6_Funeral_Funeral_6_1005
162
495 166 103 149 0.99916756 
58 85 49 60 0.48942488 
864 341 15 25 0.10853924 
874 346 16 23 0.08927203 
844 310 13 21 0.049076956 
858 3 14 20 0.042408135 
40 19 240 313 0.04113875 
1084 -10 349 333 0.039506797 
48 44 93 114 0.039341252 
849 277 11 16 0.039157066 
967 163 10 14 0.03906719 
361 96 473 666 0.038674302 
61 195 12 22 0.03616846 
999 10 15 25 0.03606461 
380 847 27 47 0.035149973 
1005 45 13 22 0.03489545 
950 382 15 27 0.034753066 
345 751 115 159 0.03469826 
878 307 16 23 0.03452562 
855 286 15 21 0.03389719 
877 234 14 22 0.032960437 
849 268 11 15 0.032594074 
927 93 8 14 0.03243017 
973 171 10 15 0.031772196 
972 187 13 24 0.03161486 
934 81 11 18 0.031220648 
-21 1408 128 145 0.031052435 
937 123 28 40 0.030956673 
877 4 14 18 0.030782554 
973 111 12 21 0.030144103 
896 151 10 18 0.029782685 
122 -6 48 43 0.029653853 
-294 5 246 290 0.028763425 
895 142 10 16 0.02871842 
859 248 11 17 0.028687194 
1003 303 14 23 0.028653014 
875 269 14 18 0.028636392 
919 94 8 14 0.028564088 
1033 202 512 751 0.028447311 
917 198 12 18 0.028347652 
964 182 12 26 0.028320082 
356 797 35 51 0.028170977 
962 151 26 40 0.028114166 
805 382 15 20 0.027711688 
353 1116 624 818 0.0276529 
981 380 13 21 0.027442556 
996 137 10 20 0.027297588 
886 103 10 15 0.027291095 
930 84 8 15 0.027257176 
908 178 10 18 0.027087552 
166 20 172 217 0.026818085 
909 105 8 12 0.026731698 
909 86 8 15 0.02653959 
990 428 15 22 0.02635525 
4 7 66 82 0.026338896 
956 178 13 23 0.026327355 
884 273 14 22 0.026174502 
848 372 27 42 0.026023205 
809 352 15 21 0.025904244 
366 816 36 58 0.025764447 
809 365 15 21 0.025722267 
964 169 11 20 0.025687385 
944 79 12 19 0.025348883 
900 739 28 39 0.025318071 
761 950 157 157 0.025249101 
854 398 18 28 0.02506983 
916 128 12 19 0.02494753 
981 206 12 21 0.024904113 
817 365 16 23 0.024850717 
984 741 531 767 0.024729112 
917 86 8 13 0.024638355 
848 251 14 20 0.02451462 
945 151 29 42 0.02444321 
847 340 13 22 0.02425721 
992 133 27 49 0.024057249 
351 830 33 58 0.024023294 
925 953 34 35 0.023975309 
395 831 12 22 0.023922099 
938 103 10 15 0.023849232 
940 408 27 45 0.023680788 
854 312 15 19 0.023618452 
47 28 30 39 0.023604292 
460 881 18 20 0.023565335 
905 113 13 20 0.023560949 
357 813 15 24 0.023394901 
913 408 15 26 0.02330463 
794 370 30 38 0.023167916 
882 242 14 21 0.023144629 
859 127 11 21 0.023138512 
936 92 10 15 0.023102231 
781 261 14 23 0.023024384 
810 257 12 15 0.022944814 
382 804 25 45 0.02291933 
377 833 12 20 0.022882983 
947 93 10 16 0.022734802 
874 84 7 12 0.02268027 
945 56 10 17 0.02264514 
838 268 12 18 0.022636121 
857 269 11 15 0.022621911 
774 311 28 43 0.022500899 
807 344 28 42 0.022471745 
0 -1 42 39 0.02242934 
396 816 11 22 0.0224252 
732 778 189 196 0.022395 
876 921 32 40 0.02233075 
885 3 17 20 0.022265052 
883 379 15 22 0.02210844 
974 63 11 17 0.022053827 
62 181 562 835 0.022048699 
770 262 13 20 0.022006009 
866 0 14 17 0.021970157 
902 347 14 26 0.021959506 
870 419 14 23 0.021920541 
451 948 18 21 0.021840837 
1001 60 23 46 0.021827046 
1010 312 10 17 0.021781428 
906 943 32 36 0.021748696 
907 142 9 14 0.021731095 
788 378 18 24 0.021726327 
423 867 11 16 0.021665063 
837 104 11 20 0.02164233 
901 93 8 14 0.021581769 
923 348 14 24 0.021540936 
924 197 13 20 0.02148158 
899 105 8 12 0.021452291 
864 26 34 48 0.021439113 
748 288 29 49 0.02140913 
793 287 9 14 0.021305053 
997 150 10 19 0.021241412 
995 6 12 19 0.021182707 
86 67 9 11 0.0211713 
850 293 13 17 0.02116587 
125 20 38 51 0.021154704 
252 595 32 49 0.021096831 
918 141 11 17 0.021056034 
864 241 13 21 0.020974055 
838 259 27 38 0.020911863 
459 1338 120 157 0.020884112 
943 102 11 15 0.02078991 
946 393 16 28 0.020784346 
963 303 15 23 0.020742925 
97 -5 36 44 0.020685814 
950 393 27 44 0.020668216 
897 355 14 25 0.020653555 
916 423 13 23 0.020643767 
838 283 13 20 0.020580482 
752 218 11 18 0.020553758 
962 16 13 17 0.020500889 
90 9 146 167 0.020481093 
174 52 40 75 0.020479046 
981 135 13 24 0.02042693 
816 379 14 21 0.02035373 
955 91 10 18 0.020322524 
917 103 9 13 0.020301612 
872 207 19 26 0.02029076 
958 163 9 14 0.020267427 
818 298 12 17 0.020257693 
383 792 155 166 0.020232283 
858 324 12 18 0.02021305 
841 123 9 15 0.02016127 
388 806 10 21 0.02015115 
876 142 9 16 0.02012996 
