6_Funeral_Funeral_6_160
42
871 250 63 91 0.99978536 
612 375 38 54 0.99964845 
899 100 58 81 0.9995346 
200 178 64 91 0.9990858 
26 222 59 111 0.99757475 
357 219 34 48 0.9970818 
781 207 53 78 0.9919863 
362 303 46 62 0.9904433 
158 214 57 94 0.9883152 
835 125 47 69 0.97919434 
718 157 37 59 0.9753945 
742 170 43 69 0.95676833 
52 80 40 87 0.8538199 
295 182 35 65 0.8395363 
275 193 44 76 0.5974462 
-14 132 68 144 0.586581 
864 212 45 66 0.3203008 
721 195 28 51 0.23817945 
994 71 45 103 0.23437373 
280 438 32 44 0.17415439 
90 194 35 63 0.15989389 
922 221 46 81 0.0902091 
240 182 53 91 0.080273084 
990 160 43 86 0.07167277 
520 404 17 23 0.060382035 
972 825 62 104 0.052315928 
304 214 19 35 0.040377844 
138 192 55 86 0.03802248 
768 174 38 55 0.03770992 
311 197 18 33 0.0358899 
398 262 12 18 0.03576993 
6 200 39 68 0.034829143 
62 192 49 84 0.027264575 
459 245 14 17 0.025001384 
305 446 19 33 0.023941357 
409 1218 15 26 0.023612443 
444 263 7 9 0.023168096 
267 445 29 45 0.021636248 
35 108 40 67 0.021436106 
581 243 8 11 0.021170288 
294 171 12 17 0.020540658 
502 330 32 36 0.020378673 
