6_Funeral_Funeral_6_109
81
353 225 25 31 0.99982506 
303 227 25 31 0.9993432 
122 215 29 41 0.9991886 
423 239 23 26 0.998782 
459 225 21 28 0.998553 
718 294 20 28 0.9983145 
588 228 21 23 0.996816 
248 220 28 34 0.99665004 
660 298 20 23 0.9965063 
388 311 27 34 0.9964568 
194 215 32 36 0.9959906 
593 301 25 29 0.9958609 
371 205 17 27 0.99455345 
302 199 22 24 0.99431556 
801 253 21 22 0.9941958 
520 233 19 23 0.99360114 
914 221 21 21 0.9920201 
646 218 19 23 0.99157083 
617 221 20 21 0.990789 
454 303 21 25 0.9897612 
487 216 18 21 0.9850819 
412 206 20 21 0.98074615 
547 220 19 21 0.9781747 
777 230 19 19 0.9767215 
271 224 22 30 0.96086884 
569 212 18 20 0.958178 
740 253 18 19 0.95756114 
880 237 18 19 0.95374817 
697 248 18 20 0.9529163 
501 231 16 23 0.9012348 
716 253 16 18 0.87994546 
572 326 21 24 0.8607871 
834 243 17 16 0.54413307 
563 239 13 13 0.43580052 
709 379 16 14 0.36451456 
490 240 18 25 0.2787272 
710 236 11 12 0.24003236 
861 259 10 13 0.19614343 
982 220 16 15 0.1197114 
331 222 19 22 0.1163726 
835 278 12 13 0.11565528 
548 656 9 12 0.090799555 
547 326 13 17 0.07887895 
628 255 15 17 0.050908074 
595 196 9 11 0.050803266 
555 230 19 19 0.050338335 
652 315 9 13 0.045228396 
158 224 21 26 0.042169545 
567 202 12 12 0.03919509 
530 184 6 10 0.03689529 
145 40 14 14 0.033444293 
548 239 12 13 0.03331823 
483 253 19 25 0.032794178 
323 120 8 9 0.030861558 
469 221 19 25 0.030809876 
991 592 12 11 0.030574529 
301 211 24 31 0.028969092 
688 245 12 16 0.028260205 
658 114 9 8 0.02817863 
337 120 8 10 0.028069206 
424 361 22 35 0.028019669 
101 502 10 13 0.027447019 
0 279 12 15 0.027145036 
917 212 12 12 0.02655858 
342 226 11 16 0.026014844 
556 657 10 13 0.025750328 
835 236 14 14 0.025349021 
226 201 14 16 0.025231246 
95 42 10 11 0.024551354 
958 562 11 9 0.024218403 
526 175 5 6 0.024109429 
987 629 15 12 0.024062755 
752 33 27 17 0.0238989 
943 229 10 11 0.02339977 
298 53 15 12 0.023347965 
750 383 13 17 0.022885453 
488 228 15 18 0.022883458 
115 652 7 7 0.02287113 
731 36 11 10 0.021353895 
585 193 5 6 0.0204044 
730 31 8 8 0.020084914 
