6_Funeral_Funeral_6_733
27
654 145 84 102 0.9996611 
134 205 80 85 0.998178 
827 123 133 168 0.99431205 
333 301 17 20 0.8635964 
300 307 13 16 0.8185491 
25 280 28 37 0.7543341 
209 289 36 44 0.54399264 
390 305 8 12 0.29359376 
315 308 11 15 0.14996861 
274 296 11 18 0.08743108 
162 171 32 29 0.072932504 
846 494 12 12 0.03758682 
265 302 10 14 0.035108615 
668 113 29 31 0.033882886 
260 308 10 15 0.030326143 
326 304 9 14 0.029792605 
246 307 10 13 0.028771695 
970 367 72 141 0.026880361 
331 293 11 13 0.025546255 
285 301 9 15 0.025116172 
277 303 13 18 0.024057215 
747 287 69 79 0.023904774 
293 303 10 15 0.023608718 
385 304 9 13 0.023341445 
37 271 31 40 0.023039196 
393 311 11 16 0.022649115 
922 412 54 107 0.02087008 
