6_Funeral_Funeral_6_909
41
806 242 100 136 0.9964535 
410 240 94 120 0.99330163 
605 72 11 23 0.06719639 
721 337 9 15 0.05681015 
995 762 498 752 0.043086104 
678 326 10 20 0.042134047 
12 514 116 225 0.039344467 
-4 697 533 694 0.03839321 
697 343 10 18 0.037436876 
703 148 99 184 0.037024796 
703 335 9 14 0.03611581 
718 341 8 15 0.03163429 
693 351 10 17 0.030509066 
1082 -4 346 321 0.029609153 
417 654 41 56 0.029232616 
704 343 9 16 0.028481256 
764 358 11 21 0.02826826 
187 989 605 916 0.027864847 
756 201 109 152 0.027623778 
785 337 18 22 0.02725613 
173 321 26 50 0.026764486 
834 47 6 11 0.026499694 
684 348 13 21 0.026275873 
692 330 26 40 0.02386633 
723 351 10 18 0.023092361 
290 566 11 21 0.022712424 
890 50 510 754 0.022398718 
684 320 8 18 0.022144575 
674 364 33 56 0.02211687 
678 338 25 39 0.022081802 
169 470 46 55 0.022070492 
154 427 35 48 0.021907642 
141 519 98 184 0.02159185 
776 175 5 9 0.021052023 
840 88 26 42 0.020876132 
468 65 8 15 0.02064193 
154 431 100 121 0.020450054 
665 327 12 24 0.020269172 
230 546 38 54 0.020263242 
751 1173 73 99 0.020229725 
384 216 12 21 0.020145921 
