6_Funeral_Funeral_6_610
113
365 404 128 88 0.97187704 
375 296 84 74 0.96885175 
633 300 60 67 0.6195881 
561 430 34 58 0.5278916 
562 418 84 123 0.20911147 
618 108 160 115 0.13929045 
378 330 106 101 0.13050672 
722 75 105 81 0.12745526 
591 -3 358 248 0.11117085 
866 18 59 51 0.10452596 
790 14 112 74 0.104142874 
-26 -169 199 196 0.089779176 
423 359 55 47 0.07011661 
916 21 86 38 0.062214594 
753 -2 217 137 0.059379887 
629 424 41 56 0.057268586 
797 48 69 53 0.050375305 
797 4 66 42 0.04384009 
932 38 34 25 0.042804196 
440 285 26 29 0.04009939 
764 -150 263 150 0.04007504 
842 16 32 34 0.039001837 
885 4 65 47 0.03893 
830 2 74 49 0.03872677 
425 284 26 34 0.03785539 
420 288 56 56 0.037685458 
578 228 184 163 0.03670755 
551 146 188 162 0.035198614 
592 161 369 389 0.03439541 
832 64 15 21 0.032999404 
831 29 30 32 0.032445855 
600 440 25 43 0.031902846 
670 309 27 39 0.031863544 
649 412 56 64 0.031453907 
816 33 31 35 0.030947145 
825 58 17 19 0.030917212 
887 14 129 87 0.0308727 
927 20 34 27 0.030308576 
738 112 32 28 0.030302739 
438 316 30 40 0.030250268 
846 40 14 18 0.030139048 
698 341 25 30 0.030044882 
626 280 22 27 0.029891064 
4 537 95 146 0.029721461 
859 28 14 18 0.029662365 
944 58 31 25 0.029168176 
556 -177 498 293 0.02903992 
609 437 5 7 0.028765053 
839 45 15 19 0.028660154 
853 34 14 18 0.028552754 
852 73 15 17 0.027390713 
580 230 24 26 0.027285183 
684 314 27 36 0.027277073 
830 -3 35 29 0.027031967 
872 109 29 29 0.026487025 
968 24 33 28 0.026096322 
780 22 55 50 0.025922887 
616 439 25 39 0.025716862 
629 431 25 27 0.025514986 
-10 260 172 230 0.02512009 
341 30 21 33 0.024949135 
938 79 23 27 0.024677528 
867 21 13 19 0.02464319 
835 53 33 35 0.024524242 
394 500 99 120 0.02430462 
514 270 35 44 0.024190608 
457 279 52 59 0.024140265 
602 406 86 99 0.02394186 
673 290 23 25 0.023710193 
866 9 14 18 0.023675745 
854 -2 30 28 0.023613604 
666 298 107 103 0.023437565 
846 85 15 17 0.023408007 
1008 33 22 22 0.023354989 
315 1 23 20 0.023283908 
376 59 55 167 0.023049254 
881 113 49 46 0.022925405 
153 29 100 108 0.02287289 
617 425 4 6 0.022842532 
70 578 130 102 0.022770757 
343 207 12 17 0.022456216 
868 35 12 17 0.022334456 
491 95 93 101 0.022327764 
860 80 14 16 0.022326728 
495 247 50 38 0.022210486 
678 326 26 43 0.022207921 
520 358 180 202 0.022094008 
955 15 36 22 0.021901842 
990 -18 24 22 0.02167533 
609 430 5 8 0.02155464 
694 394 11 16 0.021372797 
372 5 8 19 0.02125476 
827 71 15 19 0.021106359 
-18 -178 463 285 0.021103403 
617 419 4 5 0.021101383 
616 431 5 6 0.021062778 
867 132 54 54 0.020987164 
753 105 36 35 0.020924019 
846 27 15 18 0.020840881 
901 138 21 26 0.020803448 
836 78 30 31 0.020656135 
955 86 13 18 0.020605968 
954 76 28 30 0.02058977 
632 321 31 36 0.020547511 
776 178 91 91 0.020479245 
911 28 31 29 0.020447351 
973 65 14 15 0.020375833 
875 6 30 33 0.020287434 
417 325 40 36 0.02028705 
710 125 77 53 0.020228015 
-4 185 46 65 0.020215804 
623 436 5 8 0.02004784 
986 18 26 24 0.020020025 
