6_Funeral_Funeral_6_241
48
464 196 106 145 0.99865353 
849 400 58 87 0.9937431 
791 464 16 28 0.92807436 
672 864 68 108 0.13437763 
812 739 20 35 0.084119305 
889 994 35 39 0.05687449 
910 671 22 21 0.052249473 
746 1543 53 39 0.043519367 
497 8 17 17 0.039253026 
82 257 7 12 0.037763387 
264 73 5 7 0.033051535 
322 59 8 7 0.03270985 
325 56 6 7 0.030416232 
805 371 7 13 0.03029996 
313 61 7 8 0.029131845 
257 71 5 7 0.029124351 
264 65 4 6 0.028921206 
24 301 4 10 0.028512012 
255 63 4 7 0.028047856 
245 83 4 6 0.026930586 
243 40 5 6 0.02665867 
283 65 5 6 0.026163265 
255 56 4 6 0.02518647 
805 381 9 19 0.024808403 
316 55 5 6 0.024525257 
967 1557 17 21 0.024411006 
276 64 5 6 0.023798225 
253 120 7 9 0.023365868 
244 55 5 5 0.023283055 
245 74 4 5 0.02301909 
676 977 32 48 0.022155203 
392 1191 53 135 0.022106113 
1002 695 15 25 0.022048904 
501 670 53 119 0.021921758 
800 352 6 11 0.021854917 
1001 718 29 56 0.021714004 
553 58 11 18 0.021640942 
1007 715 12 25 0.021566028 
781 436 26 55 0.021483013 
63 260 5 10 0.021315243 
255 41 6 7 0.021215554 
737 817 6 10 0.021100044 
934 748 25 43 0.021085609 
527 0 14 13 0.020868957 
12 333 5 11 0.020797672 
276 71 4 7 0.020749241 
295 33 10 10 0.020428753 
74 260 5 11 0.020308241 
