32_Worker_Laborer_Worker_Laborer_32_788
20
407 184 180 230 0.99961436 
663 588 198 174 0.38689095 
481 480 324 399 0.24857852 
639 666 29 27 0.12018882 
367 332 348 389 0.06713825 
440 121 295 390 0.062181126 
248 631 348 402 0.05980109 
399 464 86 97 0.052193172 
579 385 117 117 0.040762868 
263 35 344 406 0.039831992 
657 431 336 453 0.038091164 
844 97 387 540 0.029527202 
527 290 112 122 0.026613632 
-17 720 159 307 0.026528692 
679 641 59 50 0.0234775 
625 761 26 26 0.023074687 
529 399 96 90 0.022986416 
697 592 46 43 0.02164394 
174 456 352 408 0.021538474 
566 102 101 119 0.021248363 
