32_Worker_Laborer_Worker_Laborer_32_357
23
200 182 76 97 0.99791473 
716 410 83 108 0.99262035 
787 282 73 58 0.08889086 
158 742 22 29 0.0547701 
691 840 33 24 0.042001553 
3 124 354 386 0.040500566 
1009 688 10 16 0.03952449 
8 83 7 12 0.037736923 
33 73 6 11 0.036269106 
5 90 8 15 0.034117736 
568 657 9 8 0.03232456 
542 510 32 38 0.028460981 
101 489 20 27 0.027206514 
11 80 7 12 0.026151512 
73 543 8 14 0.025358405 
25 369 33 59 0.025295759 
481 676 6 8 0.024340974 
173 -24 343 420 0.022524586 
744 371 111 132 0.022269528 
701 828 32 26 0.021253288 
705 848 35 25 0.020935105 
3 -57 134 124 0.02041317 
972 791 7 9 0.020031787 
