42_Car_Racing_Nascar_42_462
864
971 303 31 42 0.98971283 
718 336 30 34 0.8952219 
340 355 12 15 0.29920974 
230 274 11 16 0.28111154 
522 432 20 23 0.26423538 
270 377 19 27 0.25940037 
434 380 12 12 0.16692476 
541 536 115 76 0.15622398 
442 786 4 6 0.15432322 
483 419 23 32 0.15206176 
347 185 15 17 0.14578229 
1000 782 4 7 0.13691892 
278 372 11 17 0.13397071 
431 782 5 7 0.12190161 
913 562 8 8 0.1210079 
573 212 14 18 0.12066015 
228 374 13 18 0.11517209 
451 382 30 34 0.110858575 
513 433 39 38 0.087174036 
367 369 9 12 0.086844005 
215 614 33 33 0.08627249 
344 344 9 12 0.08287447 
440 367 10 12 0.08272028 
373 393 11 20 0.08220709 
168 293 5 8 0.082127206 
578 172 366 370 0.07781647 
452 413 8 12 0.07667505 
499 394 11 12 0.07504244 
441 793 6 10 0.074767604 
546 412 18 28 0.07378709 
35 256 162 197 0.07254493 
289 350 10 13 0.07186301 
633 568 7 9 0.06990324 
448 464 15 19 0.066925526 
434 782 5 8 0.06644462 
327 362 7 10 0.06524799 
318 350 9 11 0.06430073 
945 728 41 47 0.062757246 
679 384 21 28 0.062626824 
114 348 22 43 0.062396005 
271 196 14 17 0.0618908 
885 782 4 7 0.061354667 
174 233 23 30 0.060165197 
166 287 6 11 0.058939904 
149 311 6 12 0.058599934 
283 368 9 13 0.058561724 
465 396 42 47 0.056990333 
396 369 8 12 0.0561631 
731 530 6 8 0.055865 
326 358 7 9 0.055835117 
129 360 4 8 0.055833798 
258 376 21 27 0.055520616 
628 411 21 30 0.055512812 
177 245 9 12 0.054428596 
222 603 57 48 0.05437558 
606 543 66 54 0.0539455 
142 204 14 13 0.05376703 
659 401 9 12 0.0534749 
524 403 21 24 0.053277414 
591 407 12 16 0.05290032 
530 421 20 29 0.052837692 
109 229 8 14 0.052655093 
703 394 10 14 0.052568536 
896 388 10 14 0.052218374 
453 423 19 29 0.05186901 
159 300 7 12 0.05167287 
552 687 43 45 0.05162319 
836 653 21 34 0.051316068 
688 700 25 25 0.05122473 
217 197 9 10 0.051167145 
514 438 18 21 0.051054485 
286 362 19 27 0.05064976 
367 330 161 179 0.05002841 
102 249 10 19 0.049848557 
497 451 114 110 0.049543243 
459 401 74 92 0.049004816 
586 219 10 17 0.049003504 
413 775 5 8 0.048929833 
695 385 24 27 0.04868324 
118 445 11 20 0.048504718 
406 372 11 12 0.048348352 
895 399 19 29 0.047955565 
707 776 5 6 0.047875818 
928 752 48 47 0.047867093 
374 388 9 13 0.04782586 
-3 771 73 161 0.04769466 
420 250 52 49 0.047678057 
360 362 20 24 0.04657492 
128 374 7 13 0.046557773 
228 497 13 18 0.046475485 
108 228 180 175 0.046254244 
388 775 6 8 0.045981202 
102 235 34 52 0.045896895 
337 338 20 27 0.045779485 
206 278 9 13 0.04564494 
322 215 12 11 0.04548807 
691 777 4 5 0.0454078 
246 361 12 18 0.045324326 
317 307 49 55 0.044917934 
579 398 25 27 0.044905398 
164 355 8 13 0.044842593 
937 418 77 113 0.04453494 
653 392 22 28 0.044204757 
450 254 29 27 0.04412066 
791 782 4 7 0.044112008 
445 213 34 26 0.043917183 
215 227 415 386 0.043886364 
376 369 8 12 0.043847606 
304 269 53 52 0.04372537 
390 256 102 86 0.0434023 
721 548 120 107 0.043206625 
130 303 6 13 0.043136347 
-4 -102 118 111 0.042379208 
121 406 7 11 0.042377118 
763 712 21 23 0.04219421 
537 423 85 88 0.042132527 
568 215 26 35 0.041852705 
122 232 37 49 0.041494977 
42 340 11 21 0.041398976 
8 127 357 377 0.041275885 
418 440 263 219 0.041230034 
246 304 9 17 0.041144215 
601 408 22 32 0.041106604 
157 278 11 14 0.041056074 
896 788 5 7 0.040401805 
420 277 54 47 0.040236156 
454 328 6 7 0.040193807 
511 394 9 13 0.040188737 
426 370 10 12 0.040172987 
260 569 44 48 0.040142845 
600 781 6 8 0.03999736 
768 486 22 31 0.03993069 
260 362 43 47 0.039833777 
350 331 9 13 0.039632473 
281 273 93 98 0.039620083 
331 342 77 104 0.03959852 
452 243 26 23 0.039451506 
886 404 37 46 0.039262764 
109 300 6 9 0.039016064 
541 366 50 55 0.038924932 
94 367 39 71 0.038668524 
729 526 7 7 0.038634643 
420 381 9 11 0.03855288 
451 361 24 25 0.038469065 
546 406 44 40 0.038469035 
67 445 9 15 0.03817955 
540 436 10 14 0.03815425 
843 714 46 46 0.03811712 
949 397 39 67 0.038005844 
454 425 9 16 0.037955258 
330 784 27 29 0.03780708 
311 231 50 49 0.03776475 
611 458 13 18 0.03758398 
234 231 35 38 0.037479177 
411 206 60 42 0.037417207 
339 343 9 13 0.037385482 
246 187 39 41 0.03731654 
606 423 22 31 0.037298698 
189 301 4 8 0.03718201 
680 608 39 44 0.037013434 
1001 778 3 4 0.036926035 
439 369 20 27 0.036707923 
702 600 122 101 0.03638652 
975 509 24 34 0.03633658 
309 207 13 12 0.036203023 
370 381 10 12 0.036099948 
290 397 15 14 0.036015637 
61 444 11 15 0.0360085 
996 783 3 6 0.035997283 
893 394 13 22 0.03591722 
638 544 30 35 0.03578944 
449 401 19 28 0.035744414 
297 206 42 38 0.035622258 
198 230 8 10 0.035530522 
543 515 9 11 0.03544852 
159 293 7 10 0.035371058 
289 381 21 27 0.03534473 
555 470 52 52 0.035179447 
610 778 5 9 0.03508134 
283 322 20 26 0.034913376 
265 355 20 26 0.034767013 
502 387 11 14 0.03474758 
297 360 18 28 0.034714002 
220 191 10 12 0.034661304 
150 279 19 24 0.03457467 
323 350 10 11 0.03455789 
689 777 4 5 0.034548353 
245 242 12 15 0.034358893 
588 464 41 48 0.034306422 
427 273 119 116 0.034289446 
369 292 115 122 0.03423024 
658 397 8 10 0.03420218 
504 380 10 14 0.03416132 
128 387 7 13 0.03415932 
598 459 22 28 0.03414704 
1000 805 5 10 0.034082476 
690 389 11 13 0.033985853 
160 202 9 13 0.03389762 
421 787 6 8 0.033896435 
127 398 8 13 0.033775654 
822 725 87 88 0.033762023 
754 486 24 31 0.033739686 
256 197 6 8 0.033670515 
273 362 10 13 0.033657283 
542 421 11 18 0.033646747 
282 250 56 56 0.033590216 
246 256 11 14 0.0335868 
483 225 29 29 0.033486437 
655 398 5 6 0.033483114 
436 368 67 89 0.033452787 
525 417 46 42 0.033424374 
567 351 45 57 0.033380046 
590 361 24 30 0.033371337 
211 303 6 7 0.033367313 
616 426 41 49 0.033314012 
512 270 90 109 0.033303153 
269 362 8 11 0.03325168 
245 406 22 28 0.033235922 
95 243 20 33 0.033162665 
233 268 11 14 0.033117127 
154 292 7 10 0.032986253 
534 471 24 33 0.032981265 
731 329 28 34 0.03294002 
974 491 5 7 0.032907736 
636 566 4 6 0.032809693 
175 388 11 17 0.03277766 
435 307 8 8 0.03276028 
275 186 8 9 0.032684635 
444 318 22 25 0.03263948 
364 309 6 6 0.032613914 
491 417 87 87 0.032602854 
268 247 8 11 0.032480553 
281 98 37 45 0.03235629 
464 225 28 26 0.032319494 
628 358 25 33 0.032318305 
564 385 45 50 0.03221633 
344 297 24 24 0.03221171 
456 249 48 49 0.03219737 
182 235 12 13 0.032161035 
299 345 8 11 0.032160778 
636 557 5 7 0.03210577 
115 250 9 16 0.032095496 
696 597 45 50 0.032034703 
74 234 8 15 0.031956717 
502 383 20 27 0.03192741 
331 350 9 11 0.031917974 
423 300 28 25 0.03186931 
222 374 85 93 0.031827714 
252 363 21 28 0.031814307 
313 344 7 10 0.03180172 
381 369 7 12 0.031794313 
319 212 24 22 0.031746566 
629 364 43 54 0.031725507 
941 608 6 7 0.0317199 
190 336 9 12 0.031713232 
64 378 43 68 0.03168683 
896 723 56 50 0.03166542 
719 521 11 10 0.031642772 
541 209 45 52 0.031583052 
454 332 6 7 0.031582836 
293 361 8 12 0.031569775 
210 517 10 10 0.031528406 
544 413 9 14 0.031513844 
397 289 52 48 0.031509776 
597 567 32 29 0.03149782 
535 411 10 14 0.03146242 
695 394 11 13 0.031414013 
167 297 6 11 0.031368025 
425 369 19 22 0.03133622 
65 454 40 56 0.031292163 
196 622 42 41 0.031195244 
808 487 24 35 0.031080829 
434 368 10 13 0.03106008 
153 287 7 10 0.030962778 
524 339 6 7 0.030961508 
438 384 10 13 0.030942028 
281 578 18 32 0.030885702 
105 228 16 28 0.030863004 
363 388 8 12 0.030849474 
499 321 49 53 0.030847074 
702 269 12 15 0.030815572 
318 336 9 11 0.030663323 
438 420 41 56 0.030636637 
705 770 5 4 0.03058696 
467 165 48 49 0.03051036 
952 217 97 127 0.030501587 
879 755 54 61 0.030375753 
196 223 8 9 0.030309025 
241 279 7 11 0.03026031 
122 277 21 32 0.030239489 
862 678 27 23 0.030204322 
630 594 33 30 0.030193105 
356 98 45 49 0.030186662 
683 424 22 30 0.030107396 
232 629 52 54 0.030103032 
331 362 8 10 0.030087331 
255 92 47 58 0.03002557 
986 503 23 33 0.030023504 
214 200 6 7 0.029998893 
440 304 27 24 0.02999347 
279 355 19 26 0.029904064 
47 409 83 121 0.029897107 
253 349 9 13 0.029829351 
273 262 156 193 0.02980517 
117 373 19 31 0.029787822 
393 464 460 388 0.029706994 
273 424 49 51 0.029648518 
459 402 22 34 0.029563827 
311 339 42 44 0.029557884 
739 482 24 31 0.029542856 
430 227 56 46 0.029540136 
705 384 8 8 0.029521499 
596 383 41 55 0.029521193 
-11 5 85 173 0.029517753 
290 330 21 25 0.029432638 
358 308 6 7 0.029414807 
166 340 8 14 0.029410584 
857 188 39 49 0.029397732 
667 396 13 18 0.029381683 
171 439 9 10 0.02937779 
583 -9 507 376 0.029355962 
218 402 43 54 0.029218018 
372 362 18 27 0.029210802 
282 323 44 55 0.029181616 
667 693 23 27 0.02907747 
688 781 4 5 0.029048095 
100 395 20 37 0.029034851 
823 167 49 49 0.02902774 
773 643 49 51 0.029008606 
427 388 10 12 0.028982563 
243 483 23 31 0.028876321 
171 296 9 11 0.028853193 
443 361 11 15 0.028832013 
186 305 5 10 0.028731966 
603 662 53 63 0.028674094 
229 406 22 27 0.0286456 
545 493 26 28 0.028594758 
188 239 9 12 0.028570445 
255 167 44 47 0.028560849 
280 462 27 29 0.028537147 
368 236 5 9 0.028535305 
617 547 25 28 0.02852323 
672 402 18 27 0.028518282 
175 276 13 15 0.028492881 
51 323 41 59 0.028432358 
153 305 6 10 0.028369386 
663 623 47 46 0.028355716 
522 400 13 18 0.028287351 
441 426 112 132 0.028286539 
769 535 61 48 0.02824894 
468 319 102 101 0.028234016 
566 216 14 20 0.028217528 
337 336 10 11 0.02821394 
478 394 9 12 0.028187491 
542 397 26 31 0.028160911 
511 369 9 12 0.02814333 
385 39 40 50 0.028128158 
429 313 7 8 0.028106045 
235 279 9 16 0.028091071 
446 429 11 14 0.027971845 
234 296 19 30 0.027969908 
830 657 42 57 0.027916305 
81 417 42 62 0.027828177 
619 412 91 96 0.027776517 
603 444 47 55 0.027752109 
228 123 88 91 0.027749775 
283 350 8 11 0.027699927 
246 381 44 49 0.027694266 
616 575 8 9 0.027553892 
75 366 15 29 0.02753248 
235 258 11 13 0.0275013 
232 251 21 24 0.027494773 
128 312 40 68 0.027444193 
329 356 18 22 0.02742 
969 726 81 105 0.02739582 
661 406 13 18 0.02736941 
640 555 6 9 0.027366256 
701 446 99 109 0.02729645 
354 383 6 11 0.02729121 
337 276 51 49 0.027257912 
323 13 97 92 0.027253132 
561 749 23 29 0.02723184 
224 367 39 46 0.027213491 
420 388 10 12 0.027198663 
348 343 24 31 0.027177854 
602 475 52 52 0.02717385 
383 238 7 7 0.027155828 
591 220 11 15 0.027151138 
375 398 18 26 0.027149798 
83 392 9 16 0.02710581 
98 485 5 9 0.02707978 
238 365 19 29 0.026974937 
896 577 5 6 0.026948027 
557 404 14 15 0.026932085 
124 234 20 25 0.026895203 
39 372 43 59 0.02685272 
189 655 108 117 0.026836695 
396 375 18 27 0.026827779 
209 442 8 13 0.026749779 
494 375 22 24 0.026720354 
100 457 40 52 0.026719587 
542 408 9 12 0.026707739 
129 353 4 9 0.026643319 
334 399 17 28 0.026603345 
472 238 21 27 0.026592545 
277 337 21 28 0.026571259 
159 268 19 28 0.026521506 
101 260 11 19 0.026490541 
243 420 45 46 0.026471749 
532 485 50 51 0.026464583 
291 345 9 11 0.026425224 
550 428 19 28 0.026415879 
770 568 56 44 0.026404595 
360 369 36 55 0.026381623 
222 296 77 107 0.026365805 
131 296 4 7 0.026364684 
104 646 234 199 0.026347768 
253 205 20 26 0.026335137 
433 312 9 9 0.026326755 
324 368 11 15 0.026266785 
531 358 28 28 0.02626289 
107 442 19 27 0.026232978 
650 344 35 48 0.026220579 
528 416 14 20 0.026142942 
215 186 21 24 0.026140293 
476 229 10 9 0.026139954 
388 394 10 15 0.026103843 
204 198 42 46 0.026102852 
149 293 5 9 0.026093988 
518 481 7 8 0.026090065 
459 328 7 6 0.026077494 
676 373 115 113 0.02602588 
207 597 102 100 0.026011257 
110 703 102 120 0.025973976 
149 288 5 8 0.025968004 
523 219 203 207 0.02594231 
252 283 5 7 0.025941314 
-41 -119 318 308 0.025920007 
129 262 43 64 0.025909454 
344 338 8 10 0.02586572 
994 786 4 7 0.025830373 
266 280 52 66 0.025774363 
573 249 27 31 0.025762653 
445 150 45 46 0.025753416 
526 456 24 31 0.025725756 
637 404 35 43 0.025715744 
331 106 23 27 0.025699751 
147 300 6 11 0.025677066 
771 698 48 46 0.025620159 
319 781 44 62 0.025619268 
749 502 110 95 0.025609879 
272 356 9 11 0.02555693 
360 338 13 15 0.02553551 
240 274 9 10 0.02553481 
261 203 9 11 0.025520204 
451 393 13 21 0.025513414 
492 388 9 10 0.02549748 
374 228 23 23 0.025490662 
351 11 51 48 0.025488235 
520 394 13 15 0.025485484 
453 350 178 186 0.02547432 
641 563 6 8 0.025431609 
506 735 84 84 0.025429117 
134 293 5 8 0.025423992 
1004 782 4 7 0.025398457 
552 176 39 48 0.025388652 
966 496 46 63 0.025369778 
793 463 16 28 0.025339436 
220 281 21 28 0.025329735 
421 395 22 25 0.025284493 
109 807 52 46 0.02527007 
112 419 20 33 0.02525724 
903 571 5 5 0.025233453 
355 53 49 58 0.025216538 
359 187 106 86 0.02520051 
743 316 8 10 0.02517698 
256 204 7 9 0.02516754 
616 439 21 26 0.025166579 
448 217 17 15 0.025166066 
469 231 47 47 0.025158029 
265 202 14 17 0.025116023 
265 599 101 102 0.025109846 
561 429 22 24 0.025084857 
28 347 10 19 0.02508433 
293 368 9 14 0.02506124 
646 554 9 10 0.025023056 
828 532 52 46 0.024995143 
520 384 42 48 0.024970295 
284 402 24 25 0.024967054 
359 312 6 8 0.024950815 
478 97 81 97 0.024932357 
171 196 10 11 0.02491614 
126 322 8 19 0.024909765 
129 413 6 10 0.024897862 
311 347 22 25 0.02488647 
379 388 20 27 0.024850892 
432 381 35 42 0.024834003 
494 187 48 51 0.024832197 
316 286 20 23 0.024831336 
114 299 6 10 0.02481468 
260 242 8 9 0.02480395 
577 748 22 27 0.02476781 
170 202 11 15 0.024746634 
370 340 8 10 0.024745736 
708 398 9 13 0.024715384 
274 201 40 43 0.024681592 
647 396 5 7 0.024642618 
631 429 12 15 0.024629107 
301 371 20 29 0.02461414 
136 288 5 8 0.024606347 
757 503 26 29 0.02453267 
160 369 7 11 0.024523437 
364 39 76 98 0.02451953 
135 527 77 91 0.024502063 
626 523 8 8 0.024466084 
617 605 30 27 0.02444421 
994 777 4 5 0.024434527 
644 408 10 17 0.024371387 
520 181 46 55 0.024346802 
466 77 48 42 0.024341105 
671 720 22 27 0.024297025 
166 551 26 35 0.024268286 
8 701 102 87 0.024250867 
499 382 10 11 0.024243793 
204 184 183 167 0.024230294 
640 551 7 8 0.024229838 
729 640 57 52 0.024192184 
625 311 71 97 0.024191864 
501 117 45 50 0.024188932 
326 269 25 25 0.024187773 
295 200 14 15 0.024176361 
530 337 8 10 0.024174912 
272 392 43 46 0.024162598 
224 717 85 98 0.024152717 
305 325 19 23 0.02414349 
248 340 17 25 0.02412881 
411 152 44 48 0.024116375 
654 402 7 10 0.024092617 
330 292 9 12 0.024060642 
447 404 8 14 0.023987869 
570 711 45 55 0.02397035 
142 183 86 103 0.023956137 
48 474 36 49 0.023941234 
645 367 23 27 0.023924552 
689 771 3 4 0.02392344 
492 92 51 47 0.0239139 
383 201 29 20 0.023887252 
298 327 12 16 0.023850666 
238 396 22 26 0.023829482 
504 397 41 50 0.023820806 
255 242 9 11 0.023762336 
320 396 21 31 0.023762258 
245 345 42 53 0.023732865 
708 778 6 8 0.023649659 
133 311 5 11 0.023603009 
294 342 19 26 0.023595175 
703 690 46 43 0.023590723 
219 400 21 25 0.023577593 
472 216 32 27 0.023537196 
347 347 10 15 0.02352681 
509 387 10 14 0.02349967 
828 786 6 7 0.02349806 
901 27 54 51 0.023497293 
554 756 53 54 0.0234903 
287 338 8 11 0.023466963 
250 442 22 28 0.02343369 
176 206 11 13 0.02340316 
678 633 81 90 0.02340107 
911 571 5 5 0.023375424 
104 305 6 9 0.02337329 
693 270 36 46 0.023363987 
468 222 15 12 0.023340676 
483 402 9 11 0.023331128 
719 709 108 100 0.023327911 
459 403 11 17 0.023315942 
324 67 86 91 0.02331211 
170 565 44 50 0.023280038 
218 256 37 42 0.023268256 
665 692 91 92 0.023231583 
113 455 11 14 0.02318893 
82 371 15 28 0.023180874 
494 754 50 50 0.023172112 
535 45 57 49 0.023162223 
110 295 6 8 0.023151567 
187 241 89 105 0.023144418 
430 777 5 6 0.023140822 
277 189 9 11 0.023131916 
284 377 11 16 0.02312774 
878 584 108 101 0.023122344 
295 453 25 30 0.023114845 
68 221 71 110 0.023113403 
144 211 43 49 0.023092277 
888 675 101 90 0.023082178 
231 457 40 46 0.023065258 
124 498 11 16 0.023043802 
707 390 10 12 0.023019204 
141 304 6 11 0.023017773 
785 736 54 53 0.023010032 
548 408 13 16 0.022943484 
861 698 47 51 0.022935739 
248 316 42 56 0.02293318 
623 635 51 64 0.02292803 
535 334 9 12 0.022923214 
193 298 7 11 0.02291629 
134 278 18 28 0.022900796 
295 202 22 24 0.022892745 
825 691 42 55 0.022892298 
448 116 38 42 0.022882199 
118 316 16 32 0.022877669 
650 424 44 52 0.022876468 
371 445 29 32 0.022869855 
168 261 20 28 0.022833278 
474 247 7 9 0.022830617 
183 246 9 12 0.022821324 
708 658 96 100 0.022810021 
116 331 17 39 0.022785494 
120 341 9 19 0.022781102 
558 309 81 109 0.022769881 
567 459 27 29 0.022749381 
269 752 30 29 0.022735909 
645 677 40 48 0.022715906 
106 277 21 30 0.022712432 
169 415 20 28 0.022712054 
910 577 5 6 0.022702165 
168 433 20 24 0.02268103 
424 48 58 58 0.022660121 
580 758 10 12 0.022622488 
690 397 11 16 0.022603707 
119 425 11 16 0.022571383 
179 388 37 48 0.022569995 
999 789 23 31 0.022557342 
1003 785 5 8 0.022554014 
732 125 49 44 0.02254375 
899 571 4 5 0.022534234 
384 367 18 25 0.022518352 
584 420 14 18 0.022499783 
655 775 4 7 0.022428876 
435 99 40 40 0.022385236 
231 146 42 47 0.022360723 
97 479 6 9 0.022350512 
627 520 8 7 0.022304792 
174 377 13 19 0.0222807 
164 371 19 30 0.022275262 
232 381 13 19 0.02226397 
282 195 21 24 0.022259615 
311 403 39 54 0.02225562 
965 622 8 8 0.022254337 
331 342 10 12 0.022254094 
202 490 105 90 0.022249518 
676 415 18 28 0.022230718 
131 394 8 13 0.022225143 
827 565 49 44 0.022205329 
262 410 25 26 0.022201024 
317 204 10 10 0.02215716 
313 355 8 12 0.022132734 
297 294 25 27 0.022099936 
360 381 18 27 0.022092871 
649 393 4 5 0.022085555 
356 382 8 13 0.022078233 
348 355 10 13 0.022069424 
251 273 6 9 0.022045108 
479 254 8 9 0.022044554 
143 286 18 27 0.022036627 
881 783 3 4 0.022008575 
550 443 8 11 0.022005964 
559 422 15 19 0.021937838 
180 293 78 103 0.021920552 
283 449 27 26 0.021872342 
220 206 22 24 0.021870727 
689 736 53 56 0.02186784 
885 778 3 5 0.0218092 
429 352 22 27 0.021797678 
953 506 7 9 0.021794638 
548 441 20 30 0.021772366 
700 544 11 15 0.021768343 
36 388 440 335 0.021757863 
265 190 12 12 0.021751074 
257 208 7 11 0.021715485 
405 96 47 48 0.021707574 
942 584 10 12 0.021699665 
123 396 6 10 0.021695202 
717 280 44 48 0.021692045 
462 260 15 16 0.021687815 
260 180 24 23 0.021662759 
863 20 52 49 0.021603482 
301 99 27 31 0.021597797 
911 772 49 54 0.021578932 
357 111 22 27 0.021569688 
628 565 5 5 0.02156844 
126 408 7 10 0.021558769 
91 320 43 73 0.02155313 
774 473 38 43 0.021538293 
259 616 25 28 0.021534406 
589 577 92 113 0.021529032 
390 130 45 48 0.021522582 
878 194 25 29 0.021509403 
151 315 6 12 0.021483412 
804 551 56 43 0.02147173 
653 462 36 45 0.021458395 
614 494 56 55 0.021436121 
123 387 7 12 0.021432621 
329 789 11 13 0.02142973 
332 179 34 36 0.021426825 
986 573 7 9 0.021418354 
185 221 23 29 0.021416375 
828 785 4 4 0.021407641 
919 163 56 45 0.021406416 
734 311 22 27 0.021401322 
261 397 13 15 0.021375937 
225 179 19 25 0.021364093 
419 786 5 8 0.021360165 
405 482 108 123 0.021339307 
367 33 28 32 0.021332093 
901 584 6 6 0.021317186 
122 371 8 16 0.02130915 
980 526 24 33 0.02130891 
615 139 45 41 0.021304624 
695 430 23 29 0.021286631 
327 139 46 51 0.021286312 
211 294 20 26 0.021270031 
657 372 37 43 0.021251665 
345 110 22 27 0.02125134 
946 159 118 117 0.021239936 
249 267 9 11 0.021238461 
704 345 31 34 0.021232048 
313 664 44 47 0.021224461 
655 380 4 5 0.021210672 
287 628 24 27 0.021210594 
262 128 25 30 0.021209784 
312 330 20 24 0.02120916 
267 315 24 30 0.021198858 
533 484 14 18 0.021193346 
280 220 49 54 0.02119117 
182 203 11 12 0.021177266 
693 383 44 52 0.0211607 
314 104 28 27 0.021158094 
771 171 49 50 0.02114359 
262 236 19 25 0.021140082 
990 550 22 30 0.021125102 
372 308 6 6 0.021109302 
644 560 9 10 0.021082332 
138 306 16 30 0.021078646 
142 312 5 9 0.021072729 
804 416 20 33 0.021061769 
794 659 45 56 0.021046601 
91 286 21 28 0.02103441 
509 153 48 50 0.021026311 
882 190 42 48 0.021003293 
394 203 13 10 0.020987283 
269 589 45 50 0.020982804 
439 311 10 10 0.020973189 
385 409 19 26 0.020962715 
345 324 19 28 0.02095111 
482 63 50 42 0.02091802 
212 176 84 90 0.02090687 
155 242 5 8 0.020894984 
906 404 41 53 0.020876 
575 396 73 83 0.020873185 
131 289 4 6 0.020872723 
366 148 48 50 0.020865401 
129 396 42 63 0.020864805 
106 466 9 13 0.020864783 
596 409 12 17 0.020852469 
598 337 42 58 0.020848291 
519 384 86 82 0.020838914 
510 465 24 28 0.02081819 
259 468 47 50 0.02081601 
438 792 5 10 0.020812245 
791 494 46 53 0.020785468 
197 184 24 28 0.020768564 
342 178 14 17 0.020763608 
676 486 42 47 0.020761918 
319 211 8 8 0.020758506 
519 347 4 6 0.020755334 
725 525 20 21 0.020751206 
569 209 11 15 0.020742837 
415 790 50 57 0.020717809 
376 778 102 93 0.020717252 
581 408 12 13 0.020716228 
446 292 28 28 0.02070794 
695 746 25 25 0.020698138 
663 377 389 362 0.020683669 
656 264 192 167 0.020680476 
780 495 25 27 0.020671625 
968 513 10 12 0.020670455 
602 738 19 26 0.02065602 
414 307 51 51 0.02065301 
259 156 26 28 0.020639267 
116 403 5 9 0.02063679 
413 409 43 64 0.020632803 
743 500 23 28 0.020627273 
536 445 22 29 0.020614048 
115 407 6 10 0.020606713 
735 351 41 45 0.020605737 
191 295 17 26 0.020596858 
450 380 15 17 0.02059156 
123 293 16 29 0.020571766 
939 777 43 53 0.020564897 
477 236 10 11 0.020561915 
989 783 3 5 0.02054172 
631 557 24 29 0.020534845 
724 530 8 9 0.020517807 
248 238 8 8 0.02051543 
577 204 12 16 0.020512545 
749 548 58 48 0.020507311 
692 771 3 4 0.020505749 
379 220 28 21 0.020498857 
254 222 24 27 0.020492477 
36 591 108 115 0.020484269 
212 179 42 44 0.020479446 
279 121 41 50 0.020469196 
330 196 41 45 0.02046732 
262 196 10 10 0.020450676 
307 345 7 10 0.020410622 
422 791 6 10 0.020409966 
441 202 18 13 0.02040924 
156 300 6 10 0.020405987 
711 524 6 7 0.020404987 
791 377 19 33 0.020373425 
465 377 30 27 0.02037133 
729 522 6 6 0.020360524 
396 230 57 57 0.020339346 
423 206 35 21 0.020332867 
206 305 6 9 0.020332059 
727 708 29 25 0.020317217 
820 713 22 29 0.02031184 
449 327 7 8 0.020298986 
1005 504 18 34 0.020278199 
526 489 21 26 0.020272734 
532 461 12 16 0.02026971 
613 744 9 13 0.020267023 
436 185 54 43 0.020255987 
248 270 18 28 0.020252477 
201 640 44 48 0.020246072 
305 195 23 23 0.020244194 
98 457 10 15 0.020232106 
687 706 42 45 0.020230908 
241 481 11 14 0.020229772 
181 297 16 26 0.020221688 
890 582 5 7 0.020217914 
539 510 20 22 0.020204961 
676 256 83 102 0.020191535 
682 782 3 5 0.020189445 
975 597 18 27 0.020182608 
414 394 12 16 0.020154424 
398 60 21 34 0.020152558 
901 451 21 25 0.020142147 
714 396 7 10 0.020141974 
292 380 39 45 0.020135345 
274 136 24 28 0.020130653 
215 305 8 10 0.020112308 
363 365 10 11 0.02010027 
138 311 77 110 0.02009168 
700 769 5 5 0.020081982 
163 272 10 16 0.020079972 
562 493 25 27 0.020066988 
120 204 41 49 0.020063013 
173 367 84 104 0.020059139 
554 783 9 11 0.02005467 
278 633 47 53 0.020047331 
941 604 5 6 0.020043174 
479 113 44 45 0.020042561 
421 333 22 26 0.020031312 
46 717 51 42 0.02001972 
