42_Car_Racing_Car_Racing_42_906
45
499 80 25 35 0.9995443 
237 82 26 36 0.99951077 
651 78 25 33 0.99927276 
566 74 26 33 0.9991615 
707 73 22 31 0.99914575 
755 80 26 37 0.99907255 
586 106 27 35 0.99879885 
418 93 25 34 0.9986071 
294 100 28 37 0.9979006 
331 114 26 32 0.9978528 
392 146 24 30 0.9976169 
840 106 29 40 0.99563783 
193 103 31 42 0.9949844 
538 236 11 17 0.10364497 
637 285 7 11 0.078899264 
148 126 23 30 0.06240678 
296 304 5 8 0.045827165 
769 75 20 31 0.044199962 
462 241 21 24 0.039051373 
363 135 25 24 0.03876309 
297 302 5 6 0.036027133 
304 90 22 31 0.03574287 
668 271 9 15 0.033155367 
861 344 4 6 0.02975299 
489 85 20 29 0.028880082 
636 279 6 11 0.02855335 
861 340 3 6 0.028357837 
130 95 7 7 0.028103454 
364 275 6 7 0.027690634 
1003 237 25 26 0.026477462 
48 106 3 3 0.02617547 
556 260 11 13 0.025982315 
224 107 9 14 0.025404753 
689 238 18 24 0.025099983 
860 326 3 5 0.025018543 
48 130 12 10 0.02488925 
860 333 3 5 0.02317782 
41 106 3 2 0.02183332 
796 110 42 47 0.021573916 
132 92 13 11 0.02149026 
634 291 7 11 0.021109924 
206 312 4 7 0.020810196 
42 111 2 2 0.020426959 
398 320 4 6 0.020271026 
89 147 6 5 0.020043643 
