42_Car_Racing_Nascar_42_922
335
250 192 49 70 0.9996668 
532 63 91 110 0.99955314 
349 115 85 100 0.9992543 
19 193 9 11 0.3737841 
148 147 5 6 0.36316463 
110 187 7 7 0.3410616 
988 254 16 17 0.3226761 
855 153 42 73 0.29057613 
173 179 7 8 0.24386173 
154 157 5 6 0.24374267 
153 170 7 7 0.23986526 
136 150 6 6 0.20620243 
77 136 6 6 0.20607468 
152 236 7 9 0.20337506 
156 220 5 8 0.19231175 
120 160 7 8 0.19013457 
72 155 6 6 0.18758601 
706 341 15 18 0.16572735 
140 148 6 7 0.15900671 
58 163 6 6 0.1383503 
94 194 10 9 0.13740742 
98 137 6 6 0.13178845 
145 217 6 8 0.12877724 
170 222 10 14 0.123647355 
167 156 4 5 0.12254483 
109 143 7 7 0.12209149 
161 156 5 5 0.120581806 
135 215 6 6 0.1144358 
110 129 5 6 0.11411955 
147 215 6 6 0.10972967 
76 123 6 6 0.10306992 
117 132 5 5 0.10261626 
98 197 9 8 0.10124659 
75 181 8 8 0.098921284 
82 135 6 6 0.0985331 
141 181 6 6 0.09852576 
853 169 86 94 0.09763373 
141 163 5 6 0.09497992 
458 613 78 108 0.094441585 
129 187 5 6 0.094313756 
4 185 7 10 0.09306658 
93 150 5 5 0.09210145 
116 204 7 9 0.087460116 
95 168 8 7 0.08706963 
81 185 9 8 0.08698126 
17 228 11 13 0.086829394 
114 143 6 7 0.08526123 
127 137 6 6 0.082993664 
5 173 6 7 0.08044714 
134 218 6 6 0.07652735 
115 147 7 8 0.07606824 
168 163 5 5 0.075204976 
7 168 6 7 0.074949004 
113 174 6 7 0.07484714 
116 136 5 5 0.07473181 
50 205 7 9 0.07395926 
77 119 5 5 0.07351866 
31 210 9 10 0.073365405 
102 188 7 6 0.07290626 
90 157 6 6 0.07135193 
2 149 5 8 0.070963725 
89 161 6 6 0.07056122 
141 177 5 6 0.06743076 
86 158 5 5 0.066316605 
56 191 7 8 0.06491115 
101 167 6 7 0.064619355 
135 154 5 6 0.06456721 
154 160 5 6 0.06449871 
109 163 5 6 0.06437022 
65 136 6 5 0.06434186 
67 156 5 5 0.062295016 
135 144 5 6 0.061238416 
43 201 7 9 0.06108882 
95 234 21 30 0.06087962 
187 167 7 10 0.060294833 
151 158 4 5 0.060126707 
102 142 5 7 0.05976244 
77 132 6 5 0.059112128 
63 191 6 8 0.05853043 
142 138 4 5 0.058218207 
122 182 5 6 0.057838485 
40 239 15 16 0.05705825 
108 146 8 9 0.056890734 
155 214 4 6 0.056689184 
54 144 5 4 0.05661023 
160 224 6 8 0.05659895 
39 149 5 6 0.056007385 
167 152 4 5 0.055282652 
21 162 5 5 0.054881413 
95 174 9 8 0.054325238 
181 174 6 8 0.054132953 
129 202 5 6 0.053791597 
98 131 5 5 0.05341186 
128 206 6 7 0.05330266 
70 191 7 8 0.05317144 
169 208 5 5 0.052266777 
91 145 5 5 0.05184601 
145 188 7 8 0.05182182 
161 213 5 6 0.051794194 
65 132 6 5 0.0517485 
40 200 6 7 0.051193614 
18 175 6 7 0.0510224 
162 152 4 4 0.05089952 
143 202 5 6 0.0505776 
141 144 5 6 0.050037 
109 127 5 4 0.050005984 
52 188 6 7 0.049778163 
21 158 5 5 0.049516935 
11 168 6 6 0.049390085 
46 143 5 4 0.049056616 
71 151 5 6 0.04860756 
53 124 5 5 0.048518937 
165 222 18 24 0.048424937 
142 215 5 6 0.04820658 
120 200 7 8 0.047816604 
122 226 7 10 0.047808688 
58 145 5 5 0.047561966 
154 149 5 5 0.047030527 
694 312 10 15 0.046950955 
45 187 6 7 0.046775363 
142 167 5 6 0.04670143 
130 215 5 7 0.046401836 
117 157 5 5 0.046392772 
64 145 5 5 0.045975532 
111 235 9 12 0.045871988 
70 132 5 5 0.045635596 
39 196 5 6 0.04519178 
115 194 6 6 0.044870276 
95 155 6 6 0.044857282 
33 136 5 5 0.04468988 
1017 255 8 11 0.044612795 
110 169 6 6 0.044113766 
53 192 7 8 0.044059355 
65 149 5 6 0.043578006 
169 221 6 8 0.043442756 
120 165 7 8 0.042865407 
59 136 5 5 0.04273523 
83 144 5 5 0.042698413 
94 163 7 6 0.042694986 
74 185 10 10 0.042529814 
158 169 7 8 0.042428154 
71 136 5 5 0.042205404 
158 174 7 8 0.04212073 
148 234 7 8 0.04157309 
39 145 5 5 0.041543044 
78 143 5 5 0.04015319 
148 161 5 5 0.040006943 
125 239 12 14 0.039933365 
136 176 4 5 0.039611112 
126 227 6 8 0.039571896 
128 231 7 9 0.0393691 
41 125 4 4 0.03932045 
914 109 29 28 0.039260413 
161 231 7 10 0.039164618 
33 133 5 4 0.039079905 
35 118 5 5 0.03894611 
116 170 5 6 0.038487345 
74 124 4 5 0.038050506 
134 201 6 7 0.03795659 
123 188 5 5 0.037733477 
136 137 5 5 0.03749321 
122 195 5 5 0.037331156 
32 164 5 6 0.03727809 
71 145 5 5 0.037163444 
123 132 4 6 0.03700812 
129 174 4 6 0.03616801 
9 138 5 6 0.036158588 
27 168 5 6 0.036003824 
180 168 7 9 0.035879243 
39 119 4 4 0.035831474 
98 142 5 6 0.035594482 
104 164 5 5 0.03550096 
129 141 5 5 0.035266317 
95 189 8 6 0.03523362 
83 132 5 6 0.035084188 
40 204 7 9 0.03502017 
110 200 6 7 0.035013076 
77 162 5 6 0.03493028 
62 180 7 8 0.034866843 
135 188 4 6 0.034863796 
143 192 6 7 0.034814745 
173 207 4 6 0.034811303 
138 181 4 6 0.034598302 
27 163 5 6 0.03458227 
130 156 5 5 0.034448855 
91 137 5 5 0.03437165 
24 137 6 6 0.034192093 
168 167 5 6 0.03416645 
827 165 36 50 0.034166407 
155 186 6 7 0.03408784 
19 137 7 7 0.034086622 
12 163 5 6 0.034060318 
91 169 6 5 0.03403915 
108 191 7 8 0.03402167 
53 137 5 4 0.03391087 
963 235 15 14 0.033421427 
63 162 5 6 0.033335865 
90 180 6 7 0.03321129 
14 175 6 6 0.033172358 
150 169 5 6 0.03304488 
168 212 5 6 0.032897048 
105 131 4 5 0.032838184 
1 169 4 7 0.03280523 
25 156 5 6 0.032716975 
163 227 10 14 0.03266719 
179 199 7 7 0.032632817 
59 206 7 8 0.03262395 
121 175 6 7 0.032511786 
103 148 6 6 0.032502186 
141 156 5 5 0.03245201 
117 183 5 6 0.0324103 
72 162 6 5 0.032391313 
7 149 5 6 0.032360394 
91 176 7 7 0.03231059 
9 143 5 6 0.03198591 
185 182 6 6 0.03167836 
46 126 4 4 0.031666253 
176 201 4 5 0.031646308 
34 143 4 5 0.031532872 
48 119 3 4 0.03140306 
33 111 5 5 0.031285964 
1 136 4 7 0.031279538 
146 182 5 7 0.030878494 
128 133 5 5 0.03076351 
121 149 6 6 0.03066994 
59 133 5 4 0.030664207 
148 224 5 7 0.030615361 
10 233 11 13 0.030318798 
14 213 7 9 0.030219087 
153 144 5 7 0.030041251 
85 150 4 4 0.029942647 
53 164 5 5 0.029742667 
21 131 6 5 0.029736627 
154 181 7 8 0.02971283 
39 169 6 6 0.02966129 
104 157 5 5 0.02955918 
124 223 5 5 0.029179426 
59 149 5 5 0.029031284 
46 131 5 5 0.028982744 
99 127 4 4 0.028907448 
73 120 4 4 0.028884036 
46 151 5 6 0.028659878 
32 168 6 5 0.028657008 
8 164 5 5 0.028531212 
184 171 7 9 0.028481571 
58 157 6 6 0.02847724 
46 139 5 4 0.028472362 
87 187 8 7 0.028464332 
141 226 5 6 0.028308487 
23 186 9 10 0.028308276 
14 158 4 4 0.028304977 
160 162 5 6 0.028264388 
40 131 5 4 0.028197981 
53 121 4 3 0.028139604 
57 125 5 5 0.027960204 
51 175 5 6 0.027658667 
130 151 5 5 0.027649483 
77 151 5 5 0.027626134 
111 138 5 5 0.027467558 
21 170 5 5 0.027341723 
80 191 10 10 0.027221292 
32 105 5 6 0.027214557 
188 189 5 6 0.026696377 
109 157 5 5 0.026650023 
45 193 6 7 0.026586093 
481 636 24 35 0.026483668 
59 175 5 6 0.026333943 
172 162 6 6 0.026161697 
101 181 7 6 0.026062211 
7 128 5 7 0.025731795 
58 202 6 7 0.025548164 
17 216 8 9 0.025517788 
14 181 6 6 0.02551689 
77 202 7 7 0.025465336 
83 175 7 6 0.025459187 
0 217 5 9 0.025334703 
35 126 4 4 0.025314834 
51 155 6 5 0.025207533 
94 179 8 7 0.025166234 
78 169 6 6 0.025082394 
102 226 21 27 0.025018543 
129 193 4 5 0.025000183 
135 193 5 6 0.024804411 
92 132 4 4 0.024590421 
13 129 6 7 0.024504846 
174 225 10 14 0.024317347 
141 206 5 6 0.023993008 
32 195 6 7 0.023990013 
122 142 6 6 0.023986207 
45 182 6 6 0.02375317 
7 156 5 6 0.023725597 
147 207 5 6 0.023651157 
14 193 8 10 0.023569854 
117 127 4 4 0.023565825 
1 163 4 6 0.023515841 
150 175 4 6 0.02351366 
20 151 5 5 0.023500517 
179 162 8 9 0.02332109 
62 175 7 7 0.023299295 
173 213 6 7 0.023110399 
917 237 33 29 0.023053791 
488 647 6 10 0.022925137 
13 137 6 7 0.022844905 
128 169 5 7 0.022764295 
52 169 5 5 0.022639673 
84 169 6 6 0.022565462 
1 183 6 10 0.022559447 
135 169 5 6 0.022464907 
59 167 5 6 0.022386389 
91 198 8 7 0.022377104 
173 168 18 20 0.022227932 
695 337 18 26 0.022193043 
2 132 3 6 0.022168564 
30 187 7 8 0.021987688 
174 196 6 5 0.021928528 
89 191 20 16 0.021903638 
110 206 6 7 0.021738922 
25 182 7 8 0.021633906 
25 175 7 7 0.02152485 
52 132 5 5 0.021426782 
114 225 10 13 0.02139129 
38 164 6 6 0.021287313 
135 207 6 6 0.021240937 
681 329 11 12 0.021172142 
136 227 5 5 0.021053862 
46 169 5 5 0.020979227 
76 176 7 6 0.020909404 
174 168 5 7 0.020777183 
160 209 5 6 0.020675214 
79 205 10 9 0.020539355 
52 150 4 5 0.020444505 
46 175 5 6 0.020377938 
150 227 16 20 0.020094272 
39 138 4 4 0.02007748 
143 234 4 5 0.020041151 
