57_Angler_peoplefishing_57_559
167
460 18 30 41 0.9920089 
431 168 16 15 0.20715395 
-62 -307 591 282 0.08444975 
80 296 4 4 0.07810804 
61 289 3 4 0.07408051 
467 173 14 13 0.07360149 
-21 -286 191 171 0.0703624 
48 306 8 10 0.061107557 
409 174 10 12 0.05288976 
544 369 30 20 0.049089763 
624 -303 589 276 0.048120674 
260 -302 618 288 0.045498807 
657 345 102 38 0.042924378 
82 295 5 4 0.041314304 
134 313 6 4 0.038965713 
79 290 5 4 0.03737589 
450 148 25 22 0.036744144 
537 359 28 19 0.03614911 
64 289 3 4 0.036116213 
77 300 6 6 0.035720877 
84 302 5 4 0.034188397 
515 345 25 18 0.03406711 
732 347 35 29 0.033699434 
52 296 3 4 0.032717764 
72 296 4 4 0.032548234 
87 319 11 10 0.0325282 
730 352 5 4 0.032319658 
743 352 6 4 0.03182566 
130 314 5 4 0.031722017 
718 340 32 25 0.031581152 
72 301 5 5 0.031573597 
519 370 31 18 0.031240854 
725 360 14 11 0.031029707 
543 345 8 6 0.029879726 
83 306 6 6 0.029807232 
724 352 7 4 0.029648993 
91 296 5 4 0.029462095 
204 358 31 16 0.02939765 
114 328 8 4 0.028996123 
535 344 24 20 0.028879449 
529 332 11 6 0.02886222 
122 315 6 4 0.028440967 
90 307 6 5 0.028268745 
704 350 38 26 0.028254908 
89 312 9 7 0.027862778 
737 351 6 5 0.027637606 
745 349 3 3 0.027178572 
66 296 4 3 0.026831785 
207 363 15 8 0.0267905 
563 346 8 5 0.026736232 
757 349 4 3 0.026729904 
775 333 16 13 0.026694356 
90 303 5 3 0.026654901 
728 374 29 23 0.026576426 
384 339 31 20 0.026548248 
408 352 8 7 0.02606611 
766 364 30 22 0.025888903 
84 290 5 4 0.025796402 
62 319 7 7 0.025721353 
129 310 6 4 0.025710177 
732 349 4 3 0.025439896 
537 352 8 6 0.025393749 
69 320 6 6 0.02536407 
61 284 2 3 0.025279576 
688 334 28 19 0.025124323 
740 320 28 22 0.025106898 
48 297 3 3 0.025062256 
726 349 4 3 0.025007378 
96 307 8 5 0.024974946 
84 313 5 6 0.024963945 
764 341 30 27 0.02495944 
547 351 27 19 0.0249522 
656 415 445 484 0.024829568 
79 327 167 77 0.024498736 
537 345 8 6 0.024489777 
61 327 3 4 0.024471264 
410 348 6 4 0.024417248 
64 326 5 5 0.024404867 
535 364 10 6 0.02438 
529 377 34 19 0.024232166 
454 416 7 5 0.024161518 
731 328 30 26 0.024134316 
50 300 5 6 0.024065955 
755 351 6 5 0.024031851 
751 352 6 5 0.023881169 
-2 251 25 25 0.02381561 
837 337 53 34 0.023797138 
449 429 6 4 0.023751952 
543 351 8 7 0.023710921 
72 305 5 6 0.023657124 
116 301 6 5 0.02357296 
442 423 6 4 0.023561059 
571 347 6 5 0.023545017 
738 349 4 3 0.023433983 
78 304 7 8 0.023342667 
449 424 5 4 0.023325702 
569 327 8 5 0.023289066 
61 295 3 4 0.023276575 
557 346 7 5 0.023167176 
68 301 4 4 0.023128485 
523 332 9 6 0.02307808 
115 322 7 4 0.022956442 
542 332 10 6 0.022867316 
530 338 9 6 0.022855802 
449 418 6 4 0.022754103 
548 384 30 18 0.022752073 
97 296 6 4 0.022708869 
122 322 6 3 0.022696013 
421 90 25 34 0.022691328 
550 326 7 5 0.02259649 
178 -184 553 449 0.02248547 
85 319 7 7 0.022372102 
543 326 8 6 0.022362102 
454 429 6 4 0.022357736 
467 429 6 4 0.022354702 
543 338 8 6 0.022353206 
705 335 29 21 0.022351075 
752 349 4 3 0.022307582 
116 315 7 4 0.022290234 
206 368 14 7 0.022164859 
109 326 9 5 0.022120226 
508 363 30 14 0.02197468 
768 320 25 20 0.021899104 
774 324 10 7 0.021877293 
523 333 24 18 0.021791507 
97 302 6 4 0.02176067 
141 321 8 4 0.021721916 
108 321 9 5 0.021691468 
129 337 35 18 0.021661755 
550 345 7 6 0.021579854 
563 339 9 5 0.021527085 
725 367 14 12 0.021472998 
100 312 11 7 0.021457601 
107 313 9 6 0.021429555 
91 318 77 37 0.021427441 
582 351 9 7 0.021422392 
717 352 7 4 0.02141623 
100 307 10 6 0.021412758 
461 429 6 4 0.021409778 
147 314 9 5 0.021397635 
530 346 8 6 0.021343345 
563 353 8 5 0.021289805 
129 322 6 4 0.021250287 
459 357 142 69 0.021164462 
436 423 6 4 0.021133663 
754 371 8 7 0.021121444 
528 364 11 7 0.021019347 
549 333 9 5 0.02090702 
727 354 11 8 0.02065708 
577 353 6 5 0.020613348 
223 391 9 5 0.02054064 
564 326 8 5 0.020438375 
457 162 25 24 0.020416873 
557 352 7 6 0.020408783 
141 314 7 4 0.020353477 
123 309 5 4 0.020325867 
58 314 6 6 0.020322962 
531 352 7 6 0.020318253 
441 409 8 5 0.020257194 
125 405 464 495 0.020233128 
556 339 8 5 0.02015982 
523 339 8 6 0.020156972 
454 424 6 4 0.020139653 
438 418 27 19 0.020108227 
461 416 6 4 0.0200363 
502 347 26 18 0.020015877 
883 389 30 19 0.020004904 
