57_Angler_peoplefishing_57_250
34
750 100 109 121 0.99938285 
687 667 55 61 0.0926057 
661 645 200 140 0.08530085 
672 373 196 172 0.07121969 
-23 -127 185 160 0.049856033 
619 300 99 77 0.049205057 
802 687 55 52 0.046335727 
772 673 36 31 0.043117892 
10 681 211 251 0.041323837 
804 64 33 34 0.035780795 
655 324 33 38 0.031142643 
644 338 51 63 0.028176429 
694 214 341 362 0.0269849 
817 732 27 32 0.025329052 
646 303 30 25 0.02519778 
577 573 372 263 0.0250963 
706 665 27 39 0.024270747 
668 346 14 18 0.024250517 
662 339 15 20 0.024193896 
836 655 27 34 0.023642978 
851 -145 271 152 0.02330292 
769 677 63 50 0.023278467 
676 352 13 18 0.023258617 
655 331 16 23 0.022988668 
786 62 36 28 0.022793509 
812 751 29 30 0.022699758 
655 343 16 21 0.022614766 
674 326 15 16 0.022390904 
708 590 450 366 0.022000162 
818 711 33 34 0.020732423 
659 312 36 26 0.020395126 
633 316 30 34 0.020366773 
676 338 13 17 0.02035318 
777 691 27 31 0.020235896 
