57_Angler_peoplefishing_57_870
65
564 511 93 102 0.9892291 
635 602 33 45 0.5033262 
469 723 106 128 0.1065758 
469 809 32 61 0.10143157 
623 671 51 77 0.062444873 
515 803 137 162 0.060622998 
477 729 14 15 0.056896005 
491 755 14 18 0.05561821 
716 30 254 227 0.05474769 
485 747 15 18 0.052647963 
994 12 242 285 0.043116745 
396 549 419 461 0.04037387 
510 750 13 14 0.038612608 
483 739 15 17 0.038408358 
778 828 9 12 0.037547484 
501 743 30 32 0.03642689 
467 759 233 348 0.035796937 
493 85 467 584 0.0336205 
519 750 9 12 0.03321004 
491 740 13 15 0.031247852 
984 822 4 6 0.030116126 
514 757 30 47 0.029955426 
-192 10 202 247 0.029276742 
504 1033 135 158 0.029204305 
475 736 15 18 0.02749381 
-106 -66 495 590 0.027317408 
509 742 14 13 0.026190596 
766 -90 441 560 0.025289927 
442 759 31 29 0.024737107 
967 245 453 618 0.024630181 
998 556 94 179 0.024609242 
464 753 7 7 0.024428375 
582 658 108 141 0.024211148 
561 234 105 133 0.023844162 
457 767 12 10 0.023708405 
-22 4 163 149 0.0236278 
448 755 5 5 0.023320187 
495 771 35 49 0.023282165 
44 153 132 152 0.023270885 
462 761 8 7 0.023248278 
500 756 16 18 0.023223137 
215 410 6 7 0.023168698 
468 784 10 14 0.023141604 
475 1177 127 135 0.022923758 
491 728 35 28 0.022829331 
469 775 10 14 0.022394994 
451 762 9 7 0.022356618 
456 747 5 5 0.022334604 
502 765 14 17 0.02193747 
358 184 28 39 0.02189193 
547 860 72 78 0.021523608 
480 720 9 9 0.021522567 
526 843 410 574 0.021179315 
513 737 8 8 0.021112476 
558 310 5 5 0.020939171 
959 705 454 613 0.020932183 
549 716 145 165 0.02056606 
455 755 6 5 0.020534985 
502 735 13 11 0.020517532 
466 218 115 135 0.020400947 
490 734 14 13 0.020366391 
478 778 35 49 0.020350711 
-179 -20 82 198 0.020229507 
608 296 26 39 0.020062678 
967 810 8 10 0.02003269 
