55_Sports_Coach_Trainer_sportcoaching_55_643
105
5 294 28 32 0.9947614 
295 261 20 24 0.9807258 
471 234 17 23 0.96987176 
785 213 17 24 0.9393113 
507 216 15 24 0.9205707 
594 254 14 23 0.89287275 
429 243 15 17 0.82956594 
421 267 15 20 0.7595055 
553 270 13 21 0.72984755 
666 260 14 18 0.7174326 
688 261 13 19 0.42808136 
649 256 12 19 0.4159517 
564 258 13 15 0.35014278 
526 256 14 20 0.34722093 
693 271 18 23 0.32964137 
282 246 14 19 0.3114677 
123 268 14 15 0.26366398 
557 261 16 20 0.25587 
860 247 13 18 0.22721931 
369 217 9 19 0.22626984 
620 257 17 21 0.20071274 
783 287 12 20 0.14333016 
917 222 16 24 0.13667221 
865 254 14 18 0.08838112 
854 246 13 16 0.08727201 
965 299 17 21 0.07914008 
654 258 16 21 0.06952838 
536 226 12 17 0.06856357 
335 284 11 17 0.06176769 
585 251 17 23 0.061718043 
538 282 19 24 0.06116458 
704 281 15 16 0.060672425 
894 292 14 20 0.058826037 
354 218 12 17 0.05659136 
944 225 18 24 0.055323835 
864 316 18 28 0.052728027 
532 257 18 23 0.05194586 
785 297 19 26 0.050127186 
363 213 11 18 0.049082026 
881 250 10 15 0.04806521 
374 218 10 18 0.047887396 
637 257 12 16 0.046099983 
0 14 16 33 0.045379512 
576 254 17 23 0.045267355 
872 247 13 16 0.04424455 
351 213 10 18 0.04268025 
763 244 15 15 0.04243226 
886 252 9 13 0.038793582 
3 265 11 21 0.038742397 
891 223 20 20 0.037465263 
962 312 14 18 0.03730212 
854 230 19 20 0.03697054 
435 248 14 17 0.035433415 
610 255 17 23 0.03510031 
71 266 15 15 0.033695843 
-25 -171 188 169 0.03329696 
564 266 14 19 0.03298075 
540 268 18 21 0.032785162 
602 257 13 18 0.03253738 
860 262 15 17 0.032204088 
546 278 16 20 0.031899653 
191 239 14 18 0.03133922 
946 209 17 24 0.029647907 
683 266 13 19 0.029219659 
874 289 14 19 0.028960064 
-1 102 13 30 0.02823383 
782 383 14 18 0.028133744 
354 225 17 24 0.027909758 
617 268 13 15 0.027860021 
973 307 15 15 0.027591687 
529 225 10 15 0.027381366 
215 230 13 16 0.026999664 
571 260 13 18 0.026957506 
517 257 17 26 0.026935972 
332 276 11 18 0.026661117 
639 307 22 26 0.02657146 
9 265 9 15 0.025695423 
700 234 13 17 0.024655554 
274 250 12 18 0.024632426 
-2 592 39 76 0.024200981 
534 269 13 18 0.024175217 
0 225 14 33 0.02391857 
430 276 13 17 0.023885772 
857 361 11 14 0.02384 
790 287 16 23 0.023621501 
913 218 12 19 0.022974096 
642 248 13 17 0.022004636 
673 651 16 13 0.021980729 
374 257 12 17 0.021971637 
547 257 18 24 0.021967588 
555 254 13 13 0.021743912 
643 266 15 17 0.021510586 
860 227 16 13 0.021500545 
884 283 21 26 0.020948902 
878 365 12 15 0.020916887 
836 164 19 22 0.020815305 
630 253 11 16 0.020582609 
828 185 19 24 0.020401038 
404 217 19 23 0.02039753 
346 651 24 19 0.020376217 
521 221 11 15 0.02032935 
-3 506 67 92 0.020321248 
573 254 11 15 0.020189501 
673 267 12 16 0.020082437 
530 288 21 25 0.020069987 
