55_Sports_Coach_Trainer_sportcoaching_55_951
28
392 54 160 221 0.9997478 
721 26 22 26 0.082030684 
-20 -314 187 181 0.08171283 
244 53 41 36 0.073736206 
721 42 24 27 0.043627243 
238 356 39 24 0.041888475 
35 311 19 20 0.040978186 
-5 80 75 116 0.029645592 
257 337 26 23 0.029027453 
193 10 31 26 0.026433231 
68 1 24 23 0.026233478 
136 7 25 25 0.02347036 
225 32 28 26 0.023354098 
233 135 28 24 0.022804957 
292 5 32 31 0.022783274 
278 336 25 23 0.022506947 
173 79 27 28 0.022468392 
200 1 31 22 0.022275534 
140 83 87 82 0.02182939 
693 -341 465 331 0.021809822 
207 16 30 25 0.021651736 
87 308 17 18 0.021502309 
-59 -332 490 287 0.021117587 
215 334 26 25 0.02111356 
127 0 25 20 0.020904638 
0 72 21 34 0.020897442 
2 52 22 31 0.020796709 
414 -1 19 18 0.020796435 
