55_Sports_Coach_Trainer_sportcoaching_55_620
736
476 143 38 55 0.998475 
332 24 164 151 0.3062503 
726 79 10 11 0.20416819 
-14 -238 494 242 0.13559084 
14 216 308 385 0.12762912 
-19 -220 194 174 0.12659246 
440 106 20 27 0.1228527 
352 -234 510 243 0.10685326 
214 325 460 433 0.096240155 
655 87 13 14 0.095215656 
722 84 11 12 0.09104916 
663 69 8 7 0.088188976 
734 496 63 50 0.06883986 
641 -229 499 245 0.06675266 
625 104 55 58 0.06012674 
308 36 35 43 0.059264157 
654 80 12 11 0.05612074 
377 23 6 6 0.055984963 
708 75 7 7 0.055867378 
332 4 8 6 0.05451555 
636 74 10 9 0.05330435 
685 57 5 5 0.053149287 
460 7 21 29 0.052757528 
375 7 58 54 0.05067473 
734 86 10 13 0.0502125 
670 70 9 7 0.05015454 
782 486 44 48 0.050003946 
661 64 26 21 0.049482632 
684 62 7 7 0.049461085 
14 269 5 4 0.04927734 
658 72 10 9 0.048436716 
376 19 6 5 0.047336083 
670 75 12 9 0.046720665 
213 85 93 98 0.04637596 
-109 422 432 398 0.04494806 
388 11 30 30 0.044454098 
724 89 19 23 0.04397609 
297 61 91 100 0.04323151 
706 119 26 26 0.04309453 
334 14 8 8 0.042996284 
710 70 5 6 0.042781897 
376 29 8 8 0.04234435 
325 3 11 7 0.04199624 
15 263 4 4 0.041647837 
469 16 21 28 0.041637253 
143 238 2 3 0.041482687 
707 78 9 10 0.041447613 
711 75 21 22 0.04135666 
365 20 24 25 0.040571854 
143 244 3 2 0.040514585 
286 293 25 23 0.040379636 
391 21 7 8 0.04025476 
407 15 28 30 0.040023077 
356 -11 124 89 0.039958656 
626 76 6 6 0.039883982 
137 245 3 2 0.039689217 
394 74 8 8 0.039273683 
72 261 5 5 0.039149366 
664 63 6 6 0.039087262 
411 61 27 30 0.03903203 
650 103 30 32 0.03890762 
374 -35 406 338 0.038559526 
366 31 6 6 0.038215447 
718 495 480 353 0.038094666 
138 249 2 3 0.037904833 
710 103 24 25 0.037892576 
297 2 14 11 0.037843697 
482 102 21 25 0.037717395 
923 537 27 28 0.037460428 
391 35 32 31 0.03741686 
509 107 10 16 0.037255753 
132 245 3 3 0.03723031 
112 245 3 3 0.037194066 
337 5 7 6 0.03719067 
389 17 10 8 0.03690741 
333 11 9 7 0.036852878 
732 99 13 17 0.03677301 
680 63 7 6 0.03668292 
117 244 4 4 0.036611408 
439 98 14 17 0.03660504 
623 466 102 77 0.03645028 
678 68 8 7 0.036334217 
698 70 5 5 0.036249183 
-2 484 182 270 0.036171664 
625 79 7 8 0.036141 
251 63 7 7 0.036116015 
639 67 8 7 0.03584521 
-4 222 116 103 0.035827506 
426 71 26 30 0.035825547 
243 68 8 8 0.035686783 
250 67 7 8 0.035337154 
377 35 8 8 0.035105947 
22 263 4 3 0.03484861 
303 25 33 28 0.034469735 
328 33 45 54 0.034319382 
383 23 7 7 0.034289327 
415 78 24 28 0.034254503 
394 3 10 7 0.034182157 
279 282 24 24 0.034180786 
455 -5 21 22 0.034119435 
611 130 56 56 0.034109816 
484 417 12 12 0.034091648 
468 380 26 30 0.0337031 
138 239 3 2 0.033615865 
672 50 22 22 0.033580158 
423 -2 25 21 0.033037666 
717 85 10 11 0.033001788 
384 67 23 24 0.032994743 
73 257 3 4 0.032890834 
684 73 10 10 0.03286256 
367 33 27 27 0.03282333 
392 -6 23 18 0.032676253 
175 181 55 45 0.032630134 
319 3 24 20 0.03232498 
663 79 10 10 0.032245502 
451 244 533 379 0.03223529 
483 408 13 15 0.032209676 
277 37 52 54 0.03220543 
20 269 5 4 0.031994324 
803 540 29 24 0.03184877 
910 533 26 25 0.03184196 
473 393 28 31 0.03181068 
124 245 3 3 0.031708598 
416 4 7 7 0.03169782 
906 482 10 10 0.031683926 
143 249 3 4 0.031622007 
656 121 30 34 0.031602215 
88 473 49 44 0.031467035 
332 23 8 6 0.031304628 
378 42 8 8 0.031233883 
716 80 8 9 0.031228762 
711 88 22 24 0.03110862 
133 297 66 46 0.031089071 
698 73 6 7 0.031043412 
33 273 6 5 0.031030633 
400 3 9 7 0.031008365 
388 46 10 11 0.0309699 
210 300 146 84 0.03086119 
372 31 7 6 0.030860335 
954 281 6 4 0.0308551 
462 8 44 48 0.030828347 
887 249 8 6 0.030802127 
652 75 9 8 0.030785792 
66 250 4 4 0.030711943 
997 281 7 6 0.030709472 
697 80 7 9 0.030697629 
396 0 8 5 0.030659301 
149 231 5 3 0.030532457 
925 559 24 22 0.030492255 
865 520 22 21 0.03047597 
237 262 5 4 0.030456232 
112 248 3 5 0.03042528 
393 8 11 10 0.030387426 
641 63 6 6 0.030354496 
667 478 106 86 0.030140832 
168 109 44 44 0.030134741 
705 113 7 7 0.030131813 
12 273 7 5 0.029925918 
815 260 60 49 0.02991256 
39 276 4 4 0.029902369 
364 37 7 6 0.029866459 
898 482 11 10 0.029819792 
541 15 26 25 0.02974915 
361 44 5 6 0.029698502 
397 64 25 28 0.029670127 
365 137 47 55 0.029669369 
873 526 12 12 0.029621553 
480 370 27 29 0.029587952 
644 67 8 7 0.029503237 
900 463 24 24 0.02945579 
383 43 7 8 0.029419959 
143 232 3 3 0.029407257 
338 354 10 11 0.029387394 
28 273 5 5 0.029307734 
210 49 23 22 0.029124664 
133 289 26 26 0.029047852 
698 105 7 8 0.029030291 
844 458 25 24 0.028953737 
136 263 3 3 0.028948562 
905 494 12 12 0.028859798 
186 305 6 7 0.028843747 
485 358 25 25 0.028823042 
111 238 4 3 0.028780727 
150 249 3 4 0.028737854 
429 24 94 125 0.028722335 
197 95 11 8 0.028713686 
240 72 29 27 0.02871136 
190 62 24 22 0.028696828 
661 63 5 5 0.028541787 
269 50 29 30 0.028530018 
914 456 9 10 0.028523386 
681 57 6 5 0.028521268 
123 249 4 4 0.028506147 
379 42 28 30 0.028487712 
706 69 5 6 0.02847921 
383 30 7 8 0.028453441 
786 510 31 39 0.028441176 
906 489 11 11 0.028430663 
64 77 108 92 0.028397039 
409 41 29 35 0.028355338 
240 72 10 10 0.028341284 
387 41 10 10 0.028326195 
672 62 7 6 0.02824034 
225 45 199 168 0.02816787 
287 306 31 25 0.028165216 
496 117 36 53 0.028150272 
337 54 59 62 0.028044593 
907 476 10 10 0.027979597 
260 285 22 23 0.027978396 
370 35 9 8 0.027951328 
652 89 22 24 0.02794157 
949 281 5 4 0.027931204 
77 262 4 4 0.027911596 
976 285 11 7 0.027900886 
338 24 8 6 0.02786064 
149 244 3 3 0.027811153 
149 237 4 3 0.027790874 
117 249 3 4 0.027763873 
132 249 3 3 0.027727358 
378 21 30 31 0.027715087 
81 273 30 25 0.02771168 
395 69 7 7 0.02760454 
256 63 46 51 0.027555635 
915 490 30 24 0.02755087 
382 3 27 21 0.027504489 
135 268 4 5 0.027447924 
664 74 25 24 0.027386928 
366 23 7 7 0.0273323 
646 69 24 21 0.027327102 
644 62 7 7 0.027291084 
31 268 6 5 0.027290873 
696 112 8 9 0.027251627 
318 33 10 8 0.027217425 
475 30 12 17 0.027133545 
695 130 26 25 0.027100477 
325 9 10 8 0.02708738 
972 393 21 23 0.027085315 
728 69 7 7 0.027048595 
680 482 25 24 0.026991587 
325 29 7 6 0.026956268 
345 17 5 6 0.026908252 
652 67 8 7 0.026823705 
488 400 15 18 0.026702628 
645 81 44 43 0.026592826 
235 67 10 9 0.026573256 
709 104 10 11 0.02653515 
243 62 7 8 0.026533531 
702 387 23 24 0.026503425 
690 68 6 7 0.026457287 
315 119 446 386 0.026370322 
232 66 24 24 0.026361166 
730 200 53 45 0.026340993 
387 34 10 11 0.02632373 
334 30 7 7 0.026275948 
124 264 4 4 0.026266044 
400 0 9 6 0.026264312 
482 394 14 18 0.026251042 
977 281 8 6 0.026240498 
345 5 6 5 0.026214004 
502 461 442 478 0.026201278 
913 547 11 9 0.026192697 
748 61 8 8 0.026164364 
658 24 22 22 0.02610348 
335 97 100 101 0.0260899 
697 105 23 25 0.02605472 
137 256 3 3 0.026026415 
352 5 7 5 0.026018744 
872 538 12 12 0.025982114 
992 399 26 25 0.02597979 
724 506 23 29 0.02593945 
182 99 32 32 0.025930405 
98 111 99 90 0.025928522 
361 38 5 5 0.025922239 
710 111 8 9 0.025894187 
123 237 5 4 0.025891986 
221 42 24 23 0.02585337 
708 96 12 13 0.025798757 
713 128 12 12 0.025763918 
327 25 6 6 0.025755653 
383 16 9 8 0.025729092 
914 470 57 48 0.025716282 
390 62 8 8 0.025711318 
236 61 8 8 0.025702247 
399 8 12 11 0.02570153 
709 137 9 8 0.025652288 
83 267 6 5 0.025583895 
8 269 4 4 0.025514351 
395 61 9 10 0.025469303 
390 281 6 6 0.025419291 
280 79 28 31 0.025401669 
344 12 6 5 0.025317824 
83 533 27 27 0.02528687 
388 28 10 10 0.025276326 
400 -15 21 19 0.025221385 
394 20 10 10 0.025165189 
752 515 60 51 0.025107348 
376 47 10 9 0.02510688 
271 293 25 22 0.025106171 
359 31 7 6 0.025073476 
726 108 14 17 0.025042163 
308 41 8 9 0.0250286 
262 31 24 33 0.025007633 
879 532 13 13 0.02497042 
882 518 23 23 0.024941802 
914 464 9 9 0.024885744 
220 137 104 111 0.024851214 
906 527 11 10 0.024838304 
407 0 22 20 0.0248242 
256 20 22 29 0.024793277 
488 388 27 34 0.02477663 
270 466 41 56 0.024754183 
415 8 9 10 0.024746394 
714 90 11 12 0.024735508 
150 263 4 4 0.024734525 
938 475 11 10 0.024727639 
907 470 9 10 0.02471074 
33 262 5 5 0.024670366 
356 0 26 21 0.02463768 
345 29 6 7 0.024636727 
202 68 23 20 0.024633486 
123 257 4 3 0.024607588 
633 68 8 6 0.024603663 
354 20 56 56 0.024599915 
476 388 13 16 0.024590358 
132 239 3 3 0.024578499 
955 286 7 5 0.024572304 
180 306 6 6 0.024543036 
115 280 6 6 0.024498383 
755 55 7 7 0.024493886 
319 30 30 28 0.024481414 
783 516 16 18 0.024480531 
645 134 29 33 0.024467671 
118 257 4 3 0.024419166 
484 373 11 10 0.024324736 
920 457 9 10 0.024297105 
684 16 8 7 0.024283012 
332 0 7 5 0.02425038 
685 51 6 6 0.024216916 
690 42 7 7 0.024201045 
923 538 14 14 0.024188718 
65 273 6 6 0.02418316 
147 145 7 7 0.024157127 
826 474 22 24 0.024146706 
506 74 7 9 0.024144283 
749 67 7 8 0.024133112 
699 76 21 24 0.024128312 
431 48 27 33 0.024120875 
677 24 22 22 0.024104148 
689 78 9 10 0.024071043 
677 35 8 8 0.024043314 
932 467 12 13 0.02402971 
242 261 7 6 0.024020521 
337 29 8 7 0.024001386 
67 262 4 3 0.02398282 
490 416 13 15 0.023963602 
382 35 8 9 0.0239462 
664 48 8 9 0.023939176 
374 13 5 5 0.02390105 
407 3 10 8 0.023900315 
11 280 9 5 0.023838934 
880 450 11 10 0.023837863 
289 348 68 51 0.023836233 
347 346 139 105 0.02383158 
847 487 22 22 0.023813326 
130 264 4 3 0.023803962 
270 55 7 9 0.023803163 
85 262 4 4 0.023799928 
156 256 4 3 0.023791147 
155 230 5 4 0.023790669 
710 42 7 8 0.023780052 
684 41 8 8 0.023777002 
762 80 7 8 0.02377667 
249 72 9 9 0.023762858 
18 274 6 5 0.023748491 
402 25 66 80 0.023740498 
750 488 29 38 0.023705214 
935 283 5 3 0.023675745 
301 300 7 5 0.02365352 
690 56 6 7 0.023613473 
463 77 74 99 0.023563629 
671 35 8 8 0.023549497 
695 489 11 10 0.023536922 
795 475 23 34 0.023518842 
430 -11 103 79 0.023506904 
891 416 52 49 0.023499057 
977 399 10 10 0.023482539 
47 282 4 3 0.02345641 
153 297 9 8 0.023447398 
399 20 12 13 0.023441635 
627 73 24 21 0.023440104 
783 219 27 22 0.023429295 
105 231 3 3 0.023418719 
749 55 7 7 0.023415856 
702 105 8 8 0.023408273 
323 -14 23 18 0.023393149 
441 66 9 11 0.023376312 
132 92 11 9 0.023363048 
887 457 10 10 0.023322217 
432 339 105 99 0.023279984 
755 61 7 8 0.023273215 
869 533 11 12 0.02326547 
926 479 27 23 0.023263149 
924 457 21 23 0.023243656 
912 476 12 11 0.023219373 
76 267 6 5 0.023208447 
288 280 6 5 0.023206966 
709 29 9 8 0.023171881 
473 34 20 34 0.023164416 
617 103 28 35 0.02315549 
615 69 23 24 0.02314498 
643 79 13 11 0.023121413 
337 58 10 12 0.023107078 
191 94 9 7 0.023095366 
697 42 7 8 0.023062415 
783 504 16 20 0.023062404 
215 88 10 8 0.023032019 
437 32 48 58 0.023025783 
250 268 5 5 0.023004148 
482 30 22 32 0.02298132 
60 251 5 4 0.022973984 
482 406 29 32 0.022943333 
253 303 281 195 0.022935225 
84 276 135 97 0.022923747 
749 73 7 9 0.022915035 
743 65 19 25 0.022908932 
401 68 8 9 0.02289463 
638 221 8 12 0.02287517 
376 -6 23 20 0.022838453 
742 61 7 9 0.02281507 
383 73 10 9 0.022792129 
716 75 7 7 0.022789804 
359 23 7 7 0.022783821 
664 56 8 7 0.022776455 
393 25 13 14 0.022775041 
426 65 12 13 0.022760158 
941 282 5 4 0.022745838 
372 344 30 33 0.022722108 
255 53 8 11 0.022685766 
168 236 5 5 0.02268069 
337 33 8 9 0.022670971 
703 42 8 8 0.022668546 
899 527 26 25 0.02266571 
920 463 9 10 0.022647215 
830 489 9 10 0.022636056 
405 20 14 15 0.022630552 
65 257 4 4 0.022620983 
138 92 11 9 0.022608913 
336 -14 23 18 0.022578256 
684 29 8 7 0.022575846 
809 498 11 18 0.022562485 
731 229 100 77 0.022555288 
447 67 8 10 0.02255495 
755 49 7 7 0.022543803 
912 462 26 25 0.022524828 
742 54 7 8 0.022509718 
690 29 8 7 0.022493897 
634 215 7 8 0.022485172 
8 293 6 4 0.022479352 
113 119 23 23 0.022477664 
173 296 27 28 0.022470972 
184 100 9 8 0.02247088 
341 100 29 33 0.022466263 
696 16 9 7 0.02244952 
326 17 7 7 0.022449424 
483 38 9 15 0.022446075 
475 408 14 16 0.02243345 
684 35 8 8 0.022423655 
912 482 12 11 0.022396933 
755 79 21 25 0.022392886 
149 286 25 24 0.022381203 
381 60 10 10 0.022375986 
907 549 8 6 0.022373034 
906 464 9 9 0.022365328 
762 67 8 8 0.02235804 
900 470 10 10 0.022329397 
665 29 8 8 0.022324786 
893 495 11 11 0.022313572 
881 457 10 10 0.02230027 
932 471 23 19 0.022297846 
350 21 25 27 0.022287667 
390 284 7 7 0.022285797 
802 521 31 28 0.022277884 
660 148 53 52 0.022269709 
736 54 7 9 0.022266401 
886 526 13 12 0.022245347 
818 432 26 25 0.022238737 
446 58 9 13 0.022238057 
697 100 7 9 0.022236798 
709 488 27 26 0.022235382 
432 17 26 31 0.022211593 
415 289 8 10 0.022207301 
27 268 5 5 0.02219339 
389 -22 22 21 0.022178708 
672 103 44 48 0.022174647 
260 186 26 28 0.022139968 
219 275 29 24 0.02211428 
996 285 9 6 0.022107363 
912 539 13 12 0.022104388 
184 93 9 7 0.022088911 
755 67 7 8 0.022079045 
619 36 23 24 0.022078587 
433 65 11 12 0.022061402 
381 53 10 11 0.022060083 
697 29 8 7 0.022058813 
762 74 7 8 0.022046331 
742 48 7 8 0.02204366 
755 73 7 9 0.022042934 
689 62 7 8 0.022042023 
840 470 27 23 0.022030085 
708 444 106 82 0.022025444 
873 513 22 21 0.022015058 
269 23 7 9 0.021982266 
49 150 107 76 0.021967446 
724 75 7 8 0.021953415 
660 57 7 6 0.021949653 
735 67 7 9 0.021937534 
345 243 85 87 0.021934932 
70 267 6 5 0.021930927 
658 175 9 12 0.021928862 
768 80 8 8 0.021926155 
389 54 9 11 0.021920623 
332 51 13 13 0.021912783 
100 125 24 24 0.021910463 
263 24 6 7 0.021910125 
321 43 8 7 0.021904334 
924 522 28 28 0.021867188 
28 282 5 4 0.021838762 
318 23 9 8 0.021838691 
690 16 8 8 0.021826047 
881 463 10 10 0.021798354 
283 -8 22 20 0.021797799 
446 12 26 35 0.02178739 
123 59 114 84 0.02178664 
718 114 24 27 0.021786243 
826 219 104 82 0.021780582 
907 457 9 10 0.021778958 
888 463 9 10 0.021756437 
874 470 10 10 0.021729402 
749 48 7 8 0.021728719 
337 67 9 9 0.021716142 
91 223 62 53 0.021709932 
439 -8 23 22 0.021662477 
418 -16 22 21 0.021657333 
689 476 25 22 0.021656865 
249 53 8 11 0.021656001 
283 126 109 110 0.021650108 
238 79 12 10 0.02163546 
60 447 97 81 0.021635396 
806 501 23 32 0.021632856 
250 36 21 29 0.021627901 
209 87 9 7 0.02162407 
653 57 22 22 0.021618439 
719 122 12 12 0.02160472 
290 14 32 31 0.021594208 
645 24 22 23 0.021587105 
762 61 7 8 0.021565925 
233 262 5 5 0.021557149 
161 230 5 5 0.021551913 
175 139 56 48 0.021546857 
628 70 6 5 0.02154617 
142 262 4 4 0.021535132 
272 100 25 27 0.021534406 
332 35 8 7 0.021516116 
643 74 9 7 0.02151354 
308 8 28 26 0.021501083 
353 24 6 6 0.02149608 
197 49 23 22 0.02149219 
768 73 8 9 0.021490647 
678 41 8 8 0.021481274 
237 256 5 5 0.021465544 
400 84 24 29 0.02143902 
694 488 27 28 0.021429522 
691 49 6 7 0.021422017 
938 269 24 20 0.021421228 
688 139 28 28 0.021375032 
762 55 7 7 0.021369442 
671 29 8 8 0.021358047 
720 374 24 24 0.021351503 
164 61 24 23 0.021329762 
899 477 24 22 0.021325253 
255 60 23 28 0.02132409 
704 117 7 8 0.021319274 
907 533 11 11 0.021314941 
665 35 8 8 0.02127859 
677 29 8 8 0.021269303 
73 259 26 25 0.021258151 
878 275 5 4 0.021256156 
835 487 13 13 0.021229867 
662 387 104 96 0.021200232 
104 236 4 4 0.021198763 
894 463 10 10 0.021196345 
427 73 10 11 0.021191511 
463 26 21 34 0.02118153 
382 67 10 10 0.02117715 
484 -8 24 23 0.021175994 
371 135 22 33 0.021172239 
623 70 5 5 0.021157756 
660 145 14 16 0.021137409 
703 29 8 8 0.021133507 
702 489 9 10 0.021132436 
658 29 8 8 0.021099644 
641 57 6 6 0.021081068 
319 3 11 8 0.02107877 
143 269 4 3 0.021064045 
315 -7 23 18 0.021040412 
281 280 6 6 0.021038977 
345 48 6 9 0.021035545 
193 281 26 28 0.021030731 
886 495 12 11 0.021028936 
131 256 3 4 0.021016529 
912 526 12 12 0.020990303 
485 424 10 12 0.020979187 
769 511 15 19 0.020974763 
702 63 20 23 0.020971572 
294 -15 21 18 0.020970559 
689 40 21 24 0.020943694 
371 301 5 5 0.020941658 
153 523 7 8 0.020940952 
94 138 23 22 0.020934349 
983 406 22 23 0.02092169 
142 255 5 4 0.020910984 
593 137 43 52 0.020899901 
640 78 26 23 0.020884996 
40 281 5 4 0.020882946 
698 63 6 6 0.020880932 
130 269 4 4 0.02085683 
658 35 8 8 0.020847479 
736 48 7 8 0.020843025 
421 92 25 27 0.020830762 
155 261 5 5 0.020829353 
496 30 23 33 0.020822428 
407 -1 9 6 0.020821448 
428 94 38 50 0.020810168 
269 132 21 35 0.020803751 
347 318 6 6 0.020801125 
690 35 8 8 0.02079743 
768 67 7 8 0.02079503 
377 12 6 5 0.020766003 
694 500 12 12 0.020757161 
356 174 90 111 0.020742627 
689 495 10 10 0.02073995 
339 0 6 4 0.020737333 
495 375 29 30 0.020735795 
694 90 11 13 0.020723997 
167 299 7 7 0.02071907 
332 362 8 9 0.020713251 
681 72 21 23 0.020701258 
18 281 6 5 0.020697378 
228 83 53 49 0.020685513 
626 57 22 20 0.02066233 
637 109 11 15 0.02064059 
243 55 7 8 0.020640435 
524 303 32 29 0.020629665 
645 57 7 6 0.020625044 
343 95 12 16 0.02060777 
947 276 6 4 0.0205902 
467 366 29 24 0.02057557 
406 7 12 11 0.020573897 
422 28 27 34 0.02054043 
717 69 6 7 0.020539032 
840 438 27 24 0.020517776 
7 288 6 4 0.020514855 
299 290 26 23 0.02051299 
191 98 10 9 0.020508623 
317 301 28 24 0.020507868 
194 300 5 5 0.02050717 
894 457 10 9 0.020506565 
866 407 53 45 0.020497436 
356 -15 23 21 0.02049649 
8 263 4 4 0.02049441 
805 552 29 24 0.020494182 
78 257 4 4 0.02048512 
842 507 56 48 0.020477476 
671 16 8 8 0.020457614 
803 513 13 20 0.020439262 
881 483 10 9 0.020438537 
431 3 27 25 0.020435253 
659 48 7 8 0.020422412 
677 16 9 8 0.020414064 
434 22 8 10 0.020411305 
985 279 26 21 0.020402433 
907 451 9 9 0.020387115 
470 8 100 99 0.020382663 
818 465 22 26 0.020382345 
831 449 26 24 0.020377718 
703 48 8 9 0.020348711 
408 66 10 12 0.02034631 
209 74 10 8 0.020336043 
511 66 8 11 0.020331226 
188 295 29 29 0.020314123 
440 22 10 11 0.020288257 
269 49 7 9 0.020274749 
873 546 13 11 0.020271337 
6 281 8 5 0.02025709 
702 100 9 9 0.020253072 
802 546 13 11 0.020251323 
136 223 5 4 0.020250631 
716 41 8 8 0.020249397 
393 40 13 13 0.020245302 
871 500 107 87 0.020244483 
473 3 24 30 0.020242304 
702 483 10 9 0.020241262 
267 33 9 13 0.020218229 
841 496 23 21 0.02021186 
270 61 7 7 0.020196903 
652 35 8 8 0.020196654 
899 533 11 11 0.02018544 
809 508 11 18 0.020179886 
533 -8 30 18 0.020167734 
466 30 10 17 0.020166837 
184 50 23 21 0.020158632 
930 282 5 4 0.020153712 
875 511 9 8 0.020148896 
648 51 45 40 0.020145573 
698 55 6 8 0.020139817 
817 448 24 25 0.020129768 
553 8 27 22 0.020127838 
714 520 10 12 0.020121943 
665 41 8 9 0.020118853 
637 94 29 33 0.020116277 
652 63 7 6 0.02011531 
758 550 26 25 0.020110907 
232 256 5 5 0.020104205 
467 296 73 85 0.020104107 
125 268 4 5 0.020087495 
767 61 8 8 0.020079399 
517 11 24 31 0.020071866 
632 48 9 8 0.020071847 
716 29 8 8 0.0200656 
769 204 27 31 0.020052278 
959 281 8 5 0.020046799 
194 84 27 18 0.020029524 
709 495 9 10 0.020019349 
729 215 497 347 0.020014439 
841 460 14 13 0.02000957 
268 40 8 12 0.020001538 
