55_Sports_Coach_Trainer_sportcoaching_55_181
133
773 151 22 31 0.9986915 
266 90 24 34 0.99593025 
408 157 26 24 0.18578275 
85 430 15 11 0.1296936 
-21 -165 184 164 0.09218355 
1003 480 7 12 0.091213696 
-106 519 412 317 0.08524316 
467 88 7 11 0.07786977 
411 141 20 24 0.07256966 
693 217 4 8 0.067867674 
478 436 7 8 0.059795152 
336 70 20 30 0.058335263 
900 26 33 26 0.054738864 
750 263 25 44 0.051743012 
280 349 11 10 0.047861513 
1004 477 6 8 0.04774603 
966 123 8 11 0.045383796 
702 270 43 41 0.042466436 
-22 30 365 382 0.042122696 
407 166 34 34 0.040809985 
324 53 203 193 0.040240634 
125 615 458 335 0.038720984 
680 -76 410 396 0.0381978 
471 87 7 13 0.037640743 
391 127 72 89 0.03723555 
51 -127 429 399 0.03611633 
425 145 12 17 0.035358153 
466 128 11 11 0.031629384 
80 425 11 8 0.02996166 
674 174 4 8 0.029809438 
695 163 4 6 0.029529525 
888 23 28 34 0.029493956 
682 312 21 28 0.029287903 
689 220 3 5 0.029099904 
651 284 91 86 0.028974986 
68 51 11 11 0.02893304 
10 610 162 221 0.028891785 
67 107 211 193 0.028828982 
253 403 23 18 0.02861549 
423 169 16 16 0.028416522 
74 417 24 20 0.028249286 
78 420 6 6 0.02818143 
82 420 8 6 0.02739269 
466 135 11 15 0.027274579 
407 150 14 18 0.026783634 
89 148 8 9 0.026719661 
208 529 103 84 0.02534563 
293 352 12 10 0.025261318 
386 156 13 17 0.024916435 
669 227 3 6 0.02490985 
223 410 44 43 0.024702962 
95 426 9 9 0.02470272 
285 -97 418 439 0.024691822 
-10 91 87 158 0.024534304 
962 123 7 9 0.024519768 
698 159 5 11 0.0239985 
129 161 91 80 0.02379596 
694 124 4 7 0.023782475 
454 97 6 8 0.02373408 
515 -185 510 272 0.023706786 
404 185 33 33 0.023550937 
151 449 26 23 0.023463817 
303 347 13 11 0.0234434 
123 420 6 5 0.023440352 
136 363 4 4 0.023331394 
121 425 9 5 0.023288053 
673 104 5 8 0.023215745 
751 65 3 6 0.023191711 
391 130 40 45 0.023174692 
529 121 450 353 0.02316518 
435 157 23 27 0.02306391 
423 151 22 30 0.023013493 
674 117 4 7 0.0230027 
183 647 13 9 0.022999337 
897 514 30 24 0.022950698 
849 -174 266 167 0.022921221 
874 28 27 38 0.022912873 
508 427 3 3 0.022702836 
100 425 7 7 0.022680763 
280 360 9 9 0.02264513 
899 -14 25 24 0.022621186 
971 151 20 27 0.022517007 
53 -156 255 136 0.022509059 
259 399 12 10 0.022468267 
753 39 221 185 0.022447651 
962 121 18 22 0.02233845 
0 617 23 26 0.022333862 
695 169 3 7 0.022078441 
851 2 81 92 0.02204873 
673 163 3 7 0.021989634 
483 140 21 28 0.021942718 
942 -8 27 22 0.021896709 
420 178 28 35 0.021675942 
455 91 6 8 0.021644343 
440 114 22 28 0.021597782 
128 421 5 4 0.021462278 
103 420 5 5 0.021438885 
508 422 3 3 0.021354884 
250 289 5 9 0.021273294 
778 302 31 27 0.021270735 
887 -5 22 25 0.021063112 
148 427 6 5 0.02105799 
903 3 29 32 0.02105288 
488 535 420 479 0.021012997 
918 -4 24 26 0.020753577 
673 168 4 8 0.02071607 
135 448 26 24 0.02070033 
686 281 24 28 0.020650666 
723 250 7 8 0.020615764 
670 220 3 6 0.020607173 
308 351 12 10 0.020582052 
393 155 12 17 0.02056236 
463 89 7 11 0.020559452 
896 536 32 23 0.020541685 
674 112 4 8 0.020477084 
308 361 21 20 0.02042472 
670 76 17 31 0.020398034 
76 116 7 8 0.020393653 
245 289 4 9 0.020372117 
862 64 25 25 0.020364773 
408 139 14 17 0.020306144 
74 173 9 12 0.020289414 
968 -26 53 49 0.02028012 
689 216 2 5 0.020233756 
693 155 5 9 0.020222241 
485 135 9 11 0.020203609 
180 187 23 32 0.020194508 
153 177 27 29 0.020179147 
138 354 24 24 0.0201172 
931 541 13 15 0.020091057 
447 108 9 11 0.0200677 
214 422 3 3 0.020058127 
711 140 8 15 0.02004044 
