1_Handshaking_Handshaking_1_664
1628
857 27 41 52 0.99879104 
650 109 13 18 0.91124105 
721 116 9 14 0.62809265 
738 123 12 17 0.5709564 
222 92 7 8 0.26010737 
679 118 9 14 0.24063879 
187 79 5 7 0.1783577 
200 92 5 6 0.1656818 
210 87 6 7 0.15939464 
222 97 8 8 0.15610185 
115 98 6 6 0.15463032 
187 99 5 6 0.15304711 
200 98 6 7 0.14906126 
71 81 6 6 0.1470474 
56 130 9 8 0.14489332 
182 69 4 4 0.14473797 
182 74 4 6 0.14368933 
190 87 6 7 0.13945463 
200 117 6 7 0.1355432 
102 88 6 5 0.13423355 
63 79 6 6 0.13394184 
106 119 7 7 0.13164882 
121 87 5 6 0.13121687 
200 88 5 6 0.12757178 
43 118 7 7 0.12749717 
23 117 7 7 0.12527663 
104 100 6 5 0.124943174 
108 73 6 6 0.12470171 
188 87 5 6 0.123309165 
89 100 6 5 0.12235475 
190 105 6 7 0.12156701 
221 117 8 8 0.12133947 
182 98 4 7 0.12062696 
95 87 7 7 0.118777975 
44 79 7 7 0.118602 
72 87 6 6 0.11389706 
44 98 7 8 0.112893336 
187 67 5 6 0.1125661 
88 118 6 7 0.10876994 
122 73 5 5 0.10767786 
181 92 5 6 0.10729114 
191 67 6 7 0.10717807 
234 87 7 7 0.105091676 
189 130 8 8 0.10494779 
182 78 5 7 0.10336365 
204 99 6 6 0.102925956 
471 22 23 22 0.102020964 
22 80 5 6 0.10174394 
117 73 5 6 0.101577125 
234 130 8 7 0.10064572 
107 100 7 6 0.09997384 
115 93 7 5 0.09827961 
210 111 6 6 0.0982546 
200 112 6 7 0.09803429 
210 100 6 5 0.0972298 
71 100 6 6 0.09652529 
181 117 5 7 0.09649569 
82 131 7 7 0.0954899 
234 124 8 7 0.09390453 
577 118 13 14 0.09381059 
508 0 13 10 0.09370109 
95 107 6 6 0.093388416 
56 86 7 7 0.093235075 
186 74 5 6 0.09262371 
72 91 6 6 0.092184946 
244 69 5 5 0.091851905 
33 86 6 7 0.09152515 
263 68 5 6 0.090769134 
43 74 7 6 0.090360284 
217 123 7 6 0.090223536 
191 99 5 7 0.0902155 
423 11 42 43 0.0901752 
1009 107 8 12 0.08999206 
75 88 7 6 0.089987665 
862 284 7 9 0.08874873 
104 80 6 5 0.088023655 
620 90 6 8 0.087859616 
244 118 7 7 0.0874541 
115 119 6 6 0.08705647 
210 105 6 7 0.086882025 
477 30 51 54 0.086871006 
107 80 7 6 0.08632428 
187 92 5 6 0.085629664 
123 70 4 4 0.08555512 
250 69 6 5 0.08466635 
56 111 8 7 0.08321035 
55 125 8 6 0.0830516 
95 68 7 6 0.08285302 
104 74 6 6 0.08273711 
83 88 6 6 0.08242518 
244 74 6 6 0.08219964 
594 98 8 10 0.08163654 
118 69 5 5 0.081407 
218 69 6 5 0.081267335 
190 79 6 6 0.08076794 
32 106 6 7 0.08061004 
219 79 6 7 0.0805123 
205 88 5 6 0.0803847 
103 111 6 6 0.080105945 
243 99 7 6 0.08004373 
968 165 14 19 0.079991855 
255 67 7 6 0.07997082 
243 88 6 5 0.07997027 
218 112 7 7 0.07992391 
109 69 6 5 0.07990471 
70 105 6 7 0.07960341 
103 106 5 6 0.079525135 
204 111 6 7 0.07944021 
123 80 5 6 0.079243235 
14 87 5 7 0.079236984 
69 124 7 7 0.07878639 
37 132 8 6 0.078546315 
83 106 6 5 0.078486785 
24 98 6 8 0.07846949 
181 88 4 6 0.078354545 
572 78 8 11 0.0780592 
84 79 6 6 0.077902526 
190 110 6 7 0.077234976 
210 131 7 7 0.0770752 
235 68 7 6 0.07630597 
249 105 7 6 0.07630219 
122 106 5 6 0.07602894 
248 136 8 7 0.07589536 
218 87 6 6 0.07585892 
83 92 6 6 0.07567088 
102 69 6 5 0.07548761 
63 75 6 5 0.075443015 
181 112 4 6 0.07536515 
31 81 6 5 0.0750933 
84 99 6 6 0.0748459 
230 126 8 6 0.07477513 
254 125 9 7 0.07423258 
200 68 5 6 0.07419353 
38 111 7 7 0.07393286 
115 106 6 6 0.07382469 
186 118 5 7 0.07354482 
217 132 7 6 0.07334675 
63 87 6 6 0.07330094 
70 111 7 6 0.07315674 
211 79 6 7 0.07308294 
42 112 7 6 0.07299419 
244 78 6 6 0.07283327 
56 92 7 7 0.07282634 
50 80 7 6 0.072578356 
95 120 6 5 0.072235465 
56 106 7 6 0.07214964 
187 110 6 7 0.072069734 
230 129 8 7 0.0719453 
102 130 7 7 0.0718867 
39 74 6 6 0.07167038 
64 100 6 6 0.07164011 
210 124 8 7 0.07132309 
116 88 6 5 0.07132052 
56 117 7 6 0.07119699 
249 73 7 7 0.07103253 
95 100 6 5 0.0710052 
191 74 5 6 0.07087587 
833 291 7 6 0.07084987 
205 68 6 6 0.07047352 
57 72 7 7 0.0701007 
38 86 6 7 0.07008255 
65 118 6 6 0.07005467 
191 124 6 6 0.06991535 
95 80 6 6 0.069873445 
229 111 7 6 0.06973421 
83 75 7 5 0.069634035 
115 110 6 7 0.06947736 
230 67 7 6 0.06926313 
231 106 7 6 0.06915723 
204 92 5 7 0.06872208 
83 112 7 6 0.068471976 
236 120 6 5 0.06846003 
1012 179 6 10 0.06837914 
255 105 7 7 0.068313025 
224 87 5 6 0.068115234 
633 110 10 14 0.067987375 
219 73 6 6 0.06788972 
543 118 9 10 0.067822784 
190 153 7 8 0.067685336 
254 74 7 7 0.06756086 
717 119 8 15 0.06716552 
248 132 8 6 0.06711413 
20 85 6 7 0.066916816 
50 99 7 6 0.06690684 
231 99 7 7 0.0667114 
1018 168 7 12 0.066615336 
103 91 6 6 0.066563606 
198 105 6 6 0.066394195 
37 105 6 7 0.06618845 
75 100 7 6 0.06617608 
219 98 6 8 0.06613345 
180 105 5 6 0.0661254 
230 80 8 7 0.0661165 
76 130 7 7 0.06606601 
51 87 6 6 0.06592464 
57 99 6 6 0.06589829 
51 73 7 6 0.065617755 
88 79 7 6 0.06517653 
191 144 6 6 0.065147236 
255 86 7 6 0.06504917 
31 99 6 6 0.06497772 
249 87 7 6 0.06492794 
209 67 7 6 0.06486067 
243 92 6 6 0.06484739 
61 131 8 7 0.06474429 
837 291 7 7 0.064592674 
262 87 6 6 0.06453426 
32 73 6 6 0.06409506 
218 105 6 6 0.06381902 
114 124 7 7 0.063779004 
44 85 6 6 0.06364497 
70 73 7 6 0.06363648 
191 119 5 6 0.06342065 
32 124 7 7 0.06341357 
40 80 6 6 0.06339209 
235 143 7 7 0.06335678 
222 131 8 7 0.063259214 
229 118 8 6 0.06324877 
199 79 6 6 0.063246995 
249 78 6 7 0.063218 
63 112 6 6 0.06284163 
6 74 5 7 0.0627703 
5 78 6 9 0.062672324 
-31 -261 519 274 0.06254075 
247 143 9 8 0.062276606 
95 130 8 7 0.062187944 
216 136 8 7 0.06211337 
38 91 6 7 0.06206031 
68 118 7 6 0.061929096 
14 81 4 5 0.061878804 
593 90 9 10 0.061758097 
255 119 7 6 0.06165907 
206 132 6 7 0.06131184 
90 68 7 6 0.061173823 
43 93 6 6 0.060978238 
199 74 6 6 0.060761128 
186 144 5 6 0.060644165 
56 69 7 6 0.06064389 
204 80 5 6 0.060605306 
197 131 7 7 0.060582127 
75 125 6 6 0.06051879 
263 73 6 6 0.06042788 
75 105 7 6 0.060214788 
223 80 6 7 0.0600942 
247 100 7 7 0.0600884 
616 86 6 8 0.059984088 
247 111 8 7 0.059910845 
1017 41 8 8 0.05961 
187 125 6 6 0.059469916 
243 112 8 6 0.059276287 
230 91 7 7 0.059061892 
6 104 5 7 0.058900453 
224 68 6 6 0.05873908 
606 107 10 13 0.058537543 
206 106 5 6 0.058521893 
89 105 6 6 0.058241464 
230 73 7 6 0.05811934 
260 123 8 8 0.058119256 
249 125 7 6 0.058084514 
51 119 6 5 0.05788924 
242 104 7 6 0.05766939 
644 8 8 6 0.057591464 
40 119 6 6 0.057491485 
122 100 5 6 0.057372436 
115 80 6 5 0.05709275 
71 68 7 6 0.057010766 
52 92 6 6 0.05701006 
210 118 7 6 0.056544714 
95 73 7 6 0.055985935 
716 239 9 12 0.055978812 
2 84 5 10 0.055729374 
76 73 7 6 0.05561999 
663 8 25 23 0.055574924 
70 130 7 7 0.055314463 
659 1 9 6 0.055265598 
1017 58 8 11 0.05504978 
631 7 11 10 0.05504364 
20 91 5 7 0.054917306 
635 30 6 6 0.054877907 
1006 40 7 8 0.05482415 
645 3 9 6 0.054805845 
88 74 7 5 0.054741766 
52 68 7 6 0.05469539 
254 129 9 8 0.05450756 
107 131 6 6 0.05444231 
75 91 7 6 0.054273695 
2 103 5 8 0.054231543 
844 295 8 9 0.05419323 
18 131 7 7 0.054072708 
836 190 9 10 0.05401689 
130 86 5 7 0.05397636 
198 155 7 8 0.05379901 
25 74 5 5 0.05374008 
1 91 5 8 0.053680412 
259 130 8 8 0.053534202 
75 68 7 6 0.053507127 
242 123 7 6 0.05349914 
256 99 7 6 0.053499036 
51 106 7 6 0.05340955 
861 277 8 9 0.053403504 
174 112 5 6 0.053371806 
235 137 8 6 0.05332271 
75 112 7 6 0.05331951 
210 150 8 8 0.05319763 
76 118 6 6 0.053120494 
107 123 6 7 0.05300738 
13 73 5 6 0.05292216 
106 111 7 6 0.05291517 
52 124 7 6 0.05287493 
241 131 8 6 0.052870076 
38 124 6 6 0.05282129 
63 105 6 6 0.05262509 
69 144 8 7 0.05260203 
20 112 7 7 0.05237506 
115 130 7 7 0.05234579 
13 106 5 6 0.0521074 
838 296 6 7 0.052069873 
89 112 6 6 0.051941484 
13 118 7 6 0.051920924 
646 -1 8 5 0.051882587 
44 69 6 5 0.05184158 
107 136 7 8 0.05183712 
107 92 6 6 0.051833138 
6 85 6 8 0.051666807 
199 123 7 7 0.0516595 
180 155 4 6 0.05150573 
39 99 6 7 0.05137044 
88 123 7 7 0.051278006 
393 -258 567 289 0.05121147 
453 0 10 8 0.05119462 
123 119 5 6 0.05097158 
211 144 7 6 0.05095062 
123 124 5 7 0.050884582 
52 111 7 6 0.050856397 
32 68 6 6 0.050720423 
486 15 7 8 0.050641045 
629 2 12 9 0.05060275 
94 124 6 6 0.050571077 
234 155 8 8 0.050410464 
24 85 6 7 0.050370716 
65 69 5 5 0.050330516 
616 143 46 46 0.05032156 
44 123 6 6 0.050270885 
536 3 9 9 0.050187394 
33 91 6 6 0.050166752 
107 87 6 5 0.05015908 
215 150 8 7 0.050078906 
549 120 11 12 0.050021164 
103 124 6 6 0.04993543 
234 111 7 6 0.0499353 
14 69 5 5 0.049920246 
262 91 6 7 0.04987345 
83 68 7 5 0.049805537 
246 -85 517 368 0.04980241 
255 92 7 6 0.049761567 
191 91 5 7 0.04970897 
65 124 6 6 0.049603473 
263 80 6 5 0.04945382 
253 144 8 7 0.049290266 
581 67 7 8 0.048992928 
88 131 7 7 0.048844088 
569 74 9 8 0.048746914 
175 92 5 6 0.048634633 
62 92 7 5 0.0485707 
216 143 7 7 0.048536107 
180 152 5 5 0.04835022 
38 68 6 5 0.048287995 
613 17 6 6 0.048170343 
199 161 7 9 0.048148636 
203 144 6 7 0.048054468 
491 14 8 8 0.04804097 
724 118 10 17 0.047950048 
596 67 5 6 0.04792992 
57 80 7 6 0.04765937 
649 42 4 6 0.047645677 
94 143 7 7 0.047580745 
210 167 8 8 0.047554612 
13 124 7 7 0.047482107 
123 111 5 6 0.047395878 
222 143 8 6 0.047385473 
56 151 9 8 0.047335286 
243 143 8 6 0.04730113 
1011 128 7 11 0.04688415 
44 105 6 6 0.046654835 
20 105 6 6 0.04655633 
255 110 7 7 0.046547636 
260 151 7 7 0.046443053 
210 154 9 8 0.04625888 
235 73 6 6 0.046223003 
638 9 9 7 0.046132714 
832 245 7 7 0.046127174 
204 73 5 6 0.04609737 
76 81 6 5 0.046020955 
253 136 9 7 0.045929357 
1003 147 6 11 0.045872994 
249 149 7 7 0.04584096 
50 144 7 6 0.04575768 
575 71 7 9 0.04562221 
261 136 7 7 0.04559493 
203 155 7 7 0.04558823 
210 136 7 7 0.04547916 
562 74 8 7 0.045385625 
176 68 4 5 0.045312196 
94 150 9 8 0.0452955 
182 143 5 6 0.04526245 
261 105 7 7 0.045149766 
5 99 6 8 0.04489658 
248 91 7 6 0.044886492 
638 28 7 7 0.044815183 
261 99 6 7 0.044762358 
187 150 6 8 0.04467652 
215 155 8 7 0.04464813 
584 80 6 8 0.044627786 
574 96 8 9 0.044598456 
21 99 6 7 0.044476833 
255 80 6 5 0.044235162 
832 296 7 7 0.04414868 
121 91 5 6 0.04406794 
466 8 13 11 0.044035137 
102 135 7 8 0.04398274 
25 104 5 7 0.04392304 
-17 241 506 346 0.043914407 
176 87 4 6 0.04384551 
522 3 9 7 0.04381814 
198 150 6 7 0.04378769 
1006 103 8 11 0.04375475 
611 5 4 5 0.043608535 
27 69 4 5 0.043395616 
647 47 5 8 0.04339014 
261 143 7 7 0.0433655 
514 -1 25 19 0.043319773 
31 144 7 7 0.043196026 
2 115 6 11 0.0431506 
584 120 10 13 0.043061398 
577 67 7 7 0.043002274 
506 193 8 10 0.04295524 
1005 117 6 8 0.042946707 
61 153 9 8 0.04282964 
922 2 7 8 0.04281399 
595 73 6 7 0.04279111 
600 85 7 8 0.04277746 
651 2 9 7 0.04276648 
121 130 6 7 0.04275119 
249 156 7 6 0.042727444 
21 74 5 5 0.042722393 
24 131 7 7 0.04269052 
254 149 8 7 0.04260095 
174 106 4 6 0.042582884 
181 162 5 7 0.04249271 
2 73 5 9 0.04242087 
38 135 7 7 0.042416193 
203 163 7 7 0.04239356 
102 154 7 8 0.042280775 
576 109 12 13 0.042236444 
229 144 8 7 0.04222204 
262 118 7 7 0.042174548 
513 200 7 9 0.042101964 
107 105 6 6 0.04203574 
185 163 6 6 0.041983213 
214 162 9 9 0.041674804 
55 143 8 7 0.041617874 
210 74 6 6 0.041585688 
19 135 7 8 0.04156995 
751 50 90 105 0.04153966 
998 128 8 11 0.04141735 
199 143 7 7 0.041164774 
204 168 8 8 0.04113488 
174 117 5 7 0.041120224 
179 131 5 7 0.04108912 
504 200 8 8 0.041045323 
599 113 11 12 0.04102637 
257 62 6 6 0.04089497 
982 84 10 12 0.040700454 
13 111 6 6 0.040694937 
7 91 5 8 0.04064941 
84 124 7 6 0.040645555 
829 283 8 8 0.04056738 
600 103 9 10 0.040530127 
190 162 8 8 0.040379148 
204 135 6 7 0.040349912 
611 18 4 5 0.040236615 
629 66 4 6 0.040160064 
502 6 12 10 0.040125795 
786 2 8 6 0.039840646 
825 240 7 7 0.03983121 
20 69 5 5 0.03975512 
190 136 7 7 0.03972879 
5 123 6 8 0.039704785 
469 1 14 8 0.039685078 
89 92 6 6 0.039674018 
89 87 6 6 0.03956383 
687 121 9 15 0.03951233 
444 15 45 48 0.039509352 
534 -8 22 22 0.03947817 
18 123 7 7 0.039464206 
263 62 5 6 0.039464165 
1012 0 12 12 0.039408535 
241 137 8 7 0.03939662 
222 73 7 6 0.03937501 
88 143 7 7 0.039304864 
14 99 4 6 0.03929831 
221 137 8 6 0.039292082 
38 150 7 8 0.039248534 
1010 140 8 12 0.039219446 
1018 178 7 10 0.038961586 
998 118 6 7 0.038760386 
81 154 9 8 0.03875351 
595 86 8 9 0.038745128 
24 123 6 7 0.038742855 
639 23 7 6 0.038736034 
235 150 7 6 0.0387166 
812 221 5 6 0.038694277 
844 289 10 10 0.038679186 
1004 185 6 10 0.03858399 
530 6 12 11 0.038565625 
20 142 7 8 0.038522795 
826 228 5 6 0.038454838 
598 96 10 11 0.038406655 
174 152 5 5 0.03839724 
124 263 10 12 0.038250953 
486 8 8 8 0.03823687 
68 154 8 8 0.03822989 
472 23 12 10 0.038221132 
466 -1 9 6 0.03806553 
820 215 6 6 0.037830535 
607 70 7 10 0.037827533 
114 136 7 8 0.03779896 
954 105 12 15 0.037674412 
203 124 7 7 0.03767197 
223 105 6 6 0.037621338 
204 150 6 7 0.03758461 
990 135 8 9 0.037552137 
1002 72 6 8 0.037387572 
596 62 5 6 0.03734293 
103 142 7 8 0.037200727 
562 35 22 23 0.037167538 
595 78 7 8 0.037160803 
249 61 6 6 0.03714256 
670 2 12 8 0.037008252 
261 110 7 7 0.036955047 
13 130 7 7 0.0369299 
988 151 10 14 0.0368482 
492 10 8 8 0.03684378 
983 101 9 12 0.036791652 
244 62 6 5 0.036784485 
501 196 6 7 0.036775596 
645 16 7 7 0.036757562 
599 80 6 7 0.036755864 
573 103 11 13 0.036740683 
42 137 7 7 0.036700558 
76 143 7 7 0.036609516 
186 169 6 7 0.036510766 
637 2 9 6 0.036410075 
724 17 6 5 0.036406264 
877 288 8 9 0.03637705 
52 130 8 7 0.036376983 
-28 -249 203 178 0.03634518 
885 162 13 12 0.036324136 
351 95 8 13 0.036245916 
542 3 6 7 0.036236092 
836 303 7 7 0.03614024 
7 68 5 5 0.036086068 
826 290 6 6 0.036075324 
1012 156 6 8 0.036011133 
811 227 6 6 0.03601088 
942 11 6 6 0.036001105 
475 7 12 11 0.03598517 
31 119 7 6 0.0359723 
631 13 10 9 0.03595454 
991 142 8 11 0.035941314 
628 72 5 7 0.035933394 
5 111 6 8 0.03588267 
242 150 7 6 0.035813063 
24 92 6 6 0.035809405 
175 99 4 6 0.03575278 
130 92 5 7 0.03574548 
114 142 7 8 0.035732772 
426 -5 26 20 0.03570131 
779 2 9 7 0.03563636 
175 73 5 6 0.035533976 
174 155 5 7 0.03549977 
619 3 8 6 0.035429172 
198 136 7 7 0.035376675 
603 154 25 30 0.035260856 
107 143 8 8 0.035212036 
598 90 10 11 0.035205223 
222 150 8 7 0.03520277 
836 246 7 7 0.03520127 
589 90 8 9 0.035067957 
474 9 23 23 0.035063367 
767 178 7 11 0.035038915 
32 131 8 6 0.035038624 
549 42 22 22 0.03499934 
228 168 9 8 0.034959663 
95 136 7 7 0.034927685 
-37 -85 481 369 0.034878064 
128 68 5 7 0.034805715 
1018 148 7 10 0.034793943 
267 67 6 7 0.03476384 
1010 40 8 8 0.03475885 
594 114 9 11 0.034687065 
180 138 5 6 0.034643497 
843 246 8 7 0.03460926 
711 232 6 7 0.034604024 
838 310 6 7 0.034579825 
268 86 6 7 0.03457888 
587 80 6 7 0.03455566 
616 4 5 5 0.03453439 
1007 167 5 10 0.034528088 
601 122 10 12 0.034513853 
228 136 9 7 0.03448161 
513 206 9 9 0.034456976 
87 155 8 7 0.03434954 
29 161 9 10 0.03430591 
1006 183 5 8 0.034270786 
625 21 8 8 0.034232363 
229 149 8 7 0.034230992 
849 264 7 8 0.03420019 
847 308 9 11 0.0341795 
607 87 6 7 0.034163367 
81 136 8 7 0.034150984 
31 149 8 7 0.03415047 
81 151 8 7 0.034137618 
583 61 6 6 0.03412247 
841 188 7 8 0.034103204 
128 79 6 8 0.03393526 
1011 122 7 11 0.033930372 
998 124 7 8 0.0338489 
127 73 6 7 0.03380975 
609 21 6 7 0.03379277 
223 62 7 6 0.033788912 
180 124 4 6 0.033765797 
480 195 28 29 0.033704523 
242 156 8 7 0.033676106 
543 73 6 6 0.033547357 
588 85 6 8 0.033451155 
0 131 5 8 0.033432536 
665 9 10 7 0.033428717 
613 21 6 7 0.033409607 
119 150 8 9 0.03340728 
1010 147 7 11 0.033391483 
1006 173 6 9 0.033368643 
836 314 8 9 0.03332679 
639 15 7 7 0.03330454 
776 3 7 5 0.03329385 
655 29 6 6 0.03327258 
594 109 9 10 0.03315223 
589 62 5 5 0.033142895 
1010 35 7 7 0.033110365 
827 216 4 5 0.033078868 
114 149 9 10 0.033032916 
633 22 7 6 0.03298845 
668 100 10 16 0.03296326 
221 124 8 6 0.03289957 
556 47 7 7 0.032859333 
603 16 5 6 0.032823697 
70 136 7 7 0.03281252 
234 161 9 9 0.032811478 
631 55 4 5 0.032802735 
1010 98 8 11 0.032775544 
985 116 6 8 0.032753542 
266 123 7 9 0.032689583 
539 74 5 6 0.032677773 
833 309 7 7 0.0326604 
599 146 11 15 0.032645453 
1016 75 9 13 0.03264321 
736 239 9 11 0.03261881 
106 154 9 9 0.032561958 
851 258 6 8 0.032513455 
608 97 8 10 0.03250204 
154 91 6 9 0.032410234 
1005 34 7 8 0.032365803 
1 122 6 9 0.03230782 
168 105 5 7 0.032274373 
247 161 10 10 0.032269605 
1010 115 7 10 0.03220983 
634 34 6 7 0.03216376 
821 220 5 6 0.032159936 
845 284 7 7 0.032149907 
986 135 7 9 0.032135483 
558 156 32 27 0.03212694 
557 73 7 9 0.03212061 
814 212 7 8 0.03209227 
1017 141 8 11 0.031987533 
790 97 15 16 0.03188313 
820 227 6 6 0.031829923 
127 130 6 8 0.03180821 
980 130 7 8 0.031794805 
175 225 125 79 0.031785857 
768 3 6 5 0.031775203 
990 44 7 10 0.03176661 
87 137 7 6 0.031743854 
477 27 25 34 0.031703208 
1010 211 12 14 0.031677585 
780 212 7 9 0.03164497 
607 90 7 9 0.031628683 
542 9 7 7 0.031620096 
848 303 8 9 0.031587847 
722 22 7 6 0.031552892 
23 136 7 8 0.031547055 
24 160 9 11 0.031534538 
1003 153 6 10 0.031468045 
556 34 8 8 0.031453297 
126 123 7 8 0.031357564 
497 14 8 9 0.031329285 
602 71 7 9 0.03125709 
832 317 7 8 0.03124891 
997 146 8 12 0.031212538 
276 53 7 9 0.031211814 
81 142 9 8 0.03119472 
197 168 8 8 0.031178618 
509 92 25 22 0.031172382 
998 84 10 13 0.03116666 
895 160 9 10 0.031164123 
254 155 9 7 0.030964244 
760 4 6 5 0.030954931 
529 13 10 10 0.030936822 
757 233 15 15 0.030909415 
710 228 6 7 0.030846262 
1005 143 7 10 0.03082406 
17 149 8 9 0.030773308 
260 154 8 8 0.030740144 
44 143 7 6 0.030736275 
904 275 11 11 0.030697104 
610 49 5 6 0.03069184 
743 166 8 10 0.030681316 
808 222 5 6 0.030678935 
1008 90 10 11 0.03062837 
536 13 9 9 0.030622046 
602 68 7 7 0.030593418 
126 141 8 10 0.030559752 
609 9 5 5 0.030539924 
710 3 8 6 0.030538637 
731 119 101 115 0.030482417 
965 162 10 15 0.030464368 
906 282 9 8 0.030454583 
780 206 8 9 0.030430237 
634 105 7 8 0.030426798 
482 2 10 10 0.030408239 
851 253 6 6 0.030405393 
826 194 7 9 0.030402629 
613 108 8 12 0.030380778 
810 94 23 30 0.030345628 
980 149 7 9 0.030315882 
267 73 6 8 0.030251356 
1006 60 6 7 0.030181644 
655 24 5 6 0.030149924 
588 73 6 6 0.030145695 
268 151 7 7 0.030136777 
503 12 10 10 0.030081563 
134 262 10 10 0.030079672 
820 239 6 7 0.030071937 
175 131 5 7 0.030058743 
636 55 4 6 0.030054182 
1005 78 7 11 0.030006895 
231 62 7 6 0.029986035 
522 53 25 26 0.029968787 
127 106 6 7 0.029953336 
180 168 6 7 0.029914077 
660 24 6 7 0.029898074 
32 136 7 7 0.02987581 
904 33 9 15 0.029871712 
760 -6 24 19 0.029852703 
579 105 9 10 0.02984822 
42 132 7 6 0.02981337 
1004 97 16 22 0.029789438 
626 29 6 6 0.029768411 
199 178 14 12 0.029742394 
716 15 7 7 0.029714389 
892 283 9 8 0.029695699 
78 213 139 88 0.029692605 
771 205 8 9 0.029685767 
268 130 7 8 0.02962591 
664 114 10 17 0.02962426 
738 24 4 5 0.029583981 
858 207 5 6 0.029574644 
857 258 6 8 0.02956653 
668 -5 25 15 0.029533286 
563 61 7 7 0.029521456 
167 111 6 7 0.029513288 
595 55 6 6 0.029435197 
458 -1 8 5 0.029375033 
31 155 8 8 0.029353376 
107 149 8 9 0.029332312 
133 85 5 8 0.029322678 
458 9 10 8 0.029319104 
862 272 7 8 0.029317321 
515 6 11 10 0.029229937 
229 155 9 8 0.029219232 
658 27 7 8 0.029184243 
248 167 9 10 0.02915507 
513 42 5 6 0.029134082 
762 29 6 7 0.02909865 
973 9 6 6 0.029088091 
127 110 6 8 0.029073754 
896 245 7 7 0.029044654 
242 162 9 8 0.029013086 
968 71 10 12 0.028973639 
1005 135 7 10 0.028960494 
186 136 6 7 0.028951054 
629 79 6 8 0.028919727 
37 154 9 8 0.028912669 
543 151 10 11 0.028906392 
483 29 14 16 0.028897308 
834 214 4 6 0.02885376 
106 161 9 10 0.02883969 
268 105 6 7 0.02882313 
853 192 8 10 0.028808406 
647 95 21 24 0.028783042 
876 295 9 10 0.028727828 
229 162 8 8 0.02872333 
704 246 7 8 0.028722292 
242 54 8 8 0.028710214 
490 21 9 10 0.028677694 
980 135 6 9 0.028670711 
800 272 6 7 0.028584437 
268 92 6 7 0.028576104 
717 21 8 8 0.028568968 
127 149 7 9 0.028568702 
76 80 21 21 0.028550498 
561 104 10 12 0.028531726 
160 264 10 9 0.028507754 
682 88 9 14 0.02843422 
980 144 6 8 0.02841379 
622 55 4 6 0.028383479 
735 211 8 9 0.028354285 
189 169 8 7 0.028297508 
665 59 85 107 0.028282175 
168 100 5 6 0.028259462 
624 67 4 6 0.028240087 
676 13 33 24 0.028232649 
716 231 7 9 0.028223118 
152 84 7 10 0.028162552 
980 10 7 7 0.028145721 
1003 122 7 10 0.02812226 
199 -6 31 19 0.028113198 
-47 422 503 415 0.028065344 
623 62 4 5 0.02806376 
268 99 5 7 0.028063081 
838 231 6 7 0.028057031 
149 91 6 8 0.028036995 
662 2 11 7 0.02800909 
121 142 7 8 0.028000226 
225 252 35 29 0.027983839 
127 260 8 9 0.02798117 
666 14 10 10 0.027979508 
1019 163 6 10 0.027952403 
544 61 7 6 0.027925456 
735 167 8 9 0.02792291 
476 4 115 89 0.027917314 
549 28 21 22 0.02789515 
480 233 8 6 0.027893294 
577 61 6 6 0.027891763 
497 0 15 11 0.027835667 
535 43 23 21 0.027802208 
722 229 9 12 0.027797248 
221 155 9 7 0.027777134 
694 0 27 20 0.027749162 
167 129 6 7 0.027742866 
492 58 49 49 0.027701695 
182 64 4 4 0.027698927 
627 36 5 5 0.027697347 
669 120 9 14 0.027686596 
174 125 5 6 0.027677143 
717 3 7 5 0.027672153 
800 2 7 6 0.027596425 
542 79 7 8 0.027582098 
505 40 6 9 0.0275732 
155 98 5 8 0.027557055 
891 4 6 5 0.027549876 
807 225 6 8 0.027535364 
1008 46 9 9 0.027490662 
169 151 5 6 0.027479934 
882 284 9 9 0.027478272 
219 178 14 11 0.027462808 
632 89 9 12 0.027423512 
187 64 5 4 0.027413815 
659 24 31 27 0.027365267 
6 130 6 8 0.027332522 
806 2 5 6 0.027323581 
268 79 5 7 0.027306234 
711 120 8 14 0.02729783 
1005 66 6 8 0.02728326 
589 54 7 6 0.02726553 
641 41 5 6 0.027263993 
550 47 7 7 0.027261129 
153 105 6 9 0.027233506 
676 123 10 16 0.02722942 
633 73 5 7 0.027208824 
731 22 5 6 0.027205454 
626 110 9 11 0.0271699 
621 40 6 7 0.027155813 
702 239 6 7 0.027133236 
539 61 5 6 0.027123326 
221 168 10 8 0.027119782 
812 99 11 15 0.027082155 
95 154 8 8 0.027027423 
267 155 7 9 0.027006896 
562 47 8 7 0.026986605 
548 -1 24 20 0.026970316 
356 96 8 13 0.026929477 
675 -1 12 7 0.02692691 
368 180 25 37 0.026925376 
825 233 5 5 0.026907682 
993 122 7 8 0.026899396 
693 13 15 12 0.026880616 
588 67 6 6 0.026865548 
497 193 24 23 0.026856504 
551 73 6 8 0.026852803 
563 67 7 6 0.026830724 
116 62 6 5 0.026788576 
276 59 7 10 0.026774026 
499 200 8 7 0.026769318 
821 251 5 7 0.026763406 
659 9 7 6 0.026740924 
882 277 7 7 0.02673993 
1017 102 8 13 0.026708106 
730 18 5 5 0.026704643 
31 30 112 115 0.026704444 
889 259 5 8 0.026704248 
218 62 7 6 0.026703533 
643 48 5 7 0.026702292 
854 293 18 24 0.026700415 
630 63 4 5 0.02669041 
509 187 8 10 0.026683612 
1014 167 16 24 0.02666357 
832 258 5 6 0.026638918 
797 118 24 30 0.02659069 
544 48 6 6 0.026568932 
76 154 8 8 0.02653842 
89 81 19 20 0.026530044 
827 208 5 7 0.02650973 
504 5 27 24 0.026505511 
465 -5 26 18 0.026482355 
312 276 595 318 0.02647483 
610 42 4 6 0.026471775 
550 9 7 6 0.026464472 
889 278 6 7 0.02645539 
602 42 6 6 0.026448064 
812 233 6 7 0.026437245 
1003 86 10 14 0.026423803 
220 162 9 9 0.026409375 
169 156 5 6 0.026399005 
796 81 4 6 0.026398463 
832 192 8 10 0.026339447 
659 15 7 7 0.02633639 
616 28 6 7 0.026327189 
558 4 6 5 0.026325766 
267 118 6 8 0.026315076 
1011 162 6 9 0.026311759 
984 53 7 9 0.026311439 
100 68 20 19 0.026302654 
557 9 7 7 0.026293647 
114 162 8 9 0.02628882 
628 42 5 6 0.026267447 
799 259 6 7 0.02626192 
590 80 20 21 0.026224291 
602 48 6 6 0.026222503 
1012 60 7 9 0.026135758 
837 182 7 8 0.026131386 
533 62 5 5 0.02611995 
1001 28 8 9 0.0261136 
88 150 7 7 0.026082814 
518 61 6 7 0.026076665 
581 97 7 9 0.026067736 
409 -5 27 20 0.026057456 
657 0 24 15 0.026056763 
773 175 22 26 0.026054574 
851 246 6 7 0.026054334 
702 4 9 6 0.026045984 
654 82 20 25 0.026043626 
127 136 7 9 0.026033849 
603 22 5 6 0.026014805 
687 -3 11 7 0.026012735 
857 288 8 10 0.026007753 
174 80 5 6 0.025998944 
983 79 9 10 0.0259876 
549 35 8 7 0.025985945 
832 209 5 6 0.025981335 
589 97 9 9 0.025949106 
550 61 6 6 0.0259273 
589 104 8 9 0.025926678 
167 125 6 7 0.025898322 
850 275 8 9 0.025889039 
669 55 193 154 0.025888618 
691 225 7 10 0.02584907 
64 143 7 7 0.025841964 
608 60 6 6 0.025831813 
566 136 11 10 0.025818814 
339 140 6 11 0.025817491 
984 131 7 9 0.025780538 
914 285 9 8 0.025777549 
830 240 7 7 0.025767928 
541 109 11 13 0.025726277 
321 130 5 8 0.025693724 
121 136 7 8 0.02568038 
499 -11 24 23 0.025678804 
1005 97 8 10 0.025678325 
855 188 8 10 0.025673313 
179 -8 22 20 0.025666354 
648 14 22 26 0.025657956 
993 118 6 8 0.025641587 
773 175 8 10 0.025600707 
971 4 7 7 0.025570732 
254 54 9 8 0.025555814 
875 275 9 9 0.02555303 
753 192 8 10 0.025547117 
207 173 11 11 0.02553036 
626 15 9 7 0.025479045 
857 183 6 7 0.025473302 
601 129 11 13 0.02547007 
550 87 6 7 0.025458574 
666 90 8 10 0.025437815 
248 54 9 8 0.025436692 
526 42 5 6 0.025405955 
267 61 6 7 0.025372233 
267 142 7 8 0.025365321 
268 53 7 8 0.025313672 
508 203 24 24 0.025299167 
651 0 8 4 0.025278306 
652 8 8 7 0.025265908 
966 4 7 6 0.02525658 
978 153 8 11 0.025256166 
1007 75 17 23 0.025230015 
685 211 8 11 0.025226895 
756 204 23 23 0.025223855 
970 140 8 12 0.025213022 
826 245 7 7 0.025204703 
168 87 4 6 0.025173109 
612 24 24 25 0.025164679 
602 60 6 7 0.025157403 
1018 187 8 11 0.025139214 
850 284 7 8 0.025131263 
901 247 6 6 0.025100878 
616 55 4 6 0.025072347 
160 98 5 7 0.025067009 
985 40 7 9 0.025065582 
772 212 9 10 0.02504299 
550 4 6 6 0.025038837 
139 260 9 9 0.025037026 
614 67 6 7 0.025007308 
716 10 8 6 0.025003834 
556 40 8 8 0.024995452 
161 260 7 7 0.024993097 
334 131 6 8 0.02498991 
807 208 6 8 0.024979059 
826 220 5 5 0.024975715 
160 86 6 7 0.024974829 
488 1 24 21 0.024941947 
679 1 14 9 0.02493973 
648 36 4 6 0.024909383 
553 110 11 11 0.024900174 
730 28 6 6 0.024895886 
653 16 7 6 0.02488708 
744 24 4 5 0.02488533 
701 227 7 7 0.024870576 
963 365 25 22 0.024861176 
971 21 8 11 0.024860663 
813 4 7 5 0.024854032 
556 28 8 8 0.024839072 
985 29 7 8 0.024827007 
615 9 6 6 0.024819428 
562 34 8 8 0.02480161 
966 121 9 11 0.024797635 
615 61 5 5 0.02479078 
1000 38 20 23 0.02478608 
80 68 23 19 0.024768328 
614 122 8 12 0.024758466 
517 201 8 9 0.024751995 
76 150 8 7 0.02474104 
582 55 7 6 0.024737952 
1011 77 8 11 0.024733664 
111 144 18 21 0.02473184 
358 111 8 10 0.024727834 
623 73 5 6 0.024723236 
550 41 7 7 0.024709215 
385 69 24 23 0.02470718 
708 211 7 10 0.024705984 
737 28 5 6 0.024690086 
843 312 10 11 0.024672227 
985 159 9 14 0.024650285 
757 29 5 6 0.024642674 
527 62 4 5 0.02463006 
253 161 10 10 0.024625603 
630 127 14 16 0.024622992 
865 208 5 6 0.02460477 
594 135 94 82 0.024597112 
269 110 5 8 0.024596632 
552 77 7 9 0.024586186 
792 3 7 6 0.02456807 
533 68 5 5 0.024561616 
-2 201 133 87 0.024555761 
56 135 8 7 0.024546525 
980 14 6 7 0.024524735 
538 48 6 5 0.024521194 
807 272 6 8 0.024503801 
1017 89 9 12 0.024503317 
109 62 6 5 0.024503153 
763 181 8 10 0.024491722 
168 92 5 7 0.024474815 
585 148 14 17 0.024466855 
544 68 6 6 0.024454176 
568 48 21 23 0.024432372 
820 194 5 8 0.024424074 
639 -1 8 5 0.024406172 
575 35 22 23 0.024402944 
740 231 9 10 0.02439792 
634 40 6 8 0.02439005 
858 302 9 10 0.024363719 
538 55 6 5 0.024350766 
543 15 7 7 0.0243233 
76 136 7 7 0.024316564 
787 0 6 4 0.024295153 
843 232 8 8 0.024292847 
527 49 4 5 0.024284404 
235 62 7 6 0.024283238 
633 98 8 8 0.024280848 
988 138 17 23 0.024273515 
265 160 9 11 0.024258113 
969 115 11 13 0.024227837 
820 234 6 5 0.024227222 
977 179 8 12 0.024224443 
128 98 6 8 0.024220388 
984 9 7 8 0.024207007 
734 204 9 12 0.024205662 
971 148 8 10 0.024203096 
641 53 6 7 0.024195876 
696 244 9 9 0.024190076 
161 105 6 7 0.024188733 
631 -1 10 6 0.02417578 
122 63 5 5 0.0241623 
783 74 6 8 0.024155837 
126 118 6 8 0.024110597 
736 178 23 26 0.024088576 
897 257 6 8 0.024081409 
965 155 8 11 0.0240767 
985 180 7 10 0.024064817 
267 136 7 8 0.02403878 
968 130 7 8 0.024009377 
569 61 7 7 0.024004793 
772 -14 23 19 0.024000598 
684 226 9 13 0.023997415 
551 67 6 6 0.023995182 
581 90 8 10 0.023984717 
144 254 29 25 0.023972543 
801 207 6 9 0.023951633 
788 210 8 11 0.02394802 
615 -15 20 19 0.023944765 
160 93 5 7 0.023943594 
653 40 6 8 0.023943203 
12 143 7 7 0.023938894 
889 174 9 10 0.023932856 
830 278 8 8 0.023924954 
1017 134 7 12 0.02392426 
608 30 112 103 0.023922808 
12 135 8 8 0.023912167 
898 5 6 5 0.023906585 
760 194 8 9 0.02390623 
1009 155 16 25 0.023832442 
491 188 8 8 0.023830332 
233 44 25 25 0.023828374 
274 84 7 10 0.023826718 
259 161 9 10 0.023823995 
608 54 6 7 0.02381724 
742 214 6 7 0.02379278 
825 185 7 10 0.023787713 
544 41 7 7 0.023779735 
1019 123 6 10 0.023778696 
107 156 19 24 0.023761982 
609 79 5 7 0.023758331 
154 260 7 6 0.023758166 
841 86 5 7 0.023753563 
990 53 7 9 0.023749797 
476 -1 12 7 0.02372427 
958 81 9 14 0.023716351 
522 -1 8 6 0.023702612 
761 199 9 10 0.023687111 
263 54 7 7 0.023639947 
520 42 4 6 0.023628676 
850 179 7 9 0.023609191 
747 250 11 11 0.023597118 
520 -17 26 23 0.023596395 
529 21 9 8 0.023593044 
452 7 10 8 0.023569295 
648 30 4 5 0.023551084 
942 3 6 5 0.023539457 
544 35 7 7 0.023525577 
1 135 5 9 0.023515742 
558 87 7 9 0.0235078 
735 246 10 14 0.023502491 
529 188 8 9 0.023498159 
915 252 7 8 0.023489455 
569 97 9 10 0.023485089 
523 8 10 8 0.023483539 
522 4 25 23 0.023482211 
862 257 9 9 0.023479845 
857 272 6 7 0.02346078 
800 279 7 7 0.023460647 
539 68 5 5 0.02344885 
526 55 5 5 0.023447705 
754 187 22 23 0.023446124 
1010 53 8 9 0.023442822 
549 27 8 8 0.023435885 
192 85 18 21 0.023424724 
201 169 21 19 0.02342064 
966 9 6 6 0.023420252 
275 65 7 10 0.023418635 
613 135 19 26 0.023374151 
688 3 11 7 0.023365181 
68 150 7 7 0.023351813 
569 34 8 8 0.02333643 
845 251 6 6 0.023316128 
628 91 6 8 0.023315746 
709 218 6 9 0.023311567 
615 166 31 31 0.023304164 
624 15 24 23 0.023302367 
175 137 5 6 0.02330149 
537 35 7 7 0.023300754 
479 227 7 7 0.023292651 
446 219 10 9 0.0232886 
327 132 5 6 0.023286961 
220 62 24 20 0.023285508 
624 3 22 17 0.023272762 
148 252 6 6 0.023231594 
669 97 19 25 0.023223406 
102 62 7 5 0.023219317 
148 83 7 10 0.023209445 
722 10 9 6 0.023184944 
998 186 7 11 0.023176996 
856 246 6 7 0.023159396 
415 228 6 5 0.023146402 
519 55 5 7 0.023136854 
152 265 9 8 0.023131263 
771 230 12 16 0.023129525 
523 95 22 22 0.023119276 
490 193 9 9 0.023111226 
556 67 6 6 0.023092054 
134 66 6 9 0.023086198 
984 148 9 12 0.023085414 
537 -1 8 6 0.023081444 
984 187 7 10 0.023080554 
199 31 106 92 0.023075985 
977 77 10 13 0.023072068 
848 295 8 9 0.02307089 
935 369 27 24 0.023056203 
1004 54 7 7 0.023051852 
802 0 4 3 0.023050867 
777 101 51 62 0.023046378 
207 53 27 24 0.023040185 
548 108 11 12 0.023037894 
160 130 6 8 0.023011157 
1019 154 6 9 0.023007723 
807 212 6 8 0.022995628 
655 33 6 8 0.022981204 
978 21 8 8 0.022971632 
728 237 7 10 0.022957468 
858 200 6 9 0.02295546 
192 155 19 21 0.022928948 
189 -16 24 17 0.022914382 
793 272 6 7 0.022911731 
534 91 10 11 0.022908008 
511 13 10 9 0.022896297 
852 170 7 7 0.022868073 
872 5 5 5 0.022851562 
695 3 9 6 0.022816906 
732 196 13 16 0.022809502 
999 182 6 8 0.022788128 
175 145 4 5 0.022780722 
266 40 11 9 0.022780221 
884 206 6 8 0.022779038 
124 260 24 24 0.022762548 
146 260 8 6 0.022718452 
710 -1 7 4 0.022705745 
723 2 10 6 0.02268604 
185 174 8 9 0.022685628 
411 228 26 22 0.022679992 
565 91 21 23 0.022674896 
678 83 16 25 0.022655813 
825 277 7 7 0.022651996 
762 183 83 99 0.022613803 
588 109 7 9 0.022605224 
507 175 5 6 0.022575757 
689 9 12 9 0.022570023 
321 124 5 8 0.022560278 
966 148 8 11 0.022560263 
985 142 8 10 0.02254178 
556 15 7 8 0.02253599 
655 96 11 14 0.022527821 
532 55 6 5 0.022514667 
562 40 8 8 0.02251 
530 67 21 23 0.022505246 
603 9 5 6 0.022499371 
511 -8 52 40 0.022499174 
838 252 6 6 0.02249729 
727 173 9 10 0.022476008 
946 10 6 7 0.02246714 
826 301 97 98 0.022465335 
891 11 5 6 0.022462105 
257 33 25 22 0.022433724 
784 207 23 31 0.022395672 
677 0 29 18 0.022389416 
250 124 21 20 0.022362739 
814 273 5 7 0.02235944 
813 207 8 8 0.022357134 
556 53 8 7 0.022354968 
217 263 29 25 0.02235042 
131 140 8 12 0.022347601 
629 135 23 27 0.022324162 
550 15 7 8 0.022311728 
1011 168 6 9 0.02230387 
984 58 8 10 0.022298804 
327 110 5 9 0.02229532 
663 -16 24 18 0.022263126 
838 198 8 9 0.022240441 
900 155 8 10 0.022237197 
42 150 8 7 0.022215977 
825 201 7 9 0.022214245 
984 33 7 9 0.022210497 
991 88 8 12 0.02220171 
911 247 4 6 0.022192176 
614 49 5 6 0.022187388 
562 54 7 6 0.022181936 
704 19 14 12 0.022174528 
664 106 10 16 0.022157691 
252 144 21 22 0.022152442 
636 61 4 6 0.02214891 
998 175 5 8 0.02213483 
133 79 5 9 0.022115352 
658 90 9 11 0.022091009 
67 169 10 10 0.022086028 
1011 27 8 9 0.022083936 
834 9 6 7 0.022080487 
778 220 9 11 0.022079432 
620 105 9 10 0.02207785 
181 -1 6 5 0.02206408 
516 -9 10 9 0.022059722 
603 35 6 7 0.022042876 
856 252 6 7 0.02204251 
722 27 8 8 0.022030838 
921 6 8 9 0.0220221 
639 34 6 7 0.022012074 
563 28 7 8 0.022008995 
821 183 22 27 0.022007957 
888 156 9 9 0.021991035 
192 83 94 97 0.021986278 
620 14 8 7 0.021985637 
632 79 7 10 0.021985227 
620 23 8 7 0.021984762 
779 26 8 10 0.021976694 
556 21 7 8 0.021963708 
935 4 6 5 0.021958644 
553 103 10 11 0.021956531 
838 214 6 7 0.021953449 
600 137 12 15 0.02195298 
814 194 6 8 0.021946503 
856 213 6 7 0.021937663 
869 286 6 7 0.021931367 
629 84 6 9 0.021929026 
203 -16 24 17 0.021923339 
858 265 5 6 0.021910822 
877 168 8 10 0.021910619 
568 130 9 8 0.021902857 
703 233 6 8 0.021875666 
812 239 6 8 0.021873288 
246 61 22 21 0.021872176 
322 136 5 8 0.021869617 
700 102 10 14 0.02186493 
901 252 6 7 0.02185539 
155 253 6 6 0.021830501 
536 29 22 21 0.021817554 
831 201 7 8 0.021814512 
569 27 8 9 0.021788979 
794 257 6 8 0.021777585 
661 15 55 50 0.021772986 
63 136 7 7 0.02175662 
223 74 21 20 0.021740716 
595 100 19 20 0.021740697 
611 0 4 3 0.021714177 
616 80 5 7 0.021710848 
898 345 12 16 0.021707207 
527 68 4 6 0.021700628 
132 91 6 8 0.021691095 
807 0 5 4 0.021690512 
532 48 6 6 0.021685869 
168 73 5 7 0.02166588 
168 80 5 6 0.02166379 
334 124 5 7 0.021652352 
866 213 5 7 0.021637581 
697 231 7 9 0.02163334 
705 208 7 8 0.02163111 
984 123 7 9 0.021621551 
818 208 7 7 0.021615336 
895 289 10 10 0.021606117 
543 54 7 6 0.021588253 
636 21 21 25 0.021578925 
506 141 6 11 0.021578748 
966 109 10 10 0.02157375 
1004 166 15 26 0.021564733 
793 265 6 8 0.02153239 
259 154 18 22 0.02152195 
705 218 7 9 0.02151863 
566 144 24 22 0.021510836 
619 28 8 7 0.021508226 
153 110 6 9 0.021468556 
890 244 7 8 0.021463266 
560 155 12 11 0.021462824 
881 272 7 7 0.021461127 
141 85 6 8 0.021451268 
735 116 10 15 0.021451171 
504 44 25 34 0.02144444 
933 10 7 8 0.021442914 
949 154 7 15 0.02143479 
507 182 6 8 0.021434056 
490 27 10 12 0.021432031 
637 89 11 12 0.021419628 
632 139 11 14 0.021416366 
568 77 16 21 0.021409072 
991 67 7 8 0.02139369 
618 133 10 16 0.021392584 
238 155 20 21 0.021392493 
191 63 7 6 0.021390064 
327 136 5 8 0.021381091 
166 118 7 7 0.021369882 
1002 218 9 12 0.021366203 
963 138 11 13 0.021358335 
569 54 8 7 0.021356344 
760 9 9 7 0.021352854 
333 97 5 10 0.021346284 
798 15 8 9 0.021340156 
247 81 22 20 0.021335896 
614 72 6 8 0.021332072 
814 201 7 8 0.021328527 
516 14 12 10 0.02132224 
575 34 8 8 0.021291493 
198 175 9 9 0.021289846 
569 40 8 8 0.021283213 
622 49 4 6 0.021281552 
173 161 6 8 0.021279683 
160 124 7 8 0.02125186 
50 149 7 8 0.021246945 
266 46 10 10 0.021240588 
985 22 6 6 0.021236243 
596 49 6 5 0.021235213 
723 220 7 11 0.021227421 
753 172 9 11 0.021225952 
903 27 7 10 0.021222556 
831 233 7 6 0.021220535 
94 100 21 20 0.021193817 
22 167 12 11 0.021192495 
275 47 7 9 0.021177167 
800 212 6 9 0.021153167 
956 113 10 13 0.02115168 
415 222 5 4 0.021147482 
757 3 5 5 0.021141803 
23 155 9 9 0.02114103 
964 85 9 11 0.021135673 
759 12 11 11 0.021125376 
837 174 7 8 0.021118585 
615 0 5 3 0.021117173 
743 29 5 5 0.021115504 
805 14 8 9 0.021108048 
524 34 7 8 0.021104284 
766 11 8 6 0.021103892 
557 61 7 6 0.021103539 
877 302 8 9 0.021094773 
518 68 5 7 0.021086715 
792 15 7 9 0.02108365 
682 43 46 57 0.02107826 
799 264 6 8 0.021077937 
215 174 12 11 0.02107693 
538 42 6 6 0.02107644 
831 3 5 6 0.02107639 
635 48 5 6 0.02107534 
340 102 6 11 0.021068776 
956 162 37 47 0.021057744 
504 205 8 9 0.021055566 
1016 24 8 10 0.021047797 
533 195 11 14 0.021046788 
786 271 6 8 0.021046149 
646 3 55 37 0.02104483 
294 154 7 11 0.021040628 
727 167 9 10 0.021037102 
787 9 8 6 0.021033615 
709 8 9 7 0.02102529 
457 12 12 12 0.021014333 
801 220 5 7 0.021005234 
727 246 8 9 0.020997005 
985 171 8 12 0.020991685 
181 167 23 22 0.020987604 
209 67 21 20 0.020983167 
577 55 6 6 0.02098089 
992 71 7 8 0.02095563 
800 143 22 30 0.020952387 
11 162 8 9 0.020937461 
550 21 7 8 0.020931276 
149 105 5 9 0.020930424 
446 1 26 21 0.02091339 
688 -7 24 17 0.020903572 
80 231 26 22 0.02090173 
542 55 21 21 0.020870117 
532 42 6 6 0.020868188 
563 21 7 8 0.02086773 
543 28 8 8 0.020865167 
553 125 11 13 0.020864556 
884 181 7 10 0.020857254 
746 173 21 25 0.02085516 
885 16 5 6 0.020848764 
772 20 8 9 0.020844871 
537 78 7 8 0.020829145 
1000 69 6 7 0.020822434 
602 54 7 7 0.020819673 
382 79 22 29 0.020798143 
61 67 23 19 0.020795992 
1007 121 16 24 0.020793915 
495 222 27 25 0.020779317 
87 162 9 9 0.02076892 
836 285 8 7 0.02076083 
595 35 6 7 0.020751035 
807 200 6 8 0.020750394 
671 126 8 14 0.020735264 
275 78 6 10 0.020722697 
981 153 17 24 0.020715063 
569 68 7 5 0.020714816 
912 274 11 10 0.02071366 
616 42 5 6 0.020713104 
3 68 4 6 0.020700742 
915 33 7 10 0.020691302 
204 62 7 6 0.020680081 
458 220 12 10 0.020675605 
167 162 6 8 0.020665715 
992 30 8 11 0.020655416 
968 34 6 8 0.020653803 
422 234 7 7 0.020628603 
882 174 8 10 0.020623691 
106 87 21 19 0.020620715 
703 119 9 15 0.02062054 
634 67 5 6 0.020618418 
517 187 9 10 0.02061801 
496 21 8 9 0.020617075 
832 327 26 30 0.020612305 
647 22 5 6 0.020606149 
778 14 9 9 0.02060083 
456 1 48 39 0.020598453 
817 4 10 8 0.020597966 
837 10 6 7 0.020594237 
562 140 11 11 0.020593999 
292 179 10 15 0.020592865 
501 23 26 31 0.020583248 
985 110 7 9 0.02058151 
573 136 9 9 0.020575466 
824 252 7 6 0.020572461 
895 240 7 8 0.020558266 
204 149 20 19 0.020552866 
998 38 8 10 0.020547803 
825 374 28 25 0.020542877 
1002 110 17 22 0.020525271 
971 15 7 8 0.020520762 
621 -5 23 17 0.020517586 
753 198 9 11 0.020506132 
221 52 11 9 0.020504685 
522 186 9 11 0.020496327 
160 79 6 8 0.020495819 
52 137 7 6 0.020488787 
693 88 19 28 0.020484153 
447 -1 10 6 0.020481294 
328 123 5 8 0.020474946 
877 258 7 8 0.020469502 
945 16 6 6 0.020456405 
569 47 7 7 0.020448763 
825 271 7 7 0.020438299 
282 54 6 8 0.020434158 
795 0 5 3 0.020433338 
675 101 10 14 0.020431561 
133 72 6 9 0.020413287 
800 80 5 7 0.020410687 
625 139 11 15 0.020405304 
50 161 9 10 0.020385016 
565 131 22 20 0.0203794 
999 212 8 13 0.020376708 
154 117 6 9 0.020373618 
778 231 9 12 0.02035941 
748 21 22 27 0.020359062 
1017 95 8 12 0.020353565 
853 213 6 7 0.020345615 
1013 73 6 9 0.020318434 
854 208 5 6 0.020315543 
915 289 9 9 0.020311063 
832 254 5 6 0.02029998 
817 126 9 13 0.020290757 
321 143 5 9 0.020278113 
703 96 17 27 0.020277044 
534 74 5 6 0.020274794 
562 85 9 11 0.020273866 
836 306 21 22 0.020245288 
821 266 5 7 0.020240014 
697 221 6 7 0.020234678 
133 123 6 10 0.020232324 
342 467 442 523 0.020205593 
701 81 9 14 0.020200467 
859 283 7 9 0.020199237 
806 276 7 8 0.020191502 
569 21 7 8 0.020182004 
135 61 6 8 0.020180132 
154 124 6 9 0.020178393 
564 15 7 7 0.020172944 
715 134 8 11 0.020135645 
750 233 7 8 0.020134797 
728 250 8 10 0.020120287 
754 181 7 9 0.020113077 
755 34 6 8 0.02010827 
985 72 8 8 0.02009311 
74 92 23 21 0.020091332 
536 28 8 8 0.020082792 
222 86 19 20 0.020082127 
125 153 8 11 0.020078557 
772 203 22 27 0.020064386 
737 159 20 24 0.020057531 
444 226 12 9 0.020054491 
858 233 6 8 0.020052155 
90 56 26 23 0.02004702 
767 26 9 9 0.02003974 
805 237 21 23 0.020030826 
550 54 7 6 0.020029174 
488 12 22 26 0.020028766 
228 41 8 8 0.020025985 
160 137 6 7 0.020025196 
995 28 12 15 0.020023026 
839 208 6 7 0.02001947 
