1_Handshaking_Handshaking_1_107
17
394 174 166 257 0.9988506 
771 610 31 35 0.52389497 
724 686 32 38 0.082783006 
1002 735 421 619 0.04627334 
1008 -99 410 612 0.043857165 
905 318 454 639 0.03903813 
745 651 33 35 0.032463104 
-210 -1 164 388 0.0314602 
656 618 25 42 0.025771713 
719 670 25 38 0.025655612 
673 656 11 18 0.024884978 
-197 991 185 437 0.024645494 
765 612 12 23 0.023760026 
677 684 9 18 0.021368982 
544 395 425 661 0.021364082 
677 673 9 19 0.02104337 
286 1083 130 130 0.020239841 
