56_Voter_peoplevoting_56_228
114
921 324 27 34 0.99959 
601 302 42 56 0.9992223 
797 330 26 30 0.99909925 
115 73 42 68 0.9980579 
636 246 44 44 0.9922212 
10 211 42 50 0.98916143 
465 402 24 42 0.9853055 
552 279 38 42 0.96806115 
869 362 27 32 0.43429852 
989 506 9 10 0.16438778 
993 485 9 12 0.10590087 
208 428 39 38 0.06152228 
685 296 28 30 0.058921177 
856 361 23 30 0.057202972 
1004 480 6 9 0.05572769 
82 214 9 12 0.050444525 
1011 481 7 9 0.049010836 
94 116 8 10 0.04527207 
990 475 6 8 0.044585895 
49 153 8 9 0.043675188 
26 131 7 9 0.040356576 
1004 494 6 8 0.038900997 
480 303 35 51 0.03852765 
35 120 9 10 0.037615653 
1006 490 5 7 0.03689782 
106 26 23 21 0.036697946 
1012 486 7 11 0.036309842 
117 219 49 48 0.035448797 
72 121 6 8 0.03541938 
63 157 6 7 0.033938136 
69 193 8 10 0.033654667 
377 425 12 12 0.0333555 
50 137 7 7 0.03209964 
853 336 6 8 0.03130458 
-20 -167 174 161 0.030744312 
759 296 11 14 0.030468065 
50 132 6 6 0.030026851 
48 46 9 11 0.029812708 
358 302 7 8 0.029022964 
20 130 5 8 0.028963447 
361 286 4 5 0.028744385 
70 189 6 7 0.028606834 
75 198 8 9 0.028348085 
39 130 6 6 0.028114239 
14 175 5 6 0.02794107 
854 338 10 15 0.027368685 
67 207 38 48 0.026823862 
122 57 8 11 0.026686743 
912 401 29 27 0.026236802 
20 125 5 6 0.026218887 
23 105 7 9 0.026196416 
364 299 7 11 0.026105938 
29 134 7 9 0.025923839 
676 6 10 16 0.025615249 
15 155 4 6 0.02557818 
66 136 8 9 0.025526274 
64 142 7 8 0.025440214 
863 337 9 13 0.025242062 
16 153 3 5 0.024940457 
58 157 6 8 0.02483518 
367 286 4 5 0.024745004 
91 129 6 7 0.024573613 
72 155 6 6 0.024488065 
351 327 7 8 0.024348807 
353 322 7 8 0.02432689 
109 124 7 8 0.024290763 
75 123 6 8 0.024261983 
366 290 4 6 0.024151582 
391 278 6 7 0.024000766 
34 143 5 7 0.02382362 
25 90 6 8 0.023691855 
27 123 7 8 0.023643266 
63 150 5 6 0.023564927 
88 216 9 11 0.023518037 
361 290 4 6 0.023507133 
81 199 7 9 0.023315871 
59 223 23 34 0.023170805 
101 117 7 8 0.022857461 
510 227 10 16 0.022838697 
21 162 5 7 0.022831159 
361 281 3 4 0.022651814 
108 116 8 10 0.022601128 
12 163 5 5 0.022595208 
8 159 4 5 0.022479745 
832 348 7 8 0.022447912 
495 329 44 51 0.022316154 
15 172 4 5 0.021907607 
476 419 12 22 0.021904958 
410 282 7 8 0.021832304 
58 144 5 6 0.021768592 
999 474 6 8 0.021574788 
1016 487 7 10 0.021540057 
826 347 8 11 0.02145985 
75 150 8 8 0.02135399 
356 316 10 11 0.021161612 
46 142 8 8 0.021132473 
364 548 5 5 0.021031711 
923 631 30 29 0.021002326 
111 112 6 7 0.02092587 
967 473 9 11 0.020908436 
462 341 5 8 0.02088018 
52 105 7 7 0.020826759 
333 316 8 8 0.020778788 
52 98 6 6 0.020768896 
76 99 6 7 0.020756079 
72 152 7 6 0.020485697 
384 279 5 6 0.020355588 
826 340 7 9 0.02035231 
1018 482 6 8 0.020267677 
47 138 6 6 0.020216582 
267 296 7 7 0.020205908 
417 355 5 6 0.02010516 
79 218 14 18 0.020083385 
1004 475 8 10 0.020053426 
