56_Voter_peoplevoting_56_782
206
723 19 74 90 0.9979948 
407 196 47 97 0.24239428 
148 167 36 46 0.117619485 
666 129 24 24 0.107266255 
408 166 24 25 0.06625923 
-19 -148 174 159 0.06577755 
582 127 115 82 0.06477084 
161 162 21 30 0.06413438 
168 154 18 26 0.059010427 
577 123 53 47 0.05820926 
518 174 66 55 0.056910057 
667 271 219 169 0.05508699 
202 73 157 234 0.055062626 
144 189 18 29 0.054848272 
427 180 80 121 0.054832082 
481 140 85 114 0.054281984 
607 148 59 46 0.05184284 
131 153 21 25 0.049594935 
144 283 7 13 0.04836469 
489 138 43 64 0.0471428 
601 133 26 28 0.04606459 
912 73 4 7 0.045747977 
76 23 33 25 0.043551568 
136 141 72 80 0.042781305 
132 137 25 31 0.0421928 
542 144 47 41 0.0415032 
587 190 23 26 0.041351426 
89 149 16 29 0.03985333 
543 171 29 27 0.038243815 
590 174 126 88 0.038238432 
671 137 25 27 0.03714997 
162 190 20 33 0.03661493 
122 150 42 58 0.036227763 
310 86 39 57 0.036216225 
507 180 26 43 0.034243893 
329 -5 25 22 0.03410957 
963 181 9 12 0.033712126 
557 167 31 30 0.033020217 
183 268 8 18 0.032450236 
581 193 46 53 0.032246917 
344 145 126 187 0.032156877 
182 165 12 18 0.031613767 
662 127 15 15 0.03136169 
560 169 52 49 0.03082537 
422 198 20 32 0.03080667 
643 132 48 40 0.030650076 
525 190 27 35 0.030604523 
514 148 54 51 0.030602945 
924 169 12 18 0.030358959 
751 248 141 110 0.030151825 
624 143 27 31 0.029875979 
841 567 5 7 0.029671362 
381 148 11 17 0.029438173 
393 124 25 29 0.029410973 
412 138 12 16 0.02935118 
-11 469 423 343 0.028992461 
426 209 23 48 0.028951626 
616 131 26 29 0.028940296 
540 131 32 35 0.028904885 
151 154 10 13 0.028715063 
94 15 26 31 0.028714566 
516 198 24 40 0.028607305 
490 667 49 54 0.028266532 
835 584 25 30 0.0282396 
523 124 101 82 0.028235823 
114 94 148 175 0.028090537 
526 212 20 34 0.02801813 
379 135 22 27 0.027909389 
616 106 15 18 0.027907936 
528 176 30 28 0.027675034 
525 274 18 30 0.027516615 
223 295 6 12 0.027358135 
176 169 11 17 0.027111363 
961 3 4 8 0.026948178 
155 147 22 31 0.026616385 
-1 163 30 83 0.026501356 
628 114 15 18 0.02629475 
368 140 22 29 0.026129007 
581 162 29 31 0.026013162 
152 163 8 11 0.025979659 
338 15 22 33 0.025827674 
175 183 20 33 0.025795238 
346 279 6 8 0.025726324 
158 177 13 20 0.025659053 
488 199 41 67 0.02562948 
605 115 25 29 0.025576074 
464 210 42 65 0.025418624 
534 144 14 16 0.025409892 
662 148 26 22 0.025316047 
185 141 22 29 0.025106823 
609 101 16 18 0.02503553 
329 8 24 27 0.024922254 
66 36 45 66 0.024753297 
143 159 11 16 0.024524242 
156 187 13 23 0.024510156 
607 -109 272 180 0.024502603 
99 331 74 106 0.024470536 
138 173 9 13 0.024462795 
603 252 11 18 0.024432778 
119 343 10 17 0.024283577 
947 143 6 9 0.024251025 
966 92 8 12 0.02421106 
325 152 79 122 0.024206419 
607 170 34 35 0.024155775 
49 158 75 132 0.024145009 
711 484 27 22 0.024130747 
463 71 195 171 0.024019033 
604 145 29 36 0.023924781 
573 151 13 17 0.023880808 
544 205 25 34 0.023851344 
182 184 10 17 0.02379459 
858 -162 253 162 0.02376718 
350 22 11 20 0.023759415 
138 320 8 14 0.023638375 
985 84 11 16 0.023507155 
615 119 57 51 0.023477249 
127 355 23 31 0.023224438 
169 185 10 17 0.023205841 
433 222 10 22 0.023200102 
177 196 8 18 0.023176653 
191 168 20 31 0.02308299 
162 261 17 31 0.023056231 
611 205 29 33 0.023002604 
390 162 6 10 0.022995362 
330 -18 21 21 0.02263249 
188 277 11 20 0.022627607 
485 211 9 14 0.02261701 
143 152 22 30 0.022553526 
191 185 9 15 0.022485677 
543 156 111 94 0.022442384 
565 131 27 35 0.02244119 
230 333 21 28 0.022423238 
388 156 8 11 0.022395534 
192 250 7 10 0.022323435 
122 346 20 27 0.022251477 
613 160 11 13 0.022170082 
579 199 11 18 0.02197535 
651 354 156 110 0.021946695 
585 228 19 30 0.02194566 
605 209 60 56 0.021879278 
597 232 21 34 0.021857103 
439 31 26 29 0.021823548 
284 337 5 8 0.021819111 
69 135 33 56 0.02179734 
406 114 12 16 0.021772843 
611 150 13 17 0.021769887 
846 599 6 6 0.021716202 
411 202 23 40 0.021708809 
627 124 25 27 0.021695783 
178 169 20 30 0.021653473 
504 247 6 10 0.02165102 
499 239 7 12 0.021630464 
580 188 9 12 0.021548022 
537 155 9 11 0.021453133 
542 191 24 29 0.021390824 
552 144 15 17 0.021285458 
344 307 20 28 0.021276563 
499 225 8 12 0.021153038 
335 208 23 35 0.021107746 
578 180 13 14 0.02106618 
139 181 8 12 0.021059427 
437 54 21 31 0.021051336 
828 564 3 5 0.021036988 
615 188 31 31 0.021017332 
628 215 101 73 0.021005522 
604 157 13 18 0.020970164 
708 168 51 52 0.020928886 
506 151 22 37 0.020922763 
584 112 28 26 0.020898227 
527 145 13 15 0.020886132 
133 195 22 29 0.020839548 
387 148 10 13 0.020829068 
485 219 9 12 0.020820606 
288 324 6 8 0.020814681 
559 85 105 91 0.020812383 
89 142 70 117 0.020797754 
105 106 25 36 0.020774227 
646 106 45 43 0.020751344 
642 147 11 13 0.020709343 
187 608 28 33 0.020673485 
531 141 27 31 0.020625269 
498 231 8 13 0.020622557 
537 216 8 14 0.020605765 
628 1 81 88 0.020584634 
153 173 9 15 0.020562852 
268 329 9 11 0.020551056 
725 53 6 10 0.0205407 
468 80 20 33 0.020530999 
597 180 13 15 0.020478288 
281 74 290 372 0.020423912 
533 110 28 29 0.02037213 
184 197 9 18 0.020276004 
93 48 22 37 0.02027472 
356 25 49 52 0.020272478 
189 174 11 17 0.020244408 
400 155 11 15 0.020234881 
982 215 4 7 0.02023264 
429 -31 54 37 0.020204516 
618 145 12 17 0.020200966 
207 252 6 10 0.020155862 
412 127 12 16 0.020152852 
605 180 13 14 0.020149777 
62 231 293 342 0.020109775 
547 221 13 19 0.020078622 
403 190 24 38 0.02005346 
527 217 11 18 0.020014238 
