56_Voter_peoplevoting_56_118
41
281 92 93 121 0.999668 
365 15 77 98 0.9987601 
108 10 66 55 0.91916645 
-12 131 179 274 0.741496 
570 89 70 109 0.38409084 
923 3 107 156 0.23578033 
700 132 38 49 0.194502 
604 85 86 103 0.11554768 
416 0 63 99 0.105826125 
661 68 45 55 0.081637524 
528 232 161 153 0.080057226 
670 108 45 61 0.0695265 
76 409 81 88 0.06610937 
449 7 46 66 0.064727776 
212 235 172 238 0.04554138 
946 403 134 201 0.045445308 
224 443 129 120 0.04111567 
833 -14 93 90 0.03775404 
811 3 61 52 0.03757725 
412 335 67 107 0.03272912 
585 100 28 47 0.03124893 
488 356 98 106 0.030456647 
419 183 322 307 0.02968175 
283 -8 48 34 0.029083889 
485 271 99 99 0.026230937 
74 146 217 258 0.02571787 
799 29 44 47 0.025289634 
631 -62 369 346 0.025264995 
88 -95 246 189 0.025134662 
-7 -135 205 228 0.024725715 
-61 599 342 325 0.023384495 
139 283 324 356 0.023291811 
115 633 390 320 0.023226343 
952 543 7 9 0.022473892 
267 379 109 137 0.02203393 
-6 -144 60 144 0.021910649 
495 536 422 528 0.021728326 
93 447 34 33 0.021558058 
469 17 53 65 0.021125987 
832 326 89 104 0.020662514 
533 117 49 79 0.020414298 
