56_Voter_peoplevoting_56_460
276
536 230 39 49 0.99828583 
729 554 103 95 0.1193061 
265 302 385 377 0.063756235 
-19 -155 178 163 0.059761677 
490 358 93 108 0.057808064 
788 313 10 10 0.05061079 
888 527 23 21 0.05004565 
458 172 362 371 0.0480599 
163 582 27 28 0.046704363 
937 95 5 11 0.04446053 
84 527 56 40 0.042427786 
684 478 196 167 0.039156936 
1011 499 18 36 0.038255744 
855 216 177 203 0.03681418 
974 562 5 5 0.03673131 
1011 546 11 15 0.03664202 
151 545 24 28 0.036533363 
230 598 7 8 0.035277635 
785 319 11 12 0.03454833 
-1 530 14 38 0.03375616 
61 517 145 116 0.033407744 
669 357 12 16 0.03315393 
-1 490 15 39 0.032953776 
952 586 24 23 0.032882933 
733 319 25 27 0.032822154 
564 98 52 48 0.0326272 
155 543 103 94 0.032144874 
199 589 26 30 0.031632714 
172 531 506 381 0.03109943 
885 520 135 114 0.031046497 
391 105 23 44 0.030840717 
794 67 41 88 0.03036833 
860 -168 253 158 0.030166065 
145 89 24 36 0.0299857 
874 528 24 22 0.02998236 
203 588 10 12 0.029676689 
-69 -216 468 519 0.029607482 
863 126 38 55 0.029573645 
967 561 5 5 0.029570308 
191 597 6 9 0.029488934 
557 319 387 362 0.029338017 
118 96 27 36 0.028929014 
541 38 85 111 0.02886804 
186 592 6 9 0.028849186 
977 130 9 21 0.02856683 
855 105 24 38 0.028468883 
710 307 105 88 0.028353378 
772 320 21 19 0.02811237 
111 521 24 21 0.02805427 
99 84 77 88 0.027894884 
164 546 23 27 0.027792221 
744 593 6 5 0.027778922 
172 520 22 25 0.027723607 
740 587 33 26 0.027668621 
136 544 26 27 0.02752387 
911 555 25 26 0.027258066 
150 591 26 26 0.026962837 
950 -51 13 13 0.026942391 
925 371 12 14 0.026866477 
962 562 6 6 0.026829723 
187 555 4 5 0.026692957 
870 82 7 13 0.02666179 
144 -24 436 544 0.026623799 
236 597 7 8 0.026354998 
687 -184 458 486 0.026334004 
225 586 6 6 0.026250701 
953 547 22 25 0.025974834 
222 601 10 13 0.025969775 
165 91 25 39 0.025937917 
154 547 7 7 0.025909325 
199 599 6 8 0.025850408 
5 543 8 18 0.02579584 
213 582 24 26 0.025748337 
699 38 156 226 0.025619313 
584 123 79 114 0.025502836 
779 347 7 7 0.025488045 
231 592 5 7 0.025462322 
919 521 21 21 0.025340201 
956 114 17 34 0.025266748 
6 527 5 12 0.025158469 
774 568 5 5 0.02513152 
981 585 20 27 0.025085054 
905 542 61 47 0.025083818 
107 554 25 27 0.02500762 
777 262 23 26 0.02494072 
938 585 24 24 0.024795499 
575 126 27 35 0.024770858 
186 580 18 30 0.024711512 
917 150 5 8 0.024579432 
886 501 23 21 0.024566563 
199 566 23 31 0.024519084 
987 598 6 8 0.024413994 
110 570 26 29 0.024264166 
794 304 5 6 0.024246527 
125 557 9 12 0.024238504 
786 319 23 26 0.024224073 
675 565 24 24 0.024181155 
1002 579 28 31 0.02407111 
776 513 23 24 0.024034398 
147 546 8 8 0.024006534 
222 595 10 11 0.023996465 
611 113 23 35 0.023936862 
1007 547 5 8 0.023832165 
665 357 21 31 0.023787497 
590 116 26 37 0.023756197 
221 592 24 27 0.023745704 
392 205 46 56 0.02369663 
94 548 61 50 0.023671359 
138 585 24 24 0.023647346 
960 578 22 23 0.023620652 
160 547 7 7 0.02359436 
957 -45 12 13 0.023592709 
606 264 24 25 0.023592506 
187 547 5 6 0.023583565 
224 591 7 8 0.023529839 
775 536 27 29 0.02350086 
237 593 6 6 0.023458974 
769 573 7 7 0.023404028 
-44 42 297 500 0.023398232 
-88 398 498 362 0.023317434 
964 565 8 7 0.02324515 
549 390 23 36 0.02323779 
417 96 42 56 0.023236882 
972 565 7 7 0.023174413 
51 -145 254 137 0.023152053 
197 112 20 34 0.023135828 
558 392 6 9 0.023120726 
124 520 24 22 0.02306644 
390 278 203 236 0.023036135 
944 -45 13 13 0.023010466 
163 288 10 11 0.023009619 
177 91 38 49 0.022936348 
178 538 22 27 0.022873357 
601 149 8 12 0.022864057 
786 275 10 11 0.022699576 
933 351 20 28 0.022676159 
173 547 7 6 0.022659237 
190 597 23 28 0.022615993 
536 640 9 10 0.022603415 
193 590 6 10 0.022559404 
956 566 6 8 0.022545688 
151 332 11 13 0.022507459 
624 605 105 95 0.022459535 
693 367 5 8 0.022430338 
101 536 24 24 0.022419505 
676 368 22 31 0.022403095 
899 522 21 20 0.022385415 
164 532 24 26 0.02231126 
942 345 20 28 0.022231515 
211 584 7 10 0.022118116 
970 136 61 138 0.022111785 
155 105 27 41 0.022101495 
212 591 7 10 0.022069938 
951 125 32 58 0.022069456 
988 591 5 7 0.022068007 
633 127 19 37 0.022067044 
780 344 6 6 0.022044763 
994 575 4 4 0.021992374 
753 285 24 28 0.021891553 
929 575 25 26 0.021842318 
132 149 20 30 0.02182643 
123 574 25 27 0.021807868 
741 306 26 27 0.021785714 
152 265 11 16 0.02176621 
165 623 10 7 0.021745756 
13 527 5 9 0.021737406 
159 88 10 14 0.021708272 
7 518 5 13 0.021700557 
26 272 6 18 0.021698147 
620 130 22 38 0.021661678 
-13 501 51 125 0.02158472 
371 598 27 28 0.021523558 
225 580 6 7 0.021516692 
767 343 7 5 0.021515368 
168 54 19 33 0.021452432 
0 637 30 74 0.021445775 
229 608 10 11 0.021419238 
215 559 22 32 0.02141114 
967 592 7 6 0.02139001 
134 571 9 10 0.021341324 
145 533 11 9 0.021335796 
878 114 21 34 0.02129859 
151 576 24 26 0.021292238 
811 67 79 91 0.021285877 
185 598 7 9 0.021256756 
785 269 10 11 0.021254672 
141 546 8 8 0.021196403 
161 555 5 5 0.021164604 
232 586 5 6 0.021164604 
886 514 24 22 0.021159312 
381 588 27 27 0.021135125 
134 547 8 7 0.02111396 
822 95 18 42 0.021071551 
780 334 9 8 0.021067943 
219 585 6 8 0.021067467 
138 317 11 16 0.021064786 
964 556 21 21 0.021038111 
815 291 4 7 0.021035554 
978 135 15 33 0.021016518 
937 -51 13 13 0.021003801 
917 551 12 13 0.020997886 
978 521 82 98 0.02098451 
974 593 6 5 0.020967623 
943 119 22 41 0.020965267 
218 578 6 9 0.020897023 
959 591 8 8 0.02085128 
459 123 27 39 0.02084671 
191 609 8 11 0.020812174 
175 555 4 5 0.02078844 
377 289 6 9 0.020776901 
952 591 9 8 0.020765131 
470 631 5 7 0.020754745 
74 521 24 25 0.020748833 
782 525 25 25 0.020728827 
551 437 7 8 0.020706577 
613 151 10 15 0.020682322 
875 507 23 22 0.02067445 
946 569 21 26 0.020673404 
197 609 9 10 0.020664273 
951 -38 12 13 0.020639896 
756 542 24 29 0.020638866 
877 488 23 21 0.020602651 
182 328 20 28 0.020602522 
192 603 7 9 0.02059372 
987 585 5 7 0.020560835 
94 256 95 104 0.02052973 
844 546 24 26 0.020521883 
769 568 6 5 0.020518392 
955 561 5 5 0.020516315 
90 541 6 7 0.020510085 
636 85 4 8 0.020497149 
132 526 11 9 0.020495214 
629 93 4 8 0.020470977 
135 100 28 43 0.020456817 
676 368 10 13 0.020433536 
783 308 19 20 0.02043105 
598 438 4 6 0.02042758 
642 86 4 7 0.020417336 
864 82 8 14 0.020414798 
640 131 8 17 0.020408724 
194 343 10 14 0.020397773 
25 579 7 13 0.020396268 
674 352 17 25 0.020392949 
893 506 11 11 0.020370873 
10 492 20 36 0.02036511 
846 90 5 10 0.020354938 
545 391 7 10 0.020353714 
1006 550 6 10 0.020345146 
126 547 8 8 0.020295147 
597 143 24 33 0.020286433 
877 82 5 12 0.020283833 
524 657 30 32 0.020264642 
537 404 29 38 0.020255702 
205 90 6 12 0.020235153 
138 560 23 28 0.020226767 
152 294 44 50 0.0202195 
158 520 22 24 0.020203391 
658 358 9 13 0.020201333 
635 93 5 8 0.020181447 
890 469 51 56 0.02018095 
146 539 9 9 0.020180339 
943 -57 13 12 0.020146929 
779 316 9 8 0.02014668 
816 296 4 8 0.020132372 
194 457 5 7 0.020116631 
185 63 7 14 0.020106811 
590 427 4 5 0.02008569 
189 565 52 51 0.020070452 
349 593 55 52 0.020068284 
1009 545 20 28 0.020060772 
642 351 24 36 0.020050535 
197 616 9 12 0.020047512 
907 543 26 25 0.020047491 
567 63 18 29 0.020034574 
745 582 4 3 0.020000475 
-1 462 13 37 0.020000275 
