56_Voter_peoplevoting_56_305
964
71 228 26 38 0.9992631 
440 201 32 56 0.9588782 
770 292 41 77 0.11572396 
377 367 11 13 0.066290446 
929 74 4 4 0.06599344 
917 442 44 45 0.061652794 
634 241 5 4 0.061003007 
633 244 8 10 0.06086606 
594 233 100 73 0.05736953 
192 592 22 25 0.05604738 
-18 -149 174 151 0.055218328 
448 72 4 6 0.053062722 
629 241 19 22 0.051879935 
937 74 4 4 0.050385095 
551 185 7 8 0.049317926 
679 326 5 11 0.048159387 
438 72 4 7 0.046397448 
450 393 5 7 0.04600334 
996 125 3 4 0.045851316 
905 406 3 4 0.045407217 
988 455 6 10 0.045354664 
528 387 4 5 0.0448274 
637 258 27 29 0.044423655 
471 143 3 5 0.044270657 
526 411 5 7 0.044058334 
724 53 4 6 0.043928847 
642 119 4 5 0.04332572 
918 75 3 4 0.042416297 
431 415 25 34 0.042324048 
401 72 4 6 0.04189051 
445 72 4 7 0.041840676 
948 246 4 5 0.04120943 
1002 125 2 4 0.04103759 
462 143 4 5 0.040983297 
963 399 4 4 0.04076183 
648 244 4 6 0.040685005 
507 393 4 5 0.04048096 
469 399 3 5 0.040372863 
889 72 5 6 0.040276483 
706 209 4 5 0.040235728 
297 41 3 6 0.04017253 
940 436 47 49 0.040093973 
438 143 3 5 0.03991803 
630 267 4 5 0.039630454 
674 240 4 5 0.039609082 
363 390 66 104 0.039518658 
665 117 5 6 0.03945769 
374 356 22 23 0.03912565 
614 265 5 5 0.03900069 
682 267 3 4 0.038966168 
693 210 4 4 0.0384318 
531 412 4 6 0.038416013 
874 330 2 5 0.038415775 
906 433 3 4 0.038346663 
414 74 3 5 0.0382027 
464 138 3 4 0.03811837 
681 355 3 6 0.038075533 
918 407 3 3 0.037991986 
655 117 5 6 0.03737095 
975 195 4 5 0.037294492 
642 241 4 5 0.0372829 
417 73 4 5 0.0371671 
939 400 3 4 0.036824986 
502 387 3 4 0.03670451 
1013 412 4 4 0.036660943 
522 393 3 6 0.036449894 
941 401 4 4 0.036443144 
734 55 3 5 0.036401678 
1007 126 3 4 0.036206227 
489 399 4 5 0.03599244 
630 118 4 6 0.035971727 
458 73 4 5 0.035925366 
572 189 4 5 0.035781067 
912 118 3 5 0.035594314 
911 407 3 3 0.035551216 
911 432 3 4 0.035442576 
450 406 5 7 0.035409376 
679 304 30 64 0.035367854 
989 126 3 5 0.035367418 
930 247 4 5 0.03494125 
680 323 3 6 0.034851924 
751 237 25 47 0.034781765 
623 266 4 4 0.03472159 
649 389 3 4 0.034657713 
943 156 4 5 0.034594856 
905 75 3 4 0.03457547 
726 49 3 4 0.034515627 
874 334 3 5 0.03443419 
944 247 4 4 0.034343977 
686 270 4 6 0.03430243 
663 117 4 6 0.034170903 
687 267 3 4 0.034120973 
521 408 20 28 0.034045983 
840 158 4 4 0.034000866 
889 425 4 4 0.03388884 
371 365 8 9 0.03370608 
677 168 5 6 0.03366263 
649 392 3 4 0.033617735 
938 78 4 5 0.033385076 
928 77 5 6 0.033069063 
616 261 4 4 0.032856103 
867 330 3 5 0.03279817 
530 416 6 8 0.032585297 
631 239 4 6 0.032544415 
611 265 5 5 0.032495227 
488 394 4 4 0.032493558 
890 419 4 5 0.032471016 
579 254 4 4 0.032433297 
674 266 4 5 0.032412786 
117 400 6 12 0.03235566 
426 73 3 6 0.032289788 
618 258 24 28 0.032252196 
461 72 4 6 0.032220878 
887 419 3 5 0.03221244 
510 372 22 29 0.03217488 
546 419 4 6 0.032171734 
700 209 4 5 0.032059267 
847 356 3 4 0.032058083 
878 124 4 5 0.031984385 
855 334 3 5 0.03194839 
662 215 4 4 0.031941205 
373 370 9 10 0.031933255 
917 77 4 5 0.03184571 
995 75 3 4 0.03184418 
912 75 4 4 0.031828478 
1006 129 4 5 0.031817302 
690 192 8 9 0.031614974 
686 214 4 5 0.031411503 
806 193 5 5 0.03134792 
932 400 2 3 0.031274162 
917 162 4 6 0.031269792 
720 119 3 5 0.031204078 
967 449 5 7 0.031178944 
912 77 4 5 0.031167509 
640 243 6 8 0.031164331 
458 387 3 4 0.031132156 
442 392 5 7 0.03106215 
649 382 3 5 0.031052591 
377 361 9 9 0.031042634 
693 233 5 5 0.030941313 
939 474 42 39 0.030850874 
912 301 4 7 0.030822694 
880 330 2 5 0.030820271 
887 424 4 5 0.03080627 
526 448 7 14 0.03080532 
532 406 4 6 0.030753294 
526 415 6 9 0.030723663 
494 398 4 6 0.030679386 
551 200 21 28 0.030605294 
610 180 5 7 0.03059653 
607 276 62 46 0.030529082 
885 120 4 4 0.030460063 
912 419 3 4 0.030337717 
949 78 5 5 0.030326689 
707 235 3 4 0.030190587 
462 386 3 4 0.030189127 
828 156 4 6 0.030176496 
1012 405 4 5 0.030071631 
579 260 4 5 0.0300572 
957 400 3 4 0.030049866 
662 381 3 5 0.030032353 
892 398 3 4 0.030022657 
906 157 4 4 0.030011594 
470 395 3 4 0.029919019 
976 406 3 4 0.029895827 
686 210 4 4 0.029891226 
220 79 3 6 0.029831426 
863 37 24 28 0.029808622 
546 387 4 5 0.029806845 
905 420 3 3 0.029783882 
997 120 3 4 0.029774077 
613 301 27 31 0.029701527 
653 297 29 31 0.029676966 
681 209 5 4 0.029651042 
1006 423 6 6 0.029591827 
996 79 3 5 0.02958823 
862 330 2 4 0.029583214 
732 150 24 30 0.029560251 
758 22 4 4 0.029550603 
520 410 5 7 0.029542571 
554 400 3 3 0.029538881 
220 83 3 7 0.029493555 
655 400 3 4 0.029436518 
115 448 7 15 0.029417302 
962 396 4 3 0.029405951 
655 214 4 4 0.029377002 
536 383 19 30 0.029355215 
764 23 3 4 0.029309055 
445 373 4 7 0.029277634 
517 417 6 10 0.029255787 
540 401 3 4 0.029240694 
573 131 5 6 0.029218314 
674 545 25 31 0.029191004 
785 292 20 44 0.029144598 
546 394 3 5 0.029083312 
673 483 5 5 0.028983293 
55 412 88 122 0.028955253 
924 407 3 3 0.028832978 
464 399 4 4 0.028828317 
636 266 5 6 0.028823752 
515 382 3 4 0.02879108 
636 209 4 4 0.028785482 
441 397 6 7 0.028719014 
905 402 3 3 0.028702186 
397 81 8 12 0.02864199 
400 77 5 9 0.02862893 
925 74 3 5 0.028601876 
694 241 4 4 0.028578551 
662 278 13 15 0.028566219 
957 396 3 3 0.028557543 
975 401 4 4 0.028553793 
684 192 8 9 0.028546426 
676 356 2 4 0.028543888 
956 123 3 6 0.028529195 
1012 451 4 4 0.028510865 
649 266 5 6 0.02846933 
636 118 3 5 0.028451936 
867 334 2 5 0.028449422 
718 21 5 5 0.028425522 
400 67 4 5 0.028421802 
663 260 4 5 0.028414398 
694 260 3 5 0.028411763 
630 210 4 3 0.028361324 
540 405 3 5 0.028336225 
483 132 3 5 0.028326424 
880 334 2 5 0.028310979 
667 265 5 6 0.028267175 
905 426 3 4 0.028216705 
886 398 3 5 0.028088221 
894 65 22 25 0.02808455 
982 125 3 5 0.02808438 
649 209 4 4 0.028080996 
651 261 31 33 0.02806671 
508 398 4 5 0.028056568 
483 394 3 4 0.0279765 
642 266 4 5 0.027973374 
988 452 5 7 0.027951976 
675 209 4 4 0.02793374 
524 421 8 10 0.027917713 
366 364 7 8 0.02791625 
898 120 4 4 0.02790906 
696 192 9 10 0.027908484 
892 120 4 4 0.02790677 
583 264 4 5 0.027902702 
694 219 4 5 0.027898196 
864 452 5 5 0.027866168 
682 270 4 6 0.027839404 
896 123 4 5 0.027805945 
572 195 4 5 0.027799804 
999 79 4 5 0.027781041 
899 437 3 5 0.027706606 
1014 125 4 5 0.027664814 
523 388 3 4 0.027554115 
821 191 4 3 0.02754251 
527 391 4 6 0.027508523 
936 246 4 5 0.027495006 
489 123 4 7 0.02749298 
951 119 3 4 0.027471062 
860 358 3 3 0.02743412 
951 162 4 5 0.027431317 
861 334 2 5 0.027429696 
522 434 19 33 0.027397465 
559 399 3 4 0.027371738 
742 178 23 29 0.027334671 
666 259 4 6 0.027308986 
648 259 6 6 0.027206425 
752 22 3 4 0.02720129 
886 158 3 4 0.027147682 
919 401 2 4 0.027109079 
604 266 4 4 0.027099937 
893 124 4 4 0.026980406 
866 71 58 55 0.026971176 
500 409 6 9 0.02696828 
681 339 20 35 0.026959494 
368 359 5 7 0.026937108 
886 67 4 5 0.026907533 
667 215 4 5 0.026896317 
663 357 3 3 0.026892588 
931 250 4 5 0.02689178 
879 452 3 4 0.026881976 
980 406 4 4 0.026855258 
877 65 22 25 0.026810994 
705 403 479 397 0.026801987 
460 64 18 26 0.026797334 
570 180 6 7 0.02677074 
705 199 6 8 0.026744261 
1011 432 5 5 0.026732365 
808 190 3 4 0.026711378 
539 413 3 5 0.026670663 
970 398 21 25 0.026662728 
490 132 3 5 0.0266592 
655 582 26 27 0.026612014 
535 193 27 35 0.026531795 
703 192 8 10 0.026524227 
348 364 18 26 0.026509646 
702 184 10 11 0.026484203 
463 394 3 4 0.026480462 
451 140 2 3 0.026466452 
603 230 29 30 0.026465027 
1000 501 5 6 0.026408946 
721 209 3 5 0.026380854 
692 200 6 7 0.026377888 
450 386 4 5 0.026339352 
574 134 6 7 0.026335644 
930 124 3 5 0.02631923 
563 188 5 7 0.02631713 
693 215 4 5 0.026308531 
899 420 3 4 0.026294962 
696 184 9 11 0.02627665 
475 394 4 4 0.026273606 
675 262 20 26 0.026260667 
563 180 7 8 0.026260423 
854 357 3 4 0.026254114 
669 356 2 4 0.02624549 
1002 400 4 4 0.026217677 
765 239 10 19 0.026201786 
635 201 5 5 0.026193017 
877 179 21 27 0.026166065 
389 312 33 51 0.026154745 
554 194 11 13 0.026143571 
494 116 5 8 0.026123641 
602 260 27 35 0.026119815 
502 62 3 5 0.026113011 
758 188 4 5 0.026108937 
390 494 39 57 0.026106317 
995 200 4 5 0.026097273 
450 132 3 5 0.026076606 
504 422 6 10 0.026066557 
756 191 27 29 0.026050396 
754 161 8 8 0.026020197 
828 118 4 4 0.026010051 
955 119 3 5 0.026005002 
835 157 3 5 0.02597809 
686 201 5 6 0.025976261 
610 174 5 7 0.02594058 
495 124 4 6 0.025898304 
861 190 3 4 0.025871892 
534 399 3 5 0.025871055 
530 427 9 13 0.02585404 
1007 488 5 7 0.025841096 
797 189 4 5 0.0258372 
700 234 3 5 0.025768496 
650 163 4 4 0.02576586 
528 382 3 4 0.025760805 
950 75 4 4 0.025745533 
502 124 4 6 0.02573643 
900 406 3 4 0.025734177 
700 118 4 5 0.025724038 
361 358 23 25 0.02569796 
673 269 6 6 0.025688995 
506 388 4 4 0.02568781 
1011 401 4 4 0.025685476 
886 161 3 5 0.02563737 
301 161 362 360 0.025634691 
635 269 6 7 0.025616184 
364 371 9 10 0.025612272 
816 63 11 11 0.025603747 
670 307 10 12 0.025602872 
629 201 5 5 0.025593143 
521 398 3 6 0.025560414 
925 77 4 6 0.025540655 
545 188 24 26 0.025525985 
697 21 5 5 0.025521098 
866 194 3 5 0.025503935 
706 216 4 4 0.025501395 
526 406 4 6 0.025501112 
912 401 2 4 0.025477955 
346 352 68 95 0.025419144 
1015 129 4 7 0.025416628 
554 191 8 9 0.025382668 
746 55 3 5 0.0253716 
680 201 6 6 0.025361862 
673 243 5 6 0.025291415 
918 69 4 3 0.025256736 
489 388 3 4 0.025234954 
848 157 3 5 0.025205787 
500 117 5 7 0.025197236 
854 158 3 4 0.025180638 
975 125 4 5 0.025167532 
709 184 9 12 0.02516485 
529 395 19 28 0.02515907 
198 452 8 13 0.025138242 
791 70 10 10 0.025122568 
897 194 5 6 0.025077287 
483 399 3 4 0.025059437 
714 75 3 4 0.025054136 
899 399 3 4 0.025038997 
1007 400 4 4 0.02501438 
546 412 4 5 0.02500281 
493 145 7 10 0.024997823 
859 455 6 6 0.024989324 
950 402 3 3 0.024987109 
546 399 3 5 0.024957862 
670 279 11 13 0.024954334 
584 230 30 29 0.02492472 
855 330 3 4 0.024893897 
554 78 3 6 0.024888728 
655 389 2 3 0.024874868 
518 61 39 67 0.024864135 
496 388 3 3 0.024855165 
443 376 5 9 0.024834543 
667 268 7 8 0.024832157 
675 321 18 38 0.024814425 
924 248 3 4 0.02481366 
649 242 3 4 0.024800388 
815 303 4 6 0.02479182 
654 265 6 7 0.024785878 
954 438 6 6 0.02473553 
628 285 16 16 0.02471373 
886 123 3 5 0.024712866 
361 360 4 6 0.024693092 
617 117 5 6 0.024671115 
654 394 3 4 0.024663623 
1011 196 5 5 0.02466166 
496 394 3 4 0.024657045 
714 119 3 5 0.024609022 
886 72 5 6 0.024582162 
627 78 5 7 0.024577558 
783 34 23 27 0.024568254 
1001 483 22 29 0.024549823 
775 58 7 8 0.02453878 
655 382 3 4 0.02453762 
988 444 4 5 0.02451568 
950 406 3 4 0.02451394 
758 58 4 6 0.02448922 
623 260 4 5 0.024487427 
942 162 4 5 0.024486227 
693 267 4 4 0.024463315 
650 356 3 4 0.024431817 
941 79 4 5 0.024430398 
466 80 20 27 0.024422036 
707 119 3 5 0.024392532 
726 182 23 29 0.02438776 
841 190 4 4 0.024382968 
800 21 5 6 0.024368377 
521 381 4 4 0.024366738 
630 235 4 4 0.024360254 
630 215 4 4 0.02435363 
739 119 3 4 0.024353174 
930 69 4 3 0.024335634 
451 144 3 4 0.024333881 
899 433 3 3 0.024331244 
848 191 3 3 0.024329755 
942 75 4 3 0.02431986 
886 194 4 5 0.024305409 
786 63 9 10 0.024302881 
948 242 4 4 0.024292188 
761 64 21 24 0.024272714 
642 382 3 4 0.024261152 
713 208 4 6 0.024251876 
662 242 3 4 0.024238328 
905 413 3 4 0.024222115 
900 296 4 5 0.0242113 
289 200 7 10 0.024209289 
68 563 22 25 0.024209261 
514 399 4 5 0.024204334 
1008 458 3 4 0.024191594 
604 183 4 5 0.024187958 
520 406 4 6 0.0241694 
476 144 3 4 0.024167754 
668 381 3 5 0.024165379 
629 73 3 5 0.02415267 
698 199 7 8 0.024143703 
649 277 13 15 0.02412412 
464 383 2 4 0.024097571 
367 399 25 37 0.024091052 
673 260 4 5 0.024060637 
741 159 9 11 0.024051191 
905 69 4 3 0.02404246 
789 21 5 6 0.024041036 
918 124 4 5 0.024031611 
887 330 2 5 0.024023036 
538 153 7 9 0.02402082 
994 444 4 4 0.02401681 
981 401 4 4 0.024011768 
554 72 3 7 0.023979839 
682 244 4 5 0.023979686 
480 91 7 9 0.023977432 
801 188 4 5 0.023958134 
413 77 4 7 0.023953833 
988 406 4 4 0.023940792 
741 152 9 12 0.023937043 
849 64 23 25 0.023929594 
470 139 3 4 0.023882093 
613 178 7 8 0.023880124 
584 254 4 4 0.02384855 
955 247 4 4 0.023843229 
906 88 22 27 0.023837604 
872 452 3 3 0.023834916 
780 64 8 9 0.023829348 
879 156 4 5 0.023828683 
779 63 22 25 0.023812627 
497 372 21 29 0.023790263 
961 437 7 7 0.023787888 
675 118 4 5 0.023762662 
431 73 3 6 0.023749994 
326 68 19 26 0.023746794 
736 192 7 10 0.02369898 
340 356 18 27 0.023698848 
642 209 4 4 0.023681566 
605 261 4 4 0.02365641 
900 74 4 4 0.02365028 
786 70 9 9 0.023648787 
835 49 25 26 0.023638232 
690 172 8 8 0.023636803 
758 55 3 5 0.023612471 
628 166 6 7 0.023611449 
906 161 3 6 0.0236051 
655 209 5 4 0.023570096 
913 248 3 4 0.023556005 
740 135 23 28 0.023538128 
679 118 4 6 0.023515483 
854 360 4 5 0.02350456 
629 269 6 7 0.023502361 
400 139 4 4 0.023499958 
540 71 4 8 0.023492206 
538 87 26 36 0.023488477 
539 418 5 6 0.023467857 
532 387 3 5 0.0234621 
525 421 18 25 0.023439083 
438 77 5 7 0.023428684 
690 251 20 30 0.02342638 
372 417 28 52 0.023392908 
611 261 4 4 0.023366189 
968 399 3 4 0.023349615 
674 478 4 4 0.023344813 
742 180 7 8 0.02334116 
982 79 4 5 0.023340441 
777 183 4 5 0.023339368 
629 121 6 8 0.023337198 
95 464 21 29 0.023308787 
866 444 4 5 0.02330324 
633 272 9 10 0.023295863 
936 435 27 29 0.023266986 
663 394 2 4 0.023265168 
430 375 18 25 0.023264429 
637 246 10 12 0.023248984 
469 387 4 4 0.02324428 
858 -167 252 155 0.023240149 
815 184 4 4 0.023233095 
482 123 4 7 0.023228941 
880 445 3 5 0.023210995 
487 84 19 31 0.023204273 
496 61 3 5 0.023195824 
656 601 25 24 0.023187721 
867 358 2 3 0.023184806 
858 40 53 48 0.023177259 
642 122 5 6 0.023169916 
691 168 6 6 0.023161193 
714 244 3 5 0.02314574 
562 195 6 6 0.023133479 
605 285 30 30 0.023132756 
944 124 3 5 0.023124246 
659 21 5 5 0.023123676 
967 446 6 5 0.023103723 
454 87 19 27 0.023097122 
995 197 3 4 0.023094805 
724 596 5 8 0.023056526 
466 385 19 25 0.023054851 
950 464 12 14 0.023054559 
981 394 4 4 0.02304036 
681 261 3 4 0.02302755 
685 166 27 29 0.023011833 
886 431 3 5 0.023010101 
943 405 3 4 0.022992657 
662 388 3 4 0.022984684 
484 104 22 37 0.022982 
458 383 3 3 0.022980453 
963 163 3 5 0.022913085 
535 423 7 9 0.022868771 
620 225 22 26 0.022847123 
1007 445 4 5 0.022815557 
779 57 10 10 0.022803618 
654 259 6 6 0.022796826 
905 119 4 5 0.022784973 
502 392 3 6 0.02276296 
938 406 3 4 0.022760391 
411 143 4 6 0.022737367 
918 419 3 3 0.022732139 
656 242 3 4 0.022715217 
665 271 29 37 0.022700235 
579 264 4 5 0.0226889 
995 68 3 5 0.022687718 
686 554 25 32 0.022681559 
446 431 9 14 0.022676528 
761 161 9 8 0.022676516 
905 436 3 4 0.022673039 
479 385 20 25 0.022659224 
640 270 70 92 0.022649745 
668 388 3 4 0.02262215 
649 215 4 4 0.02261132 
960 419 6 6 0.022593487 
919 413 2 4 0.022592641 
755 167 7 8 0.022589704 
936 452 5 6 0.022585118 
385 365 14 18 0.02257225 
783 183 5 5 0.022540618 
465 134 2 3 0.022525022 
395 92 9 14 0.022523405 
850 203 22 27 0.022502987 
617 112 3 5 0.022500442 
854 190 3 4 0.022494681 
656 357 2 3 0.022492563 
893 162 3 5 0.022491897 
884 76 24 29 0.022486253 
540 78 4 7 0.022459337 
319 88 21 27 0.022444956 
560 394 2 4 0.022432273 
365 370 23 28 0.022430873 
637 279 13 13 0.022410884 
670 189 24 29 0.022410769 
975 191 3 4 0.022407768 
648 182 25 28 0.022404388 
682 215 4 4 0.02239936 
860 119 4 4 0.022388643 
642 215 4 4 0.022383839 
495 142 4 7 0.022381036 
648 118 3 5 0.022376215 
484 140 2 3 0.022348898 
546 406 3 5 0.022334997 
476 73 4 5 0.022334632 
638 272 11 10 0.022331862 
566 78 3 6 0.022322476 
661 265 5 6 0.022315972 
780 70 8 9 0.022314837 
707 241 3 4 0.022299375 
955 75 4 4 0.022294594 
1007 438 3 4 0.022293277 
861 361 3 4 0.022288892 
628 162 6 7 0.022277325 
361 366 5 7 0.02227394 
430 137 3 4 0.022270283 
438 139 2 4 0.022262478 
1012 458 4 5 0.02225189 
555 182 7 7 0.022250984 
630 279 13 13 0.022241917 
434 377 7 14 0.02223567 
698 171 27 32 0.022222998 
151 591 11 15 0.022209434 
461 96 7 10 0.022198968 
584 309 4 7 0.022186957 
1006 451 4 4 0.022166627 
751 182 5 6 0.022165978 
713 233 20 37 0.022161499 
830 180 22 25 0.022149555 
551 419 5 6 0.022144023 
900 413 3 3 0.022140237 
886 191 3 4 0.022124408 
886 395 3 4 0.022122446 
440 384 6 9 0.022120373 
804 123 3 5 0.022117404 
676 523 23 35 0.022103373 
93 490 3 4 0.022099853 
925 402 3 3 0.022098595 
513 394 4 4 0.022098577 
445 132 3 5 0.022097921 
742 166 8 10 0.022087669 
774 65 8 8 0.022084003 
910 91 5 7 0.022061067 
431 143 3 5 0.022060137 
1001 496 4 5 0.02204524 
761 167 8 8 0.022042008 
969 395 3 4 0.022040522 
692 271 4 6 0.0220403 
958 397 20 25 0.02202384 
675 235 3 4 0.022020884 
286 215 9 16 0.022014374 
906 59 24 25 0.021989677 
620 177 9 11 0.021984385 
1006 420 5 5 0.021983935 
844 170 20 29 0.021982368 
995 501 4 6 0.021981947 
899 191 3 3 0.02197493 
676 444 3 5 0.021962179 
961 74 5 5 0.021928176 
949 413 4 4 0.02192026 
474 91 7 9 0.021862792 
1008 405 4 5 0.021842247 
912 427 2 3 0.021841655 
683 576 27 27 0.021839047 
622 202 5 5 0.02183796 
943 445 4 4 0.021837603 
898 247 3 4 0.021835929 
636 215 4 4 0.021832097 
777 241 5 6 0.021827856 
650 400 3 4 0.02182304 
758 18 4 3 0.02181155 
646 314 21 32 0.0218039 
546 381 4 6 0.021803739 
388 388 24 32 0.02178239 
720 122 4 6 0.021771112 
894 330 2 4 0.021766303 
368 520 4 7 0.021762667 
545 422 5 7 0.02175227 
950 440 4 4 0.021737725 
353 373 5 7 0.021716233 
654 163 4 4 0.021711579 
424 468 5 9 0.021703796 
689 184 10 12 0.021702344 
502 73 3 5 0.02169411 
750 118 4 5 0.021686966 
519 449 19 33 0.021675162 
765 565 3 6 0.021648262 
654 283 16 18 0.021642022 
391 428 25 41 0.02164054 
708 569 22 31 0.0216354 
984 485 22 29 0.021631572 
694 226 4 6 0.021626137 
772 190 3 4 0.02161695 
593 256 25 27 0.021611823 
821 269 4 7 0.021611713 
743 257 25 38 0.021601006 
792 76 9 10 0.021595625 
767 167 9 8 0.02158691 
571 79 4 6 0.021572296 
661 245 4 4 0.021569187 
518 434 6 10 0.021562172 
884 456 4 5 0.02156184 
668 168 5 5 0.021561008 
508 124 4 6 0.02156004 
781 253 7 12 0.021534989 
683 185 10 11 0.021518841 
686 533 5 6 0.021518 
403 453 7 11 0.021516277 
923 419 4 5 0.021482466 
678 193 8 8 0.021463023 
78 362 21 31 0.02145985 
654 201 6 5 0.021452246 
493 109 6 9 0.02145115 
643 356 3 4 0.021441067 
925 301 4 6 0.021428421 
899 330 3 4 0.02142652 
501 406 5 6 0.02142478 
898 425 3 4 0.021412808 
657 272 10 11 0.021402664 
1020 437 5 5 0.021398623 
427 133 3 4 0.021395069 
681 359 4 6 0.021385442 
645 377 20 27 0.021372726 
461 102 7 9 0.021360591 
641 200 6 6 0.021352086 
357 372 8 9 0.021336623 
766 160 11 9 0.021327225 
61 361 20 33 0.021326728 
625 177 8 10 0.021322895 
110 470 5 7 0.021320922 
554 394 3 4 0.021320261 
912 124 4 4 0.02131346 
700 215 4 5 0.021298146 
467 102 7 9 0.021295037 
700 169 4 5 0.021294734 
367 322 66 83 0.021270476 
623 333 4 7 0.02126849 
681 240 4 5 0.02126603 
467 95 8 11 0.02126511 
469 73 4 5 0.021263856 
864 201 20 27 0.02125158 
663 400 3 4 0.02125029 
467 90 7 10 0.021247828 
890 68 4 4 0.02124247 
865 362 4 4 0.021234777 
707 75 3 4 0.02122171 
304 179 31 57 0.021218454 
187 52 5 8 0.021217287 
695 234 22 33 0.021209357 
522 378 19 29 0.021203298 
652 268 7 8 0.021192024 
700 241 4 5 0.021191346 
964 384 22 27 0.021181816 
439 68 3 4 0.021169068 
717 193 7 9 0.021169038 
802 17 4 4 0.021146955 
570 206 5 6 0.021144813 
670 477 3 4 0.021143902 
666 296 16 18 0.021134926 
784 56 11 12 0.021121444 
982 444 3 5 0.021113293 
1007 262 6 8 0.021103496 
676 439 3 4 0.021094933 
892 158 3 4 0.021094652 
574 261 2 4 0.02107805 
980 195 4 5 0.02106692 
680 179 27 32 0.02106202 
749 122 6 7 0.021061523 
768 71 7 8 0.021046527 
950 444 5 4 0.02104076 
970 412 4 5 0.021033881 
944 120 3 3 0.021031285 
611 191 24 27 0.021010304 
674 215 4 4 0.021007612 
881 246 4 5 0.020996002 
725 119 3 5 0.020981062 
807 134 19 25 0.020975728 
786 77 9 9 0.020957628 
614 168 5 6 0.020940585 
553 381 4 5 0.020933047 
963 197 3 4 0.02092683 
729 192 8 10 0.02091832 
904 77 4 6 0.020917702 
829 324 3 4 0.020905443 
624 84 20 28 0.020890111 
92 496 3 5 0.020873956 
912 69 4 3 0.02086909 
989 246 3 5 0.020868622 
919 60 24 24 0.020836055 
720 215 4 4 0.020828774 
747 160 9 9 0.020823754 
810 57 23 25 0.020818055 
526 398 4 6 0.020813711 
852 206 6 7 0.020812336 
920 89 21 26 0.020810494 
644 272 11 10 0.020806506 
476 388 3 4 0.020798463 
656 113 4 4 0.0207972 
861 184 3 4 0.020788638 
719 74 3 5 0.020788012 
983 450 19 32 0.020785157 
647 200 6 6 0.020776536 
591 309 4 7 0.020774093 
865 438 4 5 0.020761926 
483 73 3 5 0.020761302 
445 369 3 4 0.020751707 
749 174 6 7 0.020744048 
748 153 9 10 0.020734936 
675 360 3 5 0.0207177 
555 275 19 32 0.020715399 
709 192 9 11 0.020707868 
429 429 9 14 0.020705104 
843 355 3 5 0.02069507 
713 234 3 5 0.020685593 
743 187 7 8 0.02067871 
293 42 2 5 0.020674456 
357 45 8 9 0.020673549 
966 481 25 30 0.020663533 
890 413 4 5 0.02065858 
963 248 3 4 0.02065195 
892 87 23 28 0.020649225 
430 370 6 11 0.020648891 
994 412 4 5 0.020626744 
569 292 8 13 0.020623926 
791 63 11 11 0.020622978 
802 185 3 4 0.02062135 
943 439 4 5 0.020619338 
975 394 3 4 0.020615004 
956 196 3 5 0.020614602 
583 246 6 5 0.020610232 
386 407 24 34 0.020592395 
339 372 19 25 0.020592226 
517 427 8 12 0.020591874 
974 449 5 7 0.020588359 
442 428 19 31 0.020577967 
623 54 3 5 0.020575993 
659 267 7 9 0.020561382 
961 406 4 5 0.02055786 
879 120 4 4 0.020553665 
955 251 4 5 0.02054403 
369 523 7 10 0.020539867 
849 28 25 28 0.020520005 
931 406 3 4 0.02050242 
755 84 7 8 0.020493502 
553 407 3 5 0.020486405 
975 75 4 4 0.020485602 
691 472 74 123 0.02046801 
835 191 3 3 0.020467384 
687 119 4 5 0.020460745 
631 316 23 31 0.02046009 
749 83 6 9 0.020456426 
354 350 19 27 0.020450173 
476 140 3 3 0.020432018 
540 393 4 5 0.02042496 
775 189 27 32 0.020424413 
938 395 2 3 0.020419464 
667 311 21 34 0.02041395 
847 359 3 6 0.02040915 
891 406 4 5 0.020404981 
737 55 3 5 0.020404605 
368 530 9 11 0.020403804 
515 405 4 6 0.020401394 
624 210 3 3 0.020391447 
769 66 6 7 0.0203904 
955 113 4 4 0.02038628 
476 399 3 4 0.02037528 
352 64 7 9 0.020373136 
796 34 22 28 0.020371351 
656 122 4 6 0.020369336 
356 376 10 11 0.020364178 
110 474 5 7 0.020364137 
951 46 24 24 0.02036226 
688 168 5 6 0.020353867 
995 401 3 4 0.020346608 
969 407 3 4 0.02034557 
965 459 9 12 0.020343613 
979 496 7 7 0.020335995 
623 322 5 6 0.020319209 
867 184 3 4 0.020303216 
659 591 7 7 0.02030185 
924 413 3 4 0.020301247 
864 431 4 5 0.020300958 
1007 463 4 5 0.020296084 
667 209 5 4 0.02029471 
828 194 4 5 0.020285018 
616 328 4 7 0.020276891 
860 438 4 4 0.020274982 
823 361 4 5 0.020274106 
876 51 8 9 0.020269657 
364 377 9 11 0.020265043 
668 165 4 4 0.020264708 
686 240 4 5 0.020262763 
657 365 20 33 0.02026265 
672 273 8 9 0.020257007 
611 323 4 6 0.020256247 
974 444 6 6 0.020254154 
991 464 7 11 0.02023925 
578 246 5 5 0.02023529 
499 435 5 11 0.020234663 
621 269 5 7 0.020224096 
497 73 3 5 0.020219361 
447 77 5 7 0.02020932 
603 333 4 7 0.020208843 
532 392 3 5 0.020197209 
866 395 3 4 0.020196648 
982 75 3 4 0.020194681 
749 266 49 78 0.020193614 
861 431 4 5 0.020191025 
638 350 2 4 0.020190831 
487 115 6 9 0.02018048 
659 201 7 6 0.020177262 
474 87 20 27 0.0201721 
370 519 6 9 0.0201637 
611 210 3 3 0.020151654 
433 395 23 29 0.020148134 
427 474 22 31 0.02014489 
989 75 3 4 0.020140713 
689 271 85 99 0.020137686 
756 78 6 7 0.020135833 
602 61 420 468 0.02012877 
110 482 4 7 0.020128665 
668 407 3 4 0.02012849 
885 406 3 4 0.020124376 
724 578 5 7 0.020116689 
969 196 3 5 0.020109404 
698 597 6 7 0.02010373 
988 412 4 4 0.020101538 
972 460 7 10 0.020100916 
564 282 6 11 0.020091802 
508 61 3 5 0.020081285 
605 210 3 3 0.020079885 
789 183 5 5 0.020078866 
943 196 3 5 0.020071331 
689 48 3 4 0.020067893 
1008 396 3 3 0.020066423 
468 116 6 7 0.020065375 
970 204 87 112 0.020065187 
780 14 22 23 0.02006427 
886 334 3 5 0.020061249 
329 381 3 4 0.020058807 
968 162 4 5 0.020041715 
695 177 10 10 0.020040143 
553 411 3 5 0.020039715 
489 143 3 5 0.020037137 
447 78 17 29 0.020020671 
946 96 20 25 0.020017423 
438 473 10 14 0.020011226 
722 138 22 28 0.020001175 
