56_Voter_peoplevoting_56_350
2147
747 237 9 11 0.9920325 
284 115 9 11 0.98700225 
36 360 36 52 0.97357565 
465 151 10 11 0.95131975 
332 116 9 13 0.94507885 
304 106 10 12 0.9264074 
925 244 9 11 0.90940243 
526 183 9 13 0.9058075 
830 268 11 12 0.90079474 
497 155 8 11 0.8998832 
765 205 9 9 0.8859838 
742 210 11 11 0.88498724 
436 151 10 12 0.8810382 
564 168 9 11 0.8706851 
526 160 8 10 0.8691055 
257 108 10 11 0.86520016 
581 167 8 11 0.8586725 
514 159 10 11 0.8359473 
344 405 22 37 0.793791 
384 117 8 9 0.7934093 
539 189 11 13 0.7885716 
696 223 14 13 0.7773917 
113 60 7 9 0.76798415 
434 130 8 11 0.7677148 
499 357 24 32 0.7548527 
900 246 13 14 0.71974885 
11 39 10 9 0.71322143 
666 186 9 11 0.7075624 
632 193 9 12 0.6999156 
858 261 10 12 0.69783795 
520 318 17 23 0.6212084 
394 139 10 12 0.6182064 
596 155 9 11 0.60866094 
645 204 9 12 0.6040834 
846 298 29 26 0.5983866 
733 219 10 12 0.5939584 
793 235 11 12 0.5907349 
206 94 8 10 0.56815475 
404 123 8 10 0.54169333 
792 216 10 12 0.5360648 
822 306 22 24 0.51103723 
722 203 9 12 0.50898325 
572 323 15 31 0.50591046 
199 76 9 11 0.49048114 
283 82 7 9 0.48520607 
324 91 7 9 0.4811361 
389 386 18 29 0.47734743 
331 410 23 31 0.47557935 
370 107 8 13 0.47422448 
825 242 9 9 0.4715036 
728 190 10 11 0.45577928 
543 167 10 10 0.4475355 
135 19 5 7 0.44623893 
765 288 14 14 0.443548 
228 103 8 11 0.43625548 
157 28 4 6 0.43526566 
197 84 8 10 0.43105975 
606 166 8 12 0.4209825 
181 72 8 10 0.41987348 
610 158 10 12 0.41655427 
53 43 7 10 0.41185334 
650 345 17 23 0.39950374 
989 311 23 33 0.3816521 
526 147 7 8 0.36697367 
3 324 37 50 0.3626254 
913 306 11 17 0.36069795 
189 413 33 43 0.34520745 
850 239 7 9 0.3433959 
356 104 6 9 0.34041888 
563 188 10 14 0.3333901 
670 179 9 12 0.32755208 
670 210 10 13 0.32353884 
645 189 11 16 0.32074845 
830 237 10 10 0.31370524 
149 35 5 7 0.3117458 
415 395 19 32 0.302573 
778 210 8 9 0.29729104 
630 178 10 13 0.28947374 
725 198 10 12 0.28614974 
801 236 11 17 0.27475047 
614 129 7 10 0.27411094 
682 185 8 11 0.27275738 
873 250 11 12 0.2616068 
595 178 9 11 0.25886375 
598 221 14 22 0.24495839 
16 344 44 55 0.24283282 
135 46 6 9 0.2368043 
80 46 9 10 0.23447539 
495 185 9 12 0.23227696 
536 161 7 7 0.23140587 
649 194 10 16 0.22401054 
907 248 14 14 0.22192836 
135 51 7 10 0.21879885 
659 166 6 8 0.2094318 
263 68 8 11 0.20506483 
201 41 4 5 0.20071758 
527 110 5 7 0.19566101 
226 48 4 6 0.19355223 
556 142 7 10 0.19064073 
462 134 7 9 0.1892373 
370 134 7 11 0.18618459 
349 131 12 15 0.18492702 
275 77 7 8 0.18145064 
706 192 10 12 0.18124214 
7 26 9 9 0.17896248 
504 129 8 11 0.17674063 
32 39 8 9 0.17521454 
50 8 6 9 0.17417054 
212 401 35 45 0.17296366 
551 160 7 7 0.1727798 
492 130 6 8 0.1727701 
631 173 8 10 0.17051506 
0 27 6 10 0.16960597 
143 57 8 10 0.16660932 
858 236 7 10 0.16466574 
886 245 10 11 0.16325915 
543 162 8 8 0.16133994 
506 123 6 7 0.1612616 
517 148 7 7 0.16085975 
265 138 9 12 0.15434149 
608 185 9 11 0.15382907 
595 131 5 6 0.15123062 
187 34 4 6 0.15042534 
734 358 14 14 0.14911875 
1 1 5 8 0.14700033 
571 123 5 7 0.14614019 
154 33 5 7 0.14564691 
582 162 8 11 0.14508097 
107 40 6 9 0.14330061 
353 86 5 7 0.13886803 
387 403 21 37 0.13726576 
608 191 10 12 0.1361866 
355 111 8 14 0.13569964 
546 170 10 11 0.13525884 
340 73 5 7 0.13438335 
218 48 4 6 0.13415407 
149 44 6 8 0.13385971 
149 39 6 8 0.13327092 
600 172 9 10 0.13048483 
273 84 8 10 0.12907016 
186 29 4 6 0.1285019 
402 117 8 8 0.1283922 
518 144 7 7 0.12817293 
835 244 13 11 0.12677354 
307 84 6 8 0.1267068 
759 292 15 14 0.123514235 
428 160 10 13 0.123168044 
192 35 5 6 0.122831784 
499 422 23 39 0.12075253 
750 353 17 23 0.12062755 
875 238 8 9 0.12036663 
502 133 6 10 0.11764358 
215 49 4 5 0.11748315 
332 90 7 10 0.11600883 
476 165 9 10 0.11588266 
330 68 4 5 0.114827774 
531 123 6 7 0.114019066 
493 124 5 5 0.113909125 
845 54 5 7 0.1137314 
572 119 5 6 0.113683365 
680 367 21 23 0.112828195 
140 70 7 8 0.11191872 
32 44 9 11 0.111439794 
173 432 36 56 0.110819854 
423 129 6 8 0.10889902 
390 135 9 12 0.107910536 
429 129 7 10 0.107731394 
817 236 10 11 0.107516065 
716 203 10 13 0.107111245 
906 310 21 23 0.10661173 
480 118 5 6 0.10643804 
791 361 20 23 0.105657354 
596 135 5 7 0.10418833 
175 41 5 6 0.10343695 
475 45 8 10 0.103196815 
879 262 20 22 0.10291798 
435 115 6 8 0.10200521 
873 242 11 11 0.101826444 
561 336 21 28 0.10168897 
183 28 4 6 0.10159489 
483 153 8 8 0.10117226 
881 248 11 11 0.10095368 
779 229 9 13 0.100782305 
842 242 9 10 0.10057382 
143 21 4 6 0.10056323 
905 259 14 14 0.10018043 
309 79 6 8 0.099987686 
409 145 7 10 0.09972591 
224 90 7 10 0.09942609 
280 101 9 12 0.0991259 
504 337 22 37 0.09696845 
56 39 8 11 0.09667469 
529 135 8 9 0.09551284 
587 141 7 10 0.09545781 
753 228 10 13 0.09495579 
751 300 16 15 0.09441526 
575 118 5 6 0.092733525 
392 92 5 7 0.09241037 
814 52 5 6 0.092346966 
306 91 7 8 0.092319034 
591 130 5 6 0.092105106 
417 108 12 13 0.09203043 
715 166 8 9 0.09183961 
1002 316 19 28 0.091206975 
759 223 11 14 0.0911932 
678 203 8 11 0.09091112 
48 476 27 30 0.09067869 
342 99 5 7 0.090314895 
434 124 8 9 0.090305865 
774 234 10 14 0.090235524 
947 237 7 8 0.090048365 
417 123 7 9 0.08900158 
193 39 5 6 0.08832742 
488 130 6 8 0.08821644 
72 44 6 8 0.0873625 
901 267 21 23 0.086334564 
120 57 7 9 0.086147994 
293 84 5 7 0.086122856 
372 84 5 7 0.08581905 
864 305 14 14 0.08535459 
570 85 6 8 0.08532463 
182 35 4 6 0.08503133 
138 52 9 12 0.0846747 
373 81 4 5 0.08456261 
770 222 12 15 0.08438246 
682 200 9 12 0.083113655 
346 129 9 11 0.082392365 
-5 612 145 203 0.08225366 
512 164 9 12 0.08181826 
89 69 7 10 0.08090577 
958 307 9 11 0.08075748 
508 130 7 9 0.080275 
403 85 4 6 0.08020602 
143 28 4 6 0.07989432 
328 71 6 7 0.07988168 
661 349 12 20 0.079796135 
476 119 4 5 0.079532035 
764 221 11 14 0.07933569 
431 180 14 16 0.07876812 
569 128 6 7 0.07814484 
215 52 5 7 0.07812893 
637 191 10 14 0.07801102 
527 107 4 5 0.077929184 
201 48 4 5 0.077609226 
185 47 5 6 0.07754713 
792 354 13 14 0.07698292 
156 57 5 8 0.07680611 
310 108 8 11 0.07677418 
31 50 10 13 0.076720946 
587 160 7 10 0.076600045 
285 78 7 10 0.0760543 
153 44 6 9 0.075660504 
292 89 7 9 0.075639665 
206 57 5 8 0.075484835 
819 52 5 6 0.07531953 
690 160 7 11 0.075238764 
441 211 58 58 0.075076744 
657 197 8 12 0.07500548 
538 157 7 6 0.074103184 
774 293 15 15 0.074033625 
528 312 12 20 0.07385482 
122 54 6 8 0.0738255 
529 124 4 6 0.07372152 
165 47 5 7 0.07340558 
558 125 5 6 0.07315026 
161 44 6 9 0.073121205 
779 173 7 11 0.07308648 
407 118 7 8 0.07269927 
549 58 10 8 0.072257064 
464 141 9 12 0.072026804 
479 122 6 7 0.07198641 
553 118 5 6 0.07180917 
167 53 5 7 0.07148205 
583 41 402 360 0.07103001 
635 160 5 7 0.07084306 
251 3 6 7 0.07083133 
726 355 15 18 0.070730075 
615 100 5 5 0.0706947 
148 28 4 6 0.070257716 
952 306 9 11 0.06980564 
803 230 9 14 0.06957494 
781 337 12 13 0.06948718 
615 124 6 7 0.06905357 
244 74 8 12 0.06895244 
295 105 6 8 0.0688344 
722 167 7 8 0.06877028 
646 157 5 7 0.06867973 
590 138 5 6 0.06840061 
895 244 11 13 0.06792286 
608 99 6 6 0.06791328 
268 86 10 12 0.0675773 
571 136 5 8 0.06691288 
238 54 4 7 0.066776566 
177 90 8 10 0.0666189 
808 54 5 6 0.066482015 
575 123 6 7 0.06576931 
720 355 12 20 0.06571869 
642 345 16 20 0.0656635 
281 108 9 13 0.06556964 
409 104 5 8 0.065284975 
494 119 4 5 0.06525026 
104 40 6 8 0.06520723 
586 146 8 10 0.064923 
194 52 5 7 0.06486581 
157 25 3 5 0.06481663 
366 479 14 14 0.06479426 
235 401 22 39 0.064688 
561 141 7 9 0.064684205 
557 118 5 5 0.06462947 
160 452 38 55 0.06460618 
519 105 5 7 0.064598896 
532 118 5 6 0.064527266 
486 134 7 9 0.0643284 
659 361 22 27 0.06428859 
488 113 4 5 0.063894026 
230 47 4 7 0.06372713 
773 216 9 12 0.06353529 
780 224 9 12 0.063506894 
740 253 10 17 0.06336672 
538 149 6 7 0.06323079 
519 97 5 7 0.0631779 
322 62 3 4 0.06303368 
557 129 5 7 0.06280585 
794 339 25 23 0.062548764 
161 58 6 8 0.06250575 
377 133 8 11 0.062078018 
487 118 4 5 0.061882216 
251 7 5 7 0.061548024 
820 69 6 9 0.06148068 
219 41 4 6 0.06145202 
849 287 13 15 0.06104891 
854 47 5 5 0.060971223 
430 53 5 6 0.060947474 
508 319 15 16 0.060882937 
615 150 5 6 0.060880605 
239 115 9 9 0.060828228 
289 97 6 10 0.060464263 
331 96 7 9 0.060378753 
206 41 4 5 0.060288616 
489 106 4 6 0.060242817 
30 8 8 11 0.060005162 
579 112 4 5 0.05996856 
401 110 7 8 0.059917986 
700 363 10 15 0.059829667 
553 113 4 5 0.059813045 
543 177 10 12 0.059310764 
531 107 5 5 0.058975536 
41 2 5 7 0.05894796 
507 120 4 5 0.058853287 
692 1 6 6 0.05870495 
900 311 12 15 0.058391098 
517 109 6 8 0.058212195 
251 59 6 9 0.058194753 
145 82 9 11 0.057985794 
248 116 8 9 0.05785055 
603 136 5 6 0.05749817 
707 375 11 14 0.057416894 
34 482 29 29 0.05732237 
293 114 8 11 0.05720097 
393 88 4 4 0.05712937 
745 336 11 15 0.05704472 
542 150 7 7 0.056723733 
24 33 10 10 0.056616586 
547 123 5 6 0.056602374 
243 64 6 8 0.056496136 
167 41 4 6 0.056455784 
6 3 6 7 0.056136187 
429 124 6 7 0.056060787 
879 254 13 13 0.055956233 
762 208 11 12 0.055891313 
519 124 5 6 0.05577056 
705 153 6 10 0.05570921 
576 128 5 8 0.0554233 
130 20 4 7 0.05524525 
26 2 6 7 0.055118646 
828 53 5 6 0.055045452 
317 68 4 5 0.05497939 
807 40 6 6 0.0549675 
978 317 20 28 0.054962493 
474 177 9 11 0.054822113 
664 168 6 7 0.054701287 
626 342 77 89 0.05454931 
286 102 7 10 0.05450835 
707 202 13 15 0.05434455 
583 125 5 6 0.054251906 
602 149 7 7 0.054152988 
406 164 9 13 0.053996745 
405 406 22 34 0.053963337 
542 155 7 8 0.053733118 
455 153 8 9 0.053634543 
400 86 4 5 0.0535265 
584 128 5 7 0.053494554 
563 118 5 5 0.05336976 
213 41 4 5 0.05332631 
225 424 25 36 0.053079348 
57 9 6 8 0.053021733 
552 136 6 8 0.052989908 
258 15 5 5 0.052987017 
481 86 4 5 0.052952662 
512 143 7 8 0.052942645 
225 71 6 7 0.052889954 
181 54 6 8 0.052762702 
303 421 15 19 0.052693885 
678 110 6 7 0.052682314 
796 222 11 14 0.0526721 
410 14 5 5 0.052650783 
177 29 3 4 0.052639235 
514 118 4 5 0.05260605 
179 41 5 5 0.05254648 
656 162 5 7 0.05242831 
76 65 8 11 0.052399684 
512 185 7 10 0.05231981 
333 67 4 5 0.052287843 
832 52 5 7 0.052223533 
575 64 6 8 0.052207317 
706 389 11 13 0.05218304 
262 85 9 11 0.052159015 
161 35 4 5 0.052115776 
520 130 5 7 0.05209259 
293 80 5 7 0.051942356 
724 136 5 7 0.051748842 
393 169 12 17 0.05169236 
390 105 5 8 0.05157857 
31 2 6 7 0.051555637 
791 286 13 13 0.051547326 
271 79 7 8 0.051355246 
527 130 6 7 0.05127824 
121 46 5 7 0.05125614 
784 206 9 10 0.051218428 
319 65 5 7 0.051146477 
317 109 9 11 0.051106747 
370 90 6 8 0.05110366 
147 23 4 5 0.050849076 
207 48 4 5 0.05076891 
683 173 7 9 0.050643798 
6 7 7 7 0.050588652 
348 68 3 4 0.05051611 
555 160 7 9 0.050487373 
143 18 3 4 0.05041457 
709 308 10 18 0.05041295 
165 58 5 9 0.050246026 
818 164 9 12 0.050228216 
727 173 8 8 0.050223082 
354 80 4 5 0.050203472 
182 82 10 11 0.050027803 
641 161 5 7 0.04997616 
424 391 11 24 0.049915485 
74 58 9 10 0.049863055 
752 336 10 16 0.049830724 
538 111 4 6 0.0497984 
810 47 4 6 0.049555425 
88 81 8 10 0.04946812 
275 121 8 12 0.049423918 
610 90 6 6 0.049409445 
61 38 6 10 0.049304176 
466 129 6 9 0.049176496 
813 48 5 6 0.049117982 
90 12 6 7 0.04909051 
127 65 7 9 0.049047455 
546 350 25 38 0.04897256 
99 48 5 7 0.048971865 
187 41 4 5 0.04896112 
565 136 5 8 0.048953384 
24 19 7 9 0.048909258 
47 7 6 9 0.048896838 
528 119 4 5 0.04875136 
488 368 41 37 0.048702378 
519 119 4 5 0.04869901 
772 206 7 8 0.048644938 
347 74 3 5 0.048567362 
576 85 5 6 0.048511278 
249 120 9 11 0.048492026 
730 136 5 6 0.048273467 
606 149 7 7 0.048244085 
475 112 3 5 0.048201524 
501 119 4 5 0.0481964 
737 80 5 6 0.04818837 
93 443 41 55 0.048036378 
712 142 5 8 0.048035856 
338 90 6 9 0.04797632 
565 129 5 7 0.047950942 
485 308 72 82 0.047911946 
502 123 5 6 0.04783757 
540 325 41 46 0.04780192 
828 299 24 24 0.047716368 
436 53 4 6 0.047543537 
485 193 8 13 0.047465395 
303 85 5 7 0.04744393 
576 179 7 10 0.047334857 
598 182 10 14 0.047332574 
224 59 5 8 0.047325082 
404 92 5 5 0.047241412 
550 124 6 6 0.047151715 
894 363 26 20 0.04711192 
692 366 19 22 0.046979267 
820 49 4 5 0.046944905 
136 70 6 7 0.046925418 
564 125 5 6 0.04691669 
228 98 8 10 0.046870325 
484 356 26 31 0.046846233 
295 1 6 7 0.046752922 
363 166 8 11 0.046677638 
181 421 23 40 0.046584427 
585 137 5 7 0.046570797 
551 575 15 18 0.046480212 
366 104 5 8 0.046383165 
487 186 7 9 0.04628658 
217 58 6 8 0.046148323 
512 124 5 6 0.04608108 
825 324 27 25 0.046076264 
738 218 12 15 0.04592309 
505 310 16 17 0.045890603 
315 410 25 30 0.045726996 
518 138 6 5 0.04570663 
482 113 4 4 0.045663983 
95 83 8 10 0.04561648 
303 92 6 6 0.04557962 
409 10 6 6 0.04552506 
79 9 4 5 0.045518897 
122 33 5 8 0.04542426 
748 185 8 10 0.04541678 
87 52 7 8 0.045317736 
634 157 5 6 0.04528914 
673 167 5 8 0.045263655 
674 214 10 13 0.04525875 
629 155 5 7 0.045201246 
547 119 4 5 0.04506697 
737 350 21 24 0.045039583 
76 40 8 10 0.0450036 
281 73 6 7 0.044966534 
464 86 4 5 0.04492412 
103 59 5 7 0.044916883 
575 199 14 17 0.044822767 
40 7 5 8 0.044799127 
342 69 3 4 0.044773713 
153 66 7 9 0.044586565 
104 45 6 9 0.044567678 
85 3 5 6 0.04454257 
665 172 8 10 0.04450005 
103 29 4 6 0.04449464 
736 213 11 12 0.044481315 
137 42 5 7 0.044447377 
115 45 7 9 0.04432759 
71 65 7 9 0.044309728 
606 143 6 7 0.04428789 
230 58 5 8 0.044284042 
653 172 7 10 0.04425417 
785 223 10 12 0.0442185 
199 53 5 6 0.044154637 
216 89 7 10 0.04403316 
670 199 9 11 0.043951336 
871 238 8 9 0.04391595 
386 104 5 8 0.043864723 
275 3 5 5 0.043794323 
139 41 6 8 0.04378675 
404 386 23 34 0.043736685 
720 135 4 7 0.043664414 
962 306 13 13 0.043628085 
724 78 6 8 0.043583702 
176 36 3 5 0.043475144 
303 80 5 6 0.043457918 
806 35 6 6 0.043455377 
834 232 9 10 0.04338041 
876 234 7 8 0.043308627 
990 310 43 58 0.043279197 
528 143 8 10 0.04324548 
354 400 11 24 0.04324468 
731 124 5 5 0.043090113 
729 130 6 7 0.04305546 
231 54 5 7 0.04303998 
451 642 9 11 0.042963896 
770 282 13 16 0.042792182 
262 15 5 6 0.042736944 
835 286 13 14 0.042631123 
24 26 9 10 0.042494144 
817 224 8 10 0.04247398 
828 276 13 14 0.04238097 
132 17 4 5 0.04236453 
797 338 14 13 0.04227995 
274 9 6 7 0.042262133 
830 225 9 10 0.042228732 
697 1 7 6 0.04221224 
27 7 6 9 0.042188082 
726 411 11 17 0.042084288 
679 167 7 10 0.042076018 
360 73 3 6 0.042074088 
379 39 5 7 0.042048723 
470 110 5 6 0.04197668 
591 126 4 5 0.041907728 
166 90 8 8 0.04188799 
231 3 6 6 0.041871235 
400 132 9 13 0.041806407 
99 41 4 6 0.041732147 
814 40 4 6 0.041679177 
152 40 6 9 0.041654103 
522 345 10 16 0.041606158 
607 156 8 10 0.041492507 
416 104 9 11 0.04147811 
498 195 10 15 0.041401092 
841 298 15 17 0.04139134 
194 49 4 5 0.041388504 
709 153 7 11 0.041336846 
655 267 11 15 0.041300546 
773 168 16 24 0.04121448 
736 143 5 7 0.041184656 
786 67 6 6 0.04117407 
387 80 3 5 0.0411731 
156 422 38 49 0.04115972 
502 322 27 27 0.041108083 
532 14 5 6 0.040972583 
550 602 21 27 0.04084463 
602 132 4 6 0.04078788 
848 342 9 12 0.040747706 
600 78 6 6 0.040693413 
230 65 5 7 0.040681552 
666 163 5 6 0.04063748 
570 141 6 8 0.04062384 
69 69 7 10 0.040577568 
514 366 14 19 0.040560305 
212 58 5 7 0.040395148 
894 311 38 40 0.04038661 
129 419 45 44 0.040360376 
742 175 9 8 0.040324472 
409 135 8 11 0.04025423 
791 311 13 17 0.040253986 
596 86 5 5 0.04024048 
142 34 4 6 0.040234335 
167 36 4 5 0.040230915 
26 14 7 9 0.04022697 
578 80 5 6 0.04021438 
314 116 7 10 0.040189832 
390 96 5 7 0.040164515 
562 156 6 7 0.040104195 
805 66 6 9 0.040098738 
313 92 5 6 0.040034767 
793 208 7 8 0.03998244 
594 149 7 9 0.039899576 
383 134 8 9 0.039892748 
271 9 6 6 0.03988911 
598 80 4 5 0.039811186 
1012 326 14 22 0.03980817 
701 209 12 13 0.039768323 
812 235 10 12 0.039701056 
181 47 5 5 0.039670017 
682 281 10 13 0.03963518 
4 20 10 12 0.03962178 
601 67 5 5 0.03955345 
819 106 5 5 0.03952935 
621 103 5 7 0.039516915 
720 418 14 19 0.03937678 
363 132 9 13 0.03936947 
215 35 3 7 0.039262723 
476 82 4 4 0.03922596 
324 99 9 12 0.039210223 
760 305 24 22 0.039096918 
277 67 5 6 0.039001536 
51 3 6 7 0.038961556 
150 77 8 10 0.03893428 
831 370 7 12 0.038877193 
268 147 9 11 0.038831953 
40 14 6 9 0.038810715 
225 66 5 7 0.038773496 
76 51 8 9 0.0387452 
716 142 6 8 0.038739145 
539 167 8 8 0.038691796 
795 47 6 6 0.038668573 
515 343 12 20 0.038594864 
563 161 8 10 0.038592458 
385 3 6 7 0.03858125 
326 86 7 10 0.038577963 
596 126 5 5 0.038466018 
1001 306 13 19 0.0383629 
160 53 5 8 0.03833077 
786 71 7 8 0.038295902 
675 273 11 12 0.038234845 
411 92 4 6 0.038056348 
775 303 17 17 0.03804174 
593 580 7 11 0.038025726 
167 28 4 5 0.037951227 
424 134 6 8 0.03793831 
736 351 42 39 0.037909638 
455 634 5 7 0.037858803 
18 381 32 40 0.037855428 
511 170 9 11 0.037824426 
374 616 4 7 0.03773708 
422 124 6 7 0.03768012 
506 570 24 34 0.03765946 
538 559 26 25 0.03764215 
217 103 7 8 0.037605535 
585 93 4 5 0.037601594 
101 52 6 8 0.03755695 
822 162 8 10 0.037527982 
546 113 3 4 0.037515093 
580 106 3 5 0.037441872 
833 293 15 14 0.037433516 
558 112 4 5 0.037386388 
581 110 5 7 0.037384585 
461 124 5 6 0.037324216 
197 65 7 8 0.037299037 
135 34 5 7 0.037298188 
45 14 5 9 0.037295714 
644 215 11 13 0.037236795 
443 22 5 6 0.037225638 
182 25 3 4 0.037221644 
736 136 6 7 0.037198707 
573 65 5 7 0.037144013 
165 64 6 9 0.037127774 
296 60 4 6 0.037127763 
517 564 43 44 0.037122827 
200 36 4 5 0.03712125 
748 173 7 8 0.03703725 
685 15 5 6 0.0369422 
109 52 7 8 0.036859047 
322 86 5 8 0.036842547 
3 51 10 14 0.03682688 
62 52 8 9 0.036813606 
422 39 6 8 0.036806878 
467 125 6 7 0.03678624 
493 148 7 10 0.036777187 
881 238 8 9 0.03674619 
135 28 5 6 0.03666948 
576 136 4 7 0.036668044 
829 257 12 12 0.036600485 
224 96 8 9 0.03659253 
967 315 19 24 0.036550418 
359 79 5 6 0.036518764 
837 364 9 14 0.036472145 
447 128 7 10 0.036456905 
128 40 6 8 0.0364522 
829 248 12 11 0.03636764 
664 195 10 13 0.036358383 
494 86 4 5 0.036325816 
560 573 11 15 0.03632345 
160 24 4 5 0.03629636 
734 258 15 25 0.036283046 
697 167 7 8 0.036266956 
242 595 9 12 0.036258094 
21 42 20 25 0.036256943 
689 174 7 8 0.036204394 
806 92 6 6 0.036192164 
490 193 10 17 0.03615021 
514 332 93 85 0.036067933 
871 233 6 7 0.036060944 
588 182 10 14 0.036050696 
78 34 6 8 0.036039818 
173 54 5 6 0.035968307 
476 124 5 6 0.03592891 
714 367 10 16 0.035863742 
83 9 5 7 0.035855144 
21 4 5 5 0.03584421 
489 86 4 5 0.03580488 
483 106 3 6 0.035797708 
386 86 4 5 0.035734996 
500 52 7 9 0.035726905 
718 132 5 5 0.03571652 
513 315 39 41 0.03570964 
733 204 11 11 0.035695694 
616 104 4 5 0.035639476 
666 215 11 14 0.035573408 
334 86 7 9 0.035563823 
382 128 9 11 0.035531834 
698 125 6 6 0.035438314 
771 342 14 16 0.03542259 
515 112 5 6 0.035360795 
450 124 6 7 0.03534624 
503 190 8 12 0.035325453 
352 98 6 7 0.035305455 
592 593 9 12 0.035253488 
849 233 9 10 0.03522554 
800 48 5 5 0.035213515 
645 178 8 13 0.0351842 
480 202 9 16 0.0351623 
911 267 12 13 0.035144925 
947 2 7 6 0.035123106 
711 136 5 7 0.035112202 
684 375 22 30 0.03508123 
275 14 6 6 0.03499579 
321 571 86 91 0.034989614 
666 355 14 20 0.03495387 
225 41 4 6 0.034891594 
124 15 4 6 0.034887906 
577 336 14 22 0.034885153 
551 148 6 8 0.03478097 
556 137 6 7 0.034775738 
796 281 14 14 0.034768008 
110 16 5 5 0.034707688 
201 428 32 37 0.034707066 
360 616 5 6 0.03465343 
520 331 13 19 0.034633778 
727 138 110 100 0.034615062 
419 41 5 5 0.034608033 
216 34 5 7 0.03460536 
538 119 4 5 0.03457706 
224 107 9 11 0.034536976 
609 112 4 4 0.034508623 
409 110 7 8 0.03447734 
689 187 7 10 0.034474686 
814 104 6 7 0.034394514 
898 190 12 12 0.034384385 
44 2 5 7 0.034372628 
821 61 4 5 0.034333915 
553 143 6 8 0.034254238 
710 161 8 11 0.034244113 
653 103 7 8 0.034219984 
748 151 7 7 0.034198653 
493 113 4 5 0.034181453 
82 70 7 10 0.03417979 
604 179 9 13 0.03416151 
98 51 5 7 0.03414822 
424 21 5 6 0.034099214 
641 103 6 7 0.03405922 
431 171 12 13 0.033998683 
612 86 7 8 0.03397763 
319 101 9 12 0.03396867 
697 186 7 11 0.033961043 
768 234 10 13 0.0339536 
528 156 8 8 0.033929113 
244 61 5 7 0.033921167 
559 202 10 17 0.03389915 
383 111 7 9 0.033884823 
426 110 8 9 0.033825934 
725 124 5 6 0.033801932 
654 260 11 14 0.03379831 
345 102 6 8 0.033772726 
802 163 20 26 0.03377002 
70 52 8 9 0.033766706 
655 168 6 8 0.033751354 
600 85 6 7 0.033655494 
45 19 6 9 0.03363416 
461 411 25 25 0.03361677 
473 136 6 8 0.033605065 
609 105 5 5 0.03351797 
379 80 3 5 0.033489186 
627 652 31 29 0.03347664 
706 138 4 6 0.03346679 
809 303 14 17 0.033431564 
827 70 6 8 0.033398606 
455 124 5 6 0.033397723 
734 123 5 6 0.033386018 
418 10 5 6 0.033380244 
411 88 4 4 0.033361264 
689 199 8 11 0.03332524 
318 60 3 4 0.033300243 
853 293 15 17 0.03328496 
680 128 6 8 0.033265788 
378 615 5 8 0.033227075 
386 96 6 7 0.033208862 
639 172 8 11 0.033195253 
584 98 4 5 0.033190273 
776 344 40 38 0.03318061 
357 86 5 7 0.033172995 
519 341 22 35 0.033169754 
289 74 5 6 0.033160686 
476 86 4 4 0.033159837 
344 122 8 11 0.033158146 
489 100 3 4 0.03315341 
97 14 4 6 0.03314598 
628 150 4 6 0.033135254 
840 310 15 18 0.033116423 
404 105 7 8 0.033040076 
525 98 4 6 0.033028975 
603 105 5 5 0.033006687 
365 113 8 12 0.033006668 
619 160 6 9 0.03298963 
641 339 38 37 0.032983955 
18 33 9 9 0.032947656 
468 85 4 5 0.032913305 
-24 -176 186 174 0.032912016 
915 319 25 26 0.032901835 
252 128 10 11 0.03286583 
82 81 8 10 0.03286379 
389 110 7 8 0.032856 
727 179 9 10 0.03285146 
604 112 4 5 0.03284496 
618 261 18 26 0.032816164 
818 110 5 6 0.032805834 
527 370 19 32 0.032770682 
918 260 11 12 0.032746535 
275 101 7 11 0.03272434 
337 84 7 9 0.032697428 
807 59 5 6 0.03263212 
531 189 9 11 0.032613575 
102 34 5 7 0.032591697 
584 589 20 28 0.032536313 
779 216 8 11 0.032534078 
304 97 9 10 0.032510974 
417 86 4 5 0.03249357 
355 75 3 4 0.03245982 
594 142 6 8 0.03244975 
559 105 4 5 0.032449033 
538 124 4 5 0.03244476 
469 3 5 5 0.032394618 
807 101 8 9 0.03238974 
762 201 8 9 0.032386445 
484 142 7 8 0.03237896 
198 59 6 8 0.03235214 
410 99 5 6 0.03234451 
271 15 5 5 0.032319672 
858 293 38 39 0.032317568 
622 111 5 5 0.032287832 
332 73 5 6 0.032278493 
185 450 57 57 0.032223444 
115 40 5 8 0.032210194 
667 329 14 16 0.032207135 
725 208 12 14 0.032197624 
29 451 77 80 0.032180194 
5 14 8 9 0.032177627 
191 437 29 38 0.032075413 
860 231 8 10 0.032068867 
532 319 12 20 0.032053497 
346 110 6 9 0.03202647 
386 93 4 7 0.03201545 
127 33 6 8 0.03200007 
754 168 7 7 0.03198181 
339 76 6 8 0.031972837 
159 63 7 10 0.031940818 
601 74 5 5 0.031901006 
585 171 10 12 0.03183661 
689 104 8 7 0.031810474 
868 258 10 16 0.031803694 
799 205 8 11 0.031768017 
629 112 5 6 0.03175174 
964 310 38 53 0.031721488 
487 123 5 6 0.031698667 
697 153 5 9 0.031697206 
960 309 19 21 0.031685628 
701 104 7 8 0.031663716 
642 111 5 7 0.03165852 
289 3 5 5 0.031646732 
313 84 5 8 0.031643204 
43 44 7 9 0.031642925 
582 79 5 6 0.03160945 
183 57 7 10 0.03160911 
685 122 7 9 0.03157807 
886 243 35 40 0.031577364 
793 98 6 6 0.031533215 
611 626 11 16 0.031532276 
691 155 7 10 0.031500615 
972 313 10 11 0.03146552 
296 66 4 7 0.03146419 
610 131 6 7 0.03145147 
404 81 3 5 0.03145074 
424 408 14 18 0.03144534 
815 111 5 7 0.031397667 
789 151 19 28 0.031348906 
362 163 177 163 0.031345345 
447 44 7 9 0.031305682 
577 72 5 6 0.03127824 
597 100 4 5 0.031275984 
793 52 7 7 0.03119205 
722 163 6 7 0.031190876 
492 106 4 6 0.031161971 
736 180 7 8 0.031110767 
48 489 13 15 0.031106442 
238 48 4 6 0.031059599 
138 90 12 14 0.03105053 
64 32 6 10 0.03104872 
889 3 6 5 0.031040575 
783 142 5 8 0.03103996 
716 155 6 8 0.031032957 
329 62 3 4 0.031031165 
515 98 3 6 0.031020919 
577 148 6 9 0.031020906 
482 2 5 6 0.03099314 
451 617 19 29 0.03098328 
546 265 13 21 0.03092336 
793 166 8 11 0.030888168 
467 226 27 34 0.030849235 
228 114 9 12 0.03084417 
483 100 4 5 0.03075487 
61 45 7 9 0.030754212 
320 72 5 7 0.030743826 
612 181 10 12 0.030726202 
765 341 13 16 0.030685226 
194 3 4 4 0.030648587 
673 13 6 8 0.030631635 
572 113 4 5 0.030570742 
456 630 5 8 0.030565176 
462 2 5 5 0.03053858 
262 75 8 10 0.03053065 
888 238 9 9 0.0305002 
552 586 13 14 0.030494282 
255 10 5 5 0.030490415 
467 400 41 41 0.030483164 
552 130 5 6 0.03047929 
128 70 7 8 0.030475534 
803 343 12 11 0.030465132 
642 156 5 7 0.0304495 
686 20 6 7 0.030432232 
10 48 12 13 0.03042691 
808 80 6 6 0.030399283 
377 85 5 6 0.030393258 
753 160 9 10 0.030345263 
603 100 5 6 0.030322148 
683 167 8 10 0.030315682 
571 80 5 6 0.030299513 
607 135 5 7 0.030295013 
837 333 22 25 0.030284049 
773 202 6 8 0.03028231 
537 144 6 7 0.030281397 
400 81 4 5 0.030242978 
788 40 5 6 0.030213447 
703 124 6 6 0.030209456 
354 635 5 7 0.03018815 
709 147 7 10 0.030168567 
792 92 6 6 0.030156422 
219 66 5 7 0.03015612 
685 116 7 7 0.030144135 
930 248 10 12 0.03013952 
742 184 8 11 0.03013573 
502 112 4 5 0.030133827 
701 381 13 16 0.030131256 
328 77 7 9 0.030129494 
304 54 3 4 0.030105373 
583 73 5 5 0.03010464 
781 148 5 8 0.030101325 
235 129 10 13 0.030094875 
490 93 3 4 0.0300853 
146 63 7 9 0.030074494 
333 101 7 10 0.030067245 
628 143 5 7 0.030066645 
221 568 9 12 0.030052157 
557 316 23 35 0.029994661 
895 351 26 22 0.029986605 
585 87 3 4 0.0299494 
943 238 6 8 0.029928472 
141 474 45 49 0.029923186 
12 3 5 6 0.029898824 
590 105 4 5 0.029880641 
126 58 6 8 0.02985806 
310 55 4 5 0.029849194 
704 167 6 8 0.02984403 
409 569 78 101 0.029822804 
758 342 11 17 0.029818004 
679 103 6 7 0.02981272 
737 131 7 7 0.029793762 
480 82 4 4 0.029785488 
977 315 8 12 0.029785335 
582 118 5 6 0.029771697 
430 48 4 6 0.02973327 
404 46 5 6 0.029730665 
634 15 6 8 0.029728606 
802 344 28 31 0.029719668 
352 120 8 12 0.029717788 
679 99 6 6 0.029694144 
174 46 5 6 0.029676361 
754 218 10 12 0.029661814 
366 74 3 5 0.029627858 
641 168 6 8 0.02959273 
610 67 5 5 0.02955521 
561 148 7 9 0.029549994 
803 275 10 12 0.029546063 
105 380 29 30 0.029529022 
391 80 4 5 0.029519891 
544 65 7 7 0.029519217 
743 150 5 7 0.029495265 
693 124 5 7 0.029481264 
690 223 12 12 0.029399581 
78 14 6 8 0.029388018 
388 129 8 10 0.029378833 
384 619 7 12 0.029366415 
472 141 7 10 0.02930591 
577 569 24 26 0.02930271 
587 621 10 13 0.029288322 
576 154 6 9 0.02928263 
6 37 19 20 0.029237628 
231 7 5 7 0.029231723 
730 142 5 6 0.029185832 
431 118 4 6 0.029174354 
913 190 13 12 0.029164784 
830 66 6 7 0.029160656 
355 68 3 5 0.029154409 
208 9 4 5 0.02912181 
422 46 5 7 0.029096946 
239 15 4 6 0.029090581 
811 310 21 24 0.029080901 
447 135 7 8 0.029078802 
588 155 7 10 0.029072339 
120 63 7 9 0.02904318 
620 77 6 8 0.029032236 
527 553 22 31 0.029031813 
924 251 13 15 0.0290229 
767 141 8 8 0.028996779 
760 346 18 24 0.028985716 
269 21 5 7 0.028982107 
476 39 10 12 0.02897988 
670 174 8 10 0.028978242 
951 236 8 10 0.028970271 
633 129 6 9 0.028958647 
824 232 9 10 0.02894882 
686 156 7 9 0.028946301 
614 78 6 7 0.028891873 
375 148 9 11 0.028891817 
542 27 7 7 0.02888607 
640 186 8 12 0.02888266 
898 295 20 25 0.028876401 
708 363 11 15 0.028871415 
744 303 18 18 0.028855722 
566 572 41 53 0.028838744 
117 10 5 6 0.028835882 
192 73 6 7 0.028833482 
780 130 7 8 0.028833048 
900 180 13 10 0.028822362 
359 91 4 7 0.028821921 
64 67 6 8 0.028820029 
273 132 10 14 0.028809885 
590 112 4 5 0.028806908 
851 54 4 5 0.028769393 
556 168 7 8 0.02874285 
708 267 7 11 0.028730888 
479 129 6 7 0.028729584 
465 81 3 5 0.028722124 
404 98 5 7 0.028721668 
469 82 4 4 0.028710535 
674 277 14 18 0.02870055 
622 149 4 6 0.028697751 
841 281 13 13 0.028662367 
798 247 10 12 0.028659362 
849 247 10 11 0.028647503 
378 92 5 7 0.02859604 
795 104 5 7 0.028593022 
128 53 6 9 0.028584542 
703 187 8 11 0.02858298 
775 142 6 8 0.028574998 
392 417 27 31 0.028557641 
666 370 26 30 0.028554667 
30 25 8 11 0.028527906 
970 307 10 12 0.028527047 
423 16 5 5 0.028519437 
828 48 4 5 0.02851911 
287 9 6 6 0.028516388 
582 105 4 6 0.028511075 
890 261 12 13 0.028508712 
781 167 6 10 0.028487517 
629 130 6 8 0.02848268 
793 140 23 29 0.028442832 
789 91 5 6 0.028436666 
397 397 15 21 0.028421612 
719 125 5 5 0.028419813 
558 27 6 6 0.028416377 
540 107 3 5 0.028397212 
616 119 5 5 0.028370446 
124 22 4 5 0.02835864 
248 73 7 10 0.028355358 
788 86 5 7 0.028351657 
71 84 7 9 0.028335596 
705 142 5 8 0.028326118 
825 155 7 8 0.02829595 
214 27 5 8 0.028292751 
609 80 5 5 0.028283667 
233 103 8 10 0.028277587 
410 491 29 24 0.028275136 
744 570 14 13 0.028273433 
122 72 6 7 0.028255021 
817 155 7 9 0.028253762 
568 360 21 28 0.028251864 
798 173 9 12 0.028230308 
621 144 5 6 0.028150706 
378 623 5 8 0.028144354 
651 328 22 26 0.028137896 
750 162 7 8 0.028131481 
704 129 5 6 0.028111361 
114 54 7 8 0.028103122 
170 413 26 35 0.028102856 
303 50 3 4 0.028098064 
634 111 5 6 0.028061246 
315 56 3 5 0.02803439 
556 572 23 28 0.028011983 
377 645 9 11 0.028007923 
647 169 5 7 0.027995309 
283 10 5 5 0.027991222 
894 232 9 10 0.027986934 
236 109 8 11 0.027973901 
-1 464 72 96 0.027956663 
454 131 6 7 0.027953302 
410 47 5 5 0.02794765 
588 2 6 6 0.027947068 
408 551 8 9 0.02793944 
862 249 10 11 0.027938912 
150 417 29 28 0.027930373 
398 47 6 6 0.027915062 
954 298 18 21 0.027911836 
571 4 5 5 0.027903162 
814 60 4 6 0.027896386 
99 90 7 11 0.027888937 
447 84 5 8 0.02788357 
530 346 8 13 0.027882153 
893 253 10 13 0.027880974 
375 104 7 10 0.027874263 
279 631 25 32 0.027846385 
570 149 5 8 0.027839195 
256 65 5 8 0.02783673 
619 134 6 9 0.02783556 
456 118 5 6 0.027832879 
753 185 8 12 0.027806537 
264 11 4 4 0.027793573 
516 172 10 11 0.027791807 
514 93 4 5 0.027769566 
582 155 7 9 0.027751084 
22 322 20 34 0.02773409 
613 173 8 9 0.02770788 
170 84 9 11 0.027695239 
245 3 4 5 0.027671348 
373 622 5 8 0.027652875 
765 332 11 16 0.027636975 
73 4 4 5 0.02761954 
144 88 9 11 0.027607305 
418 47 5 6 0.027596964 
317 72 3 6 0.02758989 
894 373 26 27 0.02756053 
609 73 5 5 0.02755123 
224 78 6 8 0.027549246 
854 241 9 11 0.027530985 
62 494 10 16 0.027526215 
551 224 14 19 0.027512468 
540 312 24 31 0.027489858 
521 368 14 20 0.027480988 
742 135 7 8 0.027478104 
358 99 6 7 0.027475195 
646 103 6 7 0.027469698 
448 79 4 7 0.027464876 
598 104 4 5 0.027457356 
307 119 9 12 0.027457273 
485 181 8 10 0.027454542 
397 92 4 6 0.027421737 
645 172 8 11 0.027413193 
397 8 5 6 0.02740724 
620 156 6 7 0.027394185 
343 115 8 12 0.0273844 
754 173 6 8 0.027373433 
627 161 6 8 0.027372478 
735 169 6 6 0.027370749 
515 104 4 7 0.02736014 
460 148 9 12 0.02735835 
212 3 4 6 0.02734906 
650 283 24 32 0.027346643 
737 84 6 7 0.027333278 
692 129 6 7 0.02732588 
243 589 9 12 0.027324913 
126 82 9 10 0.027323019 
188 136 6 8 0.027314356 
535 136 6 8 0.027277932 
820 99 6 7 0.027277738 
556 156 6 8 0.027265996 
725 132 5 5 0.027248124 
854 166 12 14 0.02723346 
472 597 21 29 0.027224869 
598 74 4 4 0.027222108 
431 564 29 29 0.027215974 
385 590 6 9 0.027208103 
386 39 4 6 0.027198778 
769 162 7 10 0.027161544 
918 379 62 46 0.027153287 
900 239 10 12 0.027128188 
684 127 7 9 0.027081663 
510 358 27 36 0.027057763 
731 253 83 84 0.027041009 
43 32 7 10 0.026976008 
236 78 6 9 0.026962766 
544 21 6 6 0.026951892 
827 60 5 6 0.02694241 
546 347 6 8 0.026929405 
354 431 12 19 0.026892994 
640 209 10 12 0.026881922 
129 27 5 7 0.026852867 
417 98 6 7 0.02685233 
882 376 25 26 0.02682278 
183 402 19 33 0.026820414 
883 232 7 9 0.02680797 
70 34 6 8 0.026804272 
461 118 6 7 0.026801994 
582 328 15 21 0.026794124 
490 603 26 22 0.026790781 
709 78 7 7 0.026785934 
173 3 4 5 0.026778607 
760 135 9 9 0.026771257 
237 3 5 6 0.026768668 
676 301 8 11 0.026765406 
695 161 6 10 0.026758095 
502 104 4 7 0.02674415 
320 79 5 7 0.026727188 
747 180 8 10 0.026686743 
801 66 7 9 0.026680404 
720 241 9 13 0.026670726 
786 179 7 11 0.026655972 
951 388 29 25 0.026652185 
705 161 7 10 0.02664494 
742 142 6 7 0.026623867 
665 60 5 6 0.02662282 
81 35 6 7 0.026613249 
406 151 10 12 0.0266043 
457 55 3 3 0.026598478 
901 232 8 10 0.026588382 
271 4 5 5 0.026569655 
608 624 21 30 0.026562156 
104 17 4 5 0.026537558 
854 60 4 6 0.02653499 
679 142 7 11 0.026529558 
637 178 9 13 0.026511505 
291 68 4 5 0.026510295 
514 311 15 18 0.026469482 
31 76 8 9 0.026469091 
642 116 5 9 0.026455672 
229 129 9 12 0.026454087 
787 148 6 8 0.0264538 
748 154 8 9 0.02644281 
368 91 5 6 0.026433459 
145 72 7 8 0.026428772 
584 66 5 6 0.026415143 
210 115 8 11 0.026414149 
603 3 6 4 0.02640517 
725 84 6 7 0.02639641 
457 23 4 5 0.026395211 
417 92 6 6 0.026392976 
63 468 25 36 0.026360003 
794 41 6 6 0.026356045 
378 97 6 7 0.026355775 
382 167 10 18 0.026355684 
705 78 6 7 0.026354594 
118 33 5 7 0.026344104 
303 21 6 7 0.026337652 
810 98 6 8 0.026318999 
751 168 6 7 0.026315413 
831 304 43 40 0.026308006 
193 65 6 8 0.026295006 
572 73 4 5 0.026293835 
424 28 6 6 0.026290921 
352 629 5 6 0.026261713 
859 227 7 8 0.026258191 
193 426 88 103 0.026250007 
712 383 11 14 0.02624421 
108 459 46 55 0.02623211 
121 10 5 6 0.026227972 
773 166 7 10 0.026221111 
226 15 4 5 0.026219878 
476 207 22 30 0.02621303 
231 15 4 6 0.0262119 
177 71 16 16 0.026193589 
695 230 12 16 0.026165113 
564 113 4 5 0.026145685 
982 331 14 21 0.026101064 
712 131 5 6 0.026099008 
493 143 6 8 0.026070116 
714 302 11 19 0.026058968 
468 118 5 6 0.02605757 
393 490 23 21 0.026056763 
860 269 12 18 0.026055513 
66 481 12 19 0.026031487 
382 647 8 9 0.026015902 
847 65 5 7 0.026015477 
788 99 5 5 0.0260121 
88 2 6 7 0.026011167 
76 82 8 9 0.02600292 
953 232 7 8 0.026000679 
646 2 6 6 0.02598929 
491 181 10 14 0.02598247 
577 171 8 11 0.025959851 
590 118 4 6 0.025918461 
283 4 4 4 0.025913015 
347 86 5 7 0.025897197 
579 99 4 5 0.025882877 
743 168 6 6 0.025881387 
874 376 10 13 0.025879038 
929 382 25 27 0.025876988 
79 4 3 5 0.025873661 
346 91 5 7 0.025870148 
536 180 9 12 0.025854405 
297 55 3 4 0.02581843 
528 333 11 17 0.025796138 
879 10 5 5 0.025794988 
517 205 10 14 0.025783427 
834 49 4 5 0.025767615 
463 9 4 6 0.025754306 
748 200 7 8 0.025741683 
591 99 4 5 0.025723279 
867 61 5 5 0.02571444 
245 10 5 5 0.025708217 
385 37 4 5 0.025701609 
418 82 3 3 0.025697483 
782 116 5 8 0.025694659 
919 334 24 25 0.025663434 
397 105 5 7 0.025663367 
783 159 16 26 0.025662696 
418 53 5 6 0.025643025 
656 358 14 22 0.02563382 
621 99 5 8 0.025631666 
543 578 26 28 0.025618652 
955 318 22 29 0.025607252 
835 252 11 14 0.02560373 
591 80 4 5 0.025591882 
755 8 6 6 0.025571873 
865 311 16 19 0.025564354 
367 40 4 6 0.025555996 
754 154 9 11 0.025547033 
454 135 6 8 0.02554554 
251 14 5 6 0.025526736 
940 243 8 9 0.025526024 
400 146 8 11 0.025522131 
784 376 26 28 0.025513515 
450 54 5 5 0.025510339 
802 79 5 6 0.025507156 
819 85 8 8 0.0255052 
35 55 9 13 0.025497084 
946 304 11 13 0.02549481 
457 397 26 28 0.025474522 
268 95 8 10 0.025465623 
311 103 16 20 0.02544659 
480 136 6 8 0.025437053 
537 338 8 11 0.025420586 
480 193 8 11 0.025413983 
533 567 53 57 0.025409175 
835 224 10 11 0.025402064 
57 51 8 9 0.025386916 
629 124 5 7 0.025385123 
941 413 27 26 0.02535226 
792 178 8 11 0.02535211 
590 86 4 5 0.025346274 
546 105 4 5 0.025330879 
20 20 7 8 0.0253113 
893 277 14 15 0.02529932 
865 79 5 8 0.02528947 
730 163 6 5 0.02527221 
519 7 6 7 0.025271457 
123 40 5 7 0.02526629 
552 105 4 5 0.025260141 
864 378 25 27 0.025254767 
121 28 5 7 0.025250088 
173 59 5 7 0.025248034 
374 611 5 7 0.02524515 
794 129 7 7 0.025244469 
205 65 6 8 0.025221413 
207 36 4 6 0.025220746 
635 118 5 6 0.025212081 
776 149 6 8 0.025210239 
774 152 7 11 0.025208693 
193 29 3 5 0.025189297 
787 130 6 8 0.025182612 
254 3 6 6 0.02517991 
882 223 8 11 0.025165386 
894 238 10 11 0.025161797 
468 628 6 9 0.02515501 
139 83 11 11 0.025104769 
716 215 9 12 0.025097072 
281 88 7 10 0.025096532 
811 78 5 6 0.025086967 
485 580 8 12 0.025085805 
287 14 7 6 0.025085257 
838 198 7 9 0.025078956 
640 298 24 29 0.02507061 
627 2 6 5 0.02506886 
348 629 3 6 0.025062265 
825 83 8 9 0.025038997 
62 56 9 11 0.025036722 
169 22 4 6 0.025026778 
576 61 5 7 0.025010379 
715 172 7 9 0.025000136 
659 185 8 12 0.024990961 
-36 430 371 397 0.024990825 
782 308 15 17 0.024986515 
618 123 7 8 0.024976738 
947 331 41 51 0.024976226 
728 80 6 7 0.024965324 
941 211 19 23 0.024959855 
143 96 10 12 0.024958808 
230 82 7 12 0.024956772 
833 105 4 5 0.024956185 
244 14 5 6 0.024950009 
430 85 5 6 0.024926778 
414 165 9 12 0.024907794 
112 23 3 5 0.024881763 
21 7 5 6 0.024859881 
98 22 4 5 0.024858836 
463 379 41 43 0.024856338 
558 23 6 5 0.024842972 
152 95 9 11 0.024839506 
250 92 6 9 0.024814079 
435 103 6 8 0.024809469 
742 3 7 7 0.024795169 
308 75 5 5 0.024793945 
794 124 5 7 0.024793755 
281 15 6 6 0.024785204 
42 103 7 12 0.024781283 
822 238 16 16 0.02477306 
363 121 9 12 0.024766343 
553 380 27 30 0.024758229 
810 240 11 14 0.024754712 
767 129 6 9 0.024734173 
590 53 6 6 0.024731606 
782 137 6 7 0.024693133 
775 129 6 8 0.024688996 
517 185 7 10 0.024684485 
703 174 7 7 0.024683658 
532 4 5 5 0.024677958 
357 476 21 28 0.024671007 
417 14 5 6 0.024664994 
445 47 5 6 0.024651026 
94 60 6 8 0.02462657 
796 212 9 11 0.024620233 
184 590 56 58 0.024613582 
394 611 8 13 0.02461073 
424 34 5 7 0.024601849 
580 141 14 20 0.024576357 
511 571 97 118 0.02457538 
505 104 5 7 0.024568288 
98 28 4 6 0.024561867 
923 310 12 15 0.024561854 
838 205 9 12 0.024560483 
850 171 10 12 0.024559412 
501 154 8 10 0.024543114 
510 179 9 11 0.024540529 
837 265 73 72 0.024538903 
450 74 4 5 0.02453586 
452 631 4 5 0.024511244 
83 13 5 7 0.024508663 
758 360 22 26 0.024507852 
217 97 6 7 0.024492942 
90 22 5 7 0.02449165 
376 628 7 10 0.024474565 
422 173 17 24 0.024454487 
130 45 5 8 0.024444621 
751 285 38 36 0.024422057 
905 238 11 12 0.024415707 
254 142 9 10 0.024410779 
622 244 72 95 0.024410175 
812 115 7 8 0.024401503 
808 112 5 7 0.024396576 
322 33 5 7 0.024395628 
697 17 6 6 0.024376215 
494 93 4 5 0.024344072 
614 67 6 6 0.024327815 
728 337 22 26 0.024327075 
801 40 6 6 0.02431166 
817 137 23 26 0.024309631 
255 21 6 8 0.024289148 
843 254 9 13 0.024270218 
372 651 19 26 0.02426808 
429 2 5 6 0.024254018 
573 612 21 27 0.024251692 
812 225 9 11 0.024246527 
769 172 7 10 0.024239901 
880 371 11 14 0.024236042 
821 117 4 6 0.024223588 
706 223 10 13 0.024221785 
392 534 14 16 0.024217164 
461 635 5 7 0.024214307 
432 156 12 15 0.024210887 
443 9 6 6 0.024162676 
858 60 5 6 0.024161024 
576 143 5 7 0.024159571 
441 54 4 5 0.024157295 
681 135 6 8 0.024133382 
422 53 5 5 0.024129117 
482 247 24 27 0.024119629 
212 66 5 6 0.024117019 
772 329 20 25 0.024110096 
583 214 12 19 0.024104 
118 29 4 6 0.024103012 
709 180 8 9 0.024094496 
192 58 6 8 0.024093822 
776 203 16 19 0.024091922 
617 650 21 29 0.024077129 
264 62 4 6 0.024074623 
546 342 6 8 0.02406992 
787 173 6 10 0.024068624 
335 63 3 4 0.024067018 
565 4 4 4 0.024064746 
608 8 5 6 0.02405811 
437 60 4 5 0.024056397 
383 142 8 10 0.024055703 
423 87 4 5 0.024055589 
20 21 19 20 0.024042144 
787 155 6 8 0.02403878 
933 237 20 21 0.024038281 
295 73 5 6 0.024033627 
737 326 21 23 0.024032742 
689 286 8 12 0.024026407 
400 117 5 7 0.02400436 
422 93 5 6 0.024002226 
967 381 22 32 0.023990266 
664 309 22 28 0.023987632 
507 140 7 9 0.023987576 
91 27 6 7 0.023968415 
438 132 8 11 0.023966942 
483 92 3 4 0.023965152 
791 79 7 7 0.023963412 
710 173 6 8 0.023957586 
822 320 15 16 0.023951149 
869 9 7 6 0.023944756 
629 135 6 8 0.023934526 
302 61 4 5 0.02389746 
402 590 6 8 0.023894545 
252 35 4 7 0.023891615 
757 331 13 17 0.023890898 
209 639 9 11 0.02387612 
74 465 43 56 0.02384466 
332 78 6 7 0.023841774 
748 192 8 10 0.023836898 
690 180 6 8 0.023823615 
430 59 5 6 0.023817945 
812 92 5 6 0.023805657 
728 97 7 8 0.023796726 
784 111 5 7 0.023796504 
44 496 26 30 0.023794267 
109 11 5 5 0.023790974 
537 172 9 11 0.023784451 
54 471 15 21 0.023762539 
365 99 5 7 0.023762409 
502 99 4 6 0.023757419 
887 232 9 10 0.02375591 
812 155 9 10 0.02374396 
788 161 6 10 0.023736345 
684 111 6 7 0.023684572 
803 150 22 24 0.023676308 
521 93 4 7 0.023671145 
493 99 4 5 0.02365964 
113 492 34 33 0.023653194 
919 376 10 12 0.023650054 
867 65 5 6 0.02364514 
772 299 37 39 0.023615474 
282 68 5 6 0.023611866 
897 3 5 5 0.023608798 
602 92 4 5 0.023603266 
801 52 6 7 0.023598894 
800 35 6 6 0.023589818 
757 232 11 14 0.023584694 
555 67 7 6 0.02357234 
379 556 10 13 0.023566147 
176 24 3 5 0.023552181 
832 161 5 8 0.02354184 
995 305 12 20 0.023536429 
712 124 4 5 0.023521148 
678 13 5 7 0.023520937 
249 132 10 12 0.023520008 
411 81 4 4 0.023520004 
264 4 4 4 0.023515588 
640 128 6 8 0.023514895 
653 158 4 5 0.023505125 
812 124 7 8 0.023495445 
792 173 19 24 0.023493776 
815 36 4 5 0.023484383 
361 474 14 15 0.023482425 
871 300 11 13 0.02347795 
758 281 14 15 0.023467308 
469 637 5 6 0.023460208 
828 105 5 5 0.023453614 
183 66 7 9 0.023453116 
216 115 8 10 0.023434922 
648 309 23 26 0.023420697 
450 60 4 6 0.023410577 
789 316 19 24 0.02340699 
576 347 20 26 0.023406707 
1 5 7 10 0.023386536 
628 117 5 6 0.023379164 
567 196 10 14 0.023366632 
157 78 8 9 0.023361765 
313 97 6 8 0.023350732 
326 135 8 11 0.023342365 
378 115 6 9 0.023340812 
745 164 5 6 0.023338815 
910 375 13 13 0.023335692 
906 191 12 11 0.023294743 
389 547 22 28 0.023287065 
724 91 7 9 0.023282625 
560 99 4 6 0.023262978 
349 63 3 3 0.023255328 
902 224 8 10 0.023254983 
774 35 7 6 0.02323714 
386 163 15 23 0.023221906 
490 209 9 14 0.023202224 
497 150 9 11 0.023199204 
708 187 8 10 0.023197725 
211 8 4 6 0.023185033 
216 109 8 10 0.023181459 
785 141 7 10 0.023180455 
698 181 6 8 0.023179816 
716 350 10 17 0.023174306 
475 129 5 7 0.023169337 
616 112 4 5 0.023167161 
11 8 6 6 0.023155045 
69 77 6 9 0.023145055 
490 236 21 28 0.023130225 
731 105 5 5 0.02312466 
793 85 7 7 0.023121266 
480 35 6 6 0.02312069 
787 106 5 6 0.023114845 
190 430 11 21 0.0230805 
721 215 10 11 0.023074578 
634 104 6 7 0.023057533 
797 113 5 6 0.02303566 
799 129 7 8 0.023034757 
642 151 4 6 0.023032935 
862 244 8 8 0.023024593 
218 624 10 13 0.023006804 
799 311 21 24 0.022998983 
117 15 5 5 0.02299814 
548 63 10 8 0.022993717 
11 14 7 8 0.022987045 
696 335 12 14 0.022985926 
16 45 9 10 0.022975473 
741 199 8 10 0.022947662 
220 15 4 5 0.02294418 
503 177 9 13 0.022923063 
446 597 10 10 0.02291847 
925 231 9 11 0.022914842 
62 9 6 7 0.02291425 
678 180 7 9 0.022904348 
908 363 24 26 0.022903955 
853 65 5 7 0.022900859 
718 294 12 19 0.022888655 
450 177 13 15 0.022883277 
232 43 4 6 0.022856975 
137 12 4 4 0.022838213 
750 386 20 27 0.02283378 
252 55 5 7 0.02281276 
212 86 7 9 0.022788955 
865 240 38 47 0.022785429 
562 613 42 52 0.022784643 
390 144 11 12 0.02277163 
436 99 5 7 0.022771467 
769 155 7 8 0.022759985 
302 73 5 6 0.022750637 
549 202 11 14 0.022737231 
470 55 4 4 0.022711942 
716 181 6 7 0.0226914 
439 166 18 22 0.022686822 
820 41 4 5 0.022668323 
736 175 7 7 0.022666374 
753 180 7 9 0.022654574 
265 28 5 6 0.022639776 
538 368 19 29 0.02263862 
744 119 5 4 0.022631405 
217 553 5 6 0.022618566 
394 130 9 11 0.022615269 
243 54 4 6 0.022611167 
896 381 106 85 0.022596251 
688 247 12 17 0.022592453 
226 585 99 87 0.022581138 
129 9 5 6 0.022571677 
611 124 4 6 0.02256501 
459 628 7 10 0.022560725 
360 68 4 6 0.022551678 
788 167 6 10 0.022547975 
640 122 6 8 0.02254656 
43 26 7 10 0.022546224 
508 99 4 6 0.022544213 
675 310 9 13 0.02254179 
711 339 9 12 0.022536565 
187 24 3 5 0.022535529 
731 119 5 5 0.022520026 
693 142 5 8 0.022515796 
635 123 5 7 0.022507263 
722 328 11 14 0.022505214 
139 76 10 10 0.022483747 
530 348 21 34 0.022478063 
506 111 5 6 0.0224765 
722 117 6 6 0.022475898 
611 277 22 30 0.022436853 
898 204 94 96 0.022430891 
366 86 5 7 0.022418043 
659 192 8 12 0.022398446 
784 106 4 5 0.022385485 
379 611 4 8 0.022374203 
723 156 5 7 0.022348324 
217 122 7 10 0.022346508 
633 141 6 8 0.022339571 
30 19 8 11 0.02233756 
618 348 12 16 0.022332799 
716 310 85 84 0.022324272 
398 62 5 6 0.022324037 
834 111 5 5 0.022317773 
480 341 24 30 0.02230827 
272 140 10 14 0.022293024 
941 226 7 8 0.022283532 
925 331 13 15 0.022282071 
545 136 6 7 0.0222709 
475 107 3 5 0.022263823 
491 172 8 10 0.02224262 
603 61 5 5 0.022237685 
736 156 5 7 0.02223046 
615 73 6 6 0.02222112 
478 215 9 13 0.02221743 
900 298 11 13 0.022215048 
558 562 12 13 0.022211011 
679 163 5 7 0.022206761 
662 267 11 14 0.022196172 
138 98 11 13 0.022194533 
773 137 6 6 0.02218635 
868 178 9 12 0.022182936 
270 61 5 6 0.02217553 
781 161 7 10 0.022165652 
631 325 12 11 0.022164445 
379 602 6 9 0.022159439 
93 71 7 10 0.022148669 
456 50 4 5 0.02214588 
926 215 10 12 0.022145132 
598 645 24 32 0.022142584 
491 331 29 30 0.022133725 
385 74 4 5 0.022133427 
855 250 10 11 0.022132648 
781 123 6 8 0.022128941 
237 9 5 6 0.022123685 
941 227 19 22 0.022116166 
263 20 5 7 0.022113616 
578 92 4 5 0.022110717 
301 15 6 6 0.02206883 
50 19 7 11 0.022065874 
242 91 7 11 0.022065321 
946 240 10 13 0.02206034 
754 150 8 9 0.02205814 
381 75 3 5 0.02205612 
698 136 5 7 0.022054547 
827 98 5 5 0.022052014 
420 96 8 8 0.02202509 
645 269 24 30 0.022024645 
793 60 6 6 0.022024095 
470 107 4 6 0.022015905 
802 98 6 7 0.022009693 
779 200 8 10 0.021990724 
788 35 5 5 0.02198552 
456 415 79 99 0.021985186 
122 401 199 187 0.021977082 
52 96 7 9 0.021967344 
834 338 13 14 0.02193676 
650 508 12 15 0.021935115 
224 35 5 7 0.02192405 
894 307 11 15 0.021923723 
608 4 5 5 0.021917092 
619 236 20 32 0.021899993 
-36 -126 357 384 0.021899061 
668 342 12 21 0.021891577 
823 301 13 14 0.021886596 
328 28 6 6 0.021886336 
740 367 49 52 0.021879574 
869 279 72 79 0.0218756 
658 171 7 10 0.021870641 
666 157 4 7 0.021869624 
761 168 6 8 0.021869555 
588 28 6 6 0.021869203 
24 44 11 12 0.021866271 
735 111 6 5 0.021861153 
267 109 7 9 0.021843152 
920 238 10 10 0.021832477 
806 361 15 18 0.021831745 
716 148 6 9 0.021829128 
397 98 5 6 0.021817932 
448 39 7 10 0.021813046 
458 27 4 5 0.021810219 
117 23 4 4 0.021805096 
442 2 5 5 0.021802891 
732 198 9 11 0.021797135 
261 94 9 12 0.021792388 
379 609 17 27 0.021768278 
1016 272 11 13 0.0217662 
744 106 5 6 0.021737302 
302 67 5 6 0.021733398 
309 431 44 54 0.021705851 
616 144 5 5 0.02169842 
545 60 9 7 0.021696342 
487 3 5 6 0.021662364 
277 62 4 5 0.0216575 
929 339 23 29 0.02165314 
880 391 11 10 0.021636702 
862 265 37 42 0.021635773 
731 156 6 8 0.021635033 
703 180 8 9 0.021632472 
462 23 4 6 0.021626005 
714 22 7 6 0.021618685 
122 77 7 11 0.02160194 
597 92 4 5 0.021587469 
110 36 4 6 0.021583434 
295 7 5 6 0.021576788 
744 110 5 6 0.021570317 
858 287 19 26 0.021560615 
337 111 7 11 0.02154604 
855 184 10 13 0.021537721 
836 355 11 14 0.02153764 
398 591 5 8 0.021532847 
493 21 5 7 0.021523327 
561 60 7 7 0.021511612 
298 414 12 17 0.021503495 
592 249 10 17 0.021502718 
40 19 6 8 0.021502487 
950 395 13 11 0.021497475 
222 572 22 26 0.021489555 
365 80 4 5 0.021478232 
594 186 11 16 0.021478223 
525 59 7 7 0.021478156 
406 495 15 13 0.021473123 
757 111 5 6 0.021455191 
618 335 21 24 0.021448908 
558 4 5 5 0.021434497 
508 93 4 5 0.021430366 
461 112 6 6 0.021424126 
556 34 7 6 0.021416632 
801 71 6 7 0.021403203 
924 370 12 13 0.02139781 
769 379 23 29 0.021390678 
655 2 5 6 0.021376085 
549 40 8 7 0.021369802 
554 569 13 14 0.021368768 
847 273 13 16 0.02136291 
834 316 16 16 0.021345556 
674 125 5 6 0.021344053 
319 41 6 8 0.021337528 
319 87 15 18 0.021334985 
948 226 6 7 0.021333504 
811 259 11 14 0.021320203 
386 584 6 8 0.021313315 
744 124 6 6 0.02130979 
802 125 5 6 0.021305505 
459 608 22 30 0.021299522 
875 235 17 19 0.021291628 
389 40 4 6 0.0212881 
318 426 90 90 0.021272147 
839 48 4 5 0.021262875 
261 588 11 14 0.021261627 
682 207 10 14 0.021259747 
800 86 5 6 0.021255637 
552 100 4 6 0.021231787 
550 561 14 13 0.021228515 
625 215 9 17 0.021223452 
537 15 6 5 0.021223452 
405 501 26 25 0.02122221 
191 393 24 40 0.021214267 
153 100 9 13 0.021212867 
711 348 36 42 0.021206368 
309 59 4 5 0.021203198 
435 604 24 31 0.021194216 
745 155 5 7 0.021187758 
463 178 13 15 0.021187058 
191 77 7 9 0.021184733 
261 62 14 19 0.021165831 
403 562 8 12 0.021162616 
714 240 11 16 0.021158792 
545 591 14 14 0.021153677 
638 364 22 34 0.021149324 
106 10 4 5 0.021134105 
684 148 6 9 0.021126706 
346 79 4 5 0.021124648 
148 17 4 5 0.02111414 
87 47 6 8 0.021113208 
839 193 6 8 0.021112306 
664 203 10 13 0.021110566 
674 110 5 6 0.021104835 
408 583 8 10 0.021104269 
92 451 21 34 0.021103865 
505 171 8 11 0.021102361 
537 68 6 6 0.021095928 
772 183 10 13 0.021084331 
558 72 5 5 0.021080462 
39 27 7 9 0.021063194 
736 148 6 8 0.021061832 
685 103 6 8 0.021058062 
349 624 4 6 0.02105561 
741 192 7 10 0.021054514 
620 117 5 6 0.02104428 
832 99 4 5 0.021031972 
358 660 7 12 0.021023665 
602 9 5 6 0.021013457 
666 2 5 6 0.020998567 
988 233 23 27 0.020997593 
94 78 8 10 0.02099424 
526 41 6 7 0.020992784 
451 635 18 24 0.020982003 
25 3 15 21 0.020981632 
785 15 9 8 0.02098063 
483 607 13 15 0.020976983 
404 61 5 6 0.020975279 
117 2 4 5 0.020973623 
404 52 6 7 0.020966325 
477 50 8 9 0.020966109 
27 -2 5 5 0.020965593 
499 7 5 7 0.020964144 
10 21 9 10 0.020958642 
361 466 11 12 0.020949112 
174 72 6 8 0.020947859 
115 70 7 9 0.02094715 
476 35 5 5 0.020945746 
371 98 5 7 0.020943146 
693 74 5 6 0.020939324 
917 3 4 4 0.020930672 
214 566 18 25 0.020926155 
538 22 7 7 0.020921202 
652 178 7 10 0.020907441 
737 163 5 6 0.020901326 
661 3 5 6 0.02089961 
448 28 5 5 0.020896977 
90 486 22 33 0.020890895 
580 455 11 14 0.020882111 
405 42 4 5 0.020878056 
407 559 20 28 0.020869557 
661 158 4 5 0.020867944 
773 151 18 26 0.02086148 
157 16 3 5 0.020836877 
724 141 5 7 0.02082873 
695 358 11 17 0.020817151 
785 293 19 24 0.020814434 
745 292 14 16 0.020812575 
428 385 18 26 0.020809667 
1000 223 21 22 0.020809384 
781 387 52 55 0.020805132 
72 473 91 95 0.020799458 
256 71 6 8 0.020799236 
325 393 27 32 0.020797662 
457 220 25 35 0.020782985 
475 93 4 5 0.020774126 
858 86 7 9 0.020772235 
751 287 14 15 0.020768793 
462 91 4 7 0.020761365 
767 193 8 11 0.020758735 
231 21 5 8 0.020758396 
819 180 6 9 0.020756949 
396 547 9 12 0.020756358 
596 112 5 5 0.020756189 
457 60 4 5 0.020751812 
828 339 22 27 0.020751148 
938 393 31 28 0.020749956 
439 110 7 9 0.020748433 
694 136 4 7 0.020746557 
911 383 12 12 0.020743195 
787 79 6 7 0.020742087 
373 629 5 9 0.020728672 
397 634 8 9 0.020727102 
506 180 17 20 0.020720955 
572 61 6 6 0.020714423 
762 141 8 9 0.02071141 
208 4 4 5 0.02068932 
416 546 21 27 0.020681513 
140 -81 381 376 0.02067829 
374 75 3 5 0.020677043 
96 10 4 7 0.020674998 
439 116 6 8 0.02066986 
472 586 10 18 0.0206672 
781 2 6 5 0.02066684 
878 21 6 6 0.020652903 
844 199 8 9 0.020649398 
209 77 6 9 0.020646231 
480 230 9 12 0.02063985 
436 86 4 5 0.020634003 
664 109 6 6 0.020630188 
673 104 5 6 0.020624721 
680 154 6 9 0.020622052 
529 354 11 19 0.020621717 
904 326 16 18 0.020620856 
508 238 12 18 0.020611927 
17 491 36 29 0.02060642 
627 28 7 7 0.020593468 
411 274 25 25 0.02058575 
698 150 5 8 0.020580482 
935 3 6 5 0.020573536 
581 574 12 13 0.02055531 
865 3 5 4 0.02055267 
255 26 6 7 0.020542908 
449 118 5 6 0.020531375 
269 28 6 7 0.020529388 
249 590 8 10 0.020522876 
585 650 22 29 0.020517513 
628 553 15 14 0.020501535 
930 361 15 15 0.02049763 
638 220 11 16 0.02049648 
436 49 4 5 0.020492733 
223 121 8 10 0.020487655 
875 270 13 18 0.02047271 
467 576 44 53 0.02046103 
840 41 4 5 0.020461006 
745 154 18 21 0.020444026 
800 104 5 7 0.020441197 
684 218 8 11 0.020439634 
779 179 18 24 0.020438112 
456 112 5 6 0.020436391 
637 344 12 16 0.020430945 
697 91 7 8 0.020418782 
777 347 13 15 0.020416558 
566 570 10 11 0.020408345 
811 294 12 16 0.02040372 
781 154 6 9 0.020402338 
104 22 4 5 0.020400552 
561 331 11 17 0.020396477 
627 167 7 9 0.02039475 
787 47 5 6 0.020392912 
81 57 8 9 0.020371718 
623 276 12 17 0.02037062 
822 281 20 22 0.02036481 
391 591 5 8 0.02035608 
241 589 17 21 0.020355236 
796 306 12 16 0.020348007 
647 151 5 6 0.0203416 
604 166 17 20 0.020321319 
470 642 5 8 0.020320859 
637 228 11 17 0.02031541 
271 573 94 80 0.020313637 
463 55 4 4 0.020308241 
473 3 5 5 0.020304305 
856 178 9 12 0.020300303 
979 210 10 14 0.020289926 
692 21 6 6 0.020271681 
405 15 5 5 0.020270456 
441 573 8 7 0.020268619 
653 117 5 8 0.020263808 
761 135 19 21 0.02025482 
817 171 9 12 0.020246431 
754 91 6 7 0.02024314 
664 325 10 13 0.020238655 
710 39 6 6 0.020226814 
53 130 5 8 0.020213287 
346 636 4 6 0.020206364 
99 36 4 5 0.02019805 
807 86 5 5 0.020197304 
482 620 24 24 0.020188125 
724 96 7 8 0.02018748 
652 107 8 10 0.020158865 
639 99 6 7 0.020143703 
67 39 17 20 0.020136327 
858 66 5 6 0.020132037 
594 202 9 14 0.020130975 
919 231 10 11 0.020130035 
635 98 7 8 0.020129165 
815 328 14 15 0.020128755 
665 105 7 7 0.02012472 
492 563 22 31 0.020123154 
885 3 5 5 0.020123094 
779 184 9 12 0.020117361 
873 292 11 15 0.020108232 
760 130 8 8 0.020106586 
364 616 6 8 0.020103877 
461 26 5 6 0.020103564 
538 347 6 9 0.02010308 
444 589 11 11 0.020102946 
487 216 8 12 0.020101912 
731 111 5 6 0.020101367 
798 166 9 12 0.020100512 
295 15 5 6 0.020099914 
442 579 8 7 0.020094585 
411 42 4 5 0.020086542 
587 383 18 25 0.020079434 
826 231 18 18 0.02007571 
831 156 7 9 0.020061905 
674 168 15 19 0.02005748 
457 182 14 14 0.02004921 
219 3 4 5 0.020048395 
501 92 4 6 0.020037556 
484 232 11 15 0.020037018 
847 49 4 5 0.0200255 
320 45 5 8 0.020017184 
635 151 4 6 0.020014284 
313 38 5 8 0.020007906 
803 327 24 24 0.020001985 
