56_Voter_peoplevoting_56_344
107
94 56 19 24 0.99870276 
207 76 20 22 0.99851364 
310 52 18 26 0.99782 
701 66 19 23 0.9958171 
177 83 19 20 0.9951822 
462 85 19 22 0.9915816 
979 69 16 21 0.9894398 
799 92 16 19 0.9795885 
378 87 18 20 0.961971 
553 78 18 20 0.96123993 
60 79 17 20 0.8854436 
890 86 18 17 0.8790055 
346 75 15 14 0.8688038 
641 65 16 16 0.83065295 
886 84 14 14 0.7049023 
912 81 12 18 0.5664275 
1013 83 11 18 0.5033559 
652 67 17 15 0.19739062 
548 81 14 14 0.14627753 
284 64 10 14 0.121661186 
367 96 11 12 0.09453486 
308 551 15 11 0.09290176 
778 84 9 9 0.092718355 
296 107 23 18 0.09156374 
626 50 17 15 0.08231177 
52 54 14 18 0.08064499 
377 398 12 8 0.06235493 
87 98 13 15 0.057951555 
744 350 12 9 0.05208263 
814 79 5 7 0.046289828 
19 110 8 8 0.044936366 
118 84 7 9 0.044250872 
85 19 10 17 0.042997483 
795 78 4 5 0.04279812 
53 65 21 27 0.041764453 
780 80 7 6 0.041365318 
134 71 8 11 0.041262593 
802 78 5 6 0.04112437 
826 391 11 9 0.040908262 
811 81 8 12 0.0388122 
798 323 9 6 0.038330156 
907 77 11 16 0.037872735 
211 547 15 9 0.03786775 
3 75 12 16 0.036985844 
803 75 4 5 0.035968397 
434 54 24 24 0.03559158 
776 79 7 6 0.03549474 
188 32 9 14 0.03407863 
463 48 14 13 0.033668783 
391 86 12 16 0.033612546 
632 55 20 20 0.033386376 
360 101 13 13 0.033197857 
237 101 10 15 0.032872576 
532 400 6 5 0.03163344 
736 156 10 13 0.030766075 
503 90 19 29 0.029852508 
807 74 4 5 0.02963554 
819 79 5 7 0.029284405 
797 76 3 4 0.02903821 
123 103 7 9 0.028969856 
546 135 11 14 0.028585369 
125 108 10 13 0.028534455 
475 2 5 5 0.027805785 
123 63 20 25 0.027567957 
469 379 5 6 0.027530296 
343 79 24 23 0.027315913 
1013 53 12 19 0.0272528 
778 76 4 4 0.027193747 
0 500 6 9 0.02675531 
892 78 14 16 0.026604578 
30 109 9 10 0.026531067 
151 103 7 10 0.02629572 
486 1 5 6 0.025970222 
481 1 5 6 0.025906751 
378 127 36 44 0.025866073 
787 80 4 5 0.02576545 
806 79 6 7 0.025534444 
224 167 23 28 0.025454951 
989 99 9 15 0.025429968 
883 68 31 37 0.025199983 
781 76 5 4 0.024860565 
856 343 8 5 0.024760049 
624 105 4 6 0.02469398 
1 81 7 11 0.024107352 
474 116 25 31 0.023705745 
572 95 11 13 0.023119215 
269 57 9 11 0.023116596 
779 341 8 6 0.023011044 
259 63 9 13 0.02298161 
916 76 14 18 0.022885282 
280 72 11 15 0.022758879 
803 83 12 14 0.022750799 
433 403 10 7 0.02268177 
811 390 9 8 0.022656495 
295 565 11 9 0.022506684 
170 353 9 6 0.022466708 
922 87 11 15 0.022009673 
323 100 10 13 0.021729955 
217 80 15 15 0.021361241 
746 75 14 14 0.021308264 
819 87 9 13 0.021265928 
132 63 10 14 0.021033337 
365 493 14 8 0.020810355 
734 114 12 15 0.020390391 
864 86 6 8 0.020306075 
258 512 12 8 0.020149773 
709 54 18 24 0.020024855 
