56_Voter_peoplevoting_56_620
105
289 200 35 51 0.999132 
128 189 51 73 0.99907684 
364 194 26 39 0.9957677 
818 134 33 64 0.9536227 
497 224 25 31 0.8594771 
542 212 20 25 0.26320094 
529 219 13 14 0.21524382 
441 233 18 30 0.12928277 
246 246 17 27 0.10303875 
353 248 24 30 0.082966864 
503 387 18 28 0.078260414 
258 406 10 12 0.07601173 
451 232 12 21 0.06773771 
542 209 12 16 0.06540186 
517 215 34 46 0.062201012 
243 509 22 30 0.059508573 
239 238 17 29 0.0572795 
580 233 13 17 0.05039356 
481 233 11 17 0.050205793 
-2 601 43 82 0.048893806 
244 310 49 66 0.045785856 
486 236 35 49 0.04503048 
463 178 5 11 0.042031985 
456 269 12 18 0.04162723 
611 236 12 15 0.04095942 
568 233 20 22 0.040480312 
496 212 21 25 0.038383264 
478 245 19 27 0.035729762 
469 271 20 31 0.035503 
550 219 23 28 0.035375476 
417 192 11 17 0.035036232 
213 378 11 13 0.034275476 
423 227 32 48 0.033980574 
767 176 7 10 0.03395081 
458 256 11 17 0.033884715 
338 123 35 32 0.032854937 
127 97 9 9 0.03256131 
472 254 20 28 0.032198355 
647 326 5 6 0.032155693 
342 247 22 26 0.031578336 
764 177 6 8 0.030667929 
734 208 8 13 0.030661136 
523 224 13 15 0.029865548 
476 251 11 17 0.029794358 
683 126 22 28 0.029793127 
534 213 42 52 0.029725911 
502 278 23 37 0.029306507 
381 202 24 30 0.028687604 
439 181 10 17 0.02820578 
564 155 76 94 0.028030267 
529 208 22 24 0.02797414 
578 189 23 30 0.027474545 
122 101 24 23 0.02691127 
478 242 10 15 0.026515463 
658 233 6 9 0.026335398 
660 326 6 7 0.025853805 
621 173 7 9 0.025840087 
437 200 17 27 0.025547413 
431 390 70 95 0.025501736 
695 146 7 9 0.02529349 
217 390 9 12 0.025229935 
469 221 34 45 0.02517688 
-3 526 41 79 0.02508714 
224 497 46 57 0.024840286 
664 166 7 11 0.02482755 
482 416 5 6 0.024520157 
697 125 21 25 0.024488494 
215 371 5 7 0.024186794 
491 250 11 14 0.023844594 
610 135 26 26 0.023708062 
112 65 78 72 0.02366883 
472 286 21 34 0.023162916 
411 233 25 36 0.022991322 
177 399 13 17 0.022989597 
202 389 7 8 0.02296434 
470 261 12 16 0.022961332 
483 243 11 14 0.022922235 
438 191 11 20 0.02263922 
366 244 15 22 0.022568434 
162 340 27 28 0.022419978 
244 226 21 31 0.022343194 
455 355 12 15 0.022227217 
451 247 12 21 0.022199087 
662 187 5 8 0.022095675 
383 228 30 47 0.02201648 
474 245 9 14 0.021964485 
583 231 22 26 0.021955473 
165 451 35 59 0.021849677 
474 234 7 10 0.021847859 
200 385 5 5 0.021642273 
612 191 13 16 0.021572888 
453 263 11 18 0.021507539 
78 515 41 73 0.021389734 
181 342 27 26 0.021126563 
438 231 12 20 0.021050623 
635 326 4 5 0.021018786 
215 367 4 6 0.02086918 
129 495 65 109 0.02072258 
44 448 9 16 0.02066092 
631 228 19 24 0.020641034 
428 209 22 29 0.020635445 
596 128 29 28 0.020585373 
479 269 39 51 0.020249961 
594 230 23 29 0.020127885 
631 209 20 26 0.020066341 
