30_Surgeons_Surgeons_30_533
229
497 256 46 67 0.9995776 
686 2 66 123 0.36212242 
564 247 6 10 0.16025451 
517 466 10 18 0.15556782 
906 199 51 68 0.102059565 
820 31 38 39 0.087003835 
536 481 18 23 0.08693204 
511 459 19 31 0.069310725 
570 262 7 12 0.06923505 
693 10 16 29 0.06893435 
720 9 16 30 0.064968005 
969 215 93 102 0.059514824 
538 469 6 5 0.0592097 
924 206 24 33 0.05878496 
558 268 8 13 0.05779107 
729 279 322 411 0.053746317 
716 358 9 12 0.051662307 
844 140 149 181 0.04866302 
558 439 42 64 0.0478059 
818 424 47 59 0.046596903 
112 61 10 15 0.046178475 
415 264 290 395 0.045730572 
96 241 269 411 0.04540515 
593 452 10 15 0.044859495 
522 468 7 11 0.043179188 
586 452 9 13 0.042791344 
560 262 10 15 0.042474132 
828 202 48 50 0.041155636 
567 463 7 9 0.04104932 
534 470 4 5 0.041036997 
566 457 23 30 0.040754642 
721 514 17 28 0.03902377 
540 467 4 4 0.03890387 
929 205 14 18 0.038775742 
930 222 26 38 0.03823547 
708 353 11 16 0.037987243 
716 392 6 8 0.03639623 
558 507 22 30 0.03614471 
485 474 23 31 0.036114983 
910 230 29 35 0.035846654 
-6 488 67 136 0.03563374 
534 476 6 9 0.03543807 
50 -5 97 124 0.035282034 
-21 -171 185 180 0.034977484 
4 -89 163 247 0.034720864 
545 469 5 6 0.03442295 
854 207 22 29 0.034285724 
938 215 11 16 0.033232003 
535 462 23 27 0.033180524 
561 467 19 30 0.03282041 
440 398 34 51 0.032692324 
563 443 27 28 0.032392535 
579 459 11 12 0.032371517 
427 420 41 63 0.032118734 
411 349 5 6 0.031738617 
718 -87 353 339 0.031669285 
567 250 6 10 0.031404193 
525 465 5 8 0.031011889 
405 350 4 5 0.030846702 
397 354 6 8 0.030603373 
507 -175 440 326 0.03049633 
547 465 4 5 0.030338394 
524 479 8 14 0.03027838 
649 -11 138 202 0.029989302 
843 27 31 28 0.029962229 
532 480 8 13 0.02995217 
831 208 23 28 0.029949415 
531 620 11 11 0.029923927 
899 478 28 26 0.02988523 
782 626 45 53 0.029655248 
3 493 32 61 0.029643368 
557 481 6 9 0.029587252 
939 227 11 17 0.029547218 
713 372 6 9 0.029277056 
502 451 37 58 0.029127698 
535 460 40 57 0.028917495 
788 404 78 121 0.028828394 
707 497 81 133 0.028776014 
816 429 27 29 0.028743478 
180 386 12 16 0.02868667 
943 221 9 14 0.028511643 
849 218 9 11 0.028413264 
484 464 41 65 0.028408172 
887 476 26 24 0.028381439 
148 623 37 57 0.0281914 
718 106 5 6 0.028183885 
585 439 20 28 0.027910141 
918 239 13 17 0.027743833 
960 29 15 19 0.02763846 
712 106 5 6 0.02752261 
854 -184 259 179 0.027389977 
734 535 9 16 0.027331056 
719 33 18 35 0.0271229 
550 462 22 30 0.027042305 
711 362 8 12 0.027028807 
813 15 73 73 0.026983367 
145 363 86 137 0.026904799 
581 466 9 12 0.026881129 
724 525 20 35 0.026674869 
700 114 25 24 0.026626777 
398 349 5 5 0.026580319 
570 256 7 11 0.026443312 
806 175 97 108 0.026407493 
724 106 6 6 0.026226265 
731 507 17 31 0.026057992 
568 267 8 14 0.025771214 
534 466 3 4 0.025763089 
174 392 35 54 0.025643472 
525 489 8 15 0.025329687 
103 331 61 119 0.02531979 
552 446 22 29 0.02515548 
403 353 6 8 0.024998542 
391 348 5 6 0.024980081 
588 495 22 34 0.024910416 
723 97 7 8 0.024875943 
177 390 18 26 0.024810439 
410 352 5 8 0.024789048 
579 476 13 21 0.024768023 
944 208 10 16 0.024759557 
708 355 19 27 0.02456783 
580 457 21 28 0.024505321 
724 375 4 5 0.024464104 
842 201 25 30 0.024436148 
547 495 21 30 0.024352051 
823 457 24 31 0.024257457 
969 494 14 16 0.024241792 
546 485 10 14 0.024130046 
841 41 29 28 0.02406529 
733 526 10 17 0.024034258 
718 98 6 7 0.024015311 
599 482 14 17 0.023969576 
223 129 395 443 0.023903677 
727 536 8 17 0.023741838 
446 387 10 15 0.023597695 
493 492 9 11 0.023534106 
221 62 10 14 0.02352776 
519 458 6 10 0.02340025 
841 215 11 15 0.023296632 
495 500 6 9 0.023294037 
7 416 186 284 0.023228593 
525 462 20 26 0.023216305 
113 353 20 30 0.023184014 
545 440 81 111 0.023095347 
80 638 12 16 0.023080694 
490 487 21 30 0.023077687 
568 246 5 8 0.022764003 
575 466 9 12 0.022738898 
702 8 18 33 0.022637205 
508 658 48 54 0.022579618 
391 342 4 6 0.022567164 
550 463 6 7 0.022517307 
563 476 9 15 0.022478566 
545 475 21 30 0.022476606 
548 469 7 7 0.022439778 
274 32 18 32 0.022387542 
916 198 22 30 0.022323782 
941 215 21 31 0.022311699 
576 505 20 32 0.022256874 
692 32 21 37 0.022233645 
548 503 89 126 0.022196189 
714 124 9 8 0.022152593 
487 407 22 35 0.022122148 
703 350 9 15 0.022075066 
561 251 10 15 0.021997733 
0 394 41 102 0.02199093 
98 33 11 17 0.021741524 
604 491 10 14 0.021733096 
110 0 28 28 0.021699399 
865 40 13 18 0.021696396 
593 439 9 14 0.021662254 
76 57 19 33 0.02165989 
732 498 36 57 0.021618498 
250 48 19 31 0.021607177 
718 379 4 7 0.02158661 
943 240 11 18 0.02155351 
968 38 21 31 0.021479154 
931 226 12 18 0.021453887 
118 29 12 17 0.021399604 
841 440 26 34 0.021361312 
718 118 7 6 0.021329919 
560 250 6 8 0.021309203 
841 236 23 27 0.021308064 
723 27 8 17 0.021302823 
721 533 10 19 0.021258801 
587 465 9 13 0.02124079 
906 217 26 32 0.021238767 
724 528 36 64 0.021215996 
573 268 8 11 0.02120801 
540 258 34 51 0.021140406 
709 68 21 31 0.021137988 
712 99 5 6 0.02108806 
905 154 184 199 0.021042269 
834 443 13 15 0.021023925 
129 366 23 37 0.02097579 
140 60 17 33 0.020970818 
901 203 23 32 0.020866213 
557 475 6 9 0.020767732 
724 91 6 8 0.02073206 
493 357 148 220 0.02073167 
405 342 4 6 0.02070341 
982 46 10 16 0.020672008 
941 241 21 34 0.020629942 
392 354 6 7 0.02061126 
1002 254 27 29 0.020576961 
673 323 66 114 0.020526802 
498 465 21 34 0.020521048 
556 485 7 11 0.020514116 
707 123 25 25 0.020475049 
730 97 7 8 0.020470878 
747 504 9 17 0.020460438 
239 615 47 54 0.02044293 
606 550 22 45 0.020442681 
448 399 8 13 0.020400427 
398 358 7 10 0.02033447 
345 33 4 9 0.020321347 
496 -36 381 557 0.02031492 
554 266 17 24 0.020314228 
111 28 12 17 0.02029458 
852 35 17 16 0.020277184 
548 476 7 9 0.020243177 
717 388 5 6 0.02022851 
121 384 7 12 0.020172654 
14 -191 439 503 0.020168712 
464 437 89 129 0.02016695 
566 521 21 31 0.020140007 
726 54 6 10 0.020131364 
521 478 19 32 0.020116659 
714 152 3 5 0.02009513 
576 457 41 57 0.02005586 
