30_Surgeons_Surgeons_30_696
49
492 177 203 325 0.99788254 
146 1205 38 55 0.08949834 
94 1042 229 287 0.06794201 
810 934 183 172 0.043132246 
-372 12 289 336 0.04217028 
113 1129 103 170 0.041197527 
119 1183 10 15 0.040173795 
789 1156 158 237 0.03527231 
183 1181 10 15 0.03155032 
100 1197 10 12 0.03152913 
126 1182 12 17 0.030715361 
136 1182 11 17 0.030134154 
136 1172 13 17 0.029188704 
108 1203 10 15 0.029079704 
55 921 6 7 0.028892111 
132 1193 32 51 0.02871282 
55 932 7 8 0.028632969 
5 955 5 7 0.028531646 
93 1170 72 99 0.02791588 
170 1207 14 23 0.02704716 
1016 898 4 6 0.02601364 
57 941 7 6 0.025879271 
137 1193 13 21 0.025666116 
105 1196 10 13 0.0253097 
14 955 6 7 0.024783274 
186 906 207 154 0.024334796 
68 942 8 6 0.024019346 
117 1170 32 42 0.023358062 
113 1204 12 18 0.023295006 
-331 1199 232 526 0.023264138 
57 913 6 5 0.023018645 
156 1203 20 32 0.022913776 
46 923 6 6 0.022759628 
67 934 7 7 0.02253865 
131 1201 13 21 0.022362713 
131 1193 11 16 0.022055505 
68 920 6 6 0.021857843 
355 937 8 9 0.021771802 
1122 -5 403 358 0.02160687 
128 1220 30 48 0.021415116 
108 1209 14 21 0.021280428 
-50 943 519 555 0.021070885 
148 1254 16 24 0.02105561 
26 923 6 5 0.020839306 
65 951 10 10 0.02083144 
14 923 6 6 0.020505788 
170 1160 81 118 0.020318508 
35 922 6 6 0.02029219 
303 926 5 5 0.020069692 
