30_Surgeons_Surgeons_30_554
334
767 213 46 51 0.9969458 
850 228 54 47 0.96033907 
949 352 52 54 0.91937083 
43 291 43 44 0.7802818 
265 476 13 19 0.7095498 
512 235 34 33 0.5175245 
21 4 278 207 0.27922314 
249 236 23 24 0.19524845 
307 243 95 77 0.16743456 
282 471 11 12 0.13530198 
298 475 48 46 0.12600231 
315 472 12 12 0.107453026 
311 475 24 24 0.107049964 
880 234 28 30 0.096969865 
160 224 53 50 0.09372583 
326 270 32 33 0.0904102 
312 466 12 12 0.08074779 
-21 -155 181 162 0.08061367 
477 221 54 51 0.07909761 
476 507 105 85 0.06906543 
427 561 81 104 0.06551238 
315 452 21 21 0.06519148 
650 362 8 11 0.0642753 
308 485 10 11 0.063951164 
364 259 10 13 0.062741496 
238 228 43 46 0.06257629 
43 260 78 89 0.06237723 
272 438 91 91 0.060893193 
270 469 20 23 0.060245518 
154 434 106 119 0.059783906 
262 465 41 43 0.05827423 
179 357 171 177 0.057106253 
306 480 10 9 0.0560592 
201 216 77 96 0.055329863 
208 236 21 29 0.053568933 
565 293 68 94 0.052529223 
504 -171 475 251 0.052124668 
611 535 11 16 0.051950477 
311 478 13 11 0.049673658 
357 612 97 101 0.049597308 
751 355 22 31 0.049511284 
673 366 25 32 0.04950185 
678 360 47 42 0.045213636 
387 401 84 88 0.044538062 
637 349 21 28 0.0443851 
311 494 21 28 0.04422684 
644 357 23 27 0.04412232 
278 360 13 17 0.043096658 
885 591 205 179 0.042853024 
343 260 32 35 0.0425269 
320 463 14 14 0.041953325 
188 229 28 30 0.041450325 
421 573 18 33 0.04130098 
246 342 78 100 0.040898107 
502 589 48 49 0.04076417 
639 583 86 113 0.040738788 
300 487 9 9 0.040266845 
302 481 23 27 0.039905995 
887 258 23 28 0.039790604 
199 231 13 16 0.038859632 
229 466 45 47 0.038764335 
604 212 17 27 0.038482226 
533 510 102 93 0.0381506 
649 346 85 88 0.037607487 
292 473 9 11 0.03728235 
299 480 10 9 0.03727853 
76 130 351 365 0.037102513 
478 542 52 60 0.036784526 
301 470 25 22 0.036470134 
333 280 17 18 0.03574027 
312 459 14 12 0.035736445 
657 430 31 29 0.035702936 
658 362 9 11 0.035504296 
636 373 4 7 0.03529003 
305 466 12 10 0.034909226 
642 350 42 54 0.034313884 
369 496 31 28 0.034272265 
237 252 24 34 0.03361899 
261 472 12 16 0.03352993 
64 292 29 29 0.033240736 
423 122 38 49 0.03298759 
-3 544 77 130 0.03289279 
652 368 10 12 0.032889377 
294 478 10 11 0.03272997 
817 211 61 85 0.0322553 
299 474 10 9 0.03219727 
612 537 18 28 0.031971812 
290 592 12 18 0.031860325 
190 233 52 55 0.03177733 
294 378 6 9 0.031742122 
834 629 10 13 0.031687725 
277 210 179 161 0.031481422 
479 242 11 11 0.031393852 
663 362 9 11 0.031215448 
406 451 52 55 0.031050257 
479 232 30 26 0.030996338 
79 -129 428 337 0.030982515 
907 622 8 7 0.030951988 
323 472 28 29 0.030615672 
362 262 28 32 0.03061113 
194 249 27 29 0.030560564 
997 287 23 28 0.030014012 
196 31 30 25 0.02994545 
304 473 12 11 0.029846268 
998 303 42 53 0.02979366 
292 370 6 8 0.029790137 
296 485 9 9 0.02973365 
286 471 23 24 0.029637007 
272 364 13 15 0.029573537 
37 316 28 33 0.029363906 
833 603 5 6 0.029330526 
751 109 27 30 0.029117303 
294 468 8 9 0.029062673 
201 663 12 11 0.02897497 
397 361 47 50 0.028875425 
343 283 13 15 0.028731506 
458 150 103 108 0.028710589 
570 548 29 34 0.028469132 
502 571 26 30 0.028454505 
640 370 7 9 0.028451502 
645 367 10 12 0.028407723 
649 381 9 14 0.028238816 
527 533 31 30 0.028215246 
219 239 13 19 0.028193716 
143 270 29 33 0.028157592 
136 179 177 187 0.027987977 
549 526 8 9 0.027942559 
514 561 12 13 0.02767863 
254 478 11 13 0.027592843 
570 516 10 13 0.027465284 
124 352 335 320 0.027457383 
329 463 14 16 0.027411524 
573 114 28 24 0.027401049 
930 649 15 15 0.027389545 
337 283 30 32 0.02738676 
374 601 11 12 0.02728669 
410 84 44 48 0.027001759 
382 557 80 109 0.026856307 
413 568 9 11 0.026750643 
399 409 33 27 0.026714688 
168 20 63 46 0.026572404 
73 238 92 86 0.026532678 
903 626 12 10 0.02648697 
819 609 6 7 0.026403964 
896 629 25 21 0.026355648 
553 538 9 11 0.026353052 
131 267 26 30 0.026233232 
6 625 213 267 0.026216507 
285 376 8 9 0.026176821 
639 361 10 13 0.026144393 
181 26 32 25 0.02613808 
481 570 27 37 0.026130974 
314 437 7 6 0.02605025 
356 311 30 29 0.025757898 
514 432 20 23 0.025736552 
396 541 28 33 0.025662925 
926 659 15 14 0.025546912 
645 375 10 13 0.025473686 
504 549 31 31 0.025406385 
578 405 14 16 0.025288358 
628 372 5 7 0.025288103 
993 267 45 52 0.025278224 
287 356 10 14 0.02521597 
914 647 9 10 0.02518233 
364 428 9 13 0.025062256 
154 233 30 32 0.02503042 
566 548 12 16 0.02494462 
232 498 23 30 0.02492603 
601 377 87 109 0.024925124 
958 313 44 59 0.02489986 
886 607 10 11 0.024868848 
261 241 14 14 0.024820536 
650 373 11 15 0.024746824 
293 609 82 97 0.02468084 
252 248 14 16 0.02464351 
307 240 31 35 0.024594871 
462 336 346 342 0.024502428 
1007 330 10 14 0.02447854 
313 442 9 9 0.024398375 
301 449 6 7 0.024393087 
81 326 8 10 0.024382936 
672 369 10 14 0.024376562 
103 572 7 14 0.02437552 
1002 320 13 20 0.024362324 
338 439 89 104 0.024344377 
245 429 6 8 0.02432021 
220 239 23 32 0.02428781 
924 632 22 25 0.024274506 
210 16 130 131 0.02424262 
292 364 7 10 0.024207093 
126 239 96 111 0.024153423 
351 224 8 9 0.02414803 
264 -64 451 368 0.02406672 
568 178 36 46 0.02398062 
380 485 48 57 0.023968594 
266 421 28 27 0.023965271 
51 -122 258 167 0.023855174 
878 605 20 22 0.02385448 
350 261 12 13 0.023847943 
819 615 7 8 0.023775304 
559 537 11 13 0.02375586 
549 533 8 7 0.023732433 
406 558 27 31 0.023550127 
332 430 7 8 0.023506925 
-7 -173 63 152 0.023486387 
322 279 86 94 0.02347609 
357 230 9 10 0.023466887 
929 115 55 45 0.023449574 
894 606 11 12 0.023445122 
343 380 19 29 0.02343325 
586 420 12 13 0.023412358 
356 260 14 15 0.023375845 
342 245 13 16 0.023374325 
246 499 13 18 0.023344953 
178 252 30 31 0.02331477 
375 260 14 16 0.023306128 
545 21 314 306 0.023298522 
270 485 13 17 0.023233743 
219 442 94 91 0.023169983 
392 484 166 181 0.023162948 
384 432 22 24 0.023157002 
861 102 21 27 0.023123816 
241 467 7 10 0.023079066 
557 181 6 8 0.023066616 
138 270 12 15 0.023019698 
536 239 24 26 0.022983067 
566 433 12 12 0.022971243 
392 624 13 15 0.022872953 
628 361 22 32 0.022834774 
283 465 6 6 0.02282648 
62 298 93 128 0.02280371 
267 469 10 13 0.02277854 
994 328 40 59 0.022767048 
357 224 9 9 0.022742145 
300 468 9 8 0.022738775 
997 361 21 36 0.022724856 
555 532 8 9 0.022704992 
624 486 166 185 0.022696648 
339 436 7 8 0.022648606 
447 470 94 98 0.022559835 
725 352 46 50 0.022534132 
-5 397 36 60 0.02253363 
783 187 44 58 0.02244213 
370 515 30 30 0.022433713 
461 10 60 40 0.022380307 
548 172 10 10 0.022294058 
553 414 13 14 0.02229217 
536 197 9 12 0.022259759 
292 441 23 26 0.022256793 
132 233 43 50 0.022236751 
340 591 29 26 0.02223669 
919 652 9 10 0.02219231 
251 430 6 8 0.02216294 
292 460 26 25 0.022119384 
735 545 416 356 0.022094784 
30 330 27 29 0.02194083 
319 441 9 10 0.021849358 
73 323 19 27 0.021819528 
147 250 52 47 0.021770936 
320 247 33 36 0.021728262 
264 456 6 7 0.021721972 
550 186 7 8 0.02167192 
263 227 41 50 0.02163 
243 422 7 9 0.021618005 
645 401 53 61 0.021606915 
363 231 9 9 0.021522101 
327 449 24 28 0.021501685 
670 364 10 11 0.0214775 
987 440 46 52 0.021465827 
312 439 25 25 0.021398544 
350 217 10 10 0.021363057 
376 259 26 29 0.021349302 
402 636 26 29 0.021314094 
391 591 25 30 0.021308484 
433 475 49 58 0.021283213 
515 391 103 114 0.021238718 
528 483 11 16 0.021230424 
549 152 9 11 0.021228306 
543 525 8 10 0.021179873 
115 260 30 30 0.021153806 
548 560 12 15 0.021150602 
283 368 10 11 0.021148741 
305 495 12 16 0.021129135 
204 279 172 169 0.02108496 
250 434 7 9 0.021039564 
354 269 15 17 0.021035215 
361 289 14 18 0.021026155 
357 387 9 14 0.020994283 
173 226 30 24 0.02091556 
368 283 13 18 0.020912496 
252 480 21 27 0.020871924 
514 151 26 30 0.020859584 
399 621 24 25 0.020845493 
388 558 32 29 0.020799119 
542 159 10 11 0.020735942 
900 620 12 10 0.0207078 
316 488 15 19 0.020707022 
196 43 33 33 0.020700969 
480 558 98 87 0.020689612 
124 1 145 100 0.02068579 
548 165 11 11 0.020674054 
172 364 45 59 0.020643108 
439 468 30 33 0.02063798 
573 554 12 16 0.020628951 
915 640 7 8 0.020601172 
529 158 10 11 0.020582614 
536 159 9 11 0.020562585 
867 206 55 55 0.020534953 
331 422 9 10 0.020519553 
505 527 30 30 0.020519009 
388 628 22 27 0.020509658 
325 430 8 8 0.020506753 
542 165 10 11 0.020497773 
756 366 24 31 0.020474829 
394 669 33 33 0.020455146 
666 358 22 27 0.020417517 
566 420 12 13 0.020386988 
861 600 22 25 0.020378515 
914 628 6 6 0.02026029 
360 380 21 32 0.020239407 
329 244 15 19 0.020201178 
320 437 8 7 0.020192392 
527 323 42 61 0.020190652 
921 647 7 9 0.020182906 
378 316 75 103 0.02017611 
824 609 7 7 0.020140886 
541 517 11 13 0.020136982 
523 165 9 10 0.020134993 
246 259 11 17 0.02008243 
542 151 10 12 0.020047642 
595 550 8 10 0.020035608 
914 622 6 6 0.020035448 
336 252 13 14 0.02003412 
437 406 23 29 0.020000553 
