53_Raid_policeraid_53_54
101
354 166 37 45 0.99775404 
643 169 59 82 0.99749666 
123 173 32 32 0.8050295 
63 165 45 42 0.69992006 
517 474 43 52 0.51689076 
642 100 11 19 0.39346087 
162 165 33 37 0.29344285 
153 167 23 32 0.13569273 
655 103 9 14 0.11368777 
206 239 24 35 0.09118473 
298 188 21 33 0.084575675 
517 35 5 10 0.08431349 
326 151 24 36 0.082115136 
667 121 24 34 0.080796435 
590 66 7 13 0.0781454 
588 62 6 10 0.07531038 
38 163 38 46 0.071749546 
613 73 6 14 0.071346425 
495 94 6 12 0.06435414 
543 50 6 10 0.05944 
56 123 26 28 0.05574588 
108 167 23 27 0.055735342 
174 180 31 31 0.05078638 
174 240 17 25 0.046252675 
189 167 22 32 0.045231488 
538 49 7 11 0.044700842 
569 104 6 13 0.04384259 
195 264 17 28 0.043003388 
593 62 7 13 0.038192842 
551 50 6 11 0.036911704 
514 33 5 9 0.036591697 
537 38 6 9 0.036472898 
590 50 4 7 0.036415078 
569 84 6 13 0.036385544 
654 129 11 18 0.035132196 
622 75 6 12 0.03483264 
128 153 24 36 0.034447204 
309 165 32 43 0.03393273 
524 35 6 9 0.032354616 
572 55 6 10 0.032144442 
595 50 6 8 0.031074772 
85 158 31 32 0.029742748 
863 298 12 12 0.029340288 
718 633 5 6 0.028459195 
570 59 7 13 0.02773711 
202 487 44 46 0.027643504 
617 105 5 11 0.027549095 
294 195 11 18 0.027547486 
293 282 33 31 0.02732561 
644 137 8 14 0.027250718 
541 485 12 17 0.026636604 
534 50 6 8 0.026519708 
584 57 6 10 0.025866441 
-4 655 43 78 0.025804551 
570 52 6 9 0.025733529 
134 180 17 16 0.02536168 
555 50 7 13 0.025312517 
185 184 17 17 0.025242662 
533 37 5 9 0.024770403 
585 91 6 15 0.024133222 
694 380 11 14 0.024111448 
625 78 7 15 0.023745073 
87 180 28 31 0.02363831 
48 179 12 16 0.023456605 
564 54 6 11 0.023442755 
528 464 26 30 0.023342518 
615 95 5 10 0.022867195 
617 119 5 11 0.022630697 
106 170 12 13 0.02236537 
543 44 6 10 0.021977067 
617 111 6 13 0.0218077 
609 94 6 12 0.02180367 
634 85 6 13 0.021712491 
615 53 7 13 0.021592876 
202 165 11 19 0.02150638 
622 95 5 9 0.021456793 
656 113 10 16 0.021424029 
563 60 7 12 0.021405678 
289 183 7 9 0.02137174 
137 148 14 19 0.021252891 
219 356 13 20 0.021226738 
585 66 7 12 0.021217983 
659 54 8 17 0.021216882 
156 150 27 36 0.021178842 
556 75 6 12 0.02108693 
621 120 5 9 0.021075917 
565 81 6 12 0.02107179 
150 176 15 20 0.021024343 
643 57 10 18 0.02072151 
161 260 7 9 0.020699874 
419 621 4 5 0.0206978 
533 44 5 8 0.020523427 
516 56 7 12 0.020303925 
513 56 6 11 0.020299686 
1 -95 39 72 0.020279147 
620 101 6 11 0.020268328 
180 191 15 15 0.020128965 
547 470 9 13 0.02007939 
552 145 5 12 0.02004147 
764 694 4 3 0.0200297 
545 70 5 10 0.020011216 
