53_Raid_policeraid_53_489
2142
53 137 37 51 0.9950094 
373 171 6 10 0.7555576 
339 271 21 30 0.6156207 
72 231 18 28 0.505335 
386 369 18 23 0.35081816 
928 311 7 6 0.32639754 
882 314 7 9 0.28244448 
904 315 6 7 0.28230706 
435 275 22 23 0.28143594 
1006 320 6 7 0.27049717 
933 328 7 8 0.2254373 
993 308 7 8 0.2248715 
581 253 24 25 0.20207183 
948 366 5 6 0.18442659 
932 359 7 8 0.17604329 
666 164 24 23 0.17462556 
965 335 7 7 0.17421772 
991 128 25 22 0.1660475 
935 322 7 6 0.16359727 
882 310 6 8 0.15773942 
1019 341 5 6 0.15567966 
408 304 28 25 0.139146 
940 323 6 6 0.13396655 
920 328 7 5 0.1338304 
920 323 7 6 0.1334739 
896 316 6 7 0.12573631 
961 365 5 7 0.12475015 
285 373 23 22 0.1143016 
332 392 15 15 0.11020213 
1018 348 6 8 0.10916266 
907 323 6 6 0.10810321 
684 163 19 25 0.10554823 
947 343 6 6 0.10384165 
916 314 6 6 0.10278072 
974 341 5 6 0.10147073 
17 327 64 54 0.09667617 
932 310 6 8 0.09523202 
1018 324 6 6 0.0946013 
584 573 23 21 0.094298035 
967 330 5 6 0.09280494 
1019 327 5 7 0.091099136 
991 316 6 8 0.090952806 
942 342 5 6 0.09085915 
934 342 6 6 0.090176605 
869 322 8 9 0.08953221 
922 337 6 5 0.085619956 
604 261 10 15 0.08405939 
835 305 4 4 0.08136089 
921 315 5 6 0.08070178 
698 132 15 17 0.07731731 
448 277 13 17 0.07728635 
930 328 6 7 0.07619898 
595 54 7 7 0.07579755 
904 313 5 5 0.07565659 
552 355 98 93 0.072965965 
568 57 7 9 0.07253906 
694 169 9 15 0.07177325 
837 304 5 5 0.07143038 
821 355 6 7 0.07092588 
973 355 5 5 0.07083045 
389 363 13 16 0.070757054 
577 543 12 11 0.06919599 
930 342 5 5 0.06863298 
755 66 8 6 0.06823013 
391 468 24 30 0.06815399 
596 59 6 7 0.0678405 
-21 -170 182 164 0.067823045 
320 278 8 13 0.067106366 
600 58 6 8 0.06675606 
650 228 57 48 0.06662705 
978 341 5 8 0.066607155 
973 323 5 7 0.0665776 
700 116 13 11 0.06588504 
406 528 40 34 0.0652902 
919 353 6 6 0.06496229 
916 328 6 5 0.064694725 
27 336 31 32 0.064642645 
584 60 7 7 0.06462909 
934 333 6 6 0.06456691 
722 137 10 15 0.06444339 
588 53 8 7 0.064400524 
530 247 12 12 0.06436725 
774 123 7 9 0.06411524 
95 339 14 12 0.06404078 
965 316 6 7 0.06369605 
857 328 5 7 0.06322729 
933 356 6 6 0.06299832 
844 328 5 6 0.06291352 
966 360 6 7 0.06283204 
73 46 8 8 0.062351245 
334 263 15 14 0.06234573 
1020 336 5 6 0.061888777 
987 323 5 7 0.061753675 
929 304 4 5 0.06169981 
664 173 12 13 0.061508436 
327 281 27 33 0.061007354 
999 335 6 7 0.060270708 
827 336 4 5 0.06012794 
368 81 10 10 0.06010288 
962 336 5 7 0.059969902 
55 32 8 8 0.05976141 
908 327 6 6 0.059461556 
890 316 5 6 0.059426077 
13 340 29 35 0.059416767 
-1 322 17 36 0.059095133 
1006 354 4 6 0.059051268 
945 322 6 6 0.05901456 
58 342 30 28 0.05791161 
1012 342 4 4 0.057791874 
1012 336 4 5 0.057558127 
684 223 108 87 0.05703616 
858 307 7 9 0.056823637 
833 310 5 5 0.056716777 
948 335 5 6 0.05656022 
960 384 6 8 0.056491483 
88 343 24 22 0.056178495 
289 295 14 20 0.056135204 
597 71 6 9 0.05575675 
575 59 6 8 0.05563115 
451 269 10 14 0.0551825 
898 310 5 6 0.054982364 
93 349 11 11 0.054623947 
972 328 5 6 0.054594006 
94 52 9 8 0.05442568 
75 349 25 27 0.054265104 
726 236 27 25 0.054184947 
834 336 4 4 0.053821906 
307 396 10 9 0.053220805 
942 348 5 5 0.052960772 
939 373 6 5 0.05290603 
1002 193 13 16 0.052776307 
858 323 5 6 0.052656416 
309 392 12 10 0.052246843 
694 224 55 41 0.05180371 
263 560 25 25 0.051485788 
904 328 6 6 0.051377825 
642 298 38 35 0.05121704 
987 107 42 46 0.051099207 
65 64 12 12 0.05088689 
552 77 6 8 0.050722722 
298 291 12 18 0.050068814 
784 123 8 10 0.050045293 
853 349 4 4 0.04993094 
946 362 6 6 0.049646385 
704 226 26 24 0.04906187 
741 133 9 15 0.049054 
952 168 7 8 0.048874203 
710 112 7 7 0.048723344 
6 357 44 55 0.0485939 
1 64 6 9 0.048202664 
582 53 7 7 0.04805882 
902 334 6 6 0.04778425 
419 280 33 36 0.04770205 
597 66 6 7 0.04752991 
384 61 5 5 0.047499344 
17 331 30 24 0.047486976 
351 178 8 10 0.047317762 
596 79 5 7 0.04731078 
922 311 5 6 0.047309276 
696 120 12 11 0.04721697 
1006 342 5 5 0.04720616 
962 355 4 5 0.047029153 
895 319 8 8 0.046751693 
840 341 4 6 0.046694007 
49 38 12 12 0.04635614 
966 322 6 6 0.046310913 
941 335 5 6 0.04566224 
934 348 6 5 0.04563637 
985 327 5 6 0.04557383 
461 493 25 25 0.0455283 
922 340 5 6 0.04537879 
299 387 24 19 0.045311976 
393 305 22 27 0.045091182 
771 157 13 13 0.04502277 
589 72 5 7 0.044966083 
956 362 6 6 0.044864688 
941 353 6 7 0.04479583 
941 361 6 6 0.04478298 
1 59 5 9 0.04459189 
833 314 6 6 0.044473663 
946 353 6 7 0.044448126 
57 237 27 26 0.04444202 
762 128 12 12 0.044360172 
969 356 4 4 0.04430915 
862 315 7 8 0.0442194 
568 46 8 8 0.044217847 
970 373 5 7 0.04415996 
999 330 6 6 0.044151437 
95 48 8 7 0.044002883 
932 365 7 7 0.04399947 
571 41 26 25 0.043970015 
91 364 8 9 0.04389355 
769 119 17 20 0.043817222 
988 336 4 6 0.04378302 
354 65 4 5 0.04346221 
922 349 5 6 0.043444246 
955 328 6 6 0.043380797 
872 317 6 6 0.043281257 
884 304 4 6 0.04319472 
126 333 9 10 0.043104753 
370 213 9 14 0.042943176 
69 50 9 9 0.042749174 
917 324 5 5 0.0427175 
947 372 6 6 0.042605355 
608 59 7 8 0.042526066 
95 40 6 6 0.042458232 
859 315 6 7 0.042359635 
852 360 6 6 0.042323336 
1013 311 4 5 0.042245872 
844 341 5 6 0.042236302 
891 310 4 6 0.042209946 
562 396 21 25 0.04220371 
790 112 4 6 0.04218982 
86 149 22 30 0.042165384 
918 349 5 5 0.042012345 
340 267 14 16 0.041923705 
102 60 8 8 0.041870188 
681 153 12 11 0.041770093 
361 87 22 23 0.0417354 
383 188 5 8 0.04163255 
691 123 8 8 0.041628867 
723 256 31 29 0.04162274 
780 125 9 12 0.041523404 
1021 317 4 5 0.041482463 
545 49 12 12 0.041458808 
547 42 38 47 0.041450825 
505 359 90 92 0.041330155 
1009 317 5 6 0.041328985 
548 62 11 11 0.04129696 
588 556 11 10 0.041182086 
947 329 5 6 0.041142136 
351 167 6 9 0.041095514 
900 222 10 12 0.04109152 
954 336 5 5 0.041059267 
1005 336 5 5 0.04075204 
940 328 6 6 0.04068888 
82 360 23 28 0.040680874 
97 332 17 13 0.040670425 
740 249 25 23 0.040434465 
554 53 8 10 0.04035594 
18 341 9 10 0.040302787 
109 42 6 7 0.040302612 
112 44 8 9 0.04029716 
928 348 6 6 0.040295992 
952 342 5 6 0.040186588 
736 294 9 9 0.040136997 
107 59 9 10 0.04004162 
743 180 9 13 0.0399625 
728 192 10 12 0.039959792 
967 349 5 5 0.03970402 
291 355 50 45 0.039652072 
127 330 7 7 0.039650477 
853 297 5 7 0.039649904 
582 72 7 7 0.03951997 
911 47 25 23 0.039494634 
935 304 5 6 0.039479844 
135 60 6 6 0.03946842 
827 348 4 6 0.03941628 
999 339 6 7 0.03941442 
565 44 45 54 0.039337438 
731 64 11 8 0.039245103 
504 386 23 26 0.039184544 
567 63 8 9 0.03917386 
824 354 5 6 0.0390773 
75 364 10 10 0.03904337 
88 340 10 11 0.03891622 
967 366 5 7 0.03889631 
954 47 5 7 0.03888042 
502 367 44 48 0.03887247 
75 347 7 7 0.03883641 
997 304 6 8 0.038825393 
856 302 7 10 0.038782973 
988 463 11 14 0.038725615 
362 77 20 18 0.038694404 
1006 330 5 5 0.038660504 
576 66 5 7 0.038651884 
129 60 7 6 0.038590822 
607 27 7 6 0.038566846 
842 329 4 5 0.03854097 
910 311 4 6 0.038480338 
100 47 8 7 0.038396623 
100 53 7 6 0.03838465 
349 172 9 12 0.038344167 
78 336 47 44 0.03826255 
963 317 4 6 0.038260493 
693 108 24 21 0.038207702 
1 342 101 81 0.038188223 
922 362 6 7 0.038181458 
97 331 29 26 0.038109772 
300 398 8 9 0.038055267 
732 178 12 15 0.03801653 
556 385 49 50 0.03798108 
916 304 5 6 0.037978567 
583 66 7 7 0.037912477 
923 304 5 6 0.037901886 
54 43 11 10 0.037864603 
342 98 21 23 0.037776437 
355 38 11 13 0.037672937 
836 309 7 7 0.037533116 
64 364 29 31 0.037530433 
581 47 7 7 0.037524603 
919 210 10 10 0.03750572 
567 532 24 24 0.03749956 
747 41 10 9 0.03747218 
564 53 8 9 0.037470065 
416 496 14 15 0.037459046 
11 340 8 12 0.037345223 
834 342 4 5 0.03730046 
482 262 10 13 0.037246425 
575 53 8 7 0.03723288 
580 50 23 25 0.03721562 
657 119 10 12 0.037214167 
961 373 5 6 0.037209507 
84 348 8 9 0.037173122 
602 84 7 7 0.037146676 
518 362 22 25 0.037132695 
935 373 7 6 0.03709116 
361 66 4 5 0.037065327 
588 48 8 7 0.037046112 
599 64 8 10 0.03702849 
315 390 14 12 0.037024602 
908 347 6 5 0.03697321 
609 84 6 6 0.036815856 
832 331 5 5 0.036780156 
112 54 8 8 0.03677492 
83 364 7 9 0.03675577 
930 355 6 6 0.036725074 
20 389 28 30 0.03666157 
955 53 6 7 0.03664931 
820 316 4 5 0.03662664 
954 366 5 6 0.036601275 
353 278 10 18 0.036567193 
972 317 5 6 0.036548164 
979 354 5 6 0.03649803 
781 495 412 332 0.036472816 
128 54 7 7 0.036435477 
894 346 8 8 0.03643426 
382 329 69 101 0.0364202 
71 354 7 7 0.036420133 
557 50 20 23 0.03638698 
866 322 6 8 0.03635079 
928 49 23 26 0.036241792 
895 47 6 8 0.036196828 
588 65 6 7 0.036194887 
268 544 22 24 0.03613567 
868 327 6 9 0.036050413 
606 490 27 27 0.03604365 
853 316 5 7 0.036034178 
376 215 8 12 0.03581458 
602 27 8 6 0.035702866 
1006 115 9 10 0.035635702 
909 343 6 6 0.035595745 
108 34 6 6 0.03559229 
915 341 6 7 0.0355614 
896 329 7 7 0.03551977 
847 351 3 4 0.035498764 
576 73 6 6 0.035495922 
697 127 11 12 0.035470437 
610 102 26 23 0.035448283 
827 329 5 5 0.035446875 
756 124 21 24 0.035388533 
357 168 6 9 0.035317507 
994 349 4 5 0.035287343 
724 159 22 25 0.03524011 
840 337 4 5 0.03524001 
735 289 23 26 0.03522989 
915 336 6 6 0.035220243 
664 200 33 20 0.035026968 
841 349 4 5 0.035004366 
927 364 7 8 0.034992382 
103 325 15 11 0.034988876 
913 223 10 11 0.034979418 
853 323 5 5 0.03492053 
51 237 17 16 0.034920476 
88 377 7 9 0.03490344 
961 329 5 6 0.03487917 
393 415 21 28 0.034838773 
558 266 14 14 0.034798376 
725 178 12 14 0.034740046 
185 178 17 22 0.03471877 
927 335 6 6 0.034714933 
250 562 24 21 0.03464514 
671 175 26 22 0.034644727 
845 337 5 5 0.034609612 
929 298 4 6 0.03460061 
820 347 5 7 0.034583066 
274 578 28 26 0.03457154 
853 356 5 5 0.03452679 
497 328 22 24 0.0344364 
525 363 12 13 0.034425974 
83 360 7 7 0.034394618 
854 328 5 6 0.034379356 
967 310 4 6 0.034340546 
926 49 8 7 0.03432606 
223 367 7 7 0.034288406 
858 355 5 6 0.03426113 
820 358 6 8 0.034245245 
76 353 7 8 0.03410199 
1020 310 5 5 0.03407377 
715 111 6 7 0.034067992 
900 348 7 6 0.034031954 
354 16 24 23 0.03399028 
1006 349 4 5 0.033971418 
594 47 8 8 0.033936396 
568 41 7 7 0.033831704 
878 314 7 9 0.033797387 
300 371 26 21 0.033795763 
379 162 4 6 0.033761278 
830 368 6 7 0.03371388 
70 41 6 6 0.033707917 
427 171 9 12 0.033669397 
886 58 5 7 0.03363878 
614 27 7 6 0.033596274 
952 348 5 5 0.033589352 
535 230 9 11 0.033547685 
827 367 6 7 0.033546586 
844 371 10 9 0.033483714 
945 135 8 10 0.033476442 
955 385 6 8 0.033455063 
651 115 8 12 0.03342491 
87 16 23 20 0.0333995 
695 161 8 13 0.03339194 
61 40 8 8 0.033383645 
897 303 5 7 0.033339545 
5 334 20 30 0.033326965 
522 266 12 14 0.0332926 
136 54 6 7 0.033287164 
647 80 6 7 0.03328551 
858 348 5 5 0.03326218 
690 117 9 8 0.033223808 
941 311 4 6 0.033218667 
71 35 6 6 0.033218354 
325 46 93 105 0.033217773 
958 54 6 7 0.033199467 
595 84 6 6 0.03317907 
916 48 10 9 0.033175074 
575 80 8 7 0.033165295 
76 332 25 28 0.03310162 
90 39 7 7 0.03309126 
606 34 8 7 0.033003118 
351 90 21 22 0.03300234 
845 324 5 6 0.032935064 
62 46 9 7 0.03289067 
871 303 5 7 0.032865316 
850 368 8 7 0.032849513 
852 307 7 9 0.032847606 
954 355 5 5 0.03283031 
367 96 22 25 0.032790985 
607 72 7 8 0.03278849 
257 593 29 18 0.03277955 
575 47 8 8 0.03274836 
844 315 5 7 0.03272572 
570 79 7 8 0.032714162 
610 319 46 54 0.03269966 
981 337 4 5 0.0326457 
909 335 6 6 0.032631565 
617 118 7 7 0.03261419 
118 348 22 31 0.032603413 
576 34 7 7 0.03258702 
1017 144 9 12 0.032529753 
378 157 5 5 0.032480057 
713 173 22 25 0.03246717 
83 54 6 7 0.032443978 
63 53 8 7 0.03243302 
991 329 6 5 0.03241358 
574 407 12 14 0.03238755 
229 367 7 6 0.03238511 
895 340 8 8 0.032375015 
89 68 6 6 0.03236722 
998 349 5 5 0.03236471 
844 360 6 6 0.032359023 
890 321 6 7 0.03235231 
813 346 6 8 0.032350227 
21 549 13 11 0.0323496 
631 115 8 9 0.03234142 
1005 311 4 5 0.032314178 
323 272 22 28 0.032313664 
591 81 4 5 0.03230724 
612 56 10 13 0.032303378 
877 304 5 6 0.03229662 
973 337 5 5 0.03228063 
82 59 8 8 0.032244224 
639 121 7 10 0.03219418 
351 184 9 11 0.032190315 
953 231 6 8 0.032160565 
358 277 20 29 0.032127798 
0 288 6 11 0.03212151 
602 40 23 26 0.032105103 
360 80 4 5 0.03209376 
896 336 7 7 0.032092854 
615 113 7 5 0.03209145 
689 113 37 45 0.03206705 
994 434 11 14 0.03204524 
646 61 10 12 0.032030065 
719 191 11 12 0.03202916 
720 182 12 13 0.03199828 
571 539 7 7 0.031985007 
718 182 7 8 0.03197354 
898 297 4 6 0.031971876 
420 187 8 10 0.031947628 
378 111 6 7 0.03191721 
75 359 8 8 0.031911463 
888 58 6 7 0.031878363 
334 174 5 8 0.031869255 
121 33 6 7 0.031843092 
1004 367 5 6 0.031837586 
352 520 6 9 0.031775057 
839 574 7 5 0.031753737 
972 359 5 7 0.03174355 
613 73 7 8 0.03169397 
762 177 23 29 0.03169241 
902 303 6 7 0.031686552 
953 57 8 10 0.031674534 
635 84 6 7 0.03165647 
701 112 10 8 0.03163537 
609 52 8 10 0.031607088 
1013 349 4 5 0.031600144 
59 330 95 87 0.03157687 
90 373 6 8 0.03155794 
827 342 4 5 0.031552386 
103 41 7 6 0.03152893 
536 394 47 54 0.03151478 
1000 355 4 5 0.031501994 
0 253 8 15 0.03148799 
896 219 8 9 0.031468906 
46 357 34 31 0.031465955 
286 289 29 39 0.031430688 
287 565 9 9 0.031422067 
545 79 6 7 0.031372543 
288 599 25 19 0.031355537 
765 420 102 108 0.03133984 
897 41 6 7 0.031307194 
988 347 4 6 0.031301755 
953 411 6 9 0.031291492 
105 366 12 13 0.031253893 
1000 172 29 26 0.031228656 
452 168 7 7 0.031214628 
347 167 7 10 0.031206299 
9 378 23 31 0.031180989 
720 183 23 26 0.031156352 
360 200 5 9 0.031105971 
859 335 5 6 0.031093815 
287 563 24 26 0.031076526 
299 390 12 11 0.031036632 
620 73 8 8 0.031036409 
588 33 10 8 0.030997414 
568 71 8 8 0.030923802 
86 130 24 26 0.030832779 
564 40 7 7 0.030828832 
574 40 8 7 0.030824915 
826 316 6 5 0.030790644 
557 559 7 7 0.03076846 
380 61 5 6 0.030761076 
1 51 6 10 0.030711787 
652 163 25 23 0.03068624 
385 163 4 6 0.03068275 
425 499 12 12 0.030644355 
367 65 4 6 0.030641284 
132 373 7 10 0.03061952 
954 374 5 6 0.030596219 
953 163 6 7 0.030595865 
650 129 8 10 0.030556705 
672 152 22 21 0.030542392 
942 368 5 6 0.030520158 
625 115 9 9 0.030516172 
949 47 6 7 0.030509066 
1019 304 5 6 0.03050744 
526 340 25 29 0.030505268 
459 239 8 9 0.030467238 
936 200 5 6 0.030420158 
298 410 8 9 0.0304172 
667 186 29 21 0.030396258 
1017 366 8 9 0.030381512 
754 33 9 7 0.030365108 
742 272 26 27 0.030349866 
625 378 11 11 0.030334586 
352 163 5 7 0.030286856 
133 66 6 7 0.030286347 
674 245 28 25 0.03028557 
652 60 7 8 0.03028291 
730 126 41 50 0.030275857 
998 106 24 24 0.030259661 
527 261 13 14 0.030238131 
261 416 8 10 0.030213328 
606 65 6 8 0.030192811 
266 399 9 7 0.030164141 
814 316 5 6 0.03015384 
452 160 7 9 0.030150954 
421 494 24 25 0.030052988 
159 353 6 7 0.030049779 
948 302 5 8 0.030047843 
543 55 20 22 0.029995956 
600 79 7 8 0.029984608 
370 231 7 9 0.029969806 
854 344 3 4 0.029963199 
890 53 5 8 0.029927617 
223 370 9 9 0.029926578 
574 402 26 26 0.029906843 
910 219 21 22 0.029883197 
657 128 8 10 0.02984651 
812 341 6 8 0.029842634 
590 85 6 5 0.029841773 
715 272 30 27 0.029831296 
929 323 6 5 0.029789144 
332 110 7 7 0.029786708 
759 46 9 8 0.02976013 
913 229 9 10 0.029737221 
68 371 11 11 0.02971245 
592 46 20 26 0.029702734 
592 62 19 24 0.029647414 
903 40 7 7 0.029622773 
1011 354 6 7 0.029608388 
301 566 6 6 0.029589893 
194 42 4 4 0.029559439 
834 348 4 5 0.029559003 
698 66 27 26 0.029555634 
98 351 12 10 0.029540472 
434 501 11 12 0.029536365 
830 373 8 7 0.029533183 
932 32 21 24 0.029517932 
411 437 29 35 0.029514201 
710 106 6 5 0.02949523 
727 142 11 17 0.029487459 
774 78 7 6 0.029451896 
563 35 6 6 0.029436503 
63 358 9 11 0.029433072 
560 590 30 24 0.029421113 
46 334 35 25 0.029418582 
890 47 6 8 0.029408209 
556 565 7 7 0.029401394 
276 399 6 6 0.029399868 
718 187 7 8 0.029399311 
694 156 8 10 0.029396936 
447 179 9 10 0.029385746 
458 270 7 11 0.029358748 
587 561 12 11 0.02932699 
620 34 7 7 0.029322185 
640 46 7 10 0.029321302 
4 108 13 17 0.029313968 
83 40 7 7 0.02929845 
336 18 25 23 0.02925078 
667 211 33 22 0.029249057 
616 369 14 15 0.029246347 
35 387 33 25 0.029216988 
612 46 11 12 0.02921166 
340 82 4 5 0.029205453 
117 34 6 6 0.02916055 
304 382 14 12 0.029152004 
946 411 8 9 0.029138446 
306 401 10 10 0.029128142 
594 550 24 24 0.029124953 
878 54 5 6 0.029122546 
88 35 7 7 0.029104585 
2 253 19 27 0.029103238 
109 340 24 30 0.029081797 
409 161 8 10 0.029053852 
520 279 14 18 0.029046549 
384 66 5 5 0.029032331 
933 48 7 8 0.029031422 
560 406 13 16 0.029014954 
274 554 25 24 0.029014233 
568 383 11 12 0.029009037 
827 361 5 6 0.028992428 
871 309 5 6 0.028990883 
722 125 18 24 0.028964963 
644 56 10 12 0.028955452 
950 172 10 11 0.028949998 
127 346 8 10 0.028941767 
76 34 7 7 0.028935771 
949 164 6 5 0.028921165 
647 120 8 12 0.02891163 
555 72 6 10 0.02889359 
636 50 20 24 0.028861197 
249 547 55 47 0.028859138 
871 342 5 5 0.02883451 
889 211 8 9 0.028788032 
789 116 5 7 0.028772686 
767 124 9 9 0.02876806 
121 46 7 8 0.028763732 
641 29 6 5 0.028753748 
508 337 48 53 0.028713938 
775 54 6 5 0.028710177 
982 323 4 7 0.02867873 
384 414 9 13 0.028655138 
364 172 6 10 0.02861644 
187 42 4 4 0.02860139 
1012 330 5 5 0.02859072 
850 605 30 22 0.028556794 
659 497 6 5 0.028553978 
453 155 7 8 0.028551148 
581 33 26 24 0.02849692 
584 134 12 13 0.028480535 
619 113 8 7 0.028479686 
962 321 5 6 0.028473873 
-6 -183 58 147 0.028462747 
749 61 6 5 0.028450368 
924 297 4 6 0.02843889 
75 42 7 6 0.028437654 
941 40 20 26 0.028434109 
901 341 7 7 0.028420927 
805 335 8 9 0.028418502 
64 61 8 8 0.028397525 
404 161 6 10 0.028394697 
779 34 6 6 0.028376337 
441 187 6 8 0.028370697 
13 559 7 7 0.028354878 
840 324 5 5 0.02834263 
629 53 13 16 0.028340142 
448 161 7 8 0.02831376 
626 62 22 25 0.028298413 
554 46 7 8 0.028254561 
357 172 8 10 0.02824701 
242 367 7 7 0.02824502 
18 348 9 13 0.02824214 
847 355 4 5 0.02822981 
609 46 7 9 0.028208213 
83 66 6 7 0.028185243 
569 527 6 7 0.028181352 
731 129 16 23 0.028160855 
640 84 5 7 0.028159857 
455 232 6 7 0.028155508 
744 247 13 14 0.028141048 
615 557 7 8 0.028135596 
674 498 5 4 0.028128939 
315 384 14 11 0.028117336 
744 153 24 26 0.028107967 
740 78 8 8 0.02810719 
635 331 40 55 0.028102776 
891 304 5 6 0.02807518 
95 9 23 20 0.028072214 
719 40 10 10 0.028071588 
690 128 8 9 0.028060246 
724 124 6 7 0.02805173 
704 106 6 5 0.028041864 
660 174 7 8 0.028025381 
112 365 11 12 0.028005224 
844 309 6 7 0.027985696 
639 98 21 25 0.027954979 
746 176 27 30 0.02795333 
379 118 5 7 0.027950732 
885 347 5 6 0.027911516 
51 61 7 6 0.027890915 
1005 304 5 6 0.027887579 
3 286 9 15 0.027883638 
865 359 7 7 0.027875852 
96 36 6 6 0.027874101 
634 28 6 6 0.027868157 
354 190 16 27 0.027857773 
707 161 22 23 0.027851509 
4 72 6 8 0.02783539 
565 373 24 23 0.027794275 
95 56 9 9 0.027786324 
760 34 8 6 0.027784325 
58 53 7 6 0.027782638 
912 148 14 14 0.027781542 
224 363 5 6 0.027776018 
712 72 24 27 0.0277713 
674 225 32 25 0.027751492 
582 34 8 7 0.027745068 
387 445 25 37 0.027742442 
95 386 30 32 0.027739933 
4 276 8 11 0.027731705 
371 222 8 12 0.027706735 
723 129 8 11 0.027704448 
987 342 5 6 0.027701927 
657 109 10 12 0.027694782 
700 170 23 26 0.0276779 
87 27 8 7 0.027676463 
791 603 14 9 0.027669696 
22 338 14 14 0.027648497 
793 111 4 7 0.027641675 
897 239 6 6 0.027638786 
276 405 7 8 0.027638428 
458 140 11 11 0.02762655 
436 187 7 8 0.027604625 
925 210 9 10 0.027601741 
770 54 6 5 0.027576458 
941 303 4 6 0.027550127 
415 179 8 11 0.027516749 
772 72 8 7 0.027503189 
26 376 31 27 0.02749873 
715 193 8 10 0.02748983 
832 359 6 7 0.027422134 
105 358 11 11 0.02738266 
618 378 12 12 0.027345601 
905 57 27 27 0.027318275 
928 373 7 7 0.027308566 
686 121 7 9 0.027292872 
369 193 8 10 0.027286235 
194 36 4 4 0.02728104 
897 189 28 25 0.02725512 
561 498 8 10 0.027241189 
94 360 25 25 0.027239127 
728 130 8 12 0.027227191 
121 53 7 7 0.027220827 
652 80 6 7 0.027219534 
649 501 5 5 0.027218372 
70 365 8 9 0.027213214 
895 231 7 9 0.027170852 
389 411 6 9 0.027157318 
736 176 20 25 0.027151544 
416 186 7 10 0.027137969 
711 189 7 7 0.027121896 
241 463 24 22 0.02711841 
996 573 29 23 0.02711284 
620 559 6 7 0.027108325 
989 317 5 6 0.027104553 
690 111 9 7 0.02709956 
608 539 7 7 0.027098121 
348 177 19 24 0.027080815 
5 77 6 9 0.027080255 
23 349 11 13 0.027079528 
923 225 24 24 0.027041627 
525 406 23 30 0.02700508 
634 74 6 6 0.027000837 
421 419 23 27 0.02695363 
999 367 5 6 0.026941808 
350 106 20 28 0.026939817 
385 74 5 5 0.026936535 
721 66 8 7 0.026933441 
477 272 18 25 0.026930204 
84 340 7 9 0.026912365 
958 210 10 14 0.026911328 
183 375 97 100 0.026911017 
671 141 38 44 0.026907338 
911 304 4 5 0.026907196 
134 46 6 7 0.0269058 
783 111 4 5 0.026901815 
416 395 24 30 0.026896754 
917 35 25 24 0.02688998 
875 552 221 181 0.026877336 
74 340 9 9 0.02685992 
559 311 85 88 0.026847875 
50 55 7 6 0.026841665 
364 198 8 11 0.026837718 
706 50 15 12 0.026823299 
29 349 11 12 0.026814943 
755 62 7 5 0.026811374 
837 578 7 6 0.026801553 
83 33 8 8 0.0267975 
821 343 4 6 0.026794823 
383 174 6 8 0.026792137 
568 22 23 19 0.02677993 
946 317 5 6 0.026759885 
733 274 13 14 0.026759446 
726 354 12 11 0.026737964 
87 331 11 11 0.026729668 
374 293 10 13 0.026727822 
74 334 10 9 0.026721222 
726 266 14 15 0.026702786 
574 557 12 11 0.02669995 
767 34 8 6 0.026693149 
991 336 6 6 0.026685258 
482 354 14 17 0.026661417 
929 65 21 24 0.026655253 
554 409 11 14 0.02664823 
201 37 4 4 0.026635459 
4 57 7 11 0.026635034 
98 363 11 10 0.026634045 
605 557 9 9 0.026631258 
891 346 6 7 0.02662664 
999 362 4 5 0.026626531 
551 514 80 84 0.0266185 
949 53 6 7 0.026615528 
643 184 87 77 0.026612842 
968 298 4 6 0.026604572 
614 105 7 6 0.026594562 
878 298 5 6 0.026573552 
127 371 8 12 0.026566658 
717 290 7 8 0.026540115 
773 175 7 8 0.02653335 
225 322 18 15 0.026521986 
871 54 5 6 0.026516503 
834 271 5 5 0.026495432 
724 67 22 19 0.026492653 
576 558 24 20 0.026488638 
83 333 8 8 0.02648397 
83 27 8 8 0.026481874 
605 91 23 23 0.026470518 
528 253 13 13 0.02645321 
889 333 8 8 0.026447942 
853 337 5 5 0.026442386 
825 566 7 5 0.02643433 
503 405 12 15 0.026433488 
416 155 7 8 0.026414823 
61 364 12 12 0.026414126 
688 192 11 11 0.026411643 
462 232 5 7 0.026393335 
913 74 21 26 0.026392749 
875 321 7 9 0.026386525 
1013 304 5 6 0.026365543 
936 298 4 5 0.026359256 
626 74 8 7 0.026349224 
991 111 9 10 0.026340602 
733 172 10 13 0.026330989 
626 121 9 11 0.026318792 
606 111 7 6 0.02630804 
364 185 18 23 0.026305642 
575 564 43 37 0.02630334 
416 161 7 9 0.026296698 
566 53 23 26 0.026290849 
380 151 3 5 0.026290826 
358 193 7 9 0.02626985 
885 344 5 5 0.026267862 
575 28 8 7 0.026267568 
686 116 7 9 0.02626063 
570 533 6 7 0.026258098 
70 347 8 8 0.02623222 
391 428 8 12 0.026232027 
715 131 82 87 0.026229898 
296 404 7 8 0.02621837 
610 52 23 26 0.02620485 
334 122 7 8 0.026183859 
284 309 20 29 0.026180532 
81 47 7 7 0.026165543 
857 297 6 7 0.026162231 
267 404 9 7 0.026157854 
890 231 6 9 0.026153736 
346 381 27 27 0.026144454 
158 366 10 14 0.02611079 
447 167 8 9 0.026108121 
840 355 5 6 0.02610702 
752 41 10 7 0.026101394 
600 40 7 8 0.026092391 
306 589 24 25 0.026076542 
563 456 28 28 0.026066314 
128 47 7 7 0.026063401 
291 384 14 14 0.026061926 
820 322 5 5 0.026059559 
908 51 10 11 0.026042718 
617 35 23 24 0.02603735 
564 46 7 8 0.026017454 
428 187 7 8 0.026016299 
906 149 11 9 0.025998523 
305 227 3 5 0.025989445 
847 -185 269 162 0.025986632 
385 105 6 6 0.025982404 
742 174 9 11 0.025976103 
347 162 5 8 0.025970057 
565 408 25 30 0.025943218 
866 349 5 4 0.0259422 
305 416 10 10 0.02593653 
613 79 7 7 0.025931112 
297 301 12 17 0.025930088 
422 178 7 10 0.025928184 
535 32 10 10 0.025922436 
3 348 24 36 0.025887437 
414 515 29 27 0.025885347 
392 432 26 33 0.025878027 
772 164 11 12 0.02587478 
873 326 8 9 0.02586494 
940 412 7 10 0.02585748 
378 199 6 8 0.025834145 
748 34 9 7 0.025818005 
826 323 5 5 0.025805784 
982 367 4 5 0.025804158 
559 528 4 5 0.025793066 
961 350 5 5 0.02578869 
899 370 10 10 0.02578007 
460 154 7 9 0.025771854 
627 163 8 7 0.025768094 
569 35 7 6 0.025761008 
894 213 8 8 0.025747102 
614 34 7 7 0.025741478 
430 517 27 28 0.025734413 
249 65 8 8 0.025732286 
908 48 7 7 0.02573019 
646 73 7 7 0.025724052 
711 181 7 8 0.02570771 
257 565 8 7 0.02570453 
978 449 7 9 0.02569564 
724 77 9 8 0.025694696 
361 63 3 5 0.025687594 
477 500 7 8 0.025686836 
17 378 65 113 0.025685381 
994 355 4 5 0.025670344 
399 523 25 25 0.02565533 
939 57 9 10 0.025652032 
385 169 5 6 0.025650857 
119 338 11 12 0.025640028 
907 140 10 10 0.025637757 
908 35 8 7 0.025636556 
186 36 4 5 0.025610276 
953 378 7 8 0.025604704 
576 535 8 8 0.025590206 
889 224 7 10 0.025588369 
82 373 8 9 0.025580294 
433 172 8 11 0.025576048 
670 163 12 11 0.02556919 
452 174 7 8 0.025568888 
178 90 23 26 0.025562435 
983 640 11 11 0.025557945 
538 48 7 8 0.025530206 
346 519 7 10 0.025495203 
963 310 4 5 0.025493251 
593 29 9 6 0.025491733 
776 61 5 5 0.025465582 
12 550 6 8 0.025448443 
594 40 9 8 0.02544755 
702 275 8 12 0.025446365 
832 566 7 5 0.025421254 
234 439 94 114 0.02541282 
770 541 5 5 0.02538429 
91 46 7 8 0.025380434 
707 222 16 14 0.025376212 
940 48 6 7 0.02537045 
360 157 4 5 0.025366277 
89 57 8 8 0.025365846 
486 370 9 13 0.025359742 
864 303 6 8 0.02535421 
917 360 6 7 0.025339883 
-7 293 66 103 0.025310423 
580 570 13 11 0.025294079 
151 654 12 9 0.02529157 
588 40 8 7 0.025277618 
564 506 6 8 0.025277581 
581 80 7 7 0.025276465 
511 266 19 23 0.025255444 
428 162 7 8 0.02522528 
379 653 13 9 0.025222372 
904 36 7 6 0.025211237 
708 131 41 52 0.025206866 
889 329 7 7 0.02520554 
640 73 7 7 0.025194013 
721 197 25 25 0.025193904 
632 120 8 12 0.025191909 
733 307 9 9 0.025180364 
660 168 7 7 0.025162408 
920 231 8 8 0.025158912 
940 64 8 9 0.025158642 
725 274 14 15 0.025145771 
811 373 10 11 0.025136627 
297 540 4 4 0.025129937 
616 13 93 96 0.025129871 
466 66 7 7 0.025128622 
620 28 7 6 0.025128558 
620 240 6 5 0.02511667 
370 186 7 9 0.025107231 
877 206 9 9 0.025080388 
619 40 8 8 0.025077969 
597 482 5 6 0.025077563 
365 168 5 8 0.025068557 
228 372 9 8 0.025057117 
582 40 7 7 0.02505013 
980 316 5 6 0.02503973 
296 536 4 4 0.025015023 
889 40 7 8 0.02500498 
752 46 9 8 0.025003634 
201 42 3 4 0.025001941 
649 498 5 5 0.024984326 
751 255 11 13 0.024973856 
942 298 4 5 0.02496951 
570 545 8 9 0.024963751 
579 562 12 10 0.024963127 
658 162 7 6 0.024956776 
639 127 7 11 0.024952276 
385 111 5 6 0.024943896 
902 59 8 9 0.024926951 
563 29 7 5 0.024925131 
685 111 8 8 0.02491449 
774 180 7 8 0.024914201 
580 546 21 20 0.024912294 
10 261 8 12 0.02490772 
830 378 9 9 0.024901582 
788 463 5 5 0.024894202 
743 62 6 5 0.024876514 
547 553 21 21 0.02487092 
576 378 28 27 0.024870599 
557 221 5 7 0.024869988 
254 405 7 8 0.02485721 
896 46 52 45 0.02482596 
411 105 6 8 0.024815375 
988 310 5 7 0.024812683 
354 75 4 3 0.024803275 
883 47 6 7 0.024801616 
837 271 6 5 0.024787001 
939 27 10 8 0.02478211 
384 191 5 9 0.024777848 
85 376 28 35 0.024775209 
902 47 7 8 0.024770966 
775 41 7 6 0.024769232 
779 41 6 6 0.024767691 
955 239 5 6 0.024747916 
869 330 8 10 0.02474424 
95 28 7 6 0.024736332 
108 29 7 6 0.024736255 
882 230 8 9 0.024724416 
582 84 6 6 0.024716645 
896 51 6 9 0.024714706 
775 33 7 7 0.024707695 
590 402 28 27 0.024705444 
364 224 7 10 0.02469947 
54 -163 262 137 0.024696598 
746 136 10 16 0.024693625 
768 47 7 7 0.02468682 
633 39 8 8 0.024679355 
609 118 6 6 0.02467832 
796 503 5 4 0.02464953 
947 310 4 6 0.02464723 
442 162 7 7 0.02463762 
557 40 6 8 0.024636012 
469 501 13 14 0.024629613 
382 356 34 47 0.024617989 
917 298 4 6 0.024597598 
81 381 11 14 0.024591027 
768 41 7 6 0.024590647 
902 214 7 7 0.024570704 
576 83 8 8 0.024570579 
898 292 4 4 0.024567625 
627 29 7 5 0.024567503 
870 220 7 9 0.024564574 
62 385 10 10 0.024553688 
332 180 6 9 0.024552593 
292 603 10 8 0.02454563 
897 58 6 8 0.024542613 
55 65 9 8 0.024537764 
807 328 6 7 0.024524475 
689 160 11 15 0.02452156 
754 99 22 26 0.02451169 
415 104 8 9 0.02450944 
5 266 9 14 0.024487427 
858 359 7 7 0.024484325 
344 8 24 22 0.024459153 
948 57 7 10 0.024453547 
257 560 6 6 0.024451965 
812 84 6 9 0.024448872 
598 102 23 19 0.024447177 
741 280 11 12 0.024442492 
939 379 7 8 0.024440672 
384 98 7 7 0.02443589 
833 355 5 7 0.024433263 
640 40 6 8 0.02442441 
55 385 10 10 0.024418008 
100 373 11 13 0.024415161 
480 258 7 9 0.024414156 
939 52 7 9 0.024412278 
144 124 4 6 0.024401762 
741 39 10 9 0.024400763 
537 226 8 10 0.024387045 
96 66 8 7 0.024385903 
831 573 8 5 0.024369959 
713 286 22 26 0.02436982 
619 91 22 24 0.024361417 
749 54 6 6 0.024358865 
907 223 9 11 0.024346484 
548 397 9 11 0.02434343 
415 173 8 10 0.02433789 
947 379 7 8 0.024332149 
884 298 4 6 0.024328182 
934 211 7 9 0.024318907 
612 84 7 7 0.02430387 
364 223 18 26 0.02426205 
433 167 7 10 0.024257278 
941 316 5 5 0.024255712 
902 74 21 25 0.024253955 
673 490 5 5 0.024249548 
549 41 8 7 0.02423184 
109 399 8 8 0.024219057 
959 57 5 8 0.024218775 
999 322 5 7 0.0242078 
327 181 6 9 0.024206325 
621 566 7 7 0.024194375 
367 15 23 24 0.02419394 
1010 458 20 24 0.02419214 
-4 249 34 50 0.024188774 
914 28 23 19 0.024187727 
349 400 27 25 0.024186388 
599 499 24 26 0.024184711 
551 540 5 5 0.024164278 
558 277 15 16 0.024152854 
694 181 11 14 0.024122994 
165 357 24 25 0.024122726 
654 73 6 6 0.024122126 
307 398 27 24 0.024121452 
392 60 5 6 0.024116145 
897 246 5 5 0.024109619 
79 126 22 21 0.024103776 
948 423 6 8 0.02410144 
953 203 9 11 0.024101296 
613 41 8 9 0.02409661 
555 571 8 9 0.024095632 
410 155 7 9 0.024095058 
928 219 8 8 0.024067422 
878 59 4 6 0.024066895 
301 571 8 8 0.024062103 
55 540 11 9 0.024043174 
56 61 7 6 0.024032779 
924 292 4 5 0.024023635 
807 322 6 7 0.024023326 
645 174 9 8 0.024016177 
73 381 13 16 0.024002234 
269 533 6 6 0.023991652 
-4 481 80 98 0.023984233 
608 40 6 7 0.023981811 
121 316 7 7 0.02397666 
261 411 8 8 0.023969151 
714 71 11 9 0.023967054 
767 154 11 12 0.023964422 
123 365 21 29 0.023963122 
3 309 10 19 0.023957938 
415 358 9 13 0.023956126 
721 198 11 11 0.023951089 
914 35 8 6 0.023940437 
981 327 5 6 0.023932107 
416 147 8 10 0.023930462 
588 29 9 7 0.023928178 
902 353 7 7 0.023925811 
353 93 6 6 0.023920465 
727 72 12 9 0.023904344 
650 174 9 8 0.023903856 
696 31 10 10 0.023903305 
826 271 5 5 0.023895362 
421 161 7 8 0.023894466 
556 91 19 22 0.02389267 
979 132 80 84 0.023892365 
460 263 6 10 0.023885284 
885 40 6 7 0.023874773 
441 154 8 8 0.023869466 
512 463 7 6 0.023867778 
756 79 7 6 0.02385901 
609 475 6 6 0.02382962 
346 98 7 6 0.023828605 
942 163 5 6 0.023793349 
915 40 8 7 0.023785017 
120 66 7 7 0.023762545 
928 225 8 8 0.023761813 
46 321 35 24 0.023761572 
614 539 8 7 0.02374433 
773 187 8 9 0.02374213 
701 142 12 14 0.023738686 
309 533 23 30 0.023736067 
626 34 8 6 0.023702415 
67 397 10 11 0.023693772 
933 21 21 19 0.023678327 
557 33 7 8 0.023676584 
838 373 8 8 0.02367051 
943 292 3 4 0.023658317 
650 169 9 8 0.023653936 
333 163 4 6 0.023651673 
67 390 10 11 0.023642637 
722 173 11 11 0.02363705 
654 53 6 7 0.023635337 
714 165 10 12 0.023625487 
738 160 11 13 0.02361925 
901 230 8 10 0.02361714 
662 114 8 13 0.02361511 
727 147 19 24 0.023614252 
353 156 5 7 0.023602761 
565 515 5 6 0.023602147 
507 470 6 5 0.023601403 
618 149 9 9 0.02357447 
979 347 5 7 0.023572834 
780 74 7 5 0.023551738 
544 73 7 7 0.023549654 
1007 299 4 5 0.023543708 
938 147 8 11 0.023537736 
598 459 25 26 0.02353446 
853 292 4 5 0.023534356 
441 193 6 7 0.023532864 
600 33 9 8 0.023523081 
882 220 8 9 0.02352068 
760 41 8 7 0.023518618 
817 571 10 7 0.023507196 
398 187 5 8 0.02350408 
370 113 19 28 0.023501676 
451 263 9 13 0.023500133 
701 165 9 13 0.023496997 
877 211 8 9 0.023493182 
557 552 7 7 0.02348815 
952 63 8 9 0.023483397 
94 319 27 21 0.023482908 
623 227 4 5 0.02346765 
606 106 8 6 0.023467593 
619 63 9 10 0.023466077 
534 263 10 11 0.023458669 
883 34 8 7 0.023458512 
119 345 10 13 0.02345481 
5 44 6 11 0.023444507 
658 156 7 7 0.023436375 
688 148 10 10 0.023432856 
913 258 23 22 0.023432098 
84 329 7 8 0.023430074 
631 127 9 11 0.023429567 
243 361 6 6 0.023408247 
2 116 14 20 0.023407266 
658 135 9 11 0.023402937 
973 310 4 6 0.023398466 
326 227 6 7 0.023391742 
549 410 11 17 0.023378374 
495 428 24 26 0.023358079 
735 33 10 8 0.023357324 
134 40 6 7 0.023354977 
390 552 6 9 0.023348086 
927 72 9 9 0.023345083 
323 101 20 22 0.023341343 
377 104 7 7 0.023340719 
541 32 11 9 0.02333704 
506 478 6 5 0.023322001 
507 429 26 25 0.023320477 
645 46 8 9 0.023320004 
87 397 9 12 0.02330292 
1005 129 22 27 0.023292273 
749 65 8 7 0.023288725 
819 566 7 5 0.023288395 
370 74 7 6 0.023279406 
81 390 10 14 0.02327656 
556 29 6 6 0.023263922 
320 396 14 13 0.02326181 
372 118 5 6 0.02324977 
346 110 7 8 0.023248646 
286 602 11 8 0.023244549 
297 267 34 45 0.023239177 
709 275 9 12 0.02323914 
700 271 25 33 0.023216262 
405 166 6 10 0.023215268 
420 139 10 13 0.023210393 
601 392 31 25 0.023209592 
276 393 6 5 0.023206295 
370 65 6 7 0.023202693 
580 16 24 19 0.023202488 
620 78 20 22 0.02320139 
863 366 7 8 0.023195881 
608 509 7 6 0.023195628 
835 300 3 4 0.02318555 
379 124 5 6 0.02318352 
814 311 5 5 0.023179771 
975 349 4 5 0.023159396 
205 379 7 7 0.023155514 
1012 442 9 12 0.023151524 
816 579 12 8 0.023148818 
820 312 4 4 0.023146719 
772 191 10 12 0.02313794 
604 556 23 25 0.02311965 
111 64 10 9 0.023104828 
755 54 6 6 0.023103932 
36 400 29 32 0.023102518 
409 499 25 28 0.023097806 
967 303 5 6 0.023097584 
601 412 7 7 0.023090828 
121 39 6 8 0.023090823 
811 102 7 11 0.023088919 
640 73 18 22 0.023082754 
303 146 4 4 0.023077292 
812 322 6 6 0.023076983 
565 409 13 17 0.02307458 
127 353 7 10 0.023072679 
333 592 5 7 0.023070456 
335 169 4 7 0.023070456 
368 277 21 26 0.02306634 
721 294 7 9 0.023063175 
578 401 14 14 0.023055483 
695 149 22 27 0.023055032 
1 45 6 11 0.023039877 
647 28 7 6 0.023028923 
659 490 6 5 0.023027038 
667 181 16 13 0.023019312 
371 111 6 7 0.023004465 
543 63 10 10 0.023000075 
360 86 5 5 0.022997284 
415 109 7 8 0.02299452 
349 67 3 5 0.022987012 
441 178 8 11 0.022985972 
720 260 12 16 0.02298361 
901 214 20 22 0.022981523 
992 341 5 6 0.02298034 
366 74 5 6 0.022975495 
885 334 5 7 0.022973994 
768 72 8 6 0.022972742 
409 147 7 10 0.0229683 
114 297 6 5 0.02296409 
552 516 5 4 0.022963475 
166 354 7 7 0.022962373 
551 84 6 8 0.022959864 
67 235 14 17 0.022950849 
103 34 7 7 0.02294745 
18 336 9 10 0.022944186 
955 225 7 9 0.022943916 
812 578 120 97 0.022931011 
76 28 8 7 0.02293004 
360 53 5 6 0.022929061 
621 79 6 7 0.022928553 
696 106 8 6 0.022924678 
888 34 9 7 0.022912886 
754 158 25 27 0.022901569 
360 74 4 4 0.022878462 
685 102 23 21 0.022873107 
254 95 9 9 0.022872265 
180 106 5 6 0.02287114 
956 292 4 5 0.022864787 
162 330 5 6 0.022862438 
544 84 7 7 0.0228597 
873 220 20 24 0.022850858 
740 263 12 11 0.022846613 
41 544 22 20 0.022844793 
901 322 21 20 0.022833642 
714 268 12 13 0.022828257 
425 282 15 20 0.022827057 
588 476 21 22 0.022814056 
946 72 8 9 0.022810528 
408 172 8 12 0.022798859 
17 558 10 9 0.022796204 
340 62 3 4 0.022795498 
435 178 7 10 0.02278328 
374 164 4 6 0.022768596 
723 97 19 25 0.02275959 
328 162 5 6 0.02275387 
783 87 5 4 0.022752214 
563 436 26 32 0.02275097 
860 343 4 5 0.022750605 
702 232 12 11 0.022749698 
455 237 6 9 0.02274177 
842 590 11 8 0.02273866 
353 81 4 4 0.022738632 
994 362 4 4 0.02273627 
740 34 10 8 0.022734797 
762 79 6 6 0.02272967 
728 288 10 10 0.022723844 
812 329 6 7 0.022719707 
820 329 4 6 0.022718625 
301 591 7 7 0.022710932 
447 155 8 8 0.022706179 
112 375 11 12 0.022705032 
946 27 9 8 0.022697013 
518 397 25 25 0.022694374 
936 246 6 6 0.022693746 
956 429 9 12 0.022689328 
999 315 5 7 0.022686126 
338 111 6 6 0.022683267 
73 390 12 14 0.022682603 
86 47 20 20 0.022673083 
1013 298 5 6 0.022663008 
753 161 10 10 0.022659963 
873 348 4 5 0.022649612 
360 523 24 30 0.022643229 
462 161 8 9 0.022642583 
-1 435 36 58 0.022636509 
965 385 6 8 0.02263558 
566 528 5 5 0.022632316 
575 526 7 8 0.02261811 
567 566 26 23 0.022616116 
943 208 6 6 0.022616021 
467 175 7 8 0.022612069 
446 257 9 11 0.022609351 
653 111 7 9 0.022608751 
651 179 9 9 0.022591349 
121 60 6 6 0.022588408 
339 85 5 5 0.022583589 
304 288 9 15 0.022578869 
626 385 9 9 0.022572136 
720 70 11 9 0.022571683 
903 297 5 7 0.022571601 
422 172 9 12 0.022567434 
4 36 8 12 0.022565272 
871 59 5 6 0.022559954 
920 41 8 7 0.02255894 
844 390 10 10 0.022539532 
558 535 4 5 0.022537226 
829 312 4 4 0.022537105 
562 35 22 23 0.022530878 
743 54 6 6 0.022529563 
934 230 23 23 0.022529403 
378 181 5 8 0.022528786 
345 513 8 10 0.022524906 
181 163 4 5 0.022513136 
542 40 9 8 0.022501867 
156 369 23 26 0.022497948 
522 553 24 22 0.022496918 
619 154 8 8 0.022491865 
813 353 6 7 0.022484887 
887 182 30 22 0.022484673 
76 9 22 20 0.022483554 
577 468 22 22 0.022482025 
541 528 23 23 0.022455348 
680 191 13 12 0.022455065 
881 210 9 10 0.022449309 
840 359 5 7 0.022446504 
946 140 7 9 0.022444135 
48 445 25 36 0.022438543 
293 378 47 48 0.022432381 
811 96 8 10 0.022422932 
54 544 12 10 0.022412598 
807 115 7 10 0.022406476 
721 61 8 7 0.02240293 
770 62 5 4 0.022400705 
387 132 3 4 0.022390064 
812 78 6 9 0.022385968 
987 603 51 59 0.02237894 
566 389 13 14 0.022377962 
427 127 8 11 0.022376541 
880 142 11 11 0.022374904 
988 355 4 5 0.022372406 
701 52 24 20 0.022370698 
703 200 23 24 0.022363951 
339 578 28 27 0.022363171 
527 403 12 14 0.022347383 
1012 360 7 8 0.022345778 
365 216 8 11 0.022343088 
620 106 7 6 0.022341037 
768 174 9 10 0.022340175 
720 289 9 10 0.022335548 
937 292 4 4 0.022327682 
953 33 8 8 0.022321936 
793 463 7 6 0.022321409 
269 418 7 7 0.022297097 
647 162 7 6 0.02228417 
443 261 21 28 0.022283962 
902 239 6 6 0.02227437 
369 206 9 11 0.022270124 
547 477 4 4 0.022267282 
878 342 4 6 0.022264248 
558 541 5 4 0.022258626 
972 368 5 6 0.022249393 
381 475 80 80 0.022236865 
622 85 5 6 0.02223591 
570 84 7 7 0.022235524 
954 423 6 9 0.022231584 
461 250 7 9 0.022230921 
561 558 7 8 0.02223026 
574 62 23 24 0.022227775 
908 28 9 6 0.022226112 
665 497 5 4 0.022221752 
641 80 6 6 0.022207787 
542 414 11 15 0.022195889 
565 541 5 5 0.022193808 
901 52 8 9 0.022182154 
642 112 17 26 0.02218107 
440 149 8 9 0.022174818 
390 463 8 13 0.022169441 
421 154 8 9 0.022159593 
210 515 22 21 0.02215953 
368 293 12 15 0.02215227 
360 112 5 6 0.022149691 
285 568 14 15 0.022148618 
812 71 6 9 0.02214778 
393 132 3 4 0.022145132 
75 370 10 12 0.022127183 
901 258 22 22 0.022123737 
957 614 11 11 0.022121059 
553 382 22 28 0.02211952 
781 60 6 6 0.022103554 
811 109 7 11 0.022093162 
779 207 8 8 0.02207588 
929 202 6 5 0.02205617 
696 111 9 7 0.022050314 
790 107 3 4 0.022050124 
448 193 7 8 0.022043016 
806 128 7 10 0.022040086 
82 58 22 23 0.022037974 
760 73 8 6 0.02203745 
622 106 21 25 0.02203727 
524 231 8 9 0.022032296 
950 184 11 11 0.022023255 
658 61 6 6 0.022022825 
713 128 17 25 0.022018636 
678 497 6 5 0.022016319 
537 79 7 8 0.0220085 
538 399 22 28 0.02200804 
348 82 4 3 0.022003997 
909 355 5 5 0.02199917 
402 467 25 26 0.021998212 
261 403 9 8 0.02198962 
780 200 7 8 0.021981757 
901 148 9 10 0.021980777 
722 353 9 11 0.02197717 
741 143 10 15 0.021976545 
427 266 20 28 0.021974178 
338 590 6 7 0.02197361 
300 417 7 7 0.021971699 
524 249 11 10 0.02197082 
623 222 5 4 0.021969838 
811 562 24 17 0.021964751 
639 361 27 34 0.02195459 
914 28 9 6 0.021943169 
807 109 7 10 0.021941757 
781 53 6 6 0.021934927 
768 98 20 26 0.02193406 
288 593 6 6 0.021929406 
332 117 7 9 0.021925163 
368 352 9 11 0.021924784 
390 187 6 8 0.021916423 
296 425 5 6 0.021915758 
489 124 98 107 0.021896131 
572 378 13 12 0.0218951 
325 213 7 8 0.021893324 
95 21 8 7 0.021891557 
284 321 7 9 0.021891467 
488 342 24 25 0.021890702 
562 552 8 8 0.021887617 
605 476 28 26 0.021880683 
447 521 9 10 0.021873191 
687 181 12 14 0.021861738 
947 63 8 10 0.021861728 
727 213 13 11 0.021857373 
368 87 12 12 0.02185628 
455 227 5 6 0.02185084 
218 362 6 5 0.02184972 
993 297 5 7 0.021842826 
700 268 11 13 0.021841688 
231 363 6 6 0.021838034 
641 370 7 12 0.021834519 
555 395 11 14 0.02183432 
839 299 4 4 0.021827085 
716 282 9 10 0.0218245 
406 147 18 26 0.021810103 
367 63 4 5 0.021809444 
455 123 8 9 0.02180194 
458 401 26 26 0.021795757 
101 391 9 11 0.0217944 
75 65 8 8 0.021793623 
129 72 7 7 0.021786503 
534 356 47 54 0.021782849 
556 419 10 16 0.021779735 
922 202 7 6 0.021779498 
742 187 11 15 0.0217771 
707 105 19 22 0.021775952 
11 313 7 11 0.021771716 
460 110 8 8 0.021768082 
633 33 20 25 0.021767104 
924 61 12 11 0.021765979 
689 135 9 10 0.02176137 
652 46 8 8 0.021760363 
550 566 8 7 0.021759365 
634 35 7 6 0.021759091 
397 417 8 11 0.021756813 
806 122 7 10 0.021754747 
39 346 15 15 0.021753777 
782 120 6 6 0.02174571 
423 314 15 15 0.021745246 
781 67 6 5 0.021742295 
903 246 6 6 0.021735132 
269 27 7 7 0.021726985 
515 410 12 12 0.021725874 
612 144 11 11 0.021718161 
256 416 7 11 0.021714745 
667 359 6 10 0.021712294 
304 234 4 6 0.021705013 
954 417 5 8 0.021703208 
946 33 9 8 0.02170253 
626 167 8 8 0.021694565 
633 378 10 10 0.021682767 
385 382 38 57 0.021680817 
910 246 5 5 0.021676622 
657 179 10 10 0.021673543 
914 205 19 19 0.021670936 
812 58 6 9 0.02166849 
590 195 5 6 0.021665154 
2 326 10 19 0.021661274 
921 27 9 7 0.021651972 
821 560 6 5 0.02165008 
811 90 7 10 0.021645626 
251 313 20 24 0.021644147 
249 635 29 21 0.021643851 
478 496 7 6 0.021642968 
597 482 24 29 0.02163989 
531 91 19 20 0.021627529 
960 410 6 9 0.021626987 
384 78 7 6 0.021617858 
909 231 8 8 0.021610983 
114 15 22 22 0.02160219 
65 80 6 6 0.021601304 
926 27 10 7 0.021595325 
758 135 13 16 0.021592462 
561 564 9 9 0.02159112 
555 84 7 8 0.021566033 
488 464 5 5 0.021565156 
113 267 26 23 0.02156074 
632 104 8 7 0.021556783 
134 329 6 7 0.02154374 
598 254 18 27 0.021543415 
690 92 23 23 0.02153689 
911 184 27 21 0.021536475 
891 298 4 5 0.021534381 
419 124 11 14 0.02153333 
360 117 5 7 0.02153239 
5 51 6 11 0.021525856 
981 362 4 5 0.021510143 
51 395 30 31 0.021507204 
991 162 26 23 0.02150681 
380 132 3 4 0.021506494 
282 291 8 13 0.021502852 
627 40 7 7 0.021491854 
270 560 5 5 0.021488864 
143 373 4 7 0.021479104 
157 55 3 5 0.021478511 
439 133 8 11 0.021478452 
586 418 13 15 0.021477802 
350 110 7 8 0.021475129 
304 139 3 4 0.021471327 
479 430 6 9 0.021469818 
948 178 10 11 0.021468582 
705 185 22 25 0.021464627 
748 238 25 22 0.021463506 
646 169 8 7 0.021458829 
70 28 7 7 0.021452913 
374 80 7 8 0.021449829 
741 299 9 10 0.021439247 
409 127 9 11 0.021436075 
250 367 7 7 0.021432701 
673 502 6 4 0.021425616 
386 150 4 5 0.021416606 
385 157 5 5 0.021414481 
67 383 11 13 0.021414163 
731 74 22 27 0.021411518 
249 573 63 48 0.021410998 
950 292 3 5 0.02141097 
290 577 24 27 0.021409633 
811 334 7 8 0.021406755 
628 85 5 6 0.021404121 
616 203 4 5 0.021400675 
986 617 6 7 0.02139983 
666 163 7 6 0.021398315 
575 21 8 6 0.021396419 
911 292 4 4 0.02139595 
101 399 9 9 0.021394866 
230 395 23 22 0.021392683 
1003 175 10 8 0.021385372 
793 115 5 8 0.021384453 
328 127 83 107 0.02138271 
715 117 6 8 0.021375395 
4 392 43 77 0.021371711 
471 504 25 24 0.02136902 
842 101 100 108 0.02136706 
23 358 10 12 0.02136501 
781 176 6 6 0.021356706 
875 229 8 11 0.021355344 
114 303 7 7 0.021352565 
377 206 7 9 0.021351108 
352 514 6 8 0.021343378 
996 112 9 8 0.021343 
132 334 8 9 0.021339545 
303 561 4 5 0.021331765 
287 319 9 13 0.021330332 
382 293 8 11 0.021326574 
411 109 6 9 0.021324297 
626 28 21 20 0.021316051 
941 211 8 9 0.021310033 
784 107 3 5 0.021308687 
933 226 9 7 0.021308385 
564 547 6 6 0.021298926 
391 174 5 8 0.02129412 
836 111 7 10 0.021292374 
948 297 5 7 0.021289274 
0 282 6 10 0.021279722 
563 78 6 8 0.021275463 
726 157 41 48 0.021273762 
797 446 51 54 0.021272644 
506 464 6 6 0.021271804 
717 173 9 10 0.021270402 
538 84 6 7 0.021268934 
715 65 10 8 0.021266593 
434 496 23 26 0.021257944 
610 471 6 6 0.021255003 
591 444 24 28 0.021246424 
824 572 9 6 0.02124574 
63 60 21 21 0.021243885 
608 214 6 6 0.021241637 
871 85 6 7 0.021239806 
535 547 24 21 0.021236537 
260 398 81 103 0.021234693 
417 455 28 31 0.021234525 
135 348 6 8 0.021234466 
181 183 5 5 0.02122743 
601 540 8 7 0.02122739 
355 55 4 5 0.02121738 
999 298 4 5 0.021215536 
563 21 8 6 0.0212148 
487 442 6 8 0.021213891 
679 502 6 4 0.02121197 
781 80 6 5 0.021210164 
572 363 26 25 0.021207511 
910 298 4 5 0.021204324 
1004 184 12 12 0.021202723 
254 65 8 8 0.021192154 
460 175 7 7 0.021187449 
349 62 3 4 0.021181945 
832 323 5 5 0.021175506 
113 356 11 13 0.021173727 
448 187 8 8 0.02117085 
1015 464 11 13 0.02117003 
733 301 9 10 0.021165714 
459 180 8 9 0.021153294 
447 200 7 9 0.021152997 
770 534 5 5 0.021146955 
144 120 3 4 0.02114478 
695 193 10 10 0.02114378 
336 117 7 9 0.021136975 
322 373 26 27 0.021136632 
176 128 8 10 0.021125242 
558 523 5 4 0.02112203 
881 585 9 6 0.021119893 
647 110 8 10 0.021116596 
933 139 18 26 0.02110498 
569 28 7 6 0.021098128 
354 524 7 10 0.021098029 
632 88 21 25 0.021094518 
920 34 9 7 0.021087794 
634 202 5 5 0.021085855 
410 367 22 33 0.021079073 
769 496 7 5 0.021075085 
547 70 19 23 0.021074386 
962 297 4 6 0.02105964 
895 35 7 6 0.021047931 
577 412 13 15 0.02104611 
371 53 17 23 0.021032922 
933 27 9 7 0.02103275 
364 364 10 10 0.021032127 
267 187 8 8 0.02103037 
702 210 11 14 0.021027822 
75 328 9 9 0.021027606 
747 76 22 26 0.021011418 
711 289 7 9 0.021005547 
263 560 6 6 0.021003488 
463 226 5 6 0.021000858 
1018 115 8 10 0.021000702 
552 529 5 5 0.0209872 
11 398 25 31 0.020978505 
724 263 54 48 0.020968465 
72 378 23 32 0.020965625 
325 236 8 11 0.020958545 
904 292 5 5 0.020952906 
934 188 6 6 0.020952314 
783 529 4 4 0.020951072 
964 626 13 11 0.020942105 
708 155 8 9 0.020938942 
605 63 21 24 0.020930856 
45 46 22 22 0.020928597 
533 354 24 28 0.020926319 
50 35 22 20 0.020924717 
731 260 15 16 0.020912465 
172 380 8 8 0.020906312 
604 563 10 11 0.020901712 
4 552 22 22 0.020899968 
254 409 8 10 0.020891992 
99 131 8 9 0.020888109 
218 327 27 26 0.020885658 
478 518 13 12 0.020882916 
902 27 8 7 0.020879444 
807 346 7 9 0.020878622 
934 207 6 7 0.020870823 
79 80 5 5 0.02086539 
952 399 8 9 0.020865245 
434 162 7 8 0.020864753 
680 490 6 5 0.020864617 
333 107 6 6 0.020864533 
906 128 13 12 0.020863354 
729 60 9 8 0.020862186 
105 349 12 13 0.020861782 
793 123 6 9 0.020860739 
379 65 4 6 0.020858537 
130 33 6 7 0.02085517 
760 15 22 20 0.020852135 
115 316 6 7 0.020850055 
237 314 22 25 0.020847823 
135 360 5 7 0.020847702 
122 54 23 22 0.020843873 
324 186 7 10 0.020842807 
781 49 5 5 0.020835612 
103 29 6 6 0.02083495 
407 119 20 26 0.020832052 
54 356 13 14 0.020831218 
467 72 7 7 0.020831117 
21 557 12 9 0.020830533 
914 15 23 18 0.02082991 
105 48 20 21 0.02082559 
991 90 25 27 0.02082455 
244 106 207 199 0.020823712 
581 78 21 21 0.020823644 
452 78 8 9 0.020816524 
940 153 7 10 0.02081494 
967 378 6 8 0.020807803 
13 495 6 7 0.020799609 
404 173 6 11 0.020798042 
288 560 7 6 0.02079421 
222 593 23 19 0.020791095 
680 111 5 7 0.02078913 
266 274 9 13 0.020788396 
452 179 9 10 0.020784548 
649 261 31 22 0.020782275 
353 98 6 7 0.020776818 
867 54 4 6 0.02077257 
721 27 10 8 0.02075914 
503 359 27 31 0.020758614 
84 79 5 6 0.020757968 
408 63 23 26 0.020756124 
814 259 5 6 0.020754667 
406 479 25 28 0.020754531 
750 265 13 14 0.02075395 
892 291 4 5 0.020748325 
915 240 6 6 0.020743739 
762 482 6 6 0.020731311 
571 521 5 6 0.020725025 
385 118 5 7 0.020724056 
873 298 4 6 0.020721637 
955 297 4 6 0.02071584 
182 176 4 5 0.020712383 
961 65 5 7 0.020712338 
944 223 20 24 0.020705726 
234 552 24 23 0.02070405 
477 524 12 11 0.02070109 
952 197 10 12 0.020690456 
519 231 8 9 0.020687567 
435 495 9 10 0.020686992 
283 554 5 6 0.020685643 
327 175 5 7 0.020680783 
160 344 22 25 0.020678746 
742 45 9 9 0.02067504 
402 408 9 14 0.020673634 
898 153 12 11 0.020669442 
755 279 21 24 0.020667946 
606 551 9 9 0.020665793 
756 85 6 6 0.020663729 
256 497 6 5 0.02066061 
581 28 8 6 0.020642215 
691 106 8 6 0.020627884 
102 21 7 7 0.020623632 
871 49 5 6 0.02062007 
710 282 8 10 0.020618347 
945 227 8 8 0.020610001 
783 92 5 5 0.02060845 
11 357 9 15 0.02060734 
1004 361 5 5 0.020606214 
448 148 7 9 0.02060613 
844 586 8 6 0.020599872 
653 84 5 7 0.020594303 
926 256 23 23 0.020593308 
203 484 23 20 0.020591905 
630 145 41 52 0.020590408 
269 387 6 6 0.020587225 
1000 315 16 19 0.020586096 
766 179 10 13 0.020576512 
365 118 6 7 0.020573307 
260 610 28 21 0.020564517 
417 320 26 29 0.020560747 
782 29 5 6 0.02056059 
614 565 7 8 0.020558981 
931 292 3 5 0.020558663 
187 99 5 6 0.020557974 
263 325 8 10 0.020557519 
940 188 5 7 0.020556282 
735 117 20 26 0.020555802 
769 86 5 5 0.02055053 
821 335 5 6 0.020549065 
248 544 23 23 0.020545859 
63 46 20 18 0.02054471 
717 85 7 7 0.020543061 
293 592 8 7 0.020542255 
129 40 6 7 0.020542223 
915 208 9 8 0.020541498 
953 137 7 7 0.020539086 
685 266 24 27 0.02053284 
384 86 6 6 0.02052726 
706 101 5 5 0.02052561 
946 384 7 8 0.020525321 
631 47 10 10 0.02052506 
92 129 11 11 0.020520777 
295 394 21 21 0.020517936 
445 511 11 12 0.020517873 
930 61 11 12 0.020510111 
727 27 10 8 0.020506565 
942 245 6 7 0.02050551 
812 52 6 9 0.020505184 
808 103 6 10 0.020504428 
779 193 7 9 0.02049889 
597 561 13 14 0.020498112 
551 535 5 5 0.020492772 
779 132 8 10 0.020492028 
564 215 6 5 0.020486964 
305 410 11 11 0.020478832 
262 423 8 10 0.020478293 
29 357 11 13 0.02047821 
723 292 22 26 0.020477518 
876 334 6 9 0.020476554 
435 192 8 9 0.020475488 
935 163 6 7 0.02047418 
960 49 5 5 0.020467417 
361 151 3 4 0.020466633 
461 65 7 8 0.020465251 
812 66 6 8 0.02046177 
50 65 8 8 0.020460552 
844 573 7 6 0.020458622 
50 392 10 9 0.020457884 
869 75 20 25 0.02045445 
923 176 5 5 0.020454291 
871 239 6 7 0.020451415 
542 446 10 14 0.020450234 
353 87 5 4 0.020443974 
392 99 5 5 0.020443857 
908 40 8 6 0.020441458 
475 258 5 8 0.020436514 
549 28 8 7 0.020435495 
1003 459 10 13 0.020432672 
755 71 8 7 0.020429112 
604 361 32 30 0.020428864 
364 97 9 9 0.020420106 
568 22 9 6 0.020415194 
548 370 10 16 0.020409375 
732 75 11 11 0.02040635 
602 483 6 5 0.020399552 
150 376 20 27 0.020393841 
695 146 9 10 0.020393545 
620 245 20 24 0.020392638 
876 34 7 6 0.02039023 
879 292 5 5 0.020387495 
882 230 20 24 0.020378843 
406 419 23 30 0.02037635 
280 592 9 8 0.02037351 
346 200 7 8 0.020367095 
614 463 8 8 0.020357352 
936 413 5 8 0.020353582 
995 116 10 10 0.02034883 
428 116 7 8 0.020343501 
889 75 20 25 0.020343201 
1005 86 7 7 0.020342477 
987 297 4 7 0.02034112 
379 300 22 26 0.020340541 
74 52 21 22 0.020338865 
296 416 6 8 0.02033646 
556 22 7 5 0.020334918 
337 83 22 24 0.020331258 
435 110 6 7 0.020327428 
103 366 26 29 0.020324077 
249 60 8 7 0.02032316 
754 29 9 6 0.02032035 
729 294 9 10 0.02031898 
36 551 9 9 0.02031103 
775 48 6 6 0.020310495 
61 551 10 8 0.02031037 
13 563 8 9 0.020310301 
311 290 11 18 0.020298315 
118 329 23 24 0.020288508 
940 128 10 11 0.020283643 
603 476 6 6 0.02028104 
715 77 8 8 0.02027809 
562 71 8 9 0.020278007 
333 221 5 6 0.020276928 
328 591 7 7 0.020270167 
610 535 6 5 0.020268347 
558 548 5 5 0.020267852 
564 70 20 23 0.02026354 
982 742 13 12 0.020256368 
238 367 7 7 0.020256087 
152 470 10 8 0.02025487 
598 556 11 11 0.020247055 
338 551 23 28 0.020246947 
395 290 23 29 0.020245485 
281 566 8 7 0.020242648 
721 32 10 9 0.020236522 
769 189 22 26 0.020236203 
250 355 20 22 0.020234177 
576 488 7 6 0.020233264 
605 544 10 10 0.020232746 
354 150 3 5 0.020230109 
683 68 86 96 0.020229291 
825 560 7 5 0.020221092 
1004 168 10 8 0.020217072 
416 98 7 8 0.02021296 
939 73 9 9 0.020210465 
339 56 4 4 0.02021 
566 534 5 6 0.020207414 
733 281 11 11 0.020202378 
345 165 18 23 0.020200854 
814 252 4 6 0.020200144 
392 182 4 7 0.02019969 
870 229 8 11 0.020197667 
531 226 7 9 0.02019342 
115 29 7 6 0.02019157 
271 601 26 21 0.020188503 
952 200 18 22 0.020188306 
592 92 23 20 0.020182546 
703 155 8 9 0.020182133 
551 553 7 5 0.020182084 
378 232 6 8 0.020179708 
299 408 25 25 0.020176781 
251 341 5 6 0.020172056 
592 410 9 10 0.020168452 
846 578 7 5 0.02016779 
393 499 23 33 0.020166771 
216 378 9 9 0.020165406 
705 351 22 23 0.020159192 
280 571 11 12 0.020157833 
985 637 8 8 0.020156354 
461 73 6 6 0.020156037 
115 384 9 10 0.02015576 
865 317 17 21 0.02015124 
741 99 22 26 0.02014958 
940 383 7 9 0.020147879 
813 360 6 8 0.020147135 
392 161 6 8 0.020145088 
647 134 8 11 0.020144688 
608 482 7 6 0.020143677 
261 256 8 10 0.020137431 
1 76 6 9 0.020135975 
150 61 3 5 0.02013575 
736 124 6 8 0.020129759 
279 403 8 9 0.020128984 
322 155 5 7 0.020127999 
874 219 9 10 0.02012448 
229 465 22 20 0.020123541 
93 327 16 12 0.020119606 
715 275 11 12 0.020118263 
-68 -222 403 494 0.020117763 
427 134 8 11 0.020113943 
796 530 3 3 0.020110551 
643 359 6 11 0.020105813 
128 28 7 7 0.020105224 
599 654 12 9 0.020102747 
808 316 6 7 0.02010174 
388 421 8 11 0.020098975 
511 405 48 50 0.020098358 
678 122 6 10 0.020095533 
987 628 7 8 0.020094642 
762 85 6 6 0.020090114 
715 161 9 10 0.020089913 
250 53 6 7 0.02008634 
915 237 21 24 0.020084953 
639 155 7 7 0.020082455 
686 129 7 9 0.020080093 
769 68 6 5 0.020070657 
928 176 5 5 0.020068279 
127 382 20 28 0.020065987 
958 220 9 13 0.020058518 
648 39 7 8 0.020057326 
916 142 18 24 0.020057013 
429 110 7 8 0.02005654 
811 115 7 10 0.020052642 
411 98 5 7 0.020052597 
564 520 6 6 0.020050017 
703 205 8 10 0.020047722 
392 67 5 5 0.02004692 
587 364 28 30 0.020043952 
572 507 21 29 0.020043952 
593 416 10 12 0.020038515 
6 349 8 14 0.020031368 
579 580 16 13 0.020027582 
946 417 7 8 0.020025153 
878 48 5 6 0.020025149 
306 352 78 80 0.020023571 
940 33 8 8 0.020019418 
826 372 8 8 0.020015668 
889 218 7 10 0.020010002 
982 735 13 13 0.020008944 
373 526 23 30 0.020000502 
