36_Football_americanfootball_ball_36_111
41
470 115 135 181 0.9984914 
523 670 177 343 0.1590665 
257 452 101 274 0.11141099 
694 505 100 202 0.069633454 
590 332 399 717 0.05426075 
658 416 206 378 0.052833226 
372 120 419 628 0.038095593 
729 293 50 98 0.034215398 
-292 -2 186 359 0.033898886 
51 436 247 512 0.033040047 
734 870 28 45 0.030080812 
1097 -3 350 348 0.029824404 
1037 831 514 803 0.029540818 
1014 1431 67 127 0.028242271 
537 1458 12 17 0.027693983 
332 456 53 123 0.027389683 
700 264 54 105 0.02624424 
610 482 12 15 0.025615906 
344 1408 29 43 0.024902167 
549 1448 17 23 0.02370835 
611 492 11 13 0.022830704 
349 586 4 8 0.022734204 
416 1273 45 54 0.02266629 
348 572 5 12 0.022661315 
374 1144 68 112 0.02250361 
-298 1113 218 522 0.022256522 
534 1461 37 55 0.022240542 
336 867 67 99 0.022149479 
673 540 8 12 0.021755796 
601 493 11 14 0.021677114 
349 594 5 8 0.021584347 
673 552 8 12 0.021389138 
505 1081 106 186 0.021288842 
533 1405 12 22 0.021072935 
1041 41 529 827 0.0210001 
348 604 6 11 0.020790078 
529 1443 14 23 0.02070276 
445 1303 10 11 0.020538885 
979 710 8 12 0.020222967 
601 477 62 95 0.020083947 
355 592 5 9 0.02003781 
