36_Football_americanfootball_ball_36_526
28
618 172 115 133 0.9979672 
241 345 141 195 0.55980504 
530 678 25 34 0.1178183 
512 682 29 33 0.09354638 
494 268 169 162 0.08139056 
505 669 25 34 0.06013493 
487 252 91 64 0.056474913 
605 291 212 234 0.04775092 
357 448 20 25 0.03987987 
503 693 28 33 0.039572492 
174 228 255 362 0.03804605 
510 278 92 83 0.03654198 
545 682 14 18 0.0349664 
522 269 12 19 0.029794257 
773 267 65 51 0.029472327 
542 692 23 32 0.027220171 
529 309 28 33 0.025438985 
315 393 89 119 0.025392337 
859 125 93 100 0.023631169 
342 431 46 56 0.023572972 
435 242 312 330 0.023116536 
526 249 24 33 0.022656016 
534 677 14 19 0.022596162 
742 315 91 76 0.02135639 
500 711 26 38 0.02128005 
503 696 13 14 0.020841328 
2 -94 38 73 0.020493636 
514 702 23 38 0.02002765 
