36_Football_americanfootball_ball_36_321
107
513 182 117 127 0.96738327 
651 335 157 126 0.77726907 
373 345 222 194 0.17106454 
629 167 380 282 0.16802095 
340 141 25 43 0.12176554 
15 27 351 333 0.11492056 
260 107 178 174 0.09031296 
100 72 195 173 0.08878553 
397 474 418 367 0.06743784 
717 374 382 284 0.066612415 
334 181 83 99 0.06118767 
369 220 25 44 0.05690698 
308 168 376 313 0.050601974 
366 138 178 155 0.05040941 
383 169 113 72 0.048000295 
333 163 29 40 0.047292095 
193 68 95 111 0.044150688 
806 459 201 157 0.043517657 
27 198 425 446 0.042803925 
787 64 116 124 0.04145223 
4 -127 132 126 0.04125499 
723 385 116 86 0.039575856 
464 203 11 12 0.037993256 
457 203 11 11 0.03773609 
735 329 116 84 0.0370817 
442 201 26 32 0.036913473 
377 222 62 67 0.03641468 
301 139 71 103 0.03637879 
384 177 10 17 0.036214948 
498 397 27 34 0.035187624 
373 177 59 46 0.03513796 
755 103 198 194 0.034911953 
460 565 127 95 0.034858994 
449 196 14 13 0.034530662 
883 603 150 91 0.034332436 
451 131 29 30 0.033833496 
982 444 51 42 0.032796305 
855 480 52 39 0.03274334 
-70 340 384 502 0.032027856 
424 172 28 25 0.031652715 
417 231 16 24 0.03083899 
595 316 348 227 0.030740967 
328 150 22 35 0.030558288 
98 592 101 107 0.030267557 
725 615 447 383 0.02958153 
407 476 121 84 0.02951972 
748 37 74 140 0.028364457 
661 366 86 69 0.027676173 
464 196 10 11 0.026919112 
413 163 25 25 0.026360285 
103 21 44 49 0.026144315 
444 202 15 13 0.026068227 
444 182 31 27 0.026008422 
458 219 12 15 0.025977146 
76 117 115 111 0.025815584 
318 153 20 32 0.025242014 
413 131 81 78 0.025213497 
438 210 14 18 0.025136182 
10 69 83 109 0.025117213 
339 191 26 35 0.025030205 
450 217 14 17 0.025007809 
322 225 33 38 0.024991922 
324 188 25 33 0.024831787 
463 212 13 16 0.02477512 
855 -146 264 160 0.024562232 
360 243 28 39 0.0240535 
868 112 24 26 0.023991764 
629 -99 397 424 0.023751188 
208 58 357 300 0.02372352 
386 233 13 22 0.02363075 
46 48 24 29 0.023591945 
771 449 126 108 0.023587996 
755 270 119 102 0.02355147 
444 142 29 34 0.023519577 
821 381 26 29 0.023431908 
328 205 14 20 0.022903485 
413 213 13 15 0.02285979 
240 358 107 92 0.022693187 
467 395 28 30 0.022564307 
859 470 29 32 0.022547536 
781 418 68 55 0.022394938 
441 366 121 101 0.022322768 
965 349 22 26 0.022289429 
421 191 33 28 0.022234574 
861 499 36 31 0.022230322 
442 190 15 13 0.022037774 
47 26 51 47 0.02173188 
944 416 105 74 0.021715757 
401 230 12 20 0.021715062 
859 532 252 196 0.021600313 
425 242 14 18 0.02157116 
396 182 8 14 0.021454064 
373 600 97 96 0.021421941 
411 238 15 23 0.021258857 
467 109 25 36 0.021168258 
402 171 25 25 0.021103008 
413 180 31 25 0.020895218 
349 212 11 16 0.020869782 
364 268 25 28 0.020754037 
378 209 23 41 0.020712359 
432 157 11 13 0.0205922 
448 111 23 35 0.02054421 
471 209 9 12 0.02048393 
765 331 60 45 0.020373823 
417 249 15 19 0.020229297 
316 199 24 36 0.020096563 
495 558 27 29 0.020064075 
