36_Football_americanfootball_ball_36_279
602
482 291 83 121 0.8102577 
530 300 108 120 0.4507486 
592 325 62 76 0.38385338 
450 181 71 67 0.19836847 
791 266 96 161 0.19510326 
846 51 345 447 0.1789059 
573 511 369 465 0.15023254 
332 120 30 36 0.12794246 
382 146 43 65 0.11462631 
627 317 49 62 0.10798724 
-41 461 354 518 0.08796318 
33 733 445 548 0.08255945 
264 576 364 443 0.07988085 
407 125 49 52 0.07962623 
725 462 51 65 0.079328924 
351 924 117 147 0.0730201 
676 712 354 385 0.07145565 
207 117 414 430 0.07138663 
60 100 163 205 0.07093612 
750 96 197 308 0.07043685 
708 398 85 104 0.07031881 
570 243 359 418 0.068228185 
587 365 36 41 0.065000355 
582 341 32 44 0.0643645 
744 358 104 98 0.0641988 
846 12 214 164 0.06418743 
729 703 120 123 0.06309558 
318 101 81 105 0.060605887 
520 75 113 127 0.05899261 
637 344 27 40 0.057677556 
859 4 48 62 0.056453068 
345 636 211 222 0.055469975 
345 691 118 84 0.054811772 
293 131 184 211 0.054731827 
524 328 56 78 0.054293577 
653 330 23 34 0.054185722 
664 346 70 111 0.05315607 
-27 530 179 287 0.052142598 
602 379 30 37 0.051487744 
862 828 52 56 0.05119333 
912 -1 31 36 0.05084457 
994 -11 98 101 0.050818432 
795 626 115 101 0.050579984 
618 645 114 115 0.050467383 
236 38 206 210 0.048451412 
354 228 196 214 0.04829645 
112 82 100 122 0.048096612 
406 782 32 31 0.046461273 
554 272 164 195 0.046125453 
309 101 47 70 0.045781557 
1 572 84 137 0.045533136 
-89 56 342 505 0.045382112 
344 885 52 54 0.044735346 
896 846 87 116 0.044548526 
367 104 96 93 0.044458 
710 467 92 120 0.0436714 
379 366 397 506 0.043026842 
351 654 56 42 0.042873394 
329 720 49 66 0.042815436 
691 776 118 115 0.042466357 
883 -6 102 90 0.042177822 
357 178 52 56 0.042068787 
327 196 93 118 0.041256502 
615 320 29 51 0.04113878 
373 486 110 91 0.041062847 
575 326 26 34 0.04085784 
942 -2 35 38 0.040843952 
553 278 17 14 0.040265832 
412 147 48 67 0.040205978 
600 337 28 44 0.040115483 
672 344 169 214 0.040096033 
348 538 113 112 0.03999266 
346 784 204 259 0.039736558 
347 285 116 104 0.039734814 
12 282 48 62 0.039657503 
629 333 13 24 0.039126035 
452 752 130 147 0.039069302 
658 450 178 238 0.038886063 
217 258 53 73 0.03881102 
296 76 56 61 0.038367808 
299 135 52 87 0.038092274 
6 252 101 116 0.038072605 
608 344 13 24 0.038012505 
637 346 12 19 0.037745338 
342 133 38 39 0.037668068 
368 741 99 90 0.037650794 
347 197 34 35 0.03710264 
835 149 50 83 0.03709563 
412 92 6 7 0.03695888 
274 58 116 101 0.036276188 
771 501 27 45 0.03622276 
725 437 33 49 0.036044285 
319 166 48 71 0.036035918 
409 301 60 69 0.0360296 
592 366 17 19 0.035870902 
439 163 341 376 0.03570453 
967 997 25 29 0.035279006 
968 1043 31 35 0.03498376 
408 96 52 43 0.034947466 
805 92 98 138 0.034875896 
395 634 140 100 0.034466393 
209 156 98 135 0.03442699 
871 12 21 38 0.034174822 
628 -23 437 378 0.034132387 
798 198 98 144 0.034031216 
336 684 64 59 0.033661913 
351 150 36 38 0.033315975 
637 327 11 19 0.03313922 
557 328 24 31 0.033048596 
435 168 28 34 0.032998163 
406 123 109 104 0.032921575 
601 339 12 20 0.032615446 
499 379 34 36 0.032141477 
595 351 12 16 0.032134943 
268 200 25 30 0.031952832 
740 413 33 37 0.031866748 
789 807 29 36 0.03174838 
383 205 29 37 0.03173756 
21 326 28 38 0.031672735 
353 64 5 7 0.031550378 
418 47 26 30 0.03145753 
409 93 6 7 0.031434596 
409 170 12 19 0.031379778 
352 70 5 9 0.031004136 
621 337 16 26 0.03094751 
875 23 10 18 0.030819941 
166 74 94 138 0.030764015 
432 47 26 30 0.030725393 
951 438 93 140 0.030703336 
-66 -10 196 218 0.030602789 
390 89 8 9 0.03058584 
458 594 107 98 0.030372411 
847 336 60 79 0.030317299 
653 821 121 109 0.030290747 
860 602 31 41 0.030220667 
422 85 24 25 0.030007936 
392 87 6 7 0.029913878 
616 386 10 12 0.029910646 
936 289 99 152 0.029893437 
601 374 14 16 0.029835155 
637 308 29 41 0.02951162 
899 26 9 17 0.029411012 
611 337 8 13 0.029359 
429 93 6 6 0.029285746 
1 330 212 299 0.029245613 
668 85 98 140 0.029231127 
314 50 8 8 0.02922428 
297 55 9 9 0.0291482 
788 938 6 8 0.029004136 
816 563 111 119 0.028979031 
961 1030 96 101 0.028969372 
275 183 26 33 0.028897896 
771 470 10 15 0.028869761 
772 448 97 117 0.02886262 
388 173 49 68 0.028827181 
-20 123 181 274 0.028788626 
441 93 7 7 0.028755808 
819 349 111 130 0.028713359 
284 238 56 70 0.0286917 
898 10 24 38 0.028688828 
313 55 9 10 0.028630799 
813 890 26 36 0.028579224 
365 706 472 473 0.028540237 
906 765 111 115 0.028535282 
285 69 36 37 0.028508442 
934 1071 98 88 0.028475162 
435 86 5 6 0.028396184 
408 160 27 42 0.028343778 
861 43 29 37 0.028290384 
375 880 32 31 0.028172728 
429 97 8 8 0.028064126 
478 598 7 8 0.028061677 
1000 27 7 10 0.028011708 
527 347 28 44 0.027990356 
791 804 101 101 0.027817799 
357 76 6 8 0.027802743 
422 91 7 8 0.027775805 
391 50 101 101 0.027754303 
623 373 26 41 0.027737785 
878 1 23 37 0.027712425 
380 87 5 6 0.02771168 
345 113 31 34 0.027711088 
441 62 8 9 0.027700223 
741 391 38 38 0.0276725 
399 892 102 122 0.027670406 
845 693 32 34 0.027634602 
354 734 66 63 0.027628023 
450 90 7 9 0.027596336 
410 97 9 8 0.027589694 
557 272 29 24 0.02752644 
881 513 57 89 0.027459536 
787 929 8 10 0.027377682 
330 52 6 6 0.027353808 
793 937 9 10 0.027263338 
902 996 94 102 0.02723979 
819 185 13 16 0.027229603 
318 838 100 103 0.027208809 
321 56 7 9 0.02720149 
385 804 7 9 0.027150247 
277 208 11 13 0.027107695 
827 883 137 133 0.027079202 
459 950 22 32 0.02706276 
451 952 6 9 0.027034719 
422 551 113 109 0.027019948 
512 152 9 15 0.02698646 
429 86 5 6 0.026935417 
573 359 26 36 0.026896635 
884 6 11 19 0.02687292 
477 107 6 8 0.02676204 
393 761 40 33 0.026579903 
977 1037 28 25 0.026568916 
908 25 9 14 0.02655572 
711 373 53 72 0.026518522 
462 47 24 26 0.026488278 
839 831 98 122 0.02646865 
744 69 23 27 0.026431618 
760 379 30 35 0.026392631 
892 277 209 296 0.02638492 
556 301 29 36 0.026374497 
498 593 9 8 0.026176518 
481 593 8 9 0.026162652 
543 352 27 42 0.026156224 
669 353 26 46 0.026129212 
665 581 100 125 0.026053375 
830 840 46 52 0.026016824 
913 461 11 16 0.02600292 
344 169 30 43 0.025985058 
431 140 38 36 0.025883898 
389 47 28 29 0.025722222 
601 743 235 219 0.025667919 
271 167 109 135 0.025632784 
433 93 27 26 0.025622461 
212 563 125 136 0.025549436 
590 753 84 111 0.025521168 
323 50 6 7 0.025413143 
857 1046 117 101 0.025367232 
615 340 12 21 0.025366338 
714 842 40 41 0.025337268 
266 258 52 67 0.025316259 
475 54 11 10 0.025299203 
706 272 26 31 0.025134113 
378 90 7 8 0.025116676 
912 34 12 14 0.025116554 
400 200 25 36 0.025106547 
785 338 53 78 0.025101053 
412 800 11 13 0.025045553 
622 324 14 24 0.025008284 
248 342 107 106 0.02500552 
651 986 27 24 0.025001463 
934 475 9 16 0.02499314 
434 271 54 72 0.024991265 
425 787 28 34 0.024970014 
982 -1 32 33 0.024876395 
743 494 33 45 0.024821935 
329 96 29 43 0.02473031 
414 941 53 62 0.024719896 
206 870 123 111 0.024719574 
612 811 44 62 0.024691472 
981 275 26 34 0.024683911 
748 531 24 31 0.024669444 
70 592 116 127 0.024652736 
58 533 11 13 0.024633793 
517 364 30 43 0.02455334 
885 0 9 11 0.024548138 
489 107 90 116 0.024508817 
517 924 9 9 0.024456425 
980 1015 25 27 0.024434416 
542 312 26 35 0.02443066 
758 419 34 40 0.02442751 
300 57 30 33 0.024414565 
350 770 81 112 0.024402443 
748 846 111 94 0.024393905 
787 549 8 10 0.024391936 
918 751 27 32 0.024386566 
413 928 26 31 0.024371926 
402 163 13 24 0.02434607 
422 85 5 7 0.024311922 
547 278 59 63 0.024303162 
434 62 8 9 0.024296673 
643 318 15 23 0.024271445 
632 344 49 83 0.02424939 
247 189 54 64 0.024242507 
94 313 10 14 0.024204344 
403 52 26 31 0.024185997 
520 156 5 9 0.024172055 
584 822 44 63 0.024128148 
765 542 8 11 0.024082718 
401 85 5 6 0.02407631 
447 47 24 28 0.024074372 
349 74 8 12 0.024047153 
1006 12 7 10 0.024007268 
722 494 37 46 0.023970367 
477 701 57 62 0.023955768 
229 413 46 78 0.023946395 
474 111 8 10 0.023941992 
397 579 55 62 0.023939077 
758 542 8 11 0.023928476 
334 890 99 109 0.023921497 
87 313 10 14 0.02390252 
765 849 28 33 0.023901042 
843 247 434 583 0.023873037 
413 959 31 33 0.023870004 
877 1 10 17 0.023792364 
269 208 12 13 0.02378986 
600 352 14 23 0.023761027 
551 485 26 28 0.023756584 
614 390 27 40 0.023725446 
724 420 29 39 0.023687879 
415 86 5 6 0.023668882 
399 803 24 33 0.023666017 
609 385 11 13 0.023649365 
804 826 13 18 0.023628315 
297 32 29 29 0.023617122 
792 925 12 15 0.02360255 
406 1002 8 8 0.023598349 
769 465 52 70 0.023532791 
189 217 100 131 0.023519238 
477 606 7 8 0.023506628 
769 53 24 29 0.023481073 
730 829 33 37 0.023466002 
614 350 16 25 0.02346522 
406 85 6 6 0.023454428 
783 516 25 38 0.023405574 
81 2 132 110 0.023405414 
330 55 6 8 0.02339209 
175 944 48 53 0.023389734 
766 535 7 11 0.023369981 
321 61 9 13 0.023360228 
136 293 90 143 0.023321174 
981 995 27 31 0.023303133 
470 106 7 8 0.023271061 
845 62 52 69 0.023269378 
362 100 54 52 0.023206808 
400 789 8 9 0.023189954 
254 202 25 29 0.023149846 
719 765 58 56 0.023115471 
380 80 5 5 0.023108099 
390 990 28 32 0.023096634 
469 101 6 7 0.023083637 
871 2 9 15 0.02307938 
635 385 25 41 0.023035455 
736 796 64 62 0.023029206 
870 353 25 48 0.023021415 
453 459 25 24 0.023016153 
594 320 27 37 0.02300929 
440 60 24 31 0.023008611 
72 542 9 11 0.022977911 
731 513 113 123 0.022972897 
446 485 125 119 0.022966048 
284 208 11 13 0.022964256 
329 62 8 12 0.022956247 
598 697 102 116 0.022931341 
603 780 40 60 0.022927321 
461 54 10 11 0.022909239 
311 64 14 17 0.022881785 
464 99 6 8 0.02284126 
370 962 28 37 0.022833362 
610 48 126 144 0.02283016 
353 58 4 6 0.02282834 
37 788 27 28 0.022816846 
718 723 56 56 0.022791475 
48 523 26 32 0.0227901 
410 153 14 20 0.022764586 
481 54 11 10 0.022761809 
67 528 8 11 0.022733163 
751 522 194 257 0.02272808 
708 426 25 39 0.022721875 
817 19 113 137 0.02271102 
497 679 51 65 0.02270766 
409 640 27 30 0.022670979 
612 679 52 65 0.022651067 
477 877 99 101 0.022615379 
455 55 9 9 0.022612838 
782 477 8 12 0.02259552 
518 931 9 9 0.022589346 
800 934 11 14 0.022575576 
771 463 10 13 0.02257316 
497 597 10 9 0.022571785 
418 797 12 16 0.022528308 
455 63 8 8 0.022481242 
521 568 29 31 0.022463936 
557 342 14 21 0.022460394 
366 636 68 49 0.022434935 
451 86 6 7 0.02240242 
751 343 54 74 0.022387525 
499 587 7 6 0.022385048 
775 888 54 55 0.022377636 
771 486 9 11 0.022361878 
469 54 10 11 0.022294842 
918 465 11 17 0.022242978 
781 871 30 36 0.022238782 
893 915 119 121 0.022236565 
397 811 11 16 0.022226134 
372 150 18 18 0.022204947 
186 283 55 70 0.02218411 
82 303 96 127 0.02217304 
66 534 9 12 0.022168348 
387 87 6 7 0.02216462 
425 793 12 13 0.022107126 
246 76 91 137 0.02209463 
373 65 5 6 0.02209344 
677 327 12 14 0.022088937 
342 76 11 15 0.022080792 
780 463 10 13 0.02207979 
891 17 10 18 0.022077845 
764 379 10 12 0.022048844 
277 215 11 13 0.022044731 
872 18 9 16 0.02203384 
997 1033 26 31 0.022007778 
304 71 34 36 0.022001613 
381 73 4 5 0.021996908 
113 52 26 29 0.021995913 
282 199 26 31 0.021994134 
299 61 10 12 0.021992274 
420 97 8 8 0.021974286 
715 117 87 133 0.02197219 
462 62 8 9 0.021962032 
336 63 7 11 0.021959662 
206 396 43 81 0.021953003 
333 72 12 16 0.021935478 
438 97 11 11 0.021932501 
982 1013 11 13 0.021922315 
932 743 27 32 0.021922044 
497 129 23 35 0.021920312 
436 81 5 5 0.021911426 
884 28 12 22 0.021899072 
791 412 11 16 0.021879727 
308 339 61 61 0.021858746 
440 54 10 11 0.021832956 
357 918 32 34 0.02183145 
567 347 11 17 0.021825932 
436 77 22 25 0.021799633 
726 197 101 140 0.021794362 
427 62 8 9 0.021781007 
917 865 43 61 0.021780135 
651 413 22 36 0.021739604 
467 959 23 32 0.02173078 
1007 27 7 10 0.021723226 
59 527 10 12 0.02172128 
968 978 30 32 0.021708608 
606 220 104 151 0.021670675 
1004 1035 10 14 0.021659086 
277 201 11 13 0.021654857 
906 30 26 29 0.021620825 
988 376 23 35 0.021596655 
673 19 229 207 0.021582482 
772 379 9 12 0.021578008 
80 236 474 646 0.021547575 
267 293 26 46 0.02154739 
463 78 6 8 0.021538962 
972 119 24 32 0.021502921 
855 585 28 31 0.021495031 
975 1006 12 14 0.02149017 
427 514 28 26 0.021488534 
390 970 25 36 0.021481026 
420 62 8 9 0.021466177 
453 61 24 31 0.021447685 
379 825 27 42 0.021439131 
615 326 11 19 0.021439001 
999 378 7 12 0.021401437 
409 251 48 59 0.02139423 
890 9 10 15 0.021385567 
629 317 13 20 0.021369865 
397 99 8 7 0.021363763 
525 924 9 9 0.021347096 
372 57 7 6 0.021342754 
770 440 28 38 0.021340616 
403 96 28 26 0.0213162 
135 578 247 258 0.02130349 
907 34 8 12 0.021302907 
426 59 23 31 0.02128999 
919 1025 36 40 0.02128908 
763 469 12 16 0.021288086 
436 71 6 7 0.021277271 
413 62 8 9 0.021246687 
724 443 8 11 0.021239994 
343 2 136 114 0.021232022 
770 463 28 38 0.021228885 
990 371 9 12 0.021226838 
1013 1036 7 11 0.021216495 
434 92 8 7 0.02120617 
448 63 8 8 0.021204408 
760 398 35 32 0.02118068 
415 79 5 7 0.021167586 
805 932 14 18 0.021165164 
365 755 7 8 0.02116453 
338 283 61 63 0.021160722 
352 135 16 19 0.021139424 
668 327 56 65 0.021132467 
463 70 6 8 0.021126224 
603 331 9 12 0.021116644 
744 266 23 27 0.021100653 
393 127 29 42 0.021072915 
758 0 111 100 0.021059047 
299 50 8 8 0.021029878 
129 373 54 87 0.02099956 
771 526 22 33 0.020999238 
795 877 32 38 0.020963643 
447 211 101 146 0.02095257 
957 8 35 38 0.020935804 
1006 288 6 11 0.02093339 
474 465 26 26 0.020929487 
439 186 13 17 0.020917615 
340 69 8 10 0.020916032 
402 147 15 22 0.020915827 
801 797 31 40 0.020911837 
633 408 26 36 0.020892527 
443 87 5 5 0.020890273 
410 183 12 18 0.02088252 
511 164 10 18 0.020881897 
825 179 14 18 0.02085586 
757 386 10 11 0.020840881 
498 952 7 9 0.020828119 
664 270 26 34 0.020827154 
157 300 11 13 0.02082449 
135 42 25 32 0.020814732 
971 482 18 32 0.020804325 
562 345 27 40 0.020788012 
825 653 420 570 0.020777084 
184 367 40 67 0.020760212 
361 669 90 57 0.020752981 
440 104 30 33 0.020746442 
365 101 24 34 0.020744242 
405 808 10 15 0.020737879 
854 137 45 65 0.020732602 
628 351 15 22 0.020728588 
893 1058 61 57 0.020727977 
821 54 50 64 0.020720847 
170 907 121 121 0.020718642 
371 279 63 61 0.020709198 
466 72 23 32 0.020695867 
364 57 7 7 0.020694755 
883 807 60 64 0.020675696 
920 473 10 17 0.020668777 
926 753 11 12 0.020659534 
443 71 6 7 0.02065574 
298 306 49 48 0.020653166 
476 593 8 9 0.020637179 
388 80 5 5 0.020632206 
836 456 93 125 0.020610822 
964 1020 30 33 0.020601 
756 518 25 36 0.02059596 
24 374 56 81 0.020576492 
71 206 200 273 0.020538816 
-5 496 104 127 0.020526484 
927 474 9 16 0.02051758 
729 251 23 27 0.020514507 
801 944 9 11 0.020505255 
427 158 11 13 0.02049622 
88 306 21 28 0.02047573 
475 586 8 8 0.02047007 
391 96 8 9 0.02045715 
750 714 68 65 0.020456962 
101 307 11 13 0.020450711 
721 273 25 27 0.020447196 
426 226 9 10 0.02043972 
758 379 9 11 0.02043514 
430 445 25 24 0.020432936 
456 70 6 8 0.020430984 
643 428 23 33 0.020410579 
450 79 6 6 0.020390676 
429 186 25 34 0.020378398 
172 76 8 12 0.020357871 
554 316 9 13 0.020357743 
602 384 11 12 0.020349741 
352 95 27 32 0.020339089 
470 69 7 9 0.02033147 
716 435 8 14 0.020324461 
906 467 10 17 0.02031252 
695 421 23 35 0.020288566 
644 374 10 18 0.020282824 
454 952 7 12 0.020281242 
783 904 14 19 0.02027835 
860 105 44 58 0.020276107 
231 298 44 57 0.020269932 
424 110 62 55 0.020251958 
875 72 13 17 0.020226318 
365 72 5 6 0.020223247 
363 743 10 14 0.020212756 
323 315 58 54 0.02020696 
779 370 9 14 0.020200258 
492 752 33 38 0.020190077 
391 791 25 32 0.020186856 
846 795 52 70 0.020184984 
738 819 17 19 0.020184577 
364 65 6 6 0.02017211 
392 104 8 10 0.020153744 
703 104 47 77 0.020151898 
434 176 11 17 0.020130923 
285 49 27 27 0.020125562 
401 959 6 9 0.020119214 
435 188 9 14 0.020103775 
782 376 196 270 0.020091923 
452 57 105 133 0.020082187 
979 483 21 39 0.020080142 
981 1032 15 15 0.02007948 
357 82 8 12 0.020037927 
772 386 9 11 0.020031972 
615 151 25 26 0.02002531 
115 936 121 119 0.020022076 
841 200 12 16 0.020017998 
335 51 6 6 0.020001633 
