27_Spa_Spa_27_782
1224
408 181 77 102 0.9986047 
362 338 28 29 0.5432966 
634 3 9 6 0.11495824 
403 348 6 7 0.11367816 
654 508 6 8 0.10114579 
-23 -173 192 170 0.099386945 
664 508 6 8 0.09879593 
646 529 6 6 0.095026255 
661 503 6 7 0.08870393 
687 8 11 8 0.087575935 
93 39 10 9 0.08585897 
617 11 5 5 0.08041182 
673 507 6 9 0.079820335 
551 288 36 25 0.079725675 
619 10 6 6 0.07856069 
593 13 6 5 0.0780328 
621 531 7 5 0.07524453 
654 504 6 6 0.07481716 
593 16 7 6 0.07478024 
674 504 5 7 0.070276834 
680 556 5 6 0.069710396 
664 505 5 6 0.067501046 
678 517 6 6 0.066591136 
652 4 9 7 0.06640269 
660 507 6 9 0.066236705 
649 562 4 5 0.06615513 
40 376 5 6 0.0651303 
619 523 6 4 0.06425219 
699 564 4 4 0.0631477 
626 530 5 5 0.06268395 
658 4 8 7 0.06234818 
684 498 6 7 0.06195607 
647 523 5 6 0.061670374 
655 493 4 4 0.059204567 
621 52 268 134 0.05826075 
583 11 8 7 0.058179766 
588 12 7 6 0.05793274 
616 531 6 5 0.057792462 
711 495 6 7 0.05738746 
756 4 8 6 0.0572143 
645 4 9 7 0.056456953 
541 -12 480 254 0.056063935 
663 9 8 7 0.056063462 
619 518 5 5 0.055605367 
683 0 7 4 0.055275504 
485 4 8 5 0.055017374 
659 492 5 5 0.054674737 
699 512 5 5 0.05467117 
606 524 6 6 0.0538621 
5 447 440 274 0.053771466 
-13 26 148 99 0.05353318 
602 522 6 6 0.052958615 
679 495 6 8 0.052817732 
617 518 5 4 0.05220367 
546 256 57 45 0.05112818 
638 0 8 6 0.050983798 
101 152 72 42 0.050387993 
636 253 7 7 0.050304268 
657 7 11 9 0.050171513 
670 522 6 7 0.050001644 
660 499 5 5 0.049969863 
842 25 32 22 0.049834285 
698 567 5 5 0.04951351 
653 498 5 5 0.048576564 
606 587 6 6 0.048036676 
615 511 5 5 0.047669694 
537 354 25 28 0.04742408 
653 525 5 5 0.047346447 
694 15 28 23 0.047343533 
647 518 5 5 0.04731787 
356 -192 548 269 0.047189303 
253 4 10 6 0.046924803 
582 5 7 5 0.046707917 
605 274 23 28 0.046648525 
616 18 5 5 0.046514165 
177 4 10 7 0.046335623 
756 0 6 4 0.046207193 
721 491 6 6 0.0460481 
761 17 9 6 0.045965873 
704 529 5 7 0.0459267 
599 19 7 5 0.04580267 
382 1 35 18 0.04577248 
958 86 59 41 0.045670725 
632 14 9 10 0.04548098 
301 35 7 6 0.04540974 
722 9 9 7 0.04510947 
672 556 6 6 0.044938095 
136 164 6 5 0.044739198 
675 498 4 5 0.044604387 
617 523 5 4 0.044274107 
650 493 4 4 0.043845665 
723 5 8 6 0.043752994 
588 6 5 5 0.0434693 
704 497 5 6 0.043331135 
659 1 6 4 0.043224778 
813 530 6 6 0.043138705 
650 7 12 9 0.043075234 
697 516 5 6 0.04280668 
679 368 7 7 0.04256648 
747 5 8 5 0.042498056 
603 511 4 4 0.042429365 
635 531 5 5 0.04218237 
785 4 8 6 0.041770738 
820 21 32 26 0.041668568 
616 534 7 6 0.041661255 
726 27 11 9 0.041627843 
661 523 5 6 0.041423157 
675 18 29 23 0.041234344 
518 6 6 5 0.040771186 
642 517 4 5 0.04072215 
760 11 8 6 0.040710807 
711 569 4 4 0.040608954 
964 21 11 8 0.04027497 
646 533 6 7 0.040243488 
767 11 7 5 0.04024015 
645 363 8 8 0.040102452 
221 5 8 7 0.04008451 
598 512 4 3 0.040052436 
304 312 395 264 0.040043462 
673 540 7 8 0.040024705 
950 16 9 8 0.04001295 
224 69 5 6 0.04001143 
26 444 156 99 0.039990257 
77 386 131 83 0.03997309 
95 30 8 6 0.03994867 
687 511 5 5 0.03964465 
651 17 9 8 0.039630055 
598 522 5 6 0.039564684 
734 12 7 6 0.039495252 
653 0 7 5 0.03939361 
722 28 8 8 0.03931515 
999 54 10 8 0.03930379 
642 504 3 5 0.039295584 
595 597 8 9 0.039282177 
102 28 9 7 0.03922217 
616 542 6 6 0.039142355 
590 0 5 4 0.039139453 
724 0 6 3 0.0390164 
730 17 8 6 0.038953464 
728 5 7 5 0.038920935 
673 537 6 6 0.038846623 
802 1 5 3 0.038768277 
452 -13 25 19 0.038704887 
116 134 6 4 0.038612317 
469 442 113 90 0.0385678 
378 21 40 29 0.038546007 
642 500 3 4 0.038471606 
102 18 9 7 0.038390532 
708 564 4 4 0.03835054 
321 37 5 4 0.038082942 
591 525 4 4 0.038003013 
641 511 3 4 0.03797041 
594 21 8 7 0.037915587 
576 4 7 5 0.0378918 
672 -4 22 17 0.037878904 
362 6 30 21 0.037715912 
686 517 5 5 0.037557285 
973 56 7 6 0.037455693 
812 4 8 6 0.037452597 
645 8 10 8 0.037433248 
857 5 30 24 0.037383713 
692 512 6 5 0.037324242 
679 490 6 7 0.0372692 
506 6 7 6 0.03712753 
653 515 6 7 0.037027586 
710 504 6 7 0.037004307 
730 11 8 6 0.03689444 
943 70 4 4 0.036820285 
747 10 9 7 0.03681313 
662 358 37 37 0.0367504 
583 531 5 4 0.03671703 
948 70 4 3 0.03668682 
598 518 5 4 0.036530863 
528 0 5 4 0.036394432 
152 175 8 8 0.036342315 
722 17 8 7 0.03626558 
611 511 4 4 0.036154814 
680 528 6 6 0.036145125 
546 362 25 27 0.03611852 
668 516 5 6 0.036109675 
800 5 7 4 0.03609127 
601 22 7 6 0.0360859 
172 4 9 7 0.03608104 
704 523 5 6 0.03598005 
52 -185 546 270 0.03586831 
623 36 11 9 0.035849154 
563 0 6 4 0.035805404 
637 8 11 9 0.035802428 
955 70 4 4 0.035787888 
561 16 9 8 0.035774108 
602 31 7 6 0.035770465 
653 528 6 6 0.035758123 
485 -13 23 20 0.035748687 
826 0 5 4 0.035713017 
328 37 6 4 0.035674546 
576 11 7 6 0.035595257 
345 5 9 6 0.03556966 
709 4 9 6 0.035477318 
112 33 11 9 0.035460554 
635 535 6 6 0.035438966 
498 0 6 4 0.035311315 
-1 509 26 28 0.035279606 
739 592 8 7 0.03525554 
439 386 57 37 0.0352345 
692 520 6 8 0.035197996 
711 563 4 4 0.03519636 
662 530 4 5 0.03517039 
459 6 36 24 0.035160836 
610 505 4 4 0.035152074 
665 24 8 6 0.035119396 
224 0 6 4 0.035077587 
583 0 5 4 0.03504046 
133 195 432 326 0.034969203 
681 523 5 6 0.034904674 
693 516 5 7 0.03488264 
492 4 8 7 0.034826793 
678 10 8 7 0.034767494 
749 556 5 5 0.03467469 
710 574 5 6 0.03465223 
750 0 5 4 0.034605768 
369 -3 28 17 0.03454905 
13 377 5 6 0.0345416 
566 278 30 29 0.034336414 
785 0 7 5 0.034311496 
5 391 9 9 0.034300786 
69 139 120 85 0.034292683 
714 16 8 7 0.034235567 
216 67 7 8 0.034234602 
707 28 26 23 0.034232777 
103 21 10 9 0.03423064 
631 34 11 10 0.034211356 
680 485 5 7 0.034136802 
477 -3 25 18 0.034100257 
811 -6 25 21 0.034062434 
308 21 104 67 0.034015656 
823 4 8 7 0.033984832 
97 36 11 10 0.033960465 
629 524 4 4 0.0339085 
47 375 5 6 0.033884086 
596 7 5 3 0.033870175 
102 154 22 26 0.03382096 
35 378 5 4 0.033711538 
602 518 5 4 0.03366555 
734 15 8 6 0.033659585 
495 0 5 3 0.033627696 
622 556 4 4 0.033613782 
5 381 7 11 0.033612553 
629 3 6 6 0.033574957 
178 10 33 24 0.03349044 
697 489 6 7 0.03344619 
716 534 7 6 0.03341427 
723 496 5 7 0.033361647 
672 529 6 5 0.033344552 
729 0 6 4 0.0333426 
677 540 7 8 0.03326509 
576 0 6 5 0.03326434 
621 511 5 5 0.03322915 
735 5 7 5 0.033196814 
649 497 5 5 0.033133484 
670 10 8 7 0.033123627 
705 573 5 7 0.033088136 
14 369 4 5 0.033080257 
8 370 4 5 0.033055864 
-4 595 39 81 0.033044647 
695 3 8 6 0.033019774 
609 12 5 4 0.03301968 
616 36 7 7 0.033012256 
229 9 10 7 0.032982055 
589 511 4 4 0.03295179 
851 33 32 24 0.03293311 
950 20 10 9 0.03292608 
686 524 5 6 0.032924615 
367 54 10 10 0.032790806 
716 30 7 7 0.03270893 
559 0 5 4 0.032699995 
760 0 7 4 0.032668326 
109 26 25 20 0.032627407 
569 4 7 5 0.0326127 
768 7 6 4 0.03252056 
924 184 33 22 0.03248923 
641 31 14 12 0.03248202 
946 4 8 7 0.032446787 
394 360 8 8 0.032385368 
622 6 5 5 0.032354433 
232 0 6 4 0.032334216 
182 -13 26 19 0.032302465 
618 17 7 7 0.032297324 
984 49 25 20 0.032243367 
549 348 27 27 0.032189857 
538 0 5 4 0.032143507 
8 377 5 6 0.032115288 
5 306 6 6 0.032099523 
620 255 6 5 0.032086466 
664 17 7 6 0.03203196 
608 18 6 5 0.031958908 
667 535 6 6 0.031953707 
698 522 6 6 0.031947657 
633 248 7 6 0.03192742 
211 4 9 8 0.031912524 
210 8 10 9 0.031905923 
91 32 21 18 0.03190274 
756 538 465 334 0.031901393 
671 4 8 6 0.031824987 
838 -6 31 22 0.03177208 
647 0 6 4 0.031767413 
574 16 8 6 0.03176006 
652 563 5 5 0.031737074 
616 7 5 4 0.031712554 
755 10 8 6 0.031686164 
807 562 5 5 0.03166061 
525 12 5 5 0.031622913 
237 0 6 4 0.031598084 
561 21 9 7 0.0315574 
295 37 6 6 0.03152671 
817 534 8 8 0.03148191 
649 506 3 4 0.031462744 
609 517 5 4 0.031461645 
755 594 6 5 0.031451833 
77 156 8 10 0.031442262 
87 29 8 7 0.031406354 
230 5 8 5 0.031279985 
616 587 5 4 0.031236636 
583 524 4 4 0.031202776 
369 42 7 7 0.03119822 
595 529 6 6 0.031132726 
712 528 6 6 0.03110907 
645 16 10 8 0.031017933 
712 525 5 5 0.030975165 
203 0 7 4 0.0309378 
996 41 21 19 0.03092681 
136 371 5 5 0.030873556 
685 4 10 8 0.030866867 
603 7 5 4 0.030835506 
345 0 7 3 0.030768521 
682 2 22 16 0.030761784 
665 529 6 5 0.030747661 
39 394 8 8 0.030735975 
377 49 7 7 0.030727293 
618 22 8 8 0.030692566 
743 11 8 6 0.030632768 
496 4 9 7 0.030609999 
350 4 9 6 0.030603869 
848 159 35 21 0.030578418 
608 24 7 6 0.03056841 
699 504 6 6 0.03050349 
733 499 126 109 0.030476203 
694 21 12 9 0.030463103 
564 4 7 5 0.03045991 
728 594 7 7 0.030456863 
983 49 8 7 0.03044482 
483 378 31 31 0.030400578 
165 426 25 25 0.030387292 
110 129 5 4 0.03037671 
73 377 4 4 0.030331487 
530 0 7 4 0.030272473 
959 17 8 7 0.030250851 
707 27 10 9 0.030209485 
677 504 6 7 0.030147538 
602 528 6 5 0.030119136 
623 550 4 5 0.03008276 
506 23 6 6 0.030063279 
707 569 4 4 0.030057691 
108 156 8 9 0.030054377 
709 16 9 7 0.030052762 
590 529 5 4 0.03004498 
638 510 3 5 0.030044321 
636 523 4 5 0.029973196 
715 5 8 6 0.02996126 
642 523 4 5 0.029911015 
951 12 7 5 0.02986718 
663 17 177 87 0.029863808 
725 250 31 19 0.02984662 
861 33 76 45 0.029792095 
497 19 7 5 0.029789725 
650 21 10 9 0.02975469 
349 -13 24 18 0.02969437 
645 24 8 7 0.029669639 
210 2 27 20 0.029641593 
341 0 5 4 0.029620443 
512 10 6 6 0.029583324 
27 383 6 5 0.029580254 
1000 40 13 11 0.029545875 
174 -4 30 17 0.029499702 
614 22 8 8 0.02948159 
241 6 10 6 0.029439127 
736 0 6 4 0.029434666 
315 38 5 5 0.029432615 
808 1 5 4 0.02942891 
744 0 5 3 0.029418582 
806 5 7 4 0.029352147 
645 25 24 20 0.029324962 
772 -3 28 17 0.029317576 
606 260 26 24 0.02930378 
570 0 6 4 0.02928784 
621 264 9 8 0.029281678 
648 509 4 5 0.029262027 
7 286 5 6 0.029254694 
689 15 10 8 0.029250203 
605 368 14 11 0.029249426 
789 14 127 71 0.029248746 
711 580 5 6 0.02919389 
715 11 8 5 0.029141245 
563 12 7 6 0.029111398 
332 38 5 5 0.029063355 
674 358 4 5 0.029055957 
306 37 7 5 0.02905295 
656 16 10 8 0.029047221 
991 62 7 5 0.028989958 
970 21 10 8 0.028987836 
625 253 8 7 0.028954322 
6 74 205 136 0.02892503 
31 395 7 7 0.028904041 
628 11 8 7 0.028877834 
-27 36 513 327 0.028846787 
657 16 25 22 0.028821561 
524 5 7 5 0.028817663 
616 573 5 6 0.028810728 
128 44 7 6 0.028803803 
718 0 6 3 0.02880193 
978 57 7 5 0.028774982 
609 7 5 4 0.028736401 
152 166 6 5 0.028723657 
971 18 8 6 0.028698556 
965 3 11 8 0.028696164 
88 55 9 9 0.028684186 
692 0 6 4 0.02864847 
133 9 9 7 0.028636588 
639 23 8 8 0.02862931 
942 58 5 4 0.0286224 
420 -6 28 20 0.028590837 
795 0 5 4 0.028580416 
602 575 5 5 0.028553851 
698 5 29 18 0.028522354 
722 24 9 7 0.028436355 
643 474 3 4 0.028366964 
513 17 5 6 0.028361727 
668 556 5 5 0.028349096 
962 57 6 4 0.028343713 
621 561 5 6 0.028342215 
148 160 6 5 0.028339013 
567 362 26 26 0.028328389 
31 384 24 25 0.02830997 
84 151 6 7 0.02830383 
698 486 5 6 0.02829523 
602 12 5 4 0.028289814 
334 6 5 4 0.028238602 
978 10 8 6 0.028224455 
583 23 7 7 0.028211573 
576 36 7 6 0.028191501 
190 76 30 24 0.028154764 
928 6 6 5 0.028102228 
523 362 44 44 0.028094143 
754 16 8 7 0.028066456 
742 5 7 5 0.028065097 
705 492 5 5 0.028042186 
558 23 7 6 0.02802752 
220 14 28 19 0.028023697 
793 5 7 5 0.027943112 
619 542 6 6 0.027922839 
732 28 12 9 0.027909718 
718 508 6 7 0.027897166 
108 35 9 8 0.027880095 
657 359 9 10 0.0278656 
805 544 27 24 0.02785692 
710 11 8 5 0.027845655 
27 295 4 4 0.027842326 
780 5 10 6 0.027824463 
714 14 27 23 0.027812965 
271 4 10 7 0.027791748 
105 53 14 11 0.027783073 
704 534 5 6 0.027762895 
206 44 6 6 0.027755786 
304 61 26 22 0.027718645 
953 51 5 5 0.027697578 
599 611 9 9 0.027688319 
660 516 6 7 0.027641565 
966 56 7 5 0.027624398 
141 10 7 6 0.02759832 
637 506 4 4 0.027539207 
976 21 8 8 0.027534125 
533 12 5 5 0.027510963 
622 0 5 4 0.027504355 
134 42 9 7 0.02750155 
268 533 443 513 0.02749664 
683 527 6 7 0.027482934 
84 48 8 7 0.02746163 
27 299 4 4 0.027461229 
117 146 5 5 0.027424386 
198 0 8 4 0.027381148 
288 37 7 5 0.027367907 
850 33 17 11 0.027351042 
687 32 27 22 0.027341112 
589 256 27 30 0.0273278 
133 414 31 25 0.027314447 
172 9 10 7 0.027262809 
201 9 9 8 0.027254764 
993 57 6 5 0.027243847 
135 153 6 4 0.027214957 
666 549 6 6 0.027209824 
998 60 10 7 0.027202092 
649 557 3 4 0.027176416 
59 166 6 6 0.027158484 
752 22 9 7 0.027135981 
738 557 4 4 0.02713121 
360 38 6 6 0.027126418 
711 0 6 4 0.027109671 
898 29 111 84 0.027099546 
631 3 23 17 0.027085502 
116 138 6 5 0.027067447 
568 16 8 6 0.027027152 
10 393 8 8 0.027026726 
128 159 7 7 0.027006853 
122 157 31 25 0.026998768 
642 551 4 5 0.026987992 
394 -11 32 22 0.026981896 
750 568 5 5 0.026972072 
117 129 5 4 0.026969712 
745 251 504 338 0.026963241 
947 57 5 5 0.02688144 
79 152 5 6 0.026880324 
147 166 6 5 0.026848553 
973 10 8 6 0.026820803 
947 10 7 6 0.02681046 
684 486 4 5 0.026795171 
979 62 6 5 0.02676821 
728 470 7 7 0.026764324 
218 0 7 4 0.02675336 
486 357 54 41 0.026752666 
511 1 6 3 0.026742784 
631 21 10 9 0.026733527 
622 575 4 5 0.026715793 
927 5 21 21 0.026715271 
236 5 9 5 0.026711965 
745 557 4 4 0.026697101 
675 364 4 5 0.026687576 
598 507 4 3 0.026679542 
111 162 9 10 0.026652215 
520 1 5 3 0.026643416 
685 362 8 7 0.0266416 
418 359 23 23 0.026633563 
712 508 6 7 0.026624495 
363 42 8 7 0.026621567 
123 163 7 7 0.026592497 
130 22 13 9 0.026572393 
678 4 8 6 0.026565265 
433 375 121 67 0.02656509 
637 29 12 11 0.026563646 
809 34 11 11 0.026556935 
596 0 5 4 0.026556553 
579 531 4 5 0.02655375 
575 30 8 7 0.026519855 
677 17 9 8 0.026494637 
607 29 7 7 0.026491366 
60 359 5 4 0.02647863 
956 65 4 3 0.026465526 
714 22 8 8 0.026462577 
628 0 5 5 0.02638484 
564 31 7 6 0.026359173 
942 64 5 4 0.02634969 
594 227 6 6 0.026329365 
558 315 24 28 0.026326688 
621 231 5 4 0.026319219 
0 374 20 26 0.026305959 
627 30 8 7 0.026291406 
539 4 6 5 0.026286587 
655 542 5 5 0.026237266 
22 300 5 5 0.026224716 
329 4 69 43 0.026202822 
977 49 8 6 0.026185228 
557 13 6 4 0.026166918 
215 29 64 51 0.026161086 
575 23 8 7 0.026156243 
814 0 4 5 0.026120558 
642 554 4 4 0.026112568 
819 523 6 7 0.026107758 
606 386 14 13 0.026027935 
20 370 4 5 0.02601712 
223 75 7 7 0.025989233 
941 17 7 7 0.02595449 
616 0 5 4 0.025939424 
507 18 5 5 0.02593725 
639 17 23 20 0.025886694 
774 16 9 6 0.025845783 
498 28 6 7 0.025810054 
648 485 4 4 0.025797242 
295 31 8 6 0.025794178 
799 4 30 22 0.025764378 
973 63 6 4 0.025763929 
132 17 11 7 0.02575224 
841 46 31 21 0.025744 
627 22 8 8 0.025740007 
133 173 12 10 0.025738651 
702 4 10 6 0.025709545 
532 4 6 5 0.025699196 
513 6 6 4 0.025682958 
685 542 5 5 0.025682613 
880 153 33 20 0.025679938 
260 -30 466 379 0.02566 
822 3 31 30 0.025659416 
652 359 8 9 0.025645899 
819 528 6 6 0.02563755 
467 0 7 5 0.025624676 
23 295 4 3 0.025620626 
300 43 8 6 0.025610697 
90 38 8 7 0.025605848 
782 9 12 7 0.025597993 
672 517 5 6 0.025591241 
642 529 6 6 0.025572687 
673 0 7 4 0.025560178 
947 30 8 7 0.02555449 
215 20 12 9 0.025547681 
328 0 5 4 0.025534404 
659 350 6 7 0.025528228 
321 17 6 6 0.025527047 
576 522 6 6 0.025517365 
643 492 3 3 0.025517184 
470 5 10 6 0.025514528 
479 19 28 25 0.025499834 
243 0 7 3 0.025459701 
654 537 5 5 0.025435712 
351 0 7 4 0.02543466 
84 36 7 7 0.025430325 
751 561 4 5 0.0253898 
38 401 8 7 0.025361633 
674 491 5 5 0.025361594 
496 7 10 9 0.025352966 
589 22 7 7 0.025351489 
557 5 6 5 0.025349567 
640 534 6 6 0.02534336 
679 363 6 7 0.025334975 
310 25 23 21 0.025325472 
568 324 11 16 0.025322106 
608 528 6 5 0.025311917 
620 30 7 6 0.025310082 
371 36 7 6 0.025302108 
41 370 5 4 0.025273783 
682 355 5 7 0.02526181 
13 381 7 7 0.025243873 
299 0 9 4 0.025233235 
738 542 6 5 0.025194336 
984 57 7 6 0.02518679 
962 64 5 5 0.02516976 
216 7 11 9 0.025161639 
978 16 8 8 0.025135338 
610 231 5 4 0.02513128 
133 4 8 6 0.025126023 
672 17 8 7 0.02511963 
34 295 4 3 0.02511813 
454 30 56 46 0.025112603 
211 0 6 4 0.025103964 
801 18 7 6 0.025094625 
319 43 6 5 0.025052957 
665 541 7 7 0.025008198 
340 5 6 4 0.024999177 
894 15 27 32 0.024987468 
665 0 6 4 0.02498278 
946 36 9 8 0.024970137 
737 561 5 5 0.024951978 
684 556 4 5 0.024946012 
499 42 7 8 0.024896692 
534 401 29 26 0.024861962 
126 3 9 6 0.02485178 
445 1 34 23 0.024843324 
716 523 6 6 0.024834154 
726 35 10 9 0.024798973 
738 579 5 6 0.024797626 
166 3 26 18 0.02479548 
359 0 65 34 0.024774417 
14 301 4 4 0.0247476 
790 -5 27 19 0.024737017 
685 350 7 9 0.02472557 
340 38 5 5 0.024720766 
810 44 30 23 0.024708007 
462 -4 26 17 0.024699159 
809 15 13 11 0.024668604 
686 490 4 6 0.024665866 
947 65 5 4 0.024664536 
719 551 4 4 0.024655292 
659 536 5 5 0.024653593 
10 388 10 9 0.02464214 
131 5 23 17 0.024631742 
693 370 5 5 0.02463124 
127 10 9 6 0.024614407 
636 518 5 5 0.024591234 
595 31 6 6 0.024588764 
328 6 5 4 0.024588378 
138 23 11 7 0.02457284 
0 284 6 12 0.024564676 
107 49 10 7 0.024556676 
863 -5 27 22 0.02455093 
559 398 26 25 0.024537453 
707 503 5 7 0.024527648 
963 68 5 5 0.024522578 
490 342 91 82 0.024521342 
674 549 6 6 0.02450849 
907 175 70 37 0.024465723 
821 0 5 5 0.024459196 
934 36 7 7 0.024452817 
339 30 7 7 0.024452398 
140 370 5 5 0.024420358 
589 35 7 8 0.024377733 
670 26 12 11 0.024376314 
329 31 5 5 0.02435706 
951 4 8 7 0.024332788 
712 558 4 3 0.024324214 
625 262 7 6 0.02429678 
365 37 7 6 0.024276901 
585 497 4 4 0.024252132 
14 345 4 4 0.024240071 
84 44 7 7 0.024237482 
88 23 7 7 0.024231954 
543 0 6 4 0.024206638 
619 261 8 5 0.02420604 
739 29 11 9 0.024205709 
334 0 5 3 0.024187 
640 235 6 5 0.024181386 
368 49 8 9 0.0241793 
854 53 33 21 0.024176812 
573 235 24 24 0.024169715 
201 4 9 7 0.02416516 
331 31 7 5 0.024122458 
667 492 4 5 0.024094073 
79 256 13 14 0.024063008 
110 397 64 43 0.024010753 
666 357 6 6 0.024009893 
985 63 7 4 0.024006357 
739 34 12 11 0.024002343 
673 485 6 6 0.023991909 
968 52 6 4 0.023975175 
8 363 5 6 0.02394876 
677 377 9 11 0.023945492 
376 5 11 7 0.0239334 
565 36 5 5 0.023930617 
584 273 27 28 0.023929704 
487 401 16 16 0.023923 
296 30 27 20 0.023914535 
321 6 7 6 0.023874322 
744 550 5 4 0.023872359 
947 81 6 6 0.023840206 
363 -14 24 19 0.023825727 
127 163 8 6 0.023824176 
646 -1 57 39 0.023817426 
508 0 5 4 0.023814904 
902 163 27 20 0.023812827 
890 2 27 28 0.023804493 
96 23 7 7 0.023752932 
283 38 5 5 0.02374141 
750 551 5 4 0.023720492 
785 -14 25 20 0.023705645 
646 235 7 6 0.023679102 
841 -184 284 164 0.02365266 
366 322 8 10 0.023651645 
568 30 7 6 0.023641998 
568 24 7 6 0.02363409 
590 506 4 4 0.023632225 
203 17 8 7 0.023620972 
695 390 3 5 0.023619058 
111 168 10 11 0.023608463 
136 160 5 5 0.023604982 
613 594 6 5 0.02360273 
965 10 10 7 0.023596223 
975 29 22 22 0.023593621 
314 48 8 8 0.023592427 
959 11 8 6 0.023582691 
984 36 8 7 0.023568626 
751 30 31 26 0.023549726 
518 -5 23 17 0.023523767 
13 365 5 4 0.023521401 
696 0 7 5 0.023509173 
675 350 4 5 0.023500014 
472 -13 24 19 0.023469854 
411 350 6 5 0.023466274 
679 45 30 21 0.023451833 
644 3 24 16 0.02343017 
520 11 5 5 0.023424575 
603 536 5 5 0.023420038 
171 -14 23 18 0.023406994 
127 477 9 6 0.02340444 
835 -17 24 21 0.02338505 
609 593 6 6 0.023377994 
595 569 5 5 0.023369443 
346 30 7 7 0.023359552 
955 57 4 4 0.023354929 
687 345 6 5 0.023351192 
719 495 6 7 0.023343321 
775 6 7 5 0.023340018 
130 428 29 27 0.023333844 
584 536 5 4 0.023328178 
656 486 3 4 0.023325289 
978 5 7 5 0.02331318 
588 537 5 5 0.023309525 
961 44 5 5 0.02330951 
587 246 9 9 0.023305845 
172 16 9 7 0.02328388 
550 25 7 6 0.023275359 
718 562 6 5 0.023266533 
904 169 10 7 0.023242373 
616 256 6 5 0.02324178 
683 17 8 6 0.023232987 
666 470 6 7 0.023217442 
755 -6 7 5 0.02321632 
498 23 6 6 0.023209251 
32 381 6 6 0.02320565 
117 26 13 11 0.02319899 
724 502 6 7 0.023194827 
774 15 70 47 0.023186434 
282 -13 24 18 0.0231648 
800 29 8 7 0.023164177 
159 18 9 6 0.023163628 
147 10 8 6 0.023159139 
716 542 6 6 0.02315895 
707 580 5 6 0.023158068 
90 158 5 6 0.023149768 
604 506 4 4 0.023143912 
692 491 6 6 0.02312303 
512 23 6 7 0.023072576 
625 265 10 8 0.023064975 
503 393 33 29 0.023017332 
107 2 8 7 0.023005664 
599 55 21 20 0.022996524 
648 241 6 5 0.022993047 
588 585 7 6 0.022989726 
576 376 15 14 0.022975834 
371 32 6 6 0.0229734 
35 44 4 5 0.022937013 
124 17 13 8 0.022933712 
145 431 11 9 0.022928135 
176 16 65 50 0.02291685 
867 4 69 41 0.02287273 
737 531 7 6 0.022859668 
724 542 6 6 0.022850402 
415 360 8 8 0.022849897 
613 -5 22 19 0.022849206 
178 0 8 5 0.022833794 
582 37 7 6 0.022813726 
492 35 8 8 0.022806711 
947 41 7 7 0.02280582 
671 21 10 10 0.022796687 
7 299 5 6 0.022789994 
239 9 11 7 0.022782193 
202 30 8 7 0.022773031 
578 251 12 11 0.022769948 
665 361 6 8 0.022765553 
848 -18 25 22 0.022765553 
455 18 36 28 0.02275304 
733 34 11 10 0.02275186 
259 5 9 5 0.02274923 
675 331 25 22 0.022749083 
585 494 4 3 0.022748329 
370 5 9 5 0.022729881 
362 34 24 23 0.022724839 
676 348 20 23 0.022720102 
609 235 5 5 0.022718573 
681 351 5 6 0.022716794 
544 5 7 5 0.022711152 
986 16 6 7 0.022709634 
776 10 8 5 0.022692608 
135 49 7 6 0.02268684 
973 50 8 6 0.022679513 
602 373 22 19 0.022673542 
992 49 9 8 0.022672603 
704 518 5 4 0.022670822 
347 38 5 5 0.022651454 
841 47 15 12 0.022613233 
500 386 16 20 0.02260797 
724 569 5 5 0.0225948 
608 582 5 4 0.02258848 
300 32 7 5 0.022578271 
141 0 6 4 0.022570841 
925 47 27 24 0.022562224 
648 356 5 6 0.022555593 
609 254 7 5 0.022550847 
35 299 4 4 0.022548642 
638 -12 23 19 0.022548437 
216 61 8 8 0.022530856 
817 8 10 9 0.022526395 
614 265 8 8 0.022522256 
257 30 7 5 0.02249556 
709 36 9 8 0.0224899 
733 561 4 6 0.022485632 
484 36 7 7 0.022482699 
105 157 6 8 0.022472357 
164 18 8 6 0.022467125 
759 177 161 81 0.022446742 
713 535 5 6 0.022444628 
102 128 7 6 0.022444567 
500 370 26 25 0.02242792 
504 42 7 7 0.022421667 
799 9 8 7 0.022390213 
188 401 5 6 0.022382533 
455 390 16 14 0.022371767 
741 16 8 6 0.022364285 
153 18 9 6 0.022364045 
321 33 4 4 0.022343595 
568 11 7 6 0.022342145 
121 14 29 18 0.02234003 
176 -22 23 19 0.022327824 
142 406 24 20 0.022322517 
153 9 9 7 0.022309782 
803 543 4 5 0.022291701 
803 147 140 71 0.02228816 
865 26 14 12 0.022284372 
552 0 6 4 0.022276307 
599 264 9 10 0.022273473 
652 242 7 6 0.022259545 
775 0 7 4 0.02225788 
951 29 8 8 0.022227107 
693 582 5 6 0.02222319 
281 29 7 6 0.022217674 
576 56 6 5 0.022203697 
660 327 28 23 0.022172978 
134 473 9 5 0.022172688 
400 359 22 22 0.022171468 
781 11 31 25 0.022161724 
563 52 9 8 0.022157108 
634 241 6 6 0.022153141 
757 549 5 5 0.022126729 
702 17 11 7 0.022120837 
717 351 6 5 0.022097811 
960 0 24 16 0.022087816 
795 558 26 24 0.022066407 
125 469 28 17 0.022052705 
697 581 5 6 0.022049379 
730 589 5 4 0.02204911 
506 29 6 7 0.022037132 
603 0 5 4 0.022023527 
266 -14 23 18 0.022019003 
872 2 14 12 0.022013409 
354 44 24 24 0.021996632 
692 361 7 8 0.021964312 
877 -1 27 21 0.021956481 
692 502 6 7 0.021952057 
738 522 6 7 0.021950593 
609 0 5 4 0.021945007 
284 213 32 19 0.021938648 
7 281 5 5 0.021936446 
331 -4 26 18 0.021914925 
8 89 4 5 0.021913035 
526 17 6 6 0.02191241 
620 241 8 6 0.021891706 
510 344 46 42 0.021888474 
751 529 4 5 0.021881757 
720 36 10 8 0.021878991 
715 35 10 8 0.021870319 
192 30 8 7 0.021860637 
679 560 5 6 0.021851752 
79 50 5 5 0.021850916 
522 282 89 79 0.021847723 
667 466 5 6 0.021847105 
999 37 9 8 0.02183236 
617 485 5 5 0.02182817 
627 536 5 5 0.02182128 
512 29 6 6 0.021807486 
574 539 444 515 0.021805407 
588 498 5 4 0.0217989 
748 16 9 7 0.021781482 
273 0 8 4 0.021770138 
151 425 11 9 0.021767434 
718 555 5 5 0.021767162 
166 440 7 6 0.021764766 
122 171 8 9 0.02175998 
942 4 7 6 0.021742338 
179 69 7 6 0.021739649 
947 75 5 5 0.021729006 
88 150 6 8 0.021721782 
484 22 10 9 0.02170208 
646 248 6 6 0.021685967 
141 240 256 160 0.021673616 
684 502 6 6 0.021656126 
750 500 6 5 0.021655263 
761 21 10 7 0.021642689 
497 -13 24 20 0.02162296 
679 396 5 5 0.021608204 
730 574 5 5 0.021601174 
335 61 11 9 0.021580854 
692 536 5 5 0.021579321 
823 7 9 9 0.021578968 
160 43 7 6 0.021575002 
649 543 5 5 0.021568753 
739 568 4 4 0.021565316 
134 169 8 8 0.021555196 
713 518 5 4 0.02153828 
746 29 10 9 0.021536807 
307 30 8 7 0.02153221 
660 465 4 5 0.021531647 
601 253 8 8 0.021521773 
730 496 6 7 0.021518642 
687 54 13 9 0.02151619 
193 -5 25 18 0.021515172 
312 74 8 6 0.021504443 
106 474 26 18 0.021494457 
167 407 6 7 0.021488974 
210 16 11 10 0.021471241 
14 294 4 4 0.02146878 
602 581 6 5 0.021466745 
14 358 4 4 0.021461587 
656 22 10 8 0.021446485 
423 362 9 9 0.021443075 
499 37 7 8 0.021438481 
271 -5 27 17 0.021436427 
330 13 9 9 0.021431595 
796 556 4 4 0.021430269 
154 160 7 5 0.021428006 
167 414 6 7 0.021427901 
935 29 23 26 0.021423291 
999 28 8 9 0.021412922 
512 43 7 7 0.021412631 
723 510 7 7 0.021411523 
462 404 37 31 0.021404542 
924 20 22 24 0.02140339 
572 505 3 5 0.021387208 
791 15 10 8 0.02138698 
506 36 7 7 0.02138388 
847 29 14 11 0.021361869 
15 305 5 5 0.021351036 
187 43 6 6 0.021347418 
175 428 5 5 0.021341812 
578 505 4 4 0.021331158 
459 378 31 28 0.021325657 
900 -1 23 20 0.021322748 
715 4 24 18 0.021304907 
983 42 9 8 0.021303171 
-14 538 433 498 0.02130121 
716 505 6 7 0.02130032 
138 431 10 9 0.021272613 
703 511 6 6 0.02127187 
13 313 6 6 0.021271763 
7 331 100 85 0.021261683 
716 -11 22 17 0.021255614 
5 398 9 9 0.021252658 
28 367 6 7 0.021250287 
487 1 6 4 0.02124854 
804 -13 24 21 0.021246081 
190 3 26 21 0.02122512 
506 368 14 12 0.021220693 
132 451 26 20 0.021218052 
31 389 6 6 0.021214793 
90 61 8 7 0.021209328 
777 531 3 4 0.021206388 
152 170 7 6 0.02120028 
830 157 32 22 0.021197258 
352 37 5 6 0.021192586 
516 36 8 8 0.02118917 
106 18 11 8 0.021179033 
137 365 4 4 0.021171322 
140 440 8 7 0.021164834 
813 524 6 6 0.021161016 
244 14 29 22 0.021150611 
925 20 10 10 0.021149995 
98 160 6 6 0.021148855 
653 375 6 8 0.021148007 
665 498 5 5 0.02114709 
629 555 3 4 0.02113005 
122 157 8 8 0.021119809 
699 574 5 7 0.021117587 
646 230 6 5 0.021116158 
174 421 6 6 0.021114944 
814 19 13 14 0.021114249 
696 17 9 7 0.021112652 
620 248 7 6 0.021090727 
579 242 12 13 0.021082362 
739 16 29 22 0.02107639 
750 593 5 5 0.021051714 
148 0 6 4 0.021039914 
433 385 27 27 0.021035118 
738 535 6 5 0.021025252 
718 568 5 5 0.021015929 
124 128 5 4 0.021011824 
893 -8 23 19 0.020995539 
741 23 9 7 0.020988155 
633 -21 23 20 0.020978944 
491 7 10 9 0.020964963 
962 51 5 4 0.020960702 
667 368 6 8 0.020955972 
943 44 6 6 0.020952132 
170 69 9 8 0.020923462 
589 563 6 4 0.020916749 
19 309 8 8 0.0209052 
90 164 7 8 0.020859731 
674 369 6 6 0.020858176 
39 388 8 6 0.02085586 
655 30 12 11 0.020852098 
698 363 6 6 0.020829272 
834 10 72 43 0.020825485 
751 -3 72 37 0.020815536 
983 219 11 9 0.02081424 
321 0 6 3 0.020810982 
565 30 24 22 0.020809911 
945 -6 22 18 0.02080516 
577 267 15 16 0.020793013 
724 549 5 5 0.020782892 
197 23 9 8 0.020754246 
595 236 6 6 0.02075054 
734 -12 23 18 0.02074953 
966 64 6 5 0.020737838 
167 433 7 6 0.020737281 
562 236 98 78 0.020725086 
700 536 4 6 0.020723894 
608 260 8 7 0.02071828 
682 378 9 9 0.020712443 
80 361 3 3 0.020703215 
464 31 30 25 0.020695874 
609 499 4 4 0.020694314 
28 365 6 5 0.020692185 
701 -3 25 15 0.020685002 
596 537 6 4 0.020683948 
569 250 30 29 0.02068221 
73 373 3 3 0.02066739 
781 542 5 5 0.02065738 
700 498 5 7 0.020657158 
178 8 11 8 0.020653265 
115 151 6 7 0.02064822 
820 62 31 24 0.020643974 
325 25 7 6 0.020637203 
26 393 7 7 0.020632405 
165 420 8 7 0.020631842 
408 365 8 10 0.020624204 
464 2 11 9 0.020622224 
318 48 8 8 0.020619657 
675 97 535 310 0.020610133 
582 239 10 9 0.020601513 
800 33 28 24 0.020600453 
351 42 7 6 0.02059862 
752 34 11 9 0.020597547 
940 22 7 8 0.020596301 
204 -13 21 19 0.020593192 
661 487 3 4 0.020589445 
744 -5 5 4 0.020568425 
609 576 4 4 0.020558828 
182 5 12 7 0.02053867 
19 394 7 7 0.020521188 
141 5 6 5 0.02051296 
205 14 24 19 0.02050289 
321 8 7 8 0.020498283 
598 -5 24 18 0.020479964 
197 41 9 7 0.020472493 
801 38 13 13 0.020471286 
671 -21 9 7 0.02046781 
484 43 7 7 0.020455228 
156 -14 25 19 0.020444483 
222 -12 25 18 0.020437608 
0 490 53 45 0.020424275 
676 -28 10 8 0.020421553 
664 -21 9 7 0.020408439 
808 40 13 12 0.02040758 
935 44 5 6 0.020402962 
703 11 9 6 0.020396959 
133 0 6 4 0.020396825 
807 531 25 24 0.020386286 
922 5 6 6 0.020380924 
595 240 6 7 0.020380417 
585 518 3 4 0.020378703 
551 16 6 6 0.02037029 
6 292 6 7 0.020366883 
153 183 8 7 0.020364609 
163 23 10 7 0.020363797 
33 346 5 4 0.020357314 
660 345 6 5 0.020356482 
445 55 24 30 0.020347912 
142 160 6 4 0.020345632 
20 537 7 5 0.020327874 
284 20 28 24 0.020326227 
615 505 4 4 0.020308342 
943 167 120 77 0.020305898 
494 28 7 7 0.020304997 
232 50 5 5 0.020297557 
821 517 4 5 0.020292725 
160 433 7 7 0.020290807 
756 537 5 4 0.020290239 
604 235 6 5 0.02028485 
569 36 7 6 0.020281292 
31 399 9 7 0.02027971 
269 0 7 4 0.02027915 
999 23 7 7 0.020278731 
596 563 5 3 0.02027717 
602 225 5 4 0.02027297 
54 370 5 6 0.020259168 
632 267 9 7 0.020257555 
402 5 19 12 0.020257313 
670 -28 10 8 0.020247132 
677 -21 9 7 0.020243922 
994 23 23 23 0.020242801 
47 371 5 5 0.020236952 
251 246 125 80 0.02023572 
174 407 5 6 0.020233491 
935 11 6 6 0.020233188 
183 30 9 7 0.020230485 
532 -5 5 4 0.02022527 
809 27 11 11 0.020215845 
686 397 4 4 0.020212064 
609 537 5 4 0.020202471 
831 0 6 5 0.020195104 
155 11 28 20 0.020176075 
601 229 6 5 0.020171018 
27 356 5 4 0.020170998 
742 588 6 5 0.020157922 
757 529 5 5 0.020142203 
686 537 4 5 0.02014219 
694 397 4 4 0.02013931 
758 556 5 4 0.0201297 
741 255 10 6 0.02012363 
634 235 6 5 0.020120183 
987 22 5 7 0.020116054 
53 364 5 4 0.020108456 
103 169 7 9 0.020108221 
21 64 4 5 0.020105164 
381 15 11 8 0.020101475 
113 156 8 9 0.020097531 
822 -13 24 21 0.0200909 
344 9 9 7 0.020088958 
310 15 9 8 0.020066451 
650 367 8 10 0.020064035 
728 529 6 6 0.02006271 
211 55 7 6 0.02006126 
10 496 29 24 0.02005967 
964 28 10 9 0.020056525 
629 576 4 4 0.020047277 
314 32 6 5 0.02003132 
737 550 5 4 0.020027177 
759 1 25 18 0.020027166 
621 236 5 4 0.020026913 
977 35 8 7 0.020019524 
110 138 6 7 0.020016233 
306 43 7 5 0.020004876 
