27_Spa_Spa_27_656
37
358 180 19 26 0.9983606 
938 203 60 83 0.9981692 
195 42 57 77 0.9979868 
718 211 5 9 0.09856127 
419 152 9 11 0.05443719 
413 -285 493 301 0.053930357 
-10 -289 475 291 0.053507753 
819 166 4 6 0.047319695 
802 160 4 6 0.042705696 
835 172 4 7 0.04045345 
840 294 5 7 0.037315067 
817 165 3 6 0.03720633 
797 166 4 6 0.03676101 
827 167 4 5 0.035177313 
-20 -273 192 183 0.034316584 
396 155 10 13 0.033050615 
698 -275 459 286 0.032500084 
813 171 5 9 0.032397386 
827 173 4 6 0.031680543 
797 170 5 8 0.030967101 
836 167 3 5 0.030907616 
817 163 3 4 0.030717757 
803 294 5 6 0.028713485 
806 160 4 6 0.027642298 
825 175 6 9 0.027267873 
758 219 4 5 0.027236585 
139 122 369 332 0.026734196 
798 161 3 5 0.026501734 
725 179 4 8 0.025856856 
719 207 3 5 0.025570288 
813 298 5 8 0.025018811 
808 172 6 9 0.023814013 
812 211 6 7 0.02360347 
596 156 82 172 0.023439072 
820 162 4 5 0.023022804 
818 171 5 7 0.022192055 
716 179 5 7 0.021166978 
