27_Spa_Spa_27_121
126
795 336 87 107 0.99552745 
112 70 83 112 0.97423244 
131 276 70 147 0.052666537 
66 237 88 161 0.04545871 
333 56 18 29 0.044639714 
8 490 14 16 0.044430964 
843 238 9 15 0.043805808 
879 19 22 26 0.040657673 
569 56 21 30 0.038234036 
565 516 27 30 0.037649292 
835 27 26 30 0.037087403 
600 262 10 13 0.036984626 
346 422 7 12 0.03586961 
-5 -133 51 140 0.035724048 
311 50 18 27 0.033568557 
49 33 134 191 0.032926552 
794 134 43 56 0.031962574 
-5 490 79 160 0.031486988 
9 482 28 31 0.03117037 
282 378 10 14 0.031001477 
323 89 10 16 0.030659925 
-1 622 59 136 0.030643394 
-30 -135 169 168 0.03009197 
-14 631 185 278 0.030069252 
523 230 11 14 0.029678544 
314 113 14 21 0.029642303 
255 130 23 32 0.029218882 
827 13 24 28 0.028927004 
467 241 21 35 0.027796725 
4 582 37 80 0.027166625 
868 221 24 33 0.026745154 
795 24 23 28 0.026728716 
535 12 26 25 0.02669699 
267 61 20 29 0.026474394 
587 397 12 12 0.026364606 
298 86 11 18 0.026162215 
889 29 20 29 0.02610257 
287 53 19 30 0.026083026 
713 493 86 89 0.025866238 
252 3 79 114 0.025862241 
811 45 9 12 0.025639402 
248 30 23 34 0.025448905 
516 479 89 94 0.025351416 
552 162 13 18 0.025142413 
243 89 20 32 0.025113514 
4 485 36 88 0.024849353 
869 -127 257 162 0.02447954 
248 10 20 24 0.024419662 
272 49 21 29 0.024284078 
289 76 18 27 0.023931408 
872 28 21 29 0.023859305 
270 365 11 13 0.023844209 
464 188 161 214 0.023779077 
825 64 22 28 0.02361786 
574 197 10 14 0.023384558 
276 349 14 16 0.02335391 
876 225 8 12 0.023338044 
273 82 19 28 0.023263488 
815 249 20 29 0.0232429 
272 402 12 14 0.023123953 
268 35 20 30 0.02300893 
539 62 24 39 0.022972608 
290 349 12 14 0.022922045 
758 86 81 110 0.02286675 
504 225 11 14 0.022813179 
818 28 23 28 0.02271186 
603 -28 59 47 0.022707978 
991 -31 23 28 0.02265824 
267 83 9 15 0.02256766 
605 211 65 132 0.022550503 
926 70 26 33 0.022506014 
269 94 17 28 0.022449147 
248 60 42 74 0.022316398 
839 716 17 15 0.02219863 
279 69 21 29 0.022119973 
816 692 12 12 0.022116238 
254 731 48 54 0.022105448 
803 5 24 26 0.021965748 
553 -18 14 13 0.021957213 
537 30 27 34 0.021954756 
273 88 10 17 0.02188715 
318 91 17 29 0.021845618 
885 34 13 17 0.02179456 
322 53 18 30 0.02174144 
463 -30 24 25 0.021659946 
284 125 22 35 0.021653496 
300 60 20 31 0.021650443 
803 35 22 29 0.021535084 
248 296 42 62 0.021523183 
-20 68 266 439 0.021340527 
545 479 45 46 0.021285571 
797 -23 23 21 0.021137776 
885 106 24 34 0.021119755 
389 43 10 16 0.02106081 
879 37 22 32 0.020899812 
527 -18 14 13 0.020785196 
875 -8 25 22 0.020750634 
954 63 27 36 0.020749152 
583 526 23 27 0.020743022 
314 434 8 12 0.02073662 
793 129 9 11 0.020624602 
279 33 20 32 0.020608671 
345 395 9 14 0.020600634 
278 68 12 17 0.020549169 
28 487 20 34 0.020519095 
527 -29 24 23 0.02050539 
291 631 23 20 0.020504033 
880 198 22 30 0.020474894 
278 190 11 17 0.020381544 
455 240 22 41 0.020353174 
494 213 6 9 0.02034991 
607 507 8 11 0.020328645 
970 161 12 12 0.020323232 
293 34 20 30 0.0203057 
562 70 23 32 0.020281587 
563 365 9 11 0.020272195 
669 -25 22 25 0.02024942 
261 82 17 28 0.020245513 
933 84 27 34 0.020244285 
280 93 18 29 0.020202288 
273 376 11 16 0.02010975 
315 124 13 20 0.020092776 
817 77 73 100 0.020085158 
582 198 19 25 0.02006693 
298 23 12 16 0.020028738 
587 33 9 11 0.02002129 
