37_Soccer_Soccer_37_415
827
187 429 54 69 0.9483314 
81 185 147 188 0.43795523 
544 25 47 48 0.35155767 
901 249 60 77 0.19320133 
1 299 71 113 0.14368299 
624 248 61 65 0.13619505 
559 580 110 75 0.13166009 
500 35 83 69 0.124175094 
941 617 33 32 0.11812704 
352 562 20 22 0.10451416 
270 184 16 29 0.0994251 
304 597 86 93 0.097144306 
426 616 99 85 0.09144769 
746 36 52 42 0.08582031 
277 314 42 59 0.08170704 
904 613 44 46 0.07809217 
127 92 33 34 0.076993294 
73 233 46 56 0.07612601 
810 267 82 95 0.071816295 
155 560 204 168 0.07151018 
343 540 10 13 0.07101828 
682 1 28 19 0.069274865 
362 599 23 37 0.065481454 
602 330 374 353 0.062279988 
364 565 14 19 0.060164873 
97 294 99 122 0.05970147 
930 615 14 15 0.05906266 
130 641 102 98 0.057436462 
307 524 15 16 0.05694792 
540 208 39 67 0.056256685 
177 632 20 24 0.05365833 
474 36 48 47 0.052517544 
206 380 85 116 0.051615696 
342 560 20 22 0.050786752 
355 567 26 34 0.050217323 
347 597 26 35 0.049156744 
913 615 20 28 0.048701484 
244 338 82 136 0.048031267 
860 255 84 112 0.04781694 
896 625 27 35 0.047705095 
828 413 55 47 0.047484804 
762 25 33 25 0.046421282 
574 235 157 166 0.04635461 
681 22 121 84 0.046264373 
39 263 80 134 0.046123188 
501 37 28 33 0.046078607 
729 279 202 215 0.045826957 
197 629 9 13 0.045373734 
580 618 32 33 0.045313165 
140 669 46 54 0.045185085 
926 603 20 15 0.044624645 
201 597 55 51 0.043651666 
932 336 10 10 0.043490153 
38 497 374 358 0.043483514 
380 556 10 11 0.043278717 
283 346 29 40 0.04314372 
569 20 24 33 0.04308469 
372 611 23 30 0.042247254 
331 339 10 14 0.04218727 
527 458 25 22 0.04193318 
65 212 91 99 0.041569714 
451 5 29 25 0.04137609 
361 619 29 37 0.040765554 
663 6 26 21 0.040686253 
446 0 167 152 0.04041922 
208 395 15 18 0.040206097 
620 627 41 37 0.040074896 
170 122 9 12 0.03964345 
138 617 42 58 0.039528966 
418 -10 371 388 0.03928152 
306 592 38 23 0.039278895 
-25 -149 141 186 0.039210707 
667 333 24 33 0.0391908 
867 352 24 30 0.038611367 
916 625 55 53 0.038421165 
380 573 19 27 0.03839947 
11 358 51 79 0.038279224 
207 392 373 356 0.037580203 
932 614 27 23 0.037537705 
969 419 55 54 0.037114337 
753 341 48 54 0.037018076 
1001 209 21 30 0.036912348 
926 330 21 23 0.03690605 
985 388 9 12 0.036896747 
354 21 14 12 0.03679866 
471 47 26 28 0.036576785 
263 393 50 64 0.036265407 
270 284 90 107 0.03584085 
842 366 21 26 0.035582993 
882 388 8 9 0.035502557 
1002 28 10 15 0.035445057 
776 33 30 28 0.035239004 
179 128 6 7 0.03499328 
335 592 28 27 0.03494988 
690 642 43 41 0.034706965 
725 29 14 14 0.034625117 
950 644 23 28 0.03460611 
580 225 9 12 0.034456577 
864 243 7 9 0.03430353 
748 71 9 8 0.034033928 
105 36 94 101 0.034022626 
340 569 25 35 0.03401639 
869 373 20 25 0.033540457 
774 14 30 25 0.033447422 
420 36 11 10 0.033288427 
518 294 14 16 0.033221968 
140 56 9 9 0.032796897 
113 99 10 17 0.03257978 
848 374 11 13 0.032566458 
673 225 6 6 0.032428253 
614 306 8 10 0.032344382 
323 331 20 25 0.032301407 
895 331 8 10 0.0322934 
770 16 16 13 0.03221169 
164 89 8 13 0.032203022 
278 540 108 86 0.032185957 
894 42 11 11 0.031917732 
327 555 15 18 0.031882543 
642 214 23 28 0.031702183 
837 384 8 8 0.03164993 
780 342 108 112 0.031571005 
882 375 21 24 0.031538654 
243 562 25 25 0.03153801 
134 56 8 10 0.031395856 
807 281 6 7 0.031391326 
920 589 84 73 0.031380035 
840 332 26 28 0.03137264 
926 12 7 8 0.031371806 
887 43 11 9 0.031312827 
395 36 10 10 0.031188523 
714 48 11 12 0.031172039 
-1 442 30 70 0.031147746 
990 234 7 11 0.03106828 
992 603 30 24 0.031056514 
296 568 14 14 0.030801725 
856 382 22 27 0.03076956 
367 582 13 17 0.030710345 
336 561 15 17 0.030686352 
921 11 9 8 0.030681778 
288 576 30 25 0.030619755 
264 546 14 16 0.030597957 
173 626 43 50 0.030501986 
264 250 43 61 0.030391457 
527 43 35 30 0.030316066 
795 15 25 26 0.030299198 
343 36 11 10 0.030268623 
684 211 8 7 0.03025658 
685 223 7 8 0.030200688 
531 69 35 31 0.030177373 
333 30 21 22 0.030164298 
630 227 26 29 0.030148527 
543 367 29 31 0.030077875 
277 548 12 14 0.030075148 
764 671 28 30 0.03007285 
581 494 29 28 0.030027172 
677 203 23 24 0.030026576 
302 575 35 24 0.03000918 
960 214 29 32 0.029941672 
761 16 65 43 0.029914849 
830 381 9 10 0.029897964 
742 674 97 77 0.029892413 
832 381 26 27 0.029858211 
443 -4 29 18 0.029854124 
576 602 32 32 0.029839735 
627 610 37 33 0.029808277 
679 224 6 7 0.029680455 
850 390 8 8 0.029514667 
703 2 19 13 0.029499914 
296 218 14 18 0.02945527 
502 474 72 110 0.029432971 
881 382 9 10 0.02940904 
348 649 24 36 0.029395908 
681 354 19 26 0.029321894 
776 400 45 61 0.029296117 
999 631 25 27 0.029281925 
691 332 7 9 0.029261505 
461 440 368 301 0.029245267 
888 37 10 10 0.029215666 
689 223 9 9 0.029155623 
378 586 25 42 0.029154854 
320 195 24 28 0.029083649 
407 425 26 27 0.029068302 
80 256 49 70 0.029062955 
492 244 85 94 0.029060585 
352 337 8 12 0.029052507 
398 410 6 6 0.028972587 
510 58 34 26 0.028930927 
232 408 19 35 0.028869858 
919 632 11 16 0.02885348 
394 372 10 14 0.028665733 
170 678 11 17 0.028607076 
416 59 164 198 0.028515618 
635 57 82 96 0.028481187 
738 403 105 129 0.02846192 
842 320 51 55 0.028460773 
881 426 10 13 0.028398866 
799 360 23 28 0.028305478 
877 397 7 7 0.028292535 
601 205 109 98 0.02827811 
575 237 6 9 0.028225472 
862 382 9 10 0.028130766 
277 549 23 26 0.028124575 
876 382 9 11 0.028101156 
695 9 67 44 0.02803735 
316 531 14 15 0.028031485 
976 626 18 28 0.028006768 
584 13 12 15 0.027934868 
352 333 7 9 0.027922649 
900 35 11 11 0.027918445 
292 28 12 12 0.027911842 
872 45 26 23 0.027812146 
814 253 21 27 0.027749175 
813 268 6 8 0.027699338 
529 311 10 12 0.027665677 
669 162 89 103 0.027662901 
117 -62 112 90 0.027639607 
742 686 30 26 0.027603911 
673 231 7 7 0.027512696 
477 660 71 47 0.027463658 
851 438 31 30 0.027399417 
658 230 8 8 0.027377624 
806 294 6 7 0.0273723 
817 253 51 61 0.027346078 
622 434 19 29 0.027237955 
653 336 8 11 0.027230436 
328 315 22 28 0.027224148 
188 30 25 27 0.027218617 
124 157 122 118 0.027209302 
504 347 26 30 0.02717933 
1003 18 8 9 0.027176488 
724 41 28 27 0.027145661 
140 63 8 9 0.027103106 
795 39 14 15 0.027047826 
678 218 7 6 0.027027063 
870 58 7 7 0.027002674 
373 556 14 17 0.0269914 
964 347 10 12 0.026986886 
653 230 7 8 0.026969692 
649 143 3 5 0.02690967 
671 235 8 9 0.02690203 
516 209 8 11 0.026884807 
556 224 25 34 0.026783599 
857 242 8 10 0.026778476 
514 192 23 26 0.026751827 
732 35 14 13 0.026712667 
677 235 7 9 0.026702708 
748 25 30 29 0.026693013 
146 595 89 92 0.026650226 
530 212 77 112 0.026614357 
889 388 8 10 0.026610967 
911 634 11 15 0.026596319 
753 62 26 30 0.026580092 
350 281 8 10 0.02657212 
735 651 8 9 0.026488058 
373 223 38 52 0.026471538 
844 252 54 61 0.026438577 
806 288 6 7 0.026415505 
529 280 9 11 0.026407309 
937 622 14 13 0.026404172 
850 351 22 27 0.02640079 
426 22 14 11 0.026334051 
851 242 7 10 0.026317094 
933 17 8 8 0.026301172 
491 177 359 370 0.02629762 
453 202 104 111 0.026294556 
811 324 54 56 0.026267983 
424 30 12 10 0.026215855 
800 286 6 8 0.026196202 
685 218 7 7 0.026181089 
568 436 25 35 0.026154306 
31 403 28 36 0.026085822 
272 509 11 15 0.026046148 
801 282 5 7 0.026043203 
693 143 4 4 0.026042167 
826 26 6 7 0.02604112 
593 420 96 98 0.026036091 
811 275 7 9 0.026018564 
857 235 21 28 0.02599012 
717 27 15 15 0.025981626 
882 396 8 8 0.025939941 
484 604 46 55 0.025916567 
103 310 55 64 0.025894962 
508 202 18 25 0.025880832 
734 658 9 10 0.02587651 
649 147 4 6 0.025873026 
326 332 6 8 0.025869964 
640 231 6 7 0.02584517 
977 338 7 10 0.025844006 
738 29 14 13 0.02579111 
222 69 23 25 0.025781378 
871 397 6 7 0.025753139 
127 350 51 63 0.025704136 
820 255 6 8 0.025703287 
449 594 24 24 0.025690489 
529 274 8 9 0.025673987 
319 562 30 28 0.025666652 
867 332 24 32 0.025658317 
178 120 8 9 0.025573933 
646 230 8 9 0.025568767 
497 367 90 83 0.025561769 
376 389 8 8 0.025555743 
330 283 24 29 0.02554065 
337 36 11 10 0.02544579 
844 381 8 10 0.02541077 
298 -5 23 20 0.025383519 
719 142 4 5 0.025375905 
827 363 23 26 0.0253563 
368 182 209 253 0.025329417 
358 334 6 7 0.025304178 
400 320 92 96 0.02529924 
639 236 8 8 0.025294654 
893 16 10 13 0.025257517 
774 665 9 10 0.025236292 
592 502 12 12 0.025164567 
661 458 12 11 0.02516434 
718 0 30 21 0.025156135 
666 436 6 6 0.025151761 
475 635 58 51 0.025136098 
274 35 10 11 0.025124067 
774 319 8 9 0.025114223 
640 231 32 39 0.025096811 
524 110 180 210 0.02508823 
995 16 9 10 0.025071576 
177 686 11 15 0.025059354 
857 29 27 23 0.025041476 
918 612 11 14 0.025038186 
564 262 86 98 0.025037983 
981 229 20 28 0.02500373 
904 345 6 7 0.024902675 
582 288 7 9 0.02488271 
877 389 7 8 0.024862425 
314 312 22 29 0.024860125 
331 435 20 21 0.024835883 
187 232 177 215 0.024825128 
917 665 28 30 0.024822196 
156 -23 54 41 0.024817066 
860 359 11 15 0.024810938 
661 642 27 28 0.024806969 
653 225 7 7 0.024792 
332 333 8 10 0.024784563 
762 691 26 25 0.024754656 
879 358 20 28 0.024747355 
790 649 24 20 0.02474714 
522 310 11 13 0.024708526 
3 250 42 67 0.024671918 
69 189 10 12 0.024633933 
327 338 8 10 0.024602393 
882 38 22 21 0.024590395 
749 78 7 7 0.024575368 
473 553 77 104 0.024568766 
180 136 5 5 0.024562644 
7 737 90 150 0.024523094 
517 307 21 23 0.02451475 
677 230 7 8 0.02450656 
0 599 92 122 0.024505675 
62 187 11 14 0.024498757 
829 367 12 13 0.024471993 
582 236 6 8 0.024458053 
187 128 5 6 0.024454644 
412 232 48 57 0.024450088 
369 553 11 13 0.024449985 
554 305 9 11 0.024437793 
758 -2 22 17 0.024420064 
783 29 12 14 0.02441806 
957 -4 23 21 0.024411969 
697 223 9 10 0.024411118 
862 375 10 12 0.02440518 
811 286 7 10 0.02435868 
290 539 187 181 0.024355745 
367 288 79 101 0.024301523 
745 3 28 22 0.024279095 
857 382 9 10 0.024268292 
855 365 22 27 0.024246972 
218 398 20 27 0.024226507 
802 295 5 6 0.024205977 
319 597 31 35 0.024185903 
777 324 9 11 0.024178198 
782 51 14 16 0.02416115 
415 38 10 9 0.024148107 
567 486 26 31 0.024128463 
276 516 22 30 0.024125142 
832 19 7 8 0.024111355 
354 583 13 19 0.024102755 
912 148 4 5 0.02410111 
679 330 23 28 0.024088021 
942 224 7 8 0.024064984 
266 571 25 27 0.024061458 
971 -5 22 22 0.024059385 
747 657 9 9 0.024043195 
754 69 10 10 0.024032138 
963 454 11 14 0.024031933 
690 210 9 10 0.024019022 
377 204 7 10 0.024001945 
888 382 9 10 0.023995327 
369 626 12 15 0.023994938 
308 252 27 32 0.023988985 
676 204 8 8 0.023987224 
664 11 58 37 0.023957085 
927 18 7 8 0.023956604 
818 374 24 26 0.02394808 
134 64 7 8 0.023931732 
834 373 11 13 0.023902226 
776 58 13 14 0.023881057 
630 230 9 9 0.023869429 
361 590 12 18 0.023868924 
502 298 45 47 0.023858437 
669 -9 27 26 0.023851853 
533 279 23 29 0.023841653 
740 657 10 10 0.023840358 
898 331 23 30 0.023822693 
872 307 24 29 0.023820445 
121 327 32 32 0.023793656 
972 284 8 12 0.023793405 
3 191 277 325 0.023783095 
524 280 9 10 0.023775581 
708 227 11 11 0.023747608 
146 55 10 11 0.02374074 
688 318 24 31 0.023726787 
893 43 21 23 0.02368441 
209 30 24 25 0.023680314 
350 364 107 102 0.023654897 
1003 13 7 8 0.02361566 
899 651 26 27 0.023610536 
888 374 10 12 0.023591606 
950 631 103 100 0.02358042 
657 215 23 28 0.023492785 
689 363 8 11 0.023487154 
687 355 8 11 0.02347834 
638 433 10 11 0.02347606 
732 42 13 13 0.023475073 
677 242 9 10 0.02347409 
650 314 23 28 0.023458546 
683 204 8 8 0.023448415 
152 663 27 32 0.023443732 
678 210 6 7 0.023439659 
146 614 8 10 0.023429194 
720 48 12 12 0.023408758 
827 32 6 6 0.023402054 
475 619 15 18 0.023383394 
342 140 27 30 0.023380574 
854 374 11 12 0.023360427 
807 22 13 15 0.023352174 
329 420 22 24 0.02334591 
943 225 21 26 0.023343831 
392 394 21 25 0.023302307 
946 231 10 14 0.023298295 
619 203 8 9 0.02328237 
55 184 12 18 0.023280874 
821 236 24 25 0.023280839 
876 57 8 8 0.023263099 
303 562 30 25 0.023235247 
716 192 7 7 0.023227517 
860 669 12 11 0.023221023 
844 390 8 8 0.023213742 
738 605 16 13 0.023211086 
684 229 8 9 0.023207083 
390 31 20 20 0.023197735 
665 231 7 7 0.023181122 
545 354 114 128 0.023164783 
941 605 30 24 0.023133652 
530 518 88 111 0.023127962 
835 641 14 13 0.023108395 
869 241 9 11 0.023105068 
658 205 7 8 0.023091555 
357 221 11 12 0.023091312 
883 210 7 7 0.023090059 
397 416 8 8 0.023073109 
643 204 7 8 0.023061896 
978 356 8 10 0.023059882 
556 296 43 52 0.02304227 
162 126 7 8 0.023039041 
707 143 3 4 0.023026593 
924 625 14 19 0.023025038 
46 231 42 64 0.022992598 
336 541 18 23 0.022982422 
254 214 89 88 0.02298047 
666 422 6 7 0.022956837 
152 49 10 11 0.022906452 
737 35 91 107 0.022892699 
881 43 11 9 0.022877714 
839 662 13 13 0.022860605 
992 616 28 26 0.022849662 
725 642 91 74 0.022849439 
157 368 95 112 0.02283422 
632 441 21 25 0.022827907 
954 -127 111 113 0.022826701 
688 350 8 10 0.022824788 
977 247 8 11 0.022787796 
957 416 23 32 0.022786342 
191 401 10 11 0.022785813 
139 86 52 61 0.022777077 
629 314 6 7 0.022773694 
842 535 185 144 0.022764396 
711 33 15 15 0.02274496 
896 338 7 10 0.022727756 
306 547 26 26 0.022699302 
335 90 5 6 0.022676513 
907 35 10 12 0.022661002 
842 227 21 26 0.022650018 
868 41 12 11 0.02264653 
683 350 8 12 0.022636168 
972 784 91 113 0.02260543 
375 188 35 53 0.022601552 
899 7 44 44 0.022590902 
432 374 26 26 0.022579907 
137 617 22 25 0.022573804 
799 370 8 10 0.022569735 
800 275 6 7 0.022567071 
527 299 21 23 0.022566047 
977 4 11 11 0.022554751 
887 314 21 29 0.022554042 
657 336 8 11 0.022548715 
768 0 24 19 0.022531763 
562 7 205 173 0.022507995 
913 642 9 13 0.022499949 
953 231 25 29 0.022497578 
692 240 14 14 0.022496924 
660 216 7 9 0.02248332 
303 320 23 30 0.02248001 
591 508 13 15 0.022472793 
900 48 10 10 0.022466026 
147 362 26 32 0.022447867 
299 527 10 12 0.022413075 
865 389 6 8 0.022391252 
840 365 14 15 0.022390785 
853 648 14 12 0.022389557 
726 149 4 5 0.022378838 
940 217 7 8 0.022371428 
107 71 24 29 0.022345638 
526 297 11 12 0.022338718 
702 223 10 11 0.022332449 
994 207 41 56 0.022321625 
659 224 7 8 0.022319073 
250 562 12 12 0.022316266 
331 426 9 11 0.02230893 
327 603 17 14 0.022302654 
889 211 6 7 0.022296462 
918 205 24 28 0.022295143 
716 29 28 27 0.022293074 
328 610 13 15 0.022278747 
831 390 8 7 0.02227869 
165 116 25 33 0.022278646 
472 406 10 13 0.022274153 
166 675 29 35 0.022267045 
885 120 89 96 0.022239622 
189 630 11 15 0.022212427 
278 366 27 35 0.022211898 
869 49 10 10 0.022210645 
781 661 27 26 0.022201821 
724 21 15 15 0.022200616 
668 414 24 25 0.022197338 
888 412 10 13 0.022192795 
459 333 52 58 0.022188883 
62 378 38 59 0.022177847 
669 446 10 11 0.022173535 
666 225 6 7 0.02217016 
886 432 11 12 0.022167407 
545 320 5 7 0.022101443 
665 428 7 6 0.022098944 
807 275 6 8 0.022093879 
677 221 23 27 0.022092935 
679 70 86 101 0.022079257 
565 291 10 12 0.022061504 
717 454 6 8 0.022041647 
990 222 7 10 0.022033967 
493 578 38 54 0.022028495 
585 378 5 5 0.022022815 
515 141 4 5 0.02201533 
490 -5 22 21 0.022009365 
797 322 10 13 0.022005854 
298 559 11 14 0.021994345 
851 397 7 7 0.021991864 
574 447 30 38 0.02197632 
901 29 11 11 0.021964433 
186 626 22 27 0.021961238 
640 198 6 7 0.02195919 
970 40 20 31 0.021930488 
839 230 7 7 0.021929044 
1 172 43 52 0.021896375 
538 192 5 8 0.021890374 
552 261 23 29 0.021880422 
652 446 9 11 0.021880122 
337 567 73 92 0.021876395 
758 193 4 5 0.021874614 
798 374 22 29 0.021817192 
814 263 6 7 0.021815429 
705 311 53 62 0.021811936 
873 226 24 25 0.021810412 
693 230 23 25 0.021805294 
262 183 37 48 0.02180193 
911 642 27 34 0.02179805 
870 390 6 7 0.021773025 
528 435 26 29 0.021768209 
220 163 13 12 0.021760385 
738 72 24 30 0.021757828 
798 278 21 28 0.021754386 
950 653 12 15 0.021720372 
511 423 87 92 0.021718118 
879 196 23 27 0.02170981 
832 27 6 6 0.02169121 
400 355 11 12 0.02168206 
673 218 6 6 0.021661779 
709 15 28 25 0.021649878 
889 29 9 11 0.021639206 
344 284 10 12 0.021615908 
840 225 6 6 0.021613337 
377 334 9 14 0.021607287 
606 197 9 9 0.021592513 
820 262 8 9 0.021585722 
946 337 9 10 0.021567434 
350 205 22 25 0.021564012 
570 41 16 20 0.021544786 
887 367 10 14 0.021520825 
456 403 23 29 0.021516107 
260 560 11 13 0.02150053 
771 52 30 33 0.02149659 
806 382 8 11 0.021493891 
962 618 47 50 0.021490943 
690 216 9 9 0.02145103 
894 370 9 11 0.021446137 
883 222 7 9 0.021429319 
910 217 26 30 0.021404915 
710 454 7 8 0.021384204 
425 44 25 24 0.0213838 
868 374 10 13 0.0213575 
289 235 26 30 0.021340616 
585 372 5 6 0.021339798 
335 85 5 5 0.021336006 
659 209 6 9 0.021335669 
671 613 49 46 0.021331377 
656 70 22 22 0.021327654 
726 142 4 5 0.021321557 
883 247 9 10 0.021307297 
934 12 9 8 0.02129929 
879 294 14 19 0.021297934 
334 324 7 10 0.021289099 
544 325 7 9 0.021257771 
349 36 11 11 0.02125098 
37 266 41 68 0.02124808 
920 5 9 9 0.021241874 
590 632 17 18 0.021237379 
881 37 10 9 0.02123723 
599 629 13 15 0.021234946 
588 288 7 8 0.021228697 
609 292 9 10 0.021224534 
988 610 16 13 0.021223893 
606 190 9 10 0.021221248 
868 382 9 11 0.021198202 
133 48 10 12 0.021191902 
247 535 27 27 0.021190481 
944 238 11 15 0.021186769 
366 675 6 10 0.021173453 
980 441 23 30 0.021167578 
394 579 11 20 0.021164604 
722 204 7 7 0.021159006 
853 336 25 30 0.021142118 
895 799 59 54 0.021133084 
855 48 11 11 0.021130202 
365 331 6 9 0.021128608 
800 376 7 9 0.021112898 
875 64 9 7 0.021112578 
75 196 11 11 0.021111272 
550 60 32 30 0.021099098 
508 143 4 4 0.021093566 
534 306 10 11 0.021084256 
30 424 24 29 0.02108132 
958 382 8 10 0.02107763 
880 374 10 13 0.021076469 
642 143 3 5 0.021052064 
529 208 23 39 0.02104668 
347 670 23 31 0.021039411 
613 164 9 10 0.021033369 
696 216 8 9 0.021028249 
862 664 11 10 0.021023823 
653 235 8 9 0.021022892 
317 -12 26 21 0.021022268 
514 206 6 7 0.02101598 
536 320 8 9 0.021014972 
864 144 49 65 0.021013651 
757 681 14 15 0.02101031 
730 205 6 6 0.021005066 
803 659 25 24 0.020989947 
835 349 24 25 0.020988183 
815 272 23 35 0.02098585 
806 377 8 8 0.020980028 
671 440 9 9 0.020976966 
649 353 22 27 0.020967424 
599 502 12 12 0.020958746 
854 366 11 14 0.020948293 
501 166 25 25 0.020948207 
943 420 9 12 0.020941082 
778 329 9 12 0.020940542 
534 298 10 12 0.020932592 
88 263 28 34 0.020929292 
921 44 8 8 0.020928998 
813 390 6 8 0.020928783 
655 79 5 5 0.02092156 
338 421 8 9 0.020901535 
801 395 55 64 0.020897549 
898 17 9 11 0.020895975 
959 413 9 11 0.02089225 
933 215 9 10 0.020886172 
14 693 186 245 0.02088033 
43 4 96 85 0.02086415 
315 142 5 6 0.020859748 
749 83 6 7 0.020848103 
895 382 9 10 0.020837124 
662 2 17 14 0.020835306 
460 421 8 9 0.02083519 
296 543 21 26 0.020829042 
964 323 8 10 0.020825073 
655 452 10 10 0.020816773 
843 36 10 11 0.02081395 
946 330 9 11 0.020799983 
984 278 41 57 0.020799857 
701 138 47 58 0.020791434 
825 255 7 8 0.02079063 
307 119 23 33 0.020781614 
585 228 8 10 0.020769587 
358 685 6 9 0.020769382 
358 240 37 51 0.02076723 
849 43 11 10 0.020763129 
314 536 50 47 0.020762967 
909 5 24 22 0.020756014 
436 373 50 59 0.020754885 
887 425 11 13 0.02075434 
264 567 11 14 0.020744687 
180 373 26 30 0.020731905 
-16 408 78 131 0.020726591 
276 387 26 33 0.020724462 
752 14 29 24 0.020723242 
328 572 14 14 0.020708358 
709 326 9 11 0.02068815 
595 595 37 36 0.02068758 
258 812 54 55 0.020681906 
627 409 8 8 0.020671729 
665 212 6 7 0.020658886 
957 660 11 14 0.020654071 
740 343 9 11 0.02063297 
729 8 31 24 0.020629268 
775 21 16 13 0.020580882 
318 350 9 12 0.020567404 
670 421 8 8 0.020558406 
21 196 81 118 0.020551225 
543 314 7 7 0.020533327 
690 229 9 9 0.020506084 
125 49 10 11 0.020489177 
266 530 24 28 0.020482643 
350 286 8 11 0.02047436 
908 204 8 9 0.020462608 
327 580 14 12 0.020456674 
812 300 7 9 0.020428149 
151 42 11 11 0.020421088 
570 219 20 28 0.02041829 
707 438 23 27 0.020409126 
810 7 11 8 0.020402053 
764 82 5 7 0.020397307 
318 162 27 27 0.020395229 
964 633 21 28 0.02039354 
755 265 94 109 0.020360982 
477 601 23 23 0.020357449 
843 228 8 9 0.02035665 
837 236 9 9 0.020356255 
853 291 51 64 0.020355789 
408 370 26 23 0.020353658 
386 241 41 49 0.020349324 
874 329 11 13 0.020349119 
582 292 7 10 0.020344362 
868 389 22 27 0.020340301 
654 71 6 6 0.020337772 
727 651 23 24 0.020334652 
158 49 10 11 0.020333199 
897 351 20 28 0.02033033 
66 218 30 32 0.020318715 
658 324 9 10 0.020304846 
0 366 30 45 0.020303879 
696 228 9 10 0.020297145 
152 55 10 11 0.020290086 
924 142 4 5 0.0202853 
510 555 11 17 0.020282121 
665 441 7 8 0.020281201 
663 450 11 12 0.020266613 
968 432 13 19 0.020263404 
954 362 7 10 0.020251548 
841 -2 29 22 0.020236291 
282 247 29 36 0.02023627 
201 395 47 65 0.0202197 
973 276 22 30 0.02020915 
391 411 5 6 0.02019984 
812 376 9 9 0.020195294 
305 542 11 14 0.020185776 
377 343 9 12 0.020178884 
563 471 96 102 0.020177826 
676 345 12 17 0.020171018 
552 23 14 16 0.020170778 
895 388 9 10 0.020166855 
358 673 8 12 0.020144572 
941 395 8 10 0.020137032 
286 187 21 31 0.020131422 
881 266 10 13 0.020130662 
635 618 54 50 0.02012978 
843 336 12 14 0.020119742 
670 402 9 10 0.02011303 
900 63 20 23 0.020092558 
902 375 8 10 0.020092385 
990 242 11 16 0.020086668 
889 204 7 8 0.02008431 
329 534 11 13 0.020080132 
873 443 12 14 0.020078223 
562 369 24 28 0.020071562 
940 364 6 7 0.02006905 
677 197 9 8 0.020054517 
48 318 24 38 0.020050062 
613 300 8 9 0.020046702 
811 382 8 10 0.020045295 
961 396 13 17 0.020038191 
350 675 10 13 0.020036677 
917 98 22 29 0.020023871 
914 650 8 10 0.020020748 
366 686 5 7 0.02001866 
76 271 25 34 0.0200162 
889 217 7 7 0.020015838 
451 419 25 29 0.020014096 
707 227 25 26 0.020012338 
147 63 9 9 0.020012068 
416 358 28 26 0.020007934 
367 380 10 11 0.020003008 
