37_Soccer_Soccer_37_3
23
842 95 56 81 0.99696225 
302 139 62 79 0.9942069 
857 34 15 22 0.12038796 
602 12 394 455 0.06618134 
296 104 38 28 0.06516666 
273 121 12 19 0.03998267 
954 30 20 25 0.03587964 
852 45 15 21 0.035804678 
763 238 37 47 0.03389184 
174 271 85 75 0.03342762 
480 774 35 34 0.03183748 
867 37 10 17 0.031529214 
440 240 413 458 0.028069206 
934 254 93 110 0.027319347 
443 755 95 75 0.027269151 
851 329 32 21 0.025446484 
860 44 13 20 0.024213182 
-16 328 301 416 0.021681273 
850 34 13 18 0.021320105 
818 330 97 99 0.020794978 
302 111 46 52 0.020735003 
469 124 13 14 0.020679135 
313 383 30 31 0.020438114 
