37_Soccer_soccer_ball_37_994
105
240 65 85 118 0.99923754 
44 452 388 348 0.21190493 
60 130 406 397 0.16505803 
143 511 96 77 0.088635735 
43 54 61 68 0.08209054 
-15 -232 494 261 0.075296804 
900 63 31 36 0.06661185 
-21 -221 192 180 0.06371614 
254 -230 512 269 0.061607763 
408 52 26 25 0.057328388 
474 53 15 12 0.054481596 
67 12 4 6 0.047272433 
86 22 3 3 0.046897363 
528 -221 505 273 0.042220466 
91 22 3 3 0.042016137 
857 2 6 6 0.041606884 
94 405 11 18 0.04065522 
111 462 206 184 0.040484674 
843 0 9 6 0.03997849 
461 53 15 13 0.036632665 
756 31 8 7 0.034869213 
-1 430 29 64 0.034735378 
530 52 9 10 0.034687433 
519 49 7 9 0.034509763 
67 438 40 53 0.034489255 
70 13 4 5 0.0341336 
91 27 4 4 0.03406622 
924 113 48 60 0.033204712 
46 22 4 5 0.032654423 
928 80 26 25 0.030627433 
86 16 3 3 0.030521752 
52 27 4 5 0.030409673 
77 414 25 28 0.030039506 
80 21 3 3 0.029761098 
174 -125 487 407 0.028789187 
79 16 3 3 0.028776908 
72 20 3 4 0.028396498 
885 36 9 9 0.02819879 
247 356 9 16 0.028064435 
925 90 29 37 0.028040538 
733 358 445 462 0.027945776 
401 62 25 26 0.027605498 
78 27 3 4 0.027199699 
545 214 428 367 0.027133383 
87 27 3 3 0.027075894 
559 47 12 13 0.027006725 
96 28 4 5 0.026781013 
552 50 8 9 0.026659733 
54 401 74 97 0.02629824 
703 45 25 24 0.02614205 
910 80 31 37 0.025749123 
535 52 10 10 0.02560762 
773 33 6 7 0.025489604 
782 29 8 11 0.025323626 
164 559 28 24 0.025287917 
746 43 27 30 0.025247283 
66 22 4 4 0.02520846 
254 354 9 17 0.025075786 
832 1 6 5 0.02498276 
519 38 7 7 0.024731794 
467 40 23 23 0.02454537 
98 22 3 3 0.02443756 
768 32 6 7 0.024387805 
897 108 25 31 0.024361597 
783 26 6 8 0.024293566 
505 43 8 10 0.024230476 
505 38 7 7 0.02384375 
769 24 6 6 0.023665065 
523 50 7 9 0.023609087 
488 56 14 13 0.022914723 
97 31 4 5 0.022801457 
93 15 2 3 0.022532288 
173 550 33 24 0.022246484 
783 20 5 5 0.02221481 
104 39 4 6 0.022210905 
416 35 23 27 0.022074196 
849 0 9 7 0.022039467 
523 45 7 8 0.022026174 
47 26 4 6 0.021988912 
680 44 25 23 0.021701751 
552 46 6 6 0.021691537 
74 63 30 34 0.021641208 
548 44 20 23 0.021524962 
857 19 8 6 0.021458516 
851 -234 274 183 0.021455195 
866 2 4 5 0.021420028 
346 455 91 113 0.021415176 
59 395 22 29 0.021389628 
481 103 6 6 0.021135904 
899 89 27 34 0.021066625 
68 8 3 5 0.020998664 
79 33 4 5 0.020816991 
858 4 6 7 0.020776795 
92 415 14 19 0.020700822 
931 33 3 4 0.020694165 
44 351 7 10 0.020547783 
768 36 7 9 0.02040281 
98 39 5 5 0.020321159 
907 112 10 14 0.020247659 
475 32 21 22 0.02019424 
754 19 6 5 0.020174764 
86 402 13 17 0.02014036 
86 425 25 34 0.02010315 
469 63 24 23 0.020063771 
531 45 6 6 0.020049807 
