37_Soccer_soccer_ball_37_114
28
676 156 27 31 0.9999193 
611 155 27 35 0.9999138 
292 164 26 34 0.9998878 
125 149 29 33 0.999874 
832 162 29 31 0.999864 
443 152 27 33 0.9998543 
365 159 28 37 0.9998394 
604 273 28 36 0.999765 
241 259 27 35 0.99975437 
412 242 30 35 0.9997385 
684 257 28 36 0.9996363 
775 251 27 35 0.9995975 
501 231 29 38 0.9995491 
521 150 27 34 0.9995409 
161 259 27 35 0.99944466 
740 156 29 35 0.99928075 
893 253 29 39 0.9991929 
756 361 37 44 0.9989691 
386 350 31 39 0.9988513 
73 254 29 34 0.99861705 
326 245 31 35 0.99835783 
217 175 29 36 0.99826044 
508 342 29 45 0.9977186 
138 367 32 42 0.99741435 
264 361 33 42 0.9956988 
645 355 32 41 0.99208474 
837 148 25 23 0.041377343 
863 364 64 46 0.026550965 
