37_Soccer_soccer_ball_37_926
2111
510 138 6 10 0.974459 
938 233 9 11 0.63985884 
977 447 7 11 0.359901 
509 294 6 9 0.3163982 
525 646 8 8 0.2973783 
535 637 9 10 0.27552906 
505 656 11 9 0.26364955 
984 461 9 17 0.20771246 
569 625 10 9 0.20318207 
444 607 10 9 0.19608156 
438 640 10 8 0.18587579 
524 668 9 10 0.16627277 
473 613 9 9 0.16456094 
576 646 9 7 0.15153335 
482 645 9 7 0.14326748 
241 15 393 429 0.14086275 
473 701 10 10 0.12091098 
453 656 10 9 0.118196845 
984 453 7 11 0.11588739 
559 656 9 9 0.112291865 
102 267 572 404 0.11012668 
493 323 7 9 0.110019185 
439 671 10 8 0.10795105 
392 657 7 7 0.106596604 
-46 -161 204 159 0.0998931 
525 656 9 9 0.093883865 
983 509 8 13 0.09326486 
497 317 7 9 0.089933395 
621 657 9 12 0.08939278 
576 665 9 9 0.08780874 
936 238 8 15 0.08751242 
978 456 9 15 0.08330966 
534 656 9 11 0.08318469 
575 669 11 12 0.08196858 
493 312 8 9 0.0812832 
494 305 6 8 0.080119684 
489 373 4 6 0.07809229 
575 649 10 10 0.07475157 
521 158 5 11 0.07274475 
485 326 6 7 0.07144526 
499 159 5 9 0.07105129 
501 342 6 11 0.07025335 
661 -77 551 391 0.067616135 
499 301 7 7 0.06731387 
615 129 507 473 0.06694423 
516 347 4 5 0.06593016 
529 663 10 12 0.064254224 
788 789 140 104 0.06417984 
482 325 6 7 0.0627067 
174 18 111 104 0.0625249 
980 465 9 16 0.06205097 
524 324 5 8 0.06094141 
44 781 110 110 0.060578465 
502 377 4 7 0.060394254 
190 790 137 103 0.05997495 
445 704 10 9 0.059889354 
534 642 10 10 0.059258003 
512 639 8 8 0.059086364 
979 443 6 9 0.058463186 
520 319 5 7 0.057338096 
243 690 28 23 0.05624081 
394 654 8 8 0.055589266 
815 59 26 26 0.053945377 
972 514 10 14 0.05332286 
797 11 119 101 0.05289382 
233 686 26 18 0.052788205 
201 498 438 372 0.052267816 
815 29 60 49 0.051067874 
452 660 12 13 0.05018563 
921 474 23 23 0.050092604 
569 630 11 10 0.04971568 
529 633 51 46 0.049371976 
944 240 9 12 0.04933627 
570 688 9 10 0.049049098 
115 791 136 104 0.048954308 
335 134 204 239 0.04890196 
460 608 8 8 0.048755948 
916 506 26 21 0.048637386 
101 62 22 24 0.048256002 
498 294 7 8 0.04814227 
943 235 8 10 0.048106823 
501 333 6 8 0.04751794 
677 789 139 107 0.04716281 
503 640 8 8 0.04700095 
488 613 5 7 0.04682744 
505 317 7 9 0.04675313 
735 20 117 95 0.04662367 
534 677 11 11 0.046507884 
481 649 11 11 0.046279125 
868 351 23 23 0.04598227 
858 70 7 7 0.04576316 
227 57 23 23 0.045624506 
812 75 8 9 0.04543337 
967 69 6 7 0.04538651 
988 459 8 13 0.04516062 
500 657 9 8 0.044852447 
235 64 23 23 0.04427308 
438 649 12 11 0.04415068 
499 639 8 7 0.04413483 
183 20 23 21 0.043978333 
233 705 31 24 0.04365344 
879 802 126 114 0.04360378 
505 351 4 7 0.043583017 
222 692 28 21 0.043443907 
944 477 25 26 0.04312169 
187 48 24 24 0.042968433 
385 646 5 6 0.04266634 
809 72 25 27 0.04265337 
36 -107 528 390 0.04211246 
558 676 21 23 0.041993935 
983 447 6 10 0.04192877 
847 63 26 24 0.041864205 
87 17 126 104 0.041814987 
819 76 8 8 0.041772336 
933 285 8 12 0.041501578 
559 661 11 12 0.041106347 
933 464 23 26 0.0409457 
440 657 10 8 0.040933125 
829 44 28 25 0.04089034 
971 516 22 29 0.040736154 
492 614 6 6 0.04066265 
985 473 9 13 0.040631384 
855 25 23 23 0.040622666 
828 60 28 26 0.04040761 
453 345 23 19 0.040311206 
941 286 9 13 0.04028758 
114 34 7 7 0.040181782 
214 297 115 104 0.040074047 
235 49 23 24 0.040041775 
431 610 49 42 0.040003736 
197 26 20 23 0.039959185 
976 568 24 26 0.039783537 
329 446 116 110 0.039731383 
475 706 10 12 0.03966375 
190 37 7 8 0.039502572 
825 35 8 11 0.039234947 
7 232 94 115 0.039223284 
488 313 6 7 0.039102253 
521 474 5 5 0.039018188 
976 493 5 8 0.03900927 
318 571 243 199 0.038963966 
974 65 6 6 0.038828954 
513 317 6 9 0.038713202 
514 371 5 6 0.038699213 
855 -145 270 144 0.03863239 
471 658 9 8 0.038618613 
140 171 115 101 0.038603127 
138 56 26 25 0.038547684 
979 484 6 9 0.038487256 
503 366 4 5 0.038438812 
486 320 6 6 0.038285982 
983 590 24 22 0.038140453 
770 52 28 25 0.038110938 
112 38 10 9 0.03805539 
442 611 11 11 0.038026456 
784 67 22 25 0.03802636 
501 463 4 4 0.03794808 
933 478 100 96 0.03791639 
493 377 4 5 0.037913535 
831 69 9 9 0.03787708 
511 415 6 7 0.037829913 
882 33 6 8 0.037804063 
103 38 66 53 0.037689462 
454 646 7 6 0.037625805 
184 688 130 65 0.037525658 
573 622 7 7 0.037494116 
800 692 23 18 0.037471607 
248 680 24 18 0.0373622 
509 456 4 4 0.037227295 
822 74 26 25 0.037159357 
473 609 8 8 0.03715611 
434 640 18 16 0.037129793 
842 52 12 13 0.03711114 
113 69 24 24 0.037056815 
550 652 8 7 0.03703528 
676 1 124 97 0.03700073 
895 3 119 103 0.036995985 
210 10 22 22 0.036980826 
498 287 6 8 0.036871064 
873 29 19 24 0.03686865 
488 610 5 5 0.03685556 
506 289 6 6 0.03682754 
492 373 4 5 0.036772892 
826 706 28 21 0.036690928 
169 56 22 24 0.036655784 
202 55 23 23 0.036424264 
854 49 24 23 0.03638086 
917 489 27 22 0.036379233 
114 56 22 23 0.036356088 
506 281 6 7 0.036322962 
825 76 8 8 0.036299147 
801 61 24 24 0.036243152 
391 662 9 11 0.036128867 
539 295 7 7 0.03605253 
973 70 6 6 0.03600558 
121 62 9 10 0.035986226 
527 653 18 19 0.035953578 
493 609 5 6 0.03585328 
493 602 5 5 0.0358164 
813 83 8 8 0.035798803 
818 69 8 9 0.035632826 
485 642 7 6 0.035605483 
124 32 5 5 0.03553239 
741 12 23 22 0.035529133 
574 657 11 10 0.03545462 
954 423 71 105 0.03536146 
39 424 105 117 0.0353223 
465 663 10 10 0.035279777 
466 657 8 9 0.035171874 
266 687 29 17 0.035079416 
737 52 5 5 0.03493607 
931 504 26 22 0.034906507 
458 700 10 11 0.034902524 
-96 5 478 498 0.034902465 
125 58 24 22 0.034901805 
492 620 7 7 0.03488514 
190 56 9 9 0.03482428 
792 687 23 16 0.034748375 
972 82 9 8 0.0347449 
210 47 24 24 0.03470852 
513 474 4 5 0.034642562 
824 69 10 9 0.034626987 
517 371 6 6 0.03461711 
480 333 6 7 0.03459762 
391 647 5 5 0.03456371 
507 404 5 5 0.0344704 
931 480 26 24 0.03442213 
448 302 83 88 0.034377053 
823 351 24 23 0.034351856 
925 69 25 25 0.034349766 
623 803 119 110 0.034310292 
215 634 125 93 0.034155097 
415 643 45 49 0.034137752 
142 25 21 24 0.03407218 
114 88 23 25 0.034065362 
230 69 8 8 0.033963658 
381 467 8 6 0.033959553 
190 11 23 21 0.03395518 
892 56 24 23 0.033948813 
500 404 4 6 0.03388844 
467 612 9 8 0.033791997 
1007 447 5 10 0.03376064 
435 670 18 19 0.033748217 
499 622 5 7 0.033691045 
140 75 131 106 0.033644963 
103 14 58 42 0.03364349 
240 382 116 109 0.033583406 
511 411 6 5 0.033567626 
749 52 6 5 0.033536687 
192 70 8 7 0.03345195 
986 51 6 6 0.033424433 
521 449 4 5 0.033410694 
493 640 6 6 0.033396497 
835 30 24 24 0.033331368 
974 64 26 21 0.033211783 
209 30 22 24 0.033185568 
519 415 6 7 0.03316894 
127 63 8 8 0.033158887 
991 454 6 9 0.033132717 
749 21 7 6 0.033129312 
817 89 27 25 0.033116437 
484 293 7 9 0.033081323 
977 486 4 7 0.033035334 
931 257 5 6 0.03301918 
504 413 7 9 0.032994285 
235 69 9 8 0.032986954 
637 479 119 104 0.032918073 
451 462 25 21 0.03290435 
506 419 8 9 0.03287628 
690 45 22 23 0.03286847 
864 57 8 7 0.03285947 
977 507 16 23 0.03284559 
500 626 5 7 0.032820523 
398 647 5 6 0.03276043 
121 56 9 9 0.032704405 
979 477 7 11 0.032701842 
448 594 8 6 0.032677222 
952 248 7 10 0.032625496 
215 81 27 27 0.03261821 
496 331 16 24 0.03259363 
820 697 7 5 0.032567896 
512 305 7 10 0.032448698 
844 45 7 7 0.03244182 
558 115 6 7 0.03240162 
967 66 6 6 0.03240075 
472 652 8 8 0.03236485 
499 614 5 6 0.032356706 
640 253 135 94 0.032331448 
489 301 17 19 0.032217167 
265 343 113 98 0.032164063 
519 350 5 7 0.03216225 
1006 467 6 10 0.032123983 
818 62 9 9 0.03206039 
171 33 7 7 0.03205672 
512 290 4 5 0.032032993 
622 646 4 6 0.031976674 
893 294 23 21 0.031922013 
520 481 6 6 0.03184797 
195 159 23 21 0.03182879 
930 264 4 6 0.031828154 
862 363 22 23 0.03181532 
778 32 56 48 0.03174532 
825 63 9 9 0.031741545 
508 462 5 5 0.031738576 
450 702 10 10 0.03170975 
869 11 24 25 0.031683143 
506 325 6 7 0.031625617 
183 55 10 10 0.031623073 
34 360 100 118 0.031606555 
990 476 7 11 0.031527657 
197 56 9 9 0.031499613 
504 661 12 11 0.031492293 
127 69 8 9 0.031486247 
135 285 109 114 0.031469528 
560 639 9 7 0.03145494 
976 457 6 10 0.031402655 
313 429 7 5 0.0313517 
544 298 8 8 0.031318996 
511 421 6 8 0.031301387 
859 65 6 6 0.031293318 
265 142 106 107 0.031285964 
167 30 22 25 0.031262662 
849 345 24 21 0.03122382 
203 56 9 9 0.031211257 
509 392 4 5 0.0311916 
177 64 22 22 0.031176519 
534 450 4 4 0.031169826 
961 69 6 7 0.03116052 
609 635 4 6 0.031154724 
379 657 6 7 0.031130882 
127 11 9 8 0.031117858 
773 71 9 7 0.031099172 
160 10 21 22 0.031071527 
801 75 7 9 0.031054461 
439 634 9 9 0.031037062 
415 479 9 7 0.031028517 
520 454 5 6 0.030983776 
560 646 9 7 0.030982317 
459 676 9 9 0.030980052 
873 56 24 23 0.030960293 
825 82 8 9 0.030943358 
815 45 27 26 0.030931477 
519 410 6 6 0.030916158 
622 654 6 8 0.030904826 
476 328 4 6 0.03090176 
140 64 8 7 0.030876793 
596 602 5 6 0.030869951 
384 480 7 5 0.030828025 
515 339 4 6 0.030826801 
946 83 21 22 0.03080227 
297 717 25 22 0.030794049 
114 63 8 9 0.030785926 
706 38 26 23 0.03075715 
488 620 6 7 0.030754263 
526 614 5 6 0.03075233 
523 485 8 7 0.030722883 
858 77 7 5 0.030711466 
971 609 22 22 0.030691016 
486 398 99 103 0.030673392 
504 338 5 8 0.03066059 
538 119 7 9 0.030629486 
457 357 28 24 0.030614689 
829 686 27 17 0.03057996 
526 455 4 5 0.030576227 
510 311 8 11 0.030567875 
532 301 5 6 0.030559752 
135 63 7 7 0.030541128 
960 77 7 6 0.030525288 
421 480 8 6 0.030487683 
120 69 10 9 0.030459456 
222 680 22 17 0.030435583 
113 20 22 23 0.030433077 
489 366 4 5 0.030397896 
384 658 7 7 0.03039509 
748 24 7 6 0.030378597 
526 622 5 6 0.03036428 
485 414 9 9 0.030315042 
492 596 6 5 0.030309232 
91 191 115 109 0.03030439 
479 302 45 43 0.030293547 
979 96 5 6 0.030291375 
190 44 8 8 0.030267488 
429 672 50 45 0.030260533 
882 11 25 24 0.030245341 
545 647 19 18 0.030241886 
986 57 7 6 0.030228522 
481 322 5 5 0.030204874 
610 597 5 5 0.03019483 
530 131 7 11 0.030185629 
429 479 9 7 0.030174151 
494 366 4 5 0.030156264 
482 603 5 5 0.030139131 
497 161 4 7 0.030116439 
444 352 23 19 0.030112939 
508 449 4 5 0.030109748 
818 82 9 9 0.030101392 
793 47 60 56 0.03009418 
550 608 7 7 0.030091263 
973 78 7 7 0.03008005 
945 517 22 20 0.030065263 
833 604 143 113 0.030041743 
249 377 9 7 0.029998029 
480 609 5 5 0.029995883 
504 333 6 7 0.029981764 
851 43 8 8 0.02996923 
512 487 5 6 0.02995691 
433 607 7 8 0.029904306 
144 28 63 48 0.029856762 
702 294 23 23 0.029833 
872 71 5 5 0.029818142 
156 48 21 24 0.029814651 
513 481 4 5 0.029808274 
870 57 7 6 0.029754506 
429 639 7 8 0.029728485 
935 71 6 6 0.029707711 
527 133 5 8 0.029678876 
976 444 4 6 0.029678581 
128 33 5 5 0.029636983 
248 470 118 113 0.029625034 
300 429 8 5 0.029614065 
465 55 21 24 0.02955202 
813 692 8 6 0.02954587 
325 804 128 111 0.029540574 
506 410 6 7 0.029530311 
366 14 52 46 0.029521609 
532 296 5 5 0.029516103 
901 69 26 24 0.02949495 
446 698 9 9 0.029490644 
294 430 7 5 0.029486442 
464 670 11 10 0.029469624 
909 498 26 21 0.029454624 
558 102 6 7 0.029443972 
556 141 7 8 0.029433945 
508 488 5 5 0.0294233 
466 701 11 10 0.029418895 
380 647 5 5 0.029415784 
253 708 11 11 0.029410662 
544 281 8 7 0.029406387 
684 58 22 21 0.029402813 
444 710 13 14 0.029381873 
284 412 123 109 0.02937559 
748 57 7 6 0.029342541 
499 654 8 6 0.0293316 
811 68 9 10 0.029326767 
928 71 7 6 0.029317774 
372 468 7 5 0.029316347 
591 716 23 25 0.029299846 
557 90 6 6 0.029259397 
537 415 6 7 0.029249411 
454 690 22 20 0.02924619 
113 108 23 24 0.029223831 
289 430 6 5 0.029173465 
542 634 7 7 0.029148456 
265 700 27 20 0.029134428 
518 645 8 7 0.029133804 
453 602 21 19 0.029125012 
230 76 8 7 0.029100887 
523 608 6 7 0.029093076 
495 294 17 19 0.02909007 
192 14 57 44 0.0290864 
243 76 8 7 0.029080119 
492 652 7 8 0.029062785 
197 50 9 9 0.029059162 
819 692 7 5 0.029056164 
94 68 9 9 0.029052667 
968 447 5 7 0.029048175 
440 462 22 19 0.029013162 
415 493 8 6 0.028997866 
407 566 110 84 0.02899424 
373 474 6 6 0.028992582 
969 487 18 24 0.028992312 
481 313 6 6 0.028981637 
480 282 5 6 0.028971521 
497 411 21 26 0.028963367 
390 487 8 6 0.028946042 
384 487 7 6 0.028922478 
140 12 22 21 0.028902877 
545 608 6 6 0.028902506 
973 441 14 23 0.028896967 
223 70 8 7 0.028891716 
973 58 6 5 0.028887156 
231 91 53 52 0.028848078 
191 63 9 8 0.028841041 
377 480 7 6 0.028838417 
865 32 6 6 0.028807657 
717 30 25 24 0.028803963 
135 57 7 7 0.028787868 
805 69 9 9 0.028742157 
853 19 7 6 0.028732164 
410 635 4 5 0.028728306 
539 444 5 4 0.028722914 
214 671 73 42 0.028686572 
955 539 23 26 0.028654968 
120 621 23 22 0.02864537 
471 664 9 9 0.0286209 
536 427 7 7 0.028604971 
518 423 7 7 0.02859538 
163 62 10 10 0.028580882 
717 545 566 340 0.028568251 
973 210 7 7 0.028567063 
120 76 9 9 0.02856468 
603 602 5 5 0.02856468 
390 481 7 5 0.028555488 
973 102 6 7 0.028554706 
151 19 23 23 0.028542394 
784 74 10 10 0.02854135 
507 628 5 6 0.028515162 
967 78 6 5 0.028514298 
864 38 6 7 0.028510984 
508 474 4 4 0.028489843 
505 304 8 10 0.028483232 
727 12 25 23 0.028480383 
555 150 8 11 0.02839516 
942 72 6 5 0.02837693 
976 480 4 7 0.028366987 
646 595 7 6 0.028323023 
549 133 7 8 0.02830479 
420 475 25 18 0.02830455 
393 50 9 9 0.028299762 
491 329 8 10 0.028293177 
499 305 18 22 0.028276663 
533 443 4 4 0.028268805 
114 76 9 9 0.028266715 
494 403 5 6 0.02825787 
955 77 6 6 0.028219063 
220 26 20 24 0.028205821 
452 675 11 11 0.028201887 
534 682 12 17 0.028161103 
486 351 6 7 0.028121319 
802 89 24 24 0.02812006 
230 83 7 6 0.028109452 
979 58 7 5 0.028108649 
203 11 11 9 0.028097903 
872 66 6 5 0.028092101 
885 72 5 4 0.028091852 
242 47 124 113 0.028064484 
627 654 5 7 0.028058492 
832 77 7 7 0.028022544 
554 653 18 17 0.028019998 
555 145 8 10 0.02800739 
95 412 129 123 0.02799589 
157 68 11 10 0.027994297 
210 62 9 9 0.027992012 
723 65 22 22 0.027981492 
801 362 222 181 0.027975475 
1007 440 6 9 0.027954701 
486 421 7 8 0.027944554 
817 49 9 10 0.027938893 
109 62 8 10 0.027892534 
134 44 6 7 0.027885381 
511 468 5 6 0.027881315 
135 69 8 9 0.027869685 
533 456 5 4 0.027835952 
550 657 7 8 0.027827896 
817 698 27 22 0.027825056 
774 684 141 69 0.027812587 
526 463 5 5 0.027810993 
743 285 139 98 0.027803844 
203 19 23 23 0.027774377 
922 52 6 6 0.027763346 
229 42 8 9 0.027747044 
595 710 8 10 0.027737537 
794 76 7 9 0.02773463 
517 307 5 8 0.027730828 
804 81 9 11 0.027688783 
502 456 4 4 0.02766612 
221 39 22 26 0.027659334 
953 489 42 51 0.02765785 
861 64 24 22 0.027656449 
525 289 5 6 0.027638597 
918 61 23 25 0.027632233 
492 338 7 10 0.027631424 
551 312 9 8 0.02762972 
223 455 6 5 0.027628401 
812 62 9 9 0.027624829 
321 429 7 6 0.027620532 
476 449 45 56 0.027612733 
845 39 6 6 0.027601998 
811 37 7 10 0.027579164 
225 35 7 9 0.02757894 
558 97 6 6 0.027575945 
210 56 9 9 0.027553054 
383 493 8 6 0.027527144 
470 669 10 10 0.027492885 
863 19 7 6 0.027481569 
384 475 7 5 0.027477833 
889 43 7 9 0.027465252 
317 381 11 9 0.027462794 
985 484 6 9 0.027446635 
493 267 6 9 0.027417917 
564 602 6 6 0.027411656 
461 308 8 6 0.02740792 
464 689 9 9 0.02739685 
460 44 9 9 0.027395112 
372 480 7 6 0.027392091 
512 455 5 6 0.027381238 
518 480 107 101 0.027378228 
977 70 8 6 0.027364247 
858 33 5 5 0.027357033 
941 76 7 7 0.027337678 
389 386 112 106 0.027319321 
532 429 6 6 0.02730394 
481 641 6 6 0.02728678 
526 449 4 5 0.027254554 
519 289 4 6 0.027224837 
113 68 10 10 0.027224176 
147 56 8 8 0.02722336 
520 168 6 11 0.0272102 
502 372 4 6 0.027207889 
306 429 8 5 0.02720582 
863 45 7 7 0.027198512 
185 64 8 8 0.027168555 
838 69 8 8 0.02716476 
590 615 4 6 0.027155828 
921 42 21 26 0.027130831 
493 627 6 7 0.027109971 
391 491 8 8 0.027077172 
568 695 12 17 0.027073687 
251 45 7 6 0.02706716 
236 64 8 7 0.027043454 
224 422 7 6 0.027029116 
532 269 5 6 0.027023973 
189 33 5 5 0.027014999 
838 43 8 9 0.027013123 
498 608 6 7 0.026977157 
986 70 7 6 0.026975377 
125 6 22 18 0.02696938 
223 63 8 8 0.026966367 
868 153 9 7 0.026951479 
545 602 6 6 0.026914671 
838 716 27 20 0.02690872 
998 465 6 11 0.026867922 
491 312 18 20 0.026860727 
608 152 7 8 0.02685098 
872 77 5 6 0.026836352 
985 148 22 19 0.026830098 
507 429 6 7 0.026828663 
458 652 21 19 0.026821906 
998 471 8 12 0.026811395 
817 30 18 23 0.026795788 
954 83 7 8 0.026791716 
423 487 8 6 0.026790723 
588 583 21 22 0.026781285 
709 442 132 116 0.026775716 
482 288 5 6 0.02677014 
452 669 23 22 0.026769767 
422 709 8 8 0.026755609 
857 56 8 8 0.026749779 
540 675 22 24 0.026748383 
973 52 6 5 0.02674119 
555 601 8 7 0.026717676 
939 286 18 28 0.026702924 
547 667 22 24 0.026700947 
571 90 5 6 0.026690837 
978 210 7 7 0.02668804 
620 133 10 8 0.02668085 
395 44 8 8 0.026673261 
487 338 5 8 0.02667011 
306 384 8 6 0.026663655 
416 488 7 5 0.026635973 
138 7 9 7 0.026634946 
850 70 8 7 0.02661811 
546 102 6 7 0.026605826 
183 12 9 7 0.026600366 
289 436 6 5 0.026577055 
526 398 6 6 0.026566146 
514 352 4 5 0.02656535 
295 699 6 4 0.02656214 
678 50 9 8 0.026522694 
772 12 24 22 0.026513081 
635 658 5 7 0.026504608 
949 -114 118 99 0.026499903 
151 36 8 10 0.026491748 
504 646 8 7 0.026490321 
551 153 7 9 0.026482662 
786 63 9 8 0.026477726 
472 691 9 9 0.026470562 
359 462 6 5 0.026468521 
570 121 6 6 0.026463168 
823 55 11 10 0.026445776 
443 698 21 18 0.026431495 
402 43 9 8 0.02642386 
140 57 8 7 0.026415825 
929 51 6 7 0.026412103 
178 70 8 7 0.026403606 
801 70 7 8 0.026397333 
336 679 23 24 0.026385643 
929 482 5 5 0.026367985 
445 645 9 7 0.026367733 
541 90 5 6 0.026364164 
251 51 6 6 0.026356595 
492 436 45 52 0.026352173 
179 35 22 25 0.026349543 
461 321 8 6 0.026322855 
843 20 65 47 0.026319237 
823 692 9 5 0.026314126 
622 665 8 13 0.026306327 
758 46 27 24 0.026301617 
564 281 118 105 0.026301093 
129 38 6 7 0.026294619 
264 70 6 6 0.026292173 
864 50 7 8 0.026284521 
522 469 4 5 0.026277894 
985 224 7 7 0.026276438 
521 622 5 6 0.02627436 
545 648 49 50 0.026261507 
204 63 9 9 0.026260959 
321 423 6 5 0.026260342 
1006 460 5 8 0.026258625 
816 55 11 11 0.02625457 
115 698 8 6 0.026253277 
885 77 5 5 0.026246818 
479 656 9 10 0.026243126 
495 397 5 6 0.026240718 
1007 435 5 8 0.02623513 
508 385 4 5 0.026220474 
101 75 22 24 0.026219174 
571 96 6 6 0.026216885 
494 468 7 5 0.026200255 
490 646 8 6 0.026183624 
884 175 208 220 0.026162706 
564 96 6 6 0.026156273 
507 468 5 5 0.026136138 
521 441 5 6 0.026119085 
979 65 6 6 0.02609159 
235 76 8 7 0.026089495 
769 68 25 23 0.026085606 
735 46 6 6 0.026084779 
507 443 4 5 0.026081286 
312 436 8 6 0.026078101 
929 487 6 5 0.026070287 
909 147 7 6 0.02606474 
264 52 6 5 0.026045306 
474 646 7 6 0.026033493 
389 474 7 6 0.026033064 
792 705 8 5 0.02602882 
841 293 115 108 0.026014432 
486 627 6 8 0.026013961 
754 13 7 6 0.026013767 
999 435 5 9 0.026010841 
543 132 8 10 0.02600496 
557 120 7 8 0.02598034 
435 650 22 20 0.025976231 
243 377 8 7 0.025975313 
544 108 7 7 0.025972916 
807 64 7 8 0.025969235 
230 64 8 7 0.025954667 
870 51 7 7 0.025945654 
526 390 6 7 0.025937852 
622 640 4 6 0.025894558 
216 62 9 9 0.025891805 
254 349 59 52 0.025864603 
465 607 8 8 0.02584836 
467 69 185 229 0.025836805 
556 626 7 7 0.025827942 
217 82 8 8 0.0258248 
305 416 8 6 0.025820158 
965 94 22 23 0.025816439 
717 46 7 5 0.025809202 
812 50 8 9 0.025806524 
544 90 5 6 0.025797661 
457 668 11 12 0.025771916 
897 274 21 23 0.02576828 
544 428 6 6 0.025762701 
216 43 7 9 0.025761634 
755 32 6 8 0.025742825 
307 474 7 6 0.025739828 
415 339 108 106 0.025739133 
469 321 19 22 0.025734002 
288 326 8 6 0.025725624 
201 66 57 54 0.025725111 
981 787 61 53 0.025722008 
544 327 7 5 0.025714125 
755 20 6 6 0.02570868 
301 340 8 5 0.025706515 
524 480 7 7 0.025691705 
173 27 5 5 0.02569161 
853 673 126 96 0.02567572 
543 423 6 6 0.025666699 
837 63 10 10 0.025644528 
494 590 5 4 0.02564422 
520 664 17 18 0.025642818 
635 665 6 9 0.025641756 
974 96 6 6 0.025634808 
888 285 23 21 0.025625031 
209 67 25 23 0.025605861 
263 11 28 26 0.025586698 
520 436 5 6 0.025566617 
877 50 7 8 0.025562167 
253 700 12 12 0.025559692 
552 90 5 5 0.025555244 
869 370 9 8 0.025552467 
986 84 7 6 0.025538607 
563 529 8 8 0.025536628 
248 -12 159 97 0.025533542 
275 429 6 5 0.02553187 
565 90 5 6 0.025529956 
447 44 8 8 0.02551463 
609 640 5 7 0.025498802 
794 64 7 7 0.025495982 
991 152 9 8 0.025495583 
831 12 23 20 0.025490934 
537 422 7 7 0.025488732 
427 709 8 8 0.025478583 
202 68 10 9 0.025478002 
916 76 24 25 0.025466427 
992 484 6 9 0.025465079 
550 103 6 6 0.02545087 
532 608 6 7 0.025442993 
543 312 8 8 0.02544296 
307 449 7 6 0.025439011 
247 20 27 23 0.02542891 
459 49 10 9 0.025426596 
793 72 22 27 0.02541523 
855 43 8 7 0.025390195 
384 654 6 6 0.025383519 
780 71 9 8 0.025376122 
525 281 5 6 0.025342226 
359 371 7 6 0.025339289 
243 70 7 7 0.025332827 
210 42 9 10 0.025326608 
518 140 5 8 0.025320048 
478 665 8 8 0.025317859 
877 58 7 6 0.025310518 
537 327 5 6 0.025305167 
533 327 5 6 0.025302598 
508 590 4 4 0.025302095 
884 27 5 5 0.025290681 
864 71 6 5 0.025285035 
526 468 5 5 0.02528368 
228 32 7 8 0.025274722 
526 403 6 6 0.025269307 
882 275 23 20 0.025264516 
526 263 4 6 0.025256988 
973 89 7 7 0.025250051 
217 173 113 106 0.025231412 
133 11 9 8 0.025229815 
759 0 24 19 0.025222445 
544 416 7 6 0.025221135 
542 696 10 13 0.025201352 
446 603 8 7 0.025199251 
131 19 23 22 0.025193973 
670 57 9 7 0.025188636 
447 650 20 16 0.025184711 
811 42 8 10 0.025183551 
172 63 8 9 0.02517309 
625 132 12 9 0.025162702 
460 326 7 7 0.025156725 
505 371 5 6 0.025150184 
806 703 8 6 0.025135037 
801 64 6 7 0.02512683 
352 461 7 5 0.025125574 
987 77 6 6 0.025124166 
297 414 11 8 0.025122134 
834 704 10 8 0.025122093 
295 436 7 5 0.02511932 
372 486 7 6 0.025113607 
532 398 6 5 0.025112325 
532 403 5 6 0.025110248 
999 446 5 9 0.025106672 
196 12 10 8 0.025088815 
817 78 58 49 0.025086083 
967 230 6 7 0.02508509 
967 58 7 5 0.025070388 
458 684 10 9 0.025053518 
929 78 6 6 0.025048573 
203 50 9 10 0.025042215 
446 382 29 23 0.025029954 
715 296 23 21 0.025014006 
85 600 132 105 0.025002474 
882 13 8 6 0.024999907 
471 677 9 9 0.024998503 
537 275 6 6 0.02499391 
962 58 4 5 0.024978027 
326 434 8 7 0.024950594 
609 601 5 6 0.024945317 
962 66 5 6 0.024942469 
962 73 107 113 0.024933761 
986 39 6 6 0.024919318 
728 295 23 22 0.024907945 
945 245 10 14 0.024907162 
402 493 9 6 0.024902126 
307 454 8 6 0.024898417 
394 22 24 23 0.024896575 
263 58 7 6 0.024882471 
453 640 8 7 0.024881143 
430 602 6 6 0.024871921 
531 391 6 5 0.024864627 
602 597 6 5 0.024839804 
468 610 18 17 0.02483733 
311 396 8 7 0.024835652 
813 19 19 24 0.024804479 
558 110 5 6 0.02479395 
882 376 9 9 0.0247916 
941 146 8 7 0.02478481 
545 274 8 7 0.024778595 
970 589 24 23 0.024769364 
243 64 7 7 0.02476507 
511 427 6 8 0.02474642 
551 97 5 6 0.024746295 
811 687 22 17 0.02473912 
533 264 5 5 0.024731789 
403 52 23 19 0.02473155 
878 71 5 5 0.024725627 
511 460 5 7 0.024709681 
819 687 7 5 0.024702014 
188 27 5 5 0.024696954 
823 47 11 12 0.024694143 
843 12 24 20 0.024672022 
750 47 5 6 0.02467086 
960 83 21 21 0.024669794 
840 18 6 6 0.024666209 
980 103 6 5 0.024662554 
941 65 6 5 0.024658829 
302 698 8 5 0.02464949 
571 116 6 6 0.024648812 
294 441 8 6 0.02464704 
92 -22 122 76 0.024634505 
805 15 50 43 0.024613556 
935 250 8 13 0.024594286 
928 64 7 6 0.02458473 
520 334 4 5 0.024555156 
916 345 27 25 0.02455507 
537 332 6 6 0.024554346 
462 558 6 5 0.024550572 
525 420 8 8 0.02454764 
485 288 7 8 0.024547474 
696 57 9 8 0.024546746 
917 459 22 22 0.024543714 
473 362 22 27 0.024532637 
-15 -33 83 128 0.024523623 
464 684 10 9 0.02451983 
147 64 8 7 0.024518471 
836 346 24 22 0.024507461 
568 664 9 9 0.024500879 
947 481 6 6 0.024500228 
244 708 14 11 0.024492728 
885 42 23 24 0.024492344 
505 357 5 7 0.02448495 
539 268 6 7 0.024473753 
487 331 5 8 0.024470024 
480 308 7 6 0.024457876 
550 115 6 7 0.024442378 
545 268 7 7 0.024442175 
193 27 5 5 0.024441289 
256 51 7 6 0.024434831 
185 69 8 8 0.024418352 
946 70 21 22 0.024417147 
526 294 4 6 0.02440545 
195 1 26 19 0.024401696 
528 651 9 9 0.024389062 
475 332 5 6 0.024387136 
430 596 20 18 0.024385013 
486 596 6 5 0.024379695 
957 528 12 11 0.024376053 
542 115 7 8 0.024375033 
250 58 7 6 0.024371907 
702 327 119 100 0.024371773 
551 416 7 6 0.0243711 
972 134 8 7 0.02436162 
935 481 6 6 0.02436062 
947 72 6 5 0.024359899 
967 83 7 7 0.024348477 
245 39 6 6 0.02433806 
359 487 6 5 0.024336172 
282 437 6 5 0.02433568 
512 377 5 6 0.024330238 
980 52 6 5 0.024329262 
493 456 6 5 0.02432718 
256 417 8 6 0.02432366 
690 556 9 6 0.024320843 
134 51 7 7 0.024320643 
791 54 22 26 0.024311522 
551 108 5 7 0.02430812 
557 83 6 7 0.024307327 
577 609 5 5 0.024306715 
647 590 6 5 0.02429974 
525 128 6 8 0.024297714 
481 416 40 54 0.024294704 
780 41 25 24 0.02429369 
520 129 4 6 0.024291007 
192 76 7 7 0.024289886 
761 499 138 112 0.024289431 
542 657 7 8 0.024287876 
908 250 6 7 0.024287604 
230 11 23 22 0.024282975 
251 40 6 5 0.024275701 
485 634 7 6 0.024275338 
923 140 8 7 0.024261642 
129 43 6 7 0.024251515 
146 40 23 26 0.02424939 
785 70 9 9 0.02424782 
499 282 5 6 0.024244357 
407 634 101 83 0.02423895 
539 449 5 5 0.024235988 
324 51 23 21 0.024229044 
520 614 6 7 0.02422897 
834 523 12 9 0.024225002 
517 301 5 7 0.024219867 
389 468 8 5 0.024218569 
976 464 5 11 0.024217788 
953 88 8 8 0.024199864 
136 84 6 6 0.0241969 
794 70 7 8 0.024194852 
607 76 116 110 0.024188193 
549 128 7 8 0.024173956 
897 134 7 7 0.024155093 
198 63 9 8 0.02415403 
526 428 6 7 0.02415263 
636 647 4 6 0.024148704 
520 405 4 5 0.024148343 
715 77 22 21 0.024145177 
692 215 16 10 0.02413894 
224 82 8 8 0.024133459 
267 416 8 6 0.024130091 
810 358 24 23 0.02410835 
871 45 6 7 0.024108082 
878 152 8 8 0.024105964 
979 659 7 6 0.02410065 
892 18 23 25 0.02409612 
508 64 4 6 0.024095058 
178 627 22 22 0.02409468 
518 377 6 6 0.02409024 
955 71 5 6 0.024088737 
272 703 14 12 0.02408505 
300 454 8 6 0.024082405 
242 357 9 8 0.024074592 
447 683 23 20 0.024071021 
510 402 6 7 0.024067119 
588 646 6 8 0.024067007 
610 590 5 4 0.024066003 
429 613 7 8 0.024065848 
549 681 10 12 0.024065625 
419 473 10 7 0.024059528 
505 668 9 11 0.024055898 
975 76 25 23 0.024048515 
296 171 54 55 0.02404844 
173 10 22 22 0.024046166 
382 462 8 6 0.02404246 
857 51 8 8 0.024023082 
773 493 8 6 0.02401761 
551 601 7 7 0.02401469 
525 441 5 6 0.024014324 
433 479 9 7 0.02399502 
351 372 7 6 0.023994187 
128 76 7 8 0.02398899 
935 64 7 7 0.02398875 
300 424 9 6 0.023978485 
865 65 6 6 0.023975085 
986 210 7 7 0.023970881 
492 287 8 8 0.023967847 
525 364 8 7 0.023962358 
62 257 55 57 0.023945803 
980 205 7 7 0.023942359 
953 522 22 21 0.023918962 
755 25 6 6 0.02391465 
306 424 8 5 0.023913717 
986 423 4 7 0.023908673 
283 441 6 6 0.02390286 
492 293 8 8 0.023889953 
294 391 7 5 0.023879874 
981 437 5 6 0.02387699 
485 408 7 8 0.023868248 
985 229 7 8 0.023863493 
999 165 25 21 0.023856306 
610 615 5 5 0.023856271 
525 276 5 6 0.023851037 
308 441 8 6 0.023847487 
794 707 26 21 0.023846244 
81 435 54 59 0.023844855 
877 64 6 6 0.023838218 
318 370 8 8 0.023832964 
537 139 6 9 0.023831708 
114 55 9 10 0.023825983 
495 263 4 7 0.023818947 
493 462 6 4 0.023815993 
784 80 24 26 0.02381203 
884 65 6 5 0.023800952 
566 516 11 9 0.023798944 
230 56 8 9 0.023791196 
741 34 56 46 0.023787523 
853 14 8 5 0.023784434 
938 64 22 23 0.023772491 
135 4 63 41 0.023764074 
178 64 8 8 0.0237598 
551 620 8 7 0.02375879 
319 351 8 7 0.023740858 
916 58 6 6 0.023737494 
223 77 9 7 0.02373474 
336 165 11 8 0.023731675 
999 460 5 8 0.023728553 
258 103 5 5 0.023723481 
891 57 7 7 0.023716517 
249 70 8 7 0.023716351 
914 146 8 7 0.023708647 
987 218 6 6 0.023707941 
210 49 8 10 0.02370382 
549 639 8 6 0.023703376 
192 19 7 7 0.023701176 
332 352 8 5 0.023699017 
122 12 8 6 0.023698578 
331 364 8 6 0.02369523 
183 83 25 25 0.023690065 
500 410 6 6 0.023682404 
189 49 9 9 0.023671772 
345 511 9 7 0.023655858 
744 53 6 5 0.023650799 
478 642 18 16 0.023643672 
438 447 23 21 0.023633722 
951 529 11 11 0.023633 
462 440 26 24 0.023632247 
850 76 8 7 0.023628088 
237 83 7 6 0.023625085 
513 442 4 6 0.023624865 
521 269 4 6 0.023612702 
935 148 6 5 0.023606846 
971 445 31 50 0.02359968 
792 52 7 6 0.023594886 
501 481 5 5 0.023589673 
289 699 6 3 0.023582418 
216 49 9 10 0.023570174 
250 84 6 5 0.02356857 
629 647 4 6 0.02355623 
621 127 9 7 0.02355555 
981 512 21 28 0.023548728 
482 596 5 5 0.02354309 
532 275 5 7 0.023541728 
986 47 6 5 0.023531122 
819 19 6 6 0.023523917 
992 596 25 22 0.023514006 
555 668 9 11 0.023513963 
511 645 8 7 0.023511324 
843 358 23 21 0.0234989 
301 346 8 5 0.023497583 
961 210 6 7 0.023492213 
643 654 4 6 0.023484657 
256 58 7 6 0.02348336 
508 602 4 6 0.023481015 
853 26 5 6 0.023475751 
878 36 8 10 0.023466187 
531 614 5 6 0.023460861 
531 622 5 6 0.023459233 
205 36 8 9 0.02345708 
976 472 5 9 0.023454452 
174 430 6 5 0.023453696 
551 615 8 6 0.023453558 
862 12 9 7 0.02345173 
547 437 5 4 0.023449605 
35 -123 276 121 0.023445053 
360 366 6 5 0.023438105 
563 102 6 7 0.023438035 
597 596 5 5 0.023434639 
518 313 5 8 0.02343249 
888 148 7 6 0.023430448 
977 25 23 22 0.023406295 
481 409 7 7 0.023405876 
491 414 9 9 0.023403281 
526 269 5 6 0.023403281 
499 603 5 5 0.023401111 
124 28 4 4 0.023398036 
115 692 6 5 0.023383373 
498 468 6 5 0.023369785 
828 2 63 44 0.023339938 
540 161 5 6 0.023337474 
545 98 5 5 0.023325304 
551 140 6 8 0.02331447 
526 257 4 6 0.023313032 
961 477 21 26 0.023312554 
520 366 5 5 0.023312014 
532 281 6 7 0.023299558 
306 378 8 6 0.023298819 
550 647 7 7 0.02329769 
467 558 5 4 0.02328847 
771 -40 13 11 0.023287065 
967 89 6 7 0.023282126 
525 410 7 6 0.023274401 
870 12 8 7 0.023273133 
139 69 9 8 0.023269577 
463 564 5 5 0.023257399 
481 372 6 6 0.023254192 
475 564 4 5 0.02325258 
391 639 46 53 0.023240978 
235 691 10 7 0.023232367 
464 676 10 10 0.023225535 
791 -38 25 22 0.02322465 
545 154 5 7 0.023224233 
260 401 53 49 0.023218922 
209 68 9 10 0.023217998 
574 583 22 22 0.023217658 
538 615 6 6 0.023217132 
269 148 7 5 0.02321264 
573 716 26 24 0.023212472 
345 377 8 7 0.023211766 
248 83 23 23 0.023209866 
257 97 6 5 0.023195086 
538 300 6 6 0.023191418 
855 131 52 49 0.023188487 
163 55 10 11 0.023185777 
772 0 23 19 0.023182483 
319 582 9 7 0.023182457 
703 -48 124 90 0.023181923 
570 642 19 16 0.02317894 
843 69 10 8 0.023171471 
524 600 7 8 0.023163509 
602 609 5 5 0.023161065 
313 441 9 7 0.023159591 
512 627 5 7 0.023154926 
564 133 7 8 0.023146069 
270 45 5 5 0.023136247 
234 77 24 23 0.023133362 
211 102 7 6 0.02313296 
784 -40 12 11 0.02312974 
748 64 7 6 0.023122635 
537 127 7 10 0.023118367 
360 467 6 6 0.023118101 
801 52 5 6 0.02309839 
537 321 5 6 0.023085425 
852 38 7 7 0.023084724 
565 110 5 6 0.023077903 
502 392 4 5 0.02307604 
711 46 7 6 0.023074787 
365 371 7 7 0.023070615 
954 473 6 7 0.023063969 
284 723 28 23 0.02305933 
433 613 8 8 0.023056729 
217 89 8 8 0.023054196 
531 487 8 6 0.023046054 
532 121 6 7 0.02304258 
532 321 5 6 0.023038512 
942 730 5 5 0.023036119 
314 416 7 6 0.023035558 
530 416 7 7 0.023035353 
171 56 9 10 0.023027362 
457 653 8 8 0.023023436 
850 64 8 8 0.02300776 
544 448 6 6 0.023007635 
245 45 5 6 0.023005342 
837 38 7 8 0.023005025 
867 331 24 24 0.022999102 
203 171 56 51 0.02299837 
443 587 20 16 0.022998296 
979 627 7 7 0.022991966 
758 -40 13 11 0.02298532 
966 224 7 7 0.022977917 
780 687 21 18 0.02297777 
444 640 8 7 0.02297445 
856 39 7 6 0.02297417 
993 447 5 8 0.022973688 
455 38 19 22 0.022967236 
764 94 259 236 0.022963705 
332 443 7 5 0.022961287 
526 553 5 4 0.022960685 
474 321 5 5 0.022956517 
766 6 10 7 0.022944225 
191 12 10 7 0.02294229 
224 417 7 5 0.02293629 
858 160 7 6 0.022934943 
512 449 5 5 0.022930231 
494 487 7 6 0.022929361 
740 45 23 22 0.022921676 
352 487 7 6 0.02292164 
357 478 53 50 0.022921579 
299 440 8 6 0.0229188 
935 487 7 6 0.022918642 
495 359 4 6 0.022918353 
839 76 8 8 0.022910949 
783 -34 14 12 0.022903506 
235 29 23 26 0.022898084 
500 474 5 5 0.02289342 
345 461 7 7 0.02288688 
236 39 5 7 0.022881193 
848 50 9 9 0.022872057 
774 25 23 22 0.02287097 
499 488 6 5 0.022868156 
371 672 6 7 0.022864444 
306 436 8 6 0.0228637 
448 454 7 6 0.0228634 
823 686 9 5 0.022853974 
248 57 23 22 0.022853661 
475 281 6 7 0.02285149 
904 20 6 5 0.022831392 
249 77 7 6 0.022823961 
192 33 5 6 0.022822898 
986 114 7 8 0.022821367 
595 704 7 8 0.022818176 
346 372 7 6 0.022801463 
192 423 7 5 0.022799406 
299 436 8 6 0.022798073 
545 139 6 9 0.022790654 
897 249 6 8 0.022786047 
786 56 9 9 0.022782473 
241 678 10 7 0.022780586 
178 -5 25 19 0.022772565 
993 582 6 7 0.022767095 
772 63 11 9 0.022761252 
909 242 7 7 0.022761188 
474 314 6 6 0.022757119 
909 142 6 5 0.022755519 
616 635 5 6 0.0227446 
563 122 6 6 0.022743527 
521 461 5 6 0.022740986 
999 453 5 8 0.02273414 
907 680 22 19 0.022729972 
902 71 6 5 0.022728551 
119 39 7 7 0.022723168 
858 165 7 7 0.022720436 
294 704 7 6 0.02271948 
503 358 4 6 0.02271622 
537 281 7 8 0.022715623 
984 205 9 7 0.022715429 
154 13 8 6 0.022711847 
600 152 8 9 0.022711603 
771 373 139 116 0.022705944 
559 804 118 109 0.022705035 
524 416 7 7 0.022694362 
495 258 4 5 0.02268714 
992 71 7 5 0.022685109 
293 397 8 6 0.022684343 
544 333 7 6 0.022674097 
224 43 8 8 0.022662332 
925 721 24 23 0.022662086 
821 36 7 10 0.02266083 
489 398 4 6 0.022653257 
679 45 7 7 0.02265276 
937 264 18 27 0.02263862 
107 29 21 20 0.02263745 
-49 469 415 451 0.022625467 
871 19 6 6 0.022624614 
904 51 5 6 0.022616396 
491 409 7 7 0.022609584 
851 84 7 6 0.02260876 
735 282 8 6 0.022605883 
506 51 4 8 0.02260583 
965 218 7 7 0.022604834 
152 40 9 11 0.022591585 
212 428 7 6 0.02259057 
452 594 10 8 0.022588363 
474 442 6 6 0.022585843 
512 282 4 6 0.022574209 
486 602 6 6 0.022573734 
300 450 7 5 0.022572244 
877 42 8 9 0.022557378 
977 568 9 9 0.022548072 
515 359 3 5 0.022536553 
753 429 7 6 0.022536013 
903 64 6 6 0.022532398 
704 45 7 7 0.022527955 
320 416 7 6 0.022523977 
797 -40 12 11 0.022523168 
993 640 6 6 0.022522325 
112 45 11 13 0.022522015 
853 33 5 5 0.022520531 
540 102 5 6 0.022518855 
980 666 6 6 0.022517953 
785 693 25 18 0.022515016 
538 410 6 6 0.022501303 
980 645 7 7 0.022499667 
378 475 6 5 0.022497453 
445 415 26 24 0.022496732 
929 58 6 6 0.02249671 
490 701 9 11 0.022490183 
141 76 7 7 0.022487635 
472 354 91 100 0.022483628 
500 24 115 125 0.022480987 
984 441 6 10 0.022470549 
180 424 6 5 0.02246922 
868 159 8 7 0.02246835 
496 653 19 16 0.022463122 
127 51 7 8 0.022459084 
333 402 8 6 0.022458712 
758 61 27 24 0.022457082 
980 237 7 8 0.02245561 
371 659 6 7 0.0224537 
772 428 9 6 0.022453615 
804 41 24 26 0.022446185 
812 698 7 5 0.022439878 
457 595 10 8 0.022436647 
294 371 8 6 0.022428395 
865 27 5 5 0.0224151 
464 388 24 23 0.022414086 
844 32 7 6 0.022413418 
555 584 21 20 0.022413129 
773 500 7 5 0.022410113 
326 429 8 7 0.022409849 
544 288 7 7 0.022407828 
838 83 8 7 0.022406133 
551 45 6 6 0.02240184 
465 696 11 9 0.022389315 
533 633 7 8 0.02237449 
977 39 24 23 0.022370923 
831 82 8 9 0.022369603 
979 241 8 9 0.022365209 
327 442 7 6 0.022362659 
467 343 45 55 0.022361614 
608 127 8 7 0.022360412 
494 558 5 4 0.022359125 
668 383 118 110 0.022354873 
971 147 9 7 0.022350196 
878 77 5 6 0.02234667 
257 77 6 6 0.022339677 
526 627 5 7 0.022337241 
110 711 16 13 0.022328278 
753 -38 25 21 0.022321539 
113 702 11 9 0.022316014 
519 626 6 7 0.022314096 
557 128 6 7 0.022306941 
460 647 7 6 0.022306528 
231 436 7 5 0.022301663 
543 307 7 7 0.02229986 
237 57 7 8 0.022296589 
909 154 7 6 0.022294058 
941 154 7 6 0.022288889 
307 410 7 6 0.022287859 
883 57 7 7 0.022268968 
766 441 57 50 0.022268157 
440 437 54 51 0.022265209 
198 37 57 54 0.022237852 
396 481 7 5 0.022234239 
467 647 7 6 0.022233684 
475 307 6 6 0.022233006 
986 97 6 5 0.022232149 
613 127 8 6 0.022230718 
148 51 7 8 0.02222964 
359 480 7 6 0.022227319 
294 384 7 6 0.022222113 
671 37 7 8 0.02222092 
588 306 58 57 0.022219228 
305 401 10 7 0.022215033 
960 82 8 8 0.022214638 
359 494 7 6 0.022212552 
474 603 6 5 0.022211589 
771 -33 13 11 0.022206452 
417 710 6 6 0.022200841 
467 619 8 8 0.022190692 
664 58 22 21 0.02217483 
447 622 54 44 0.02217463 
507 261 5 8 0.022173613 
346 507 8 6 0.022173267 
610 609 5 5 0.02217027 
981 133 12 9 0.022168308 
940 57 7 7 0.02216128 
427 485 11 9 0.022160577 
337 159 51 52 0.022146294 
211 686 22 20 0.022145689 
292 532 107 111 0.022144813 
184 19 8 7 0.022141455 
543 127 7 9 0.022140915 
486 683 7 9 0.022135954 
217 429 7 6 0.022135284 
92 58 20 21 0.02213316 
591 603 4 5 0.022131449 
781 20 6 5 0.022119515 
377 486 7 6 0.022116993 
429 584 21 19 0.02211436 
597 608 4 6 0.022106614 
577 603 5 5 0.022105448 
488 450 5 4 0.02210428 
109 57 8 8 0.022097982 
749 33 6 6 0.02209624 
484 629 46 42 0.022095377 
468 653 7 7 0.022093419 
596 645 6 8 0.022091018 
942 738 5 5 0.022084046 
548 299 8 7 0.02208179 
556 45 7 6 0.02208119 
476 558 5 4 0.022074964 
971 660 23 21 0.022069514 
856 350 10 9 0.022069361 
778 -38 24 21 0.022067677 
998 64 25 21 0.022061586 
800 82 8 9 0.022059694 
339 422 8 7 0.022054026 
185 423 7 5 0.02203918 
366 652 6 7 0.0220358 
542 371 8 6 0.022020783 
902 250 7 7 0.022009628 
495 153 4 6 0.022008441 
263 45 6 6 0.021999666 
550 327 8 6 0.021998411 
466 544 24 23 0.02199632 
824 678 10 7 0.021996075 
804 89 9 9 0.021991696 
948 65 5 5 0.021988112 
371 666 6 6 0.02198125 
878 160 7 7 0.02197881 
691 544 56 50 0.021977523 
897 65 6 5 0.02196325 
378 683 6 8 0.021962129 
593 147 9 9 0.02195879 
486 690 7 8 0.021957383 
327 403 7 6 0.021955952 
429 704 7 7 0.021954356 
482 634 5 6 0.021951636 
229 9 63 52 0.021945747 
864 154 8 6 0.021940723 
450 707 10 11 0.021940328 
520 391 5 6 0.021938393 
216 69 10 9 0.021937788 
911 39 3 5 0.021937141 
704 51 8 7 0.021936458 
846 724 26 22 0.021935668 
545 320 6 6 0.021928983 
332 153 9 7 0.021922624 
816 319 26 25 0.021919264 
614 135 8 7 0.021914365 
532 435 6 6 0.021909244 
577 531 9 8 0.021909228 
408 481 24 20 0.0219075 
969 546 23 26 0.021900166 
986 495 7 11 0.02189935 
353 493 7 6 0.021891251 
205 42 8 10 0.021888806 
761 12 8 7 0.02188772 
538 621 5 6 0.021872554 
748 56 25 23 0.021872004 
147 70 8 7 0.021869928 
218 417 6 5 0.02186955 
549 365 8 6 0.021866463 
324 90 22 22 0.021865018 
180 449 6 5 0.021853607 
218 103 6 6 0.021852639 
480 414 7 8 0.02184613 
952 489 24 27 0.02184283 
244 110 5 5 0.0218419 
205 88 27 29 0.021841655 
217 423 6 5 0.021838184 
667 37 7 8 0.021837236 
213 151 12 9 0.021831948 
481 320 18 20 0.021827426 
287 442 7 5 0.02182623 
238 116 6 5 0.021824596 
545 159 5 7 0.021810057 
475 277 6 5 0.021809705 
872 38 6 8 0.021805445 
526 384 7 7 0.021804871 
466 633 8 7 0.021804163 
154 63 22 22 0.02180317 
977 146 9 8 0.021794984 
180 430 6 4 0.021791756 
822 365 24 21 0.021791177 
221 55 11 10 0.02178951 
439 603 18 17 0.021786792 
897 71 6 5 0.021779455 
391 536 8 7 0.021773431 
904 40 4 5 0.021761542 
993 59 6 5 0.021758761 
270 430 6 5 0.021749487 
322 345 55 52 0.021748856 
951 522 10 11 0.0217461 
495 565 5 4 0.021741675 
900 358 25 23 0.021736352 
487 404 5 6 0.021733837 
940 480 7 6 0.021712672 
367 455 6 5 0.02171242 
973 217 7 7 0.02170236 
735 537 8 6 0.02169967 
534 257 4 5 0.0216886 
968 236 6 7 0.02168836 
508 615 4 6 0.021684848 
843 19 7 6 0.021684185 
552 146 6 8 0.021683797 
761 429 8 6 0.021679208 
475 302 6 6 0.021676945 
114 12 8 7 0.021675834 
486 282 5 6 0.021673528 
100 55 9 9 0.021667738 
293 454 8 6 0.021662548 
895 58 7 6 0.02166054 
359 474 7 6 0.021655586 
671 51 8 7 0.021648282 
537 288 7 6 0.021646503 
480 277 5 6 0.021643903 
288 416 7 5 0.021641273 
862 350 10 9 0.021631256 
382 503 9 8 0.021624621 
409 51 9 8 0.021613246 
811 55 10 10 0.021606434 
870 315 61 57 0.021606017 
531 672 20 21 0.02160441 
140 621 8 7 0.021596301 
327 410 7 7 0.021589851 
350 473 8 6 0.02157808 
520 397 4 6 0.021577558 
609 645 5 8 0.021570936 
488 275 5 7 0.021569096 
422 492 9 7 0.021568945 
962 487 5 6 0.021564502 
294 449 7 5 0.021562027 
459 152 9 9 0.02155944 
467 321 7 6 0.021550862 
475 46 6 6 0.021550637 
486 342 6 9 0.021547772 
550 429 7 6 0.021547657 
616 622 4 5 0.021545682 
567 685 17 18 0.021540355 
174 77 6 6 0.021539193 
397 474 7 6 0.021539051 
521 339 3 5 0.021537926 
522 263 3 6 0.021529311 
563 56 9 8 0.021525396 
283 430 5 4 0.02151432 
830 40 9 12 0.02150873 
461 312 9 7 0.021508222 
219 711 32 23 0.021507042 
494 391 4 7 0.021505624 
987 416 5 6 0.021505225 
843 62 10 11 0.021499868 
299 364 8 7 0.021492422 
878 332 6 6 0.02149181 
967 95 7 7 0.021486994 
744 47 5 5 0.02148334 
809 -40 13 11 0.021482661 
591 609 3 5 0.021479009 
793 58 7 7 0.021474348 
307 358 7 6 0.021472294 
537 435 5 6 0.021470094 
371 493 7 6 0.02146799 
265 30 26 26 0.02146393 
964 116 23 22 0.021463625 
488 287 17 19 0.02146326 
447 467 8 7 0.021459479 
514 597 4 4 0.021457767 
963 513 20 24 0.021457056 
542 364 8 7 0.021456253 
135 76 7 7 0.021453971 
185 7 8 6 0.021451825 
122 83 7 7 0.021449924 
249 26 8 7 0.021448119 
538 402 7 7 0.021444423 
858 84 6 5 0.021444365 
985 435 6 8 0.021442609 
294 403 9 6 0.021437973 
694 528 126 105 0.02142867 
453 484 12 9 0.021426568 
256 690 8 6 0.021420322 
754 57 8 6 0.021417195 
652 56 10 8 0.021416554 
803 527 62 54 0.021414699 
893 344 25 25 0.021412473 
319 403 7 6 0.021410873 
758 -33 13 10 0.021406732 
478 344 8 9 0.021406624 
385 642 5 5 0.021402363 
871 369 23 24 0.021396926 
928 83 7 6 0.021391336 
974 40 5 4 0.021390917 
120 51 8 9 0.021390023 
793 82 8 9 0.021385767 
507 276 5 7 0.021380702 
515 78 3 6 0.021378584 
972 152 8 7 0.021378249 
898 332 56 55 0.021375291 
875 338 25 24 0.021362832 
780 63 9 9 0.021358835 
924 146 10 8 0.021353602 
478 677 9 10 0.021352196 
557 134 6 7 0.021352075 
889 50 7 8 0.021350114 
545 443 6 5 0.021345817 
435 679 21 23 0.021344472 
461 301 7 6 0.021344122 
236 358 8 6 0.021342454 
231 27 5 5 0.021341885 
614 140 8 7 0.02133984 
479 336 7 9 0.021339053 
939 279 8 12 0.02133821 
787 103 22 24 0.021327619 
589 16 52 47 0.021324523 
742 26 7 6 0.02132432 
333 345 7 7 0.021315314 
129 27 4 5 0.02130849 
526 121 5 7 0.021307297 
570 110 6 6 0.021305917 
569 602 5 6 0.021304585 
888 38 6 8 0.021304158 
147 6 9 7 0.021303779 
358 383 8 7 0.021299379 
250 64 7 7 0.021290462 
340 447 9 7 0.02128614 
358 378 8 6 0.021285275 
849 153 9 8 0.021275671 
511 392 4 6 0.021273756 
508 584 4 4 0.02127292 
955 217 6 7 0.0212729 
774 76 8 7 0.021271622 
493 384 4 5 0.021269018 
941 474 6 7 0.021268241 
270 423 6 5 0.021268183 
960 646 7 6 0.021266423 
908 265 21 26 0.021265004 
485 665 8 8 0.021264136 
255 351 9 7 0.021261573 
950 258 99 115 0.021257365 
966 204 20 21 0.021256033 
896 52 7 6 0.021255856 
159 626 9 8 0.02125474 
540 262 6 7 0.02125012 
684 95 8 7 0.021248274 
819 13 7 7 0.021244738 
623 635 3 5 0.021240655 
567 531 8 7 0.021239629 
494 282 6 6 0.021239154 
295 365 7 6 0.02123501 
985 32 7 6 0.0212281 
351 365 7 6 0.021225542 
536 339 6 6 0.021217346 
177 76 23 23 0.021211553 
221 3 25 23 0.021211546 
527 76 4 7 0.02121129 
502 142 4 5 0.02120013 
563 52 8 6 0.02119962 
314 424 6 5 0.021194257 
286 383 8 7 0.021194158 
734 -38 24 22 0.021189537 
262 686 8 6 0.021189272 
281 346 7 5 0.021189036 
935 454 48 65 0.021184722 
896 358 7 6 0.021181658 
141 51 6 7 0.02118157 
827 27 4 5 0.021177858 
486 298 7 8 0.021175219 
288 135 7 5 0.021171093 
904 59 5 5 0.021167107 
333 447 7 6 0.02116671 
455 255 21 23 0.021159189 
977 494 8 12 0.021158356 
251 32 6 6 0.02115653 
713 65 150 117 0.021155741 
351 378 8 6 0.021154888 
507 621 4 7 0.02115281 
145 5 24 20 0.021151468 
534 352 9 7 0.021143753 
768 71 8 7 0.021138115 
642 659 5 6 0.021137364 
910 51 5 6 0.021130975 
206 417 6 5 0.021123033 
314 493 8 6 0.021121392 
965 210 7 7 0.021119723 
851 159 8 7 0.021117095 
817 492 62 52 0.02111499 
212 423 7 6 0.021113444 
332 430 23 19 0.021109551 
275 424 6 5 0.02110756 
499 263 5 7 0.021105442 
422 505 7 7 0.021102196 
780 6 9 7 0.021099385 
520 282 5 6 0.021097975 
428 475 8 6 0.021090053 
531 288 6 6 0.021088365 
236 371 8 7 0.021086257 
256 391 7 6 0.021080641 
546 596 5 5 0.021080136 
525 634 6 6 0.021076778 
545 46 6 5 0.021058137 
364 487 7 6 0.02105622 
990 495 9 12 0.021055233 
793 691 73 39 0.021054778 
363 487 23 20 0.021054165 
439 616 12 12 0.021052714 
270 71 6 5 0.021050682 
451 591 20 16 0.021048551 
718 17 56 47 0.02104488 
908 293 22 23 0.02104311 
533 667 11 13 0.021042665 
570 615 5 6 0.021038745 
434 627 8 8 0.021038584 
422 45 8 7 0.021032456 
495 342 7 11 0.021028584 
498 419 9 9 0.021028085 
217 76 9 8 0.021023907 
264 89 6 6 0.02101931 
978 218 7 6 0.02101744 
535 688 19 25 0.021016892 
969 487 4 5 0.021014595 
532 307 5 6 0.021013372 
512 608 5 7 0.02100919 
326 359 7 6 0.021004379 
467 602 7 6 0.020999769 
949 731 4 4 0.020999217 
326 364 8 7 0.020998705 
563 115 6 7 0.020995665 
678 38 6 6 0.02099316 
159 43 7 9 0.020993043 
929 475 5 5 0.020988418 
501 66 5 5 0.020986324 
267 32 8 7 0.02098158 
244 51 6 7 0.020976467 
507 56 4 7 0.020965444 
172 49 8 10 0.02096517 
466 301 6 6 0.020964786 
977 473 17 27 0.020963263 
404 647 5 6 0.02096259 
110 40 23 24 0.020961784 
524 640 7 7 0.02095954 
282 417 7 5 0.020954672 
364 480 7 6 0.020953745 
992 51 6 6 0.020951563 
796 -33 13 11 0.020951537 
962 52 5 5 0.020951344 
289 334 7 5 0.02094998 
127 7 9 7 0.020947887 
479 407 20 22 0.020947738 
236 50 7 9 0.020945055 
583 726 30 28 0.020941883 
211 417 6 5 0.020938013 
879 26 5 5 0.020935839 
141 45 6 7 0.020927876 
941 83 7 7 0.020924991 
934 141 7 6 0.020923672 
574 517 10 7 0.020913351 
596 621 5 6 0.020909207 
294 378 7 5 0.020907562 
199 26 5 5 0.020906681 
868 147 9 7 0.020905517 
857 147 9 7 0.020899104 
455 268 20 24 0.020897422 
676 51 22 21 0.020896351 
648 583 7 5 0.0208919 
761 19 7 7 0.020887254 
978 224 8 7 0.020873867 
659 70 8 7 0.020873083 
298 402 9 6 0.020868817 
319 435 7 6 0.020867135 
372 648 5 5 0.020866686 
168 7 7 6 0.020865267 
993 646 6 6 0.020864626 
366 448 7 6 0.020854814 
948 205 5 7 0.020853318 
346 366 6 5 0.020852678 
167 12 8 7 0.020851962 
217 697 6 6 0.020850915 
973 249 6 9 0.020847142 
126 82 25 27 0.020844933 
746 -40 12 11 0.02082897 
487 481 6 5 0.020824661 
513 326 5 7 0.02082451 
807 417 6 5 0.020823708 
330 718 25 23 0.020821672 
871 383 20 23 0.020818863 
230 371 7 7 0.020809373 
755 518 9 7 0.020809181 
218 692 6 5 0.020808434 
485 441 7 6 0.02080069 
935 51 6 6 0.020798346 
727 282 25 21 0.020797167 
966 52 6 5 0.02079511 
902 255 6 7 0.020785935 
499 646 7 7 0.020781873 
508 596 4 5 0.020776568 
179 76 6 6 0.020774886 
878 147 7 7 0.020769883 
117 463 55 55 0.020768946 
839 14 7 6 0.020768289 
761 25 7 7 0.020761494 
986 678 7 6 0.020756282 
558 71 7 6 0.020751 
230 366 21 19 0.020750051 
223 449 7 6 0.020744367 
563 46 7 5 0.02074373 
452 683 11 10 0.020737994 
691 70 7 7 0.020731842 
472 250 20 22 0.020730676 
841 1 28 20 0.020728484 
742 288 8 7 0.020727951 
936 41 51 54 0.020722043 
132 68 26 26 0.020718941 
968 493 5 6 0.020718852 
508 481 5 5 0.020718332 
941 160 7 6 0.0207163 
974 32 6 6 0.020714724 
724 44 25 23 0.02071469 
884 20 6 6 0.020714033 
544 359 7 6 0.020713706 
203 165 9 8 0.020709254 
681 -121 197 112 0.020709062 
583 603 5 5 0.020708617 
923 243 4 7 0.020703211 
755 64 8 7 0.02070036 
740 275 27 21 0.020697974 
376 43 55 51 0.020691229 
814 13 6 7 0.02068684 
741 281 9 6 0.020683836 
979 198 7 6 0.020681359 
501 258 4 5 0.02068007 
479 350 7 8 0.020678781 
993 653 7 6 0.020678656 
501 571 3 4 0.020670136 
276 426 53 48 0.020668153 
862 369 10 10 0.020666936 
870 145 24 21 0.020660631 
922 77 6 6 0.02066021 
521 275 4 7 0.020652384 
930 248 6 8 0.020651352 
299 358 8 7 0.020648085 
536 608 6 6 0.020648032 
320 366 7 6 0.020644456 
610 627 4 6 0.020642286 
231 430 7 5 0.020641567 
703 324 59 53 0.020636708 
510 518 6 9 0.020634111 
818 95 9 8 0.020632606 
320 52 7 5 0.020629825 
916 63 6 7 0.020622076 
883 151 9 8 0.02062037 
280 699 8 4 0.02062036 
986 66 6 5 0.020618966 
409 44 9 8 0.020618126 
212 443 6 4 0.02061672 
436 602 6 6 0.020613402 
513 601 5 7 0.020608379 
754 7 7 6 0.020607334 
333 389 9 8 0.020605298 
455 564 6 5 0.020604683 
275 441 7 6 0.020603398 
519 600 7 7 0.020594552 
909 71 6 6 0.02058987 
978 248 8 10 0.02058911 
540 76 6 6 0.020586986 
555 608 8 7 0.020586137 
526 474 7 6 0.02058426 
501 396 4 6 0.02058324 
1000 91 6 5 0.020579876 
896 147 7 6 0.02057588 
101 90 21 22 0.020569464 
276 40 6 5 0.020569129 
677 146 120 106 0.020566631 
902 78 6 5 0.020565609 
596 652 6 8 0.02056482 
736 26 7 6 0.020563312 
525 56 6 7 0.020561568 
235 678 10 7 0.020557309 
818 42 9 11 0.02054645 
663 611 128 115 0.020546407 
878 20 6 6 0.020546123 
501 155 3 6 0.020542586 
501 590 4 4 0.020539032 
870 41 22 24 0.020536924 
526 436 5 6 0.020536814 
377 493 8 6 0.020535788 
487 590 5 4 0.020524763 
765 -45 25 22 0.020524427 
243 57 8 8 0.020520872 
537 628 7 7 0.020520752 
468 564 5 5 0.020515388 
956 576 116 105 0.020510476 
531 602 6 6 0.020507252 
744 58 6 5 0.02050078 
404 473 8 7 0.020497385 
842 383 25 24 0.02049509 
526 53 5 6 0.020494774 
268 154 8 5 0.020493383 
184 339 120 106 0.020490615 
338 409 7 6 0.020486264 
980 395 5 9 0.02048601 
943 574 26 26 0.020481007 
169 436 5 5 0.020476641 
577 657 19 25 0.020476472 
394 56 9 8 0.020472968 
928 493 7 6 0.020467635 
881 39 10 12 0.020463789 
825 89 8 8 0.02046135 
818 89 8 9 0.020459326 
729 26 7 7 0.020458812 
923 237 5 7 0.020458523 
403 487 8 6 0.020451564 
904 46 4 6 0.020451399 
754 52 6 6 0.020449147 
570 84 7 6 0.020448485 
544 402 8 8 0.020437792 
917 20 5 5 0.020436546 
715 281 24 23 0.020435156 
600 147 7 8 0.020432614 
822 721 27 22 0.020430366 
844 35 123 98 0.020428972 
335 740 63 42 0.020423217 
540 83 5 6 0.020422671 
624 590 3 5 0.020422481 
749 13 7 6 0.020421956 
193 410 6 5 0.020412065 
558 53 6 5 0.020409007 
990 817 29 24 0.020408086 
992 65 7 6 0.02040271 
526 65 5 6 0.02039678 
809 714 30 21 0.020395963 
237 33 5 6 0.020391567 
474 307 21 20 0.02038627 
166 42 8 10 0.020384843 
883 351 8 8 0.020372313 
408 727 24 23 0.020372026 
451 707 23 22 0.020370917 
256 686 8 6 0.020364253 
116 633 7 7 0.02036306 
521 154 4 9 0.020358818 
190 63 24 23 0.020349946 
974 199 6 6 0.020345788 
936 244 18 23 0.020344397 
383 665 8 8 0.020339567 
379 679 6 7 0.020338595 
556 76 8 7 0.020338243 
337 59 25 20 0.020338042 
942 265 9 12 0.020331992 
375 4 31 24 0.020331673 
479 298 9 10 0.020330995 
470 333 5 5 0.020326933 
301 283 257 224 0.020326816 
494 473 7 6 0.020324467 
375 517 9 8 0.020322809 
998 439 6 10 0.020322636 
580 517 11 8 0.020321669 
333 359 8 6 0.020313727 
813 89 8 9 0.020308565 
256 422 7 6 0.020305367 
873 751 5 4 0.020300847 
850 147 9 6 0.020291656 
450 607 9 8 0.020288024 
864 77 6 6 0.020287836 
551 596 6 6 0.02028621 
570 140 7 8 0.020284208 
237 44 5 7 0.02028221 
418 341 616 437 0.020276789 
994 78 6 5 0.020272214 
942 743 6 5 0.020269183 
217 442 7 5 0.020262433 
717 51 7 6 0.020262154 
803 -45 26 22 0.020260017 
544 353 7 5 0.020258944 
314 410 8 6 0.020256717 
244 26 7 6 0.020254983 
945 259 11 14 0.020248348 
564 84 7 6 0.020245768 
893 517 125 94 0.020242602 
426 466 10 7 0.020241002 
780 492 8 6 0.020239642 
845 37 25 22 0.020238431 
951 518 9 9 0.020233082 
390 461 7 5 0.020231728 
634 298 124 106 0.020230727 
256 40 6 5 0.020227334 
611 622 4 6 0.02022701 
364 474 6 5 0.020225363 
380 642 5 5 0.020223998 
966 71 23 22 0.020222733 
967 96 53 56 0.020221869 
256 45 6 7 0.020216048 
197 36 8 10 0.020205224 
323 39 24 21 0.020204742 
305 395 10 9 0.020204213 
241 690 67 36 0.020203661 
466 677 20 21 0.020200718 
596 589 5 5 0.020199372 
978 91 6 5 0.020198602 
930 274 5 8 0.02019066 
282 371 7 6 0.020188468 
312 486 9 6 0.02018561 
977 171 10 8 0.020175839 
275 436 6 5 0.020174509 
493 273 6 8 0.02017172 
289 708 24 20 0.020171013 
467 43 22 23 0.020169333 
501 450 5 4 0.020168154 
889 13 8 6 0.020165063 
762 507 7 5 0.020164605 
799 681 25 17 0.020163897 
459 626 22 20 0.020160817 
564 129 7 7 0.020160051 
908 256 6 7 0.020159075 
946 502 24 25 0.020157767 
550 57 7 6 0.020149244 
446 50 8 8 0.020149225 
985 108 7 7 0.020145742 
946 76 7 7 0.020143164 
453 467 9 8 0.020137494 
772 5 10 8 0.020136341 
171 40 9 11 0.020132462 
982 140 10 8 0.020125335 
436 633 8 8 0.020119999 
952 244 6 7 0.020111836 
44 55 9 10 0.020109216 
804 338 24 21 0.020108365 
954 493 6 6 0.02010682 
445 682 11 10 0.020102222 
468 294 20 21 0.02010219 
659 76 7 7 0.02010053 
94 121 23 23 0.020098142 
532 544 7 6 0.02009664 
494 450 6 5 0.020088244 
533 333 5 5 0.020088142 
980 633 6 6 0.020087099 
869 140 9 7 0.020081857 
994 435 5 8 0.020072972 
481 403 6 6 0.020071369 
968 129 52 53 0.020071167 
231 122 56 50 0.020068577 
933 736 24 21 0.020062925 
946 146 8 7 0.020057952 
364 461 7 6 0.020042907 
596 626 5 7 0.020039799 
800 58 6 7 0.020035805 
109 119 130 99 0.020031273 
697 51 8 7 0.020027997 
358 423 8 6 0.020026723 
980 32 6 6 0.020026658 
425 615 4 6 0.02002214 
256 70 7 6 0.020019894 
551 308 7 6 0.02001517 
263 66 7 5 0.020014798 
857 154 8 6 0.020014135 
929 274 16 25 0.020011012 
878 713 15 11 0.020009875 
544 347 7 5 0.020006353 
244 115 6 6 0.020002775 
