37_Soccer_soccer_ball_37_720
133
860 186 27 34 0.99982494 
450 28 42 63 0.99965274 
712 258 20 29 0.9995777 
119 104 45 54 0.999482 
515 337 17 20 0.97281355 
581 349 16 17 0.87802494 
147 512 5 7 0.4068588 
105 343 46 45 0.16563946 
439 285 45 54 0.14165618 
155 531 5 7 0.075453125 
167 544 5 5 0.055524595 
825 430 6 6 0.049292367 
83 297 85 82 0.04717843 
100 503 46 62 0.04589857 
148 508 4 4 0.045451738 
612 257 14 13 0.043161184 
272 203 22 22 0.041846067 
831 428 7 8 0.04170025 
982 234 54 48 0.041462842 
156 519 4 4 0.03983987 
154 514 4 5 0.039536774 
740 282 25 25 0.03912032 
174 528 4 3 0.037822854 
825 433 7 8 0.0376692 
169 528 4 4 0.035482872 
1019 434 5 6 0.034388684 
144 508 3 4 0.034264598 
161 538 5 5 0.033669807 
168 519 4 4 0.03225092 
391 491 6 6 0.031756297 
838 428 6 7 0.030518597 
173 545 5 4 0.03049671 
522 500 4 5 0.030198622 
134 531 5 6 0.030029533 
148 515 6 7 0.029923405 
680 433 18 19 0.029792631 
156 506 4 5 0.029689051 
155 546 5 5 0.029647166 
961 417 4 4 0.029638039 
460 310 25 31 0.0294735 
169 530 4 5 0.029292524 
189 527 3 4 0.029180316 
123 352 14 18 0.029116647 
615 90 372 350 0.028205678 
975 435 4 5 0.028098207 
934 438 5 4 0.028090911 
149 502 4 4 0.027858373 
135 527 4 5 0.0274724 
439 42 26 33 0.027289487 
168 541 4 4 0.02716758 
182 534 3 3 0.027155122 
155 527 4 4 0.026889024 
839 403 5 6 0.026763989 
574 82 6 8 0.026673915 
161 507 4 4 0.02654742 
824 439 11 11 0.026545923 
-12 -231 463 250 0.026263285 
981 455 5 6 0.026240854 
175 532 3 4 0.025981003 
989 179 26 25 0.025315119 
547 331 8 11 0.025258081 
163 544 5 5 0.025240632 
144 502 3 4 0.025239564 
830 433 6 7 0.025141533 
972 455 5 6 0.025109004 
650 240 9 10 0.02502764 
182 545 4 5 0.024891807 
158 532 5 6 0.024885463 
155 548 5 7 0.024687594 
536 335 8 13 0.024680782 
839 410 6 6 0.024671992 
914 193 6 6 0.024554592 
91 524 6 7 0.02431984 
182 528 3 3 0.024286622 
942 423 4 4 0.024252411 
131 352 14 19 0.024214067 
92 518 5 6 0.02417697 
162 519 4 4 0.024162726 
174 520 4 4 0.0239967 
161 514 4 4 0.023894124 
576 110 5 6 0.02379254 
821 428 7 6 0.02363113 
962 448 5 6 0.023519367 
860 20 9 6 0.023453603 
684 231 6 6 0.02314638 
630 247 13 18 0.023087349 
519 495 4 5 0.022968717 
150 532 5 6 0.0229479 
944 436 4 5 0.022908825 
923 193 6 5 0.022866562 
929 193 7 6 0.022826537 
838 415 7 7 0.022641104 
788 435 6 6 0.022539362 
174 540 4 3 0.022388153 
449 -235 512 268 0.022383977 
838 423 6 7 0.022381702 
544 56 26 29 0.022340883 
555 112 42 42 0.022282466 
187 545 4 5 0.021823306 
701 25 24 23 0.021800485 
561 56 23 27 0.02157384 
850 409 7 8 0.021427996 
656 241 9 11 0.021322057 
617 43 25 24 0.021294095 
543 83 28 29 0.02126703 
942 417 4 5 0.021240499 
950 423 4 4 0.021165194 
956 417 4 4 0.021093495 
938 416 4 5 0.021001756 
162 526 4 4 0.02099121 
930 186 6 6 0.020990614 
305 481 6 6 0.020946613 
714 25 24 22 0.02094597 
936 424 4 5 0.020854931 
199 538 4 5 0.02080434 
932 441 8 7 0.020720785 
384 491 6 6 0.020699218 
575 78 5 6 0.020640196 
513 24 47 51 0.020638982 
678 230 6 7 0.020602848 
594 310 9 12 0.020512747 
137 519 3 4 0.020509638 
503 499 4 6 0.020427223 
841 434 5 6 0.02036596 
543 333 9 15 0.020362502 
129 527 5 4 0.02034611 
142 526 4 5 0.020262722 
979 447 5 6 0.020197637 
980 460 7 8 0.020183004 
847 403 5 5 0.020173142 
833 424 6 7 0.020160558 
783 400 9 10 0.02011033 
605 41 24 24 0.02007722 
