37_Soccer_Soccer_37_170
30
743 76 39 50 0.9996113 
618 87 77 89 0.9990127 
602 2 26 31 0.99892175 
949 59 66 88 0.99606186 
469 213 65 88 0.9946504 
732 0 15 16 0.2212868 
516 -3 14 12 0.074359566 
784 375 26 33 0.04319535 
622 3 21 24 0.041602433 
-5 37 51 123 0.030991178 
553 2 15 13 0.030902933 
760 18 7 9 0.030846389 
686 2 13 13 0.029043349 
762 4 6 8 0.02812284 
698 0 25 24 0.027094118 
691 11 28 29 0.027034914 
669 1 12 15 0.02576422 
767 3 6 8 0.025077311 
634 1 13 16 0.02503269 
31 -1 9 10 0.02496797 
669 5 18 28 0.024109865 
773 0 7 8 0.023783665 
750 12 7 9 0.023555942 
767 18 7 8 0.022588933 
745 655 56 52 0.02256851 
763 1 6 7 0.022285895 
650 11 18 24 0.021592205 
774 19 6 7 0.021470927 
758 656 30 24 0.02046911 
990 551 48 59 0.02043654 
