54_Rescue_firemanrescue_54_458
22
154 254 183 198 0.9999565 
128 556 57 87 0.910495 
683 622 13 18 0.6600122 
606 575 19 23 0.35844073 
67 143 190 178 0.122524396 
687 616 17 20 0.09456311 
866 224 17 27 0.09181408 
692 611 15 14 0.061297353 
447 265 190 174 0.053042386 
853 447 14 19 0.043641143 
408 784 14 13 0.04357392 
281 797 65 47 0.040446274 
66 549 31 34 0.037063956 
615 581 14 15 0.034420736 
789 162 159 178 0.0323503 
585 623 11 12 0.03234406 
849 413 92 93 0.031985175 
301 790 34 22 0.02501261 
885 419 25 21 0.024471276 
443 803 31 22 0.024449958 
301 669 23 25 0.023608591 
308 790 17 12 0.021252584 
