43_Row_Boat_Rowboat_43_563
369
612 106 54 56 0.9904897 
1 439 7 12 0.21385604 
599 127 6 10 0.117948234 
521 187 26 36 0.09028711 
903 572 15 22 0.08214894 
67 442 5 7 0.07599826 
48 666 568 309 0.07320953 
-3 -140 96 160 0.06395184 
604 189 5 8 0.059347253 
34 457 3 4 0.05716742 
307 567 547 353 0.056423485 
12 455 5 5 0.05187754 
42 418 3 4 0.051120415 
41 425 2 4 0.04946559 
-54 303 431 355 0.04857448 
369 734 136 69 0.047527395 
483 474 5 7 0.047153573 
156 306 4 7 0.046778902 
331 391 7 8 0.045582727 
47 418 3 4 0.044481963 
29 458 3 4 0.04433514 
110 294 3 6 0.044191815 
598 110 5 7 0.044164315 
537 226 60 62 0.043600217 
22 448 3 5 0.043279655 
110 397 6 8 0.043200057 
28 426 3 3 0.043101218 
309 395 6 8 0.042885683 
362 427 56 42 0.042015005 
21 444 3 4 0.041242603 
35 424 3 3 0.041087415 
320 429 128 91 0.040108025 
110 291 4 5 0.039959963 
9 424 3 4 0.039755158 
23 424 2 4 0.039529815 
810 494 5 6 0.039073065 
894 635 48 62 0.03884061 
298 710 140 85 0.038253605 
161 422 5 5 0.03774327 
35 451 2 3 0.037569426 
22 457 3 4 0.0373664 
910 562 19 26 0.03710832 
155 726 105 70 0.0370659 
154 421 5 6 0.036869064 
271 389 12 11 0.036446277 
292 181 67 109 0.036355175 
125 300 4 6 0.03617544 
923 611 24 33 0.035667587 
130 300 3 7 0.035616625 
48 424 3 4 0.035539478 
36 420 3 3 0.035196032 
156 302 3 6 0.03515559 
345 432 7 9 0.034741677 
9 430 3 5 0.034703072 
150 422 4 5 0.03446567 
426 91 206 189 0.034459934 
280 129 146 192 0.034248147 
528 176 26 31 0.034046467 
903 626 25 33 0.03401326 
241 402 7 7 0.033955384 
942 546 24 32 0.033769898 
129 295 4 6 0.033702817 
820 609 20 25 0.033699624 
844 634 23 27 0.033643886 
91 378 5 8 0.03347625 
126 295 3 6 0.033377875 
259 400 47 53 0.03336131 
41 412 2 3 0.03318265 
49 181 10 14 0.03303954 
29 430 2 4 0.032908365 
149 431 4 5 0.032789294 
144 219 4 5 0.03244497 
251 409 5 6 0.032404535 
16 442 3 5 0.032241717 
154 418 5 6 0.03164665 
156 677 85 86 0.03123011 
135 422 4 5 0.030975785 
35 410 3 4 0.03085324 
367 292 481 323 0.030775135 
481 477 7 8 0.030636525 
912 647 4 6 0.030343557 
895 585 25 34 0.030341307 
9 454 5 7 0.030302195 
909 308 125 102 0.030149477 
156 175 3 5 0.030110091 
194 500 72 99 0.030082809 
266 388 23 20 0.02992444 
548 147 17 31 0.029843451 
16 431 3 4 0.029732775 
810 495 8 10 0.02968539 
43 239 9 12 0.02968221 
129 422 4 6 0.029600296 
22 419 3 3 0.029500432 
865 671 5 6 0.029498242 
313 487 5 6 0.029472608 
34 442 4 5 0.029387053 
9 436 4 6 0.02926381 
950 341 57 50 0.029262494 
151 418 3 6 0.029205509 
128 440 4 7 0.029049037 
155 179 3 6 0.028949145 
898 587 48 58 0.028905945 
903 669 43 56 0.028905474 
923 571 20 23 0.028884802 
29 451 3 3 0.028808912 
974 57 80 101 0.02880592 
16 424 2 4 0.028769366 
397 738 31 28 0.02871563 
250 430 4 6 0.028594282 
37 168 9 15 0.028574184 
312 396 6 8 0.028551841 
48 413 3 2 0.02839 
14 451 4 4 0.028327644 
827 168 86 110 0.02816162 
119 322 3 4 0.028037718 
135 300 5 8 0.027954992 
-2 728 76 186 0.0278714 
322 429 42 44 0.02778616 
300 271 6 12 0.027723864 
518 197 10 18 0.027704448 
151 289 2 5 0.027695678 
599 113 5 9 0.02768818 
834 564 36 48 0.027687406 
488 711 131 81 0.027685639 
160 432 5 4 0.027619317 
137 431 3 4 0.027569668 
28 386 3 5 0.027444767 
126 438 3 4 0.027426062 
27 461 4 5 0.02736193 
138 219 3 5 0.027114877 
99 327 4 7 0.02710215 
860 638 13 16 0.026951995 
137 236 3 6 0.026885105 
911 560 46 48 0.026876919 
142 431 3 4 0.026797706 
29 391 3 4 0.026784146 
131 431 3 4 0.026758773 
271 438 3 4 0.026700534 
22 462 4 4 0.026631912 
14 461 4 5 0.026596181 
522 198 12 21 0.026560117 
205 425 7 7 0.026558852 
215 389 77 96 0.026526473 
877 660 48 61 0.026479676 
515 176 22 35 0.026324248 
851 646 24 29 0.026310937 
21 399 3 4 0.026305623 
604 587 524 462 0.026291007 
815 604 13 20 0.026244046 
56 247 9 10 0.026222574 
829 618 20 24 0.0261528 
125 290 3 4 0.026122507 
947 614 95 105 0.026104022 
16 387 3 5 0.026075698 
15 391 4 5 0.025995469 
61 411 2 4 0.025969755 
118 295 3 5 0.025915785 
602 146 4 7 0.025880288 
15 438 3 4 0.025851967 
98 438 4 4 0.025834693 
296 397 5 6 0.025833901 
144 290 3 5 0.025793226 
816 582 33 43 0.025768194 
899 567 13 17 0.025746299 
41 429 3 4 0.025715448 
317 449 52 50 0.025605503 
43 175 9 14 0.025491685 
48 194 11 13 0.02548001 
148 219 4 5 0.025478896 
160 418 6 6 0.025466498 
0 369 5 10 0.025453802 
685 704 135 90 0.025451237 
590 167 35 57 0.025440121 
125 431 3 4 0.02543546 
459 6 435 377 0.025426758 
122 107 53 56 0.02541645 
541 164 73 105 0.02532303 
38 148 8 17 0.025309365 
918 571 9 13 0.025299983 
155 295 4 6 0.025258482 
200 699 115 80 0.025250744 
562 324 56 51 0.025249925 
929 557 21 28 0.025233995 
890 600 23 33 0.025226124 
126 441 4 5 0.025223041 
527 205 13 16 0.025210451 
54 418 2 3 0.025196802 
903 600 24 34 0.025117703 
529 204 24 27 0.025109531 
287 414 25 28 0.025096502 
814 623 39 45 0.025004717 
159 435 5 6 0.024965884 
154 184 4 7 0.02494842 
149 411 3 5 0.024943164 
141 300 6 9 0.024844537 
14 396 4 6 0.02483635 
110 299 4 7 0.024705473 
219 406 5 5 0.024662338 
34 430 3 4 0.02464459 
3 430 4 7 0.024644526 
348 483 62 50 0.024553651 
118 290 3 5 0.024542253 
20 387 4 4 0.024541652 
341 440 54 45 0.024497688 
49 240 9 12 0.024469476 
821 576 21 29 0.024436558 
106 290 3 5 0.0244265 
8 396 5 7 0.024401724 
49 208 10 12 0.024389246 
172 120 53 55 0.024377843 
118 437 3 4 0.024375362 
21 412 3 4 0.02435252 
786 -5 98 97 0.024332471 
156 354 3 4 0.02427568 
5 446 5 7 0.02424753 
346 390 4 6 0.02409533 
346 398 5 7 0.02407304 
7 402 5 8 0.024066765 
61 405 3 5 0.024032116 
200 426 7 8 0.024024501 
378 410 53 40 0.024021626 
514 202 21 31 0.023941614 
894 570 12 19 0.023846066 
40 456 3 4 0.023830364 
1001 614 22 27 0.023828883 
314 245 21 34 0.02380874 
61 160 13 16 0.023804743 
68 446 4 6 0.02380077 
103 436 5 4 0.02378375 
304 323 48 54 0.023707928 
98 429 5 5 0.02370377 
129 306 4 7 0.02367732 
254 402 8 9 0.023672279 
22 431 3 3 0.02361058 
168 693 4 5 0.02360851 
369 447 66 49 0.023594163 
206 536 22 32 0.023567008 
993 640 6 7 0.023550965 
150 257 3 5 0.023534764 
418 741 33 31 0.023525918 
910 640 5 7 0.02351726 
110 282 4 6 0.0234849 
243 386 6 5 0.02340604 
450 144 91 126 0.023360644 
164 565 7 6 0.023348793 
52 425 3 4 0.023322446 
251 403 6 7 0.023299215 
890 736 99 67 0.023289245 
135 256 4 6 0.023253512 
157 432 4 4 0.02318068 
278 276 4 6 0.023140935 
130 290 3 5 0.023068419 
884 586 21 34 0.02305964 
402 213 111 122 0.023012465 
168 422 4 5 0.022984287 
257 210 38 54 0.022951147 
103 431 4 4 0.022951083 
290 432 42 42 0.022939974 
10 419 2 4 0.02292924 
-16 -4 444 448 0.02292536 
515 233 19 30 0.022871993 
41 452 3 3 0.022869607 
55 736 118 76 0.022809703 
-2 435 14 23 0.022782711 
208 531 4 5 0.022743892 
0 -121 298 121 0.022652932 
50 222 9 11 0.022619205 
729 154 447 384 0.02257065 
559 264 101 105 0.022566589 
22 438 2 3 0.022535728 
185 404 5 6 0.022527663 
150 307 3 6 0.022499971 
157 437 4 4 0.022499194 
829 -134 234 143 0.022463802 
927 578 11 14 0.022447478 
34 385 4 6 0.022447247 
56 222 9 10 0.022384975 
451 486 5 6 0.022323033 
34 437 4 4 0.022291197 
242 390 6 6 0.022278437 
156 232 4 5 0.022260828 
274 324 50 57 0.022186784 
16 419 3 3 0.022123685 
931 688 9 16 0.022034375 
207 538 5 6 0.022033023 
329 453 25 27 0.021984864 
977 347 56 54 0.021968573 
170 418 4 5 0.021938136 
237 391 7 5 0.021906551 
155 235 5 8 0.021878706 
927 325 52 54 0.021836475 
436 486 6 6 0.02183262 
54 451 3 3 0.021808065 
378 421 26 24 0.021765705 
134 417 5 7 0.021705342 
948 705 53 51 0.021698805 
118 431 3 3 0.02167982 
138 224 3 5 0.021679558 
93 87 105 99 0.021662941 
258 381 41 41 0.021654816 
859 558 37 48 0.02162207 
142 305 5 8 0.021564104 
2 409 4 7 0.021545056 
340 391 5 6 0.021520853 
281 249 6 8 0.021444665 
154 261 4 7 0.021439372 
304 415 45 48 0.021411365 
732 492 50 46 0.021406984 
327 399 44 49 0.02139961 
164 515 46 54 0.021387333 
526 175 15 19 0.021378562 
921 37 47 56 0.021372376 
143 294 3 7 0.02133058 
835 596 38 44 0.02127438 
130 417 5 6 0.021272484 
60 418 3 4 0.021214634 
295 458 23 29 0.02116921 
55 155 11 15 0.021151496 
927 622 39 49 0.021068582 
979 589 5 7 0.021061618 
870 671 5 6 0.021001536 
102 404 5 6 0.020977309 
106 294 4 6 0.020951292 
820 229 46 54 0.020934254 
396 424 52 42 0.02091444 
55 181 11 13 0.02090434 
497 174 78 115 0.020856014 
56 215 10 11 0.02081311 
938 719 24 30 0.02080073 
131 251 4 5 0.020786943 
555 214 20 27 0.020745125 
174 416 3 6 0.020744696 
136 397 4 5 0.020625982 
909 575 22 28 0.020622328 
175 411 3 4 0.020605965 
853 495 97 93 0.020600991 
475 487 8 9 0.020586748 
233 398 20 23 0.020581083 
341 415 50 45 0.02056798 
769 619 21 26 0.020561675 
267 263 98 107 0.020538636 
991 611 21 26 0.020512942 
885 112 52 61 0.020499729 
294 265 14 25 0.020489886 
168 432 4 4 0.02048885 
304 444 12 12 0.020478562 
301 253 17 29 0.020427156 
55 208 11 12 0.020407313 
907 534 49 48 0.020339102 
136 251 3 5 0.020323921 
205 416 6 6 0.020309422 
67 438 3 4 0.020304723 
123 321 3 5 0.020295419 
270 414 23 28 0.020292083 
955 547 24 29 0.02028356 
301 397 4 6 0.020281851 
167 378 5 6 0.020267636 
700 660 68 50 0.020255953 
944 571 46 53 0.020255174 
1007 714 23 36 0.020246204 
136 393 4 4 0.02021852 
303 257 3 5 0.020189013 
151 185 4 6 0.020152824 
243 408 6 7 0.020116638 
277 437 4 5 0.020103231 
503 232 21 31 0.020097325 
480 713 53 49 0.0200753 
864 666 7 8 0.0200128 
267 401 11 11 0.02000394 
