43_Row_Boat_Canoe_43_133
212
495 114 62 74 0.9967541 
154 41 530 319 0.12613173 
230 305 262 116 0.11426603 
474 110 623 316 0.10910756 
329 478 608 324 0.096814014 
1 192 566 311 0.08569681 
184 379 183 76 0.08454057 
644 115 62 56 0.08207372 
439 312 30 21 0.07227458 
10 504 570 314 0.067851074 
724 97 20 12 0.059706267 
667 115 13 13 0.057112828 
682 106 30 23 0.05463988 
759 248 33 27 0.051201507 
331 14 10 7 0.050271474 
180 516 131 67 0.0473096 
232 325 125 64 0.046029795 
650 442 35 23 0.04546192 
535 436 11 7 0.045056473 
415 -232 640 253 0.04457506 
368 297 34 29 0.042880896 
628 189 55 49 0.041988336 
457 41 40 27 0.04145181 
624 131 78 85 0.04128648 
6 -249 526 282 0.041179787 
606 226 56 45 0.041022487 
706 -205 321 140 0.039021865 
664 112 28 25 0.03717641 
343 322 29 23 0.03664915 
324 2 8 5 0.0363508 
680 109 14 10 0.03633413 
380 301 14 12 0.03588203 
686 100 16 12 0.035872683 
122 293 145 77 0.03422135 
635 235 31 26 0.03389422 
697 114 33 26 0.033877566 
772 3 9 5 0.033844046 
344 9 9 5 0.033595566 
350 307 30 25 0.03358771 
350 9 10 7 0.03297637 
745 6 12 7 0.032887496 
331 10 8 6 0.032862917 
474 475 105 67 0.03283741 
682 92 30 20 0.03237008 
423 476 8 7 0.03235475 
535 457 132 74 0.0322554 
401 275 10 8 0.032082472 
601 191 50 40 0.031927906 
342 2 11 7 0.031869035 
650 111 124 82 0.03185697 
631 217 25 34 0.030667664 
428 237 10 10 0.030661052 
161 465 130 86 0.03065646 
420 4 105 61 0.030396193 
224 544 16 11 0.02963496 
318 259 123 93 0.02931753 
544 431 8 6 0.029193006 
679 115 15 12 0.029183658 
749 108 6 4 0.029077372 
221 538 31 22 0.028843874 
789 340 5 3 0.028775988 
338 9 8 6 0.028499257 
739 100 11 6 0.028439842 
601 464 169 84 0.028365295 
698 102 15 11 0.028270323 
331 2 8 6 0.02782587 
713 12 13 9 0.027769838 
748 127 30 19 0.027748076 
278 281 12 10 0.02766875 
695 88 9 5 0.027608985 
582 162 91 77 0.02754056 
732 95 14 8 0.027528508 
640 111 7 5 0.027402036 
354 296 12 7 0.027110113 
705 473 400 368 0.026984043 
646 259 8 6 0.02696962 
748 95 8 5 0.026916426 
709 84 9 7 0.02690881 
363 309 11 8 0.02657925 
735 9 8 5 0.026495587 
707 89 33 22 0.026279865 
735 17 7 5 0.026222026 
698 108 16 12 0.02613188 
297 201 284 159 0.026116895 
361 315 13 10 0.025838744 
324 15 9 6 0.02579839 
700 92 11 6 0.025777608 
989 434 13 10 0.025554655 
103 377 610 298 0.02555178 
741 95 10 5 0.025543353 
320 2 7 5 0.02541214 
688 125 63 41 0.025362464 
403 330 8 5 0.025192266 
243 537 42 24 0.025051136 
364 305 9 6 0.024894722 
603 255 54 42 0.024880739 
250 512 146 71 0.02464734 
409 329 7 6 0.024581786 
651 121 29 33 0.02454318 
464 -3 48 24 0.024452638 
397 338 7 4 0.024379771 
272 329 11 7 0.024343805 
387 289 11 8 0.02430816 
747 100 8 4 0.024285758 
387 295 12 11 0.024232144 
733 89 31 20 0.023988103 
396 277 10 7 0.023877125 
742 86 9 5 0.023729209 
338 333 11 10 0.023688875 
665 111 9 9 0.023646858 
196 493 67 46 0.023536585 
598 158 48 44 0.023396624 
262 324 34 22 0.02339494 
414 269 12 12 0.02333905 
410 327 33 24 0.023326924 
734 21 9 7 0.023309536 
232 299 56 38 0.023262072 
753 4 9 6 0.023246093 
190 264 113 78 0.023241764 
401 282 11 8 0.023230735 
462 227 80 86 0.023088146 
608 190 25 23 0.023054603 
746 3 11 6 0.023021627 
862 23 9 6 0.023000233 
634 241 61 42 0.022980545 
396 330 8 4 0.022971569 
748 62 7 5 0.02296915 
326 9 7 6 0.022967465 
760 9 7 4 0.022917915 
362 3 13 7 0.022782816 
254 335 12 8 0.022757288 
399 296 33 29 0.022737674 
373 2 11 7 0.02273664 
669 403 4 3 0.022611795 
736 86 8 5 0.022550778 
754 267 33 26 0.022512158 
680 149 30 26 0.022484211 
722 94 12 8 0.022463443 
256 329 9 6 0.022439094 
715 85 9 5 0.022384344 
725 99 31 23 0.022289064 
279 329 12 7 0.02225413 
157 290 9 7 0.02221064 
703 87 8 5 0.022177441 
313 2 8 5 0.02212577 
324 10 25 17 0.022101356 
782 62 5 4 0.022080507 
629 68 5 4 0.022075411 
189 1 10 7 0.021989072 
699 98 13 9 0.021979641 
963 181 12 8 0.021972574 
770 126 7 5 0.02193219 
734 110 10 7 0.021927256 
415 321 10 8 0.021904191 
762 120 6 4 0.021822663 
348 300 13 8 0.021819578 
768 68 6 4 0.02177565 
558 242 61 45 0.021764608 
625 177 30 23 0.021743659 
695 97 32 21 0.021742709 
671 118 37 30 0.02173475 
403 337 7 4 0.02170802 
788 342 6 4 0.021633543 
160 288 6 5 0.021583993 
216 448 149 90 0.021582663 
749 17 9 6 0.021544224 
727 16 9 5 0.02153673 
142 429 13 8 0.021514986 
867 11 9 5 0.021511354 
755 63 6 4 0.021492347 
261 310 32 24 0.021476429 
420 8 12 8 0.021433385 
707 99 12 8 0.02141776 
216 528 10 9 0.021338653 
748 111 8 5 0.021334382 
695 91 9 6 0.02129838 
294 497 7 5 0.021297775 
700 79 28 19 0.021221932 
409 316 10 9 0.021141686 
635 0 5 3 0.021115713 
674 402 5 4 0.021100959 
564 15 7 6 0.02109766 
641 0 5 3 0.021059897 
359 297 133 75 0.021056615 
741 105 8 5 0.020941248 
407 271 8 7 0.020936426 
663 125 13 14 0.020927703 
416 3 7 5 0.020918263 
869 15 7 4 0.02090636 
343 296 609 275 0.020894106 
808 324 5 4 0.020775747 
724 85 7 5 0.020752778 
962 -6 110 87 0.020730803 
225 2 14 8 0.020708924 
614 425 127 76 0.020685317 
755 120 7 4 0.020580307 
264 336 13 7 0.020566566 
401 288 11 10 0.020531595 
762 95 7 4 0.020528028 
355 8 12 7 0.02050219 
664 153 33 30 0.020444954 
774 126 8 6 0.020442957 
699 115 16 12 0.020440046 
755 95 7 4 0.020396506 
711 116 16 12 0.020290285 
393 289 11 9 0.020222167 
223 520 9 7 0.020204742 
301 497 6 5 0.020180354 
237 289 33 23 0.020142239 
403 323 9 6 0.02013581 
409 322 9 7 0.020023614 
375 290 10 6 0.020019185 
