43_Row_Boat_Rowboat_43_907
83
498 146 22 28 0.9996252 
406 147 24 25 0.9995072 
797 157 29 29 0.9811003 
190 160 26 23 0.9616135 
938 197 12 14 0.22261468 
368 120 29 26 0.19652565 
296 264 34 28 0.1585736 
368 142 26 26 0.12248625 
620 75 28 25 0.11500675 
761 208 45 49 0.106323265 
815 186 32 27 0.07784116 
296 318 30 24 0.07407024 
852 187 31 22 0.07141822 
690 69 35 35 0.067842394 
542 64 39 29 0.06372794 
22 267 97 80 0.061095122 
814 230 48 43 0.055965293 
75 198 11 9 0.04866679 
378 410 661 364 0.045432854 
829 163 13 15 0.044653963 
367 266 19 29 0.042536464 
711 159 21 28 0.041874986 
493 179 14 16 0.036295302 
369 146 13 14 0.03582919 
159 308 22 24 0.035014175 
672 169 5 7 0.033209216 
701 177 7 12 0.031251848 
604 73 27 26 0.03003124 
379 127 34 36 0.02972805 
705 329 23 25 0.029458882 
44 309 37 26 0.029132996 
809 199 29 31 0.028732676 
188 402 8 8 0.028370949 
461 59 52 37 0.028049732 
638 89 99 89 0.027477073 
631 80 27 29 0.027256204 
669 80 22 26 0.026845776 
701 136 30 28 0.026512932 
985 256 6 10 0.026489422 
207 308 13 11 0.025928115 
830 183 41 35 0.025050974 
484 271 72 91 0.024820969 
188 394 4 4 0.024640394 
678 159 6 8 0.024336101 
707 163 14 20 0.024324264 
619 62 74 75 0.02424139 
610 76 16 13 0.024040481 
884 327 5 8 0.023999754 
984 281 8 12 0.023932705 
192 393 5 4 0.023665773 
858 325 6 10 0.023516227 
933 201 20 25 0.02342218 
668 169 4 7 0.023284005 
103 326 26 23 0.023269827 
371 138 17 16 0.023155157 
297 322 15 12 0.023081811 
453 76 43 42 0.022766942 
114 328 9 7 0.022600057 
-9 -282 492 335 0.022534389 
59 334 55 44 0.022240499 
672 180 5 7 0.022012863 
625 101 44 46 0.021998294 
371 183 8 10 0.021983188 
666 161 4 7 0.021861324 
296 291 50 48 0.021775473 
993 328 7 8 0.021685967 
188 383 3 3 0.021612855 
188 401 6 5 0.021587428 
661 153 5 10 0.0215396 
664 124 25 30 0.02151007 
184 163 12 17 0.0212759 
373 221 13 15 0.0212353 
620 70 20 16 0.021122474 
984 299 10 15 0.020871077 
79 315 61 46 0.020862076 
728 270 6 7 0.020761592 
985 276 7 10 0.020719828 
797 257 32 30 0.020561377 
862 326 6 9 0.020506103 
702 183 7 12 0.020486273 
52 229 110 96 0.020267261 
999 102 6 9 0.02010091 
668 180 4 7 0.02004338 
