43_Row_Boat_Rowboat_43_341
1077
331 199 10 19 0.9146461 
428 113 13 20 0.8882122 
343 22 13 14 0.6609149 
83 67 48 43 0.5307413 
540 63 37 28 0.21869844 
569 48 33 29 0.21185783 
422 11 15 10 0.19575597 
158 101 248 197 0.16722305 
862 28 26 20 0.16493402 
391 2 18 13 0.14634058 
240 16 12 14 0.14460456 
440 22 15 13 0.14125694 
111 56 32 27 0.13926798 
574 24 33 21 0.138627 
71 58 87 81 0.13697262 
133 126 58 44 0.12860969 
600 62 29 22 0.12070034 
258 19 11 13 0.112814255 
969 55 26 21 0.11227364 
468 61 62 42 0.11118215 
58 -11 468 358 0.10679862 
1005 34 16 18 0.10652165 
79 73 24 31 0.10578768 
640 272 523 335 0.10368331 
349 3 10 10 0.10061022 
341 42 13 14 0.097346075 
280 20 11 12 0.09595217 
342 9 11 11 0.09347832 
163 46 25 24 0.09303273 
599 26 261 121 0.092999525 
601 17 32 18 0.09228624 
907 2 26 17 0.09173107 
712 22 75 43 0.09168675 
88 90 102 88 0.0913572 
283 48 13 16 0.09098837 
988 40 26 18 0.089545764 
104 44 35 26 0.08845685 
317 73 14 14 0.088295974 
133 66 57 49 0.08134084 
1 35 12 14 0.08087861 
976 46 29 19 0.0808469 
449 101 8 9 0.08077259 
85 89 32 36 0.07958986 
149 73 31 24 0.07912331 
592 21 57 40 0.07759732 
61 127 26 30 0.07647452 
298 40 15 16 0.072905675 
501 54 61 40 0.069629416 
920 38 30 22 0.06895391 
233 21 22 22 0.066127874 
509 96 32 25 0.062163536 
326 198 10 14 0.062021505 
674 153 119 85 0.061066974 
141 520 4 4 0.060343347 
456 88 14 15 0.060103618 
110 47 117 86 0.05990755 
126 96 9 9 0.05945931 
51 36 27 24 0.058685508 
174 49 12 13 0.058610138 
747 36 39 24 0.058561288 
824 34 28 20 0.05838948 
146 29 31 29 0.058060866 
43 102 54 56 0.057567127 
267 35 10 11 0.057432458 
453 69 26 26 0.05684455 
728 -196 290 133 0.056637976 
139 124 27 29 0.05632613 
423 13 26 17 0.056210503 
855 10 31 21 0.05589938 
0 44 40 63 0.05547122 
541 136 121 78 0.05534642 
272 46 12 16 0.055041887 
556 -57 493 273 0.0541206 
354 76 26 28 0.05345191 
969 128 53 38 0.05340455 
201 542 4 3 0.053269397 
726 18 35 20 0.053138256 
522 10 12 10 0.052878704 
168 520 4 4 0.0526453 
803 37 29 20 0.05262529 
149 53 34 30 0.05235471 
154 80 15 12 0.0521046 
688 476 135 77 0.051815778 
81 74 12 17 0.05171482 
285 34 12 11 0.0515828 
138 519 4 5 0.05134623 
131 112 11 11 0.051325597 
150 520 4 4 0.051103726 
594 503 521 343 0.05084788 
583 67 49 36 0.05077319 
210 18 11 11 0.05031074 
717 75 152 83 0.050028957 
321 94 15 16 0.049967375 
188 520 4 4 0.049707986 
132 40 31 31 0.049554136 
132 106 29 31 0.04947754 
499 50 33 23 0.04895253 
248 14 19 19 0.048862923 
289 23 11 10 0.048795883 
321 200 16 22 0.048542406 
740 271 113 69 0.04834011 
313 18 7 8 0.047948577 
81 25 249 172 0.047946066 
11 -271 398 375 0.047921084 
512 265 5 4 0.04716942 
968 28 15 13 0.046950854 
950 2 15 12 0.046905223 
958 47 29 24 0.046590693 
66 274 106 79 0.046328776 
168 515 3 3 0.04632349 
530 75 34 29 0.046047702 
683 420 125 86 0.04597772 
550 50 34 29 0.045937795 
372 84 13 14 0.04575526 
163 49 14 13 0.04572237 
199 543 5 5 0.045455657 
103 89 30 28 0.045422807 
140 115 127 80 0.04532414 
402 28 27 22 0.045278914 
180 520 4 4 0.04514426 
156 508 3 3 0.045083284 
176 520 4 4 0.044915825 
17 47 74 102 0.044858623 
873 523 3 3 0.04485064 
710 40 33 27 0.044764295 
140 283 51 39 0.04473975 
808 4 16 12 0.044703938 
214 541 3 4 0.044657934 
23 35 12 15 0.04458151 
870 405 137 76 0.04444694 
337 27 13 12 0.044352315 
849 523 2 2 0.04386267 
46 103 22 28 0.043356977 
143 398 60 46 0.04334764 
1008 21 14 12 0.043254465 
935 83 50 45 0.0431221 
831 14 55 36 0.043088343 
729 355 138 85 0.04303759 
610 456 111 71 0.043011848 
173 543 5 5 0.042698584 
880 523 3 3 0.04225715 
215 331 61 41 0.042217463 
681 15 131 85 0.042182744 
132 254 52 39 0.042170633 
106 369 126 93 0.041934755 
186 278 120 83 0.041838802 
831 320 123 72 0.041753385 
583 41 58 42 0.041695368 
225 308 60 44 0.04159165 
246 21 11 12 0.04148987 
641 17 29 23 0.04113045 
271 173 97 99 0.040974997 
329 15 12 13 0.04087271 
1 39 23 31 0.040685453 
687 2 15 11 0.040609084 
410 20 243 141 0.0405702 
405 10 47 36 0.040540803 
165 514 3 4 0.040241845 
190 543 6 6 0.04021191 
208 541 4 4 0.040039673 
602 29 18 12 0.039992563 
92 194 577 311 0.039971024 
521 43 31 28 0.03988442 
224 25 7 8 0.03982931 
938 61 50 42 0.039827615 
801 35 59 37 0.039715387 
867 523 3 2 0.03959035 
431 204 7 7 0.03955623 
171 419 52 38 0.039438937 
548 447 51 35 0.039332185 
121 302 54 43 0.039272744 
245 63 20 24 0.039132297 
383 115 24 26 0.038986646 
438 91 12 12 0.038930647 
162 508 4 3 0.038882036 
102 136 25 25 0.038837086 
-7 116 97 84 0.03868631 
681 39 77 40 0.038660064 
847 1 32 20 0.038571056 
189 542 4 4 0.038542144 
420 84 24 23 0.038537137 
357 223 11 10 0.03851776 
278 359 125 80 0.03837436 
156 55 13 11 0.038315248 
290 44 14 16 0.03825864 
726 29 33 24 0.038156606 
213 544 4 4 0.037951574 
336 13 13 14 0.037918277 
10 29 22 25 0.037665427 
184 32 26 21 0.037538234 
343 78 23 28 0.037490804 
261 42 11 14 0.037343606 
176 516 3 2 0.037309345 
88 165 50 43 0.03724816 
922 96 93 75 0.0372126 
194 521 3 4 0.03707802 
568 35 12 12 0.03702746 
294 67 234 174 0.03698625 
164 519 4 5 0.036925852 
130 58 28 31 0.036564067 
389 260 48 34 0.03634325 
367 48 25 23 0.036342088 
448 92 22 23 0.036125246 
229 133 12 13 0.0360073 
78 517 7 8 0.03598949 
334 30 19 21 0.03596714 
304 104 24 25 0.035875116 
230 86 51 45 0.0357416 
413 89 40 42 0.035575215 
674 18 12 11 0.035365526 
13 98 49 61 0.03535734 
329 58 13 14 0.035275094 
924 27 26 21 0.035110194 
403 60 14 12 0.035031594 
90 83 16 18 0.035016596 
49 273 25 17 0.034902535 
508 17 11 10 0.034803018 
131 521 4 4 0.03464028 
381 227 12 10 0.034529913 
952 25 25 19 0.034525637 
170 44 11 11 0.03449595 
84 107 25 30 0.034467928 
854 523 2 3 0.034459054 
497 69 28 27 0.03445883 
66 290 15 11 0.03441584 
956 1 23 17 0.034208223 
841 523 3 2 0.034206674 
324 47 11 13 0.034197148 
943 -1 15 12 0.034156475 
390 21 18 15 0.03400743 
882 18 54 40 0.033994365 
36 324 121 90 0.03399227 
150 508 4 3 0.03395133 
975 11 12 10 0.03390601 
64 153 51 48 0.033887543 
969 16 13 11 0.03387921 
42 129 31 35 0.033861768 
93 42 27 23 0.033849042 
406 49 48 36 0.03381534 
79 508 4 4 0.03361803 
375 79 22 23 0.03343662 
883 5 26 24 0.033419207 
103 302 113 84 0.033388928 
718 4 15 11 0.033344716 
145 74 13 13 0.033296373 
507 55 16 11 0.03327988 
78 283 57 41 0.033100367 
308 77 15 17 0.033061076 
215 22 10 11 0.032925844 
289 29 12 10 0.032865424 
295 47 44 41 0.032763377 
748 33 127 75 0.032751292 
512 32 90 74 0.032710288 
570 25 9 8 0.032600097 
59 280 13 9 0.032596394 
562 33 28 28 0.032533046 
562 352 47 38 0.032411464 
164 44 11 11 0.03232173 
273 40 44 39 0.03231976 
623 343 51 40 0.032307576 
111 108 26 28 0.032236323 
378 26 24 23 0.032200165 
365 31 100 75 0.032121666 
203 53 11 13 0.03209206 
861 523 2 3 0.032080114 
942 110 33 28 0.031935416 
219 26 45 46 0.031915683 
125 326 53 41 0.031897943 
386 112 12 12 0.031855866 
432 18 13 9 0.031826228 
1002 30 13 12 0.031815115 
397 124 21 23 0.031811066 
648 311 48 38 0.031781808 
216 213 139 103 0.031764995 
56 112 24 32 0.031757493 
414 26 46 38 0.03168006 
377 112 48 50 0.03165928 
814 27 28 21 0.031658005 
436 93 124 86 0.031648815 
260 27 10 13 0.03163287 
143 508 4 3 0.031617086 
640 35 25 27 0.031580523 
120 120 8 10 0.03150702 
128 23 30 23 0.03145382 
299 411 120 85 0.031431008 
68 105 21 26 0.0314298 
62 81 29 31 0.031410024 
85 508 4 4 0.031382587 
898 5 17 12 0.031376276 
532 51 34 29 0.031375878 
168 509 4 3 0.031363428 
439 81 22 25 0.031353384 
137 516 4 3 0.031340215 
268 50 20 27 0.031323947 
939 30 28 20 0.03131327 
26 31 24 26 0.031296995 
515 18 11 9 0.031281553 
730 22 18 11 0.03128086 
193 541 4 4 0.03127337 
487 100 52 40 0.03126203 
180 43 26 23 0.03124018 
396 61 25 21 0.031233016 
386 45 27 25 0.03122941 
507 264 5 4 0.031206349 
156 514 3 4 0.03115452 
367 0 13 9 0.03110633 
995 37 15 12 0.031095913 
91 227 106 72 0.031084735 
982 23 14 12 0.031077096 
204 130 53 40 0.031055909 
321 78 25 25 0.031023892 
553 616 56 45 0.030987954 
127 108 9 8 0.030972164 
209 402 56 44 0.030954357 
149 444 59 36 0.030928645 
731 467 70 38 0.030913785 
503 80 28 27 0.030912915 
885 523 3 3 0.030898318 
144 227 121 82 0.030835072 
195 42 24 24 0.030816538 
342 -2 20 18 0.0308141 
80 280 12 8 0.03069746 
247 320 29 21 0.030660294 
226 211 13 9 0.0306294 
846 502 5 4 0.03062104 
964 60 15 13 0.030587496 
636 -1 49 35 0.030579422 
74 111 10 12 0.030489588 
14 137 14 18 0.030449757 
515 4 25 18 0.030368956 
118 241 53 35 0.030354114 
619 457 54 36 0.0303323 
627 558 56 43 0.030297294 
352 73 16 16 0.030188316 
168 309 61 41 0.030178951 
614 19 31 24 0.03015837 
790 218 61 44 0.03011909 
348 59 14 14 0.030115962 
38 537 629 322 0.030110892 
175 325 120 79 0.030109799 
163 542 3 3 0.030094685 
176 45 10 9 0.03003316 
749 146 130 84 0.030014392 
149 540 3 4 0.029984122 
943 131 34 25 0.029969146 
-1 441 29 34 0.029933346 
558 54 16 15 0.029927395 
925 41 56 39 0.029911242 
840 502 5 4 0.029855222 
401 105 40 40 0.029854339 
622 34 30 30 0.029851556 
1000 92 23 24 0.029850768 
117 263 104 78 0.02983412 
491 0 11 8 0.029771766 
923 0 22 17 0.029744307 
70 59 23 27 0.02973092 
384 84 22 23 0.029720359 
146 9 32 22 0.029694393 
88 57 30 33 0.029651709 
726 36 15 12 0.029616276 
141 524 4 5 0.029602617 
143 516 3 3 0.029572634 
174 542 4 3 0.029561613 
915 68 27 24 0.029529845 
374 616 56 45 0.029459268 
642 42 11 12 0.029428171 
190 43 51 50 0.02942017 
86 96 13 15 0.02940998 
263 34 20 23 0.029340418 
38 -26 225 148 0.02932484 
945 50 27 20 0.029315026 
605 1 28 18 0.029303495 
432 22 15 12 0.029287657 
458 88 28 26 0.029258713 
63 42 15 13 0.029234998 
70 117 27 30 0.029194342 
166 33 27 24 0.029187182 
529 320 51 43 0.029171402 
171 56 30 24 0.029164288 
515 616 56 45 0.029119296 
234 112 11 13 0.029059216 
336 616 56 45 0.029049357 
143 36 12 11 0.028987465 
111 41 61 53 0.02894713 
177 31 10 7 0.028940735 
154 520 4 4 0.028931411 
599 401 57 43 0.028930789 
587 8 27 21 0.028835244 
519 83 32 30 0.028805895 
281 28 10 11 0.02877803 
427 0 9 7 0.028718509 
716 8 31 24 0.028708052 
508 270 4 4 0.028694503 
50 443 46 40 0.028680978 
349 413 69 43 0.028678108 
233 615 56 46 0.028666798 
610 326 52 41 0.028666675 
166 80 14 13 0.028586535 
54 273 14 9 0.028573032 
637 -3 106 75 0.02856742 
328 43 21 21 0.028519755 
454 81 10 10 0.028502861 
156 11 13 9 0.028488945 
400 99 14 15 0.02848342 
52 4 16 12 0.028449552 
134 74 29 27 0.028409585 
535 389 57 46 0.028381506 
786 1 30 20 0.028346725 
572 29 16 13 0.028330721 
597 21 16 11 0.028317846 
362 30 23 24 0.028292002 
97 427 48 41 0.02827295 
293 210 10 8 0.02824354 
443 131 584 357 0.028240649 
510 23 10 9 0.028234929 
946 122 111 73 0.028234858 
706 297 133 93 0.028207207 
187 2 24 21 0.02820585 
137 508 4 3 0.02819324 
146 86 10 9 0.028175063 
227 62 9 11 0.028119309 
661 499 38 27 0.028075894 
142 340 51 40 0.02805543 
79 541 7 9 0.028044578 
163 59 13 12 0.028018702 
969 30 26 22 0.02799562 
192 22 25 22 0.027955461 
283 222 13 9 0.027942937 
241 372 650 338 0.027904015 
210 104 55 47 0.027903225 
195 615 55 46 0.027828746 
912 324 56 39 0.027810073 
890 14 28 24 0.027764136 
144 130 14 16 0.02775989 
316 82 14 16 0.027744435 
200 348 64 43 0.027701404 
166 436 25 18 0.027696773 
825 365 7 6 0.027676977 
451 110 21 21 0.027627608 
311 120 109 102 0.02760852 
904 42 28 23 0.02759837 
74 63 12 15 0.027591154 
279 42 11 13 0.02756462 
143 502 4 4 0.027541528 
758 224 106 75 0.027536783 
784 363 68 43 0.027535519 
720 615 55 46 0.027506934 
794 392 8 6 0.027490187 
166 0 30 19 0.02748871 
583 425 51 38 0.027486186 
295 12 8 8 0.02744078 
136 502 4 3 0.027407484 
542 30 23 24 0.02738905 
218 544 4 4 0.027383907 
523 23 25 25 0.0273357 
519 98 15 14 0.027320927 
149 503 4 3 0.027250605 
591 615 57 46 0.027249973 
930 503 4 3 0.02717603 
755 556 58 46 0.027118664 
95 148 26 23 0.027098333 
72 154 101 77 0.027076112 
523 0 10 7 0.027058344 
956 35 27 21 0.027056107 
355 55 10 11 0.027051954 
847 601 55 48 0.027046656 
158 5 13 9 0.026984911 
434 0 8 6 0.026956307 
447 96 7 8 0.026920585 
403 88 26 25 0.026919795 
20 116 23 25 0.026888518 
29 433 14 12 0.02687493 
828 18 31 22 0.02686806 
92 520 5 5 0.02684707 
176 525 4 5 0.026821345 
66 456 16 13 0.026810335 
464 55 12 11 0.026809374 
244 94 23 21 0.026805686 
495 95 28 25 0.026805317 
517 23 9 8 0.026797876 
425 616 56 45 0.026781335 
6 72 25 28 0.026770968 
181 546 3 3 0.02675025 
21 413 109 84 0.026735215 
72 507 4 5 0.026716147 
380 61 50 47 0.02670327 
128 214 59 43 0.026679968 
859 4 15 9 0.02665607 
129 16 15 12 0.026563223 
852 502 5 4 0.02654855 
258 325 12 9 0.026530957 
171 38 9 9 0.026476627 
155 151 122 94 0.026464168 
500 439 65 44 0.026458867 
936 503 4 3 0.026454303 
293 76 42 41 0.026444117 
397 17 29 23 0.026440158 
80 274 13 9 0.026432736 
345 44 24 23 0.026429875 
297 290 60 45 0.026412336 
853 508 4 3 0.02640145 
197 38 10 9 0.026361564 
663 13 24 21 0.026349261 
248 330 31 25 0.026301067 
351 121 52 51 0.026300311 
528 349 57 44 0.02627098 
96 146 9 9 0.026250096 
389 87 11 12 0.026237484 
396 0 29 19 0.026229497 
165 38 10 9 0.026208589 
265 314 60 43 0.026194 
420 0 11 8 0.026190044 
914 9 24 20 0.026186282 
477 616 55 45 0.026171964 
820 4 13 9 0.026168039 
861 50 55 44 0.026157549 
174 24 28 20 0.026149074 
187 78 121 98 0.026128834 
-3 -159 65 175 0.026123669 
808 615 57 46 0.026122106 
165 239 298 158 0.026100522 
471 69 110 70 0.02607037 
923 502 5 4 0.026066907 
441 1 8 6 0.026059596 
169 541 3 4 0.026047062 
105 400 50 44 0.02603238 
21 20 12 13 0.02602286 
1 87 22 28 0.026020631 
213 550 4 5 0.025985789 
310 182 10 9 0.02597708 
768 0 34 19 0.025952658 
81 523 7 8 0.02594899 
422 391 62 43 0.025933884 
141 47 15 14 0.025930021 
204 37 9 10 0.025913727 
480 0 22 20 0.025905523 
446 31 23 21 0.025893481 
313 202 8 11 0.025815522 
432 23 26 23 0.025815066 
394 79 27 24 0.02572416 
687 435 54 40 0.025719833 
664 451 57 44 0.025674164 
387 41 11 11 0.025654355 
832 360 6 5 0.025651464 
99 130 11 12 0.025643567 
264 9 46 46 0.025637995 
372 101 20 22 0.025621915 
513 269 5 5 0.025605723 
503 2 25 18 0.025586868 
775 404 64 44 0.025562054 
695 49 36 23 0.025553998 
168 525 4 4 0.025551818 
547 183 107 81 0.025550684 
456 503 5 3 0.025543103 
783 629 56 45 0.025523422 
825 351 61 43 0.025504626 
143 30 13 10 0.025497722 
116 31 32 31 0.025489597 
279 22 19 21 0.025481448 
256 34 40 39 0.025455246 
155 263 11 7 0.025385253 
59 84 12 13 0.0253744 
76 276 28 18 0.025358673 
569 329 51 40 0.025329128 
629 616 57 45 0.025293868 
365 66 28 27 0.025268545 
703 190 113 81 0.025237687 
120 108 9 9 0.025237676 
758 616 55 45 0.02522869 
150 516 4 3 0.025164658 
56 70 52 56 0.025161106 
388 412 58 39 0.025154697 
182 515 3 3 0.025147917 
624 324 291 149 0.02511643 
988 29 13 9 0.025102101 
150 525 4 4 0.025088644 
329 75 11 12 0.025075799 
343 51 12 14 0.025066355 
217 67 23 28 0.025062032 
129 502 5 3 0.025047392 
333 58 21 24 0.025046777 
221 19 9 9 0.025046611 
814 502 5 4 0.0250096 
148 67 15 16 0.025004575 
516 11 12 9 0.024928221 
99 542 4 3 0.024919374 
819 372 8 6 0.024910018 
206 10 20 21 0.024908828 
225 29 8 9 0.02489628 
341 73 13 16 0.024891507 
156 602 57 46 0.024878869 
399 602 57 46 0.024877552 
91 501 5 4 0.024869442 
288 134 7 7 0.024851225 
164 70 35 27 0.024811795 
694 629 55 45 0.024798784 
411 79 16 15 0.024797054 
400 629 55 45 0.024793727 
691 -1 26 19 0.024778174 
513 60 16 12 0.024734732 
63 42 25 26 0.024704888 
247 309 122 85 0.024691224 
271 230 14 10 0.02469088 
628 30 14 12 0.024687782 
861 628 53 47 0.024683004 
53 467 47 43 0.024682412 
588 -226 581 288 0.024663577 
660 292 48 37 0.024649242 
38 117 27 29 0.024610462 
384 152 102 112 0.024579512 
827 360 5 5 0.024559604 
391 33 14 12 0.024558388 
194 524 3 4 0.024548389 
147 260 16 10 0.024519416 
988 21 46 42 0.024516935 
904 147 128 81 0.02451544 
243 407 53 41 0.024491217 
353 62 15 15 0.024451248 
969 4 14 11 0.024442287 
301 177 23 19 0.024437688 
917 61 14 12 0.024425577 
17 128 22 26 0.024421126 
87 138 9 10 0.024400264 
282 348 56 45 0.0243935 
138 256 29 17 0.02438583 
162 68 13 13 0.024377618 
625 76 10 7 0.024357088 
271 614 56 47 0.024356885 
247 100 53 48 0.024309011 
111 79 31 29 0.02429353 
176 5 11 8 0.02427769 
219 541 3 4 0.024256453 
847 508 3 3 0.02424584 
859 508 5 3 0.02423804 
956 25 51 40 0.024217669 
415 363 64 42 0.024195934 
292 204 9 7 0.024186488 
775 453 65 48 0.024184268 
343 42 46 43 0.024177374 
523 24 9 8 0.024164231 
636 362 53 41 0.024153616 
38 132 10 12 0.024153154 
187 16 48 44 0.024141818 
730 29 18 13 0.024112638 
108 92 14 14 0.024107303 
155 241 54 42 0.024097776 
422 65 26 22 0.024095168 
148 256 14 8 0.024085466 
327 207 21 26 0.024085084 
9 46 11 15 0.02408442 
131 515 3 3 0.024060652 
399 54 15 14 0.024043899 
63 495 24 28 0.02403187 
587 58 17 16 0.024026489 
118 414 56 46 0.02402335 
156 542 2 3 0.024011346 
323 378 66 44 0.024006708 
637 37 10 10 0.02399414 
837 10 33 21 0.023984976 
454 131 142 88 0.023943663 
812 285 37 21 0.02392457 
41 167 58 51 0.023922697 
155 17 31 25 0.023918359 
119 113 9 9 0.023917196 
873 33 30 26 0.023915784 
605 13 13 9 0.023911946 
299 18 7 8 0.023883747 
865 22 18 15 0.023871768 
882 297 61 44 0.0238334 
355 91 52 52 0.023821607 
837 522 2 3 0.023817405 
721 642 55 46 0.023815006 
72 120 49 52 0.023807613 
400 41 25 24 0.023795437 
679 3 28 21 0.023785543 
327 4 461 273 0.023766078 
370 0 25 18 0.023758901 
500 15 23 22 0.023757888 
199 550 5 5 0.023755923 
60 104 12 14 0.023751296 
521 15 12 10 0.023747927 
79 450 50 44 0.023745473 
156 503 4 4 0.023745064 
794 48 33 23 0.02374019 
169 628 55 46 0.023710078 
599 12 12 8 0.023703685 
187 149 62 48 0.023681972 
499 71 16 14 0.023681147 
591 223 36 23 0.023643136 
169 544 4 5 0.023639696 
74 290 34 22 0.023618134 
219 502 4 4 0.023613833 
838 33 56 42 0.023611473 
840 10 15 11 0.023584347 
954 -23 105 102 0.023579426 
209 544 3 4 0.023576735 
384 432 57 38 0.023545556 
819 61 35 21 0.023535365 
336 199 8 13 0.023522034 
599 492 118 83 0.023512376 
486 357 119 86 0.02347188 
183 44 10 8 0.023469303 
378 11 27 23 0.023467489 
251 28 12 13 0.023460139 
61 287 14 9 0.023439376 
285 30 23 22 0.02341989 
80 538 7 8 0.023405641 
136 4 13 9 0.023393746 
179 525 4 4 0.023392096 
406 39 16 14 0.023381704 
181 55 11 11 0.0233736 
191 39 9 8 0.023366086 
586 0 26 17 0.023342997 
612 5 12 8 0.023315871 
216 12 10 9 0.023287456 
820 366 7 5 0.023277383 
943 503 4 3 0.02325986 
449 90 7 9 0.023259627 
451 629 55 45 0.023246579 
30 121 10 13 0.023243695 
150 42 11 10 0.023235831 
981 102 30 28 0.02323086 
951 368 57 38 0.023203937 
555 38 8 7 0.023200449 
551 52 105 72 0.023189146 
318 18 9 9 0.023172356 
455 37 12 12 0.023164002 
624 71 10 8 0.023161793 
247 61 13 14 0.02314554 
970 50 51 39 0.023131233 
196 5 10 9 0.023129331 
395 250 36 20 0.023095384 
1015 72 12 14 0.023082785 
912 404 69 43 0.023054441 
637 482 34 25 0.023048589 
293 19 8 9 0.023014292 
620 415 57 41 0.023010386 
734 429 65 44 0.022995153 
464 118 57 43 0.022994997 
556 44 8 7 0.022987759 
98 502 4 4 0.022986783 
951 9 14 12 0.022986652 
567 373 51 41 0.022985164 
130 28 14 12 0.02298131 
66 282 13 8 0.022978976 
802 8 16 12 0.022977754 
867 516 3 2 0.022977412 
532 461 62 39 0.02296302 
470 388 14 10 0.022960892 
309 464 56 41 0.022954602 
91 121 23 24 0.022952398 
103 359 29 26 0.022949662 
790 25 27 26 0.022943344 
547 229 11 8 0.02293939 
0 417 25 25 0.02293418 
510 30 10 9 0.022913529 
188 516 3 3 0.022895675 
904 0 16 12 0.022895057 
50 282 27 19 0.022891263 
507 104 15 12 0.022886371 
310 629 55 46 0.022873262 
439 280 55 36 0.02286219 
300 30 10 10 0.022857957 
915 52 27 23 0.02284906 
65 285 29 19 0.022845473 
28 97 22 30 0.022842871 
503 1 9 7 0.02280505 
479 5 8 8 0.02279844 
598 66 15 13 0.022764046 
714 21 33 26 0.022757003 
868 553 2 3 0.022743138 
304 82 12 15 0.022729555 
-1 545 62 192 0.022720162 
873 516 3 2 0.022715662 
333 312 51 43 0.022714963 
810 642 55 46 0.022708308 
174 60 13 11 0.022705482 
764 44 32 28 0.022680957 
838 328 62 42 0.02265554 
749 12 38 21 0.022650588 
130 508 4 3 0.022619778 
506 259 6 4 0.022593321 
355 -2 23 19 0.022562182 
-10 149 71 104 0.022552097 
862 549 2 2 0.022547275 
587 23 19 13 0.022546452 
669 616 55 45 0.022542706 
598 364 54 44 0.02254004 
856 349 116 84 0.02252951 
222 49 9 11 0.022515718 
108 138 9 9 0.022495596 
191 1 7 6 0.022484958 
944 45 101 80 0.022482052 
375 98 10 12 0.022447819 
392 66 84 89 0.02244568 
330 182 50 51 0.022442631 
949 503 5 3 0.022433508 
368 366 119 80 0.022431662 
181 508 4 4 0.022426305 
80 109 11 14 0.022403955 
253 210 12 10 0.022396326 
623 7 29 20 0.022379566 
420 68 14 12 0.022379242 
553 231 9 6 0.022378843 
138 2 30 19 0.022354247 
312 35 40 40 0.022350572 
462 502 6 4 0.022347707 
828 435 137 80 0.022347607 
580 642 54 46 0.022341436 
950 -9 23 20 0.022328751 
917 503 4 3 0.022324985 
808 502 4 4 0.022324748 
162 545 4 3 0.02226136 
128 87 30 27 0.02224511 
198 30 24 24 0.022237983 
212 373 60 46 0.022225415 
517 1 9 6 0.022207178 
612 0 12 7 0.022195939 
955 503 5 3 0.02218589 
651 30 12 11 0.022170883 
454 1 7 6 0.022140805 
387 427 15 10 0.022127038 
304 179 13 9 0.022119889 
34 143 28 29 0.022111624 
881 72 48 42 0.022103941 
952 57 29 25 0.022099711 
866 508 4 3 0.022091871 
84 500 5 6 0.022091463 
451 603 56 45 0.022087995 
598 469 54 37 0.022085695 
668 279 14 9 0.022074042 
265 446 65 42 0.022040254 
554 50 12 11 0.022034353 
417 31 16 13 0.022023153 
14 82 23 28 0.022022445 
554 1 9 7 0.022013444 
618 642 55 46 0.022010857 
156 545 3 3 0.022000222 
184 1 8 6 0.02191822 
927 50 18 14 0.021916771 
513 118 35 24 0.021904815 
182 5 10 7 0.021890873 
470 40 12 11 0.021874055 
159 44 9 9 0.021863613 
257 503 5 4 0.021856142 
344 210 9 9 0.021848662 
292 217 13 9 0.021828791 
312 189 39 39 0.021826997 
81 287 12 8 0.021821206 
618 68 29 22 0.021816067 
955 35 15 12 0.0218065 
529 38 9 7 0.021795074 
175 508 4 3 0.021786569 
158 1 12 7 0.02177584 
978 86 28 25 0.021765208 
846 4 15 10 0.021758068 
309 601 58 47 0.021745214 
137 525 4 4 0.021728445 
5 21 10 13 0.021712344 
23 136 25 28 0.021707065 
189 433 13 9 0.0217059 
511 259 6 4 0.021698173 
990 12 10 8 0.021686735 
393 70 14 14 0.021676648 
169 534 3 3 0.021676008 
916 19 25 22 0.021663466 
435 57 29 24 0.02165818 
32 428 47 41 0.021658 
91 523 5 6 0.021630393 
579 4 12 9 0.02162526 
319 54 41 40 0.021622151 
982 17 12 10 0.021620225 
215 41 10 11 0.0216088 
183 31 10 7 0.021597771 
411 227 43 41 0.021593986 
116 521 4 4 0.021591838 
948 28 16 12 0.021573955 
304 117 14 14 0.021569982 
92 507 4 4 0.02156849 
327 6 7 6 0.021558339 
594 0 9 7 0.021550778 
386 53 13 12 0.021543872 
437 334 125 80 0.02153656 
504 13 10 9 0.021531692 
657 337 47 40 0.021523552 
181 503 4 3 0.021517782 
462 37 24 20 0.021502959 
162 503 4 4 0.021489358 
351 224 10 8 0.021488275 
230 25 8 9 0.021483464 
734 235 57 45 0.02146571 
88 131 10 11 0.021460393 
254 21 19 23 0.021449715 
905 79 50 43 0.021446545 
859 502 5 4 0.021438623 
834 502 4 4 0.021397965 
207 551 4 4 0.021393334 
-10 376 90 88 0.021381577 
177 39 9 7 0.021381227 
404 133 21 25 0.021379486 
412 144 9 12 0.021372184 
145 92 33 29 0.02134802 
70 136 25 29 0.021345127 
247 48 10 11 0.021330295 
564 14 24 23 0.021327674 
528 19 9 7 0.0212969 
749 414 115 84 0.02129619 
498 62 18 15 0.021283397 
373 70 14 14 0.021263115 
541 17 24 24 0.021249812 
196 642 55 46 0.021240808 
78 500 5 6 0.02123549 
197 24 10 9 0.021227894 
197 19 10 7 0.021216327 
769 579 56 44 0.021214869 
68 319 13 10 0.02118143 
1 104 21 26 0.021181202 
169 94 10 9 0.021170747 
678 10 586 353 0.021165445 
262 387 55 43 0.021158239 
526 93 16 16 0.02115288 
414 0 11 7 0.021143515 
688 9 12 10 0.021138981 
170 389 57 45 0.021130133 
553 11 23 21 0.02112543 
15 37 25 28 0.021119809 
167 10 30 21 0.021105973 
299 199 23 23 0.021104703 
168 260 54 39 0.021097343 
501 264 6 4 0.021095145 
448 1 8 6 0.021090424 
509 94 14 13 0.021086654 
171 31 10 8 0.021085167 
401 142 10 14 0.021081038 
557 76 33 28 0.021079365 
695 602 55 47 0.021061862 
551 27 5 5 0.021044368 
168 5 14 8 0.021041812 
0 124 45 53 0.021015985 
334 436 36 27 0.02100439 
626 385 56 43 0.020990523 
93 132 62 59 0.020971365 
678 228 103 83 0.020955259 
830 0 10 7 0.020947551 
457 59 39 27 0.020935068 
101 193 59 46 0.020922747 
22 15 21 24 0.020885348 
378 58 16 15 0.020867644 
759 643 55 45 0.020862455 
239 117 11 11 0.020845525 
281 146 8 8 0.020844107 
517 264 7 5 0.0208436 
134 243 17 10 0.020817965 
178 1 10 6 0.020801371 
933 19 24 22 0.02077488 
93 515 3 3 0.020769497 
274 249 131 89 0.020754678 
84 515 4 4 0.02073334 
382 63 27 25 0.02072434 
351 501 8 6 0.020706037 
695 656 55 45 0.020704694 
271 221 13 10 0.02070287 
158 87 32 26 0.020701429 
854 516 3 2 0.020700505 
255 43 9 12 0.020696504 
211 14 8 9 0.020695835 
439 82 11 11 0.020693673 
393 91 12 11 0.020680118 
593 326 96 74 0.020678042 
151 434 13 10 0.020670667 
347 28 22 22 0.020664908 
231 424 128 77 0.02065283 
962 503 4 3 0.020651564 
1009 148 26 27 0.02064898 
264 503 5 4 0.020648412 
962 0 13 9 0.020645624 
376 27 56 46 0.020628845 
143 118 12 14 0.020628411 
538 25 6 7 0.020627346 
407 93 13 14 0.02062222 
164 131 41 29 0.020621529 
124 480 119 92 0.020600503 
92 541 4 4 0.020600077 
234 642 55 46 0.02059762 
754 57 32 29 0.020591693 
654 484 38 26 0.020571237 
97 91 17 17 0.020554097 
426 642 55 46 0.020552399 
535 36 9 8 0.02054748 
466 360 9 6 0.020538326 
175 533 4 4 0.020534173 
68 4 27 22 0.020527827 
150 30 12 9 0.020523887 
656 643 55 45 0.020521712 
403 -207 396 151 0.020521078 
527 0 24 18 0.020506773 
348 49 10 10 0.0204956 
617 492 31 23 0.020465678 
281 122 6 7 0.020460904 
60 19 15 13 0.020460777 
308 334 59 46 0.020450208 
327 13 9 9 0.02044798 
1009 12 9 10 0.020446133 
541 642 55 46 0.020442547 
836 5 13 8 0.020441955 
191 43 8 8 0.020436045 
461 60 17 15 0.020427244 
831 365 7 5 0.02042695 
150 534 2 3 0.020415828 
473 383 28 19 0.020403435 
335 279 29 22 0.020398106 
250 37 21 24 0.020389717 
264 334 34 25 0.020388583 
702 13 31 25 0.020373074 
277 217 13 9 0.020367336 
659 51 8 7 0.020364307 
612 409 117 78 0.020357832 
349 642 55 46 0.02034592 
17 26 12 15 0.020334467 
233 62 50 46 0.020325206 
316 212 19 22 0.020322103 
135 50 15 16 0.020321129 
190 428 59 42 0.020314721 
625 83 9 7 0.02031444 
293 127 7 7 0.020313222 
523 10 25 25 0.020299153 
182 50 9 9 0.020286007 
380 99 11 12 0.0202856 
881 553 2 3 0.020279327 
105 143 12 11 0.0202763 
9 -78 109 101 0.02026942 
188 526 3 3 0.020264013 
105 520 3 4 0.020252787 
60 306 12 9 0.02024573 
536 31 9 8 0.020244665 
886 602 56 48 0.020240823 
36 126 9 11 0.020235859 
252 99 10 9 0.020223241 
112 520 3 4 0.020222979 
192 550 5 5 0.02022242 
97 149 12 12 0.020221835 
2 111 9 14 0.020218547 
74 412 45 41 0.020213125 
141 276 37 25 0.020212907 
731 375 32 20 0.020210769 
80 294 14 9 0.02020873 
515 85 14 15 0.0202013 
663 262 10 7 0.02019487 
625 0 10 7 0.020183306 
343 12 25 22 0.020181581 
283 569 55 38 0.020173205 
500 259 6 4 0.020163558 
66 507 4 6 0.020160317 
562 435 9 7 0.020159781 
655 37 26 24 0.020156946 
887 4 14 11 0.02015627 
145 541 2 3 0.020146882 
560 440 13 10 0.020143313 
143 62 13 15 0.020143144 
116 371 54 46 0.020130575 
406 32 14 12 0.020128356 
364 49 10 11 0.020127263 
157 30 11 9 0.020120077 
0 105 7 16 0.02011277 
864 315 67 44 0.020106923 
984 0 9 8 0.020103384 
240 88 13 11 0.02010325 
942 118 14 13 0.020095581 
96 -208 396 155 0.020093502 
648 429 57 38 0.020077981 
713 8 15 13 0.02007419 
123 502 4 4 0.02006497 
737 2 31 21 0.020049607 
514 71 32 28 0.020048182 
329 87 13 13 0.020013029 
113 429 117 72 0.020011103 
158 37 10 9 0.020002438 
