43_Row_Boat_Canoe_43_93
1848
631 252 22 23 0.9995184 
121 35 6 10 0.77475923 
179 27 10 10 0.7007629 
895 441 7 10 0.30173543 
695 325 9 9 0.22647238 
934 441 9 11 0.21912718 
129 50 21 29 0.20491901 
131 21 9 9 0.18358682 
933 435 10 11 0.17788568 
642 348 23 28 0.1761143 
910 443 5 7 0.1558786 
884 42 6 6 0.14794508 
173 19 7 7 0.14700419 
900 440 7 10 0.14322418 
830 482 7 8 0.14256272 
997 13 6 5 0.14233817 
294 60 7 6 0.13351488 
422 35 5 6 0.13124041 
239 38 11 10 0.1308764 
356 28 20 25 0.12992553 
128 25 10 10 0.1254203 
282 51 7 7 0.12239961 
621 492 16 9 0.121442586 
157 52 26 31 0.12093875 
655 542 37 17 0.11962952 
924 444 4 7 0.11641316 
995 15 5 4 0.11481308 
910 436 5 7 0.11100122 
397 30 5 5 0.11005034 
889 42 6 6 0.10908474 
423 21 5 5 0.10902998 
108 34 6 8 0.10582065 
917 444 5 6 0.10457962 
606 495 9 5 0.1017569 
156 28 7 7 0.10077675 
489 379 47 23 0.09950255 
125 31 9 12 0.09916057 
624 476 29 21 0.09625919 
918 437 3 6 0.095853396 
172 48 11 16 0.093202256 
839 23 5 4 0.09119706 
246 50 21 24 0.09074092 
287 53 6 6 0.09057344 
745 70 4 2 0.089709446 
871 46 9 9 0.08819745 
925 437 4 6 0.08771257 
540 46 41 26 0.08623242 
944 545 9 7 0.08495835 
165 32 9 9 0.084800035 
252 52 11 13 0.08472073 
986 15 5 4 0.084441535 
739 75 3 3 0.08352432 
87 54 8 8 0.08328343 
596 366 41 34 0.08317468 
480 344 41 18 0.08252831 
833 23 5 4 0.081966445 
879 481 9 10 0.08169766 
948 15 12 9 0.08116173 
928 442 6 9 0.08022103 
929 435 7 9 0.07853853 
449 12 7 8 0.07758819 
64 54 7 6 0.077243745 
482 9 11 8 0.07694042 
357 27 11 12 0.07676857 
443 339 118 65 0.07639995 
616 492 7 4 0.07617873 
744 75 4 3 0.075781934 
951 545 8 7 0.07521202 
739 70 2 2 0.07505925 
987 11 5 4 0.07503229 
849 28 7 6 0.07352023 
257 33 7 6 0.07339538 
378 31 7 7 0.07323015 
834 35 5 5 0.07260922 
630 479 13 10 0.07220977 
633 473 18 12 0.072140254 
994 11 5 4 0.07192505 
751 75 3 3 0.07185976 
236 27 8 8 0.071105495 
613 495 10 6 0.07079552 
340 249 15 10 0.06978753 
1005 34 5 5 0.06932051 
384 457 11 8 0.06926852 
839 474 6 8 0.06920944 
170 32 7 9 0.06907763 
412 28 4 5 0.068691455 
737 653 18 10 0.06840275 
418 21 5 5 0.067621425 
563 512 16 11 0.06726771 
827 22 5 5 0.066432506 
671 60 5 5 0.064782046 
688 497 9 5 0.0647599 
627 487 39 21 0.063840866 
816 42 3 4 0.063733846 
584 386 5 5 0.06345501 
419 36 5 5 0.06337622 
250 33 7 6 0.06318775 
416 29 5 4 0.06293297 
442 349 36 21 0.06283209 
839 28 5 4 0.062460512 
48 464 155 86 0.06232252 
631 470 13 10 0.062085778 
790 77 4 3 0.06207021 
631 541 41 21 0.061740328 
119 35 5 7 0.06157548 
1011 79 7 6 0.061401587 
878 42 6 6 0.06089608 
406 35 5 5 0.060842324 
840 41 5 4 0.060430225 
974 22 6 5 0.060353838 
63 58 8 7 0.060348462 
600 49 46 36 0.06010144 
542 61 37 31 0.05984757 
237 21 6 6 0.059543945 
299 61 7 5 0.059444413 
1004 80 7 5 0.059249163 
77 47 5 6 0.058878016 
411 35 4 5 0.058787517 
683 503 11 6 0.058729865 
419 19 3 3 0.058648743 
827 35 4 4 0.058384165 
424 19 3 4 0.05770458 
516 46 49 41 0.057271633 
57 508 150 93 0.05701302 
481 550 133 66 0.05686406 
474 7 24 17 0.056843292 
238 17 5 4 0.05648386 
437 21 5 6 0.05643793 
865 35 6 7 0.055431746 
260 34 7 5 0.054947414 
809 44 3 3 0.05471681 
939 540 8 5 0.054391384 
929 543 27 18 0.05410642 
672 57 5 3 0.054038413 
142 28 7 7 0.054030646 
682 506 12 6 0.05398676 
531 485 155 67 0.053731635 
993 23 4 4 0.053678595 
933 546 11 8 0.053558975 
1004 41 6 7 0.053360242 
115 26 6 8 0.052676655 
838 37 5 4 0.052674044 
750 70 3 2 0.052565113 
763 79 5 4 0.05194249 
978 22 6 4 0.051759735 
598 613 15 8 0.051549774 
296 56 5 5 0.051504098 
835 42 4 3 0.051359773 
155 33 6 6 0.051330883 
326 426 6 5 0.051247455 
242 27 8 6 0.051210873 
712 474 5 3 0.050840598 
224 698 34 19 0.050732445 
985 49 9 6 0.050440885 
140 53 28 28 0.05026574 
237 34 7 7 0.049809434 
340 468 7 10 0.04979306 
243 59 7 8 0.04977658 
-58 312 554 299 0.04967481 
669 48 3 3 0.049597107 
768 79 6 5 0.04956759 
490 14 8 7 0.049313266 
981 17 4 4 0.049142476 
987 24 5 4 0.04903469 
456 3 5 5 0.048978534 
666 547 18 10 0.048840377 
828 30 4 4 0.04871828 
624 338 53 42 0.048612885 
333 427 5 6 0.04860653 
924 546 13 10 0.048590183 
314 62 6 4 0.048556745 
674 498 29 15 0.048349135 
710 503 7 4 0.048331838 
455 8 6 7 0.048157245 
771 71 3 2 0.048106637 
734 71 3 2 0.0480404 
988 704 16 8 0.048040163 
441 20 6 7 0.047970567 
613 500 11 6 0.04793601 
870 477 5 7 0.04785945 
1007 62 4 4 0.047813185 
833 30 4 4 0.047743484 
215 43 41 41 0.0477169 
951 560 12 7 0.047693685 
430 358 19 12 0.0476423 
89 58 6 7 0.047394905 
164 52 12 17 0.04725304 
627 483 10 8 0.047206663 
559 516 17 11 0.04718616 
394 34 5 5 0.047051292 
847 476 5 7 0.04690339 
576 503 8 5 0.04687831 
1002 64 3 3 0.046837486 
612 27 13 7 0.046754386 
1002 35 5 5 0.046689183 
244 54 6 8 0.04663758 
608 493 7 4 0.04657361 
396 596 17 11 0.046521347 
809 56 3 4 0.046490476 
132 32 9 9 0.04634845 
788 78 5 4 0.046310507 
451 2 5 6 0.04609897 
673 48 4 4 0.046025425 
521 48 12 10 0.04594064 
570 598 171 66 0.045847893 
1006 31 5 4 0.045844033 
897 37 31 23 0.045750253 
117 33 15 18 0.04566468 
179 22 9 8 0.045546103 
78 52 5 6 0.045524992 
839 482 7 8 0.04541185 
784 77 3 2 0.04535892 
900 34 12 8 0.04535042 
739 66 3 2 0.045323938 
769 76 4 3 0.045249715 
990 46 8 7 0.04523456 
731 80 4 4 0.04523164 
194 353 15 9 0.045213375 
403 426 35 21 0.04501191 
612 319 540 324 0.04500998 
514 566 42 18 0.04494955 
840 47 6 5 0.04482091 
570 439 113 83 0.04481907 
686 492 6 3 0.044811107 
615 484 7 4 0.044676702 
692 71 5 5 0.04460747 
130 53 8 11 0.04456589 
148 29 5 5 0.044553507 
159 32 8 8 0.04447699 
633 492 18 11 0.04446589 
990 52 7 6 0.044170827 
273 43 7 5 0.0439715 
84 60 7 7 0.04396238 
607 515 11 5 0.043926995 
845 40 6 5 0.043902416 
561 523 127 69 0.043831885 
212 725 61 43 0.043745603 
902 638 7 4 0.04369662 
70 53 6 6 0.04369178 
765 71 3 2 0.04356772 
833 475 5 6 0.043476734 
237 55 7 9 0.043412816 
250 30 6 5 0.043398254 
906 545 29 19 0.04331104 
58 75 5 4 0.043309953 
809 34 4 5 0.043226924 
212 701 58 42 0.04321876 
-5 -101 112 123 0.04321127 
795 77 3 3 0.04309975 
625 515 33 20 0.043083496 
594 334 9 10 0.043005705 
695 463 10 5 0.042983823 
232 59 6 7 0.04291053 
20 72 8 6 0.042859364 
471 21 7 7 0.04279185 
124 15 5 6 0.042788457 
631 513 67 35 0.042734154 
1015 13 10 9 0.042689256 
39 67 7 6 0.04267363 
339 3 609 355 0.042647574 
408 427 20 11 0.042632688 
611 492 31 17 0.042527866 
646 579 8 5 0.042484175 
605 605 38 16 0.04243331 
247 40 8 8 0.042370673 
820 476 5 4 0.042364053 
877 52 5 5 0.042337514 
799 546 9 6 0.042131312 
591 584 14 7 0.042062495 
908 366 17 9 0.042038463 
734 76 3 3 0.04202295 
677 496 10 6 0.042018786 
704 503 7 4 0.041991636 
187 675 616 316 0.04190443 
881 477 7 7 0.041835144 
621 483 8 6 0.041798078 
933 40 10 11 0.041791376 
1001 67 4 4 0.041750275 
140 34 7 7 0.041736662 
995 79 10 7 0.04170604 
866 392 56 40 0.04166616 
59 60 6 5 0.0413928 
642 -42 598 342 0.041211728 
640 627 40 18 0.041069467 
364 424 11 8 0.04105653 
640 558 166 71 0.04105625 
777 71 2 2 0.041027207 
423 27 5 5 0.041010182 
975 18 4 3 0.040837917 
941 28 7 8 0.04083172 
803 21 5 6 0.040807683 
940 552 8 5 0.040619552 
967 28 6 5 0.040546823 
332 429 7 8 0.040495574 
236 36 20 21 0.04047216 
815 18 4 3 0.040373467 
473 391 10 10 0.040354073 
659 472 15 10 0.04031617 
757 75 4 4 0.040176723 
685 473 6 3 0.0401601 
903 559 37 24 0.040070057 
877 476 8 8 0.040026687 
249 45 8 8 0.040024158 
274 47 6 4 0.03995381 
669 57 4 3 0.03994501 
795 548 7 4 0.03994246 
987 28 5 4 0.039933074 
686 478 5 3 0.0399309 
918 433 3 5 0.039799724 
652 590 11 6 0.03973942 
591 588 14 9 0.039707527 
386 424 16 10 0.039657257 
455 377 71 42 0.039641306 
885 640 4 3 0.03960312 
443 14 6 6 0.039552175 
247 391 556 301 0.039547615 
898 639 7 4 0.039502226 
890 639 6 4 0.039420936 
525 573 42 19 0.039370935 
706 477 6 4 0.03936866 
260 58 9 11 0.039261453 
307 62 6 4 0.03923748 
76 597 149 88 0.03917368 
526 545 18 10 0.03910546 
946 425 9 6 0.039035853 
276 60 5 6 0.038980875 
584 774 35 20 0.038963392 
406 64 47 34 0.038858626 
1006 66 4 5 0.0388543 
690 488 155 86 0.038837492 
973 28 6 5 0.038820233 
607 500 9 6 0.03872356 
777 75 3 3 0.038613886 
865 488 3 6 0.03860966 
1005 22 5 5 0.038561348 
885 16 5 5 0.038540386 
795 50 4 3 0.038483724 
628 498 16 10 0.038448863 
822 22 5 4 0.038432248 
711 476 6 4 0.038410533 
269 35 6 4 0.03840654 
795 56 4 3 0.03832999 
860 23 4 4 0.038261283 
462 347 37 20 0.038219936 
514 44 24 22 0.0382039 
267 55 9 8 0.038102847 
606 488 75 38 0.038088772 
903 434 5 5 0.038081054 
470 270 14 8 0.038036864 
625 460 30 23 0.03801456 
13 776 27 27 0.03798092 
236 42 9 10 0.03792286 
71 68 6 6 0.037829272 
470 427 132 91 0.03778157 
982 52 9 7 0.037759785 
821 37 5 4 0.03772612 
123 35 18 26 0.037724253 
808 17 4 4 0.03771025 
828 590 60 39 0.03766966 
939 45 7 8 0.037658393 
13 726 113 90 0.037644345 
59 69 4 3 0.03761389 
683 517 9 5 0.03761 
646 295 23 23 0.03759143 
820 41 4 4 0.03755055 
691 492 6 3 0.037514247 
651 586 10 6 0.03745446 
647 467 31 18 0.037406594 
942 12 22 18 0.03740345 
622 500 40 18 0.0373686 
584 36 5 4 0.037345998 
512 40 5 5 0.037287686 
907 638 7 4 0.037215296 
803 69 3 3 0.03708238 
849 48 8 6 0.03705193 
379 601 17 11 0.037032448 
888 -97 132 53 0.037009146 
923 434 4 4 0.036957268 
155 39 6 7 0.036892172 
690 49 8 7 0.03680945 
331 62 7 5 0.0367859 
299 78 56 37 0.03678266 
152 58 11 13 0.036746636 
815 37 4 3 0.036735903 
53 75 5 4 0.036726527 
167 136 540 365 0.036714274 
999 75 5 4 0.03665106 
257 31 5 4 0.036633383 
404 30 5 4 0.036628302 
322 425 6 6 0.036580205 
943 551 50 34 0.03657939 
918 548 14 10 0.03652965 
157 55 12 16 0.03652105 
464 364 266 140 0.03651562 
532 567 62 33 0.036498964 
714 573 11 6 0.03649633 
233 17 4 4 0.036410205 
438 383 124 80 0.03637265 
383 455 24 20 0.03634253 
-6 675 114 89 0.036336944 
1007 56 5 4 0.036315355 
436 35 7 5 0.036295574 
394 30 5 5 0.036294326 
153 553 61 42 0.03626165 
729 654 10 7 0.03624272 
289 61 7 6 0.03616518 
515 69 3 3 0.03612216 
688 457 15 8 0.03611939 
412 23 4 4 0.036065888 
80 61 5 6 0.03605 
688 501 11 6 0.035872795 
865 23 5 5 0.03585583 
899 38 12 9 0.035787467 
806 21 5 6 0.03578744 
315 66 6 4 0.03577606 
156 360 12 7 0.035755772 
691 478 7 4 0.035731975 
289 320 15 8 0.035660855 
38 72 8 6 0.0356601 
218 61 7 8 0.03564142 
281 56 22 21 0.035583545 
382 29 6 6 0.035569545 
691 322 19 17 0.035526507 
877 36 6 6 0.03549852 
296 316 14 8 0.035449613 
873 51 5 6 0.035393424 
630 637 155 76 0.035350632 
661 70 4 3 0.035348438 
0 765 25 27 0.035328515 
746 66 2 1 0.035304107 
111 555 72 46 0.035240717 
627 487 16 11 0.035215955 
616 22 13 7 0.03518994 
953 10 7 5 0.035130408 
359 41 10 12 0.034999765 
368 32 9 9 0.03492466 
980 59 9 7 0.03491055 
140 821 57 35 0.03488036 
662 570 13 7 0.03485903 
587 385 6 6 0.034817073 
809 30 4 4 0.034783978 
304 444 10 10 0.034771625 
173 27 7 8 0.03476023 
45 79 6 5 0.03474485 
795 79 4 4 0.0347193 
1012 35 5 5 0.03471519 
828 56 3 3 0.034698676 
668 44 4 3 0.034587633 
674 44 4 3 0.03458602 
121 27 8 10 0.034571797 
481 398 16 14 0.0345553 
591 37 6 5 0.034545895 
803 18 4 3 0.034541383 
283 60 5 6 0.034494784 
584 42 4 4 0.034471016 
46 75 5 4 0.03444811 
728 663 9 6 0.03439747 
625 27 11 7 0.03438088 
503 352 19 11 0.03426248 
827 19 4 3 0.034137413 
922 447 5 7 0.0341137 
947 54 7 8 0.03409198 
764 77 4 2 0.034003064 
741 37 7 4 0.03399219 
840 56 5 5 0.033938836 
513 570 18 9 0.033936985 
982 698 34 16 0.033893935 
759 80 4 4 0.033886205 
882 542 94 68 0.03386084 
940 32 6 7 0.033854015 
906 551 11 7 0.03384348 
697 472 7 4 0.033830848 
335 315 13 8 0.033812385 
821 18 4 4 0.033809345 
791 508 11 6 0.033794764 
259 53 10 10 0.033773176 
367 38 10 9 0.03374344 
349 307 258 119 0.033727538 
167 20 5 6 0.033661705 
982 11 4 3 0.033658937 
879 640 4 3 0.033645444 
758 70 3 3 0.03363526 
162 39 7 8 0.03355336 
113 15 3 5 0.033494905 
438 58 50 39 0.033492327 
764 56 3 3 0.033460896 
789 69 3 3 0.033400528 
812 474 9 6 0.03338386 
809 49 4 3 0.033383068 
722 667 10 7 0.033372615 
870 35 7 7 0.033369742 
370 28 8 9 0.033360638 
254 47 9 10 0.03333939 
154 764 134 77 0.03333624 
438 17 5 4 0.033335105 
672 492 7 4 0.033330586 
118 57 2 4 0.033323042 
950 25 10 8 0.033310827 
369 304 13 7 0.033276815 
111 28 5 8 0.03326322 
857 48 6 6 0.03321815 
406 57 3 3 0.0331844 
615 478 7 4 0.033173792 
705 474 5 2 0.033104114 
634 239 24 23 0.032926477 
127 42 9 12 0.0329219 
71 767 130 86 0.032908536 
896 40 8 7 0.032904245 
384 746 142 84 0.032888714 
400 62 3 3 0.032876335 
229 745 57 35 0.03286517 
122 20 7 8 0.032791056 
774 80 7 4 0.032774642 
969 276 13 9 0.032752607 
2 82 14 10 0.032563996 
994 67 5 4 0.03254427 
360 315 13 8 0.032470766 
646 586 10 5 0.032436676 
867 40 19 19 0.032436624 
938 412 12 8 0.032427296 
434 69 5 4 0.032378882 
1011 64 6 7 0.032378007 
673 447 36 20 0.032350793 
815 56 3 4 0.03229974 
698 478 6 3 0.032254852 
431 36 5 5 0.032162633 
717 473 6 3 0.03215266 
357 419 7 5 0.032079574 
745 649 13 7 0.032050923 
590 40 5 5 0.032035347 
573 391 116 79 0.031995002 
186 645 120 74 0.031990375 
327 430 6 6 0.031965926 
853 477 4 6 0.031954344 
272 347 13 8 0.03194939 
294 443 45 39 0.031944588 
65 74 5 4 0.031939164 
947 33 7 7 0.031935785 
700 429 3 2 0.031918123 
145 58 9 12 0.03187664 
645 37 7 4 0.031868123 
730 651 7 5 0.0318435 
740 40 8 5 0.03181827 
616 466 5 4 0.031816084 
979 28 5 5 0.031781893 
560 506 14 10 0.03175926 
655 585 39 17 0.03170671 
520 49 7 6 0.03169871 
467 16 6 4 0.031629033 
629 507 16 9 0.031589683 
751 80 3 3 0.031567764 
40 80 6 4 0.03156252 
163 22 5 5 0.03156033 
991 335 10 6 0.031520635 
796 540 33 19 0.031513996 
678 465 7 4 0.031492226 
821 56 4 4 0.031458676 
911 434 4 5 0.03144588 
198 53 7 7 0.031443946 
173 63 13 16 0.03140512 
802 56 4 4 0.03139719 
116 22 5 8 0.031394664 
143 702 57 42 0.03137879 
1000 23 4 4 0.031362884 
537 567 137 70 0.03134058 
909 534 25 21 0.031331487 
362 597 57 36 0.0313034 
829 477 4 4 0.03128718 
669 630 10 6 0.03127218 
319 66 7 5 0.031264834 
422 38 5 7 0.031246044 
521 69 3 3 0.031221546 
527 276 16 10 0.031217169 
105 62 3 3 0.031208456 
865 27 5 5 0.031182138 
433 432 10 7 0.031177258 
98 510 5 5 0.031177113 
750 503 5 3 0.031177081 
1000 386 16 8 0.031154586 
849 41 8 6 0.03111059 
997 44 8 8 0.03108804 
785 533 65 41 0.031075018 
70 60 5 6 0.031070555 
835 60 4 5 0.031055868 
112 62 2 3 0.031052584 
920 383 38 18 0.031050919 
657 473 32 21 0.03102118 
463 15 6 6 0.030977167 
942 365 17 9 0.030967256 
630 513 15 8 0.030966736 
896 419 7 5 0.03096404 
100 544 151 90 0.030958947 
865 54 4 4 0.03088961 
31 81 7 5 0.030852977 
452 489 153 94 0.030848058 
809 66 4 5 0.030837893 
1011 54 7 7 0.030814687 
992 41 7 6 0.030809972 
270 46 8 6 0.030770602 
40 62 5 5 0.030762 
493 403 16 12 0.030715188 
758 56 3 3 0.030683216 
828 42 4 3 0.030661624 
763 308 15 9 0.030649034 
670 495 11 6 0.030648507 
735 515 8 4 0.03059276 
668 67 5 3 0.030590853 
703 372 127 74 0.030576965 
515 50 3 3 0.030560426 
835 49 4 3 0.03055461 
242 23 6 5 0.030531807 
367 397 117 81 0.030510034 
117 60 3 4 0.030464223 
731 641 33 20 0.030463934 
387 62 4 3 0.030461555 
692 472 7 4 0.030452121 
363 21 9 8 0.030448854 
796 339 14 8 0.03041903 
418 61 27 20 0.030381327 
512 37 5 5 0.030357976 
792 575 116 72 0.030355133 
384 597 33 17 0.030338502 
835 57 4 3 0.030327449 
989 66 24 19 0.03031549 
88 42 42 45 0.030301852 
351 32 42 45 0.030301334 
640 478 15 10 0.030300193 
737 80 4 3 0.030292563 
945 418 10 6 0.030278087 
805 542 10 6 0.03026798 
67 371 299 141 0.030237969 
584 383 4 4 0.030209053 
320 622 124 77 0.030208964 
76 693 128 84 0.030179018 
942 58 6 7 0.030155344 
232 21 6 5 0.030117158 
678 478 7 3 0.030090539 
873 640 4 3 0.030084122 
680 472 5 4 0.030010268 
429 300 103 72 0.030008802 
791 56 3 3 0.02996729 
584 622 14 7 0.029928708 
994 63 4 4 0.029925546 
507 55 4 4 0.029901614 
988 36 5 5 0.029878743 
907 540 51 38 0.029874362 
374 424 15 9 0.029869922 
487 289 16 9 0.029854044 
247 767 63 38 0.029853147 
656 550 15 9 0.029836865 
933 355 143 88 0.029834865 
465 435 11 8 0.029815499 
384 450 9 7 0.029807901 
216 681 60 39 0.02978565 
661 43 4 3 0.02978041 
875 346 53 33 0.029739587 
112 69 3 4 0.02970588 
222 61 8 7 0.029704023 
501 277 14 8 0.029680388 
987 40 7 6 0.029668106 
961 42 7 6 0.029663922 
858 28 5 5 0.0295994 
592 28 6 5 0.029590087 
358 653 147 89 0.029585363 
834 472 3 4 0.029575855 
517 556 36 18 0.02955926 
723 664 8 5 0.029522797 
803 76 3 3 0.029515406 
727 77 4 2 0.029498104 
981 385 15 8 0.029492278 
409 594 16 11 0.029445568 
286 673 107 79 0.029442428 
391 600 15 9 0.029439183 
992 35 5 5 0.02941885 
367 308 12 7 0.029402861 
711 509 7 4 0.029375048 
514 62 3 3 0.029371241 
815 48 3 4 0.029344037 
662 57 3 2 0.029323895 
685 464 8 4 0.02931799 
923 379 14 8 0.029317336 
671 507 31 16 0.029289326 
494 283 14 7 0.029267129 
253 329 13 8 0.029265603 
167 467 155 94 0.02926185 
-80 -40 604 344 0.029242408 
651 485 31 19 0.02923735 
333 54 5 4 0.029220344 
846 24 4 4 0.02921465 
158 27 18 19 0.02917096 
679 42 5 4 0.02915914 
979 35 5 4 0.029158715 
105 68 3 4 0.029109774 
590 56 5 4 0.029092556 
444 11 6 6 0.02908684 
845 571 55 41 0.029085279 
230 555 622 263 0.029075287 
936 34 7 6 0.029071707 
464 303 13 7 0.029065557 
989 329 12 7 0.029062044 
313 437 9 8 0.029013053 
545 560 35 20 0.028989628 
610 27 32 20 0.028985301 
125 17 19 19 0.028960144 
311 463 10 9 0.028957443 
683 699 9 6 0.028929802 
319 687 35 20 0.028868895 
593 493 29 18 0.028867964 
941 21 9 8 0.028866883 
1000 53 5 5 0.028841857 
968 24 4 4 0.028833855 
946 542 7 5 0.02882929 
97 56 4 5 0.028827656 
987 44 25 24 0.02880176 
13 72 8 6 0.028780838 
679 492 6 4 0.028772285 
314 82 9 6 0.028760782 
288 51 4 3 0.028751196 
847 472 4 4 0.028746339 
827 50 4 3 0.028739138 
515 545 13 9 0.028721308 
258 762 15 8 0.028717237 
873 64 3 3 0.028712336 
803 50 3 3 0.028666362 
974 34 5 5 0.028662898 
124 54 4 5 0.028637385 
871 615 6 3 0.028634349 
558 486 32 22 0.028622149 
1000 404 16 8 0.02858623 
234 40 5 7 0.028582146 
156 24 4 4 0.028574303 
270 709 52 39 0.028555386 
710 696 8 5 0.028550912 
83 64 6 7 0.028527154 
734 650 12 7 0.028494671 
870 371 58 36 0.02849027 
913 550 11 7 0.028485756 
668 667 13 7 0.02846297 
270 340 55 40 0.028461628 
552 496 5 5 0.028453188 
593 366 12 15 0.02845099 
662 49 3 3 0.0284228 
494 549 15 11 0.028380807 
116 15 4 5 0.028364442 
700 432 5 4 0.028355353 
276 53 5 6 0.028342282 
816 61 4 5 0.028340546 
615 470 6 4 0.028314644 
715 696 10 5 0.028310062 
415 411 9 6 0.028297333 
91 406 156 80 0.028284207 
995 700 13 7 0.028258502 
846 35 6 5 0.02822423 
885 396 13 8 0.028205773 
461 3 6 5 0.028197818 
614 461 64 40 0.028146742 
874 477 18 20 0.028132468 
742 516 7 4 0.028126368 
995 391 13 7 0.028122999 
591 359 23 27 0.028107898 
640 36 7 5 0.028102042 
661 38 4 3 0.028090667 
980 50 8 6 0.02807698 
485 396 33 23 0.028076835 
608 542 35 21 0.027993143 
252 759 31 16 0.027985837 
822 30 4 3 0.027964804 
345 464 6 5 0.027950684 
692 428 5 3 0.02794467 
14 69 6 4 0.027930452 
597 490 5 5 0.027912002 
860 477 4 5 0.027895285 
508 530 15 10 0.027856905 
280 716 130 82 0.027839933 
640 40 7 5 0.027830325 
831 182 7 5 0.027810007 
317 442 10 9 0.02780038 
833 19 4 3 0.027797401 
580 634 12 7 0.027762694 
801 544 7 4 0.02775668 
595 496 9 6 0.027752988 
303 320 15 8 0.02773317 
624 23 10 6 0.027691089 
355 455 11 7 0.027682532 
696 319 31 17 0.027646879 
785 70 3 2 0.027645074 
674 584 12 7 0.027642837 
116 69 4 4 0.027641818 
1006 76 4 4 0.027638877 
974 435 16 9 0.027634896 
603 492 6 4 0.027602356 
695 591 10 5 0.027598986 
473 551 19 11 0.027586497 
566 500 11 8 0.027570741 
884 37 5 5 0.027561476 
695 508 9 5 0.027529066 
878 615 5 3 0.02751949 
659 576 33 15 0.027502926 
771 64 2 2 0.027473329 
89 64 6 7 0.02746438 
713 444 138 88 0.027464304 
226 28 5 6 0.027461419 
641 580 6 4 0.027412018 
577 35 5 4 0.027404767 
84 48 5 5 0.027387865 
72 48 5 5 0.027313221 
354 290 13 7 0.027304215 
607 521 11 5 0.027284315 
158 355 10 6 0.027283514 
515 75 3 4 0.027282763 
410 41 4 4 0.027275465 
943 540 22 18 0.02727244 
342 302 12 7 0.02725992 
601 501 9 5 0.027236626 
787 621 129 65 0.02723294 
127 16 7 6 0.027214365 
677 632 8 4 0.027198512 
161 45 6 9 0.027192837 
558 544 30 18 0.02717808 
642 549 15 8 0.027176308 
137 52 10 16 0.027168237 
901 26 32 20 0.027140249 
464 16 43 42 0.027131675 
735 651 36 19 0.027126878 
106 57 3 3 0.02712415 
960 28 7 6 0.027092356 
712 643 65 37 0.027083924 
708 699 11 6 0.02703282 
821 50 4 3 0.027030487 
262 41 7 5 0.027028706 
992 29 5 4 0.027025836 
424 74 52 36 0.02702031 
508 558 14 8 0.027019039 
686 485 6 3 0.027011346 
777 689 5 4 0.027009277 
825 431 8 5 0.027005287 
916 457 6 9 0.026990872 
924 385 14 8 0.02697662 
924 472 47 41 0.026957395 
136 529 5 4 0.026944906 
316 309 13 7 0.026934966 
163 716 123 72 0.026923776 
951 430 12 8 0.026890399 
809 62 4 4 0.02687619 
876 421 47 42 0.026854023 
101 510 6 5 0.02684478 
577 580 33 17 0.02683819 
431 43 4 4 0.02679519 
594 500 9 6 0.026790943 
309 302 14 7 0.026782231 
156 366 53 38 0.026777083 
972 640 18 8 0.026760723 
105 73 4 5 0.026747767 
378 61 4 6 0.026742963 
586 617 11 6 0.026712071 
1012 31 4 4 0.026659487 
756 484 6 4 0.026656132 
262 32 5 3 0.026646955 
403 170 53 47 0.026642552 
123 60 4 5 0.026640289 
380 270 13 7 0.026637185 
246 54 46 35 0.026631182 
630 519 15 10 0.02662504 
414 19 3 3 0.026618166 
516 546 33 17 0.026613778 
462 412 62 42 0.026602156 
634 36 6 4 0.0265821 
326 540 108 83 0.026576944 
53 61 5 4 0.026572127 
675 462 30 18 0.026562769 
900 641 11 6 0.02655253 
339 396 298 154 0.026543707 
834 354 56 35 0.026537089 
924 352 14 8 0.026530132 
865 669 7 4 0.026523938 
181 788 63 39 0.026517527 
750 499 6 3 0.02649819 
632 463 11 9 0.026485847 
171 363 32 18 0.026478076 
632 29 7 5 0.026469965 
604 448 31 23 0.026457334 
365 558 54 41 0.02640585 
270 31 4 4 0.026381752 
723 510 7 4 0.026378954 
582 342 6 5 0.026377473 
686 785 32 17 0.026365792 
981 379 16 8 0.02636356 
756 498 5 4 0.026363296 
827 62 4 4 0.026363162 
249 664 62 39 0.02635999 
589 382 6 5 0.026322875 
792 411 60 37 0.02631783 
945 439 26 20 0.026306521 
347 334 15 9 0.026303759 
307 55 6 4 0.026292156 
584 378 48 45 0.02628338 
849 298 11 7 0.02628338 
684 453 10 5 0.026282465 
356 309 11 7 0.026282417 
845 48 8 5 0.026274689 
853 25 5 3 0.026272904 
782 79 4 4 0.026259251 
744 79 4 4 0.026257558 
1012 60 6 7 0.026255203 
430 264 14 8 0.026245272 
953 541 7 7 0.026229555 
806 474 8 6 0.026208665 
519 17 6 5 0.026173247 
953 34 6 6 0.026170788 
400 57 3 3 0.026167512 
685 697 7 4 0.02616478 
575 54 6 4 0.026148029 
461 390 27 24 0.02614273 
535 232 12 8 0.026128765 
334 343 123 88 0.026127188 
839 472 5 5 0.026123047 
218 68 55 41 0.026103698 
511 27 7 6 0.026097964 
704 573 32 16 0.026086487 
937 445 9 10 0.026083624 
668 38 4 3 0.026077598 
149 355 27 17 0.026066955 
490 278 12 7 0.026061296 
1006 11 4 4 0.026047206 
515 55 3 3 0.026043057 
960 634 36 17 0.026040457 
835 389 102 78 0.02602887 
66 68 5 5 0.02601668 
595 610 30 14 0.026011435 
692 485 6 3 0.026006782 
814 29 4 4 0.026004817 
815 22 5 5 0.026003568 
866 483 3 5 0.025993098 
870 27 6 5 0.02598323 
897 633 6 3 0.025979066 
380 265 12 7 0.02596838 
510 425 62 44 0.025965786 
237 287 54 43 0.025924655 
650 580 10 5 0.025912642 
776 56 4 3 0.025906913 
362 309 11 7 0.025903832 
613 524 33 20 0.02590133 
640 496 19 12 0.02588153 
1006 46 5 5 0.02587478 
696 699 10 6 0.025866175 
960 11 5 4 0.025845436 
945 442 13 10 0.025836851 
430 23 4 4 0.025835304 
406 303 13 7 0.0258303 
904 633 5 3 0.02582799 
961 359 16 8 0.025813267 
629 478 7 5 0.02580816 
337 430 7 8 0.025806805 
705 695 35 17 0.025804803 
825 181 8 5 0.025786266 
925 393 15 8 0.025773345 
347 270 14 8 0.025770014 
949 520 51 40 0.025762139 
757 51 3 3 0.025761874 
179 17 6 6 0.025760215 
514 559 15 8 0.025750373 
440 34 7 6 0.025747398 
405 41 5 4 0.025745604 
930 193 12 8 0.025745377 
969 17 4 4 0.025744095 
794 30 6 5 0.025743414 
292 771 154 83 0.025729118 
849 33 8 6 0.02572806 
854 647 12 7 0.025721395 
833 431 7 4 0.02571731 
961 68 5 5 0.025705412 
165 45 9 13 0.02568704 
520 577 16 8 0.025657605 
990 342 10 6 0.02565607 
469 431 15 10 0.025624504 
781 689 5 3 0.025621152 
853 66 5 5 0.025599424 
591 49 4 3 0.025595535 
410 587 158 81 0.025594385 
242 716 30 22 0.02558564 
827 487 6 6 0.02558323 
520 36 5 4 0.025569597 
637 545 15 9 0.025567446 
973 49 23 18 0.02555678 
595 529 9 5 0.0255425 
395 457 10 9 0.025511635 
797 70 2 2 0.025482817 
496 43 4 4 0.025478536 
866 48 5 6 0.02542832 
594 515 9 6 0.025426684 
656 519 33 20 0.02542195 
621 465 6 4 0.025412064 
782 594 5 4 0.025404694 
893 439 5 6 0.025403963 
845 482 5 6 0.025401112 
842 349 38 21 0.025385087 
671 581 10 5 0.025348494 
871 23 5 4 0.025346193 
665 491 7 4 0.025340721 
193 514 6 5 0.025332946 
369 456 7 7 0.0253293 
232 55 6 7 0.025313081 
505 586 41 21 0.025298204 
363 456 9 6 0.02528583 
98 61 4 4 0.02527989 
143 741 28 23 0.025273442 
771 56 3 3 0.025259443 
341 309 13 7 0.02525659 
135 724 55 40 0.0252559 
374 296 12 7 0.025253022 
486 35 43 46 0.025228184 
501 72 4 5 0.025228105 
97 48 4 4 0.025226451 
736 511 7 3 0.025226047 
15 631 135 102 0.02522173 
-42 578 603 343 0.02522011 
192 37 44 47 0.025211705 
92 75 4 5 0.025194552 
852 611 63 40 0.025193183 
663 62 3 3 0.025187599 
721 313 28 16 0.025177052 
725 655 7 6 0.025167465 
704 509 7 4 0.025161996 
777 595 4 3 0.025152264 
341 465 6 7 0.025134265 
464 243 11 8 0.025126016 
13 755 23 26 0.0251246 
307 430 25 22 0.025107909 
489 270 13 7 0.025101423 
391 298 50 42 0.025095746 
572 408 52 45 0.025089731 
945 548 26 20 0.025075844 
784 424 14 8 0.025073765 
603 610 16 7 0.025072264 
345 621 62 42 0.025066834 
585 473 28 23 0.025066068 
180 353 52 37 0.025058776 
324 451 7 7 0.02504795 
71 41 5 5 0.02503661 
702 464 8 5 0.025010053 
650 551 12 7 0.025003854 
635 335 16 14 0.024992675 
45 68 5 4 0.024988214 
1013 77 5 5 0.02498035 
377 437 8 7 0.024951356 
28 787 15 13 0.024949253 
896 27 7 7 0.024938596 
600 605 13 7 0.024927964 
923 561 36 23 0.024905244 
621 610 16 7 0.02490189 
941 537 6 5 0.024893988 
210 59 8 8 0.024887964 
703 498 8 4 0.024864092 
390 62 4 4 0.024861246 
484 55 3 4 0.024860121 
942 15 8 7 0.02484132 
267 353 12 7 0.024838023 
806 78 7 6 0.024835302 
861 392 11 7 0.02482461 
47 682 25 17 0.024822602 
626 55 8 5 0.024814108 
460 10 7 5 0.024795717 
658 591 11 5 0.024788648 
840 19 4 4 0.024787325 
655 42 5 3 0.024784535 
451 70 4 3 0.024778116 
170 347 12 6 0.024771256 
233 340 52 39 0.024767747 
442 28 6 6 0.024744539 
568 501 29 20 0.024739683 
790 51 4 3 0.024739487 
326 72 7 5 0.024725176 
702 699 10 6 0.024724824 
594 27 8 6 0.024722213 
311 441 11 10 0.02471719 
831 427 9 6 0.024715384 
652 597 11 6 0.024694521 
774 489 7 5 0.024668682 
748 483 7 4 0.024656843 
208 341 12 7 0.02465337 
852 483 4 4 0.024636554 
593 605 11 6 0.024635993 
520 29 4 4 0.024630163 
57 78 7 5 0.02462667 
756 503 5 3 0.024614383 
168 805 63 40 0.024605101 
820 489 6 5 0.024601985 
981 328 13 8 0.024598379 
943 230 13 9 0.024596408 
801 424 17 9 0.024568915 
596 67 32 26 0.024563678 
387 443 11 9 0.024557097 
848 67 4 4 0.024535535 
527 35 6 5 0.024531702 
367 594 32 20 0.024526361 
965 629 9 5 0.024514226 
302 56 5 4 0.024513092 
126 744 62 45 0.024501812 
28 84 9 7 0.024494573 
324 270 12 7 0.02447709 
141 792 57 41 0.024462132 
807 75 5 5 0.02445994 
788 429 13 8 0.024457278 
661 557 14 8 0.0244409 
368 427 12 8 0.024440197 
643 495 67 36 0.024409564 
790 64 2 2 0.024408096 
689 521 10 5 0.024403488 
629 472 7 5 0.024384083 
436 436 8 6 0.024374539 
398 41 4 4 0.02436075 
822 484 5 4 0.02436044 
658 483 8 6 0.024357595 
781 504 30 16 0.02435202 
307 65 6 5 0.024351323 
1005 15 5 5 0.024351247 
54 69 4 3 0.024332749 
718 665 6 4 0.02431944 
716 503 7 4 0.024308309 
151 388 64 44 0.024287079 
327 54 5 5 0.024278345 
164 347 10 6 0.02425905 
424 430 27 18 0.024241246 
904 370 16 9 0.024240261 
697 484 7 4 0.024236947 
373 577 57 40 0.024234671 
856 643 10 6 0.024231695 
901 419 6 5 0.024224417 
508 60 3 4 0.024213638 
570 35 6 4 0.02421171 
569 55 6 4 0.02420063 
307 438 7 6 0.02419133 
593 35 10 7 0.024172679 
912 447 4 6 0.024164813 
898 434 5 6 0.024161138 
431 18 4 4 0.024159191 
321 71 8 6 0.024158346 
527 341 62 42 0.024156347 
423 429 15 10 0.02414771 
745 659 12 7 0.024144672 
468 308 16 9 0.024136739 
337 246 13 9 0.024134919 
90 42 5 4 0.024125505 
579 387 5 4 0.024101079 
931 396 12 8 0.024080412 
970 471 59 38 0.024065973 
457 37 46 47 0.024049638 
654 360 14 19 0.024044588 
905 409 48 45 0.024031647 
298 301 13 8 0.024023537 
193 691 54 38 0.024017759 
412 256 13 8 0.024016654 
994 74 6 5 0.02401533 
522 549 15 9 0.024004137 
689 700 10 5 0.024001664 
617 442 31 24 0.023997447 
47 62 4 4 0.023995884 
664 484 7 5 0.023993293 
955 563 17 10 0.023991713 
374 306 12 8 0.02398814 
877 642 6 4 0.02398403 
272 58 44 36 0.023976125 
242 17 6 4 0.023968913 
361 219 11 8 0.023955625 
925 526 23 21 0.023953727 
353 341 14 8 0.023949502 
975 12 4 3 0.023944724 
862 604 9 6 0.023914386 
300 65 6 6 0.023912478 
904 426 5 4 0.02389639 
885 433 20 21 0.023893066 
507 551 13 8 0.023881614 
518 21 7 5 0.023881257 
772 420 37 18 0.02387952 
456 0 5 3 0.02386047 
587 611 10 6 0.023848124 
257 149 108 83 0.023844115 
872 65 5 5 0.023838334 
608 28 10 6 0.023826795 
744 504 5 3 0.02380609 
476 244 11 8 0.023802495 
325 67 7 5 0.023802023 
364 47 8 10 0.023778219 
527 68 4 4 0.02377692 
731 542 5 4 0.023775581 
672 465 7 4 0.023760179 
124 361 13 7 0.023752227 
691 61 5 4 0.023746401 
349 346 13 8 0.023736851 
430 48 5 5 0.023719667 
147 54 6 10 0.02371865 
730 510 7 4 0.023710182 
217 368 31 17 0.023706973 
599 469 29 22 0.023703938 
945 551 9 6 0.023702146 
988 395 32 18 0.02369341 
285 159 56 43 0.02367789 
617 65 36 26 0.023676297 
150 24 4 4 0.023667945 
242 64 7 8 0.02364737 
890 36 5 6 0.023644155 
307 688 54 41 0.023644064 
736 48 7 4 0.023634449 
253 685 60 39 0.023609543 
795 22 5 5 0.023608118 
889 16 6 5 0.023603952 
254 464 59 41 0.023602085 
187 516 5 5 0.023594577 
928 350 31 16 0.023594504 
493 354 31 19 0.023594376 
344 337 28 16 0.02359276 
797 18 3 3 0.02358872 
673 66 5 4 0.023575459 
616 312 47 45 0.02352887 
927 375 37 18 0.023527892 
55 681 12 8 0.02352384 
720 659 32 20 0.0235209 
360 320 14 9 0.023513569 
783 56 3 3 0.023509676 
231 28 6 7 0.023504572 
33 62 5 4 0.023502655 
763 328 14 8 0.02349363 
716 477 8 4 0.023473946 
368 45 8 8 0.023473771 
232 33 5 6 0.023469137 
778 489 9 6 0.023439344 
1012 42 4 4 0.023427846 
795 429 15 8 0.023409607 
641 74 7 5 0.023398895 
53 686 13 8 0.023379818 
996 348 11 6 0.023371216 
860 671 5 3 0.023363506 
541 200 12 8 0.023362461 
880 393 14 7 0.023356948 
925 348 12 7 0.023356736 
610 478 6 5 0.02335648 
516 231 10 8 0.023320504 
913 327 11 7 0.023297045 
620 478 7 5 0.023294037 
746 521 73 40 0.0232821 
582 591 69 35 0.023281634 
363 305 11 6 0.023270682 
918 532 9 8 0.023267968 
171 763 61 43 0.02326416 
750 50 4 3 0.02326064 
352 311 28 16 0.023251062 
513 288 14 9 0.023247674 
675 790 33 24 0.023217062 
176 373 13 7 0.023210835 
238 12 4 3 0.02319444 
615 41 31 23 0.023184557 
684 521 8 4 0.023178175 
781 651 5 4 0.023172854 
177 368 11 6 0.02316763 
635 426 35 24 0.023152927 
520 25 28 23 0.023151642 
303 327 15 10 0.0231497 
278 427 52 40 0.023148105 
445 322 11 7 0.023136592 
26 80 7 5 0.023135731 
104 79 5 6 0.023132438 
655 50 4 3 0.023110893 
781 597 7 6 0.023105433 
965 71 10 8 0.023101373 
764 314 13 8 0.023096234 
494 50 3 4 0.023075227 
800 35 5 4 0.023067933 
808 748 5 3 0.023067731 
819 61 5 5 0.023066124 
861 489 3 4 0.023064336 
966 639 10 5 0.023054866 
721 514 10 5 0.023052134 
947 40 7 6 0.023032425 
578 44 4 3 0.023028083 
685 41 6 5 0.023026783 
239 411 16 8 0.02302128 
889 595 60 42 0.023020187 
482 19 12 10 0.02301994 
942 426 7 5 0.023018459 
1018 34 6 7 0.023017447 
91 79 6 6 0.023013132 
816 27 46 38 0.023012435 
646 40 6 4 0.023006894 
959 16 6 5 0.023001999 
848 301 12 8 0.023001328 
208 335 12 7 0.023001062 
813 677 8 5 0.022989523 
904 39 15 10 0.02298031 
708 322 12 7 0.022971317 
829 473 4 3 0.022970784 
204 757 66 42 0.022947254 
678 452 10 6 0.02293259 
653 38 5 3 0.022918161 
478 385 33 22 0.02290719 
896 414 6 4 0.022905149 
508 269 13 8 0.02289862 
149 34 4 5 0.022884049 
343 589 109 69 0.02287972 
802 78 5 5 0.022868989 
925 36 22 21 0.022868775 
112 57 3 3 0.022853438 
995 330 11 6 0.022852713 
976 322 12 7 0.022852138 
146 581 71 48 0.022841707 
762 485 6 3 0.022831054 
946 430 10 7 0.022827514 
737 542 6 3 0.022769848 
876 388 31 18 0.022764167 
742 48 6 4 0.02275856 
183 325 56 43 0.022752088 
659 597 12 6 0.02272699 
595 24 7 5 0.022724746 
531 549 17 9 0.022699026 
936 529 25 22 0.022697428 
464 334 44 23 0.02268823 
156 362 30 17 0.02267731 
559 499 12 8 0.02267564 
769 490 7 4 0.022669615 
227 720 32 24 0.02266951 
380 436 25 20 0.022666564 
245 379 14 7 0.022664161 
934 408 27 17 0.022662222 
959 558 17 10 0.022661528 
118 45 5 7 0.0226516 
705 696 8 5 0.022650484 
818 352 37 19 0.022643074 
985 702 10 5 0.022642534 
273 342 12 7 0.022626378 
296 334 14 8 0.022625519 
778 598 4 4 0.022625363 
865 592 6 4 0.022617696 
297 51 4 3 0.022613943 
695 497 9 5 0.022609612 
883 642 6 4 0.022592835 
982 6 4 3 0.02258221 
861 483 3 4 0.022578316 
776 63 3 3 0.022574805 
59 53 18 18 0.022566572 
918 428 3 3 0.022565864 
159 348 10 6 0.022561707 
717 510 7 3 0.02256138 
657 610 12 6 0.022557333 
207 373 14 7 0.022550449 
868 195 9 6 0.022550376 
612 34 12 7 0.02254636 
159 342 55 39 0.02254232 
702 612 39 20 0.022537163 
610 466 5 4 0.022534862 
185 341 122 83 0.02252674 
186 521 6 5 0.022521604 
871 617 7 4 0.022514503 
396 356 131 78 0.022511164 
658 581 9 4 0.022506826 
171 354 10 7 0.0225068 
676 456 12 8 0.022496289 
947 47 6 6 0.02249067 
557 495 8 7 0.022471411 
734 659 11 7 0.022469131 
916 507 43 39 0.022468613 
187 352 29 17 0.02246144 
244 666 34 19 0.022461042 
98 68 3 4 0.022460857 
727 70 3 3 0.022457374 
718 668 7 5 0.022445993 
256 40 7 6 0.022443842 
354 420 6 4 0.022443356 
317 436 11 10 0.022439556 
228 393 12 7 0.022438262 
803 545 13 7 0.02242425 
932 501 117 73 0.022410791 
370 22 8 6 0.022410514 
50 681 10 6 0.022409547 
399 415 30 20 0.022402216 
296 724 29 24 0.022400808 
590 489 6 5 0.022400683 
83 35 5 5 0.022396492 
981 367 15 7 0.022391928 
609 22 8 6 0.022374274 
599 515 32 16 0.0223668 
803 418 14 8 0.022365825 
696 574 10 4 0.022347258 
514 565 16 8 0.02234567 
468 257 14 8 0.022343887 
585 542 31 20 0.022337332 
90 509 6 4 0.02233617 
803 43 4 4 0.022330498 
493 274 28 16 0.022302143 
857 41 6 5 0.02230108 
470 264 14 8 0.022299033 
391 249 53 41 0.022272777 
226 290 12 8 0.022264149 
395 624 36 26 0.022257041 
483 50 3 3 0.022218999 
530 34 9 6 0.02219593 
631 546 13 7 0.022194099 
230 515 6 5 0.022190116 
172 817 26 22 0.022182906 
659 608 31 18 0.022147369 
334 420 4 4 0.022135189 
253 767 14 9 0.022131065 
715 578 9 5 0.022129143 
726 315 14 8 0.022121366 
695 521 10 6 0.022105938 
610 483 6 5 0.022101343 
309 51 50 42 0.022085473 
684 632 7 5 0.02208355 
894 550 32 22 0.022078 
165 343 10 6 0.02207378 
549 524 29 20 0.022073245 
818 676 9 6 0.022062471 
155 789 27 20 0.022058386 
557 567 36 17 0.022056209 
356 263 11 7 0.022047378 
198 508 7 6 0.022030262 
554 574 72 36 0.02202729 
534 226 12 7 0.022023654 
488 69 4 4 0.022006044 
157 723 28 23 0.022001112 
259 334 11 7 0.022000613 
674 673 11 6 0.021989362 
213 56 21 22 0.021988222 
576 72 29 20 0.02198346 
660 628 14 7 0.02198121 
52 80 6 4 0.021980751 
451 417 11 8 0.021979783 
683 706 10 6 0.021978263 
634 750 120 74 0.02197762 
730 504 6 3 0.021975664 
982 373 14 8 0.021975346 
905 366 33 17 0.021971155 
1004 84 8 6 0.021967897 
457 70 4 4 0.021965152 
933 406 11 7 0.021954285 
385 538 122 82 0.02195152 
890 414 7 5 0.021947468 
368 289 12 7 0.021947311 
171 343 11 6 0.021946363 
713 698 13 7 0.021945952 
601 523 71 37 0.021937348 
769 85 6 5 0.021935597 
816 359 14 8 0.021930503 
497 553 29 20 0.021908954 
1012 20 8 6 0.02189415 
646 472 17 11 0.021893691 
589 29 27 21 0.02188992 
529 220 10 7 0.021885984 
549 583 37 19 0.021880599 
320 62 6 4 0.021877201 
234 386 12 7 0.021875594 
689 74 4 4 0.021869147 
234 380 12 7 0.021862332 
566 495 10 8 0.021859398 
698 697 8 4 0.021853654 
367 283 12 8 0.021850845 
116 74 4 4 0.021841373 
594 385 7 6 0.021840401 
599 375 13 13 0.021839486 
778 335 11 7 0.021836653 
130 374 58 43 0.02183082 
680 697 7 4 0.021825412 
508 537 13 9 0.021811165 
884 53 4 4 0.021807801 
794 40 5 5 0.021799905 
233 270 11 8 0.021799244 
889 471 8 5 0.021798076 
607 435 63 43 0.021791277 
688 516 10 5 0.021783136 
667 671 14 8 0.021777367 
640 30 6 4 0.021775967 
607 509 9 5 0.02177449 
594 38 31 27 0.02176874 
82 502 8 7 0.021756813 
131 386 11 7 0.021755345 
874 459 44 40 0.021745315 
392 41 5 5 0.021745143 
523 504 77 42 0.021736635 
421 174 282 197 0.02172889 
331 464 19 23 0.021721892 
324 265 12 8 0.021706259 
182 547 30 28 0.021698939 
923 360 15 8 0.021696893 
538 544 30 18 0.021691138 
386 57 4 4 0.021687098 
386 276 13 8 0.021681992 
610 18 31 18 0.021681959 
588 540 11 7 0.021677408 
413 56 3 3 0.021672623 
296 437 24 24 0.021669894 
813 751 7 5 0.021669613 
659 666 29 17 0.021669246 
794 544 7 3 0.021668581 
507 50 4 3 0.021667264 
970 206 11 8 0.021665236 
438 386 31 25 0.021659153 
885 21 5 5 0.021647766 
860 473 3 3 0.021637773 
854 489 3 4 0.02163442 
374 316 53 40 0.02162678 
802 61 4 3 0.021622712 
488 42 4 5 0.02161852 
414 581 13 10 0.02160498 
765 63 3 2 0.02159733 
977 257 11 8 0.021597324 
93 501 10 7 0.021593546 
820 473 5 4 0.021582128 
403 440 28 24 0.021580957 
466 11 24 23 0.021580564 
723 504 7 3 0.021579321 
1001 30 4 4 0.021577284 
583 31 5 4 0.021565692 
987 6 4 3 0.021563007 
945 563 10 7 0.021562103 
671 476 8 6 0.021552285 
20 69 6 5 0.02154902 
873 573 3 4 0.021548435 
347 49 5 5 0.021545079 
968 34 5 5 0.021544887 
937 39 23 24 0.021539941 
997 696 10 5 0.021538595 
927 541 9 7 0.021529356 
488 50 4 4 0.021527171 
666 770 63 41 0.021526558 
616 459 5 4 0.021522181 
338 270 11 8 0.021521308 
647 546 17 8 0.0215151 
589 497 8 6 0.021508658 
1 700 26 27 0.021505127 
743 542 7 3 0.021499658 
633 55 6 4 0.021497691 
970 186 10 9 0.02149745 
391 334 15 8 0.021495366 
734 65 2 2 0.021494603 
351 647 37 21 0.021487275 
421 580 18 14 0.021466801 
624 546 11 6 0.0214602 
804 509 7 4 0.021457458 
464 276 12 7 0.021451099 
463 551 16 11 0.021443887 
598 409 30 25 0.02143339 
492 55 5 4 0.021422444 
513 295 14 9 0.021418823 
248 335 11 7 0.021402879 
409 411 9 6 0.021395162 
351 424 8 6 0.021393461 
579 506 10 7 0.021388326 
598 40 11 8 0.021376178 
860 377 13 9 0.021376101 
763 490 6 4 0.021372637 
687 49 6 6 0.021350466 
462 0 5 3 0.02134688 
975 360 13 7 0.021344127 
893 617 9 6 0.021342928 
228 381 11 6 0.021336414 
22 746 50 46 0.021328209 
66 49 5 5 0.0213241 
738 316 12 7 0.021309717 
710 579 7 4 0.021303382 
455 262 50 40 0.021302437 
466 208 8 6 0.02129307 
893 397 10 6 0.021281898 
625 34 9 6 0.0212759 
338 426 6 6 0.021275096 
673 485 5 3 0.021260729 
679 551 13 6 0.021259861 
790 31 4 3 0.021256477 
797 62 2 3 0.02123885 
363 532 54 44 0.021224448 
502 56 4 3 0.021211863 
371 27 22 21 0.021195844 
735 522 8 4 0.021192763 
214 366 12 7 0.021190675 
590 60 5 4 0.021190269 
220 310 55 44 0.021185227 
937 362 15 8 0.02117982 
343 238 11 7 0.021177744 
692 432 5 4 0.021173816 
977 705 12 7 0.021172669 
934 427 6 5 0.021172397 
546 242 16 11 0.021169927 
151 367 11 7 0.021150662 
856 675 8 4 0.021149626 
979 702 8 5 0.02114893 
957 315 12 8 0.02114001 
365 302 29 17 0.021136254 
364 445 7 5 0.021134105 
891 472 45 41 0.021123802 
712 665 6 4 0.02112065 
938 353 12 7 0.021115039 
631 790 134 71 0.02110761 
978 376 36 16 0.021098254 
559 517 31 19 0.02109472 
465 586 37 20 0.021090236 
343 297 11 7 0.021088256 
832 40 25 20 0.021084564 
698 438 6 4 0.021077508 
540 220 12 7 0.02107218 
911 428 3 3 0.021071548 
951 284 10 7 0.021070957 
375 335 13 8 0.021063082 
641 593 6 4 0.021057922 
367 60 5 6 0.021057578 
171 38 8 9 0.021047764 
220 381 31 16 0.02104718 
618 605 13 6 0.021027215 
974 443 17 10 0.02102147 
875 274 54 42 0.021018706 
285 702 28 21 0.021014633 
691 590 9 5 0.021013064 
475 14 7 6 0.021011956 
674 38 4 3 0.02100825 
2 742 13 14 0.021008097 
896 665 6 4 0.021004453 
738 536 5 3 0.021003416 
658 454 35 20 0.020993493 
476 11 7 6 0.020990975 
394 558 53 38 0.020986576 
892 290 15 8 0.020977605 
942 560 7 5 0.020974802 
804 420 33 17 0.02096698 
378 56 5 4 0.020961167 
308 463 7 6 0.02096006 
894 622 7 5 0.020956656 
497 246 11 7 0.020956444 
813 169 6 5 0.020955952 
971 245 10 7 0.020954182 
897 35 8 7 0.020953929 
606 527 11 6 0.02095298 
811 312 53 41 0.020951845 
937 397 13 8 0.020948654 
501 545 15 10 0.020947961 
805 471 9 6 0.020942273 
228 386 12 6 0.020941906 
402 220 10 7 0.020937677 
227 664 33 20 0.020937588 
179 378 54 39 0.020930657 
597 70 5 3 0.020922843 
482 391 15 11 0.020920157 
788 688 6 4 0.020911995 
580 614 32 17 0.020911826 
690 696 9 5 0.020906402 
467 73 56 43 0.020903002 
903 665 6 4 0.020901365 
559 205 14 10 0.020896925 
970 322 11 7 0.020896845 
878 63 4 3 0.020893224 
693 788 13 7 0.020892555 
246 340 13 8 0.020887181 
822 67 3 3 0.020885577 
576 497 7 5 0.020881616 
612 527 11 6 0.020879304 
711 669 7 4 0.020877069 
577 577 14 8 0.02087553 
352 300 115 85 0.020859534 
391 608 15 9 0.020853497 
97 73 4 6 0.020850137 
899 43 13 9 0.020849807 
469 313 15 9 0.020844486 
756 309 29 16 0.020828279 
170 715 56 37 0.020826679 
983 335 10 6 0.02082559 
935 391 17 9 0.020822167 
501 81 4 4 0.020820033 
271 763 11 7 0.020815814 
274 666 28 19 0.020811561 
931 550 10 7 0.02080895 
186 298 55 47 0.020804828 
692 438 7 4 0.020778948 
594 520 9 6 0.020775173 
900 157 55 48 0.020774335 
907 451 49 50 0.020770514 
743 535 6 4 0.020768898 
247 356 53 39 0.020764576 
54 692 11 7 0.020761995 
203 715 38 25 0.020757774 
188 224 14 8 0.020757167 
321 429 7 7 0.020756442 
791 335 14 7 0.020751063 
730 568 35 20 0.02075076 
67 371 12 8 0.020750264 
764 424 64 39 0.020742139 
393 25 4 3 0.02073662 
515 538 11 8 0.020723658 
233 12 4 3 0.020716488 
514 43 102 67 0.020716382 
709 465 8 4 0.02071414 
866 472 4 3 0.02071115 
231 376 33 16 0.020706411 
703 574 9 5 0.020704431 
145 373 11 7 0.020690888 
551 430 56 47 0.020685324 
680 485 5 3 0.02068163 
498 384 20 11 0.020676825 
614 17 9 6 0.020671071 
722 673 9 7 0.020670723 
198 59 6 6 0.02066519 
315 320 14 8 0.02066511 
374 418 30 19 0.020662421 
228 764 28 23 0.020655008 
657 489 10 6 0.020654885 
526 51 12 8 0.020653246 
817 355 12 6 0.020646952 
642 345 15 16 0.020638527 
244 405 62 40 0.02062884 
945 437 12 8 0.020627644 
351 183 7 4 0.020626483 
767 656 8 5 0.020615919 
346 606 35 23 0.020613369 
524 56 9 8 0.020612264 
807 428 16 8 0.020606827 
226 22 5 5 0.020603377 
118 26 43 42 0.02060094 
824 611 41 22 0.020599242 
444 415 28 19 0.020592555 
508 255 13 9 0.0205902 
243 704 15 9 0.020589883 
982 323 12 7 0.020589162 
195 348 12 7 0.020588461 
786 508 11 6 0.020583516 
976 199 12 9 0.020580899 
34 783 26 21 0.020579359 
187 786 33 22 0.020572908 
124 11 4 5 0.020570496 
789 684 5 4 0.020559207 
348 41 5 6 0.02055711 
378 440 51 39 0.020555554 
570 22 30 23 0.020551512 
817 616 69 39 0.020549418 
79 65 5 6 0.020542732 
220 367 12 6 0.02054118 
493 182 52 48 0.020537522 
743 547 7 4 0.020534202 
531 194 9 6 0.020531734 
476 49 3 4 0.020527784 
795 380 64 43 0.020521883 
787 176 6 5 0.020516556 
49 754 28 22 0.020515377 
972 402 66 39 0.020503594 
323 302 12 7 0.020503234 
911 323 13 7 0.020502249 
681 47 22 19 0.020496914 
227 348 12 7 0.02049581 
691 587 9 4 0.020491885 
484 284 13 8 0.02048883 
729 515 8 4 0.02047386 
700 706 13 7 0.020473726 
871 177 6 4 0.02047235 
371 149 109 90 0.02047225 
544 547 69 38 0.020468784 
817 430 11 6 0.020463327 
537 24 34 23 0.020460077 
896 17 5 5 0.020458508 
260 48 9 8 0.020448735 
102 514 6 5 0.020447068 
588 500 9 6 0.020442164 
393 47 4 5 0.020427288 
591 79 9 7 0.020421842 
715 483 10 5 0.02041764 
382 315 11 7 0.020416211 
791 336 29 16 0.020415084 
586 508 30 18 0.020411657 
356 259 11 7 0.02041059 
834 315 14 9 0.020409046 
647 56 5 3 0.020406941 
466 212 9 7 0.020404158 
862 328 54 38 0.020401746 
171 368 11 6 0.02039608 
379 451 6 5 0.020385057 
645 74 6 5 0.020383805 
236 29 45 40 0.020383308 
317 693 13 8 0.020374872 
681 586 11 5 0.020374775 
31 -52 124 102 0.020369187 
583 391 6 6 0.020356268 
824 427 10 5 0.020350978 
987 67 5 4 0.020348527 
676 588 36 19 0.020342477 
170 827 12 8 0.020332003 
932 334 13 8 0.020331005 
779 456 62 44 0.020320982 
640 61 5 3 0.020318955 
706 466 32 17 0.02031479 
502 245 11 7 0.020309579 
365 17 6 6 0.020307852 
483 277 12 7 0.020304315 
212 768 26 21 0.02028996 
641 586 7 4 0.020284092 
652 605 10 5 0.020275168 
915 26 16 10 0.02026843 
768 553 32 20 0.020259658 
234 392 13 7 0.020256188 
309 332 16 10 0.020253925 
189 705 30 22 0.020253688 
866 62 4 4 0.020252308 
361 288 13 8 0.020249525 
55 674 11 6 0.020245722 
962 185 12 10 0.020245608 
62 699 9 7 0.020244444 
839 59 5 6 0.020240843 
562 17 7 4 0.02023829 
283 288 14 9 0.020237194 
572 44 4 3 0.020230386 
80 35 4 5 0.020230288 
976 442 58 38 0.02022389 
356 27 5 7 0.020221967 
982 342 11 7 0.020221382 
923 493 25 25 0.02021103 
363 170 55 49 0.020204986 
682 678 71 39 0.020203043 
890 665 7 4 0.020198444 
678 635 9 6 0.0201935 
380 629 31 22 0.020192511 
467 145 55 48 0.020183602 
163 361 10 6 0.020179939 
658 617 11 5 0.02017336 
869 668 9 5 0.020168064 
996 354 13 8 0.020148356 
656 559 29 18 0.02014521 
829 354 14 7 0.020143988 
976 252 12 8 0.020135423 
253 672 13 8 0.020118933 
726 651 6 5 0.020116763 
88 501 10 7 0.02010386 
585 544 68 37 0.020103585 
406 61 4 4 0.020098384 
852 170 5 4 0.020097276 
559 550 13 8 0.02008648 
470 36 4 4 0.020081768 
522 75 3 4 0.020081377 
393 288 13 8 0.020080024 
779 558 9 6 0.02007732 
303 257 14 8 0.02007725 
471 213 9 6 0.020076778 
938 18 20 21 0.02007312 
86 493 14 10 0.02007312 
436 40 5 5 0.020069608 
358 190 7 4 0.020067718 
70 71 7 6 0.02005624 
930 -6 117 90 0.020055542 
712 484 7 4 0.020052103 
693 610 70 38 0.020039968 
652 611 10 5 0.020039368 
174 390 152 80 0.02003107 
890 642 6 4 0.020030314 
641 70 5 3 0.020024817 
468 420 31 24 0.020024054 
892 393 12 7 0.020007951 
314 72 7 6 0.020004315 
436 126 110 89 0.02000241 
