43_Row_Boat_Rowboat_43_1024
27
542 149 117 159 0.9997776 
773 29 94 155 0.03838432 
836 306 52 79 0.033858523 
200 1157 104 144 0.03385021 
-70 928 385 556 0.03338153 
326 1062 55 63 0.033157673 
1040 -3 117 142 0.028752822 
58 1190 56 53 0.027453555 
805 180 91 134 0.02719547 
315 694 56 114 0.02692918 
330 1141 30 48 0.025718288 
308 708 23 52 0.025148692 
310 1088 28 50 0.024654964 
46 1008 94 133 0.023905357 
485 1028 30 53 0.0233525 
346 1086 28 34 0.023137795 
354 1098 8 10 0.023131846 
-130 -17 66 209 0.022362266 
779 76 48 87 0.022282988 
36 1114 60 64 0.021488786 
150 1070 9 13 0.021222716 
487 387 58 89 0.021082338 
802 1084 27 49 0.020985544 
391 1236 11 21 0.020958642 
-138 -5 156 447 0.020749414 
208 1036 6 8 0.020265508 
781 1092 29 56 0.020228127 
