21_Festival_Festival_21_797
122
835 159 38 53 0.99981576 
502 254 52 73 0.9985734 
639 125 110 135 0.9978638 
169 290 46 52 0.9978155 
422 216 49 63 0.99242437 
315 321 52 69 0.9866779 
86 245 47 58 0.98592204 
291 232 54 69 0.9844376 
288 197 25 43 0.978114 
782 285 53 63 0.94463116 
101 334 49 60 0.91411895 
42 183 21 43 0.9122912 
184 77 22 39 0.5485054 
108 190 29 35 0.542161 
661 63 44 53 0.30805898 
764 52 27 44 0.22859256 
534 159 15 18 0.16006397 
133 447 22 25 0.12063082 
141 68 33 40 0.11337122 
935 -1 22 22 0.10800045 
469 98 15 21 0.098250076 
805 33 50 44 0.090455696 
284 82 23 25 0.08536312 
178 98 13 20 0.0790047 
920 144 37 40 0.07055885 
503 197 39 53 0.06753012 
270 303 39 43 0.06669291 
75 172 15 28 0.06486615 
930 211 14 24 0.06142989 
966 158 12 21 0.06053065 
964 145 13 20 0.056759194 
925 40 19 22 0.05549515 
918 149 13 17 0.052486517 
298 196 37 50 0.05188984 
954 11 26 39 0.05029747 
334 160 19 24 0.049714305 
144 152 15 21 0.047242973 
163 80 31 38 0.046650093 
126 194 21 25 0.045996644 
200 200 23 48 0.045313723 
205 210 12 27 0.044366777 
909 48 17 22 0.04434145 
484 64 26 37 0.04196306 
435 353 63 64 0.04168828 
908 161 25 42 0.040981006 
719 73 33 55 0.040842753 
919 156 16 21 0.040127836 
898 35 12 14 0.03958542 
61 237 15 20 0.039501876 
338 216 32 51 0.039373223 
472 82 27 41 0.039247535 
801 74 13 19 0.03775175 
935 140 19 18 0.03745817 
331 192 36 49 0.037216168 
716 47 26 47 0.036829535 
828 54 30 36 0.03658556 
819 305 43 47 0.036255073 
917 127 16 23 0.033981405 
933 158 19 24 0.033451647 
260 77 30 37 0.03335262 
587 93 10 14 0.03255041 
359 191 15 23 0.032287385 
911 141 14 22 0.03225769 
153 32 38 36 0.032223444 
785 60 28 39 0.030689271 
471 112 18 26 0.030349908 
741 44 21 28 0.03004037 
818 207 33 39 0.02981857 
162 291 13 23 0.029391238 
307 308 31 46 0.029371785 
932 32 19 23 0.029239286 
899 127 22 37 0.02864394 
789 32 36 42 0.028328594 
849 49 19 24 0.027901635 
909 130 30 41 0.027716443 
244 1283 86 59 0.027315078 
447 149 14 17 0.027170775 
72 188 15 26 0.026865447 
847 18 31 43 0.026749406 
853 640 45 53 0.026666962 
147 138 16 25 0.026413595 
756 58 18 27 0.02583593 
368 130 9 15 0.025775917 
604 79 11 18 0.025755797 
506 221 20 33 0.025412021 
466 96 12 14 0.025185058 
505 33 46 39 0.024634985 
736 40 48 69 0.024611406 
262 50 18 25 0.023917377 
538 106 14 19 0.02366227 
165 79 17 22 0.023411287 
491 89 13 18 0.02340345 
136 92 20 24 0.023325263 
170 327 12 15 0.023084955 
157 281 28 44 0.023057504 
776 156 28 39 0.023013612 
510 41 20 21 0.022816459 
558 74 28 38 0.02278923 
783 170 26 47 0.022671709 
622 42 32 47 0.022662444 
772 -1 33 40 0.022476133 
45 301 30 40 0.022326602 
86 166 26 43 0.022276288 
279 258 42 52 0.022082739 
93 206 11 16 0.022051562 
733 72 15 21 0.021932539 
123 71 14 18 0.021871176 
146 296 33 45 0.021841563 
169 107 15 18 0.021829972 
338 167 30 47 0.021610674 
293 51 30 38 0.021532878 
259 58 30 36 0.021466248 
927 24 16 19 0.021271743 
153 62 20 23 0.021248717 
348 167 12 15 0.021199826 
788 294 25 36 0.021173097 
434 293 12 18 0.021032613 
387 194 24 35 0.021009237 
151 130 13 21 0.020676497 
101 188 21 29 0.02061037 
898 177 21 30 0.020462312 
440 82 17 19 0.020352013 
