21_Festival_Festival_21_275
2339
967 330 16 19 0.97805095 
686 230 10 14 0.9764801 
751 227 10 14 0.97512686 
998 346 17 20 0.9534623 
919 350 10 11 0.9265159 
883 343 7 9 0.9119775 
867 346 9 12 0.7697843 
861 345 9 10 0.7691102 
239 283 25 33 0.6816114 
258 264 31 55 0.6791996 
956 230 6 11 0.5141496 
924 346 8 10 0.49671355 
913 337 10 11 0.49176976 
876 332 7 8 0.46701247 
902 347 9 12 0.43772793 
945 351 10 12 0.43478656 
788 99 8 10 0.4214187 
706 238 9 11 0.41549233 
946 344 10 11 0.40855277 
569 343 24 20 0.40015462 
512 321 20 25 0.3962445 
730 238 9 10 0.38613653 
688 107 8 10 0.38377678 
711 113 9 11 0.35876808 
704 218 8 11 0.3544311 
14 200 50 66 0.32886815 
899 386 9 14 0.321782 
351 298 22 38 0.31864467 
961 393 13 17 0.31838185 
991 403 22 20 0.30402595 
199 355 37 47 0.28895506 
1007 231 6 9 0.28358608 
136 210 21 31 0.2761946 
747 126 9 11 0.2675899 
450 339 35 24 0.2538375 
197 459 31 23 0.25290814 
392 374 48 44 0.2484449 
445 501 17 22 0.24654114 
695 61 11 14 0.24234697 
893 334 9 11 0.22108342 
691 196 11 14 0.21432921 
889 333 8 10 0.212574 
882 333 7 8 0.20762458 
723 127 7 9 0.2008597 
870 155 6 8 0.19067109 
872 334 6 7 0.18654099 
675 458 10 18 0.18512598 
707 68 10 12 0.18411465 
643 224 7 12 0.1824015 
706 56 14 17 0.17693657 
869 341 7 9 0.17581601 
620 336 21 19 0.17426614 
659 153 7 8 0.1724555 
717 239 9 9 0.1662249 
846 377 6 9 0.1587845 
831 367 7 8 0.15676673 
674 236 10 12 0.1559064 
837 348 6 7 0.15536875 
844 78 10 15 0.15385252 
835 348 5 6 0.15334833 
737 98 8 8 0.15294668 
658 98 6 8 0.15266077 
736 122 9 9 0.1466999 
742 97 7 8 0.14609498 
762 263 7 11 0.14239348 
875 345 8 10 0.14194039 
792 136 9 9 0.14121105 
771 193 12 16 0.14046793 
666 96 6 8 0.13850155 
888 340 8 10 0.13775791 
702 468 13 18 0.13630895 
810 95 9 10 0.13607602 
640 198 8 13 0.1336601 
869 422 8 9 0.13312146 
927 364 12 15 0.1324112 
673 43 31 26 0.13044384 
736 338 9 11 0.12723246 
666 110 6 9 0.12448444 
714 337 12 11 0.12225578 
836 352 7 10 0.12132938 
791 214 18 20 0.11999059 
972 213 5 7 0.11757125 
361 300 29 32 0.11737079 
737 217 8 9 0.11646898 
737 2 6 7 0.11564478 
136 326 24 20 0.11527922 
664 147 9 10 0.113868944 
671 219 7 9 0.11354883 
730 98 5 7 0.112721555 
404 142 7 7 0.11270668 
532 336 14 14 0.111374885 
703 458 13 19 0.11108996 
854 391 5 8 0.110029645 
852 347 4 7 0.109605804 
706 197 12 14 0.10889436 
651 477 15 27 0.10852547 
313 340 12 12 0.10626352 
840 405 6 9 0.10427664 
624 260 8 10 0.10196717 
302 53 6 7 0.10196123 
724 198 8 10 0.101156525 
833 394 5 6 0.100655064 
571 528 13 18 0.09992642 
621 288 11 10 0.09677004 
740 338 12 12 0.09676187 
709 252 7 8 0.09604139 
716 302 9 10 0.09558769 
741 85 7 7 0.09557209 
679 271 7 9 0.095541954 
742 123 9 10 0.09489084 
623 508 12 17 0.094769135 
732 86 6 6 0.09460425 
750 111 6 7 0.09458972 
908 337 9 11 0.094042584 
749 214 7 8 0.093933165 
307 316 100 95 0.09291544 
307 339 24 21 0.09226906 
956 265 4 7 0.09196439 
700 43 13 10 0.09143107 
654 98 6 7 0.09030411 
940 342 9 10 0.090123646 
330 301 50 55 0.09005123 
843 89 10 15 0.08990962 
735 86 8 7 0.08980774 
474 351 13 11 0.089052625 
756 62 4 5 0.08883818 
196 467 13 14 0.08807313 
659 203 8 10 0.08726835 
902 338 7 10 0.08691449 
748 104 7 8 0.08618002 
745 99 7 7 0.08559262 
916 403 8 12 0.08463472 
691 426 5 6 0.084548414 
773 275 7 8 0.084482975 
744 8 9 8 0.08285835 
712 53 11 10 0.082631715 
739 235 10 12 0.08199484 
701 61 11 16 0.08119673 
765 440 23 20 0.08116573 
645 109 6 7 0.08080925 
767 99 7 6 0.080576785 
599 505 11 17 0.08002003 
789 289 6 9 0.07996038 
765 339 8 13 0.0796094 
729 307 10 12 0.078758456 
873 357 9 12 0.078691214 
710 90 8 10 0.07806128 
736 20 9 9 0.077669434 
653 105 5 7 0.07709928 
622 380 27 26 0.07666715 
644 179 7 10 0.07651852 
427 322 10 9 0.076394126 
658 118 7 8 0.0762013 
805 190 12 15 0.07611282 
800 109 8 9 0.075165614 
735 16 9 8 0.075130336 
442 312 33 26 0.074717015 
348 354 86 79 0.074034296 
700 322 14 14 0.07392168 
807 85 6 6 0.0734176 
873 351 9 11 0.0733066 
999 232 5 6 0.07328915 
667 317 7 7 0.07298531 
98 595 11 13 0.07295237 
847 348 5 6 0.07270868 
755 213 8 10 0.07246537 
763 99 6 6 0.072359584 
761 105 6 6 0.072107546 
929 333 6 8 0.072076954 
668 472 6 10 0.072035395 
995 232 4 6 0.071864285 
409 143 5 6 0.07181659 
873 284 3 5 0.07145076 
846 352 5 8 0.07125912 
676 336 11 12 0.071176335 
966 208 5 7 0.0711234 
934 405 8 10 0.07048902 
767 29 33 24 0.07048493 
761 66 5 6 0.07047453 
824 84 9 12 0.07026238 
745 448 8 11 0.07007885 
672 465 7 14 0.069758095 
970 211 4 8 0.06968044 
41 341 182 203 0.0695004 
741 92 6 6 0.06941794 
825 340 5 7 0.06936716 
385 132 3 5 0.069308385 
716 27 8 8 0.069069564 
755 105 6 7 0.0689567 
667 103 6 8 0.0689446 
737 435 7 11 0.06867184 
873 279 3 4 0.068448715 
658 135 9 11 0.06768693 
712 8 6 6 0.067446366 
874 272 3 5 0.0673676 
733 32 10 9 0.0673617 
301 322 55 49 0.067332335 
665 218 6 8 0.06733088 
737 65 7 6 0.0664382 
142 279 21 25 0.06625125 
728 103 6 7 0.06573786 
647 106 5 7 0.065651916 
662 199 10 12 0.065409675 
896 315 5 7 0.065294914 
131 312 50 46 0.064986564 
931 180 4 7 0.06492254 
902 355 8 12 0.064353816 
774 245 6 8 0.06421086 
758 65 5 6 0.064127356 
425 256 8 9 0.063917 
735 256 8 9 0.063691534 
121 462 20 32 0.06368648 
845 122 9 10 0.06350014 
677 211 9 9 0.063452974 
292 54 3 5 0.0634349 
688 143 11 9 0.0632227 
754 53 7 7 0.06274641 
690 216 8 10 0.062615626 
419 489 11 16 0.06260491 
694 26 11 8 0.06252217 
603 332 42 34 0.0625133 
830 246 6 7 0.061893597 
855 104 7 8 0.061645832 
653 180 6 9 0.06160024 
947 232 5 9 0.061451755 
536 315 10 11 0.061040215 
748 114 8 9 0.060945414 
720 242 10 9 0.06085766 
653 109 5 7 0.060797624 
659 216 9 10 0.06068248 
867 422 6 8 0.06059635 
742 79 7 6 0.06057219 
898 347 7 9 0.06048601 
310 411 41 54 0.060440935 
696 236 8 10 0.060183644 
786 190 12 17 0.060137376 
469 334 30 28 0.059767332 
766 114 7 9 0.05951615 
811 352 7 11 0.059434686 
948 257 4 7 0.058947057 
379 295 213 157 0.05891365 
645 549 10 9 0.05890032 
79 107 4 4 0.05885537 
475 485 9 14 0.0585811 
617 55 30 21 0.05856151 
866 117 5 8 0.058354054 
823 251 8 10 0.058308095 
873 293 3 3 0.058077056 
644 257 6 9 0.05807408 
193 279 4 6 0.05783564 
311 314 8 11 0.057790305 
729 435 7 11 0.05737737 
634 46 14 11 0.057364967 
773 100 6 6 0.057284523 
789 300 7 11 0.057250332 
670 102 6 8 0.057161644 
271 184 3 4 0.05715723 
619 286 25 23 0.05705996 
789 308 7 10 0.056931935 
659 103 5 7 0.056631915 
741 75 7 6 0.056324307 
824 178 6 10 0.05629799 
798 124 7 9 0.05629248 
579 346 30 23 0.05624058 
623 45 29 20 0.056115374 
959 333 9 13 0.05610331 
295 42 4 5 0.056009613 
243 96 9 12 0.055963974 
852 206 5 8 0.055935185 
736 92 7 6 0.055917375 
571 525 6 10 0.0558558 
808 351 6 11 0.055702914 
736 103 7 7 0.05547438 
707 158 8 11 0.055462945 
728 74 7 5 0.0553302 
228 230 11 16 0.055039365 
2 327 31 35 0.054319285 
687 425 4 5 0.054292455 
761 29 9 7 0.054179568 
764 403 7 10 0.05403924 
293 43 3 4 0.053965453 
54 97 4 7 0.05394596 
846 73 7 10 0.05390915 
277 182 3 5 0.053788334 
386 283 25 29 0.05374108 
647 462 7 14 0.05357776 
678 103 6 8 0.053470675 
868 158 8 13 0.05345491 
776 73 6 6 0.053385615 
745 44 10 9 0.053192556 
931 211 4 8 0.05310462 
941 174 5 9 0.053052083 
69 264 26 29 0.052897777 
248 264 23 43 0.052857645 
639 499 7 12 0.052808896 
729 2 7 7 0.05272701 
742 285 4 6 0.052700955 
787 243 9 10 0.05268679 
873 267 3 4 0.05266854 
622 56 15 10 0.05259276 
293 53 5 6 0.052483257 
295 87 5 6 0.052478228 
677 221 9 12 0.052369237 
266 185 3 4 0.052316263 
741 4 8 6 0.052254256 
931 357 11 14 0.052135196 
559 447 29 26 0.05199012 
544 537 16 19 0.051957346 
56 94 3 6 0.051812638 
451 273 22 28 0.051635973 
782 237 7 10 0.051505893 
763 111 8 8 0.051503763 
765 15 10 8 0.051412303 
492 214 56 41 0.051315486 
367 483 20 25 0.051199056 
601 511 16 28 0.050955325 
805 116 8 8 0.050861817 
645 122 8 10 0.050783396 
708 42 9 7 0.050716672 
200 471 27 29 0.050716635 
868 279 2 5 0.05045511 
1015 470 11 22 0.050403897 
727 6 8 8 0.050376166 
754 193 11 15 0.0503506 
665 122 7 9 0.05019032 
220 633 11 14 0.05018567 
708 20 9 8 0.050167244 
14 381 106 146 0.050165527 
483 82 21 36 0.050141785 
760 33 10 7 0.050017193 
752 45 99 87 0.04991707 
650 98 4 6 0.049829513 
374 487 11 13 0.04962452 
421 318 23 21 0.04957909 
330 361 30 30 0.049573407 
930 161 4 6 0.049558453 
278 478 5 5 0.04955528 
915 345 10 12 0.04955114 
845 381 7 11 0.049548388 
359 455 43 51 0.049514722 
385 144 4 6 0.0494938 
730 214 6 7 0.04945272 
789 276 5 7 0.049438935 
723 45 9 9 0.04943038 
428 373 41 47 0.049416468 
742 331 15 13 0.04935099 
939 395 9 11 0.049250975 
704 102 7 8 0.04924852 
789 264 5 7 0.049232412 
956 257 4 7 0.04920045 
390 333 81 73 0.049197793 
723 432 10 14 0.049020972 
643 261 9 14 0.048998166 
647 115 6 9 0.048936922 
738 192 11 14 0.04893175 
767 238 7 9 0.048810173 
393 125 3 4 0.04875401 
682 272 8 11 0.04857589 
892 279 3 4 0.048560772 
1007 242 6 11 0.048542436 
514 286 13 12 0.048503663 
793 118 6 7 0.048495382 
824 125 8 8 0.048486914 
704 275 5 9 0.04829559 
451 309 47 44 0.048236918 
387 127 3 3 0.04822041 
687 483 12 16 0.048174515 
552 271 32 25 0.04812195 
467 346 16 12 0.048103005 
646 185 6 9 0.047927458 
729 217 9 10 0.047835972 
385 137 3 5 0.04768058 
779 54 27 21 0.0476591 
524 319 24 26 0.047657926 
859 109 6 7 0.047535814 
297 185 2 4 0.047451 
871 364 8 13 0.047413014 
751 61 5 5 0.047402356 
839 225 5 6 0.047389776 
478 403 49 50 0.047227193 
71 143 28 26 0.047142584 
708 102 8 9 0.047104474 
929 157 4 6 0.047086712 
767 306 9 12 0.047078095 
702 228 11 13 0.047045536 
426 326 51 42 0.04700997 
887 305 3 3 0.046868898 
755 36 8 6 0.046702255 
812 169 5 8 0.04669502 
938 310 3 5 0.046641454 
136 273 48 50 0.04662429 
718 1 22 18 0.046593867 
451 242 54 56 0.046504673 
644 173 7 9 0.04649476 
879 321 4 6 0.046387203 
634 337 15 15 0.046236105 
643 106 5 6 0.046153914 
724 42 6 6 0.046049673 
764 275 199 173 0.045946762 
773 239 6 8 0.045924235 
73 107 3 4 0.045915548 
839 91 7 11 0.045882724 
1005 253 7 12 0.045867044 
944 259 3 6 0.045835957 
117 344 55 54 0.045777503 
913 287 3 4 0.045751255 
292 48 3 4 0.045721255 
727 58 26 20 0.04566457 
81 1 16 11 0.045625832 
562 321 28 26 0.045577623 
807 122 7 8 0.045559373 
243 449 22 27 0.045526914 
137 125 5 5 0.04552003 
1014 458 4 6 0.045479983 
669 76 10 12 0.04544019 
707 221 8 12 0.045411773 
768 270 7 10 0.0454099 
874 298 3 3 0.04533269 
879 285 3 4 0.0453274 
847 344 4 5 0.04531997 
706 322 20 22 0.045270905 
819 338 6 10 0.04524887 
722 213 9 10 0.04517234 
708 95 9 10 0.04505392 
687 422 4 4 0.04497656 
296 36 4 5 0.04490193 
826 246 6 7 0.04489026 
664 214 6 8 0.04479192 
403 139 7 6 0.04465651 
892 306 3 3 0.044578485 
313 58 5 7 0.044574708 
393 139 4 5 0.04452636 
260 36 3 5 0.04449382 
496 348 96 94 0.044465825 
927 342 7 9 0.044410676 
851 353 5 7 0.04438995 
294 46 5 6 0.044333473 
293 73 6 6 0.044231027 
651 361 40 41 0.044196583 
702 35 9 7 0.04407436 
734 111 8 8 0.04401318 
923 130 4 6 0.043850493 
951 271 3 5 0.04383861 
802 97 5 8 0.043733675 
742 116 7 8 0.04359873 
682 321 9 9 0.04355605 
56 120 93 94 0.043544237 
850 92 7 9 0.043513454 
776 385 7 10 0.043512154 
653 138 8 12 0.0434055 
632 505 7 11 0.043395948 
931 174 5 9 0.04334763 
458 263 17 26 0.0433385 
667 47 8 8 0.04328031 
496 378 43 42 0.043280266 
643 71 10 8 0.043235675 
740 13 10 9 0.04322198 
677 204 9 10 0.043184776 
378 303 31 29 0.04313588 
393 143 4 5 0.04305806 
735 117 9 9 0.04304409 
722 77 8 7 0.0429632 
768 72 7 6 0.042958416 
669 365 9 10 0.04291233 
758 45 22 24 0.042902928 
841 344 4 4 0.0428737 
521 248 91 76 0.042819656 
266 187 3 5 0.042791076 
816 55 19 28 0.04278656 
936 188 4 6 0.04274174 
732 233 11 12 0.042635065 
729 40 8 8 0.042602114 
272 631 20 37 0.042580087 
411 252 10 8 0.0425134 
962 220 4 7 0.042459454 
851 73 6 6 0.042438924 
867 285 3 4 0.04236438 
698 430 5 6 0.042351127 
558 225 26 20 0.042321403 
931 311 3 4 0.04231313 
863 201 5 6 0.04230716 
739 60 9 8 0.04225826 
373 167 6 9 0.04222688 
641 187 6 8 0.042220227 
706 308 6 7 0.04221337 
644 220 7 10 0.041958462 
841 292 3 4 0.041941337 
670 29 25 28 0.041822847 
507 280 24 21 0.041799657 
664 329 11 13 0.041673828 
620 293 12 12 0.04162281 
730 116 7 8 0.041583404 
635 64 13 10 0.04157947 
243 456 8 12 0.041553058 
314 47 5 5 0.041548878 
276 480 8 9 0.041535944 
743 124 18 18 0.041535426 
948 253 4 6 0.04152438 
693 477 10 15 0.041521497 
866 266 3 4 0.041440308 
639 149 6 8 0.04128491 
867 293 2 3 0.04124208 
399 142 4 6 0.041236114 
189 323 40 41 0.041213434 
736 42 24 19 0.041198514 
826 347 5 7 0.041147042 
865 310 4 5 0.04113134 
653 174 6 8 0.041069914 
437 279 11 12 0.040981393 
675 268 17 21 0.040939588 
876 141 7 9 0.04089306 
898 306 3 3 0.04085177 
886 248 3 4 0.04081972 
807 101 8 10 0.040818036 
659 359 21 21 0.040814944 
669 174 11 12 0.040725138 
802 214 12 13 0.04067729 
669 144 8 7 0.04066369 
705 11 6 5 0.040646926 
821 336 6 8 0.04063835 
795 124 6 6 0.04061083 
854 344 3 5 0.04059103 
143 331 28 23 0.040566694 
639 137 7 8 0.040518027 
960 329 7 9 0.040486142 
370 178 6 9 0.04046647 
819 161 6 7 0.04044127 
758 137 7 7 0.04040835 
715 33 9 7 0.04027998 
719 453 11 16 0.040277697 
950 266 3 5 0.04020768 
648 436 5 6 0.040158156 
867 273 2 4 0.04007089 
752 429 9 11 0.040063586 
701 26 9 7 0.040053263 
805 27 10 10 0.040038876 
790 335 10 15 0.040034384 
454 314 15 12 0.04002478 
846 393 5 6 0.039967895 
809 212 12 14 0.039893493 
382 132 3 5 0.03985771 
804 334 8 10 0.039838392 
873 331 4 6 0.0398219 
937 200 4 7 0.03978367 
776 14 35 31 0.039782703 
684 129 6 7 0.039769024 
302 57 6 8 0.039763376 
735 39 10 9 0.03974223 
960 225 5 10 0.039704673 
923 126 4 5 0.039701078 
723 323 22 23 0.039660413 
282 478 6 7 0.03965518 
399 139 4 5 0.03964109 
271 188 2 4 0.03962866 
731 92 6 6 0.03954959 
31 516 51 43 0.039523553 
872 151 5 8 0.039514087 
886 279 3 4 0.03950901 
852 387 5 7 0.039498404 
455 345 19 14 0.03949659 
969 220 4 7 0.039454993 
313 54 5 7 0.039454263 
717 7 8 8 0.03937351 
812 346 7 10 0.039355244 
827 367 6 8 0.039346315 
630 14 216 149 0.039293047 
652 326 18 19 0.039211653 
774 262 7 9 0.039193593 
851 416 7 12 0.039154552 
367 179 5 8 0.03915198 
863 207 5 7 0.03909776 
878 278 3 4 0.039079204 
995 469 4 7 0.03903954 
820 62 8 13 0.039026238 
657 357 12 12 0.039025787 
767 67 7 7 0.039014246 
651 471 10 18 0.038978707 
846 293 4 4 0.038918585 
78 605 13 14 0.038846575 
944 213 3 7 0.038832776 
875 234 3 5 0.038801376 
650 33 102 84 0.03876392 
864 234 4 6 0.038761523 
756 291 4 6 0.038750395 
276 475 23 26 0.03874488 
860 201 5 6 0.03870842 
730 15 7 6 0.038596135 
744 290 4 6 0.038588397 
756 295 4 6 0.038478203 
676 195 11 14 0.0384687 
368 223 46 41 0.038454957 
315 44 4 4 0.038310323 
392 254 44 40 0.03827262 
717 234 8 8 0.038192596 
727 128 7 10 0.038164563 
856 210 9 12 0.038161714 
499 334 27 25 0.038132127 
334 399 44 56 0.038123313 
753 274 7 9 0.03809858 
15 341 24 31 0.038096536 
362 507 7 10 0.03809257 
696 22 10 8 0.038078453 
710 335 21 21 0.038049597 
245 357 93 107 0.037931472 
587 285 29 20 0.03786669 
345 511 42 46 0.03786626 
694 41 13 10 0.0377729 
320 434 23 28 0.03770557 
698 437 5 7 0.037609223 
932 280 2 4 0.037603308 
767 104 7 7 0.03759366 
737 7 8 6 0.037532203 
924 273 3 4 0.037505493 
704 513 15 9 0.037480094 
73 101 2 4 0.037416294 
964 206 4 6 0.03738041 
919 336 8 10 0.037367485 
249 478 24 26 0.037361097 
684 429 7 8 0.03734776 
935 180 4 7 0.037346978 
283 314 22 27 0.037325475 
878 273 3 5 0.037314054 
635 435 4 4 0.037274174 
381 488 8 11 0.03727406 
833 344 4 4 0.037260447 
302 49 5 6 0.037236214 
239 397 49 55 0.03715756 
317 284 19 31 0.03713126 
691 25 59 49 0.03712425 
917 312 3 4 0.037069283 
136 107 4 5 0.0370586 
85 106 4 4 0.037026472 
747 7 85 70 0.03700008 
274 423 36 44 0.036993954 
373 499 22 27 0.036991354 
204 294 9 13 0.036895085 
800 197 9 13 0.03686862 
892 286 3 4 0.036848005 
730 111 6 7 0.03676624 
717 14 7 7 0.03676411 
722 250 8 7 0.036751695 
523 476 8 8 0.036747046 
260 260 67 89 0.036733136 
196 291 20 28 0.0367242 
278 179 3 3 0.036700137 
80 102 3 3 0.036616933 
912 300 3 4 0.036592767 
949 205 4 7 0.0365922 
772 233 7 9 0.036584295 
749 54 7 6 0.036573265 
717 401 4 5 0.03656556 
719 333 12 12 0.036465976 
951 341 9 12 0.03644377 
702 19 24 21 0.03641871 
608 395 41 46 0.036318026 
1016 405 9 12 0.036308315 
1006 237 6 10 0.036303826 
292 37 3 3 0.036265038 
89 377 38 47 0.03626374 
747 269 10 12 0.03617166 
248 475 8 9 0.036147833 
405 510 12 15 0.036135275 
679 2 6 5 0.036127422 
481 352 14 10 0.035967916 
397 249 31 22 0.03596668 
82 150 8 8 0.03592843 
408 313 45 39 0.0359121 
936 194 5 7 0.03589579 
957 203 3 5 0.03589499 
232 216 25 32 0.035886716 
841 65 5 7 0.035879705 
826 279 4 5 0.035875063 
72 113 3 4 0.035872847 
795 138 11 10 0.0358617 
879 299 2 3 0.035828106 
644 476 36 46 0.035817564 
773 103 6 7 0.03574383 
64 240 50 44 0.035737857 
270 195 4 6 0.035723675 
703 449 7 10 0.035699088 
705 16 7 6 0.035697017 
624 206 12 14 0.035691794 
708 306 9 10 0.03567459 
162 609 21 25 0.035658445 
931 167 4 8 0.035585307 
960 266 3 5 0.03555566 
193 439 50 49 0.035553377 
648 433 5 5 0.035530422 
625 415 11 13 0.0354707 
731 81 5 4 0.03546618 
342 434 46 54 0.03545455 
669 60 10 10 0.035451878 
460 402 95 91 0.035450745 
650 94 4 6 0.035450183 
992 345 10 14 0.03544347 
778 275 7 9 0.03538774 
596 350 15 13 0.035381675 
837 394 5 6 0.035329465 
897 310 4 6 0.035295155 
647 166 8 10 0.035286557 
710 26 9 7 0.035285383 
117 559 5 7 0.03527934 
336 395 88 112 0.03521198 
598 198 12 11 0.035153717 
671 110 6 9 0.035139546 
295 331 26 29 0.035116445 
656 474 10 15 0.03510892 
670 36 11 11 0.035086464 
847 368 5 7 0.035064694 
653 198 8 10 0.035040073 
686 26 25 19 0.035023145 
687 38 25 19 0.035007138 
336 67 4 6 0.03498884 
823 214 9 12 0.034984957 
819 405 6 8 0.034954853 
761 92 6 5 0.034897603 
128 473 8 14 0.0348541 
863 149 6 7 0.03479972 
840 72 6 9 0.03479959 
722 34 6 6 0.03479181 
864 194 5 7 0.03478903 
931 194 4 7 0.03472606 
849 79 6 9 0.034725737 
663 364 10 10 0.034689568 
12 599 11 14 0.03468861 
930 253 4 5 0.034684654 
879 319 3 4 0.03465741 
730 258 7 8 0.034640346 
724 264 7 8 0.034635387 
615 44 16 12 0.034631062 
833 358 6 8 0.034624435 
673 285 5 8 0.034562483 
998 475 5 7 0.034548074 
855 417 8 11 0.034464225 
789 284 6 8 0.034353945 
917 212 4 8 0.034340706 
932 298 2 4 0.034322523 
150 292 52 49 0.034299728 
1002 246 16 26 0.0342685 
128 194 42 43 0.034250207 
760 37 10 9 0.034238927 
963 204 3 4 0.03423558 
878 341 7 8 0.03422861 
533 325 12 13 0.034224812 
944 265 3 5 0.034142368 
434 269 9 10 0.034134835 
521 332 13 16 0.034122206 
677 110 6 7 0.03408327 
238 464 22 27 0.03400638 
1017 457 5 8 0.03397467 
207 292 5 8 0.033965725 
375 247 32 22 0.033961408 
301 36 4 4 0.033919215 
866 121 5 8 0.033917386 
372 504 8 11 0.0339083 
266 391 46 56 0.03388872 
970 232 5 8 0.03388755 
766 263 7 10 0.033876464 
845 65 6 7 0.03386561 
887 301 2 2 0.033835366 
857 413 39 45 0.03379916 
296 188 4 5 0.03377849 
739 284 5 6 0.033759862 
861 213 7 9 0.033722498 
727 45 10 11 0.03371298 
268 489 6 6 0.033691976 
744 393 6 5 0.033678498 
757 229 9 12 0.033677343 
20 472 87 91 0.033621415 
762 449 8 9 0.03359293 
601 350 45 42 0.033591382 
751 67 5 5 0.033578053 
913 260 2 4 0.033572257 
918 267 3 4 0.033564176 
867 331 4 5 0.03354718 
295 369 84 103 0.033541895 
766 230 10 11 0.033541124 
262 36 4 5 0.03353472 
53 103 4 7 0.03352868 
707 166 9 13 0.033486605 
691 16 7 6 0.033455856 
807 81 5 6 0.03344918 
696 217 8 10 0.033439178 
827 141 7 9 0.033434752 
706 112 18 20 0.03342864 
14 560 23 22 0.033418316 
867 298 2 4 0.03336888 
879 305 2 4 0.03332866 
835 225 5 6 0.03331845 
923 299 3 4 0.033314668 
132 517 35 53 0.033295974 
973 218 4 8 0.03329031 
641 116 6 8 0.033283416 
545 418 50 44 0.033276655 
762 444 8 9 0.033271063 
528 305 25 25 0.03320776 
490 444 48 46 0.033167437 
710 300 9 10 0.033163514 
34 216 28 32 0.033152215 
879 266 2 4 0.033127066 
537 193 6 8 0.033096723 
670 44 11 12 0.033094775 
833 273 5 6 0.033092238 
295 60 4 6 0.033074163 
917 286 3 4 0.033036746 
840 306 3 4 0.032977022 
761 14 9 8 0.03294618 
713 5 6 5 0.032936182 
549 345 11 13 0.03288862 
825 354 7 8 0.032873105 
37 324 26 28 0.032861013 
519 567 12 14 0.032855626 
757 92 6 6 0.032840382 
670 196 10 13 0.032839276 
871 188 5 7 0.032825224 
911 113 4 6 0.0328076 
645 37 12 10 0.032782923 
671 92 7 7 0.032742243 
860 298 3 3 0.032741882 
930 259 4 5 0.032710794 
725 98 6 7 0.032695282 
723 270 7 9 0.032673374 
678 48 17 14 0.032648034 
746 21 8 7 0.032639354 
398 125 3 4 0.032582782 
352 307 91 76 0.032578383 
556 484 8 10 0.032567758 
391 381 81 99 0.03256546 
729 394 5 6 0.032548487 
885 273 3 4 0.032531 
966 406 8 12 0.032467324 
-2 282 57 58 0.032441035 
393 122 3 3 0.032437563 
761 296 5 7 0.0324339 
788 259 6 7 0.032422617 
789 295 6 9 0.03241826 
847 298 3 4 0.03239799 
717 104 6 8 0.032367785 
1006 337 11 14 0.032361306 
861 285 3 4 0.03235742 
786 223 19 24 0.032308325 
554 179 20 30 0.032285955 
939 407 8 10 0.032283306 
753 109 6 8 0.03227554 
137 130 5 8 0.032266602 
747 28 8 6 0.032237068 
802 95 18 20 0.032224372 
307 54 6 7 0.0322197 
924 304 3 5 0.03220587 
956 328 5 7 0.03217573 
789 271 6 7 0.032169286 
742 34 9 7 0.032158017 
264 447 22 26 0.03215711 
260 486 9 9 0.032151572 
835 306 3 4 0.032150898 
130 396 89 104 0.03214949 
884 433 46 46 0.032147706 
969 265 4 5 0.032146543 
680 189 17 23 0.032110903 
140 111 5 6 0.032093283 
934 213 5 7 0.032082904 
761 10 6 6 0.03207215 
946 404 8 11 0.032065358 
819 104 7 7 0.032047026 
331 365 49 58 0.03204178 
869 142 7 8 0.03201327 
837 130 6 7 0.031995114 
593 306 12 10 0.031987514 
943 227 3 5 0.03197336 
718 2 7 6 0.031953473 
716 41 7 7 0.03194142 
697 289 5 7 0.031904142 
136 111 5 5 0.031899385 
831 117 7 7 0.03189434 
942 169 4 7 0.03188412 
704 403 42 51 0.03185974 
85 103 3 3 0.031826895 
-9 220 76 97 0.03181648 
995 475 4 7 0.031813476 
762 257 8 11 0.031810287 
552 328 24 27 0.031803764 
460 303 8 7 0.031796362 
104 444 19 30 0.031774484 
893 75 9 13 0.03174224 
620 411 24 24 0.031741697 
593 350 27 24 0.031723063 
384 303 50 44 0.03172158 
904 305 3 4 0.031698745 
665 38 9 9 0.031656325 
404 54 6 7 0.031623103 
728 397 7 7 0.03160718 
492 308 44 40 0.03158513 
852 67 5 5 0.03158395 
351 241 17 13 0.031577624 
673 214 6 6 0.03148284 
794 130 7 8 0.031430762 
944 272 3 4 0.031420283 
272 178 3 4 0.03138543 
304 91 5 5 0.031383183 
1002 269 5 8 0.031374235 
254 190 2 3 0.03137131 
676 71 10 9 0.03132478 
437 325 86 77 0.031292208 
284 184 2 4 0.03129175 
826 46 6 6 0.031282973 
683 153 23 19 0.031197296 
918 292 2 3 0.031197254 
834 277 4 6 0.031177215 
427 509 11 15 0.031173844 
820 169 5 6 0.031173486 
759 216 8 11 0.031139303 
641 307 39 42 0.03113107 
863 112 6 6 0.031125026 
105 320 47 51 0.031124748 
945 253 3 5 0.031113504 
478 316 29 27 0.031101685 
874 305 3 4 0.03109502 
651 77 6 7 0.03109158 
859 265 4 5 0.031029848 
507 469 22 24 0.031014688 
770 293 7 10 0.031012882 
657 157 10 12 0.031012207 
210 273 40 48 0.030996218 
381 127 2 3 0.030995745 
931 305 3 5 0.030991806 
135 301 27 34 0.030979281 
308 320 24 29 0.030970803 
371 660 6 9 0.030952537 
827 105 6 7 0.030944971 
879 293 3 3 0.030940369 
689 275 7 12 0.030939708 
956 270 3 5 0.030937308 
676 32 13 13 0.030935695 
785 235 10 11 0.030929271 
713 400 4 5 0.030908972 
655 206 6 9 0.03087844 
867 259 3 5 0.030860547 
382 442 44 53 0.030846843 
520 544 15 16 0.030834801 
671 129 6 8 0.030830186 
613 520 10 20 0.030826764 
830 105 7 7 0.030823503 
817 96 8 9 0.030811926 
775 68 7 6 0.030805731 
795 87 4 6 0.030801632 
340 349 30 30 0.03079487 
960 213 5 7 0.030758046 
329 62 4 4 0.030757135 
189 281 3 4 0.030750226 
820 175 5 7 0.030742818 
860 116 5 7 0.030737909 
851 210 7 11 0.03072692 
729 250 8 8 0.03069636 
413 149 4 6 0.03068804 
1010 407 10 12 0.030684054 
911 303 4 5 0.030679729 
737 0 4 4 0.030671962 
572 287 46 38 0.03066783 
214 244 9 8 0.030631134 
90 164 81 81 0.030624868 
749 4 7 5 0.030614397 
295 79 6 6 0.0306111 
285 243 413 300 0.030560479 
803 87 4 5 0.030553268 
649 420 4 5 0.030537417 
433 256 9 10 0.030537052 
130 468 6 10 0.030529039 
576 533 11 18 0.03051311 
886 286 2 3 0.030502126 
880 248 3 4 0.030454963 
699 10 7 5 0.03044905 
47 93 3 5 0.030430552 
840 222 4 6 0.03040235 
683 64 12 10 0.030392874 
90 441 81 110 0.030378608 
570 267 6 6 0.030340718 
779 308 7 9 0.030327806 
252 467 39 46 0.030305048 
427 261 7 9 0.03028115 
688 156 12 10 0.030274026 
182 262 43 52 0.030267533 
692 378 6 8 0.03026408 
140 125 7 7 0.030260809 
764 72 5 5 0.030257042 
1001 238 4 7 0.030220602 
668 180 13 14 0.03021376 
923 279 3 4 0.030186739 
80 94 3 3 0.030147813 
277 188 3 5 0.030146074 
738 6 23 18 0.030141868 
335 62 3 5 0.030137578 
532 8 6 7 0.030115973 
874 260 3 4 0.030107545 
656 37 10 10 0.030086322 
1001 456 3 6 0.03004052 
725 259 6 7 0.030020613 
722 340 23 27 0.02999615 
461 264 8 12 0.029972952 
707 344 21 23 0.029960414 
319 338 15 13 0.029953556 
695 109 8 9 0.029953139 
804 109 8 10 0.029951096 
830 408 9 10 0.029918788 
912 291 3 4 0.029915884 
774 333 9 12 0.029907743 
139 281 12 13 0.029901247 
302 42 4 4 0.029886175 
691 347 44 47 0.029840546 
401 210 45 43 0.029833348 
836 258 8 9 0.029804017 
506 110 5 8 0.029799828 
629 39 13 11 0.0297946 
751 338 11 11 0.029782722 
722 51 10 9 0.029761333 
301 66 5 7 0.029756632 
957 206 3 6 0.029731967 
73 94 3 4 0.029716028 
897 117 4 5 0.029713413 
245 467 6 9 0.02970198 
761 57 23 23 0.029691495 
874 254 3 4 0.029686056 
704 358 8 10 0.029682582 
699 426 4 6 0.029675081 
676 55 14 13 0.029668396 
675 78 11 10 0.029651219 
767 349 8 12 0.029638704 
917 260 4 4 0.029595098 
876 149 5 8 0.029583069 
903 117 4 6 0.029565778 
489 1 5 7 0.029561333 
248 464 10 11 0.029542556 
833 123 6 6 0.029534375 
598 556 58 46 0.029522387 
741 26 9 7 0.029513014 
271 315 48 51 0.029489247 
779 314 8 11 0.029482806 
722 12 8 9 0.029463 
750 291 5 5 0.029453347 
934 346 8 9 0.029440999 
54 144 47 55 0.029440064 
961 421 5 7 0.02943725 
7 54 20 28 0.029424464 
254 636 45 50 0.029405775 
697 224 7 11 0.029400535 
804 133 8 10 0.029375331 
994 229 3 5 0.029357255 
924 312 3 3 0.029352076 
314 174 5 7 0.029344682 
296 302 12 15 0.029342007 
892 291 3 4 0.029341869 
841 298 3 3 0.029341675 
728 122 8 9 0.029320015 
201 591 90 84 0.029316023 
417 150 5 6 0.029306356 
618 51 14 11 0.029301291 
298 401 24 29 0.029299399 
772 307 8 10 0.029297581 
419 363 29 32 0.02929521 
518 -2 187 172 0.029259082 
629 434 5 5 0.02923883 
393 132 2 4 0.029191438 
66 251 24 25 0.029178495 
853 202 4 6 0.02916969 
308 37 5 4 0.02915616 
780 294 6 10 0.029149616 
600 282 41 39 0.029136667 
738 75 6 5 0.029128142 
839 399 5 7 0.029126603 
714 44 23 21 0.029122435 
633 57 15 12 0.029114202 
739 423 6 8 0.029075358 
131 262 27 26 0.029054562 
822 256 6 9 0.029047245 
411 54 6 8 0.029046442 
846 285 4 4 0.02902809 
605 283 23 21 0.029025668 
861 234 5 6 0.028988391 
309 42 5 5 0.02898192 
765 38 12 10 0.028979443 
884 423 7 9 0.0289769 
686 116 7 8 0.028955782 
256 483 8 8 0.028928082 
670 166 8 9 0.028908178 
1009 458 3 5 0.028907312 
131 287 22 31 0.028896397 
198 479 7 8 0.028834136 
712 396 4 4 0.028831212 
691 373 6 9 0.028827904 
630 68 14 11 0.028823776 
438 368 77 90 0.028800355 
734 221 9 11 0.028794393 
327 314 31 32 0.028788442 
206 245 174 167 0.028782334 
761 53 9 9 0.028779084 
419 202 94 85 0.028776014 
668 416 3 3 0.028774727 
730 0 5 4 0.028747696 
365 489 7 8 0.028728662 
512 296 25 31 0.028702436 
564 547 20 28 0.028698515 
859 195 5 6 0.028697805 
654 421 3 4 0.028696511 
700 450 5 9 0.028668998 
347 490 78 89 0.028653394 
866 253 3 5 0.02864827 
239 184 4 4 0.028625516 
936 253 3 5 0.028609542 
218 251 6 6 0.028607436 
810 401 3 6 0.028596373 
718 189 17 23 0.028577644 
953 148 103 118 0.028575478 
42 66 88 98 0.028561823 
754 9 6 6 0.028561031 
273 454 9 12 0.028557856 
887 293 2 3 0.028550195 
976 419 5 8 0.028544873 
637 166 10 12 0.028527899 
254 358 49 55 0.028515946 
880 253 3 4 0.02851396 
659 315 18 20 0.028509978 
941 180 5 7 0.028478509 
731 20 8 8 0.028468266 
762 60 6 7 0.028447112 
846 305 4 4 0.028445162 
662 369 11 12 0.028420907 
704 109 8 10 0.028397106 
309 47 4 5 0.02839709 
847 271 5 5 0.028385645 
824 96 8 8 0.028380297 
640 332 21 21 0.028367227 
745 422 38 43 0.02835439 
249 290 25 41 0.028338825 
579 328 29 29 0.028326334 
728 332 10 12 0.028321339 
661 110 4 7 0.0283198 
58 97 4 8 0.028302042 
933 402 15 22 0.028277522 
514 477 11 13 0.028212018 
935 219 4 7 0.028209409 
266 612 43 51 0.028200543 
670 366 45 48 0.02819154 
905 293 3 3 0.028174974 
648 444 4 6 0.028173152 
323 348 30 31 0.02817028 
833 75 8 12 0.028167473 
678 326 8 9 0.028148156 
848 206 5 8 0.02814438 
649 259 12 14 0.028142402 
660 257 6 7 0.028133458 
713 197 9 13 0.02813164 
684 219 8 9 0.028112356 
212 234 21 23 0.028101733 
802 323 5 7 0.028085714 
547 523 9 11 0.028060624 
839 81 7 11 0.028052028 
729 134 7 9 0.028051319 
382 137 3 5 0.02804858 
810 186 11 15 0.028032534 
780 303 6 8 0.027994711 
683 70 10 9 0.027977875 
159 278 26 27 0.02797305 
640 152 7 9 0.027972376 
216 509 44 51 0.027957385 
672 424 4 6 0.02795664 
223 236 8 11 0.027954489 
489 174 47 42 0.027943337 
26 210 76 78 0.027924923 
941 199 4 8 0.027923636 
807 92 8 8 0.027917877 
709 35 9 7 0.027912786 
897 72 93 109 0.02789793 
737 395 4 5 0.027897432 
652 212 8 10 0.027878134 
932 285 2 4 0.027875341 
994 456 4 6 0.02787446 
707 174 11 13 0.027860621 
381 467 21 28 0.027841637 
583 350 14 12 0.0278405 
61 9 47 36 0.027804412 
1004 260 7 11 0.027781388 
825 53 7 9 0.027778478 
927 376 10 14 0.027764715 
935 206 4 7 0.027762795 
615 308 8 7 0.027754722 
137 119 4 5 0.027753511 
541 471 4 5 0.027751382 
666 419 5 5 0.027732253 
166 400 43 45 0.027728112 
715 46 10 7 0.02772447 
840 251 5 6 0.027719732 
2 274 34 32 0.027698033 
139 350 27 32 0.027691029 
703 303 6 6 0.027688922 
665 167 9 9 0.027683917 
663 420 4 4 0.02768298 
740 256 8 10 0.02766903 
65 93 4 5 0.027664894 
714 353 11 12 0.02762864 
122 559 5 7 0.027622081 
794 67 50 50 0.02760964 
160 339 12 11 0.027599767 
424 72 32 27 0.027592998 
757 100 5 5 0.027576892 
276 194 4 6 0.027572941 
722 2 9 8 0.027561411 
575 318 17 16 0.027555956 
806 324 6 6 0.027541468 
7 206 29 39 0.027537165 
555 308 10 9 0.027512545 
728 206 6 7 0.027508412 
574 25 108 80 0.027502442 
725 389 4 5 0.027489884 
95 541 42 57 0.027487662 
271 657 22 28 0.027473705 
973 245 4 7 0.027469873 
736 406 5 6 0.027466642 
861 293 3 4 0.027452657 
692 50 14 11 0.02743461 
620 285 40 45 0.027431404 
779 319 9 12 0.027425485 
131 107 4 4 0.027419964 
651 127 8 11 0.027400129 
645 212 6 9 0.027381748 
824 166 8 9 0.027362464 
830 83 8 12 0.027337138 
943 163 3 5 0.027324557 
767 217 10 13 0.027323095 
410 268 20 28 0.027313737 
997 470 5 6 0.02729854 
866 317 3 5 0.027292017 
717 272 5 7 0.027280044 
461 282 9 13 0.027270814 
1018 461 5 8 0.027265757 
204 480 9 10 0.027257677 
720 0 4 4 0.027254522 
824 58 8 13 0.027251465 
539 335 10 10 0.027250908 
917 245 4 6 0.027246797 
223 227 22 29 0.02720953 
919 280 2 3 0.027201964 
681 333 12 13 0.027188193 
711 16 6 6 0.027187662 
839 272 5 6 0.027183376 
835 285 3 4 0.027171502 
930 317 4 5 0.027168555 
529 288 51 44 0.02716387 
0 570 5 10 0.027161835 
978 418 8 12 0.027157778 
150 426 43 54 0.027133614 
206 413 55 55 0.027119631 
619 299 10 11 0.027104745 
212 265 5 5 0.027102707 
1016 312 6 10 0.027085708 
923 542 26 21 0.027084704 
292 88 4 5 0.027080609 
1009 440 2 5 0.0270498 
285 43 3 3 0.027016873 
877 234 4 5 0.027006745 
31 338 22 32 0.026996687 
722 307 8 9 0.026995245 
158 295 29 25 0.026984202 
302 349 14 15 0.026977867 
735 362 8 11 0.026957171 
254 334 26 31 0.026951123 
377 174 5 7 0.026941264 
663 475 43 46 0.026907798 
421 217 47 44 0.02690656 
824 235 6 9 0.026899891 
821 129 6 7 0.026889576 
825 147 7 8 0.026876163 
487 248 46 43 0.026875546 
820 151 5 6 0.026867473 
453 351 13 11 0.026837306 
415 54 6 8 0.026835661 
937 259 3 4 0.026824953 
16 321 30 30 0.02682479 
421 254 9 8 0.026824484 
838 124 6 6 0.026824135 
853 142 5 8 0.026819175 
296 31 4 3 0.026800431 
924 286 3 4 0.026790608 
789 87 6 6 0.026771994 
739 80 6 5 0.026769705 
303 188 3 5 0.02674155 
735 95 19 20 0.02672941 
740 441 18 23 0.026726685 
645 460 15 24 0.026720311 
395 289 10 12 0.026712257 
386 114 80 92 0.026711764 
993 482 5 6 0.026700793 
790 430 11 15 0.026692752 
271 37 3 4 0.026682025 
661 65 24 23 0.026675291 
480 34 5 8 0.026671985 
601 370 23 30 0.026660364 
900 249 2 3 0.026651725 
279 381 22 30 0.026650084 
965 375 12 15 0.02663982 
-2 -170 95 138 0.026636196 
932 292 2 4 0.026609357 
826 405 8 9 0.026609136 
380 579 46 45 0.026594354 
283 400 22 29 0.02658558 
737 208 7 7 0.026575975 
683 388 47 53 0.026558865 
778 338 9 12 0.026549382 
138 291 12 17 0.02654551 
291 189 3 5 0.026526203 
647 449 6 7 0.026518263 
762 14 25 19 0.026503002 
722 131 8 11 0.026501928 
144 275 13 13 0.0264985 
673 177 13 14 0.026475642 
590 345 13 11 0.026474107 
912 311 4 5 0.026441013 
867 143 5 6 0.026439827 
303 184 3 4 0.026436847 
814 367 5 8 0.026400926 
708 232 8 10 0.02639532 
402 545 12 14 0.02639341 
860 272 3 5 0.026390787 
931 406 6 8 0.026390353 
765 55 12 11 0.026377264 
201 280 3 5 0.0263755 
754 3 6 5 0.0263732 
652 430 6 7 0.026371442 
277 267 23 32 0.02637025 
233 254 4 5 0.026368001 
79 320 42 52 0.0263672 
670 123 6 9 0.026363902 
716 405 5 6 0.026362013 
525 480 9 10 0.026356013 
826 359 7 8 0.026350472 
673 262 6 8 0.026346032 
658 465 7 12 0.026338426 
649 22 28 26 0.026336756 
421 266 38 39 0.026314463 
718 215 19 20 0.02630616 
735 318 24 28 0.026305892 
995 465 3 5 0.026285956 
419 251 19 20 0.026278906 
941 187 4 7 0.026270699 
1003 253 4 7 0.026267262 
899 300 2 3 0.026262993 
856 73 5 6 0.02625964 
937 279 3 4 0.026253227 
806 150 5 7 0.026245411 
698 442 5 8 0.026242992 
124 334 24 28 0.026239809 
69 113 3 5 0.026235273 
662 94 110 129 0.026231783 
342 584 44 48 0.026231209 
608 322 27 27 0.026210247 
139 239 86 93 0.026205173 
117 446 14 20 0.026190476 
200 297 6 8 0.026180906 
642 443 4 6 0.026172506 
139 269 11 11 0.026169518 
170 607 9 13 0.026144095 
825 78 7 11 0.026131 
220 647 23 32 0.026127834 
545 336 20 23 0.026119715 
800 104 7 9 0.026118211 
677 159 10 10 0.026102783 
261 337 199 181 0.026097286 
677 261 8 11 0.026097273 
934 168 5 8 0.02609001 
277 470 5 7 0.026088562 
726 93 5 5 0.026085278 
818 115 8 9 0.026082212 
417 144 5 6 0.026073506 
73 87 3 4 0.026053159 
825 110 8 8 0.026044939 
719 388 4 6 0.02604452 
656 166 10 11 0.026033746 
504 89 40 65 0.02603355 
352 485 39 47 0.02602689 
944 233 4 6 0.026024003 
597 359 13 11 0.026019894 
258 189 4 5 0.02601935 
724 0 5 4 0.026017526 
763 305 18 22 0.026015168 
452 412 42 54 0.026014613 
99 212 48 48 0.025967557 
969 258 4 6 0.025967173 
681 435 17 23 0.025959117 
714 365 10 12 0.025939856 
311 444 22 27 0.025921497 
714 310 11 13 0.025917832 
488 390 27 32 0.025916217 
60 175 220 179 0.025914736 
143 264 12 10 0.025907798 
650 444 9 13 0.025906133 
87 150 7 8 0.025890572 
53 117 5 8 0.025889464 
717 252 7 7 0.025884854 
755 47 8 7 0.025849326 
246 445 43 44 0.025842015 
646 163 7 8 0.025840925 
813 342 7 9 0.025828771 
399 132 3 4 0.025788369 
851 225 7 9 0.025775075 
141 129 7 8 0.025757682 
843 392 43 53 0.025745662 
662 375 12 14 0.025741532 
748 264 16 22 0.025738543 
219 259 5 6 0.025720015 
743 133 9 11 0.02570968 
827 285 3 5 0.025703229 
681 421 3 4 0.025680145 
930 272 3 4 0.025675127 
917 207 5 7 0.025672162 
108 275 46 50 0.025668925 
832 60 6 9 0.025653198 
818 135 6 8 0.025646972 
694 421 3 4 0.025621295 
902 77 7 10 0.025621187 
425 492 8 11 0.025598627 
248 595 47 50 0.025588958 
491 96 8 15 0.025582705 
225 257 58 79 0.0255739 
669 338 19 20 0.025569782 
307 67 6 6 0.025563873 
704 4 7 5 0.025560474 
377 566 26 26 0.025549479 
397 51 7 9 0.02554844 
492 110 7 13 0.025535215 
564 338 19 18 0.025530089 
123 274 25 26 0.025525931 
398 150 5 5 0.025514023 
622 497 42 51 0.025507389 
866 306 3 3 0.025504706 
375 270 28 31 0.025502523 
41 556 26 26 0.025496442 
865 350 7 10 0.025484072 
686 124 5 6 0.025434399 
762 272 7 11 0.025430998 
80 253 48 50 0.025424212 
296 195 5 7 0.025423655 
466 350 28 28 0.02541793 
681 426 4 5 0.025398929 
597 344 14 12 0.02538419 
483 105 18 29 0.02535449 
851 395 7 10 0.025353054 
931 207 4 8 0.025347752 
931 201 3 6 0.025342789 
962 271 3 5 0.025325116 
694 32 12 8 0.025324259 
698 15 8 6 0.025323896 
197 663 50 49 0.02532267 
932 188 3 5 0.025316069 
771 143 10 7 0.025305526 
521 301 9 10 0.025289144 
370 512 8 10 0.02523894 
860 279 3 5 0.025228621 
77 486 45 63 0.025228197 
497 203 103 74 0.02521842 
635 531 11 13 0.025213264 
252 29 4 5 0.0252067 
362 193 4 7 0.025199369 
878 260 3 4 0.025197566 
193 493 87 102 0.025196059 
136 342 15 15 0.02518705 
371 496 10 14 0.025180902 
769 362 7 13 0.025166953 
892 273 4 4 0.025153093 
304 470 3 5 0.025136368 
665 254 5 7 0.025134383 
956 254 4 6 0.025124311 
1008 237 8 13 0.025111714 
819 82 19 19 0.025104418 
921 206 5 9 0.025077842 
726 13 21 21 0.025052726 
307 469 5 8 0.025041897 
242 426 79 90 0.025034208 
302 79 5 6 0.025026022 
74 5 17 12 0.02501497 
568 536 11 18 0.025011878 
998 480 6 8 0.024992699 
206 279 4 5 0.024980258 
782 244 7 9 0.024978528 
503 267 24 24 0.024952756 
840 194 4 7 0.024946917 
634 408 24 26 0.024942167 
18 533 44 45 0.024938656 
135 391 48 53 0.02493419 
729 26 21 20 0.024932858 
239 485 48 53 0.024925003 
661 254 5 6 0.024923045 
968 225 4 8 0.024921492 
719 394 4 4 0.024917815 
510 336 13 13 0.024916992 
259 31 3 4 0.02490123 
642 434 4 4 0.0248968 
988 228 4 5 0.024890162 
853 286 4 4 0.024880629 
677 426 40 45 0.024876721 
771 323 18 23 0.024869947 
399 272 24 33 0.024869697 
587 461 9 10 0.024858946 
701 275 5 9 0.024852792 
194 275 4 4 0.024846189 
498 150 42 43 0.024838619 
362 490 4 6 0.024819108 
816 152 4 5 0.024818638 
-7 340 75 120 0.024817783 
898 279 4 5 0.024811784 
543 333 88 88 0.024810618 
513 -44 395 302 0.024802096 
844 33 10 8 0.024798378 
229 240 8 10 0.024792533 
60 324 77 104 0.024781667 
329 648 40 45 0.024776787 
12 564 37 45 0.024761396 
616 511 17 28 0.024742428 
597 422 39 42 0.024730228 
567 307 47 40 0.024708834 
66 105 4 6 0.024691168 
511 474 10 11 0.024683876 
848 418 5 9 0.024673609 
869 122 6 7 0.02466743 
729 223 9 10 0.024634635 
812 129 6 8 0.024624554 
646 473 9 20 0.024615202 
813 400 4 6 0.02460716 
114 -145 528 374 0.024602907 
886 311 3 4 0.024601286 
516 472 9 10 0.024595974 
959 384 10 14 0.024592541 
755 33 23 20 0.02455943 
934 397 10 10 0.024552923 
818 372 5 8 0.024552738 
716 141 7 8 0.024546666 
302 30 4 4 0.024542067 
747 429 19 24 0.024531873 
525 298 88 85 0.024524523 
385 67 5 5 0.024522243 
622 325 16 17 0.024515864 
974 257 4 6 0.024497772 
841 286 3 3 0.02449746 
151 526 39 53 0.024489067 
892 309 3 5 0.024488755 
797 21 23 21 0.02448175 
430 193 47 42 0.024466058 
630 194 18 23 0.02445771 
899 284 4 5 0.02444665 
699 297 5 6 0.024441008 
47 103 4 7 0.024440775 
650 435 8 8 0.024436884 
839 34 8 6 0.024431193 
141 414 23 26 0.024430966 
47 98 3 6 0.024413515 
554 525 43 48 0.024405558 
861 40 8 9 0.024384946 
721 28 7 7 0.024384255 
64 311 39 48 0.024382042 
963 252 4 7 0.02437637 
761 304 6 9 0.024375299 
740 438 9 12 0.024374006 
865 336 5 6 0.024371698 
606 314 8 8 0.02436884 
648 194 16 20 0.02436641 
856 35 8 6 0.024362689 
418 238 26 25 0.0243566 
889 384 7 11 0.024352511 
988 232 4 6 0.024341902 
919 233 4 6 0.024328548 
395 505 41 52 0.024322733 
823 238 4 7 0.024317674 
847 311 3 4 0.02431618 
970 273 3 4 0.02430931 
924 291 3 4 0.024303634 
301 312 20 26 0.024290588 
774 184 18 24 0.024278423 
892 301 2 2 0.024268633 
1014 310 4 8 0.024264192 
360 561 24 31 0.02425994 
364 235 27 23 0.024258194 
387 470 11 14 0.024250858 
746 12 10 8 0.024250641 
742 268 7 10 0.024233643 
41 -1 47 39 0.024232844 
252 160 3 4 0.024222376 
410 138 4 6 0.024192285 
958 214 4 6 0.02418999 
292 185 2 3 0.024185162 
850 373 95 106 0.024183605 
374 316 32 33 0.024172423 
683 145 12 9 0.024171537 
925 150 3 5 0.024160057 
390 285 7 9 0.024147782 
873 423 8 10 0.024147378 
727 494 12 8 0.024143996 
99 574 10 10 0.024141278 
694 144 11 11 0.02413799 
79 112 5 5 0.024128497 
801 163 20 24 0.024127655 
714 119 8 10 0.024126243 
974 253 3 6 0.024123749 
383 47 5 8 0.024116866 
659 536 9 7 0.024104763 
871 208 5 5 0.02409409 
1011 472 8 15 0.024078138 
817 214 10 13 0.02406897 
381 506 80 90 0.024064112 
130 102 4 3 0.024063576 
893 70 18 23 0.024051527 
486 436 89 101 0.024051426 
72 7 26 21 0.02403811 
754 201 10 12 0.024034051 
91 67 4 5 0.024032842 
597 477 19 23 0.02403038 
700 372 47 52 0.024024796 
558 535 18 26 0.024022467 
454 272 10 13 0.024020355 
634 256 7 9 0.024014078 
278 641 43 46 0.02400614 
664 63 10 11 0.02397478 
379 403 49 59 0.023974016 
608 38 55 39 0.023929887 
717 275 5 8 0.023929676 
266 228 3 4 0.023928579 
431 221 16 11 0.023928357 
518 608 49 44 0.023915082 
652 350 23 20 0.023912964 
404 543 24 23 0.02390031 
855 97 8 9 0.023891866 
792 154 11 12 0.023887208 
837 367 6 8 0.023882631 
92 302 46 51 0.023881538 
418 239 46 49 0.023876857 
541 476 4 6 0.023876173 
724 399 6 6 0.023871472 
721 429 37 40 0.023868341 
703 317 9 10 0.023861915 
886 253 3 4 0.023860315 
861 311 3 4 0.023855945 
829 394 4 6 0.023831101 
949 162 4 6 0.023802845 
376 435 93 109 0.023793742 
690 321 9 9 0.023786018 
644 154 7 8 0.023783494 
406 519 11 14 0.023774797 
967 417 4 7 0.023774257 
891 248 3 4 0.023761187 
168 634 8 9 0.023747561 
674 443 17 29 0.02374754 
523 472 6 6 0.02373934 
516 295 11 12 0.02373739 
684 326 20 20 0.023731902 
567 288 25 26 0.023731748 
698 117 8 10 0.023728466 
301 88 5 5 0.023724668 
717 301 17 19 0.0237192 
447 172 94 81 0.02369832 
860 305 3 4 0.023690257 
165 317 28 27 0.023684023 
417 506 18 27 0.023669133 
166 472 41 56 0.023667024 
644 244 6 9 0.023663975 
660 10 8 6 0.02363458 
412 255 11 9 0.023629589 
73 274 87 98 0.023626043 
577 492 44 50 0.023620691 
515 276 11 9 0.023620687 
727 263 8 9 0.023610264 
691 294 5 8 0.023608118 
1009 452 2 5 0.023602914 
482 346 30 22 0.023599053 
806 159 45 50 0.02359294 
326 451 42 47 0.023581434 
633 218 17 23 0.023567019 
675 60 29 25 0.023566507 
1007 463 3 5 0.023564119 
288 482 7 7 0.023554092 
294 434 23 30 0.02354704 
706 186 12 15 0.023539329 
653 134 16 20 0.023534216 
851 270 5 6 0.023527198 
763 249 7 10 0.02352324 
510 524 22 20 0.023516504 
455 538 39 43 0.023491474 
973 238 4 7 0.02348712 
368 249 13 10 0.023471205 
747 404 8 7 0.023470663 
832 36 6 5 0.023459788 
830 90 8 8 0.023455285 
478 590 109 91 0.023442449 
853 306 4 3 0.02344239 
145 128 6 7 0.02343987 
835 298 2 4 0.02343572 
372 139 4 5 0.023425017 
924 259 3 5 0.02342147 
296 68 5 5 0.023417152 
267 177 2 4 0.023413915 
912 400 16 22 0.023413619 
688 272 42 46 0.023391038 
1008 257 8 13 0.023386475 
904 248 3 4 0.023379512 
248 316 24 34 0.023375513 
907 77 7 9 0.023371534 
363 647 37 44 0.02336845 
895 29 85 79 0.023366598 
836 67 20 27 0.023364166 
658 261 8 9 0.023360234 
118 367 27 32 0.023360113 
257 459 14 14 0.023354977 
653 94 5 6 0.023350038 
47 538 32 27 0.02334886 
372 656 5 7 0.023347976 
461 340 16 13 0.023323633 
311 323 12 15 0.023315147 
641 209 7 10 0.023301587 
646 498 45 50 0.023300853 
539 173 18 28 0.023287423 
976 423 4 8 0.023278307 
320 454 9 10 0.023277713 
938 306 2 4 0.023269871 
98 365 88 104 0.023256468 
522 335 38 41 0.023243928 
679 84 7 8 0.02324119 
949 202 4 6 0.023237217 
673 2 6 6 0.023232644 
935 162 4 6 0.023226164 
739 430 9 13 0.023214923 
232 451 21 27 0.023204952 
750 283 5 6 0.023199107 
403 48 7 7 0.023194775 
793 198 18 22 0.023193192 
793 92 6 8 0.023190798 
791 265 6 7 0.023187852 
375 483 8 9 0.023186525 
646 312 22 22 0.023180053 
755 281 38 43 0.023176016 
387 121 3 4 0.023174154 
117 201 88 82 0.023156237 
396 286 7 9 0.02314513 
937 285 2 4 0.023137508 
284 36 3 4 0.023133812 
294 431 6 11 0.023122221 
266 222 3 4 0.023117373 
623 450 72 91 0.02310777 
931 246 3 5 0.02310678 
478 482 7 10 0.023106456 
652 5 28 21 0.023105618 
42 131 4 4 0.023098815 
540 319 8 9 0.023095174 
-3 660 68 179 0.023095071 
811 115 8 10 0.023092652 
645 139 8 12 0.023087759 
912 316 4 5 0.023085114 
115 563 6 9 0.023077473 
815 162 5 6 0.023067731 
369 666 9 11 0.023065899 
319 180 7 10 0.02306537 
314 301 27 33 0.023063619 
917 272 3 4 0.02306323 
586 307 11 9 0.023052039 
897 113 4 6 0.02304988 
398 58 6 6 0.023044981 
108 559 6 8 0.023043944 
480 349 49 45 0.023043005 
905 299 3 4 0.023042344 
644 554 12 9 0.02303823 
277 485 6 8 0.02302846 
519 357 24 24 0.02302603 
836 27 12 8 0.023021245 
791 179 40 44 0.023021065 
680 130 6 7 0.0230097 
68 361 40 57 0.023005992 
840 338 4 5 0.023000944 
259 160 3 3 0.02300045 
123 101 4 4 0.02300044 
291 177 2 3 0.023000298 
427 259 21 23 0.022986917 
806 59 7 8 0.022985661 
174 230 22 22 0.022984453 
692 331 23 22 0.022972858 
308 30 4 4 0.022963341 
726 394 5 5 0.02294726 
963 245 4 7 0.022921825 
849 215 9 12 0.022894587 
670 115 6 8 0.02288752 
638 549 26 20 0.022868473 
762 20 8 7 0.02286771 
491 64 10 16 0.02286687 
238 253 4 6 0.022851316 
787 217 10 12 0.022848902 
73 81 3 4 0.02284773 
909 40 47 41 0.022831637 
916 194 4 7 0.022828808 
401 511 21 27 0.022819215 
955 324 4 6 0.022818148 
689 384 8 9 0.022816082 
649 363 22 25 0.022812178 
960 424 6 8 0.022802137 
820 179 7 9 0.02280073 
189 285 3 4 0.022781303 
611 32 31 25 0.022778008 
385 285 7 8 0.022772541 
689 67 11 12 0.022768809 
849 213 5 7 0.0227675 
708 213 8 10 0.022764023 
823 161 8 9 0.02275464 
617 346 15 15 0.022751221 
682 10 29 22 0.022748364 
772 319 9 11 0.022747662 
754 14 8 7 0.022745633 
662 70 12 12 0.022739831 
130 559 4 7 0.022737233 
525 130 5 8 0.022728547 
691 23 9 7 0.022725515 
90 241 35 25 0.02271832 
714 21 8 8 0.022710854 
735 289 6 7 0.022709994 
691 290 5 8 0.022705955 
853 311 4 4 0.022685263 
72 72 5 5 0.022673395 
592 244 11 11 0.022672893 
174 607 44 46 0.022671212 
476 40 5 8 0.022668596 
866 323 4 6 0.02266518 
155 361 29 33 0.022661325 
827 372 5 7 0.022652887 
824 25 10 8 0.022647845 
494 44 7 10 0.022645244 
180 293 4 5 0.022635745 
104 20 25 23 0.0226301 
402 72 6 7 0.022613233 
388 359 31 38 0.0226055 
644 193 7 11 0.022600897 
658 12 11 8 0.022600481 
963 286 3 4 0.022595342 
418 500 12 17 0.022581864 
297 177 3 4 0.02257884 
791 231 9 10 0.02256598 
94 546 22 28 0.02256464 
510 569 20 23 0.022559805 
956 637 110 126 0.022557596 
903 328 5 7 0.022553055 
34 586 10 15 0.022546865 
859 464 29 26 0.022539455 
592 319 28 26 0.022523563 
265 326 5 8 0.022521902 
335 193 4 6 0.022515986 
912 273 3 5 0.022505006 
283 471 5 6 0.022498552 
106 372 25 27 0.022497013 
233 184 4 4 0.022486227 
476 35 4 6 0.022486027 
855 93 7 8 0.022483846 
365 581 92 96 0.022482358 
67 74 4 3 0.02248069 
734 328 11 13 0.022480406 
968 253 4 5 0.02246735 
937 227 3 5 0.02246449 
561 326 14 13 0.02245581 
688 78 10 10 0.022446254 
781 87 7 7 0.02243273 
539 224 30 25 0.022424366 
735 252 7 9 0.022424005 
65 99 4 6 0.022415983 
819 27 7 7 0.022404721 
754 21 8 6 0.022400627 
399 292 11 14 0.022398034 
886 229 2 4 0.022395216 
173 292 5 5 0.0223845 
675 272 5 8 0.022381566 
680 465 16 24 0.022380171 
674 0 5 3 0.022377685 
872 323 4 6 0.022377588 
52 110 5 8 0.022371847 
687 58 14 12 0.022365274 
600 244 8 8 0.02236433 
812 85 6 7 0.022352155 
866 188 4 6 0.022349352 
731 169 20 22 0.022347402 
942 322 5 7 0.022345351 
685 473 8 11 0.02233341 
555 245 9 8 0.022325037 
68 0 11 9 0.022323163 
904 253 3 4 0.022320503 
921 362 10 15 0.022318 
954 225 13 21 0.022315046 
302 465 4 5 0.022312697 
688 271 7 9 0.02230126 
950 247 3 5 0.022298215 
833 147 6 8 0.022292813 
850 410 8 12 0.02229055 
113 125 9 7 0.022289434 
174 574 9 13 0.02227348 
327 463 7 8 0.022272443 
963 278 3 5 0.02227061 
228 222 39 52 0.022268292 
730 275 5 8 0.022263296 
543 546 20 29 0.0222631 
885 234 3 4 0.022258608 
468 500 9 13 0.022247223 
690 351 92 93 0.022238912 
445 369 205 177 0.022231694 
878 209 4 5 0.022227619 
800 333 8 12 0.022226179 
1002 265 5 8 0.022217415 
628 323 25 30 0.022207163 
408 426 24 33 0.022198807 
717 244 20 19 0.022194035 
716 137 7 7 0.02219058 
95 567 19 23 0.022184933 
265 340 25 34 0.022179581 
718 272 43 47 0.022167673 
474 554 39 44 0.022151481 
861 27 7 7 0.022147663 
492 471 6 6 0.022141747 
420 261 10 10 0.022139847 
501 621 45 44 0.022138761 
664 82 9 10 0.022135975 
187 534 22 29 0.02212833 
858 39 7 7 0.022118682 
840 248 4 5 0.022117138 
482 52 41 61 0.022115156 
912 279 3 3 0.022103542 
912 254 3 4 0.022101982 
832 98 7 7 0.022100192 
689 97 8 9 0.022098364 
398 33 11 12 0.022097621 
223 244 6 7 0.022089586 
760 45 10 10 0.02208949 
232 555 44 49 0.022083404 
543 307 27 24 0.022083182 
641 51 14 10 0.022070745 
634 252 7 8 0.022069052 
576 353 16 15 0.022068506 
271 200 3 6 0.022066485 
904 278 3 5 0.022065897 
933 330 6 7 0.022059252 
643 436 17 23 0.022055827 
126 427 42 52 0.022051604 
841 278 4 5 0.02204585 
683 1 8 6 0.02204196 
156 228 19 23 0.022041019 
113 575 8 11 0.022025967 
673 421 4 4 0.022020308 
211 277 6 8 0.022016697 
917 317 4 4 0.022015864 
465 269 26 31 0.022014074 
685 378 8 9 0.022012282 
295 477 4 4 0.022011628 
834 291 4 5 0.02200666 
504 525 8 10 0.022004122 
850 203 18 24 0.021989888 
755 440 8 10 0.021981413 
526 216 28 23 0.021977667 
498 530 43 48 0.02197469 
874 229 3 4 0.021970294 
895 330 15 21 0.021969603 
419 291 45 42 0.021966595 
1012 303 3 6 0.021966277 
291 163 3 4 0.021960553 
388 487 8 10 0.021952303 
238 493 86 88 0.021927183 
522 553 45 48 0.02192536 
567 247 23 23 0.021919958 
918 253 3 5 0.021910649 
254 465 11 12 0.021903614 
224 630 46 47 0.021884931 
741 222 8 10 0.021852491 
712 79 18 21 0.02185112 
708 400 4 6 0.021849358 
733 45 12 12 0.021847371 
845 147 7 11 0.021846632 
514 258 28 21 0.021845963 
379 107 4 4 0.021839937 
839 187 5 6 0.021829361 
824 156 7 8 0.021824975 
1009 443 3 6 0.021823378 
247 480 10 11 0.021823289 
668 76 20 20 0.02181898 
574 474 24 27 0.021817107 
500 568 41 43 0.02181533 
402 139 21 25 0.021807615 
654 207 17 19 0.021800581 
785 68 11 9 0.021799486 
587 364 25 31 0.021793373 
307 349 28 31 0.021792717 
751 398 21 22 0.021787288 
772 301 8 10 0.021785103 
821 53 7 9 0.021783916 
224 253 5 6 0.021762649 
532 428 84 101 0.021762513 
857 434 8 13 0.021753384 
937 272 3 5 0.021748878 
361 277 27 39 0.021743182 
359 0 9 8 0.021738013 
704 309 20 22 0.021736857 
359 511 9 11 0.02173266 
769 139 6 6 0.021731645 
978 388 47 54 0.021725807 
774 281 8 10 0.02171676 
672 486 7 9 0.021704197 
82 234 7 6 0.021698521 
100 589 21 27 0.021695608 
1001 446 3 5 0.021689974 
379 194 45 47 0.021680845 
290 441 11 19 0.021680228 
858 225 6 8 0.021674687 
518 7 7 8 0.021668147 
383 471 9 11 0.021661658 
567 321 13 13 0.021650132 
730 67 6 5 0.021645425 
657 14 30 25 0.021643091 
72 118 4 5 0.021628944 
423 145 5 6 0.021627659 
832 328 5 6 0.021626046 
1006 469 5 7 0.021622544 
555 256 9 8 0.021620702 
821 20 30 26 0.021620605 
918 305 3 4 0.021617118 
203 297 43 52 0.021613292 
771 439 12 10 0.02160219 
735 214 15 18 0.02159207 
507 290 8 7 0.021589905 
404 147 6 7 0.021585198 
380 253 15 11 0.021584507 
970 238 4 7 0.021582233 
423 149 5 6 0.021581465 
845 113 18 20 0.02158054 
301 451 37 47 0.021578416 
446 296 24 25 0.021570666 
566 532 124 90 0.021563683 
285 189 3 4 0.021559566 
944 208 3 5 0.021558456 
577 573 47 41 0.021553554 
787 152 20 23 0.02155295 
886 266 2 4 0.021548856 
912 266 3 4 0.021545898 
259 177 2 3 0.021531248 
820 124 7 7 0.021530025 
1000 464 4 5 0.021523667 
334 189 228 165 0.021507272 
635 437 4 5 0.021500401 
855 394 7 11 0.021497775 
704 289 6 7 0.021491995 
846 279 4 5 0.021484796 
973 210 4 5 0.021484004 
266 454 11 12 0.021480557 
293 597 46 49 0.021476032 
655 378 23 33 0.021463243 
787 140 10 9 0.021458829 
717 259 7 6 0.02145863 
367 169 4 6 0.021448296 
284 661 21 26 0.021445435 
504 531 9 13 0.021435661 
217 264 6 7 0.021421038 
861 420 19 24 0.021418659 
367 649 4 6 0.021416403 
917 130 5 7 0.021415925 
115 385 25 29 0.021407718 
94 530 22 26 0.021402512 
363 230 87 79 0.021399619 
1009 401 20 25 0.021381384 
272 171 2 4 0.021378955 
296 91 4 5 0.021377604 
664 460 16 23 0.021367492 
608 300 21 22 0.021366505 
562 193 21 25 0.021363208 
860 148 5 7 0.021353522 
941 310 4 5 0.02135255 
457 503 10 13 0.021351542 
248 491 9 10 0.021350337 
835 309 3 5 0.021348862 
679 116 5 7 0.021346483 
761 106 18 19 0.021346034 
822 226 49 50 0.021345764 
768 95 5 4 0.021313973 
69 462 47 54 0.02131179 
631 391 24 29 0.021308172 
647 456 6 10 0.02130099 
1008 425 20 31 0.021299155 
366 661 18 21 0.021295648 
765 287 18 24 0.021294348 
123 197 27 24 0.021285888 
903 181 5 7 0.021285508 
748 399 7 7 0.021284044 
417 138 4 5 0.021250129 
752 115 9 9 0.021249965 
706 300 19 20 0.02124757 
461 295 7 7 0.021239113 
695 522 11 8 0.021237498 
612 257 8 9 0.021236183 
44 87 21 36 0.021232843 
503 347 27 24 0.021222932 
676 65 11 10 0.021211654 
80 568 39 46 0.021207713 
749 392 5 6 0.021205185 
588 239 22 21 0.021202823 
28 131 4 5 0.021202633 
58 103 5 8 0.021199739 
366 107 5 4 0.021183971 
271 220 3 6 0.021165866 
120 145 119 106 0.021165174 
994 451 3 6 0.021162823 
512 569 9 11 0.021155803 
207 285 4 5 0.02115007 
79 237 31 21 0.021147946 
65 81 4 5 0.021136673 
827 393 18 22 0.021133218 
866 31 46 47 0.021129595 
823 203 8 11 0.021129549 
619 221 11 13 0.021122798 
995 444 3 6 0.021121772 
244 238 7 10 0.021120472 
824 270 3 7 0.021109268 
868 379 44 57 0.021108987 
35 131 4 4 0.021095878 
702 518 13 10 0.021092897 
700 151 18 20 0.021091629 
776 257 6 9 0.02108244 
138 263 10 10 0.021078287 
356 509 19 24 0.021074343 
658 160 18 21 0.021060659 
760 312 8 11 0.021048252 
672 319 19 20 0.021048214 
231 567 21 23 0.021043548 
155 343 15 13 0.02103617 
985 483 6 7 0.021035844 
832 156 6 7 0.021022465 
-1 291 24 26 0.02102005 
399 553 12 13 0.021014802 
955 397 7 10 0.021013957 
522 570 19 24 0.02101128 
42 92 3 6 0.02101028 
735 342 20 24 0.021009667 
558 165 47 54 0.02100318 
725 20 7 8 0.021001158 
717 264 6 6 0.020989707 
684 371 8 9 0.020985944 
700 261 5 8 0.02098062 
647 174 16 22 0.020976203 
407 561 43 48 0.020973893 
374 126 4 4 0.02097 
702 290 41 44 0.020955238 
161 170 4 5 0.020946797 
528 530 43 47 0.020935683 
571 278 26 24 0.02092036 
395 297 24 29 0.020916894 
500 112 5 8 0.020916373 
276 42 4 4 0.020911286 
724 35 22 22 0.020911148 
537 147 39 44 0.020911101 
949 226 4 7 0.020910088 
707 395 4 4 0.020908333 
585 289 16 12 0.020901248 
854 426 11 14 0.020893637 
41 99 4 6 0.020878658 
736 172 10 11 0.020868298 
99 603 10 14 0.020867217 
481 506 38 42 0.020861998 
689 122 7 8 0.02086038 
832 404 16 19 0.020857 
380 112 3 4 0.020855013 
385 148 5 6 0.020846777 
637 160 46 46 0.020839594 
303 477 3 4 0.020833109 
635 342 44 40 0.020831075 
297 105 5 5 0.020828769 
832 221 6 7 0.020827135 
22 556 13 13 0.020817691 
588 245 9 10 0.020813216 
130 463 6 9 0.02080607 
492 485 10 12 0.020803783 
571 235 16 11 0.02080073 
553 342 44 44 0.020798715 
1002 244 4 7 0.020791603 
726 87 5 5 0.020788856 
715 71 11 10 0.020772105 
959 407 9 12 0.02076467 
840 310 3 4 0.020762324 
223 372 50 56 0.020752283 
773 172 9 10 0.020752013 
946 398 7 11 0.020751609 
943 279 3 4 0.02074988 
46 220 14 16 0.020748949 
944 285 2 4 0.020746876 
748 34 8 6 0.020745398 
917 323 5 5 0.02073761 
285 49 3 4 0.020717762 
751 130 19 21 0.020717245 
392 170 5 5 0.020711662 
872 193 4 6 0.020708678 
825 36 6 6 0.020702071 
397 531 21 23 0.02069804 
389 47 21 24 0.020694202 
847 264 5 7 0.020688832 
119 384 9 10 0.020684484 
865 239 4 5 0.020683808 
898 292 3 3 0.020677458 
949 353 12 14 0.020673847 
262 39 4 6 0.02067304 
108 570 7 10 0.020664841 
956 195 3 5 0.020656863 
961 258 4 6 0.020652566 
36 600 40 50 0.02064812 
875 154 6 9 0.020644292 
73 389 43 54 0.020643761 
490 428 32 34 0.020632688 
831 46 6 6 0.020615544 
0 405 8 21 0.020608561 
514 170 48 48 0.020596666 
653 426 5 5 0.020585224 
127 251 8 8 0.020581404 
633 64 24 20 0.020577453 
372 348 30 37 0.020576848 
284 177 3 3 0.020575581 
917 298 3 4 0.020572025 
419 269 10 13 0.020567797 
745 -144 271 116 0.020565875 
597 357 75 71 0.020557696 
579 189 13 13 0.020552251 
614 510 7 14 0.020551907 
597 308 24 21 0.020551512 
642 128 7 8 0.020548025 
884 318 4 4 0.020542087 
12 -9 83 83 0.020537471 
801 92 5 6 0.020526394 
1013 451 3 5 0.020516247 
748 93 5 6 0.020515312 
193 580 44 43 0.020514432 
448 352 9 10 0.020512348 
107 520 22 30 0.020511573 
237 456 8 11 0.020505097 
349 481 7 9 0.020495666 
731 388 5 5 0.020494236 
471 156 44 43 0.020487405 
633 187 7 9 0.020481646 
329 67 4 5 0.020470178 
606 184 11 11 0.02046924 
831 43 6 5 0.020468835 
671 98 6 7 0.020466587 
681 373 21 23 0.020465715 
736 295 7 8 0.020464033 
629 32 24 23 0.020458853 
466 487 18 24 0.020456174 
127 257 9 9 0.020448377 
844 39 8 6 0.020445397 
378 609 46 51 0.02043473 
335 555 12 18 0.020432523 
103 558 7 9 0.0204284 
759 262 15 23 0.020423334 
849 118 9 9 0.02042023 
536 582 13 14 0.020410493 
271 50 101 97 0.020408945 
7 1 41 51 0.0204045 
323 406 22 35 0.020398065 
350 305 11 19 0.020394782 
576 267 5 6 0.02038792 
800 35 7 7 0.020374872 
497 210 34 24 0.0203735 
678 480 6 10 0.020360762 
51 130 6 6 0.020353269 
406 484 36 42 0.020331535 
747 244 103 99 0.020323332 
89 112 5 5 0.02031432 
712 465 23 25 0.020313764 
714 315 21 24 0.020311577 
704 115 8 11 0.020310063 
959 234 6 11 0.020309314 
319 290 10 16 0.020306211 
517 1 7 7 0.02029854 
374 131 4 4 0.02029362 
191 600 11 12 0.020277413 
943 220 3 6 0.020271996 
133 261 11 10 0.020271242 
307 24 6 4 0.020269798 
832 347 16 19 0.020265736 
631 421 8 8 0.02026428 
850 19 45 45 0.020263478 
886 242 3 3 0.020261895 
917 136 4 7 0.020259688 
974 273 3 5 0.020257175 
800 345 6 11 0.020254994 
317 493 9 11 0.020253839 
414 507 11 17 0.020252666 
507 284 7 7 0.02025125 
893 118 4 5 0.020249827 
260 184 2 4 0.020248702 
494 34 77 117 0.02023709 
253 184 2 4 0.020235896 
547 483 20 26 0.020230817 
922 211 5 8 0.02023051 
504 562 9 11 0.020227376 
391 673 6 8 0.020226842 
730 364 9 11 0.02021988 
285 133 3 4 0.020219129 
501 26 44 59 0.020218981 
399 169 5 6 0.020208443 
674 360 20 23 0.020207537 
648 84 5 7 0.02020194 
962 195 3 5 0.020201853 
834 385 17 22 0.020182297 
547 492 44 58 0.020160086 
820 89 9 10 0.020155553 
133 287 11 11 0.020153914 
480 38 5 10 0.020152792 
16 272 91 97 0.020150421 
716 218 10 12 0.020148363 
677 366 8 9 0.02013878 
704 185 8 11 0.02012819 
535 338 19 22 0.020125957 
942 317 4 6 0.020122685 
541 482 6 8 0.020120729 
854 28 10 8 0.020117613 
757 406 6 6 0.020116664 
869 371 10 15 0.020115333 
661 42 25 24 0.020108012 
623 68 14 14 0.020106649 
366 209 4 5 0.020101232 
783 171 19 24 0.02010016 
865 156 6 10 0.02009666 
847 338 4 5 0.020095294 
717 411 5 6 0.020092946 
115 247 24 25 0.020091474 
212 473 41 47 0.020075334 
277 566 47 48 0.020069625 
931 219 4 7 0.020051362 
0 575 6 11 0.020050611 
640 82 20 26 0.020043913 
296 159 3 3 0.020043127 
392 60 5 6 0.020041607 
497 26 21 31 0.020038655 
308 474 5 7 0.020036893 
381 74 5 6 0.020035896 
676 353 9 9 0.020034026 
293 435 8 16 0.020026188 
819 109 8 10 0.020024981 
779 271 6 8 0.020019745 
203 281 25 32 0.020014731 
736 259 19 23 0.020012664 
909 149 5 7 0.02001045 
372 485 7 8 0.02000428 
