21_Festival_Festival_21_491
28
455 541 192 238 0.99634415 
724 1111 130 303 0.8542078 
335 538 79 105 0.25845408 
174 505 278 474 0.22851078 
159 340 157 130 0.16147609 
861 13 143 161 0.11892189 
257 518 132 147 0.10652084 
833 71 212 329 0.05804935 
559 526 14 16 0.05044305 
263 31 293 285 0.044476237 
601 1186 24 33 0.043156546 
230 587 158 186 0.03756525 
604 294 357 562 0.03640539 
419 335 354 501 0.034290925 
585 948 245 415 0.033443507 
183 391 172 160 0.02987456 
346 556 10 14 0.028929053 
696 94 112 173 0.025217762 
144 349 252 372 0.023949863 
372 491 6 6 0.023334762 
355 631 406 585 0.023292365 
343 548 7 9 0.023064872 
329 528 35 47 0.02259828 
531 479 166 187 0.022030605 
302 458 142 177 0.021929653 
38 462 30 63 0.021877645 
614 390 83 75 0.021001969 
380 484 7 8 0.020553386 
