13_Interview_Interview_2_People_Visible_13_254
20
727 218 50 73 0.9991478 
446 32 99 132 0.99829847 
376 142 91 146 0.9961611 
611 8 93 66 0.6653795 
239 -16 165 90 0.07572169 
210 30 55 53 0.07123581 
665 0 117 92 0.066563256 
186 63 90 119 0.04682563 
-21 -351 184 173 0.042875797 
768 5 39 24 0.037495248 
581 3 72 52 0.03140953 
497 41 115 111 0.030981468 
219 8 63 51 0.030415324 
757 15 32 24 0.029681494 
521 225 48 60 0.022807768 
813 77 81 142 0.022351997 
749 22 15 11 0.021938676 
788 152 5 5 0.021387368 
771 -2 31 18 0.020300183 
715 232 21 36 0.020252837 
