13_Interview_Interview_Sequences_13_717
53
315 187 155 207 0.9995447 
633 154 76 107 0.99329823 
682 449 14 23 0.9489868 
71 309 18 22 0.94687724 
130 302 20 27 0.9420896 
603 408 21 30 0.9304304 
846 279 18 25 0.91816986 
650 464 17 31 0.916168 
808 408 20 24 0.9004118 
162 421 17 23 0.8574089 
387 412 22 25 0.54248905 
171 376 23 27 0.18806668 
833 460 23 37 0.17386942 
899 322 21 25 0.12888688 
60 308 14 19 0.10915308 
354 477 25 33 0.10446527 
156 106 27 30 0.09520757 
63 120 102 122 0.072525494 
341 475 24 31 0.07036862 
254 450 20 22 0.0703209 
923 64 13 18 0.068075895 
323 627 9 11 0.061417144 
161 406 21 25 0.054573394 
692 451 13 19 0.05238083 
761 212 10 17 0.04953232 
381 627 8 9 0.048408546 
164 403 13 14 0.042859413 
157 429 15 19 0.04094389 
355 629 8 8 0.034016117 
258 442 14 17 0.03339517 
154 408 15 16 0.032406516 
293 140 23 23 0.03155938 
685 357 21 22 0.03078213 
252 440 14 16 0.030758804 
632 375 43 45 0.029872054 
941 302 6 8 0.02956051 
700 446 13 18 0.028265765 
89 331 11 14 0.02736225 
486 608 11 14 0.026618918 
826 209 9 16 0.026316717 
157 492 14 15 0.025987044 
115 173 21 23 0.025709223 
784 186 8 15 0.024872025 
926 327 17 19 0.024752572 
685 369 21 32 0.023053583 
356 625 7 6 0.022852452 
247 434 12 17 0.02263129 
466 168 84 102 0.02249238 
495 383 21 35 0.02203015 
66 300 15 14 0.021918334 
842 183 10 20 0.021794053 
152 625 25 28 0.021299347 
365 473 17 23 0.020283975 
