13_Interview_Interview_Sequences_13_884
639
252 182 54 66 0.99945205 
330 374 96 85 0.13219015 
190 421 98 85 0.12039258 
925 140 26 43 0.10541815 
942 72 15 11 0.09459842 
289 292 33 67 0.09049577 
937 79 29 28 0.08664082 
526 177 19 27 0.086428955 
873 73 8 10 0.08514531 
434 222 66 92 0.08180047 
411 170 29 24 0.076895416 
874 206 20 24 0.074597605 
-20 -219 189 172 0.073308505 
391 228 63 100 0.0729356 
470 234 36 56 0.07206739 
869 98 17 36 0.069717444 
585 214 9 14 0.06882825 
914 89 24 30 0.06793303 
875 85 9 16 0.0652289 
855 102 31 56 0.06272812 
874 110 8 15 0.06205084 
-17 -235 504 245 0.055839557 
826 109 6 7 0.05547541 
6 144 8 15 0.055265576 
841 85 69 115 0.055168435 
602 207 10 13 0.054408837 
378 214 42 77 0.05312284 
888 66 73 97 0.052483305 
850 105 10 14 0.050287005 
876 89 34 49 0.049307875 
55 300 404 302 0.04896521 
906 203 8 14 0.048960824 
833 107 5 7 0.048654128 
877 118 7 15 0.047559585 
679 245 5 5 0.046630245 
873 105 77 112 0.046203237 
874 94 10 22 0.04582731 
854 110 8 13 0.045309287 
405 270 95 137 0.044973135 
892 146 18 27 0.04496105 
582 209 9 12 0.04480738 
858 119 5 10 0.04439431 
426 170 48 38 0.044197075 
882 117 38 60 0.04327661 
547 194 12 18 0.042883568 
915 252 6 10 0.042632066 
849 127 17 33 0.042575695 
459 244 25 48 0.042572416 
838 107 6 8 0.04219043 
819 92 8 11 0.04211972 
900 202 17 24 0.04210932 
845 102 20 27 0.0420909 
575 197 8 11 0.04102637 
623 241 10 13 0.040963117 
892 115 20 35 0.04016178 
466 228 80 99 0.040057074 
889 149 8 14 0.040036168 
907 98 26 37 0.039965734 
871 102 9 19 0.039810468 
858 95 19 31 0.039805282 
820 98 7 10 0.039286137 
474 273 23 36 0.03916569 
119 345 219 154 0.038444445 
827 89 5 6 0.038210575 
850 118 9 14 0.03799678 
896 143 8 13 0.037944015 
801 244 5 6 0.037821997 
175 437 61 50 0.037562065 
897 151 8 14 0.037385397 
773 376 22 24 0.037220187 
462 189 20 30 0.037196644 
620 236 8 11 0.03704741 
822 110 5 6 0.03694045 
11 183 7 12 0.036680248 
858 126 7 14 0.036556453 
826 101 5 8 0.03611223 
909 163 7 11 0.035945334 
865 75 6 8 0.035428107 
913 172 6 10 0.0354126 
667 301 173 154 0.03524718 
872 157 21 31 0.03515117 
653 249 6 7 0.035081487 
897 98 20 36 0.03471499 
893 352 3 5 0.034690306 
912 103 13 20 0.034660444 
852 136 8 16 0.0346576 
490 251 10 17 0.03437984 
0 138 6 17 0.03435211 
882 113 6 12 0.034282878 
630 246 10 14 0.034244828 
910 340 3 5 0.034188107 
472 254 9 20 0.034172352 
822 116 5 6 0.03398372 
637 253 10 11 0.033809904 
2 165 19 30 0.033616528 
854 -230 270 176 0.033418763 
665 229 8 8 0.033344552 
641 238 5 6 0.033253122 
660 251 5 4 0.033219915 
201 446 32 27 0.033145677 
555 -235 529 254 0.03311575 
917 341 3 5 0.033103857 
581 203 7 11 0.03305504 
957 85 10 19 0.033003565 
614 230 7 9 0.03295303 
247 -235 529 253 0.032934934 
859 83 6 9 0.03291341 
639 242 7 8 0.032863934 
833 102 5 8 0.032854788 
846 105 8 11 0.032666955 
826 96 5 7 0.03265473 
470 187 10 13 0.032400776 
634 244 6 8 0.03203619 
887 126 17 30 0.032003142 
870 137 39 62 0.03194825 
497 373 30 30 0.031862732 
914 234 6 8 0.031845458 
900 153 9 15 0.03181554 
500 222 6 9 0.031789083 
5 152 9 15 0.031686477 
480 236 6 10 0.03153851 
911 422 4 5 0.0314135 
524 172 7 7 0.03133754 
902 135 20 32 0.0313375 
909 174 7 12 0.031320047 
911 417 4 5 0.031116605 
832 94 5 9 0.03104736 
832 199 6 7 0.030973285 
834 115 5 8 0.030951407 
673 191 5 6 0.03095128 
801 248 6 7 0.030895164 
381 336 97 109 0.030787075 
837 114 6 10 0.03075071 
440 233 9 14 0.030733319 
673 245 5 5 0.030534279 
490 261 10 18 0.030420303 
870 115 9 19 0.030398468 
844 130 7 13 0.030257093 
492 241 8 13 0.03012743 
459 273 23 34 0.030070812 
430 193 34 31 0.030000435 
901 145 7 13 0.029995482 
910 346 4 5 0.029967666 
813 102 6 7 0.029784115 
907 340 3 5 0.029753525 
648 204 5 6 0.029717004 
766 358 23 23 0.02968946 
644 255 8 8 0.029677983 
442 206 24 33 0.029655578 
478 365 112 73 0.029609885 
453 228 8 12 0.029586546 
907 333 3 6 0.029439934 
542 261 45 75 0.029422075 
883 129 7 14 0.029364485 
912 146 24 30 0.02932207 
879 168 11 16 0.029210674 
809 72 19 25 0.02904625 
861 209 12 17 0.029046135 
647 238 6 6 0.02900795 
973 196 8 11 0.029001385 
948 222 7 8 0.028996106 
848 146 78 110 0.0289871 
660 256 6 6 0.028936127 
888 182 11 13 0.02892733 
491 257 20 37 0.028919782 
10 164 8 13 0.028918108 
920 158 20 28 0.028881002 
440 165 31 24 0.028828664 
863 83 7 8 0.028797718 
864 71 6 7 0.028766263 
916 183 6 10 0.028744854 
833 207 8 12 0.028518485 
864 111 7 14 0.028437758 
806 87 6 9 0.028435625 
616 192 6 6 0.028375667 
620 223 6 8 0.02837235 
902 101 8 17 0.028336305 
893 206 10 13 0.02833129 
871 79 9 13 0.028311681 
916 177 5 9 0.028227601 
801 262 4 6 0.02821654 
625 440 45 54 0.02817199 
648 242 6 7 0.028119024 
888 242 8 11 0.028090386 
633 237 5 7 0.028072648 
917 430 2 4 0.02804918 
836 108 34 54 0.027994892 
898 160 20 29 0.027973408 
801 47 168 177 0.027910147 
886 218 11 14 0.027847217 
796 251 4 4 0.027804844 
517 185 18 28 0.027759625 
912 390 4 5 0.027750367 
407 190 28 28 0.027739754 
408 155 27 22 0.02771884 
891 132 7 14 0.027653309 
754 106 10 11 0.027624043 
679 239 5 4 0.027610358 
928 176 7 12 0.027588453 
911 399 3 4 0.027565412 
816 360 4 6 0.027549911 
396 181 9 12 0.027542017 
844 210 7 10 0.027517773 
802 256 5 7 0.027508603 
539 185 13 18 0.027467366 
882 149 8 14 0.027439931 
1003 196 11 12 0.027342185 
512 210 6 9 0.02733588 
846 113 8 11 0.027322257 
913 71 28 23 0.027303364 
845 63 21 25 0.027302364 
805 72 11 11 0.027293397 
834 141 4 7 0.027287778 
494 237 6 10 0.02728202 
653 256 7 6 0.027281974 
10 150 9 13 0.027252374 
832 91 5 6 0.027238347 
854 76 38 52 0.02723742 
751 231 5 5 0.027216023 
862 196 8 12 0.027163109 
920 118 26 37 0.02715905 
851 72 21 30 0.027118716 
511 202 7 11 0.027083773 
814 110 4 5 0.027030325 
497 253 8 13 0.02691565 
460 221 9 14 0.026891759 
937 161 11 20 0.026887234 
648 193 4 5 0.026830656 
898 183 9 13 0.026804434 
504 378 65 37 0.026737262 
908 99 9 16 0.026717167 
825 209 6 8 0.026693879 
839 195 7 10 0.026661668 
736 107 21 24 0.026609544 
0 147 7 16 0.02657846 
533 356 65 47 0.026569184 
792 218 9 9 0.02655938 
392 356 24 28 0.026553554 
498 263 9 16 0.026539322 
441 253 7 14 0.026520567 
817 78 10 13 0.026506137 
495 224 6 7 0.026504084 
748 119 22 25 0.02648169 
385 198 27 46 0.02646785 
386 180 4 6 0.02644011 
627 236 7 9 0.026422149 
979 221 9 10 0.026347116 
427 231 22 35 0.0262997 
880 103 8 14 0.026264057 
742 210 8 8 0.02625613 
971 200 10 13 0.026242552 
647 199 4 6 0.02622763 
879 192 6 8 0.026197147 
650 244 7 6 0.026144436 
890 111 7 13 0.02608787 
504 217 7 9 0.026060553 
436 252 20 36 0.026000397 
619 245 11 16 0.02599791 
209 456 38 34 0.025822273 
885 206 22 26 0.025800262 
894 222 9 10 0.02578284 
814 123 5 6 0.025764894 
904 353 3 5 0.0257616 
1 182 20 30 0.025758274 
647 211 6 7 0.025747238 
773 225 8 7 0.025731232 
760 375 22 24 0.025728375 
795 245 4 4 0.025715075 
660 246 4 4 0.025693424 
653 236 7 6 0.025688574 
448 252 7 13 0.02566875 
490 273 11 20 0.025665238 
196 458 28 23 0.025597712 
406 179 14 15 0.025596848 
902 138 8 12 0.025580946 
891 119 6 12 0.025573745 
797 201 4 4 0.025495384 
210 432 30 29 0.025474884 
891 177 19 25 0.025445255 
825 204 6 9 0.025370764 
6 137 6 13 0.025361385 
848 244 23 33 0.025343241 
673 185 109 94 0.025342453 
522 177 8 10 0.025342003 
653 205 4 6 0.025327722 
267 166 356 349 0.025314847 
655 199 4 5 0.02528409 
796 211 5 6 0.025265615 
441 241 7 11 0.025264377 
839 120 17 30 0.025225572 
904 357 3 6 0.025221704 
774 347 21 22 0.02520133 
876 142 20 33 0.025191903 
575 206 9 13 0.025190396 
866 228 10 15 0.025181886 
587 205 7 9 0.025136122 
341 236 79 119 0.025130073 
880 92 8 16 0.025107091 
834 99 20 26 0.02507286 
816 89 6 9 0.025065122 
911 216 8 10 0.025040895 
915 198 6 8 0.025030224 
645 263 7 7 0.025021322 
974 191 6 9 0.024945907 
403 154 8 6 0.024937274 
516 167 21 24 0.024920203 
476 181 11 14 0.02491815 
845 145 6 9 0.024896123 
616 187 5 6 0.024858372 
908 232 7 7 0.024809474 
891 333 5 7 0.024793087 
478 256 9 18 0.02478993 
844 215 7 11 0.02476024 
487 241 7 11 0.024757234 
918 399 2 4 0.024750557 
826 84 5 7 0.024742937 
875 124 10 20 0.024731757 
642 199 5 6 0.024718003 
930 94 26 37 0.0247128 
447 276 9 15 0.024682786 
896 110 8 15 0.024586022 
760 346 22 21 0.02458169 
4 -41 426 435 0.024567168 
831 202 8 10 0.024558667 
890 141 9 15 0.024541562 
478 293 24 32 0.02452975 
837 120 7 12 0.024519175 
362 358 30 25 0.024511844 
863 130 7 17 0.02449215 
757 231 5 6 0.024421517 
809 238 4 6 0.0244032 
613 234 10 13 0.024381338 
722 94 22 24 0.02429031 
875 117 19 35 0.024285872 
494 230 6 8 0.02421721 
400 179 12 14 0.024206169 
909 149 8 13 0.024174353 
828 128 4 7 0.024099959 
621 230 6 8 0.02409494 
633 348 40 63 0.02408152 
654 193 4 5 0.024058592 
734 100 11 11 0.024045205 
801 238 4 5 0.024018228 
129 281 5 6 0.023964511 
863 192 7 10 0.023961788 
814 115 5 6 0.023932118 
19 191 6 8 0.023930963 
465 227 23 39 0.023922112 
336 383 30 24 0.02387934 
691 192 5 5 0.023854088 
513 216 6 9 0.023834486 
841 89 5 8 0.0238314 
1008 189 10 12 0.023801755 
868 132 10 21 0.023797646 
903 176 8 11 0.023788074 
407 139 26 21 0.023758503 
499 195 7 11 0.023745911 
124 275 4 6 0.023665443 
616 223 6 8 0.023630245 
466 255 10 21 0.02361654 
858 89 6 9 0.023609983 
542 511 22 22 0.023605812 
26 184 6 8 0.023580695 
406 183 83 83 0.023577081 
839 131 8 12 0.023572566 
925 66 29 21 0.023564095 
727 100 11 11 0.023552345 
503 265 10 16 0.023541456 
640 229 6 7 0.023513455 
953 221 9 8 0.02344942 
841 83 5 6 0.023419868 
866 69 18 21 0.023410136 
823 217 9 11 0.02339336 
1000 484 5 8 0.023373472 
284 291 167 161 0.023334322 
809 97 5 7 0.023324218 
895 160 9 14 0.023312485 
564 185 6 8 0.023305222 
828 63 22 27 0.023305047 
562 418 25 26 0.023293996 
447 231 9 15 0.023268001 
787 218 8 8 0.023267454 
124 111 3 5 0.023251968 
450 257 21 36 0.023209084 
641 193 5 5 0.023208225 
498 228 7 10 0.023199879 
853 72 6 6 0.023157392 
517 214 7 11 0.023153884 
131 276 4 6 0.02313848 
51 81 105 104 0.023115067 
880 81 8 12 0.023106588 
456 221 20 32 0.023090232 
557 349 29 29 0.023087997 
434 271 9 15 0.023063395 
466 222 9 14 0.023059877 
1000 480 5 7 0.023035966 
857 75 7 8 0.023012593 
555 184 9 12 0.022991044 
796 205 4 6 0.02298985 
123 282 5 6 0.02298154 
641 205 5 6 0.022967536 
435 239 8 12 0.02294655 
104 281 4 6 0.022913976 
892 125 6 13 0.022913957 
147 201 27 22 0.02289056 
774 383 8 8 0.022874929 
497 245 8 13 0.022825902 
846 152 6 10 0.022821302 
641 74 109 110 0.022796586 
814 127 5 7 0.022745065 
937 366 4 4 0.02273947 
881 194 11 13 0.022721278 
529 171 9 11 0.022711635 
548 516 10 10 0.022691527 
400 244 33 49 0.02267202 
11 174 9 14 0.022670405 
841 87 21 30 0.022659106 
902 255 7 10 0.022650287 
469 202 20 34 0.022648022 
499 210 7 10 0.02262369 
824 92 17 26 0.022621965 
730 204 6 7 0.022616738 
524 166 7 8 0.022605866 
582 365 6 8 0.02258197 
518 209 7 11 0.022542782 
646 229 7 7 0.022531375 
802 97 5 7 0.022521017 
630 315 40 59 0.022520052 
497 284 18 27 0.022508914 
899 64 19 27 0.022506665 
747 106 11 11 0.022493726 
980 216 8 9 0.022480147 
938 143 10 18 0.02246555 
809 225 6 7 0.02245943 
523 183 11 16 0.022442874 
916 204 6 9 0.022418745 
864 118 7 14 0.022410057 
622 192 6 6 0.022395736 
376 376 8 8 0.022394516 
517 165 9 9 0.022390606 
903 86 21 33 0.022350425 
599 408 20 24 0.02234207 
634 458 6 9 0.022323897 
787 364 8 8 0.022318492 
740 125 21 24 0.022302823 
685 243 6 5 0.022297869 
436 221 7 10 0.022278966 
655 -20 405 354 0.022232883 
455 234 7 11 0.02221775 
428 265 20 33 0.022217212 
835 244 4 6 0.02220799 
881 171 20 24 0.022193922 
834 126 5 10 0.022190686 
487 224 5 7 0.022165425 
808 110 4 5 0.022144586 
744 233 4 4 0.022134015 
628 230 5 6 0.02213127 
559 193 11 15 0.022128245 
846 81 5 8 0.022126758 
628 191 6 7 0.022121113 
491 210 8 10 0.02212087 
761 230 7 7 0.022106485 
852 81 6 9 0.02210528 
434 282 8 15 0.022089245 
505 201 8 13 0.022069845 
913 174 17 28 0.022036014 
5 181 9 15 0.022028375 
806 242 6 8 0.022022841 
894 217 9 9 0.022007622 
900 360 2 5 0.022007605 
802 200 4 5 0.022001177 
827 121 5 7 0.02200053 
761 377 8 8 0.021996703 
889 237 6 8 0.021983597 
479 223 23 37 0.02197821 
520 189 8 12 0.021967055 
894 123 9 20 0.021952307 
481 231 5 8 0.021948377 
904 409 4 6 0.021938391 
839 138 6 11 0.021922208 
480 223 6 10 0.021875042 
518 183 9 12 0.021862108 
973 224 7 6 0.021857705 
917 437 3 4 0.021810982 
384 159 7 7 0.021792393 
540 338 24 23 0.021786878 
19 171 7 10 0.021768542 
835 135 3 6 0.021760112 
766 224 8 8 0.021758243 
912 431 3 5 0.021740446 
460 182 15 15 0.021731729 
815 81 18 25 0.021720117 
710 261 8 8 0.021697143 
402 146 9 9 0.021681882 
488 232 4 6 0.021650126 
835 259 77 116 0.021628404 
887 189 12 14 0.021627093 
636 246 11 13 0.0216242 
978 230 7 8 0.021606956 
809 102 5 6 0.021596253 
445 224 10 15 0.02159213 
821 128 4 6 0.021574603 
865 204 18 23 0.021555705 
754 112 9 11 0.021542946 
780 222 8 9 0.021536538 
796 258 4 5 0.02150644 
471 212 11 18 0.021485388 
906 379 3 5 0.021475576 
906 399 3 4 0.021474594 
397 161 25 24 0.021456987 
833 227 7 10 0.021453593 
906 346 3 5 0.02143413 
371 364 52 53 0.021410523 
762 511 436 342 0.021401627 
819 76 49 59 0.021398017 
603 199 7 6 0.021393722 
951 81 13 18 0.021380767 
8 242 4 7 0.02135125 
801 231 5 6 0.021297408 
729 197 8 9 0.021295976 
599 320 33 37 0.02127977 
795 103 5 6 0.02127101 
686 239 5 5 0.021262309 
710 82 22 23 0.0212317 
580 509 22 26 0.021231633 
24 191 7 9 0.021223383 
833 85 5 6 0.021209916 
907 84 10 15 0.021200884 
385 185 6 8 0.021187108 
911 435 3 5 0.021180965 
720 87 12 11 0.021176757 
760 119 10 11 0.021172684 
821 121 5 7 0.021167703 
436 247 7 11 0.021165932 
588 356 8 11 0.021162707 
441 275 9 16 0.021139538 
911 379 3 6 0.021128006 
889 104 8 13 0.02112085 
460 213 9 14 0.02110481 
542 516 10 10 0.021083562 
634 229 6 7 0.021073315 
361 213 3 5 0.02107276 
990 203 22 28 0.021070052 
472 202 11 18 0.02106422 
439 223 22 34 0.02105566 
893 177 9 12 0.02104813 
747 112 10 12 0.021042818 
907 117 9 15 0.021038072 
392 167 5 6 0.02102346 
917 345 3 5 0.021023288 
479 246 9 16 0.021004474 
491 535 23 26 0.020985313 
647 248 7 9 0.02098451 
784 300 29 24 0.020966914 
838 205 6 8 0.020953836 
827 135 3 7 0.020945055 
496 215 20 27 0.020940838 
922 178 7 11 0.02091733 
916 424 3 4 0.020888593 
789 229 7 7 0.02087959 
510 263 9 15 0.020869326 
652 211 5 7 0.020863175 
803 204 4 6 0.020861106 
504 535 23 27 0.020849163 
479 214 7 12 0.020848356 
522 453 106 89 0.020813158 
898 333 4 7 0.02080093 
917 391 3 4 0.020783886 
525 393 99 90 0.020773346 
504 196 8 11 0.020773266 
687 231 5 5 0.020768773 
877 149 8 15 0.020768607 
682 112 12 11 0.020766262 
762 224 6 7 0.02076581 
793 238 6 5 0.020763556 
397 191 22 31 0.020746557 
569 191 7 9 0.020716576 
921 207 7 10 0.020687329 
628 186 5 6 0.02067056 
806 81 8 10 0.0206397 
21 218 6 7 0.020635424 
814 94 6 9 0.020611959 
758 391 90 119 0.020602599 
498 202 8 12 0.02056984 
486 156 25 24 0.020565644 
795 262 4 5 0.020557469 
910 334 3 6 0.02049986 
906 71 4 6 0.020497398 
600 172 22 22 0.0204534 
831 216 9 11 0.020453233 
780 251 6 7 0.020448571 
576 187 5 6 0.020412892 
127 529 22 26 0.020404257 
838 73 20 29 0.020402834 
666 256 6 5 0.020399017 
606 453 8 10 0.020389007 
865 162 17 30 0.020378886 
504 209 8 11 0.02036719 
858 205 47 57 0.020364406 
881 123 7 13 0.020349685 
933 517 9 8 0.020347243 
865 87 6 10 0.020345006 
19 166 5 9 0.020343307 
772 235 9 9 0.020343186 
901 220 9 11 0.02034014 
401 139 10 10 0.020334 
624 249 11 14 0.020333147 
671 199 5 6 0.020331878 
572 425 11 12 0.020330489 
18 184 6 8 0.020329874 
56 145 13 13 0.020311594 
491 201 8 13 0.020309499 
833 120 6 10 0.0202926 
973 231 7 6 0.020285951 
512 191 6 9 0.020280559 
466 238 10 20 0.020277916 
821 134 5 7 0.02024839 
884 352 4 6 0.02023023 
899 352 3 5 0.02021296 
754 119 9 11 0.020186385 
837 275 7 10 0.020163098 
736 211 7 7 0.02015848 
862 220 10 14 0.020153472 
905 76 6 9 0.02013676 
549 180 20 24 0.020135932 
895 171 8 10 0.020124268 
856 146 18 36 0.020121561 
567 190 17 24 0.020109499 
603 194 6 5 0.020106444 
909 183 6 10 0.020088391 
841 145 5 9 0.02005736 
978 516 9 10 0.020050168 
623 282 82 96 0.020038582 
505 208 18 26 0.020035263 
492 203 20 28 0.020027548 
569 186 5 7 0.020026049 
634 260 8 9 0.020015202 
13 203 6 8 0.020004198 
517 172 9 9 0.020001207 
