13_Interview_Interview_Sequences_13_268
303
517 193 75 96 0.9985701 
867 0 160 141 0.8016694 
40 -17 349 394 0.5322232 
87 162 441 470 0.45932513 
625 174 342 397 0.27172673 
588 370 270 340 0.2628647 
414 -88 407 455 0.24159744 
793 100 92 114 0.22600542 
386 40 206 176 0.20702492 
-17 182 293 376 0.19335134 
627 -19 355 314 0.1442902 
794 81 352 427 0.11636624 
16 269 100 130 0.11606904 
783 10 65 60 0.10667538 
644 506 85 131 0.10608134 
173 -136 472 435 0.10496507 
70 279 44 57 0.09379665 
923 -15 121 87 0.083229795 
768 -112 364 283 0.07953636 
17 -2 234 174 0.07587687 
402 11 62 50 0.072911486 
32 -7 122 75 0.0694415 
462 2 63 45 0.06709019 
685 423 399 423 0.06666499 
882 333 31 44 0.064264 
32 283 53 74 0.061703987 
995 469 25 37 0.05843165 
797 13 28 35 0.055594124 
819 29 30 42 0.054215677 
305 6 101 102 0.054044675 
302 331 116 118 0.05358254 
56 333 105 126 0.05246587 
103 358 47 58 0.051546685 
990 611 39 47 0.049341984 
725 -6 104 97 0.049150508 
545 -18 115 114 0.04906238 
824 354 39 48 0.04776242 
99 608 46 60 0.04628805 
721 529 41 44 0.04497368 
310 180 20 31 0.04436442 
147 592 42 62 0.04402772 
-31 -180 462 360 0.04375827 
755 490 31 34 0.04322081 
977 313 30 36 0.042953316 
290 63 303 366 0.042874437 
657 3 92 91 0.04271795 
91 293 46 49 0.042705476 
13 302 50 73 0.0426948 
708 76 45 47 0.042550433 
372 26 107 103 0.04203151 
152 555 100 104 0.041909054 
256 39 104 84 0.041758996 
487 43 224 214 0.041616596 
55 250 103 110 0.04140714 
-4 332 113 178 0.040626485 
376 92 50 52 0.040547084 
702 556 91 97 0.040424887 
-14 368 383 385 0.040223554 
728 565 28 33 0.03940662 
665 11 31 26 0.038745414 
266 260 224 261 0.03829014 
764 20 22 28 0.03754293 
-22 -179 184 186 0.03738323 
816 12 29 33 0.037257317 
874 129 182 241 0.036980357 
796 536 40 46 0.036805455 
107 26 55 48 0.03677923 
802 41 14 16 0.036455676 
111 49 14 16 0.036421716 
30 495 39 53 0.03623589 
576 53 28 27 0.03617858 
929 624 40 42 0.03611306 
941 341 37 45 0.03596462 
134 362 44 47 0.03551768 
688 42 86 89 0.035497088 
820 100 21 33 0.03544125 
813 435 29 27 0.034800075 
158 377 40 44 0.034244157 
837 53 48 54 0.03394423 
847 359 24 38 0.03392654 
137 134 46 41 0.033815656 
244 35 53 48 0.03373714 
779 28 31 29 0.033695165 
726 49 42 49 0.03332164 
290 82 23 30 0.033126026 
92 163 98 96 0.032895006 
418 54 34 33 0.03273133 
948 244 101 108 0.03240749 
731 11 21 25 0.032264464 
882 351 99 82 0.031971976 
246 546 90 101 0.03194827 
315 199 44 53 0.031896237 
829 54 31 30 0.03176736 
992 254 38 54 0.031721655 
27 460 18 31 0.031424243 
665 -7 31 30 0.031218247 
831 91 30 44 0.030987626 
943 5 31 31 0.030818848 
732 598 49 51 0.030815903 
776 19 24 26 0.030774329 
109 268 47 56 0.030695073 
862 267 87 108 0.030416774 
970 579 72 90 0.029931068 
750 579 47 51 0.029714234 
334 401 27 22 0.02935849 
20 354 43 60 0.028937224 
679 12 31 32 0.028891891 
352 38 44 50 0.028848603 
969 -19 25 23 0.028749429 
818 105 10 17 0.028698085 
389 153 363 415 0.028640395 
764 344 101 118 0.02850541 
993 -11 30 25 0.028457424 
639 121 103 97 0.028324598 
411 -8 108 79 0.028140344 
92 321 52 60 0.028083375 
337 516 111 104 0.027970135 
824 103 8 13 0.027875282 
676 492 96 104 0.02783593 
816 68 107 104 0.02783515 
97 55 16 17 0.027774204 
346 268 45 46 0.02776852 
315 318 43 61 0.027730197 
282 75 13 16 0.02759992 
273 75 51 51 0.027489252 
273 542 44 59 0.027399328 
633 440 85 125 0.027385073 
786 6 28 33 0.02712949 
710 19 24 30 0.027064808 
101 7 33 33 0.02695086 
957 250 46 64 0.026885692 
304 68 13 19 0.026745023 
140 201 39 48 0.026725823 
721 15 45 50 0.026689462 
701 448 38 48 0.02658964 
971 293 28 40 0.026364302 
961 -5 29 22 0.026059033 
401 560 12 15 0.026054086 
371 572 28 28 0.026007643 
590 51 29 28 0.025995106 
478 22 117 118 0.025934948 
150 22 13 18 0.025884034 
503 0 51 51 0.025803747 
883 359 27 31 0.025770543 
358 82 41 49 0.025532523 
315 204 15 20 0.025483236 
52 306 55 70 0.02523973 
156 482 80 95 0.025181582 
478 39 29 29 0.025130192 
369 52 45 53 0.025041858 
829 109 7 11 0.024965743 
844 310 74 91 0.024890175 
704 327 53 70 0.024870569 
173 315 29 38 0.024860749 
677 548 47 69 0.024827247 
809 170 98 131 0.024816236 
819 419 106 108 0.024809705 
387 577 26 26 0.024648212 
613 1 50 48 0.024622671 
176 588 51 59 0.024599962 
732 27 13 17 0.024581322 
95 37 31 34 0.024557224 
278 88 23 31 0.024499044 
689 89 49 52 0.024488868 
113 46 29 31 0.02447162 
301 202 27 36 0.024464242 
181 620 15 22 0.024385773 
754 34 51 56 0.024349654 
504 40 26 30 0.024055569 
954 491 107 122 0.023955781 
687 -44 217 182 0.023857871 
247 99 44 52 0.023856094 
366 6 50 51 0.02384606 
801 55 16 18 0.02371908 
182 518 44 51 0.023687817 
506 54 29 36 0.023647029 
269 65 26 25 0.023529815 
572 499 75 139 0.023474079 
777 263 25 26 0.023454946 
302 73 23 28 0.023357742 
932 304 81 97 0.023352694 
706 589 49 53 0.023278909 
874 94 11 15 0.02327286 
808 32 14 19 0.023246465 
808 45 16 20 0.02320778 
150 553 26 29 0.023190828 
436 17 15 15 0.023173643 
695 23 29 34 0.023108477 
787 622 63 61 0.023066651 
810 333 20 30 0.023041865 
552 99 47 51 0.023022275 
330 100 11 16 0.022969617 
993 380 38 46 0.022968877 
906 557 28 35 0.022967855 
13 402 47 87 0.02283631 
255 167 102 110 0.022766922 
171 178 247 250 0.02269267 
665 481 45 61 0.022658633 
847 231 28 43 0.022653202 
501 398 115 127 0.022636326 
118 342 45 52 0.022617202 
795 27 16 17 0.022552203 
375 301 46 49 0.022518268 
179 16 17 16 0.02251512 
379 1 26 24 0.02249672 
329 216 48 51 0.022443213 
329 368 52 57 0.022432018 
1014 99 12 20 0.022400511 
432 115 108 122 0.022336291 
911 379 33 38 0.02233462 
904 129 98 120 0.022300923 
557 71 123 116 0.022264047 
19 451 74 95 0.0222603 
200 9 27 27 0.022222066 
67 313 14 23 0.0222168 
901 274 28 44 0.022188935 
516 38 51 54 0.022169307 
928 382 85 98 0.022130497 
131 50 30 31 0.022119178 
769 486 90 96 0.02210432 
883 95 29 34 0.022088667 
79 545 42 51 0.022055315 
134 240 41 68 0.022044053 
654 13 48 50 0.021988817 
-1 567 77 115 0.021985332 
975 282 13 20 0.021973502 
290 58 54 46 0.021970581 
96 175 44 55 0.0219498 
718 31 21 31 0.021947183 
635 48 46 47 0.021923289 
114 316 27 32 0.0218916 
850 87 31 35 0.021880819 
398 536 25 28 0.02185793 
977 119 12 14 0.021822061 
254 63 49 48 0.021806154 
780 310 26 33 0.021794809 
788 34 16 16 0.021765115 
864 465 100 131 0.021756507 
429 23 14 16 0.02172065 
784 104 21 31 0.02171279 
783 108 50 65 0.021658584 
194 522 103 103 0.021654604 
100 58 108 131 0.021581255 
888 414 92 111 0.021523133 
323 91 13 17 0.021522854 
361 71 25 32 0.021448936 
802 4 124 89 0.021379147 
553 55 14 15 0.021366404 
291 72 14 18 0.021281889 
312 177 93 100 0.021269338 
653 21 26 28 0.021264382 
391 522 26 30 0.021256369 
394 560 12 15 0.021255892 
775 2 23 26 0.021139583 
795 43 14 14 0.021116734 
165 169 130 158 0.021115374 
830 104 7 10 0.021067202 
537 161 28 23 0.021050481 
224 171 46 51 0.021040397 
967 10 15 16 0.021025935 
314 240 101 96 0.020976664 
399 79 48 57 0.020958982 
971 -3 38 28 0.020900872 
982 283 14 20 0.020899616 
-2 20 119 111 0.020892926 
406 554 13 18 0.020798137 
179 171 29 37 0.020781955 
536 42 26 26 0.02075031 
525 26 24 32 0.02070178 
412 5 31 29 0.020687252 
342 94 22 34 0.02067835 
970 126 12 13 0.020672647 
937 -2 32 21 0.020671807 
792 47 31 34 0.02066777 
190 18 29 30 0.020623373 
157 23 13 19 0.02061882 
685 598 27 36 0.02061771 
819 95 8 14 0.020616535 
317 399 52 51 0.020595431 
110 61 15 16 0.020579183 
116 578 95 116 0.020533986 
257 69 25 27 0.020530203 
977 279 25 35 0.02051184 
865 78 16 19 0.020497527 
649 371 89 115 0.020465221 
115 3 64 46 0.020458337 
516 309 97 130 0.020430148 
874 81 11 16 0.020423478 
841 65 29 26 0.02037481 
738 -1 21 25 0.020326056 
283 168 44 50 0.020319771 
778 327 24 31 0.020294158 
802 124 4 6 0.020286808 
828 75 28 32 0.02024463 
989 2 32 29 0.020152818 
501 49 14 16 0.020127326 
845 468 29 35 0.020092145 
639 87 32 32 0.020060714 
651 1 32 27 0.02005257 
764 368 47 66 0.020051127 
559 62 14 14 0.020037415 
960 11 15 18 0.020032022 
645 181 116 112 0.020011112 
