13_Interview_Interview_On_Location_13_521
31
176 218 36 52 0.9985227 
890 7 122 146 0.9976185 
706 36 90 155 0.9959084 
882 212 31 42 0.995006 
387 347 18 21 0.1818007 
636 320 11 14 0.059762932 
436 48 6 10 0.05696157 
642 265 4 5 0.050900746 
610 265 4 5 0.042510137 
617 271 4 5 0.039780613 
635 271 4 5 0.036747657 
636 265 3 4 0.034976818 
616 265 4 4 0.030028116 
610 268 4 5 0.029764568 
644 269 6 8 0.028912675 
601 330 15 16 0.026724925 
344 449 45 68 0.02597672 
483 329 5 6 0.02475407 
624 265 4 4 0.02408375 
622 272 3 4 0.023828253 
442 51 78 108 0.02373242 
642 260 3 4 0.023257773 
543 413 52 53 0.02325753 
628 265 4 4 0.02318548 
637 259 3 4 0.02285602 
501 310 4 4 0.021325294 
439 100 22 44 0.020995993 
398 317 8 9 0.020839091 
623 258 5 4 0.020520072 
113 286 13 16 0.02035922 
-20 -217 182 174 0.020307522 
