13_Interview_Interview_Sequences_13_636
88
723 81 96 134 0.99863404 
803 131 106 142 0.9250532 
756 14 314 385 0.1534366 
767 298 92 102 0.08995471 
-22 -172 186 180 0.08353538 
10 290 269 443 0.05484077 
560 355 450 358 0.050844334 
759 341 113 129 0.047375858 
915 157 23 31 0.04522115 
679 241 174 231 0.042803884 
544 393 181 219 0.039583094 
272 507 33 55 0.039513525 
299 515 10 20 0.0394035 
395 208 354 395 0.03931393 
148 120 15 32 0.0391222 
580 440 80 122 0.039010752 
807 407 5 6 0.035717297 
630 471 118 132 0.034730647 
644 221 47 51 0.03377206 
869 116 108 125 0.03327832 
664 290 7 9 0.032941077 
558 518 110 130 0.032161374 
664 298 8 11 0.032118257 
292 501 9 15 0.030950157 
854 -189 271 178 0.0308633 
699 265 104 102 0.030785015 
630 225 4 7 0.030224532 
815 374 27 26 0.03019372 
261 535 8 14 0.0300966 
299 527 11 18 0.030072086 
807 410 6 7 0.028175423 
383 -45 489 441 0.027404936 
796 409 22 31 0.026997244 
659 263 6 8 0.026785305 
-3 -34 340 473 0.02638896 
319 243 19 23 0.02630963 
600 415 7 13 0.025923688 
613 121 352 395 0.025525736 
293 516 10 18 0.024628233 
909 152 45 61 0.02449247 
806 387 21 26 0.024473347 
811 414 22 33 0.024287917 
757 267 55 64 0.024059024 
602 409 5 11 0.023930449 
813 401 8 11 0.023874385 
245 516 13 22 0.02378051 
262 502 9 14 0.023681972 
802 407 5 6 0.023629894 
287 497 8 16 0.023606414 
614 404 6 12 0.023497174 
802 410 4 6 0.02340444 
692 256 7 9 0.023356622 
674 294 6 9 0.023281377 
655 273 23 32 0.023212282 
646 -138 452 355 0.023199596 
665 305 22 32 0.02312082 
647 251 21 30 0.023088114 
622 232 4 6 0.023000477 
737 518 433 382 0.022988068 
618 298 80 105 0.022865294 
666 282 6 8 0.02285167 
667 271 4 7 0.022723004 
812 410 6 8 0.02261735 
764 219 104 110 0.022152144 
919 598 107 112 0.022147993 
642 252 5 8 0.022090483 
655 257 6 9 0.021889847 
829 384 22 32 0.021844983 
68 -200 490 288 0.021790115 
686 292 5 7 0.02176147 
834 213 32 33 0.02161664 
203 512 16 29 0.02160513 
304 514 11 19 0.021390388 
826 390 6 7 0.021328608 
391 483 417 496 0.021076113 
309 507 11 18 0.021005455 
267 535 7 15 0.020933934 
856 266 21 37 0.020700216 
666 307 6 8 0.02069878 
686 513 132 128 0.02063863 
710 283 53 59 0.020384945 
672 297 19 26 0.020373832 
637 361 45 57 0.02032767 
507 500 6 10 0.020316042 
422 -199 488 287 0.020296598 
42 146 12 14 0.020280445 
652 311 23 31 0.02005096 
222 512 19 34 0.02004501 
