13_Interview_Interview_Sequences_13_237
23
548 79 178 227 0.9998115 
766 93 194 208 0.44708076 
910 264 170 242 0.25934836 
791 47 323 361 0.14598505 
278 264 176 171 0.1008578 
395 312 47 51 0.089473985 
473 189 20 16 0.071011074 
-21 -259 189 189 0.06409956 
405 315 20 33 0.056858227 
457 174 16 16 0.056492828 
368 292 87 94 0.05413386 
407 318 10 19 0.041964196 
334 -4 359 370 0.03493656 
801 320 317 331 0.033823103 
1009 303 10 17 0.033381246 
-2 -286 444 277 0.0322369 
411 333 24 28 0.031151718 
415 -287 477 290 0.030789983 
862 -272 265 200 0.02513491 
-12 325 165 319 0.023725905 
220 207 354 292 0.023475178 
86 192 115 110 0.022016736 
398 336 25 34 0.020513555 
