13_Interview_Interview_Sequences_13_813
17
375 156 228 299 0.9997435 
346 523 211 407 0.86715484 
689 636 168 378 0.29200634 
252 634 214 381 0.08898757 
209 704 125 231 0.07717791 
-16 2 132 258 0.0396881 
450 494 351 580 0.031994022 
1082 -11 354 344 0.030120034 
-294 7 257 303 0.02942467 
-273 1095 212 459 0.027044091 
274 791 64 142 0.024989886 
546 529 56 78 0.02490483 
596 1336 225 293 0.024067247 
216 715 74 113 0.022411585 
66 635 435 653 0.022375422 
952 877 496 740 0.022207264 
-53 1001 262 382 0.021629151 
