13_Interview_Interview_On_Location_13_3
208
923 283 60 85 0.9952107 
645 292 453 308 0.15871194 
526 414 495 375 0.14259623 
173 238 456 304 0.13592356 
-4 474 520 385 0.086277455 
-88 198 422 321 0.07881195 
-30 -149 179 167 0.078173086 
966 458 72 193 0.07110736 
22 461 3 5 0.061236095 
351 89 500 409 0.057504207 
678 226 25 24 0.05635542 
577 243 79 40 0.047920607 
665 234 25 30 0.047682423 
616 39 489 431 0.0461379 
26 250 186 163 0.045188386 
579 211 143 86 0.04250323 
207 362 554 398 0.039866146 
486 228 45 38 0.038839098 
753 456 140 108 0.03830341 
664 223 25 24 0.03719584 
466 240 26 23 0.036618397 
852 -147 269 147 0.036345705 
677 239 31 32 0.035601787 
99 304 52 42 0.034650456 
1 465 4 9 0.034609467 
-9 522 58 158 0.03418074 
151 316 9 14 0.033785008 
159 330 7 9 0.033586934 
154 329 6 10 0.033373177 
-4 365 147 108 0.032935143 
156 324 9 11 0.03271468 
991 70 9 11 0.032440465 
164 292 23 22 0.03241459 
7 456 4 5 0.032211922 
1005 61 9 11 0.03204475 
149 332 5 7 0.031477667 
302 337 139 124 0.0314702 
666 346 5 5 0.031212196 
154 291 59 49 0.031211207 
1 461 4 8 0.031036647 
104 310 27 23 0.030886013 
657 216 65 49 0.030599385 
647 235 27 27 0.030168226 
450 761 5 6 0.030128324 
996 63 9 8 0.029996993 
500 224 23 24 0.029974788 
562 301 131 105 0.02975376 
334 461 6 6 0.029307576 
58 760 6 8 0.029287657 
658 245 25 30 0.029104134 
907 36 23 23 0.029087948 
247 425 130 94 0.028576912 
651 203 23 24 0.028462628 
148 313 19 27 0.02843374 
606 219 73 50 0.028322656 
598 222 29 21 0.028025428 
16 462 3 4 0.027919773 
1010 60 9 11 0.027909938 
716 207 25 30 0.027881835 
490 577 127 118 0.027555725 
65 736 6 8 0.027394766 
450 259 14 12 0.027279433 
996 54 10 10 0.02725198 
678 211 23 24 0.027248265 
87 221 121 108 0.027190074 
672 243 6 8 0.027110493 
805 425 137 105 0.026986416 
667 315 5 5 0.026967267 
911 358 149 277 0.026770983 
8 474 4 7 0.026558483 
701 215 24 26 0.026554715 
153 292 7 11 0.026488107 
982 61 8 9 0.026426844 
920 37 23 22 0.026382556 
659 249 7 8 0.026314862 
511 319 51 52 0.026311195 
163 320 25 25 0.025793824 
992 63 7 8 0.025689296 
387 227 113 86 0.025569513 
400 220 303 193 0.025397394 
914 51 22 22 0.025396347 
667 340 5 5 0.0253285 
164 287 11 10 0.025205608 
670 248 9 11 0.025147084 
452 241 51 41 0.025066707 
-5 -144 60 144 0.024958465 
662 347 4 4 0.024948409 
17 456 2 5 0.024929345 
22 457 3 4 0.02483817 
575 238 31 25 0.024698265 
666 250 7 8 0.024628598 
515 227 11 15 0.024624981 
650 253 11 12 0.024389751 
34 461 4 5 0.024385383 
658 243 8 8 0.024309078 
340 507 6 6 0.024255076 
709 760 7 6 0.024201257 
6 460 4 7 0.024097336 
169 316 14 14 0.024055142 
673 230 6 6 0.023869807 
169 329 11 12 0.023842586 
628 228 30 24 0.023737727 
126 310 25 26 0.023650087 
537 313 58 47 0.02359725 
650 247 11 11 0.02354946 
677 242 10 10 0.02348661 
703 299 11 14 0.023412542 
658 236 8 7 0.02336695 
901 51 23 22 0.023335049 
211 376 137 101 0.023334801 
692 230 14 14 0.023291817 
708 129 96 87 0.023075592 
817 95 47 49 0.023044828 
182 318 11 11 0.023030022 
653 327 5 6 0.022984056 
681 239 12 12 0.022942862 
280 538 647 402 0.022910371 
934 69 22 22 0.022752466 
431 266 14 13 0.022745172 
662 335 4 5 0.02269623 
635 163 118 109 0.022670262 
132 309 54 55 0.022667509 
224 428 30 23 0.022595055 
645 333 8 6 0.022588138 
785 515 24 26 0.022571774 
672 366 7 7 0.022488166 
409 260 26 24 0.022419963 
724 201 42 47 0.022233589 
165 242 23 23 0.022212282 
516 223 45 43 0.022199614 
166 268 23 21 0.022137914 
148 325 7 10 0.022130383 
139 291 20 26 0.022084659 
124 281 117 88 0.021944081 
668 353 4 4 0.021935046 
781 168 50 53 0.02191582 
871 87 100 100 0.021910613 
154 325 24 29 0.021806374 
13 481 3 6 0.021790948 
158 291 11 12 0.021778317 
801 145 6 8 0.021706844 
163 303 24 25 0.021697083 
640 328 6 6 0.02169313 
667 253 28 33 0.021691034 
333 449 5 5 0.021682568 
155 338 5 7 0.021619087 
139 326 22 30 0.021551149 
932 42 11 11 0.021505337 
1019 256 4 7 0.021467024 
175 329 11 11 0.021442354 
667 244 6 7 0.021425236 
401 269 25 24 0.021420192 
913 42 10 11 0.021420171 
8 448 4 6 0.021405287 
990 48 45 49 0.021398544 
430 259 14 12 0.021393642 
738 174 267 220 0.021352245 
662 290 5 5 0.021339064 
661 354 4 4 0.021311073 
165 282 8 7 0.02126172 
587 229 31 22 0.021206753 
473 776 133 99 0.021155313 
661 327 5 5 0.020999836 
654 289 5 6 0.02096662 
767 217 5 6 0.020957958 
596 252 35 23 0.02093452 
720 272 25 26 0.020900818 
6 466 5 8 0.020900475 
265 429 27 22 0.020877168 
993 50 7 7 0.02087565 
996 70 9 10 0.020842496 
118 279 21 24 0.020810334 
393 404 5 5 0.020783547 
749 609 505 392 0.020766908 
631 327 27 25 0.02076377 
647 314 6 5 0.02076035 
687 217 23 24 0.020746935 
684 230 10 10 0.020699006 
107 293 25 25 0.020669589 
290 414 64 61 0.020662118 
710 756 6 6 0.020638134 
17 422 4 7 0.020619983 
672 237 7 7 0.020613307 
997 61 23 24 0.020611214 
933 37 22 22 0.020584 
450 758 5 4 0.020579467 
997 44 8 7 0.020569459 
635 309 5 5 0.02054756 
661 322 4 4 0.020520577 
643 253 13 12 0.020439453 
158 312 9 11 0.020375857 
672 332 7 7 0.020355398 
979 58 7 8 0.020343553 
925 42 11 11 0.020331223 
662 316 4 4 0.020323569 
809 515 4 3 0.020314649 
497 312 104 95 0.020287978 
745 403 26 26 0.020263813 
474 217 22 19 0.020254672 
262 374 53 48 0.020238698 
646 327 7 6 0.020207565 
450 266 14 13 0.020192703 
147 311 8 12 0.020177213 
16 475 3 5 0.02015028 
789 524 6 8 0.020141728 
711 500 5 6 0.020139651 
273 480 24 23 0.020118296 
296 501 6 5 0.020065011 
