13_Interview_Interview_Sequences_13_2
72
495 171 48 65 0.9998387 
946 19 48 57 0.9988086 
266 186 54 75 0.9984517 
316 139 25 34 0.99799585 
567 28 40 47 0.9968021 
549 200 30 42 0.9966953 
656 27 33 43 0.9951375 
326 27 29 43 0.9949909 
746 290 74 96 0.9948054 
645 147 29 39 0.9947449 
236 29 37 43 0.9945675 
918 221 33 43 0.99365896 
228 189 21 38 0.9934915 
122 272 53 63 0.99148375 
638 235 53 79 0.9913429 
-1 23 23 44 0.95478725 
13 242 20 25 0.91570294 
-1 134 14 36 0.7554295 
374 149 14 15 0.2477169 
938 27 11 14 0.19074102 
573 521 18 27 0.16665077 
51 172 21 22 0.15475793 
627 293 23 26 0.13615878 
374 173 21 31 0.09860582 
229 32 10 14 0.09456516 
561 33 10 13 0.08756177 
540 196 22 32 0.08447944 
50 147 13 13 0.0780587 
52 202 22 34 0.06788203 
974 15 50 56 0.045562986 
289 198 63 79 0.042475045 
425 517 12 20 0.040580064 
512 595 50 60 0.039577205 
421 176 34 38 0.03858248 
690 375 37 41 0.036563195 
407 588 6 11 0.03599024 
28 245 13 21 0.03579579 
181 267 34 59 0.035215754 
715 160 14 14 0.03412195 
327 225 37 55 0.033766378 
449 -9 36 26 0.033621356 
709 185 24 26 0.033053394 
141 61 35 45 0.03280262 
838 4 19 26 0.03253053 
745 114 38 62 0.031797554 
331 2 30 25 0.031484738 
399 177 21 37 0.03075321 
758 655 55 48 0.028991513 
440 174 26 32 0.028061304 
121 -5 34 23 0.02709667 
546 202 10 15 0.0268568 
881 204 25 25 0.025639636 
511 72 24 33 0.025355542 
678 169 26 33 0.024849445 
197 179 20 23 0.023948105 
849 20 29 31 0.023235139 
646 310 20 35 0.023218285 
186 69 22 32 0.023000298 
158 268 22 39 0.022769105 
349 492 13 17 0.022274178 
385 174 24 37 0.022207731 
377 143 21 29 0.022132559 
87 191 12 16 0.02194712 
452 371 26 35 0.021892793 
350 156 18 26 0.021391984 
943 106 19 29 0.02128616 
466 74 36 47 0.021060979 
263 519 36 42 0.021041432 
415 418 32 52 0.020443924 
412 333 21 36 0.02035798 
445 477 17 30 0.020323936 
76 621 41 50 0.020105956 
