13_Interview_Interview_2_People_Visible_13_285
525
531 245 134 216 0.9994505 
189 949 6 11 0.1628895 
165 940 7 11 0.14455128 
108 1022 7 11 0.11776839 
274 949 13 13 0.11558069 
376 390 16 20 0.10883904 
631 1058 5 9 0.10523536 
668 1002 7 11 0.104384154 
17 319 8 27 0.102793425 
993 136 12 28 0.08826857 
16 274 9 26 0.08764474 
643 1068 6 10 0.08660173 
965 130 7 14 0.07782653 
649 1071 5 9 0.07158778 
17 455 9 26 0.07038135 
775 1004 9 11 0.06976087 
745 994 6 11 0.06589568 
245 941 6 11 0.063747115 
15 107 9 21 0.059982073 
18 634 8 28 0.05980578 
200 926 5 10 0.05875382 
706 1006 6 11 0.057894103 
674 1068 7 12 0.05744529 
659 1071 5 9 0.05710462 
16 363 9 28 0.0566965 
742 990 6 10 0.05539121 
720 996 5 11 0.05511389 
199 949 7 12 0.05406923 
1000 1397 6 11 0.05392496 
995 82 20 46 0.05346389 
995 226 10 29 0.053457495 
273 935 8 9 0.05206105 
17 948 10 29 0.05150913 
296 944 10 9 0.05146179 
719 1003 7 13 0.049603995 
997 545 9 26 0.04941604 
16 409 10 27 0.04927541 
998 1173 9 29 0.048753206 
661 1075 5 10 0.04863683 
595 1004 8 10 0.04842951 
18 724 9 29 0.04711314 
998 950 9 27 0.04687232 
351 433 61 116 0.04610418 
17 499 8 27 0.045843262 
638 940 7 11 0.045556784 
15 137 10 28 0.045076124 
997 93 10 23 0.044463716 
141 1029 10 14 0.044366572 
997 772 9 26 0.043784957 
1065 234 389 664 0.04375372 
398 945 5 8 0.043487284 
784 942 8 12 0.042871926 
18 546 8 25 0.042352572 
786 1027 34 44 0.041423496 
185 945 5 9 0.041329004 
8 86 20 42 0.04087012 
789 1004 8 11 0.040754043 
318 947 12 15 0.03969749 
602 1075 7 13 0.03969145 
667 1068 6 11 0.039276812 
565 1060 4 8 0.039209463 
899 95 26 17 0.03904824 
998 906 9 26 0.03888865 
978 99 11 24 0.03883639 
481 850 6 11 0.03859572 
643 1074 6 11 0.037957706 
759 998 5 9 0.037828 
802 1006 7 9 0.037565663 
996 361 9 29 0.037514526 
16 184 9 26 0.03739752 
762 1026 28 42 0.03733196 
819 854 6 9 0.03730383 
534 1058 5 10 0.037284814 
995 316 9 29 0.037254374 
756 1003 6 11 0.037237957 
830 862 7 10 0.03675066 
452 944 6 10 0.036507584 
807 890 28 37 0.03630567 
1005 95 12 27 0.036280144 
567 1006 6 8 0.036188677 
114 961 14 24 0.036142766 
624 1060 5 8 0.036118094 
201 930 5 11 0.036049727 
998 1040 10 27 0.03604614 
596 1075 8 12 0.03584095 
337 933 6 8 0.035601195 
202 138 4 6 0.03558002 
21 1399 6 10 0.035344336 
998 1129 10 29 0.035240337 
989 99 11 25 0.035153937 
995 107 10 20 0.035093393 
995 270 10 30 0.03498467 
630 1069 6 10 0.034373295 
368 412 55 81 0.03432514 
751 1004 6 11 0.033937085 
1030 559 377 660 0.033671245 
840 1002 13 12 0.03340307 
289 961 35 40 0.03338393 
200 678 8 15 0.033276208 
602 1069 6 10 0.03307333 
786 936 5 8 0.0329615 
775 999 8 9 0.032790985 
547 997 9 11 0.03209074 
18 680 9 28 0.032063395 
1008 91 6 15 0.03181283 
937 94 23 19 0.031763233 
721 990 4 8 0.03167779 
273 942 13 13 0.0315544 
653 720 31 28 0.031508274 
996 677 10 28 0.03149682 
621 1067 7 12 0.031361483 
782 946 11 17 0.031361245 
416 936 5 9 0.03133589 
685 1068 6 11 0.031324428 
822 885 30 43 0.031291414 
997 816 9 26 0.0312073 
-202 15 162 314 0.03094932 
1005 1396 6 13 0.030925218 
18 907 9 25 0.030858094 
230 905 115 129 0.030833917 
999 153 8 20 0.03077684 
164 949 9 13 0.030739129 
849 856 5 8 0.030618753 
697 1069 6 11 0.030525764 
870 861 8 12 0.030461159 
532 1054 5 8 0.030209053 
1054 5 302 306 0.030124763 
801 1012 9 11 0.030064091 
141 970 26 40 0.029890828 
100 1033 27 44 0.029642323 
397 948 6 11 0.029526332 
640 1062 5 8 0.029458622 
714 933 6 9 0.029176299 
748 974 129 129 0.028933441 
621 1075 8 13 0.028806072 
816 911 12 16 0.02877679 
283 975 17 18 0.028769366 
785 986 28 37 0.028659659 
325 915 26 37 0.028585024 
806 971 31 41 0.028578937 
568 1061 5 9 0.028555347 
288 912 28 35 0.0285071 
997 590 9 26 0.028490636 
718 1075 7 11 0.028477948 
843 890 26 41 0.028309433 
131 1007 6 12 0.028265323 
169 937 6 9 0.02823022 
286 950 11 12 0.028131176 
104 1023 7 10 0.02812684 
216 677 11 16 0.02812308 
996 635 10 27 0.028107947 
304 913 29 35 0.028090978 
671 720 32 30 0.027863545 
998 1220 10 29 0.027777577 
673 1049 26 40 0.02758189 
26 97 12 23 0.02749404 
846 844 8 11 0.02747092 
823 911 14 18 0.027447216 
992 91 6 14 0.027417073 
317 943 10 11 0.027392918 
771 1046 28 40 0.02727618 
791 999 8 9 0.027232155 
827 1031 10 13 0.027156735 
344 346 99 139 0.027008498 
392 944 5 8 0.02700814 
205 975 12 21 0.026967084 
148 952 6 9 0.02689678 
682 955 26 37 0.026884193 
233 676 7 9 0.02679808 
772 1008 12 16 0.026778918 
736 1005 7 12 0.026739236 
803 919 32 39 0.026704263 
275 975 16 18 0.026696945 
107 1027 9 15 0.026692515 
794 1054 32 44 0.026650788 
354 407 15 21 0.026643751 
804 1013 34 43 0.026643416 
828 788 54 76 0.026574088 
557 998 7 9 0.02649854 
745 1028 28 41 0.026472338 
112 1041 27 45 0.026389692 
819 988 8 10 0.026384234 
120 1031 7 12 0.026285943 
712 976 22 39 0.026284864 
996 453 10 28 0.026278656 
651 1019 8 14 0.026208678 
146 959 7 12 0.026175778 
161 961 24 39 0.026166577 
605 959 6 10 0.026142178 
300 949 11 12 0.02611173 
765 997 5 9 0.026013568 
385 409 28 43 0.026003571 
18 1176 9 28 0.025997136 
293 954 15 16 0.025965655 
720 1011 7 13 0.02594558 
122 1094 5 9 0.025924884 
399 937 4 8 0.02588119 
818 1032 10 12 0.0258449 
998 1085 9 28 0.025765982 
597 1070 7 10 0.025742915 
792 882 24 39 0.025740536 
799 924 7 11 0.025709268 
544 851 6 10 0.0256892 
854 866 27 39 0.025684629 
266 974 16 19 0.025555532 
184 957 7 14 0.025518179 
283 944 34 34 0.025515357 
271 971 39 39 0.025503274 
212 933 5 10 0.025365634 
996 497 10 28 0.025361396 
998 996 9 26 0.025308326 
350 947 14 16 0.025302308 
781 998 7 8 0.025291834 
800 1032 10 12 0.02525537 
122 969 26 41 0.025166502 
810 982 66 65 0.025128892 
124 1089 4 8 0.025123056 
245 937 5 8 0.0250773 
16 227 9 28 0.025011843 
154 952 7 11 0.024994731 
245 948 8 14 0.02498409 
351 937 8 8 0.024938898 
138 1026 27 36 0.024919111 
323 935 8 9 0.024917247 
-205 1016 169 468 0.024907984 
999 1407 6 12 0.024898475 
630 1074 6 12 0.02484733 
823 1019 13 15 0.024845243 
137 929 24 40 0.024800261 
314 469 100 153 0.024767414 
672 1008 24 39 0.024736302 
132 1010 9 14 0.024735443 
970 111 10 18 0.024594447 
290 1007 8 9 0.024589136 
760 807 35 37 0.024581924 
702 1070 7 10 0.024516234 
849 862 6 9 0.02445365 
614 1067 6 11 0.024425976 
808 1033 10 11 0.024416761 
998 861 9 26 0.024414785 
666 1010 9 16 0.024413237 
498 846 5 8 0.024412997 
815 964 15 19 0.024403555 
802 847 5 7 0.024395293 
311 974 15 19 0.024393784 
994 179 11 30 0.0243854 
810 1052 7 8 0.024296673 
337 929 5 7 0.024284163 
99 1002 25 39 0.024279987 
563 1055 4 6 0.024274494 
433 941 5 10 0.024265839 
616 1062 5 8 0.024203973 
461 847 4 8 0.024199054 
118 1024 6 10 0.024191633 
734 1015 27 43 0.024188053 
18 861 9 27 0.024141625 
902 820 451 718 0.024120837 
219 957 9 14 0.0241017 
309 961 32 41 0.02407174 
791 1032 10 12 0.024057873 
340 915 28 37 0.024040818 
836 820 61 79 0.024033021 
45 102 10 15 0.023999123 
606 1063 4 7 0.023968011 
807 1022 10 12 0.023946278 
784 1007 33 36 0.023930091 
658 1003 6 11 0.023901625 
323 1002 29 38 0.023876699 
241 973 25 37 0.023866033 
19 1312 9 29 0.023834532 
279 931 135 131 0.023805903 
854 96 27 16 0.023771048 
525 846 5 8 0.02376941 
605 955 5 8 0.023692362 
817 858 9 13 0.023630623 
259 974 14 18 0.023617135 
301 983 15 17 0.023595098 
211 928 4 7 0.023571463 
228 943 5 9 0.02356044 
340 895 11 14 0.023525441 
90 1048 27 49 0.023523971 
952 107 42 101 0.023521477 
783 836 116 109 0.023492137 
251 963 28 37 0.023484815 
117 942 6 11 0.023472754 
717 934 6 8 0.023462256 
303 958 11 13 0.02345477 
766 1004 7 11 0.02341917 
991 158 6 15 0.023397125 
845 821 28 47 0.023378048 
601 671 9 13 0.02334116 
802 1043 7 9 0.023332052 
816 922 11 14 0.02332122 
129 996 8 13 0.023300625 
432 1007 5 9 0.0232895 
792 989 8 10 0.023280703 
359 896 10 13 0.023233417 
604 942 6 9 0.023212908 
358 924 9 11 0.023203691 
135 997 7 11 0.02316886 
484 1047 27 36 0.02315296 
415 941 5 10 0.023145389 
997 726 9 25 0.02313006 
333 947 9 14 0.023116672 
800 915 6 9 0.023116361 
133 288 12 20 0.023102378 
126 1093 5 11 0.023095833 
287 994 13 14 0.023084903 
821 195 42 81 0.02306554 
698 944 27 38 0.023065245 
320 974 15 20 0.023031974 
189 956 8 14 0.023007564 
275 133 33 36 0.022922952 
38 97 6 12 0.022896593 
64 967 8 14 0.022891626 
18 1222 10 28 0.022825733 
315 896 10 12 0.02281152 
837 988 9 10 0.02280825 
610 1077 6 11 0.022746805 
284 966 15 17 0.022744536 
525 1053 5 8 0.022719726 
906 983 11 17 0.022714779 
973 105 8 15 0.022714362 
154 958 8 13 0.022708127 
368 904 10 14 0.022663577 
480 839 5 6 0.022654714 
368 914 9 13 0.022645066 
795 917 5 8 0.022630194 
822 1053 5 7 0.022603247 
579 920 4 7 0.02255048 
332 895 11 13 0.02254137 
133 953 26 40 0.02253799 
350 905 10 13 0.022531388 
780 1010 10 13 0.02252276 
611 1059 73 89 0.022443848 
358 914 10 13 0.022438852 
138 991 28 39 0.022425555 
305 906 10 11 0.02241309 
1006 1407 7 14 0.022411311 
0 109 9 19 0.022409223 
359 904 10 14 0.022400983 
823 964 15 20 0.022394175 
818 1004 10 11 0.022391107 
154 1084 9 12 0.022358615 
989 120 9 18 0.022327228 
682 1021 10 15 0.022315972 
597 849 34 35 0.022305302 
808 930 11 15 0.02228093 
351 942 10 11 0.022242911 
828 864 30 40 0.022222271 
17 90 9 20 0.022212101 
18 996 9 26 0.022190794 
775 969 7 12 0.022170471 
320 940 26 31 0.022162206 
815 929 13 17 0.022160463 
731 941 8 12 0.022155697 
692 967 10 14 0.02211564 
55 984 9 16 0.022111826 
224 951 8 12 0.022109387 
801 1000 6 7 0.02210263 
377 905 10 12 0.02207343 
998 1311 10 27 0.022068243 
584 1059 5 9 0.02206528 
533 877 48 76 0.021998791 
815 849 27 41 0.021985494 
834 1031 12 14 0.02194893 
215 962 13 19 0.02194825 
332 887 11 13 0.021941971 
270 676 6 8 0.021941531 
366 376 52 73 0.021936098 
782 1031 10 13 0.021915132 
731 1005 6 11 0.021902137 
555 924 4 8 0.021895897 
77 972 22 39 0.021882968 
126 1029 27 43 0.021875931 
124 994 24 38 0.021814719 
826 854 6 9 0.021792479 
968 137 9 17 0.021784777 
816 975 13 16 0.021774996 
410 1042 6 9 0.021754144 
161 1086 8 11 0.021741727 
35 103 8 16 0.021722972 
795 939 33 42 0.021691767 
215 1043 27 42 0.021661766 
408 1035 7 9 0.021660121 
379 393 25 34 0.021654647 
650 999 6 8 0.021642597 
155 934 23 31 0.02164029 
854 822 11 17 0.02160147 
322 896 11 12 0.021586053 
790 934 6 9 0.021578636 
206 645 15 19 0.02157247 
760 888 120 142 0.021567112 
829 868 9 13 0.021566264 
809 860 7 11 0.02155562 
169 379 15 19 0.02154734 
795 925 6 9 0.021534184 
303 944 31 36 0.021464325 
649 1004 6 10 0.021407172 
596 929 5 6 0.0213837 
824 964 28 38 0.021372247 
229 679 10 13 0.021361362 
129 1020 8 13 0.021329036 
455 846 5 8 0.021322373 
127 1088 5 10 0.02132165 
293 1002 28 38 0.02131273 
759 991 5 7 0.021290768 
109 982 29 45 0.021259233 
335 943 8 12 0.021250525 
805 878 6 11 0.021249622 
672 998 7 11 0.0212449 
388 923 24 38 0.021238122 
599 797 142 153 0.021188589 
824 908 29 38 0.021188471 
459 850 5 10 0.02118832 
172 635 11 13 0.021180937 
808 995 30 33 0.021177338 
594 1000 8 8 0.021156754 
601 887 11 12 0.0211524 
581 1053 5 7 0.021143164 
193 934 5 9 0.021135606 
543 998 7 10 0.021123143 
783 1042 9 11 0.021116572 
601 878 12 12 0.021088434 
977 127 39 103 0.021074004 
382 926 111 129 0.021073915 
609 878 13 13 0.021063875 
242 164 468 630 0.021046925 
659 998 6 10 0.021038584 
802 1053 6 8 0.021034794 
684 983 25 39 0.021021532 
37 111 8 16 0.02101874 
333 906 9 11 0.021004234 
403 850 29 37 0.020986019 
818 1012 11 14 0.020966295 
830 1012 34 42 0.020958126 
170 973 12 22 0.020948665 
144 967 9 15 0.0209455 
790 1021 10 12 0.020938339 
195 926 5 8 0.020935232 
820 847 6 8 0.020918911 
673 944 26 37 0.020914322 
394 457 51 90 0.02090354 
619 1083 9 14 0.020891609 
685 1062 6 9 0.020886235 
200 919 5 8 0.02088291 
559 875 57 74 0.020871447 
275 963 16 19 0.02080858 
664 1036 26 41 0.020798411 
731 1013 7 11 0.020791648 
675 948 10 14 0.020788584 
158 943 6 9 0.020760557 
315 889 10 11 0.020759044 
368 912 28 38 0.020754542 
305 897 10 11 0.020751024 
610 959 7 10 0.020722194 
736 950 27 43 0.020710139 
351 896 9 13 0.020708472 
810 1041 8 10 0.020705203 
618 878 13 13 0.020700848 
19 1134 8 27 0.020697117 
368 895 10 14 0.020685665 
171 951 23 38 0.020680891 
229 139 4 5 0.020679975 
698 725 33 35 0.020672163 
742 816 34 35 0.02065249 
329 974 15 20 0.020628905 
808 966 11 15 0.020617966 
63 976 9 16 0.020611348 
480 863 32 41 0.02060335 
161 958 9 14 0.0205855 
878 947 14 18 0.020581681 
557 918 5 8 0.020577213 
250 949 9 14 0.0205491 
378 914 9 12 0.020537386 
980 89 8 16 0.020517383 
719 1016 25 43 0.020515697 
136 1024 8 12 0.020511322 
158 399 13 16 0.020510988 
756 1013 6 12 0.020510497 
863 985 9 14 0.020495754 
758 981 5 9 0.020481812 
609 887 12 12 0.0204773 
825 921 13 16 0.020475218 
236 1004 9 12 0.020458963 
14 1399 5 10 0.020394996 
475 914 11 13 0.020378387 
1019 71 4 14 0.020375319 
94 1023 6 11 0.020360472 
540 818 59 70 0.02033641 
226 994 26 37 0.020334696 
197 957 9 14 0.02031847 
806 1013 9 12 0.020306768 
340 934 8 9 0.020305263 
125 980 11 20 0.020281026 
160 973 13 22 0.020280482 
805 861 5 8 0.020276098 
144 975 10 18 0.020273969 
835 869 9 13 0.020270972 
683 1012 8 14 0.020253804 
294 895 29 34 0.020250063 
765 969 7 11 0.02021833 
232 955 24 37 0.02015712 
809 1006 8 10 0.020156834 
151 991 12 19 0.020155402 
337 973 16 21 0.020144144 
750 933 7 11 0.02014121 
295 994 13 14 0.020124773 
646 1033 24 41 0.020114666 
650 1063 5 8 0.020108657 
288 897 9 11 0.02010659 
833 957 13 17 0.020100974 
574 1199 133 159 0.020082502 
290 1017 7 9 0.020080425 
121 1078 6 10 0.020072915 
541 979 6 10 0.020068951 
507 846 5 8 0.020065684 
842 902 14 21 0.020065645 
339 948 11 14 0.020061864 
748 495 34 41 0.020059412 
812 856 5 7 0.020054884 
861 851 25 36 0.020051662 
303 967 13 17 0.020044548 
801 908 6 10 0.02002522 
809 913 9 13 0.020017464 
