13_Interview_Interview_On_Location_13_921
492
660 387 26 33 0.9999039 
752 390 28 37 0.99968827 
201 391 20 25 0.9969285 
937 385 18 32 0.95086604 
71 377 9 10 0.54045933 
592 386 10 15 0.21972638 
787 406 19 22 0.20350319 
698 379 8 8 0.17288217 
624 372 9 16 0.16190884 
94 387 11 13 0.14696547 
643 354 13 17 0.13776691 
544 386 9 13 0.1366501 
599 386 10 14 0.12840183 
234 399 8 10 0.11077407 
961 336 12 12 0.11047532 
160 378 5 8 0.108995795 
973 330 9 10 0.102805406 
152 355 7 9 0.0986742 
522 557 162 205 0.091011584 
160 370 5 6 0.09081976 
139 389 8 10 0.08756991 
85 346 5 6 0.08749681 
636 397 19 30 0.085060336 
542 392 10 15 0.082799554 
982 464 18 26 0.077982165 
148 365 7 9 0.07386675 
341 379 3 5 0.071698375 
544 378 7 8 0.07128867 
176 375 5 7 0.06770369 
265 355 11 11 0.06754399 
571 304 322 390 0.066883355 
965 332 18 22 0.06443261 
659 345 8 10 0.06291307 
702 363 11 10 0.06260579 
811 408 10 11 0.060317352 
152 368 6 8 0.059660394 
192 359 4 5 0.059382927 
639 332 6 7 0.058512222 
166 378 5 7 0.05829624 
977 326 7 11 0.05800458 
787 293 5 8 0.057354182 
149 357 6 7 0.05695099 
466 384 7 7 0.05676652 
794 434 8 9 0.05622258 
961 344 20 28 0.05589675 
447 368 9 8 0.05530659 
260 407 8 9 0.05524525 
183 398 13 16 0.054116685 
546 403 10 14 0.053947397 
585 380 12 17 0.05371114 
602 333 5 9 0.053589262 
713 353 4 5 0.05353882 
455 386 7 7 0.0531236 
250 356 7 9 0.053015087 
150 396 9 15 0.05288626 
689 381 9 10 0.05219291 
183 386 11 13 0.051461026 
133 388 7 10 0.049341347 
836 380 7 10 0.047553264 
489 360 25 21 0.046826266 
186 358 6 7 0.04588152 
819 385 7 8 0.04541464 
93 365 13 17 0.045289755 
255 374 10 14 0.045264993 
575 376 19 24 0.044922125 
530 363 5 8 0.044825032 
116 389 8 9 0.04429451 
978 350 7 11 0.04408322 
308 370 8 8 0.043560788 
493 381 8 7 0.043543167 
521 359 4 6 0.043071125 
682 353 24 22 0.04301179 
277 376 7 8 0.04264917 
265 348 13 13 0.042310502 
710 388 9 9 0.04220555 
288 343 17 14 0.042200547 
267 377 6 8 0.041921083 
690 350 9 9 0.04176064 
86 352 4 5 0.04157931 
116 358 5 8 0.041562106 
7 277 95 165 0.04155774 
308 377 7 8 0.041295465 
267 369 8 9 0.041256893 
258 415 13 13 0.0409116 
509 387 8 13 0.04073733 
267 362 9 10 0.04055879 
263 391 5 7 0.040488783 
528 353 4 5 0.040480696 
469 372 45 48 0.040436592 
261 379 9 12 0.0402729 
695 388 10 9 0.039959285 
584 362 8 10 0.03995728 
266 342 12 11 0.039641038 
844 380 7 9 0.039357215 
310 408 6 6 0.039344992 
689 376 19 19 0.03934463 
644 332 7 7 0.039187513 
304 354 13 11 0.039141722 
247 389 7 6 0.039109048 
130 353 4 6 0.03885667 
81 379 8 12 0.038595356 
717 375 8 8 0.03848056 
548 377 7 9 0.03827545 
648 300 5 6 0.038222577 
116 370 6 9 0.038017206 
234 342 16 11 0.037982546 
246 398 11 9 0.03797078 
315 402 6 6 0.037912387 
178 372 6 7 0.037721325 
133 376 5 9 0.037630163 
130 384 6 8 0.037590828 
540 398 7 12 0.037564427 
69 382 11 15 0.037452996 
129 358 5 7 0.037324198 
254 356 6 8 0.037309743 
118 376 5 8 0.03651456 
632 355 8 9 0.03613021 
461 384 8 8 0.036120646 
645 371 18 20 0.03609892 
693 363 12 10 0.035858583 
322 378 6 8 0.035824746 
558 340 4 5 0.035727505 
289 364 6 7 0.0356589 
192 365 7 9 0.03558195 
141 366 6 7 0.035485677 
492 342 11 11 0.035414316 
649 350 9 11 0.03536634 
260 371 11 12 0.03513679 
548 355 7 9 0.034972616 
116 363 5 8 0.034911167 
546 365 7 8 0.03491068 
819 295 5 7 0.0348829 
443 348 32 24 0.0347373 
798 432 8 10 0.034523398 
959 355 11 16 0.034521762 
636 333 5 6 0.03445743 
279 372 10 10 0.034318276 
140 384 7 8 0.03413272 
199 358 4 6 0.034073547 
324 402 9 8 0.033945575 
333 338 5 9 0.033914763 
437 409 24 35 0.033880483 
101 400 7 9 0.033339676 
287 371 7 8 0.0332856 
259 339 9 8 0.033004988 
529 375 7 10 0.032990888 
82 246 371 379 0.0328074 
763 298 10 9 0.03279543 
495 339 9 8 0.032782808 
558 336 4 4 0.032756787 
152 383 7 9 0.03269647 
224 398 9 13 0.032424 
133 357 5 7 0.03238015 
639 350 11 11 0.032305654 
259 351 20 20 0.032194145 
739 370 10 14 0.032132 
809 356 6 7 0.032080583 
975 333 10 14 0.032006335 
121 370 6 8 0.031929176 
565 336 4 4 0.031878863 
153 375 7 9 0.03178687 
591 336 3 4 0.031753115 
530 352 5 7 0.03174294 
572 336 4 4 0.031716984 
309 405 5 5 0.031611808 
489 381 23 22 0.031564265 
834 377 6 8 0.03145494 
268 383 6 8 0.031383485 
280 387 9 11 0.03138285 
303 372 6 6 0.031338304 
182 359 5 7 0.031316068 
134 354 5 5 0.030901304 
566 341 5 5 0.030671831 
689 367 12 12 0.030664843 
308 391 5 6 0.030469863 
702 384 21 23 0.030283041 
260 343 12 9 0.030235888 
304 378 5 6 0.03022168 
813 370 6 7 0.030175714 
335 367 3 5 0.030165583 
848 376 8 11 0.030149048 
695 350 8 7 0.03014565 
660 339 7 8 0.030105162 
454 377 8 8 0.030091722 
703 358 10 8 0.030071598 
226 359 11 14 0.030067837 
809 389 5 6 0.029988032 
829 451 9 10 0.029892348 
539 377 5 8 0.02980419 
558 344 6 7 0.029794747 
561 424 21 26 0.02973796 
455 393 9 10 0.02970837 
547 382 9 13 0.029701428 
526 360 4 6 0.029650243 
710 394 10 12 0.029510666 
498 383 8 7 0.029488128 
570 357 6 8 0.029485146 
335 379 4 4 0.029368147 
522 354 3 5 0.029333586 
639 344 11 11 0.029303014 
552 335 5 5 0.029296795 
689 385 10 13 0.029292185 
85 357 5 7 0.029256305 
709 356 7 8 0.02912701 
287 394 8 8 0.029121304 
846 369 7 9 0.029046107 
311 375 9 10 0.029025538 
569 396 22 24 0.028972104 
171 339 4 7 0.028965926 
153 389 7 10 0.028928403 
243 358 8 10 0.028928077 
325 378 5 7 0.02883212 
452 368 11 9 0.02858768 
133 370 5 8 0.028549336 
819 370 6 7 0.028509583 
644 337 8 9 0.028496286 
652 346 7 7 0.02846615 
821 377 5 7 0.028461168 
972 348 10 16 0.028412035 
253 339 11 8 0.028390829 
465 388 7 8 0.028318245 
546 352 6 8 0.028198175 
529 380 9 13 0.028158743 
89 352 5 6 0.028116344 
291 508 9 13 0.0281112 
340 384 4 5 0.028093752 
276 382 7 8 0.027983708 
248 350 11 9 0.027905805 
8 690 193 240 0.027848553 
503 383 9 11 0.027846128 
492 388 8 7 0.027731871 
811 389 7 8 0.027724667 
591 394 12 17 0.027697308 
153 345 6 6 0.027694726 
809 385 4 5 0.027689887 
180 363 7 9 0.027665082 
657 354 10 12 0.027610658 
150 414 12 18 0.027565489 
333 313 7 8 0.027492778 
591 339 4 5 0.027429445 
319 402 7 6 0.027410291 
497 334 10 7 0.027283538 
647 296 5 5 0.027246118 
131 364 4 7 0.02716437 
632 344 7 8 0.027092483 
148 383 7 8 0.027064718 
89 363 7 9 0.027049255 
89 357 5 7 0.027003953 
511 334 7 7 0.026996167 
235 361 10 15 0.026833046 
133 365 5 7 0.026793579 
335 371 4 4 0.026775423 
300 365 8 8 0.02677204 
242 369 7 9 0.026745081 
530 360 5 7 0.026718272 
320 351 7 8 0.026568353 
801 352 4 5 0.026550656 
546 335 5 5 0.026545672 
803 346 3 5 0.026484733 
249 362 7 11 0.026474914 
791 295 6 7 0.026326561 
832 296 5 6 0.026316855 
702 395 9 9 0.026305197 
671 378 21 28 0.026265884 
579 335 4 4 0.026229067 
259 364 20 22 0.026187355 
101 384 7 11 0.026147036 
448 376 7 7 0.025944382 
583 335 5 4 0.025929488 
297 345 24 19 0.025923572 
806 295 6 7 0.025876872 
585 341 4 4 0.025863059 
249 341 15 11 0.02585555 
788 375 6 8 0.025692208 
188 393 11 15 0.025628164 
332 347 7 11 0.025580188 
309 419 12 11 0.025521845 
170 345 5 8 0.025501503 
123 359 5 6 0.025485165 
467 377 9 8 0.02545307 
246 358 16 22 0.025391566 
569 341 5 5 0.02539017 
567 344 6 8 0.02536956 
644 364 13 16 0.025326004 
86 409 17 24 0.025317471 
552 339 5 5 0.025234848 
451 404 24 31 0.02522931 
548 339 4 5 0.0252165 
451 389 22 23 0.02521105 
628 356 6 8 0.025145074 
797 352 4 5 0.02509114 
548 369 8 10 0.02507892 
281 394 8 9 0.02502466 
633 339 7 7 0.024997182 
90 368 8 11 0.024948396 
562 360 23 25 0.024930261 
539 389 7 11 0.024909087 
320 372 6 6 0.024905074 
789 402 12 13 0.024901055 
576 386 9 11 0.024892354 
640 302 5 6 0.0247901 
482 349 11 11 0.02478813 
640 337 8 8 0.02477056 
542 371 18 23 0.024756337 
653 339 6 6 0.024729325 
190 382 9 10 0.024708422 
788 386 5 5 0.02470353 
804 342 3 4 0.024643464 
704 352 7 6 0.024621094 
279 381 9 11 0.024524517 
651 301 5 6 0.024509985 
333 333 5 7 0.024442486 
225 413 13 17 0.024427818 
96 397 9 12 0.02432571 
158 357 6 8 0.024279254 
684 350 9 8 0.024232114 
460 378 9 7 0.024164317 
637 340 20 21 0.024073571 
117 354 4 6 0.0240545 
330 366 4 5 0.024024455 
293 395 6 7 0.023920817 
568 370 10 11 0.023869647 
458 388 10 10 0.023866257 
498 379 9 7 0.023861473 
123 364 5 8 0.023812529 
945 378 24 31 0.02377621 
329 373 3 5 0.023745952 
839 373 4 5 0.023737859 
579 341 4 4 0.023723397 
625 364 7 9 0.023680596 
805 435 5 7 0.023606196 
860 327 4 4 0.023599988 
129 403 4 6 0.023545 
784 294 5 6 0.02353473 
477 357 12 10 0.023531709 
813 442 4 5 0.023530798 
813 385 5 6 0.023508059 
799 389 6 7 0.023485973 
556 375 36 51 0.02345972 
499 389 8 8 0.023432113 
109 358 5 7 0.02328149 
306 365 9 9 0.02327493 
825 359 5 7 0.023265611 
788 364 6 8 0.023251075 
695 401 24 25 0.023225592 
142 354 5 6 0.023207493 
458 369 11 9 0.023202062 
556 352 7 8 0.023192074 
285 403 8 7 0.023180002 
783 353 4 6 0.023174923 
88 382 7 10 0.023161005 
296 405 6 5 0.023113929 
570 364 8 9 0.023108175 
951 493 27 32 0.023105297 
769 354 5 5 0.023103647 
979 320 5 7 0.023086237 
255 403 7 7 0.023078488 
579 392 11 13 0.023044616 
819 356 6 7 0.023043588 
180 382 7 9 0.023041993 
598 315 3 5 0.022992887 
249 377 9 10 0.022968218 
189 355 4 5 0.022928147 
967 386 8 12 0.022916261 
805 405 21 21 0.022890227 
604 389 11 16 0.02285768 
872 378 4 6 0.022846432 
538 382 7 9 0.022830501 
834 372 5 6 0.022819795 
504 392 10 13 0.0228025 
962 366 21 28 0.022799142 
798 348 3 4 0.02277017 
-5 -142 59 136 0.022770071 
555 363 8 11 0.022768168 
749 362 7 9 0.022716265 
141 377 6 7 0.022704216 
141 357 6 7 0.022697918 
974 337 18 30 0.022687998 
713 383 9 10 0.022686616 
801 358 4 6 0.022654029 
710 376 8 8 0.022622298 
311 366 8 8 0.022586996 
540 355 18 25 0.02256061 
644 327 19 22 0.022552773 
561 354 9 10 0.022542616 
450 384 6 7 0.022528697 
567 377 13 15 0.022507759 
148 376 6 8 0.022498671 
984 325 6 9 0.022480514 
176 367 4 5 0.022434836 
117 384 6 7 0.02242532 
461 350 30 23 0.022356302 
480 341 13 13 0.022346305 
123 353 5 5 0.022343995 
538 407 6 10 0.022327682 
833 387 7 9 0.02231069 
426 368 8 10 0.022307314 
710 370 7 8 0.022272399 
538 371 6 8 0.022256572 
322 357 6 7 0.022212971 
326 384 5 6 0.022206204 
817 392 10 11 0.022182642 
78 371 7 10 0.022064414 
84 362 6 9 0.022061877 
308 382 6 7 0.022046633 
147 390 7 9 0.022038668 
78 353 6 7 0.021977836 
628 339 7 9 0.021964895 
99 393 10 13 0.021963635 
108 383 6 8 0.021944698 
567 395 9 11 0.021943845 
799 395 7 9 0.021919573 
277 388 6 8 0.021909516 
84 341 5 5 0.02190928 
248 383 7 10 0.021887938 
959 349 9 12 0.02188188 
515 387 8 13 0.021868363 
185 363 7 8 0.021854678 
815 293 5 7 0.021774743 
285 375 9 10 0.02177335 
441 367 11 11 0.021771414 
159 418 9 14 0.021768343 
783 387 4 5 0.021744357 
629 351 6 8 0.021690112 
568 389 9 10 0.021661734 
293 365 7 7 0.021643175 
552 345 5 6 0.021636298 
985 331 6 10 0.0216296 
431 366 74 84 0.021582592 
164 380 6 9 0.021528358 
93 159 24 24 0.021525385 
972 398 8 12 0.02151695 
100 374 9 11 0.021514552 
271 370 19 21 0.021513186 
226 350 10 11 0.021490758 
528 373 5 6 0.021490011 
653 342 19 22 0.021456204 
662 302 5 6 0.021409295 
287 356 10 11 0.021390902 
564 351 7 9 0.021384964 
806 378 5 7 0.02137755 
313 414 26 21 0.021347275 
484 378 10 8 0.021300837 
829 296 4 5 0.021293746 
244 377 5 8 0.021222219 
435 371 8 9 0.021143561 
491 348 11 11 0.021127919 
716 352 5 6 0.021097852 
815 367 5 5 0.021095928 
320 366 6 5 0.021078758 
424 345 52 52 0.021074036 
833 326 8 8 0.0210549 
108 377 6 8 0.021048537 
577 352 5 6 0.021044482 
587 423 19 32 0.021031063 
279 343 10 10 0.021010334 
964 326 78 116 0.020990575 
103 359 5 6 0.020966085 
449 390 8 8 0.020935996 
520 362 6 9 0.020922044 
946 474 32 37 0.02089598 
326 351 5 8 0.020873846 
187 371 6 8 0.020823644 
739 221 23 26 0.020822331 
965 377 8 10 0.02079294 
268 389 6 6 0.02079212 
824 327 7 6 0.020785682 
329 390 5 6 0.020771235 
788 388 6 7 0.020764783 
111 354 4 5 0.020720098 
135 392 7 10 0.02070263 
303 405 4 5 0.020689052 
170 352 5 7 0.020625858 
309 344 13 10 0.020622123 
660 333 5 7 0.020511815 
285 339 13 11 0.020467134 
503 377 8 8 0.0204402 
190 373 9 11 0.020345878 
259 391 5 5 0.020297656 
577 347 4 5 0.020295326 
581 368 10 13 0.020292912 
472 381 8 8 0.020286001 
271 356 9 10 0.020245656 
515 366 37 52 0.020200975 
464 394 10 10 0.020148452 
305 368 18 21 0.020134386 
794 359 5 5 0.020111274 
271 340 10 8 0.020079678 
576 395 8 9 0.020069884 
335 385 4 5 0.020048495 
546 380 21 26 0.020030769 
281 364 8 9 0.020026572 
