35_Basketball_playingbasketball_35_11
162
476 130 89 152 0.99834216 
69 0 78 50 0.1989374 
657 46 244 197 0.18997853 
534 712 123 115 0.13492996 
681 142 130 117 0.09682185 
34 -5 140 107 0.093747176 
712 -2 101 58 0.08957574 
205 -5 145 105 0.08355441 
3 15 254 203 0.06720548 
450 491 50 46 0.06615336 
217 -1 74 52 0.065722205 
128 54 159 114 0.06451199 
860 -1 70 53 0.06336098 
391 475 145 89 0.06183708 
527 641 207 233 0.05859864 
97 71 86 70 0.053775184 
151 71 18 22 0.053686813 
769 45 81 67 0.053440128 
777 28 146 141 0.052666828 
316 52 77 67 0.052249223 
428 501 45 35 0.050885532 
138 68 22 25 0.05038808 
164 99 71 72 0.0485227 
662 -9 172 125 0.047807083 
984 527 473 612 0.047443822 
553 4 449 407 0.046888005 
1027 3 312 272 0.044030603 
319 116 59 74 0.043531097 
100 22 51 44 0.04332151 
799 77 47 42 0.042403586 
357 244 483 577 0.0408673 
262 58 134 117 0.03997174 
114 184 38 39 0.039911576 
144 45 84 76 0.039700143 
918 197 483 634 0.03951492 
512 -6 133 71 0.039090432 
743 32 45 44 0.038734034 
449 825 60 115 0.03780711 
182 -7 59 48 0.036941282 
201 79 22 26 0.036545508 
741 189 41 43 0.036310032 
190 13 254 210 0.035945427 
55 1127 127 136 0.035660863 
349 1 44 37 0.03437524 
71 26 47 40 0.034150496 
45 1 48 28 0.03383744 
400 545 33 38 0.03354117 
61 129 125 125 0.03332942 
156 52 22 25 0.03304935 
341 404 37 31 0.031154344 
153 9 73 69 0.03070277 
822 26 41 39 0.030409038 
125 54 47 48 0.030288992 
350 75 37 39 0.030258533 
745 436 128 139 0.030051123 
407 561 461 459 0.029808734 
-210 9 191 229 0.02975442 
978 1235 5 6 0.02972237 
238 22 46 40 0.02935868 
131 142 134 121 0.029217098 
90 245 145 142 0.029209424 
4 0 97 60 0.029029727 
818 -2 77 49 0.028937038 
49 636 140 131 0.02886708 
102 138 35 36 0.02869653 
118 101 76 76 0.028664272 
-42 242 118 163 0.028578645 
162 130 37 37 0.028276158 
207 103 14 15 0.028195752 
247 176 119 135 0.028026283 
752 1203 69 70 0.027711714 
324 0 39 34 0.027484631 
734 196 140 126 0.027466321 
133 170 36 37 0.027337957 
206 672 130 115 0.027327148 
80 167 61 73 0.02703146 
198 97 45 45 0.02703025 
340 571 122 128 0.026981158 
844 105 40 44 0.026755342 
366 -1 87 52 0.026634045 
847 79 39 45 0.02646069 
15 1223 33 32 0.026375428 
406 522 42 32 0.026193082 
716 765 159 130 0.025885127 
766 1 42 29 0.025713122 
315 104 42 47 0.02567446 
86 43 43 46 0.025505768 
825 96 43 41 0.025339603 
734 860 141 123 0.025250454 
385 620 125 138 0.025180377 
291 1 43 33 0.025084972 
487 1082 43 42 0.024960637 
105 201 38 47 0.024863489 
312 91 35 36 0.024819752 
204 24 40 37 0.02456671 
191 70 23 26 0.02454456 
213 99 17 18 0.024385478 
124 -1 44 35 0.024337448 
140 209 41 46 0.024335092 
776 28 43 47 0.024147278 
267 88 41 42 0.024098033 
197 110 15 15 0.023905315 
467 476 43 44 0.023899216 
217 91 85 82 0.023722349 
242 64 86 77 0.023488145 
816 70 24 25 0.023380173 
453 1240 141 139 0.023296203 
787 13 85 68 0.023124315 
866 127 36 51 0.022975877 
280 1101 155 129 0.022898661 
-202 1096 113 241 0.022869937 
266 113 77 83 0.02281128 
307 205 28 37 0.022801043 
132 77 20 24 0.022610838 
425 1158 9 8 0.022490535 
122 166 20 22 0.022448285 
174 78 25 26 0.0224203 
755 176 44 39 0.02231175 
271 236 31 42 0.022202905 
653 145 79 81 0.022154473 
193 89 20 21 0.022109907 
103 26 23 20 0.022105869 
863 46 40 42 0.022071246 
86 198 128 111 0.021951951 
284 1 153 107 0.021742549 
180 108 16 17 0.021683203 
825 122 38 38 0.021587428 
222 192 40 35 0.021582276 
192 119 12 13 0.021553528 
777 809 38 35 0.021525092 
210 7 25 24 0.021511255 
463 652 84 123 0.021510316 
132 484 52 59 0.02139574 
731 51 45 50 0.021380117 
181 141 42 47 0.021351453 
104 111 46 44 0.021336025 
374 131 38 60 0.02130311 
760 826 38 35 0.02129531 
804 98 83 80 0.021293988 
867 97 33 41 0.021223903 
272 24 46 45 0.021088434 
277 67 42 42 0.021052888 
60 376 142 114 0.020726625 
910 855 481 558 0.02070764 
194 150 18 22 0.02070435 
474 1206 16 17 0.020694502 
207 111 14 15 0.02068514 
309 239 13 21 0.020557608 
249 1039 156 127 0.02052374 
330 19 21 23 0.02049109 
851 1293 63 68 0.02048399 
435 1159 9 8 0.020458939 
492 1202 43 43 0.020330947 
415 -2 50 40 0.020278104 
-24 -65 468 416 0.020224905 
462 1142 7 7 0.020210955 
416 551 19 18 0.020113999 
392 528 78 67 0.020106198 
807 112 40 38 0.020105716 
527 1096 134 114 0.020043658 
764 472 68 62 0.020035448 
349 1197 136 122 0.020004343 
