35_Basketball_basketballgame_ball_35_998
79
916 278 43 64 0.99925977 
353 315 37 57 0.9985214 
682 60 53 77 0.99807274 
41 391 41 49 0.9969984 
341 99 54 73 0.9958742 
0 307 25 47 0.9779244 
34 201 37 47 0.9543728 
63 278 34 43 0.9432359 
124 287 27 43 0.9315378 
815 303 46 72 0.87380207 
0 249 14 33 0.39564118 
315 405 38 49 0.36726317 
665 395 54 64 0.33814755 
0 425 22 35 0.28049842 
874 304 21 40 0.27799645 
464 423 24 38 0.21631315 
1005 328 27 41 0.17267048 
0 407 21 30 0.14609087 
378 90 46 59 0.14059082 
12 426 27 39 0.10629612 
981 287 16 35 0.08747319 
176 127 44 49 0.06759158 
323 116 15 17 0.06408794 
751 101 20 26 0.054031704 
719 434 25 27 0.053750195 
393 438 17 20 0.051802896 
911 203 36 41 0.049961943 
513 50 27 33 0.044999395 
103 110 40 41 0.04433971 
984 303 19 28 0.04308007 
116 368 25 29 0.042045955 
476 427 24 28 0.04089764 
571 153 25 32 0.040893998 
560 459 19 30 0.03992566 
463 100 31 40 0.03962441 
692 582 7 7 0.034963943 
14 212 18 31 0.033520766 
722 418 27 29 0.031937294 
761 173 80 123 0.031872906 
201 121 37 45 0.031744715 
297 320 41 57 0.031061538 
584 51 29 34 0.029124299 
742 77 36 51 0.028286433 
712 448 26 33 0.028078407 
321 312 39 53 0.026901357 
244 149 53 57 0.026780322 
136 302 13 20 0.026407748 
223 104 35 48 0.026363138 
505 342 37 39 0.025901806 
881 297 18 26 0.02540464 
19 446 20 28 0.025116326 
599 400 21 29 0.024801873 
384 321 20 31 0.024704343 
477 88 37 51 0.024366267 
676 402 31 31 0.024243725 
893 295 12 16 0.023947109 
684 582 6 7 0.02372867 
5 227 18 33 0.023652345 
769 47 41 61 0.02358177 
616 522 12 14 0.023369437 
209 241 93 88 0.023088196 
563 474 22 30 0.022869809 
1008 350 13 19 0.02255828 
437 137 40 51 0.022505509 
777 78 79 92 0.022459326 
304 253 32 39 0.022355532 
246 50 28 38 0.022268103 
434 526 12 16 0.022170627 
907 296 8 13 0.021954197 
264 87 23 35 0.021715388 
961 555 6 8 0.021155741 
730 438 29 29 0.020798884 
705 410 26 32 0.020703115 
481 441 14 19 0.020641971 
9 80 83 129 0.020559974 
137 627 11 9 0.02043542 
112 358 19 29 0.020205893 
488 437 13 17 0.020193947 
900 296 11 13 0.020171538 
