35_Basketball_playingbasketball_35_73
479
794 375 51 67 0.9992054 
489 371 53 59 0.99600035 
977 601 8 9 0.352056 
591 461 41 66 0.24796413 
241 294 52 59 0.22704576 
126 342 138 102 0.21476345 
974 605 8 9 0.1594944 
168 396 96 94 0.15645546 
137 294 88 99 0.104292296 
613 461 8 19 0.10397929 
781 498 146 177 0.102453195 
610 466 18 33 0.100472696 
988 563 5 8 0.10030437 
343 221 78 110 0.097503126 
-18 -151 176 155 0.093192674 
966 608 5 6 0.08659783 
167 283 54 61 0.08437859 
972 544 5 7 0.08253762 
989 600 7 9 0.08220928 
989 565 6 10 0.0721497 
300 322 81 108 0.07202592 
971 592 6 8 0.070728995 
694 35 96 98 0.06807218 
126 347 68 61 0.066900395 
311 236 50 65 0.06689245 
988 556 5 6 0.0666641 
612 482 22 34 0.06517358 
965 612 6 7 0.059330855 
965 573 8 10 0.058325328 
981 567 5 7 0.058247387 
956 573 6 6 0.057048663 
972 589 6 7 0.055600513 
730 39 56 51 0.055241093 
588 434 81 116 0.054779753 
743 42 99 89 0.05292087 
246 315 94 111 0.052859455 
961 664 14 16 0.052754015 
791 96 24 31 0.051982734 
1018 524 6 8 0.051741775 
290 274 76 104 0.05144504 
713 272 15 31 0.050386254 
353 247 7 11 0.050317854 
989 612 7 8 0.049635295 
667 99 50 64 0.049466353 
959 573 7 8 0.04901506 
965 592 7 9 0.047839355 
273 475 97 117 0.047216892 
715 129 8 12 0.04721345 
1000 563 5 7 0.044848952 
1003 561 6 7 0.043663274 
1006 630 6 11 0.043423403 
967 563 5 8 0.043415163 
386 289 20 28 0.043409064 
337 245 11 20 0.043155205 
627 11 199 167 0.043132614 
1017 542 7 9 0.04288414 
192 296 108 107 0.042351812 
97 340 64 58 0.04159848 
311 261 8 10 0.04144888 
961 485 5 6 0.041304525 
1005 616 7 11 0.041220322 
986 649 8 12 0.04087474 
717 138 6 9 0.040600225 
969 485 5 6 0.040278364 
723 146 10 13 0.039997768 
998 555 6 6 0.039996225 
718 146 5 7 0.0394153 
267 304 46 61 0.039240573 
933 585 7 9 0.03921191 
83 266 315 307 0.038116988 
992 556 5 6 0.038055807 
747 159 9 12 0.037990157 
533 339 39 43 0.037940506 
964 567 8 11 0.03792736 
586 470 11 20 0.037889402 
69 405 400 354 0.037654493 
1004 542 8 10 0.037641477 
698 122 5 5 0.037628904 
786 61 9 13 0.037319403 
145 380 25 32 0.0372683 
314 251 24 36 0.03724471 
972 574 6 8 0.03717372 
1005 608 6 7 0.036119904 
757 633 20 36 0.03611244 
719 366 10 16 0.03590832 
383 254 23 38 0.035767693 
759 139 10 14 0.035764948 
328 277 92 114 0.03571158 
504 405 165 197 0.035655558 
700 115 5 6 0.035593454 
487 36 33 29 0.03537839 
675 94 87 100 0.03537641 
277 317 13 24 0.03479423 
705 114 7 8 0.03471733 
960 606 6 7 0.03438355 
717 36 8 8 0.034296125 
792 630 23 41 0.033834916 
972 569 6 8 0.033703502 
769 48 23 29 0.033557996 
389 239 37 51 0.033222493 
862 240 24 23 0.03316761 
979 596 6 6 0.03315513 
720 141 20 23 0.033056363 
1006 524 6 8 0.033056013 
360 252 26 38 0.032933135 
1016 625 8 12 0.032898948 
987 581 6 8 0.032860365 
1004 625 7 10 0.032804687 
987 551 5 6 0.032736473 
158 287 28 36 0.03263852 
1006 530 6 7 0.0326241 
709 114 7 8 0.032612935 
709 108 7 7 0.032494955 
694 122 5 6 0.03238691 
197 379 139 192 0.032223757 
711 171 8 10 0.03220364 
751 130 11 11 0.03216287 
986 595 6 6 0.032044396 
985 640 10 15 0.032019887 
330 246 10 16 0.032004945 
981 641 21 28 0.031831212 
1005 537 6 7 0.031566203 
146 357 32 36 0.031378016 
885 549 48 59 0.031331714 
1010 547 9 10 0.03126593 
363 273 22 33 0.031201852 
1010 571 6 7 0.031131947 
407 112 14 12 0.031099198 
677 74 52 60 0.030938966 
325 242 9 11 0.030922102 
371 327 21 35 0.03090096 
968 493 5 6 0.030749245 
760 131 17 26 0.030591452 
322 340 44 57 0.030550612 
1004 557 6 7 0.030529466 
984 605 8 9 0.030428125 
520 392 28 37 0.03038172 
377 292 19 32 0.030341249 
1019 529 5 7 0.030061016 
596 497 28 41 0.030017704 
691 103 6 7 0.029965676 
532 496 94 136 0.02979725 
325 242 21 29 0.029729487 
343 251 9 14 0.029728113 
691 136 25 30 0.029670633 
332 241 8 11 0.029574601 
968 498 6 7 0.029531132 
784 80 30 32 0.029469961 
704 120 6 7 0.029322904 
712 121 5 6 0.029193627 
934 593 7 9 0.0291685 
999 543 6 8 0.029138526 
325 94 49 54 0.029102964 
785 571 76 119 0.028995432 
598 467 20 35 0.028817505 
997 600 6 8 0.02875779 
987 536 6 7 0.02872396 
860 -170 252 156 0.028674763 
982 576 4 6 0.02863237 
301 55 97 107 0.02860068 
931 600 10 12 0.028445309 
713 366 20 33 0.028434452 
743 121 26 27 0.028347861 
191 288 65 64 0.028180633 
994 648 19 28 0.028179644 
987 576 5 6 0.02810809 
848 405 23 38 0.02806757 
345 258 8 14 0.028055968 
144 320 31 27 0.02805149 
401 456 18 34 0.027698565 
959 587 8 10 0.027648246 
1011 525 6 7 0.02764399 
723 25 26 22 0.027563531 
966 631 54 50 0.027434833 
999 550 6 7 0.027386583 
966 602 5 6 0.027355827 
993 544 6 7 0.027352361 
382 311 22 32 0.027337994 
146 370 61 67 0.027330572 
617 464 9 18 0.027252031 
157 365 14 18 0.027242238 
1008 628 21 30 0.02722992 
349 254 10 17 0.02720917 
952 524 6 8 0.027207144 
698 126 4 7 0.027145524 
973 611 6 7 0.027131297 
1002 509 7 8 0.027077666 
733 134 22 29 0.027044022 
709 37 7 8 0.026995024 
954 529 5 8 0.026989765 
576 482 8 13 0.026884768 
698 99 24 25 0.026878165 
510 360 48 50 0.02687342 
999 529 5 8 0.02686539 
717 49 8 11 0.026844256 
1000 620 6 9 0.02679382 
985 542 6 7 0.026782528 
986 629 20 29 0.026768314 
987 632 7 12 0.026733277 
760 131 9 10 0.026714282 
145 359 13 16 0.026694344 
196 104 23 24 0.02667222 
991 631 7 13 0.026665002 
273 309 12 20 0.026649514 
-13 215 95 139 0.02660701 
615 498 22 36 0.026384534 
704 154 6 8 0.02636742 
343 242 7 11 0.026313443 
961 567 6 9 0.026297046 
15 581 121 102 0.026290096 
980 549 4 6 0.026216319 
989 618 7 10 0.026035005 
308 264 9 11 0.026017295 
768 132 7 9 0.026012763 
949 504 5 7 0.02599999 
718 6 27 28 0.025910085 
1004 644 8 12 0.025876494 
711 128 20 27 0.02586054 
581 87 205 227 0.025760107 
221 267 61 56 0.02572737 
633 356 21 24 0.025639893 
744 147 5 7 0.025637586 
988 587 5 7 0.025632547 
722 538 39 56 0.025559787 
512 14 50 52 0.025543272 
966 556 5 6 0.025471883 
1009 612 7 12 0.025445383 
253 325 13 17 0.025382727 
794 482 53 56 0.02536712 
716 120 7 9 0.025353773 
106 349 28 35 0.025333608 
285 322 10 17 0.02531268 
650 290 10 12 0.02530191 
370 284 9 14 0.025301367 
527 337 6 7 0.02527202 
729 141 7 8 0.025234353 
991 624 7 10 0.025230724 
1019 537 6 8 0.025210166 
960 601 6 7 0.025203211 
685 132 44 56 0.025193587 
623 474 10 16 0.025178935 
851 53 28 28 0.025158655 
166 395 7 10 0.025142562 
436 2 99 61 0.025130702 
974 662 12 14 0.025128404 
1005 569 5 7 0.025055071 
711 140 6 8 0.025049254 
259 330 13 18 0.025005942 
716 576 45 56 0.025001299 
350 291 22 33 0.024959093 
697 134 5 7 0.024941912 
499 323 19 28 0.024937667 
698 103 7 7 0.024898913 
878 41 26 26 0.024897968 
737 140 6 8 0.024881752 
992 550 6 6 0.024873383 
704 47 23 26 0.024829786 
961 482 5 5 0.024816377 
901 550 88 104 0.024701234 
129 307 6 7 0.0246987 
716 151 7 9 0.0246785 
600 473 10 18 0.024643254 
908 566 28 33 0.024587715 
209 363 10 10 0.024584427 
398 229 18 27 0.024547927 
77 568 101 99 0.024504216 
129 368 35 32 0.02448426 
350 272 22 34 0.024466518 
730 114 6 9 0.024453864 
739 36 28 34 0.024407785 
925 587 9 10 0.024334561 
698 33 7 6 0.024319243 
942 499 5 6 0.024170052 
984 622 8 12 0.02416717 
396 263 25 38 0.024158707 
1010 537 5 7 0.024133097 
1012 629 7 11 0.024127902 
780 59 25 34 0.024094377 
970 638 9 8 0.02409311 
252 287 13 18 0.024056923 
949 516 5 8 0.024033627 
741 128 12 15 0.024033614 
685 119 24 36 0.023992065 
399 298 11 18 0.02391747 
695 70 26 38 0.023869647 
608 467 9 19 0.02386416 
991 594 6 7 0.023857705 
971 632 7 8 0.023802744 
861 254 24 22 0.023786183 
365 337 8 11 0.023785809 
60 573 52 51 0.023759173 
727 583 12 15 0.023759058 
720 34 12 11 0.02371094 
704 113 21 24 0.02369472 
1015 548 9 11 0.02364583 
494 300 6 9 0.023582345 
340 303 26 33 0.023570798 
711 146 6 8 0.02357035 
164 387 9 11 0.02354764 
941 588 6 8 0.02346789 
755 599 8 13 0.023443002 
-6 -170 58 153 0.023427794 
331 379 46 65 0.023425082 
704 127 6 9 0.023402002 
567 475 48 68 0.023386905 
748 31 8 8 0.023376718 
997 518 6 8 0.02336674 
405 239 19 27 0.023339827 
1005 518 5 7 0.02333328 
499 294 6 8 0.023206148 
358 338 7 10 0.023181414 
962 613 6 8 0.023147378 
693 114 5 6 0.02313827 
414 67 100 105 0.023110993 
583 484 22 40 0.023102503 
711 162 22 27 0.023078715 
691 108 7 7 0.023056248 
726 375 11 19 0.02303952 
189 268 59 47 0.023037108 
335 252 23 33 0.023010246 
981 544 5 6 0.023003632 
657 11 24 24 0.022997448 
947 588 7 8 0.022959292 
352 244 21 36 0.022920638 
716 108 7 7 0.022896677 
1013 638 7 11 0.022884 
999 631 7 11 0.022860764 
502 48 12 11 0.02285483 
352 55 48 55 0.022844097 
665 284 10 12 0.022834554 
775 44 6 8 0.022830026 
771 595 4 7 0.022823662 
962 529 7 8 0.022780396 
365 297 20 32 0.022754645 
979 620 7 9 0.022748172 
702 150 23 27 0.022687642 
748 578 20 33 0.02263112 
134 301 7 7 0.022627117 
132 362 11 15 0.022623613 
966 580 6 7 0.022617213 
254 325 33 44 0.022611035 
392 300 19 30 0.022592908 
1004 636 7 10 0.02255888 
136 307 5 6 0.022542482 
716 114 7 9 0.022523168 
192 95 24 22 0.022510653 
323 291 24 38 0.022507595 
372 315 43 58 0.022457786 
998 613 6 7 0.022439392 
664 298 8 11 0.022438973 
537 334 6 6 0.022437083 
955 607 6 7 0.02243264 
771 589 5 8 0.022376586 
773 127 9 12 0.022352507 
474 318 8 12 0.022337468 
305 280 357 370 0.022334447 
729 154 10 12 0.022309545 
484 303 20 29 0.022283407 
143 301 5 6 0.02228224 
862 397 20 39 0.022156855 
980 582 5 7 0.022144856 
783 634 4 5 0.022142803 
542 80 50 54 0.022140015 
968 663 23 27 0.022134623 
327 333 12 14 0.02213206 
715 106 22 26 0.022115652 
624 391 303 359 0.022097822 
365 286 7 12 0.022060866 
703 294 19 39 0.022037074 
288 401 78 112 0.022030285 
976 651 9 11 0.022003327 
981 537 5 6 0.02198716 
672 304 8 12 0.021952933 
1010 530 6 6 0.02191064 
563 334 5 6 0.02191044 
542 364 28 29 0.021864275 
697 558 47 52 0.021848653 
492 294 5 7 0.021842312 
41 694 3 4 0.02179788 
906 240 12 11 0.021785373 
168 400 7 9 0.021741493 
941 436 104 143 0.02172662 
680 50 5 7 0.021698745 
520 307 4 6 0.021645727 
596 349 30 28 0.0216115 
793 314 24 23 0.021602944 
968 481 4 5 0.021552438 
767 53 12 16 0.021527233 
556 476 24 37 0.02150627 
961 643 26 29 0.02150297 
1012 669 7 10 0.021498395 
860 60 14 14 0.021498023 
764 267 415 467 0.021486802 
356 329 9 13 0.02145135 
775 600 5 8 0.021435631 
816 393 49 58 0.021423968 
372 276 42 59 0.021411268 
622 469 20 29 0.021374583 
337 370 28 40 0.021354225 
960 581 6 7 0.021288902 
761 588 6 9 0.021288157 
730 149 19 25 0.021258784 
742 64 26 30 0.021258134 
214 353 29 31 0.02124 
973 563 5 6 0.02122855 
415 560 85 120 0.021200532 
974 555 5 7 0.02116961 
400 92 12 12 0.021135706 
739 589 11 16 0.02111701 
234 360 64 74 0.02111159 
660 70 4 7 0.021074489 
216 363 10 10 0.021071943 
999 623 18 27 0.02107146 
702 239 10 12 0.021052632 
741 31 7 7 0.021021307 
944 594 9 10 0.021014385 
411 247 22 32 0.021005072 
702 145 8 10 0.020990089 
108 372 28 30 0.020973893 
978 587 6 7 0.020951297 
153 677 25 24 0.020922385 
123 319 22 25 0.020914366 
1005 574 7 8 0.020908248 
398 326 12 17 0.020889964 
729 130 8 11 0.020810334 
967 503 6 7 0.020767948 
994 518 5 8 0.020764453 
980 632 6 7 0.020721259 
704 101 8 8 0.020720374 
948 499 5 6 0.020720277 
520 321 4 5 0.020699853 
755 140 9 9 0.02069928 
1005 601 5 7 0.020689178 
7 628 213 279 0.020669917 
744 600 65 82 0.020667965 
430 95 49 53 0.020642374 
235 670 23 24 0.020635309 
349 70 27 21 0.0206326 
958 644 8 9 0.02062346 
248 670 23 25 0.02059879 
705 109 6 6 0.020581571 
131 694 3 4 0.02056806 
588 537 50 59 0.02051737 
489 -41 14 12 0.02049438 
401 243 12 18 0.020455433 
576 495 9 18 0.020410424 
776 595 4 7 0.020399565 
158 389 23 28 0.020392744 
954 588 6 8 0.020337226 
990 573 6 9 0.020309864 
138 352 13 17 0.020296698 
705 37 7 7 0.02028441 
705 140 7 8 0.020273149 
663 304 9 12 0.020271033 
961 564 5 6 0.020263162 
599 485 12 20 0.020223347 
170 271 27 37 0.020218348 
578 328 4 5 0.020215653 
989 606 6 8 0.020209132 
947 614 6 7 0.020196686 
762 574 20 32 0.020195767 
498 299 6 9 0.020182174 
177 240 11 11 0.020166423 
326 237 8 9 0.020143647 
1011 586 7 10 0.020139078 
936 498 5 6 0.020138543 
947 604 8 10 0.020134399 
951 634 6 8 0.020131398 
731 582 23 31 0.020118676 
190 209 24 20 0.020117205 
555 333 7 8 0.020113641 
804 318 10 9 0.020112026 
375 284 9 14 0.020100512 
159 354 11 15 0.020091627 
961 493 5 6 0.02007236 
984 661 9 13 0.020056035 
558 407 7 11 0.020008134 
164 373 27 34 0.020003203 
811 103 12 16 0.020002754 
