35_Basketball_playingbasketball_35_135
204
493 254 35 45 0.9863738 
369 288 281 162 0.3171717 
405 410 26 19 0.2051342 
379 521 57 42 0.19266316 
493 257 423 259 0.17000273 
840 357 316 164 0.1614237 
631 301 217 147 0.15144487 
514 420 59 36 0.13064158 
399 301 127 85 0.12575668 
824 127 441 297 0.098022304 
183 233 448 322 0.09191279 
117 103 108 68 0.08211137 
538 280 152 82 0.070686445 
589 63 125 70 0.06770101 
118 266 278 189 0.061660536 
101 474 607 398 0.05963071 
-24 -140 184 157 0.05888229 
892 194 244 156 0.0567533 
382 335 123 106 0.054138605 
492 403 109 68 0.052464873 
502 482 39 43 0.0510236 
311 377 36 22 0.044568263 
598 98 10 8 0.04423458 
520 409 38 26 0.042881798 
392 135 39 50 0.04281911 
365 496 127 77 0.042816844 
-11 241 69 146 0.042294312 
618 315 516 374 0.042156365 
263 342 131 79 0.040579353 
347 350 428 294 0.04020595 
769 388 34 23 0.038824823 
321 355 14 10 0.037893727 
608 265 169 102 0.036880262 
402 394 47 43 0.03669844 
-7 -153 66 150 0.035773344 
296 383 37 23 0.035716385 
-10 124 69 132 0.035091262 
358 335 25 23 0.034759663 
507 364 65 45 0.034366608 
835 334 10 9 0.034306645 
376 517 32 31 0.03370747 
337 352 29 22 0.032798123 
175 718 4 4 0.031799566 
783 382 35 22 0.03163612 
306 340 19 13 0.03147239 
306 369 33 19 0.03128221 
530 75 226 141 0.031244457 
562 128 25 23 0.030837521 
512 395 37 24 0.030775355 
616 66 34 27 0.030734444 
322 330 67 44 0.030667257 
140 696 5 6 0.030605694 
109 717 4 5 0.030595992 
326 331 31 21 0.030467441 
606 79 33 28 0.030312095 
593 101 28 22 0.030242518 
327 361 26 19 0.029983759 
592 90 24 21 0.029981164 
99 717 5 5 0.029871462 
964 498 33 21 0.029653706 
483 362 13 19 0.02962053 
493 228 75 78 0.029072065 
718 363 145 75 0.02899833 
539 404 35 29 0.028930364 
292 342 25 19 0.028710723 
328 356 14 10 0.028674904 
328 308 28 18 0.028623808 
703 329 305 160 0.028384136 
286 356 29 22 0.028363314 
440 301 63 50 0.028352354 
357 310 31 25 0.028344803 
810 546 57 47 0.028261645 
-3 449 44 84 0.028052652 
336 374 14 10 0.027986187 
469 330 15 22 0.027880754 
-46 36 456 365 0.027786393 
731 300 130 81 0.027758498 
407 407 15 13 0.027749734 
617 31 116 73 0.027742352 
341 363 16 11 0.027736578 
534 144 26 25 0.02766669 
314 346 16 13 0.027665256 
482 348 14 21 0.027500283 
758 408 33 22 0.027350511 
653 48 35 30 0.02724246 
538 435 34 35 0.027216017 
519 598 104 71 0.02709536 
222 462 63 44 0.027012266 
475 265 31 31 0.02699428 
223 448 130 90 0.026904894 
315 356 68 45 0.026871799 
102 225 97 77 0.026834086 
342 314 29 21 0.026814152 
324 317 32 21 0.026717652 
170 342 124 110 0.02666964 
551 144 25 23 0.026511837 
599 107 11 9 0.026374727 
592 274 73 46 0.026371779 
629 56 30 22 0.026181014 
560 437 24 32 0.026169844 
753 519 469 338 0.025936963 
143 183 61 41 0.025904255 
509 467 13 14 0.025823627 
51 315 109 91 0.025696145 
176 696 5 6 0.025685845 
793 322 39 29 0.025549272 
100 287 107 99 0.025521277 
825 519 55 37 0.025357166 
338 363 31 23 0.025139628 
319 409 33 23 0.025128232 
490 176 112 104 0.025113195 
539 622 29 27 0.025090594 
478 212 236 181 0.0249222 
320 368 15 10 0.024893798 
321 361 16 10 0.024884138 
189 717 4 5 0.024825348 
475 341 26 40 0.02470364 
405 59 444 304 0.024659071 
281 346 27 22 0.024646241 
522 470 25 31 0.02463061 
84 135 33 28 0.024502788 
329 375 36 24 0.024274336 
399 494 30 26 0.024212483 
480 434 32 27 0.024205752 
752 395 37 22 0.024113264 
898 491 59 47 0.02406438 
476 356 13 18 0.023946464 
353 348 26 22 0.023807185 
453 342 64 58 0.023799574 
437 339 33 37 0.023700282 
502 450 12 12 0.023527626 
529 159 28 26 0.023521038 
514 461 15 15 0.023492385 
309 292 30 21 0.023468908 
480 407 55 49 0.02327207 
487 472 99 77 0.023167804 
462 336 17 23 0.023055075 
698 104 112 100 0.023039762 
457 328 31 41 0.023031862 
890 76 222 163 0.02291562 
332 380 16 11 0.022683822 
577 101 55 45 0.022519832 
533 143 68 44 0.022362472 
-110 -218 458 469 0.022332719 
-78 236 412 461 0.022164717 
328 375 15 10 0.022026451 
843 399 73 39 0.022016853 
804 588 50 47 0.021894764 
447 254 77 81 0.021889333 
307 349 26 21 0.02182815 
759 380 33 21 0.02173917 
192 716 4 6 0.021701094 
789 400 159 84 0.021689592 
810 316 33 27 0.021610161 
336 402 33 27 0.021554915 
391 323 7 6 0.021522537 
792 545 110 85 0.021515014 
296 309 67 39 0.021495886 
393 331 67 62 0.021495515 
311 325 30 18 0.021467457 
867 463 128 91 0.02143434 
735 270 27 24 0.02142072 
79 619 25 20 0.021403736 
792 255 65 39 0.021387681 
306 523 28 22 0.021323763 
318 299 123 86 0.021314345 
494 511 124 93 0.021284977 
545 417 35 28 0.021270996 
503 432 31 28 0.02121135 
162 38 108 77 0.02120801 
775 532 55 47 0.021181434 
209 718 3 4 0.021151867 
-2 27 46 71 0.020997522 
619 255 67 41 0.020950163 
597 363 14 18 0.020935439 
-5 103 49 78 0.020931847 
316 317 14 8 0.020917913 
488 382 25 33 0.020907443 
277 605 64 51 0.020882301 
361 331 10 10 0.020873703 
443 283 34 34 0.020856695 
339 292 30 21 0.02085336 
305 361 29 18 0.020819884 
532 390 36 26 0.020760661 
213 718 4 4 0.020657582 
955 597 112 104 0.020644624 
816 291 12 9 0.02061891 
806 99 125 85 0.020603705 
601 264 34 28 0.020529993 
323 333 16 12 0.020472338 
504 477 11 11 0.020446585 
89 609 29 19 0.02037391 
103 717 5 4 0.02031744 
495 476 12 13 0.020303648 
137 85 31 26 0.020240275 
746 387 74 40 0.020239245 
858 497 57 43 0.020217713 
151 92 35 32 0.020174848 
853 11 116 86 0.020172168 
306 304 31 20 0.02014625 
828 345 23 24 0.02012925 
397 520 34 21 0.020115586 
375 503 31 26 0.02003888 
600 90 8 6 0.02001377 
