35_Basketball_basketballgame_ball_35_197
23
802 10 51 76 0.99956566 
629 153 58 80 0.9983455 
446 159 59 80 0.9979546 
722 208 64 90 0.9978935 
20 33 57 75 0.99697196 
245 100 67 73 0.9948514 
46 96 64 76 0.9942134 
259 180 61 83 0.9912143 
820 274 70 71 0.98900956 
699 172 38 64 0.97919774 
2 -20 49 60 0.69135827 
311 34 70 82 0.5339935 
987 154 50 56 0.10659513 
998 6 39 42 0.05499224 
346 606 48 50 0.050208766 
362 4 15 15 0.044265453 
812 100 32 50 0.038096953 
338 38 32 34 0.027792158 
889 22 48 55 0.027419195 
647 125 32 27 0.026498487 
373 8 18 24 0.026109122 
716 139 46 44 0.025771644 
716 135 24 26 0.02479205 
