35_Basketball_basketballgame_ball_35_662
127
756 2 29 33 0.99972135 
596 48 51 65 0.99963486 
66 103 41 54 0.9996063 
378 71 30 34 0.9995963 
480 81 52 71 0.9994912 
799 124 52 67 0.99943143 
208 147 43 56 0.99938905 
555 33 28 32 0.9991111 
110 67 31 36 0.9990277 
62 41 28 35 0.9988121 
685 117 51 64 0.9979296 
363 138 34 39 0.9967542 
114 112 33 37 0.99585944 
35 116 29 28 0.9953778 
287 132 32 41 0.9953135 
427 11 25 38 0.9949687 
710 81 30 38 0.9942926 
243 66 34 40 0.99308217 
803 42 32 33 0.99100775 
683 50 33 36 0.99093187 
169 -1 33 37 0.99071395 
308 96 31 39 0.9879331 
733 121 43 57 0.9619063 
849 144 23 37 0.9472293 
-1 170 28 35 0.94534314 
227 123 34 36 0.8997331 
660 1 30 38 0.8946715 
279 -3 32 31 0.86414444 
620 1 27 27 0.8473978 
0 -5 15 29 0.764491 
199 94 22 23 0.42211208 
179 47 29 38 0.3278309 
206 6 18 24 0.2373277 
395 188 22 41 0.19401792 
518 55 35 43 0.11506776 
632 10 22 27 0.10928664 
138 16 16 13 0.09163007 
61 3 29 24 0.08466154 
309 132 35 44 0.08006456 
522 3 13 13 0.07917668 
858 68 30 24 0.0747188 
259 0 31 36 0.07105401 
815 0 18 19 0.07019674 
451 30 20 34 0.06585263 
520 8 21 22 0.064664446 
844 76 32 31 0.06403608 
649 117 36 59 0.05978609 
470 7 23 28 0.058965016 
33 50 21 33 0.052914634 
383 98 22 34 0.05231998 
18 115 34 41 0.05138724 
477 54 24 28 0.051056117 
458 0 12 13 0.04991175 
344 92 25 28 0.04940513 
135 16 26 26 0.048750687 
241 145 23 36 0.04831584 
326 99 24 34 0.045872808 
497 2 20 19 0.045324963 
808 22 25 25 0.04461555 
403 13 21 29 0.044375915 
693 8 19 27 0.042690035 
327 141 23 28 0.04242281 
593 0 24 28 0.040471725 
454 9 31 42 0.039943658 
281 19 24 24 0.03926323 
785 113 25 41 0.039132904 
383 51 19 21 0.039036613 
160 50 35 45 0.038836423 
796 9 26 28 0.037975557 
0 87 8 20 0.03786721 
324 166 13 16 0.0362473 
410 145 27 34 0.0355801 
203 96 32 36 0.034887105 
453 81 35 52 0.033316158 
127 29 22 25 0.03260716 
340 5 14 19 0.032520607 
680 5 21 28 0.03225286 
865 23 26 30 0.031883538 
891 10 15 14 0.03159348 
854 72 44 50 0.03148555 
334 129 26 34 0.03017719 
885 25 23 25 0.029292472 
555 18 14 14 0.028400933 
6 184 16 18 0.027909448 
683 32 21 25 0.027856223 
699 7 31 39 0.02783779 
321 -1 24 22 0.027826875 
140 60 24 32 0.027356764 
78 78 23 29 0.027126638 
719 0 11 10 0.02708767 
500 -3 17 13 0.026979232 
400 60 24 24 0.026365217 
835 1 20 33 0.026256716 
335 51 11 16 0.026164165 
823 0 21 26 0.025953235 
465 36 20 27 0.025803218 
757 85 24 27 0.025468715 
872 16 11 16 0.025135327 
0 74 16 32 0.024774093 
188 0 31 37 0.024655348 
141 4 22 23 0.024629716 
322 10 23 27 0.024471948 
783 18 22 27 0.024463387 
533 9 13 16 0.024429638 
201 3 15 19 0.024112875 
642 0 26 30 0.023708105 
298 111 29 33 0.023483446 
474 286 38 37 0.02335472 
880 165 21 29 0.023343192 
728 1 6 7 0.023218598 
863 40 24 23 0.023144392 
347 124 25 31 0.023047693 
728 87 23 30 0.022161951 
589 2 16 16 0.022138359 
128 65 25 34 0.022071403 
553 5 25 23 0.022071073 
20 69 23 33 0.021845952 
53 103 26 35 0.021825278 
311 82 24 29 0.021350618 
60 82 21 29 0.021330917 
477 41 21 25 0.021323226 
179 17 27 33 0.021257758 
399 71 29 31 0.02120895 
877 147 24 29 0.020894563 
887 260 34 52 0.020436073 
415 501 7 10 0.02041146 
209 43 22 36 0.020075353 
