35_Basketball_basketballgame_ball_35_542
520
319 257 39 52 0.99981076 
552 254 41 52 0.9994536 
87 259 42 43 0.9635505 
433 289 9 10 0.27733183 
668 289 9 10 0.21980935 
890 254 5 6 0.17084017 
835 257 114 87 0.16422887 
416 291 7 9 0.13674174 
869 254 5 6 0.11983286 
196 272 9 8 0.106069915 
652 292 5 7 0.10017145 
683 289 7 10 0.09418252 
842 253 6 8 0.08876111 
917 254 5 7 0.08470534 
447 290 6 9 0.082925655 
636 249 4 6 0.08027142 
634 290 5 7 0.07553088 
858 254 5 6 0.07434224 
879 253 4 6 0.07343408 
905 254 5 6 0.07232918 
669 253 4 7 0.07068386 
899 255 4 5 0.06915548 
847 195 105 81 0.0683297 
384 248 7 9 0.06822961 
643 292 4 5 0.06665487 
700 714 4 7 0.06587025 
443 272 6 9 0.06573079 
854 280 31 22 0.064970806 
207 252 7 7 0.06489654 
456 291 7 8 0.064424604 
664 273 6 7 0.06396481 
908 254 5 6 0.06316175 
813 708 25 25 0.06047776 
198 253 5 6 0.059758592 
182 250 4 5 0.057392646 
675 272 9 10 0.05703292 
879 251 3 4 0.0564181 
788 358 6 6 0.055637687 
187 253 4 6 0.055210177 
182 253 5 6 0.05495056 
169 265 32 30 0.054545812 
113 204 7 6 0.054403197 
433 269 3 5 0.05360136 
784 328 139 78 0.05192621 
410 272 6 7 0.05058034 
891 252 4 3 0.05012279 
778 701 120 83 0.05004353 
440 290 7 9 0.049943835 
649 292 5 6 0.049388945 
621 291 7 7 0.048450805 
843 287 29 26 0.048347387 
125 205 11 7 0.047493573 
906 251 4 4 0.047129758 
194 251 4 4 0.047081184 
193 253 5 5 0.04679231 
699 292 7 9 0.046734177 
885 254 4 5 0.04656692 
432 272 4 6 0.04604963 
189 251 3 4 0.045683667 
864 203 6 6 0.045034066 
667 272 21 23 0.044488963 
637 275 3 4 0.04433957 
141 197 29 22 0.043986373 
882 199 29 22 0.043890297 
664 278 7 8 0.042584088 
443 268 5 8 0.042258646 
462 292 7 8 0.04223641 
808 363 6 6 0.042195763 
796 353 26 26 0.041796535 
873 290 11 8 0.041508205 
435 273 5 7 0.04138226 
631 248 4 6 0.041368075 
830 715 8 7 0.04128403 
860 250 4 5 0.041117914 
934 253 8 8 0.040719125 
434 279 7 9 0.040577237 
802 358 5 5 0.040508714 
642 250 3 5 0.040414244 
407 290 8 8 0.040117446 
240 625 70 42 0.039935414 
198 261 6 7 0.039885733 
119 194 29 19 0.039638557 
874 251 3 3 0.0395994 
154 272 5 7 0.039437316 
21 200 309 380 0.03854076 
640 275 4 4 0.03849601 
647 227 409 241 0.0380319 
405 251 6 9 0.037701387 
848 352 4 5 0.037686117 
135 184 28 18 0.03736762 
410 278 7 7 0.037311573 
660 714 4 6 0.0372703 
250 615 29 22 0.037108373 
911 251 4 4 0.037061337 
897 231 28 27 0.036940593 
854 291 9 8 0.03676303 
120 185 26 17 0.03666866 
867 250 3 4 0.036301207 
672 279 8 8 0.03629452 
904 243 5 6 0.036031403 
190 266 24 21 0.035654098 
686 252 5 7 0.035585485 
662 269 4 5 0.035579626 
916 242 7 6 0.035547227 
669 250 4 5 0.035447262 
684 280 6 8 0.034906052 
886 251 3 4 0.03480865 
557 637 7 10 0.03459483 
799 363 6 6 0.03439947 
268 640 34 31 0.03433811 
200 251 4 4 0.03417204 
917 250 5 5 0.034060147 
857 259 6 7 0.03404399 
614 192 102 77 0.03400348 
898 195 30 25 0.033970132 
658 198 35 27 0.033927273 
690 291 7 8 0.033855528 
390 291 8 8 0.03383724 
898 251 4 4 0.03371133 
658 293 7 7 0.033571385 
852 204 7 7 0.033451173 
674 307 14 16 0.033280343 
897 243 5 5 0.0331335 
235 -75 549 315 0.033128995 
642 290 3 4 0.03307719 
891 244 5 4 0.03303588 
193 260 5 6 0.033034563 
909 243 7 5 0.032513943 
838 347 26 25 0.03217193 
616 249 4 6 0.032116905 
454 295 9 10 0.032054268 
653 274 5 6 0.03203485 
584 192 27 23 0.031987738 
803 701 25 24 0.03191192 
626 292 5 6 0.03178118 
887 203 10 8 0.031661108 
785 368 22 33 0.031578 
250 640 33 28 0.031566374 
855 296 10 9 0.031409543 
175 249 4 5 0.03129377 
531 831 29 24 0.031291634 
685 715 4 6 0.031251084 
649 250 3 5 0.031137802 
876 222 7 7 0.031093093 
210 249 9 7 0.030702665 
814 748 6 6 0.03068944 
674 250 4 5 0.030672036 
202 278 9 10 0.030639358 
204 249 24 21 0.030508433 
820 358 6 5 0.030428646 
845 250 4 5 0.030307304 
416 279 5 7 0.03025679 
401 175 450 298 0.030246405 
670 241 20 25 0.030132456 
122 203 29 22 0.030036032 
871 204 6 6 0.03000621 
920 241 9 7 0.02996022 
798 365 8 10 0.029894764 
853 265 29 22 0.029871421 
208 185 27 22 0.029787278 
184 191 23 22 0.029730072 
795 358 4 5 0.029641077 
529 334 128 74 0.029516565 
857 288 7 5 0.029500794 
871 308 15 14 0.029467244 
866 259 6 7 0.029368369 
869 258 6 8 0.029131437 
873 222 29 23 0.029125396 
898 261 5 5 0.029119717 
692 701 6 8 0.029088914 
915 196 30 24 0.02908531 
653 289 5 6 0.0290814 
879 232 27 26 0.029079325 
581 98 29 32 0.02906702 
779 652 24 24 0.029035872 
456 288 6 6 0.029020423 
820 352 6 5 0.028963396 
850 295 34 33 0.028870948 
879 245 4 3 0.028764425 
645 311 8 9 0.028740263 
870 222 7 6 0.028712448 
674 268 5 6 0.028707491 
447 295 9 10 0.028631771 
676 233 24 28 0.028601311 
657 310 10 11 0.028536484 
925 234 25 25 0.0284831 
182 245 3 4 0.028418548 
663 250 3 4 0.028403142 
809 356 27 29 0.028388327 
668 259 4 7 0.028270585 
190 252 22 23 0.02819073 
173 273 6 6 0.028134637 
928 242 8 7 0.02806827 
874 245 3 3 0.028032064 
431 343 25 28 0.028031962 
443 313 15 16 0.027968414 
814 363 7 7 0.027932653 
680 250 5 5 0.02790774 
867 245 3 4 0.027870923 
152 274 4 6 0.027758397 
425 309 12 13 0.027756352 
677 285 19 21 0.02775617 
662 309 12 13 0.027701944 
901 234 9 8 0.027654268 
897 184 27 19 0.027600124 
445 278 7 9 0.027574169 
665 268 5 6 0.027562907 
828 708 29 26 0.027504226 
100 206 54 41 0.027457586 
419 285 8 9 0.02744919 
652 311 9 9 0.02729436 
652 279 5 6 0.027284384 
879 260 5 6 0.027248437 
161 269 5 6 0.027232863 
905 259 5 7 0.027041689 
812 754 7 6 0.027017826 
652 270 23 27 0.026955575 
808 749 6 5 0.02694454 
159 258 6 8 0.026844345 
860 245 3 3 0.026829684 
640 203 31 26 0.026823001 
648 289 4 5 0.02681472 
895 234 8 7 0.026742568 
244 627 31 28 0.026731813 
665 104 8 12 0.026718035 
650 275 4 4 0.026708117 
849 291 9 7 0.026622167 
855 254 3 5 0.026602479 
626 715 5 5 0.026598042 
197 235 26 25 0.026570555 
806 357 7 6 0.026547546 
659 104 7 12 0.0265175 
818 361 7 9 0.026430957 
662 279 5 7 0.026419338 
558 -89 526 312 0.026382832 
432 309 12 14 0.026357017 
422 275 5 6 0.026353976 
426 284 18 20 0.026343683 
85 185 114 58 0.026291879 
587 361 9 11 0.026280392 
543 607 22 20 0.026246233 
439 308 12 14 0.026233695 
700 712 4 5 0.026095875 
876 183 24 21 0.025973154 
112 208 11 9 0.025928985 
877 229 7 5 0.025878422 
880 693 11 11 0.025797702 
910 241 24 24 0.025779355 
-1 -76 47 59 0.02573856 
820 727 9 9 0.025713606 
900 694 11 10 0.025682174 
437 269 3 5 0.025649225 
630 244 3 4 0.025633745 
399 273 4 5 0.025619896 
175 353 4 4 0.025608597 
608 716 25 24 0.025582325 
669 297 28 32 0.025535176 
450 307 14 15 0.025531031 
907 234 9 8 0.025459575 
856 222 8 6 0.025447167 
201 268 8 8 0.025430102 
101 185 23 19 0.025381248 
926 233 10 9 0.025350066 
855 251 3 3 0.025347326 
199 347 29 29 0.025336597 
797 373 8 11 0.025329823 
885 244 5 4 0.025312899 
687 226 24 27 0.025311971 
883 229 8 6 0.025309812 
814 704 6 5 0.025298633 
169 272 5 6 0.025172044 
666 722 6 8 0.025167644 
338 192 22 22 0.025159888 
203 288 10 11 0.025159782 
132 205 10 7 0.02514442 
411 269 5 6 0.025066432 
247 606 25 21 0.024991326 
643 253 4 5 0.024925496 
807 753 7 7 0.024876319 
691 279 7 9 0.024874052 
376 272 112 88 0.024866955 
658 768 99 86 0.02483536 
862 290 9 8 0.02472956 
690 273 8 10 0.024719307 
810 731 11 12 0.024717212 
216 250 8 6 0.024712075 
671 259 6 8 0.024629785 
902 220 30 25 0.024624657 
870 207 7 8 0.024607057 
636 280 3 5 0.02459539 
844 273 30 22 0.02459113 
266 682 24 24 0.024569327 
660 711 5 5 0.024520189 
156 270 4 6 0.0245132 
574 185 24 21 0.024497585 
940 241 8 7 0.024469795 
676 267 8 8 0.02446851 
694 716 4 5 0.024286004 
921 248 6 7 0.024191556 
889 229 8 7 0.024184113 
189 279 27 25 0.024180463 
182 353 4 4 0.02416421 
678 287 7 8 0.024107192 
660 286 6 8 0.02408707 
890 259 6 6 0.02408143 
194 245 4 4 0.024080146 
757 345 51 49 0.02407077 
875 216 8 8 0.024025775 
617 352 5 5 0.024001116 
421 310 9 10 0.023955263 
185 260 6 6 0.023922112 
662 253 4 6 0.023906127 
389 684 24 22 0.023851443 
870 229 7 5 0.023850454 
869 242 22 24 0.023846017 
156 184 25 19 0.023818783 
415 311 9 9 0.023778543 
175 245 4 3 0.023775803 
662 285 18 18 0.023774715 
889 234 8 7 0.023747584 
883 260 6 7 0.023730021 
615 717 6 4 0.023695141 
853 352 4 5 0.023687853 
170 244 4 4 0.02364059 
863 222 8 6 0.02362011 
843 197 56 45 0.023601614 
649 280 4 6 0.023582496 
793 666 6 6 0.023566868 
674 245 4 4 0.023532627 
613 184 24 21 0.023525298 
414 317 10 9 0.023523783 
807 353 6 5 0.023510395 
771 663 22 26 0.02350257 
914 234 9 8 0.023488391 
170 282 30 29 0.023471434 
728 302 466 349 0.023430645 
92 232 54 53 0.0234276 
-7 -75 207 212 0.023396242 
864 229 6 5 0.023384167 
681 262 21 27 0.023355447 
173 269 6 7 0.023312831 
170 249 4 5 0.023295492 
416 273 5 7 0.023292905 
842 250 4 5 0.023232749 
431 352 4 5 0.023229739 
420 316 10 10 0.023208804 
807 342 29 27 0.023196407 
208 244 4 4 0.023183124 
932 233 11 10 0.023181835 
847 245 4 3 0.023162851 
934 242 8 7 0.023155922 
420 295 8 10 0.023148954 
631 275 3 4 0.023137316 
920 234 9 8 0.023117837 
882 222 9 7 0.023103865 
272 643 11 10 0.023092108 
666 715 5 5 0.02305964 
663 262 3 5 0.022998484 
668 314 13 14 0.022977563 
204 259 9 7 0.02297227 
168 270 5 5 0.022970483 
906 220 10 9 0.022966022 
548 62 76 86 0.022885276 
681 300 12 14 0.02288503 
842 289 4 4 0.022865653 
687 244 4 5 0.022858912 
625 717 25 26 0.022840524 
646 296 7 8 0.02280942 
685 709 5 6 0.022754591 
629 299 27 31 0.022724815 
692 252 7 9 0.022670863 
608 720 9 7 0.022651728 
862 689 9 8 0.022589087 
680 311 14 18 0.022545699 
855 244 3 4 0.022518948 
865 281 7 6 0.022507392 
858 230 6 4 0.022483543 
807 368 7 9 0.022483228 
162 272 5 6 0.022471542 
162 290 11 11 0.022468813 
659 241 20 26 0.022466991 
693 708 5 7 0.022465033 
192 267 8 7 0.022462826 
693 242 5 6 0.02245952 
681 244 4 4 0.022447264 
653 105 8 14 0.02241912 
176 253 24 25 0.02241766 
421 265 19 26 0.022396468 
900 734 25 22 0.022390163 
788 658 6 6 0.022387814 
907 228 9 7 0.02237483 
886 713 25 26 0.022372661 
812 357 7 6 0.022361554 
218 281 7 7 0.022334525 
452 300 11 13 0.02232518 
793 657 6 6 0.022321336 
599 196 23 25 0.022315457 
434 270 17 24 0.022299942 
698 279 7 9 0.022294967 
443 352 4 5 0.022280239 
852 230 6 4 0.02227104 
847 672 26 25 0.022255337 
409 312 8 8 0.022216784 
642 297 5 7 0.022208063 
150 244 4 5 0.022144824 
637 245 3 4 0.022107072 
641 280 3 5 0.022093622 
161 255 5 7 0.02208197 
371 319 125 81 0.022077836 
569 719 6 8 0.022068035 
799 717 28 27 0.02205758 
893 649 28 28 0.0220241 
840 354 7 8 0.02193925 
796 711 5 4 0.021931235 
671 108 9 14 0.02192907 
908 258 6 8 0.021888932 
858 282 7 5 0.02186489 
150 253 70 69 0.021832809 
581 205 8 6 0.021799214 
894 700 11 11 0.021794017 
649 252 3 6 0.021765148 
938 233 11 10 0.02176277 
834 723 12 13 0.02175388 
443 289 20 22 0.021736553 
198 198 25 22 0.021673486 
825 696 21 22 0.02166838 
431 279 5 7 0.021666968 
850 221 8 6 0.021647941 
820 760 7 7 0.021624016 
173 254 5 5 0.021602252 
864 287 8 6 0.02158977 
857 203 6 7 0.021570172 
679 261 5 7 0.021546034 
888 701 10 9 0.021539353 
621 280 5 6 0.021531899 
888 707 10 10 0.02152458 
824 365 10 12 0.02151293 
870 689 9 8 0.021494322 
251 659 27 25 0.021476572 
906 693 12 11 0.021436982 
821 720 7 8 0.021427227 
894 228 10 8 0.021410756 
623 715 5 6 0.0214106 
683 273 7 9 0.021394596 
194 183 26 21 0.021390187 
369 184 26 21 0.021375371 
853 260 5 7 0.021345047 
622 272 4 7 0.0213241 
796 673 25 27 0.021315396 
-54 541 429 469 0.021240996 
523 715 9 9 0.021231959 
444 252 4 7 0.021219455 
641 353 4 4 0.021213908 
168 353 3 4 0.021205673 
820 346 28 27 0.021187807 
114 178 24 18 0.021166507 
122 207 11 10 0.02116371 
841 292 5 6 0.021146487 
870 266 8 7 0.021129373 
376 680 23 23 0.021091308 
878 235 6 5 0.021090722 
893 702 25 26 0.021077344 
857 266 7 7 0.021074226 
169 255 4 5 0.021070525 
438 253 4 6 0.02103385 
921 726 9 8 0.02100119 
884 282 32 27 0.02096944 
668 245 3 3 0.020933837 
156 259 6 7 0.020903721 
406 354 4 3 0.02088743 
842 258 7 9 0.020886412 
934 249 8 7 0.020875053 
645 317 9 9 0.020842215 
825 352 7 6 0.020837042 
894 694 10 10 0.02083231 
914 228 9 7 0.020805584 
443 304 27 29 0.02080454 
412 353 3 4 0.02080433 
670 294 9 10 0.020782214 
444 261 4 6 0.020771941 
676 302 11 12 0.02074475 
358 31 91 96 0.02073012 
801 747 6 6 0.020720031 
200 244 5 4 0.020719731 
832 361 8 10 0.020683208 
623 270 3 5 0.020662243 
622 257 105 81 0.02060305 
287 676 9 8 0.020584717 
883 234 8 6 0.020534338 
805 705 67 42 0.020478917 
856 711 26 29 0.020429717 
681 714 5 6 0.02042157 
218 288 6 5 0.020388054 
841 351 6 6 0.02038001 
407 288 21 22 0.020378293 
188 192 55 35 0.02036101 
812 696 8 7 0.020357002 
420 278 7 8 0.020346548 
872 236 5 5 0.020321565 
439 250 2 5 0.020315861 
209 632 23 23 0.020296333 
870 281 9 6 0.020285655 
102 236 27 24 0.020173589 
811 726 10 10 0.020169916 
188 245 4 4 0.02016973 
687 307 13 17 0.020164879 
906 700 11 11 0.02014865 
859 308 14 14 0.020133212 
846 289 6 5 0.020132245 
859 224 27 21 0.020107422 
643 245 3 4 0.020106062 
882 701 9 9 0.020093642 
843 694 24 22 0.020091984 
875 203 8 8 0.020082774 
908 740 9 8 0.020080417 
656 650 11 11 0.020044383 
446 302 10 12 0.02004095 
655 249 3 5 0.02003361 
217 291 6 7 0.020032061 
387 352 4 5 0.020029768 
