35_Basketball_playingbasketball_35_476
19
591 99 100 141 0.9993262 
321 20 92 159 0.9940498 
145 111 107 105 0.2129624 
923 283 106 116 0.1559872 
-22 -159 182 177 0.09584925 
4 205 206 225 0.08596971 
351 32 334 322 0.0684562 
41 14 325 288 0.050022155 
36 262 368 396 0.046157755 
23 233 124 100 0.03711226 
0 616 231 267 0.03618352 
683 204 428 352 0.03308056 
611 -130 444 364 0.031938795 
498 587 38 36 0.023833442 
831 251 212 193 0.02301743 
140 505 461 392 0.021027295 
182 144 123 115 0.020865787 
510 153 52 52 0.020828674 
726 540 427 367 0.020558001 
