35_Basketball_Basketball_35_684
201
900 57 110 168 0.9981521 
789 239 366 406 0.124155305 
1015 694 11 15 0.11516782 
874 609 210 190 0.071378484 
1011 700 11 13 0.06829553 
730 131 84 78 0.067630395 
769 169 8 13 0.055001296 
756 153 6 9 0.053517852 
773 158 6 12 0.05052843 
783 159 5 9 0.050128646 
981 668 24 28 0.05008337 
761 153 5 7 0.04970705 
787 159 4 8 0.048441816 
767 175 8 14 0.04774584 
770 154 4 6 0.047697738 
-50 -160 205 157 0.0474735 
758 149 4 5 0.047185615 
755 158 8 13 0.04706408 
820 166 6 7 0.046148397 
776 155 4 7 0.044889335 
757 163 21 32 0.04448315 
774 166 8 16 0.043351393 
724 67 102 64 0.042999662 
1017 655 8 9 0.042621996 
759 95 27 26 0.041909877 
736 109 70 53 0.04156474 
752 186 20 32 0.041538466 
1004 370 18 25 0.041197967 
746 209 18 33 0.04089084 
807 98 10 10 0.04022116 
806 91 8 8 0.03985478 
1001 668 23 26 0.039797887 
762 149 5 5 0.039257806 
769 148 5 6 0.038745556 
772 158 19 33 0.038564708 
1003 684 23 25 0.038030036 
776 91 5 5 0.037519813 
769 161 8 13 0.03746044 
992 676 23 26 0.03730622 
903 456 15 15 0.037246723 
765 181 10 18 0.037063025 
783 155 4 6 0.03673035 
116 756 5 5 0.03662292 
784 92 26 25 0.036271643 
763 178 20 31 0.036020715 
706 72 329 421 0.03589688 
791 165 19 29 0.035727233 
794 168 10 15 0.035663057 
789 156 5 6 0.03510172 
787 479 417 374 0.03500876 
170 752 3 3 0.034994707 
1009 700 20 25 0.03445508 
786 119 11 11 0.0342106 
773 181 8 15 0.03402065 
155 756 4 4 0.0338176 
17 756 2 5 0.03378832 
759 167 9 15 0.033729993 
984 654 25 28 0.03343594 
889 454 42 43 0.03339833 
777 111 13 13 0.032844637 
750 155 20 27 0.032741036 
41 752 2 3 0.03271468 
36 756 2 5 0.032110184 
765 97 13 13 0.03209048 
773 101 31 28 0.031996764 
994 691 24 24 0.03148688 
795 102 8 7 0.031330623 
758 142 23 34 0.031298775 
779 166 9 18 0.031106602 
98 756 4 5 0.030715581 
778 119 12 10 0.030715136 
792 119 11 11 0.030694239 
156 753 3 3 0.030513873 
36 751 2 4 0.030513816 
795 96 6 6 0.030414779 
788 106 31 29 0.030155959 
856 114 13 17 0.029995814 
774 147 7 8 0.02992075 
799 95 25 20 0.029880308 
795 91 5 5 0.029607745 
746 191 108 103 0.029463826 
788 101 8 8 0.029418623 
812 91 8 8 0.029350014 
760 198 10 18 0.029059844 
757 169 55 63 0.028782714 
702 208 80 123 0.02861114 
970 582 24 23 0.02856967 
775 82 27 26 0.028546888 
41 756 2 5 0.028541641 
798 164 9 12 0.02841397 
1012 351 9 9 0.028146353 
756 80 31 28 0.027997334 
775 95 7 7 0.027935738 
821 91 6 6 0.02785858 
118 753 3 3 0.027174506 
967 657 21 28 0.027155114 
796 206 13 18 0.02712658 
855 420 148 116 0.026967064 
806 161 6 7 0.026923459 
143 753 3 3 0.026794938 
1006 703 8 9 0.026704583 
27 756 2 5 0.02668823 
670 443 81 122 0.026582204 
971 645 24 26 0.026520146 
798 119 11 11 0.026419079 
781 121 28 27 0.026300259 
993 705 5 5 0.02628917 
164 752 3 3 0.026254406 
106 753 3 3 0.026089069 
994 700 4 4 0.02598259 
106 756 4 4 0.025862267 
911 383 45 47 0.02582392 
776 85 6 5 0.02578566 
788 95 7 7 0.025749898 
-17 439 508 390 0.02573923 
809 173 23 32 0.025266053 
950 -126 114 105 0.025130993 
24 756 2 5 0.024751825 
798 100 10 10 0.024727391 
763 88 11 9 0.024709973 
999 678 6 7 0.024651991 
795 85 6 5 0.024485502 
786 107 10 9 0.024434393 
984 575 24 24 0.02443245 
739 158 22 33 0.024322538 
799 153 7 8 0.024260337 
802 119 27 29 0.024068333 
769 96 70 50 0.024052257 
138 753 3 3 0.02398866 
793 152 22 26 0.023867978 
12 748 107 136 0.023725297 
792 111 10 11 0.023532122 
794 154 6 7 0.023475105 
767 192 26 29 0.023412684 
151 753 3 2 0.02338225 
793 106 9 9 0.023376606 
8 755 2 6 0.023369644 
9 751 2 5 0.023313586 
786 168 8 16 0.023227917 
992 339 21 24 0.023077684 
834 693 130 116 0.022996712 
897 460 20 26 0.022988185 
799 83 8 8 0.022860331 
943 341 22 20 0.022855898 
942 351 7 9 0.022838334 
781 156 18 29 0.022736937 
804 118 12 11 0.022570765 
964 569 24 22 0.0225486 
772 100 9 9 0.022525523 
987 700 5 4 0.022519737 
898 471 5 7 0.022466125 
766 199 9 16 0.022407833 
784 201 11 13 0.022364 
799 90 6 6 0.022329263 
788 91 5 5 0.022327017 
744 99 33 28 0.0222469 
80 756 4 6 0.02221557 
681 93 199 200 0.022143558 
966 356 27 28 0.022138724 
743 190 7 11 0.022086235 
991 324 22 26 0.022068182 
820 170 6 9 0.0220276 
587 540 453 506 0.021891337 
781 91 5 5 0.021723183 
794 211 23 30 0.021555046 
754 112 34 28 0.021436006 
795 160 6 9 0.021279039 
804 198 22 28 0.021272272 
977 691 23 24 0.021260375 
756 142 6 6 0.021241497 
797 174 10 15 0.02122092 
743 197 6 10 0.02121476 
730 123 5 7 0.02121252 
882 355 37 49 0.02112612 
783 248 20 31 0.02109893 
125 753 3 3 0.021035539 
17 752 1 4 0.021011978 
748 178 10 16 0.02096068 
141 756 5 4 0.020936415 
842 225 44 49 0.020825759 
798 111 11 11 0.020795861 
961 654 101 110 0.020772614 
719 160 43 61 0.020761833 
993 711 5 6 0.020665254 
788 210 56 52 0.020555131 
-10 440 152 323 0.020508584 
786 146 9 10 0.020485047 
781 162 51 52 0.020483628 
394 333 470 538 0.020442594 
780 147 8 8 0.020441143 
1001 699 5 5 0.02043056 
770 108 14 15 0.020425506 
111 752 3 3 0.020379553 
798 95 9 9 0.020318845 
906 368 9 13 0.02030565 
981 699 5 5 0.020258611 
787 190 8 12 0.020211019 
150 757 4 4 0.020205576 
957 408 105 98 0.020053197 
803 200 10 17 0.020036245 
810 105 10 11 0.020005481 
