35_Basketball_basketballgame_ball_35_256
110
762 353 50 56 0.9996866 
936 353 45 58 0.9996414 
228 74 52 59 0.9988319 
870 329 41 48 0.9979196 
530 55 63 96 0.9967236 
985 340 35 56 0.99671656 
467 163 47 54 0.99620605 
887 378 37 43 0.99472094 
356 154 38 46 0.97250193 
949 53 32 39 0.95225894 
358 54 61 57 0.9142537 
952 166 48 50 0.9028339 
776 112 35 42 0.8954577 
688 266 23 45 0.63278586 
920 122 34 40 0.58925265 
724 242 39 49 0.4562227 
421 27 35 31 0.28973886 
975 508 25 35 0.22775361 
280 132 30 51 0.22338298 
731 155 41 44 0.18967082 
408 42 50 50 0.18469974 
841 167 34 39 0.17739177 
846 192 36 49 0.16969933 
1007 540 19 29 0.113545895 
756 325 33 44 0.11242751 
921 10 22 27 0.10193743 
213 147 55 58 0.08670914 
657 112 46 51 0.08069393 
439 107 33 45 0.08020269 
334 114 70 84 0.065976575 
119 679 25 22 0.06069604 
392 255 26 39 0.0583776 
52 303 16 42 0.055749282 
316 181 29 53 0.05512272 
821 212 37 51 0.054718122 
544 11 37 51 0.05186125 
874 352 44 48 0.05065189 
502 32 23 28 0.049864393 
26 250 26 45 0.048529543 
507 95 38 54 0.048484795 
993 540 18 25 0.048392344 
700 207 47 41 0.04757899 
2 49 81 149 0.045904603 
427 67 44 52 0.04553736 
25 652 21 29 0.043448225 
758 121 40 43 0.04340253 
402 75 74 103 0.04185928 
766 262 50 54 0.041137915 
61 310 10 25 0.040784374 
380 183 43 52 0.03970463 
350 208 81 91 0.037876643 
953 148 25 32 0.036796294 
1012 16 20 32 0.036389973 
0 301 38 55 0.036141686 
189 176 74 84 0.035595816 
971 531 21 34 0.03468403 
796 364 27 35 0.03432347 
221 113 56 67 0.03395767 
736 247 66 88 0.03264448 
867 430 92 123 0.032588642 
933 140 30 36 0.03234406 
887 67 24 29 0.03189417 
982 525 23 33 0.031838015 
-7 251 66 91 0.03126915 
393 61 30 36 0.031167606 
923 125 56 74 0.030401703 
845 388 32 42 0.030302247 
796 226 46 46 0.030108266 
58 241 28 30 0.029427186 
842 221 31 38 0.02820564 
656 498 50 60 0.027926596 
678 104 28 36 0.027894834 
742 138 30 32 0.026353108 
-2 336 26 40 0.025967112 
660 139 58 54 0.02575375 
702 259 36 52 0.02569243 
973 548 14 23 0.025279533 
681 505 54 69 0.025195656 
244 221 33 55 0.025171036 
325 48 132 144 0.025152704 
137 276 101 126 0.024671676 
664 38 23 30 0.024084916 
699 153 56 52 0.023725463 
972 8 16 29 0.023695804 
135 687 15 15 0.023427816 
1009 490 18 28 0.023354596 
1011 297 17 33 0.023143653 
988 536 12 18 0.022839334 
146 353 55 94 0.022768697 
833 238 23 36 0.022434536 
111 674 45 44 0.022431012 
35 271 24 47 0.021891518 
1002 -1 13 13 0.021697829 
887 123 34 55 0.021554248 
898 42 22 27 0.021460563 
93 644 44 47 0.021337748 
975 323 26 40 0.02122178 
43 664 20 30 0.021016302 
46 301 82 125 0.02094933 
979 546 19 28 0.020614585 
464 492 89 74 0.02055595 
772 243 30 34 0.020444829 
250 140 43 58 0.020434104 
860 18 13 16 0.020400355 
827 154 58 77 0.02036521 
994 551 22 29 0.020226255 
443 160 33 58 0.020212248 
870 78 22 30 0.020181695 
192 328 21 40 0.020059636 
205 539 28 26 0.020031616 
