35_Basketball_basketballgame_ball_35_192
44
559 613 132 146 0.99839896 
744 140 127 164 0.9983967 
428 603 50 68 0.42844886 
154 492 34 43 0.15390763 
347 201 14 22 0.10893837 
71 1016 58 64 0.09147975 
247 161 31 40 0.06714967 
437 1151 57 78 0.057560988 
301 615 88 128 0.05351024 
352 216 15 25 0.052049115 
60 327 29 36 0.049641334 
242 595 94 129 0.046402466 
4 932 35 57 0.043736164 
78 743 109 117 0.04138996 
984 237 45 100 0.03466767 
52 409 50 63 0.03419357 
109 740 33 32 0.03213827 
941 1149 53 68 0.03165737 
246 355 24 41 0.030593716 
345 329 15 20 0.03055644 
770 562 98 165 0.029512754 
334 331 24 36 0.028303228 
566 371 31 50 0.027823223 
317 212 12 15 0.0275271 
107 778 121 131 0.026876178 
130 932 36 43 0.026141115 
946 136 27 47 0.02610854 
675 762 121 106 0.026011193 
375 615 21 42 0.025935715 
412 618 26 41 0.025745932 
84 771 37 26 0.025516694 
58 1005 97 147 0.02551318 
346 604 77 110 0.02480418 
381 224 14 23 0.02479091 
151 -3 65 44 0.024069488 
371 215 11 19 0.023023885 
323 218 11 18 0.022963317 
961 311 87 152 0.022889253 
350 1075 182 259 0.022813126 
238 290 90 116 0.022059403 
470 340 29 30 0.020977765 
329 225 13 20 0.020639319 
157 755 30 33 0.020290257 
723 387 118 137 0.020145327 
