35_Basketball_Basketball_35_304
921
767 265 30 39 0.9957705 
702 249 29 37 0.9880828 
854 428 64 42 0.25268802 
893 523 48 39 0.16279422 
744 70 15 18 0.12762788 
883 18 62 41 0.12725545 
711 24 125 120 0.11435464 
921 77 37 69 0.11376444 
-29 -231 535 237 0.10048816 
837 14 118 77 0.093522154 
-22 -218 204 166 0.091490254 
856 358 68 44 0.08337291 
717 253 24 27 0.08298519 
822 313 53 36 0.08056988 
793 215 7 12 0.079535 
835 398 93 60 0.078596644 
758 166 4 7 0.07583465 
534 -224 568 257 0.07567525 
767 171 5 7 0.07536632 
677 454 22 27 0.0746638 
699 325 60 56 0.06960323 
896 44 57 66 0.06658144 
765 171 4 7 0.06601063 
856 514 69 45 0.06509914 
845 249 7 8 0.061336238 
738 75 22 28 0.060786996 
773 198 8 9 0.060390405 
833 28 178 177 0.05935973 
653 308 82 90 0.058998775 
823 330 34 29 0.057866536 
845 217 6 7 0.05777197 
714 52 62 41 0.057404377 
767 167 5 6 0.05690403 
726 282 448 338 0.05667646 
858 386 35 23 0.05651052 
911 461 112 93 0.056414254 
769 179 4 6 0.05613664 
839 198 4 6 0.055894814 
758 79 107 116 0.055401392 
1 414 283 425 0.05497793 
762 167 4 6 0.054518532 
741 143 45 62 0.05388284 
764 160 4 6 0.053820156 
838 209 5 8 0.05376477 
839 56 97 92 0.053191703 
837 234 8 11 0.05316222 
801 166 6 7 0.05314433 
834 199 4 6 0.053043507 
856 210 6 9 0.0529906 
882 393 30 24 0.052621398 
840 217 46 50 0.051982094 
801 171 6 8 0.05184666 
664 423 79 85 0.05173451 
852 204 6 8 0.05171607 
876 526 31 28 0.050723985 
775 171 5 7 0.04991943 
801 117 43 54 0.049448274 
848 252 9 11 0.049174227 
693 340 22 32 0.04894194 
853 210 6 9 0.048586518 
700 535 26 23 0.047597 
844 210 6 7 0.047473393 
852 225 22 28 0.046914883 
768 161 4 5 0.046835195 
947 54 96 145 0.046731967 
767 217 7 9 0.046564613 
835 244 9 12 0.046461646 
872 358 29 25 0.046442773 
785 196 9 12 0.046433214 
775 167 4 6 0.0463432 
722 315 88 82 0.04609303 
818 289 53 43 0.046001244 
711 338 32 29 0.045639303 
868 420 35 22 0.045570847 
758 161 3 6 0.045228202 
871 67 30 30 0.044949096 
855 403 35 22 0.044532504 
847 241 25 28 0.044032488 
843 240 9 10 0.043757617 
711 337 8 11 0.04371115 
842 261 10 12 0.04336489 
748 82 23 28 0.043282572 
781 215 7 9 0.043071598 
876 514 29 23 0.042546693 
702 332 22 27 0.042185366 
768 185 5 6 0.042145025 
898 518 32 23 0.041823603 
838 228 7 11 0.041733492 
684 311 44 46 0.04161519 
835 85 53 51 0.04156199 
837 240 22 24 0.041432425 
883 58 32 29 0.04141288 
-22 330 194 318 0.04135514 
997 297 36 54 0.041194577 
859 105 24 33 0.041022554 
838 215 6 8 0.040878445 
774 185 6 8 0.040724903 
521 202 433 356 0.0406712 
852 215 7 9 0.04058914 
680 546 5 4 0.040527258 
684 552 7 4 0.04043994 
863 135 6 9 0.040383894 
685 546 6 4 0.04029547 
879 101 25 29 0.040218942 
839 516 29 25 0.040108263 
722 190 25 27 0.03973644 
836 471 102 76 0.039584056 
851 144 23 27 0.039514992 
849 213 20 27 0.039290313 
703 305 29 31 0.039245684 
848 180 4 5 0.03897451 
846 196 7 8 0.038917974 
779 171 7 8 0.03887338 
792 173 7 8 0.038788114 
849 240 10 11 0.038660504 
718 331 6 7 0.038652122 
784 96 24 35 0.038632493 
914 520 7 6 0.038586885 
729 257 25 25 0.03853954 
896 40 35 33 0.038474448 
851 179 5 6 0.03843871 
761 129 27 30 0.038302083 
792 209 7 10 0.038241167 
865 196 5 9 0.0382006 
834 203 5 7 0.038183633 
774 190 6 7 0.038137197 
763 186 5 7 0.03804293 
887 502 89 74 0.03802368 
762 220 8 11 0.038004886 
781 210 7 9 0.037731066 
682 554 66 38 0.037699148 
882 522 10 9 0.037651826 
780 198 7 9 0.03759992 
709 94 88 117 0.03750928 
756 168 6 10 0.03743572 
734 268 25 27 0.037335597 
857 205 5 7 0.037287105 
772 218 7 8 0.037133697 
825 125 27 32 0.03696185 
850 196 7 8 0.03691396 
909 356 25 31 0.036782898 
848 508 34 27 0.036728296 
856 215 7 11 0.03668919 
790 213 18 24 0.036660876 
817 232 89 77 0.036607694 
517 26 95 100 0.036588043 
607 -15 428 325 0.036519527 
800 102 7 8 0.03651552 
763 153 5 7 0.036447454 
807 297 105 66 0.036411602 
658 351 26 24 0.036260217 
794 148 20 29 0.036049973 
757 141 6 8 0.035959974 
839 223 7 10 0.035911646 
761 197 6 8 0.03582842 
860 234 21 28 0.03581553 
762 191 6 7 0.035565034 
988 539 5 5 0.035536006 
965 530 26 22 0.035532907 
648 126 47 61 0.03547329 
777 130 21 27 0.03524264 
727 259 12 14 0.0351881 
851 222 7 10 0.035141777 
781 167 5 7 0.03512666 
826 95 89 102 0.03505676 
785 140 22 29 0.035000935 
852 422 37 29 0.034764342 
844 221 8 10 0.034724638 
682 400 8 9 0.034721993 
773 229 7 7 0.03469848 
843 228 10 12 0.03468113 
785 202 18 24 0.034625757 
857 254 24 28 0.034618713 
823 29 77 45 0.034603167 
928 52 6 7 0.034582876 
856 219 9 15 0.034442265 
844 100 28 26 0.034413565 
876 533 10 11 0.03440655 
787 215 8 10 0.0343613 
884 531 7 7 0.03424184 
782 202 7 9 0.03413251 
768 155 4 6 0.033736028 
779 94 9 10 0.033668276 
889 419 102 95 0.033658754 
874 539 12 15 0.033652578 
754 141 21 31 0.03361391 
908 523 10 7 0.033560447 
779 177 7 9 0.03352094 
901 435 27 30 0.033516467 
762 140 7 10 0.033471588 
767 88 30 34 0.033448625 
881 410 26 21 0.03344827 
841 250 22 27 0.03340327 
876 106 7 9 0.03327824 
768 197 6 8 0.033277873 
908 519 8 7 0.03311716 
981 340 23 33 0.033116683 
753 88 10 13 0.03309919 
801 176 6 9 0.03298316 
837 253 10 11 0.0329805 
866 96 27 30 0.032951288 
659 437 43 50 0.032938767 
842 128 27 31 0.03292261 
811 215 8 10 0.032908816 
823 108 20 31 0.032812778 
826 113 7 13 0.032767758 
810 208 8 12 0.032758784 
690 533 56 40 0.03271595 
643 357 92 81 0.032682657 
839 208 20 26 0.03264534 
703 337 7 11 0.032631833 
636 500 95 74 0.03260593 
764 178 5 7 0.032585733 
804 177 7 9 0.03250908 
852 6 35 28 0.032465365 
851 331 31 26 0.032230414 
860 524 30 29 0.032209866 
716 337 7 9 0.03216752 
880 519 7 6 0.03192125 
798 94 8 10 0.031918284 
825 336 8 9 0.03191557 
733 94 24 39 0.031912193 
857 197 5 7 0.031881057 
654 543 28 21 0.031859033 
862 534 11 13 0.03170955 
696 272 40 53 0.031613078 
732 44 32 30 0.031581152 
855 254 9 10 0.03154212 
767 191 6 7 0.031531762 
812 295 32 27 0.031292982 
806 166 6 8 0.031288005 
747 301 236 151 0.031239972 
889 509 33 24 0.031172605 
739 248 25 23 0.031047348 
841 112 27 29 0.031030606 
847 -206 277 147 0.030918429 
847 184 5 6 0.030877143 
680 552 6 4 0.030855801 
805 171 6 8 0.03085302 
735 249 8 6 0.030832913 
855 448 37 33 0.030824963 
913 50 29 31 0.030799909 
756 132 6 9 0.030751094 
829 104 4 5 0.030728785 
827 108 6 9 0.03071497 
713 333 5 7 0.030699901 
694 472 503 327 0.030656835 
745 96 26 37 0.030642513 
868 95 47 55 0.030528866 
780 139 92 92 0.03051949 
857 302 7 6 0.030483713 
749 250 7 7 0.03047909 
844 180 50 57 0.030396178 
768 210 6 8 0.03027385 
930 306 23 30 0.03025249 
860 212 21 30 0.030205283 
770 141 22 28 0.030135967 
886 77 12 12 0.030107249 
783 345 31 32 0.030069986 
912 66 11 11 0.03004729 
797 91 28 32 0.030014107 
839 492 32 32 0.030004432 
914 526 9 6 0.030003699 
925 47 66 122 0.029974012 
656 545 4 5 0.029928876 
867 0 33 19 0.029906562 
820 148 29 33 0.029895129 
849 412 32 23 0.029893033 
840 227 20 24 0.029887937 
673 545 5 5 0.029726284 
853 317 30 21 0.029594524 
711 366 30 26 0.029500779 
736 69 69 52 0.029456995 
714 75 34 23 0.029430982 
878 365 14 13 0.029360462 
891 446 14 12 0.029187454 
797 334 52 44 0.029180259 
679 557 8 5 0.029175475 
920 429 29 31 0.02917378 
788 144 7 11 0.029163329 
975 535 27 25 0.02912024 
895 94 45 70 0.029105987 
714 342 11 13 0.0290861 
834 103 5 6 0.029032256 
796 219 10 13 0.02900439 
663 505 27 26 0.028996347 
781 229 8 10 0.028838217 
757 231 6 8 0.028822321 
787 191 7 9 0.028807396 
921 519 8 5 0.028795006 
663 467 48 53 0.028739909 
710 520 26 28 0.0287278 
793 184 7 9 0.02872148 
880 374 13 10 0.02867981 
858 60 32 29 0.028622983 
860 185 5 7 0.028581649 
798 210 7 9 0.028544271 
698 544 7 5 0.028500004 
854 243 12 14 0.028484149 
828 70 21 31 0.028480226 
929 32 27 34 0.028475616 
703 473 8 10 0.028462658 
783 159 5 7 0.028435573 
808 132 22 30 0.028423639 
729 428 8 9 0.028357312 
704 382 29 24 0.028354766 
829 292 30 23 0.028336622 
699 538 5 6 0.028323287 
705 537 8 8 0.028311126 
717 326 8 8 0.028272996 
818 209 8 11 0.028225208 
793 120 7 10 0.028212482 
835 137 11 14 0.028198468 
726 342 29 32 0.028188478 
850 146 8 8 0.028179968 
758 191 4 7 0.028178297 
854 200 20 28 0.028151467 
759 87 11 13 0.028069481 
835 210 5 8 0.02805082 
849 0 33 18 0.028040344 
812 315 30 32 0.027951796 
801 160 6 8 0.02793359 
659 558 30 18 0.02792829 
774 209 18 23 0.0279231 
880 546 12 15 0.027897786 
947 516 33 28 0.027862545 
838 164 22 26 0.02782076 
879 523 7 7 0.027820166 
849 55 10 12 0.027795276 
756 113 7 10 0.027755989 
886 352 33 27 0.027691588 
832 180 7 7 0.027646117 
674 487 6 7 0.027644323 
747 261 11 10 0.027640555 
761 230 5 8 0.02763639 
859 153 6 8 0.027584855 
844 140 9 10 0.027569244 
848 259 9 12 0.027568212 
885 520 14 12 0.027557917 
781 220 19 23 0.02755105 
871 102 7 8 0.027490979 
858 130 20 29 0.027480233 
774 160 5 7 0.02747227 
705 541 9 9 0.0274661 
791 137 10 14 0.027440948 
728 204 27 25 0.027398413 
895 94 25 34 0.027331604 
705 409 13 15 0.027319582 
787 132 7 12 0.02730165 
840 174 6 7 0.027282676 
704 332 6 9 0.027254255 
919 73 26 37 0.027232813 
845 204 6 8 0.027183617 
804 80 10 13 0.027154766 
867 342 12 12 0.027146952 
793 126 7 10 0.027133489 
713 182 24 27 0.026984561 
787 173 7 8 0.026978467 
736 260 15 12 0.026943047 
763 322 103 79 0.026914807 
909 504 7 8 0.026879381 
844 536 34 29 0.026877724 
651 389 32 23 0.02687119 
667 550 32 20 0.026869705 
848 176 4 4 0.026841024 
769 231 6 7 0.026811544 
704 348 27 30 0.026809681 
807 153 7 10 0.026806114 
887 259 28 25 0.026794897 
786 221 9 11 0.026750512 
695 201 23 28 0.02674306 
860 140 6 8 0.026712121 
690 464 25 33 0.026702292 
977 304 24 37 0.02668298 
751 212 5 6 0.026679287 
812 101 22 35 0.026644245 
743 246 5 5 0.026634626 
587 313 106 114 0.026623875 
772 235 9 10 0.026606943 
683 557 8 6 0.026579166 
922 61 8 9 0.02657642 
861 292 27 23 0.026531655 
696 336 9 10 0.026518902 
143 568 4 2 0.026494047 
915 507 5 6 0.026463207 
863 201 7 11 0.026459452 
785 116 21 30 0.026419068 
839 428 32 30 0.02640859 
831 262 8 10 0.026405139 
811 221 8 10 0.02633427 
930 514 4 4 0.026322067 
715 321 25 24 0.02629782 
858 165 8 10 0.0262696 
780 153 6 8 0.02626375 
802 219 22 27 0.02623603 
882 535 10 10 0.026232768 
726 519 25 28 0.026224503 
845 34 30 33 0.026184116 
865 185 5 7 0.02617987 
824 130 9 13 0.026172774 
843 17 34 26 0.026107663 
814 159 23 30 0.02610082 
694 552 33 24 0.02609668 
852 371 33 29 0.026046976 
862 209 7 10 0.026044145 
758 154 5 7 0.025994748 
755 106 7 11 0.025958044 
914 352 7 8 0.025926886 
844 303 33 24 0.025858464 
760 17 30 28 0.025853254 
703 478 9 13 0.025818598 
832 235 8 11 0.02581233 
751 217 5 7 0.02576506 
645 133 21 23 0.025754195 
751 198 6 7 0.025721027 
867 461 14 14 0.025709162 
908 57 9 8 0.02570685 
799 184 7 9 0.025651775 
742 250 8 6 0.025646202 
786 159 7 8 0.02562364 
790 200 9 14 0.025616437 
834 270 24 25 0.025608737 
863 118 8 11 0.02558912 
763 210 6 7 0.025586868 
758 73 12 13 0.025556082 
792 98 9 11 0.025539672 
758 235 5 8 0.025511228 
858 145 7 8 0.025478583 
680 398 6 7 0.025429582 
728 245 24 20 0.025380075 
832 142 27 29 0.02536775 
708 346 11 16 0.025367314 
830 171 9 10 0.025364537 
876 110 8 12 0.025335573 
818 220 8 12 0.025310293 
870 195 6 11 0.02529737 
862 -9 29 19 0.025292445 
934 49 8 9 0.025277872 
674 522 28 23 0.02525775 
859 134 6 8 0.025250075 
746 88 12 16 0.025249777 
793 132 8 11 0.025234744 
778 86 11 12 0.025227066 
794 167 5 7 0.025202142 
683 454 11 15 0.02520116 
804 153 19 29 0.025199065 
678 308 26 33 0.02518391 
722 175 25 26 0.025154347 
864 191 5 8 0.025140267 
807 102 7 9 0.025109341 
930 507 4 5 0.025104813 
768 202 7 10 0.025104266 
724 432 25 28 0.025057444 
703 348 9 14 0.025042025 
651 139 10 9 0.025005424 
721 427 8 11 0.024973325 
849 227 8 11 0.02495923 
735 197 9 9 0.024950925 
651 133 10 9 0.024927083 
922 513 6 5 0.02492657 
672 551 7 5 0.024920996 
807 159 6 9 0.024904879 
149 568 4 2 0.024900777 
928 527 30 24 0.024900451 
896 69 9 9 0.024892945 
882 -3 30 17 0.024888992 
948 99 6 15 0.024864322 
762 236 5 7 0.024853965 
728 434 8 10 0.024835443 
806 95 8 9 0.024807174 
764 96 14 15 0.024789272 
798 201 8 12 0.024771256 
942 42 7 10 0.024748601 
792 75 60 55 0.02469847 
909 513 7 6 0.024688892 
944 495 113 101 0.024674185 
756 166 19 28 0.02465125 
695 467 11 16 0.024645116 
728 197 9 9 0.024634115 
822 141 12 15 0.024611376 
787 119 8 11 0.024610318 
627 398 88 90 0.024581883 
872 84 31 31 0.024571355 
680 433 10 10 0.024547031 
638 164 22 24 0.024544965 
851 153 6 7 0.024523558 
809 240 10 13 0.024503043 
787 170 18 22 0.024482422 
824 92 23 30 0.024478106 
660 518 6 6 0.024462216 
832 107 6 9 0.024453763 
665 334 30 28 0.024394838 
805 202 9 12 0.024355968 
644 177 23 23 0.024336156 
834 129 12 15 0.024335086 
830 111 9 15 0.024307534 
819 196 8 10 0.024286892 
695 417 53 48 0.024257457 
861 151 9 11 0.024241703 
658 127 9 8 0.024193507 
790 22 65 50 0.024180194 
818 102 7 8 0.024161866 
750 127 6 9 0.024158277 
844 392 29 25 0.02414598 
824 344 9 10 0.024131356 
897 495 24 27 0.024100058 
721 337 8 9 0.024018899 
689 454 8 12 0.024016475 
708 202 24 27 0.024000606 
811 81 9 10 0.023994394 
861 276 27 24 0.023982845 
827 197 6 8 0.023979142 
613 156 98 120 0.023970803 
792 104 9 12 0.023942322 
604 363 24 22 0.023934983 
798 135 10 15 0.023906767 
656 539 4 5 0.023906682 
910 12 34 28 0.02389517 
875 71 8 7 0.023893 
825 229 7 11 0.023888504 
787 99 8 11 0.023884704 
672 559 7 5 0.023881579 
861 420 14 9 0.023861818 
651 127 10 9 0.023845054 
750 134 5 8 0.023821507 
665 512 7 6 0.023816861 
940 60 9 12 0.023782045 
833 229 7 10 0.023769245 
735 190 9 10 0.02375064 
861 545 13 14 0.023744572 
675 561 34 20 0.023741782 
819 203 8 10 0.02373072 
922 52 6 6 0.023729814 
751 244 5 6 0.023720302 
861 527 13 12 0.023672707 
737 246 6 6 0.023641072 
673 430 14 12 0.023619646 
154 230 603 382 0.02360452 
697 187 21 25 0.023588771 
778 183 8 9 0.023586378 
783 231 11 14 0.023572437 
776 196 19 21 0.023559554 
819 67 8 12 0.023521027 
634 385 5 5 0.023513908 
864 126 6 10 0.023503212 
0 583 97 187 0.023480803 
832 241 9 11 0.023453994 
812 67 9 12 0.023440018 
729 191 9 9 0.023429587 
845 76 7 9 0.02341024 
835 97 4 5 0.02340764 
916 345 22 29 0.023393838 
818 107 8 12 0.023393178 
739 111 25 38 0.02338298 
854 174 4 5 0.02337907 
658 133 9 9 0.023362054 
870 528 10 10 0.023356987 
883 506 7 7 0.023356592 
725 381 14 11 0.02332045 
900 -26 55 36 0.023315258 
996 334 25 32 0.023310045 
871 542 31 29 0.023292603 
833 193 6 6 0.023291273 
728 229 23 26 0.023278587 
706 562 34 22 0.023273177 
965 505 34 34 0.02322802 
764 107 29 34 0.023226852 
729 177 9 10 0.023215376 
657 477 27 26 0.02320047 
816 241 9 11 0.023168365 
964 293 77 106 0.023141133 
819 199 23 29 0.023124762 
722 197 9 9 0.023103379 
936 515 5 4 0.02309595 
887 273 27 24 0.023091791 
724 388 13 11 0.0230835 
639 391 7 6 0.02308152 
811 150 9 13 0.023080278 
907 49 10 9 0.02306925 
929 519 7 5 0.023067547 
826 239 20 24 0.023054624 
854 104 14 14 0.023054142 
717 293 26 30 0.023041582 
644 152 23 24 0.023022179 
850 62 9 11 0.023013076 
817 217 21 29 0.023000607 
862 254 10 12 0.022992093 
787 93 10 11 0.022981556 
858 172 7 9 0.022976883 
810 195 10 13 0.02297644 
698 475 24 32 0.022975495 
844 196 21 24 0.02296732 
644 381 9 8 0.02296303 
651 145 10 10 0.02295751 
758 147 5 8 0.022955943 
775 178 5 7 0.02294894 
722 330 9 10 0.022932673 
901 62 10 9 0.022929862 
779 143 8 11 0.02289538 
790 189 18 23 0.022879677 
652 377 6 6 0.022865957 
926 40 11 12 0.022855733 
657 195 22 25 0.02285167 
939 102 10 22 0.022830812 
833 214 6 9 0.02282115 
855 168 4 5 0.022812609 
817 228 8 11 0.022800751 
862 103 8 9 0.022781087 
373 479 447 464 0.022770211 
869 125 8 13 0.02277004 
817 174 25 26 0.022768447 
780 222 8 9 0.022761298 
811 473 28 26 0.022757724 
887 414 11 8 0.022750048 
742 128 6 9 0.022740165 
787 126 7 10 0.022680728 
875 79 9 9 0.022672001 
766 49 11 11 0.022670446 
887 529 10 9 0.022657873 
915 516 32 20 0.02265387 
799 125 8 13 0.022634815 
786 106 9 12 0.022632608 
722 184 8 9 0.022615295 
720 471 24 29 0.022611352 
772 10 31 27 0.022591611 
859 414 15 11 0.022588259 
830 279 10 10 0.022581466 
-56 90 508 516 0.022564916 
729 184 9 9 0.022564767 
857 56 9 10 0.022562288 
915 499 6 8 0.022555491 
861 225 10 17 0.022539627 
727 440 8 9 0.022533407 
855 48 11 13 0.02252145 
822 176 11 12 0.022507213 
709 158 21 26 0.022506518 
658 139 9 9 0.022453642 
659 545 5 5 0.022450529 
823 280 26 24 0.02241615 
921 525 8 7 0.022409312 
750 141 4 7 0.022401102 
658 120 8 9 0.02239676 
655 530 6 8 0.022392275 
819 83 7 8 0.022390129 
812 102 8 9 0.022379061 
718 406 28 24 0.022356134 
665 517 7 8 0.022345033 
688 433 11 12 0.022342501 
822 334 7 7 0.022334395 
793 149 9 12 0.022305269 
868 244 10 15 0.02227518 
912 40 13 12 0.022268021 
812 228 8 11 0.022255354 
882 410 9 6 0.02223629 
752 154 4 8 0.022227319 
706 449 28 31 0.022217669 
882 512 8 7 0.022204021 
825 209 8 12 0.022200527 
680 540 5 5 0.022200324 
855 535 12 11 0.022157421 
833 88 5 8 0.022152698 
894 531 10 9 0.022151379 
644 121 22 21 0.022136746 
689 552 7 5 0.022131672 
672 539 5 5 0.022129335 
543 63 49 52 0.022126522 
816 146 11 16 0.02211797 
645 350 23 25 0.022116067 
868 533 12 14 0.022108277 
644 151 11 11 0.022099184 
936 477 29 34 0.022098469 
811 158 7 11 0.0220815 
927 413 31 30 0.022070395 
698 39 8 5 0.022067739 
805 215 8 11 0.022053799 
762 131 7 10 0.022050694 
862 39 34 28 0.022025963 
668 563 12 8 0.022024777 
720 420 10 11 0.02201789 
137 567 4 3 0.02201091 
914 511 7 6 0.02200857 
657 170 10 11 0.022006687 
786 112 9 13 0.02199341 
830 272 9 11 0.021982556 
896 344 28 24 0.021940785 
854 294 10 9 0.021935483 
923 325 25 31 0.021931276 
914 355 10 12 0.021928769 
902 -1 18 10 0.021915266 
759 79 27 26 0.021903431 
657 164 10 10 0.021894427 
790 226 10 13 0.021887854 
645 390 9 8 0.021871962 
840 194 5 5 0.02185874 
834 57 24 32 0.02184364 
722 191 8 8 0.021843093 
783 341 4 5 0.021835856 
644 145 11 10 0.02181726 
756 210 6 8 0.021813113 
749 31 32 31 0.021812813 
786 166 7 7 0.021810219 
693 30 31 23 0.02180512 
664 557 10 7 0.021798635 
760 202 7 8 0.02179848 
664 171 9 10 0.021791918 
689 441 8 9 0.021789867 
742 197 8 9 0.021787778 
784 133 45 55 0.021776196 
638 171 10 9 0.021762885 
741 134 23 36 0.021758504 
637 146 22 22 0.021723496 
644 164 10 10 0.021716323 
729 171 9 10 0.021704106 
691 544 6 6 0.021703213 
660 538 5 6 0.021702847 
750 120 6 9 0.0217003 
869 10 37 28 0.02168106 
657 183 10 11 0.021654656 
697 406 23 29 0.021654116 
937 236 34 54 0.021643344 
638 164 10 10 0.021643275 
778 73 11 15 0.021638343 
783 344 4 6 0.021637408 
943 281 19 27 0.021625005 
852 158 6 7 0.02162184 
651 152 10 10 0.021615488 
798 188 9 12 0.02161516 
656 528 26 22 0.021611448 
811 260 24 26 0.021595119 
773 211 7 8 0.02159495 
759 245 10 14 0.021591486 
733 462 14 13 0.021586262 
616 366 53 54 0.021573475 
805 201 19 27 0.021555344 
887 368 12 12 0.021548668 
757 198 5 7 0.021541143 
900 43 10 9 0.021530261 
689 424 12 14 0.0215235 
942 49 8 11 0.021517735 
724 447 6 9 0.021512792 
657 177 10 10 0.021512307 
747 62 25 26 0.021495465 
644 139 11 10 0.021493189 
681 471 13 18 0.021491187 
735 178 8 9 0.021490118 
504 62 49 54 0.021486247 
811 346 24 27 0.021458661 
887 512 9 9 0.02145777 
756 241 6 9 0.02144339 
664 202 9 11 0.021441447 
779 189 7 9 0.021439025 
868 254 11 16 0.021436112 
819 191 7 9 0.0214345 
644 158 11 10 0.021433374 
756 213 17 23 0.021432241 
118 568 3 3 0.021431291 
906 255 11 10 0.021415379 
729 159 7 8 0.021413106 
886 292 27 23 0.021365736 
893 535 11 12 0.021354344 
867 426 14 9 0.021340935 
978 352 17 32 0.02133858 
813 74 8 10 0.02132702 
881 469 25 34 0.021326723 
664 177 9 10 0.021309566 
836 475 29 24 0.021303823 
848 266 10 12 0.021284757 
736 441 7 8 0.021253562 
832 190 20 24 0.021252617 
805 349 11 12 0.021248363 
660 513 6 5 0.021239962 
932 -2 30 18 0.021237087 
648 373 4 4 0.021234678 
910 -12 28 19 0.021221427 
670 420 24 24 0.021214724 
644 171 10 10 0.021212481 
863 177 6 9 0.02120774 
695 513 24 31 0.021203151 
739 253 13 8 0.021199789 
466 62 49 55 0.02119043 
793 112 8 12 0.021181993 
921 66 9 12 0.021177027 
883 238 30 28 0.021175323 
935 99 8 13 0.021159034 
737 439 26 27 0.0211575 
668 545 5 5 0.02115078 
155 568 4 3 0.021137545 
897 455 22 29 0.021127095 
630 68 24 24 0.021123778 
688 175 11 20 0.021102406 
735 188 25 28 0.021064792 
376 62 49 55 0.021060944 
658 550 8 8 0.021031445 
729 536 27 26 0.021030199 
654 514 26 24 0.021029307 
820 325 9 10 0.021024644 
702 360 9 16 0.020985577 
928 58 5 7 0.020977361 
947 60 7 13 0.02097059 
742 191 8 9 0.020948559 
428 62 48 55 0.020948254 
892 424 29 30 0.020937003 
651 164 22 25 0.020933593 
130 568 4 2 0.020931264 
748 105 8 12 0.020930694 
658 145 9 10 0.020928085 
827 70 6 9 0.02092087 
860 395 14 10 0.020908812 
922 32 17 14 0.020900808 
651 120 9 9 0.020897945 
901 512 9 8 0.020893289 
651 183 10 10 0.020884315 
925 -11 29 19 0.020876652 
652 333 22 29 0.02087357 
742 536 8 9 0.02087282 
866 142 22 29 0.020866204 
694 260 11 14 0.020849705 
644 177 10 10 0.02080506 
883 71 10 10 0.020800268 
735 184 9 10 0.020792743 
759 57 12 11 0.020783808 
786 206 9 12 0.020774446 
649 173 47 64 0.020763837 
775 153 6 7 0.020756973 
338 62 49 55 0.020753108 
811 188 22 27 0.020744594 
791 189 9 11 0.020721355 
811 62 26 35 0.020718493 
704 326 6 9 0.020714216 
867 469 13 15 0.020710278 
630 385 5 6 0.020693285 
742 204 8 8 0.020692427 
777 36 30 31 0.020682504 
847 267 25 27 0.020666389 
937 320 23 33 0.02066254 
728 204 9 8 0.02062167 
799 151 8 11 0.020582674 
805 74 9 12 0.02057876 
824 326 11 10 0.020577963 
752 172 84 86 0.020574983 
702 199 11 13 0.020566925 
867 231 10 17 0.020564638 
751 191 5 7 0.020563412 
755 125 8 10 0.0205619 
860 401 13 9 0.020553874 
916 88 7 11 0.020553447 
832 222 7 10 0.020549122 
597 213 106 139 0.020548621 
709 368 9 14 0.020542655 
844 106 11 12 0.020536479 
744 153 5 7 0.020521725 
827 97 5 6 0.020518176 
664 164 9 10 0.020517977 
701 189 11 13 0.020514475 
766 196 19 20 0.020486578 
922 506 6 6 0.020481935 
787 153 7 8 0.020480439 
644 133 11 9 0.020475414 
650 170 11 11 0.020471107 
832 333 17 16 0.020470228 
906 82 25 36 0.020465361 
742 97 8 12 0.020459745 
722 432 8 13 0.020457275 
638 177 10 10 0.020454988 
799 314 10 14 0.020447655 
650 164 11 11 0.020432696 
658 114 8 9 0.020418474 
998 351 40 60 0.020383967 
806 105 9 13 0.020382036 
817 60 11 13 0.020369867 
751 204 6 7 0.02036849 
860 192 5 7 0.020363558 
631 75 11 10 0.020354439 
300 63 49 54 0.02034963 
872 260 11 16 0.020326324 
846 284 15 14 0.020304043 
729 101 7 10 0.020302996 
736 237 7 7 0.020300193 
631 68 11 11 0.020299643 
768 234 7 10 0.020294204 
852 140 8 9 0.020293016 
852 527 15 13 0.020290319 
940 533 31 26 0.020286765 
721 343 10 10 0.02027578 
974 203 21 22 0.020264061 
751 222 5 8 0.02024979 
824 120 10 16 0.020244172 
934 57 6 8 0.020234725 
719 418 25 27 0.020233992 
831 178 23 23 0.020216987 
747 252 10 10 0.02020402 
657 158 10 10 0.020202603 
261 62 49 55 0.02020207 
650 177 11 10 0.020181626 
707 357 12 18 0.020167187 
721 448 26 25 0.020165592 
933 90 9 14 0.02015848 
124 568 4 2 0.020142946 
781 79 27 28 0.020125214 
750 148 5 7 0.02012448 
914 74 9 11 0.020116132 
863 140 10 14 0.02011365 
934 520 6 5 0.020106092 
713 326 7 8 0.020104453 
769 139 8 10 0.02010349 
903 531 9 7 0.020088827 
866 197 24 32 0.020081772 
860 41 14 13 0.02006775 
695 94 28 23 0.02005995 
946 108 9 20 0.020055749 
859 313 17 11 0.0200502 
916 92 22 37 0.020044146 
805 132 8 11 0.020035902 
665 127 8 8 0.0200348 
761 240 7 10 0.020017782 
923 313 5 8 0.020015573 
650 158 11 10 0.02001415 
665 120 8 9 0.020011585 
787 185 6 7 0.0200079 
657 152 10 10 0.020007804 
634 378 6 6 0.020001298 
