35_Basketball_playingbasketball_35_674
127
187 138 43 54 0.9998566 
86 10 35 33 0.99770445 
289 117 30 35 0.99755967 
373 150 60 78 0.99735934 
151 65 36 45 0.9963921 
214 77 27 32 0.9961408 
355 91 30 33 0.9942614 
171 17 32 35 0.99033993 
981 21 48 89 0.9889653 
858 259 33 38 0.9877846 
265 85 32 37 0.9876237 
633 41 46 72 0.9832388 
602 27 21 29 0.98183906 
406 16 30 37 0.9812371 
599 277 32 40 0.9738448 
15 234 35 41 0.9737688 
-1 89 26 46 0.9645769 
507 32 22 28 0.92918277 
1000 252 22 20 0.8878368 
559 105 34 33 0.8413121 
352 14 24 29 0.83123165 
950 252 22 25 0.8300694 
451 22 26 33 0.7859521 
902 84 22 22 0.7651824 
803 53 22 27 0.6601981 
838 139 27 26 0.5905761 
873 166 30 33 0.4245864 
787 93 24 27 0.34102726 
743 50 22 27 0.33219454 
450 42 28 35 0.2605714 
479 110 23 22 0.26040813 
578 72 29 28 0.2530605 
929 84 19 26 0.23972425 
821 157 25 35 0.23818657 
269 13 24 25 0.23527375 
481 69 18 23 0.21433032 
81 430 111 114 0.15819143 
644 268 36 36 0.14903405 
980 128 18 21 0.14716466 
559 37 20 27 0.13697194 
546 87 16 19 0.13319865 
121 130 39 52 0.11047572 
275 69 24 28 0.104330815 
251 30 22 23 0.07663684 
970 180 23 21 0.07581955 
542 37 21 28 0.07330897 
259 23 25 25 0.070622474 
800 122 24 24 0.06434264 
624 73 21 31 0.061819848 
598 43 35 50 0.060355276 
278 0 24 20 0.051841833 
523 37 25 31 0.051681448 
590 62 24 27 0.050084915 
910 287 19 30 0.049362693 
1006 256 26 32 0.049169984 
903 74 16 21 0.041099638 
480 81 23 27 0.040370785 
367 19 29 29 0.040088885 
922 276 25 27 0.039887313 
227 41 21 27 0.038592488 
935 295 23 31 0.036812827 
558 51 41 48 0.03363027 
157 -1 26 22 0.033133093 
488 115 25 29 0.033075135 
320 8 21 26 0.032980822 
554 331 24 42 0.031670917 
65 433 46 53 0.031566717 
254 5 25 27 0.031449694 
659 47 46 62 0.03126717 
754 55 23 27 0.031235972 
571 43 23 26 0.030847544 
931 262 33 40 0.030433118 
529 38 40 48 0.030424457 
620 34 36 56 0.030170577 
900 94 22 25 0.029183133 
806 126 33 39 0.028825806 
461 189 41 43 0.028776696 
914 87 15 18 0.028470164 
0 40 15 30 0.028469238 
296 93 21 28 0.028398378 
169 -2 25 17 0.028260415 
548 25 27 27 0.027737943 
182 277 21 28 0.027610697 
553 52 24 29 0.027027829 
370 96 26 36 0.026353255 
490 143 29 35 0.026268812 
875 148 27 32 0.026263872 
481 89 35 39 0.025851378 
795 105 26 30 0.025701351 
314 26 23 29 0.02561705 
547 94 23 26 0.025539188 
568 335 31 45 0.025005622 
211 51 35 45 0.024909828 
239 2 22 24 0.02489743 
835 125 21 25 0.024824817 
881 78 19 23 0.024321115 
765 76 75 81 0.024018016 
799 156 37 47 0.023668146 
743 61 37 47 0.023508172 
1001 316 15 19 0.023225 
595 73 26 32 0.02305413 
984 343 20 27 0.023041865 
384 18 27 27 0.022926856 
109 102 26 36 0.02283036 
499 104 36 37 0.022696747 
547 68 74 70 0.02253076 
481 35 21 30 0.022515068 
10 155 41 76 0.022423875 
253 44 19 27 0.022038724 
525 83 36 45 0.02188333 
939 155 19 17 0.021420948 
518 41 17 22 0.021404676 
950 295 25 30 0.021380708 
913 249 19 28 0.021220211 
504 35 77 86 0.02111927 
561 240 26 29 0.021041617 
1 256 24 37 0.020889627 
0 56 17 32 0.020725409 
465 56 34 41 0.02072508 
143 -1 24 23 0.020677086 
288 13 15 18 0.020586286 
612 429 12 17 0.02046302 
334 416 15 13 0.020297665 
437 5 59 77 0.02008366 
513 96 23 25 0.020027798 
550 66 22 28 0.020025125 
338 120 36 54 0.020024817 
