35_Basketball_playingbasketball_35_632
849
128 442 20 23 0.931462 
908 483 16 19 0.72288954 
721 489 14 18 0.6836828 
316 526 57 41 0.35734153 
303 689 14 13 0.35461846 
465 342 22 30 0.27756342 
240 153 96 52 0.2606951 
448 322 41 46 0.19787134 
30 663 9 12 0.18246679 
103 165 23 18 0.119806126 
35 503 8 10 0.10531601 
898 63 15 17 0.095507935 
28 674 12 17 0.094767734 
473 351 25 25 0.09407376 
456 459 28 29 0.09367915 
1005 252 16 28 0.085771136 
31 659 8 9 0.08516076 
223 477 9 9 0.08382495 
649 275 4 5 0.081225835 
1013 178 15 25 0.079907395 
868 485 8 9 0.07858503 
981 243 11 17 0.07515196 
789 276 4 5 0.07306193 
757 272 3 4 0.0710461 
243 476 9 10 0.070727706 
977 159 12 14 0.069030315 
31 508 8 10 0.06669312 
55 660 10 13 0.06589132 
5 657 8 9 0.059222687 
321 671 7 7 0.058775745 
812 95 62 41 0.058401637 
231 472 9 9 0.057531442 
757 274 4 5 0.056762155 
5 652 7 9 0.05503184 
922 128 28 23 0.054755583 
817 93 34 23 0.054714993 
264 487 5 5 0.052982204 
836 498 9 9 0.05081732 
547 272 3 4 0.0490047 
860 123 13 14 0.048436232 
70 670 7 10 0.048242215 
789 272 3 4 0.048229113 
264 482 4 4 0.048058722 
694 271 4 4 0.04781681 
512 319 8 10 0.047383264 
649 273 3 4 0.04724175 
912 190 11 14 0.0470574 
25 664 8 11 0.04687407 
56 652 9 10 0.04684759 
967 148 23 23 0.0461083 
450 319 8 8 0.045967557 
92 628 6 7 0.045842115 
946 129 30 24 0.045786858 
871 36 27 22 0.045749787 
928 119 29 22 0.045393992 
724 514 22 29 0.0447529 
752 272 3 3 0.044709884 
207 489 11 11 0.044693764 
561 276 3 4 0.044558853 
706 290 3 4 0.044200525 
1012 221 6 10 0.0441743 
849 98 25 25 0.043834757 
1010 161 7 7 0.043803927 
4 662 9 11 0.043738116 
878 30 18 11 0.043527525 
716 490 11 13 0.043287452 
819 79 30 23 0.04328726 
875 485 8 9 0.042857654 
586 281 4 6 0.042414516 
578 319 9 10 0.042388454 
488 350 16 22 0.042230267 
858 531 5 5 0.042221807 
527 272 3 4 0.042008262 
653 276 4 5 0.04196212 
975 136 13 16 0.041816123 
309 684 10 10 0.04160939 
879 50 44 39 0.040808816 
467 327 26 27 0.04049415 
248 474 7 7 0.03994746 
95 669 8 9 0.039937917 
-48 -166 202 161 0.039801426 
788 282 4 5 0.039735965 
752 275 3 5 0.039612707 
318 661 22 22 0.039451472 
268 492 7 8 0.039174348 
581 350 11 14 0.039137907 
642 276 4 5 0.038984906 
257 512 6 7 0.038927697 
338 516 32 29 0.03860333 
661 277 4 5 0.03855154 
853 531 6 5 0.038405973 
642 472 15 12 0.038223762 
649 281 4 5 0.037988696 
615 327 7 8 0.03792394 
861 29 28 20 0.037234314 
128 414 7 13 0.037232965 
927 138 31 27 0.03720226 
765 271 3 4 0.037135262 
210 442 26 25 0.037081733 
847 41 30 23 0.036979705 
869 490 9 11 0.036907986 
217 478 9 7 0.03688757 
525 325 6 8 0.03677322 
334 550 16 17 0.036721576 
785 272 3 3 0.036708377 
765 275 4 5 0.036375027 
82 169 27 19 0.036371026 
946 150 48 43 0.036158606 
0 699 21 28 0.036138725 
849 113 27 24 0.036130443 
726 271 4 4 0.036080774 
437 447 31 24 0.036047775 
946 178 9 10 0.03603733 
264 631 179 148 0.03583425 
727 275 3 5 0.03545522 
467 316 5 6 0.03523823 
439 277 4 5 0.035085365 
968 141 13 14 0.035066765 
59 647 5 6 0.035065215 
307 680 8 7 0.034976523 
591 272 3 4 0.034968033 
962 193 15 13 0.034913015 
424 275 5 6 0.034899037 
541 351 11 13 0.034667045 
551 272 4 4 0.034604643 
933 185 7 9 0.03458537 
956 204 31 25 0.03449391 
314 680 5 5 0.034384836 
145 438 8 11 0.034070455 
522 355 12 14 0.03405285 
-1 678 5 10 0.033872582 
485 319 6 7 0.0338132 
795 277 4 5 0.033769898 
818 123 26 24 0.033753213 
905 68 20 23 0.03357541 
541 276 4 5 0.033572715 
766 282 4 6 0.0333458 
927 189 9 11 0.033343296 
865 124 21 26 0.03333326 
643 272 4 4 0.033295684 
953 121 17 10 0.03326896 
825 108 29 25 0.03323931 
298 486 99 80 0.03320157 
859 489 23 26 0.03305485 
1001 152 21 24 0.033024818 
926 213 26 28 0.03295223 
997 236 34 47 0.03286782 
953 202 11 11 0.03286152 
873 79 13 13 0.032732535 
881 109 26 26 0.032656305 
881 96 25 23 0.032639343 
293 714 22 26 0.032503966 
560 272 3 4 0.032447908 
589 276 4 5 0.03234762 
33 655 5 7 0.03226663 
586 272 3 3 0.03213857 
977 230 10 11 0.032126468 
533 290 4 5 0.032121092 
880 86 12 13 0.032119352 
934 153 27 26 0.03211548 
542 272 3 4 0.031861402 
867 505 6 9 0.031791963 
630 270 4 5 0.031782907 
476 276 4 6 0.031757068 
337 688 3 3 0.03166083 
169 170 10 12 0.03163736 
841 498 9 10 0.031609997 
464 316 4 4 0.031557705 
452 325 8 9 0.031389497 
543 393 20 23 0.031338483 
940 184 8 10 0.031333655 
522 272 2 4 0.031299543 
485 277 4 6 0.031193204 
453 315 7 6 0.031185394 
488 344 13 16 0.031158037 
170 440 8 13 0.031132579 
609 470 27 21 0.031105421 
875 95 9 11 0.031054461 
443 314 24 22 0.031033754 
698 271 4 4 0.031017244 
15 739 3 4 0.031008221 
929 185 7 9 0.031005206 
693 275 5 6 0.030978967 
564 276 5 5 0.030875625 
560 284 3 4 0.030841943 
794 66 106 61 0.03084157 
870 496 10 13 0.030819906 
233 476 10 10 0.030795155 
546 276 5 6 0.030767964 
869 480 8 8 0.030758742 
267 488 6 5 0.030732365 
914 145 57 48 0.030594505 
707 285 3 3 0.030561898 
635 271 4 4 0.030541727 
539 282 4 5 0.030509101 
661 281 4 5 0.03048225 
577 327 12 14 0.030428842 
206 500 6 6 0.03040319 
61 652 7 10 0.030398836 
416 287 5 6 0.030371765 
1011 165 7 8 0.03035684 
296 670 43 46 0.030344995 
526 319 5 7 0.030334188 
635 276 5 6 0.030306198 
688 270 3 4 0.03027809 
110 646 8 7 0.030234518 
341 689 3 3 0.030211452 
833 122 15 16 0.03018524 
914 79 10 11 0.030178184 
402 277 4 5 0.030146861 
942 179 6 8 0.030073125 
932 180 20 25 0.030047795 
103 660 25 19 0.03002269 
439 281 4 6 0.029986313 
571 272 3 4 0.029981805 
890 120 27 23 0.029968882 
144 163 22 21 0.029832134 
341 693 4 3 0.029815521 
798 78 27 21 0.029811861 
652 282 4 5 0.029780645 
877 41 14 12 0.029754065 
833 77 30 21 0.029732047 
611 272 3 3 0.029723909 
12 665 7 9 0.029566053 
234 468 8 9 0.029557422 
532 293 5 6 0.029506186 
963 201 15 13 0.029499067 
224 468 18 19 0.029497778 
349 695 3 2 0.029410996 
907 221 10 15 0.02935989 
874 491 10 12 0.02934674 
301 677 22 20 0.029293252 
566 273 3 3 0.029263549 
617 272 3 4 0.029235445 
687 276 4 4 0.029228598 
850 59 32 23 0.02914894 
205 506 5 6 0.029138891 
699 291 4 3 0.02912694 
605 272 3 3 0.029012784 
74 671 8 10 0.02896322 
617 277 3 4 0.02892708 
121 175 9 11 0.028822502 
945 210 28 27 0.028767109 
822 92 15 12 0.028700251 
805 106 30 21 0.028693866 
925 252 21 36 0.028623873 
687 265 4 4 0.028611187 
441 326 25 30 0.028588906 
946 172 9 9 0.028587371 
243 482 10 9 0.028522655 
943 176 22 25 0.02850499 
24 537 12 19 0.028421797 
1017 222 7 11 0.028411515 
881 94 10 11 0.02837837 
866 111 10 12 0.028372485 
539 290 4 5 0.028366374 
549 276 4 6 0.028335769 
930 196 21 25 0.02830325 
708 278 3 4 0.028293071 
871 49 29 28 0.028168203 
740 277 3 4 0.028140897 
10 694 206 224 0.028139045 
788 287 4 6 0.028119856 
983 151 8 13 0.028100632 
482 276 5 7 0.02809939 
448 314 8 7 0.028080566 
486 316 5 5 0.028045496 
948 198 24 22 0.028036028 
213 506 4 5 0.027928755 
908 186 21 24 0.027895726 
932 195 9 11 0.027894355 
528 290 3 4 0.027892428 
654 272 4 4 0.027864313 
731 276 3 5 0.027857644 
992 166 6 8 0.027792687 
943 162 13 13 0.0277101 
538 293 5 6 0.027707687 
93 657 10 12 0.027703302 
918 190 10 11 0.027702933 
975 161 21 25 0.02769678 
321 676 7 8 0.027663011 
895 436 9 15 0.02758332 
106 657 13 11 0.027581304 
785 276 3 4 0.027570525 
911 184 41 47 0.027541637 
726 290 3 5 0.027495248 
95 177 10 9 0.027466513 
1003 133 13 10 0.027345246 
1007 223 5 8 0.027287817 
819 113 56 53 0.02722511 
796 281 4 6 0.027215777 
785 288 3 4 0.02719433 
740 271 3 3 0.027172612 
228 433 22 23 0.027150145 
546 279 5 7 0.027094344 
93 664 10 10 0.027070297 
848 116 12 12 0.027065625 
209 498 7 7 0.027021125 
528 295 4 4 0.027008174 
946 202 10 11 0.026997741 
569 400 20 28 0.026943197 
263 490 8 8 0.026935527 
26 658 7 8 0.026867503 
745 271 3 4 0.026861615 
640 289 4 5 0.026861273 
476 295 4 5 0.026860764 
882 126 9 10 0.026849292 
107 650 11 10 0.02683187 
521 362 13 16 0.026820673 
740 289 3 5 0.026802955 
204 513 5 7 0.02671894 
922 188 22 24 0.026716301 
864 532 6 5 0.026698282 
629 275 4 6 0.026694488 
787 121 22 23 0.02669191 
844 493 8 8 0.026687883 
579 290 3 4 0.026678646 
108 669 13 10 0.02666392 
714 291 3 3 0.026654672 
686 295 5 4 0.026612168 
851 537 8 7 0.026603155 
950 162 13 14 0.026602633 
276 519 5 6 0.026599936 
476 282 4 5 0.026574587 
27 508 7 10 0.026565345 
742 288 4 6 0.026514681 
987 242 11 17 0.026483973 
565 283 4 4 0.026476774 
826 66 28 22 0.026443768 
464 319 5 5 0.026438495 
752 289 4 6 0.026414929 
1017 166 7 10 0.026410105 
373 256 25 23 0.026396953 
992 159 6 9 0.026391136 
770 271 3 4 0.026374202 
885 203 11 14 0.026365548 
88 638 7 9 0.026335226 
445 305 9 10 0.026333008 
6 648 5 7 0.026312841 
39 595 6 7 0.026284091 
687 289 4 5 0.02628059 
532 272 4 4 0.0262761 
982 233 10 13 0.026259044 
496 290 2 4 0.02625684 
887 87 12 12 0.026256235 
246 421 12 13 0.026233377 
946 125 21 13 0.026226144 
920 185 8 10 0.026223067 
865 101 11 12 0.026171267 
725 294 5 6 0.026156433 
274 467 22 23 0.026155146 
913 173 22 29 0.026085531 
951 177 9 11 0.026042972 
823 38 24 22 0.026031544 
517 324 7 9 0.026018927 
111 648 28 21 0.026005505 
447 330 9 11 0.02596964 
545 289 5 7 0.025943743 
997 240 9 14 0.025942912 
443 277 4 5 0.02594288 
757 283 4 5 0.025933255 
424 272 4 4 0.025929702 
258 509 5 6 0.025880573 
611 328 4 5 0.025871651 
339 653 32 28 0.02579093 
952 171 9 11 0.025790285 
453 282 3 5 0.025789356 
888 65 12 15 0.025765276 
284 513 4 7 0.025725365 
586 277 3 4 0.025724147 
482 271 4 5 0.02570979 
932 181 53 47 0.025698869 
482 320 6 6 0.025685929 
346 533 17 17 0.02567686 
774 287 5 6 0.025658408 
207 482 46 48 0.025657235 
429 276 5 5 0.025650369 
863 490 9 9 0.025632715 
598 272 3 3 0.025592014 
836 151 11 10 0.02551817 
893 53 15 13 0.025513943 
623 265 4 4 0.02550962 
65 664 16 21 0.025478156 
242 468 6 7 0.02546962 
69 664 7 9 0.025433572 
847 136 13 15 0.025416812 
573 294 4 6 0.025409225 
938 208 10 12 0.025403941 
797 271 3 4 0.025368724 
472 456 53 41 0.02536612 
267 148 39 26 0.02536144 
939 187 23 26 0.025356367 
777 271 3 4 0.02534886 
886 39 27 24 0.025338 
82 178 12 9 0.02533292 
939 44 8 8 0.025297811 
655 294 5 6 0.02528182 
654 289 4 5 0.025257578 
309 264 5 5 0.025250936 
204 517 6 8 0.025223041 
744 276 3 5 0.025217846 
207 478 22 20 0.025189225 
971 151 11 12 0.025175951 
74 655 11 12 0.025161356 
504 349 8 12 0.02510079 
453 332 8 11 0.025088938 
1007 229 5 7 0.025068674 
843 163 10 12 0.025067264 
358 486 7 7 0.025026545 
833 91 34 21 0.025018444 
882 120 9 10 0.024988879 
940 173 8 8 0.02494025 
484 323 8 9 0.024910128 
303 264 4 5 0.024897072 
429 287 6 8 0.024895232 
554 349 10 11 0.02488418 
257 481 4 5 0.024860857 
437 287 5 7 0.024858303 
939 216 10 11 0.024839874 
687 284 4 5 0.024835734 
857 70 29 27 0.024832318 
77 177 10 9 0.024788149 
850 479 44 44 0.02478747 
214 484 11 10 0.024754748 
577 295 4 5 0.024750253 
257 476 4 4 0.024749126 
109 640 7 6 0.024735035 
864 105 22 25 0.024719223 
871 532 8 7 0.02470391 
623 473 13 12 0.024679953 
873 125 10 13 0.024665734 
693 289 4 5 0.024659723 
840 56 62 44 0.024654007 
83 155 27 24 0.024650995 
371 492 8 8 0.024589142 
785 284 3 4 0.024553105 
920 44 21 21 0.024520794 
337 541 14 16 0.02450828 
137 439 12 16 0.024484562 
717 301 6 6 0.024481192 
561 350 9 10 0.024478788 
757 288 4 7 0.024458338 
216 457 21 21 0.024443459 
-29 201 286 483 0.024408417 
888 95 10 10 0.02439594 
928 103 23 21 0.024391105 
422 281 9 9 0.024373943 
496 278 3 4 0.024367169 
855 145 10 12 0.024355525 
100 657 10 11 0.024317328 
879 59 14 14 0.024303474 
920 225 9 14 0.024289481 
713 295 4 4 0.02428126 
1007 166 6 7 0.024276884 
417 283 5 6 0.02427141 
610 332 5 7 0.024268238 
856 537 8 8 0.024265619 
682 284 3 3 0.024252234 
327 686 5 5 0.024241447 
694 295 4 4 0.024237098 
239 469 19 20 0.024232738 
723 301 6 6 0.024226703 
550 329 8 11 0.02422195 
617 321 5 5 0.024217231 
929 166 5 6 0.024207002 
500 320 5 6 0.024199694 
871 485 19 25 0.024197498 
246 507 3 4 0.024185317 
856 41 11 10 0.02417913 
355 695 3 2 0.024127139 
866 73 14 13 0.024119651 
603 277 4 4 0.02408949 
323 283 11 11 0.024066795 
448 349 26 31 0.023983814 
210 479 8 7 0.023942351 
706 294 5 5 0.023942199 
938 163 11 11 0.023925288 
365 480 7 7 0.023921648 
22 666 6 7 0.023913959 
848 533 4 4 0.023905668 
414 283 3 4 0.023892917 
770 289 3 5 0.023891276 
588 289 6 6 0.023886984 
531 320 6 7 0.02388426 
742 294 5 6 0.023839122 
540 314 6 8 0.023837904 
813 102 9 8 0.02382442 
832 495 20 20 0.023822585 
732 271 3 4 0.023809688 
891 239 44 52 0.023799997 
486 294 5 6 0.023791889 
635 477 26 23 0.023764748 
508 296 3 4 0.023751847 
764 288 4 6 0.023742886 
894 486 10 15 0.023740554 
564 325 6 7 0.023735786 
228 475 22 22 0.023734754 
438 300 22 23 0.023734577 
612 276 3 5 0.023723597 
539 319 10 11 0.023714995 
114 640 8 7 0.023705231 
447 433 28 26 0.023698274 
365 486 7 7 0.023678284 
753 283 3 4 0.023653315 
921 178 7 9 0.023640648 
880 67 12 13 0.023595322 
195 486 87 82 0.023576047 
871 67 15 12 0.023571843 
938 189 9 12 0.023570305 
578 409 5 7 0.023563629 
636 470 14 11 0.023557918 
617 265 4 4 0.023556473 
226 431 14 14 0.023536982 
963 100 12 11 0.023530403 
548 350 10 11 0.023519974 
413 277 4 4 0.023503115 
245 502 4 4 0.023501173 
425 303 23 28 0.023500586 
860 529 3 4 0.023489207 
879 52 14 13 0.02347881 
272 422 21 28 0.023461062 
662 273 3 3 0.023430498 
985 170 8 10 0.023396818 
454 337 9 14 0.023380565 
572 291 3 4 0.023374347 
496 295 3 5 0.023371087 
516 289 3 4 0.023365911 
584 396 5 6 0.02334354 
522 329 10 12 0.023318876 
53 652 5 7 0.023303598 
861 134 13 15 0.023274094 
952 208 12 11 0.023272116 
869 502 9 12 0.02326784 
567 350 8 10 0.023258884 
284 482 4 4 0.023248032 
271 505 5 6 0.023235783 
776 276 3 4 0.023209855 
202 507 4 5 0.023207488 
459 474 12 12 0.023197368 
517 345 8 8 0.02319707 
289 480 8 7 0.023193397 
843 158 10 11 0.023192303 
336 640 31 24 0.023176521 
635 287 5 7 0.023168506 
335 692 4 5 0.02316702 
938 196 8 11 0.023145176 
834 137 14 12 0.02313884 
241 521 3 3 0.023125676 
1018 160 6 7 0.023112735 
604 266 4 3 0.023103751 
309 272 4 4 0.023101151 
935 180 6 7 0.023096604 
970 173 24 27 0.023094332 
488 289 4 5 0.023072729 
946 209 9 11 0.023072729 
358 492 7 7 0.023062697 
649 265 4 4 0.023057487 
713 284 3 4 0.023048976 
33 666 10 14 0.023032587 
835 145 12 11 0.023031212 
497 283 2 3 0.023026023 
317 674 4 4 0.023023069 
443 281 4 6 0.023013925 
441 300 8 11 0.023000868 
361 694 3 3 0.02299037 
321 548 34 30 0.022972917 
100 663 11 10 0.022959955 
647 293 4 6 0.022945642 
316 263 5 6 0.02293555 
881 133 9 10 0.022935303 
718 291 3 3 0.022927422 
615 281 4 6 0.022918083 
588 408 8 7 0.02290841 
819 90 8 7 0.022894714 
712 276 4 5 0.022885803 
486 281 4 6 0.022880819 
841 130 13 15 0.022861494 
865 129 12 13 0.022822345 
660 294 5 6 0.022811593 
910 68 11 13 0.02280594 
856 484 12 10 0.022797193 
882 102 94 76 0.02279553 
317 272 4 4 0.022788694 
866 87 12 12 0.022786427 
268 482 5 4 0.022753049 
322 668 6 6 0.022750309 
565 319 5 8 0.022734098 
82 652 8 10 0.022730209 
620 320 5 6 0.022705026 
974 207 14 13 0.022698097 
922 233 8 12 0.02268197 
371 485 8 8 0.022681251 
258 486 5 5 0.022674404 
854 529 4 4 0.022672383 
290 272 3 4 0.022666125 
123 153 24 22 0.022662623 
602 319 5 7 0.022629568 
831 158 22 25 0.022618392 
251 501 4 5 0.022590935 
883 102 8 8 0.022571417 
239 384 5 7 0.022566577 
427 281 7 8 0.022562684 
183 478 13 17 0.02256124 
243 511 433 486 0.0225585 
624 271 4 4 0.02254594 
906 125 29 24 0.022519004 
22 175 14 19 0.022518173 
601 332 6 8 0.022483584 
892 164 23 26 0.022473393 
570 276 4 5 0.02246028 
501 315 4 6 0.022448875 
963 148 14 14 0.022424428 
69 658 8 9 0.022414425 
830 56 10 9 0.022383666 
641 495 16 16 0.022383463 
358 247 24 24 0.022381369 
377 492 9 9 0.022355763 
647 289 5 6 0.022351932 
990 172 7 8 0.022334773 
266 419 11 14 0.022316612 
89 669 10 10 0.022315405 
516 272 3 3 0.022302296 
656 527 13 13 0.022290522 
805 82 10 8 0.0222873 
992 158 21 25 0.022262884 
1007 136 13 12 0.022231342 
925 127 12 10 0.02222334 
10 653 6 7 0.022174537 
907 79 12 12 0.02216975 
320 683 7 8 0.022163743 
502 296 3 5 0.022151675 
856 481 21 18 0.022149313 
866 499 7 8 0.022138724 
982 144 9 11 0.022120686 
101 287 24 25 0.022112789 
143 444 9 13 0.022106793 
880 196 13 13 0.022098966 
263 525 5 6 0.022069946 
508 321 5 7 0.022043189 
880 123 24 26 0.022041658 
291 478 13 12 0.022032587 
192 443 25 25 0.022006625 
577 393 20 25 0.022000413 
19 217 25 30 0.021983815 
880 77 26 27 0.021983054 
970 174 12 15 0.021978093 
584 392 4 5 0.021968342 
624 289 3 6 0.021964816 
978 166 10 12 0.021959534 
837 158 10 10 0.021925138 
896 456 10 17 0.021923855 
697 294 5 5 0.02190544 
847 144 12 13 0.02188174 
286 487 4 5 0.021876706 
816 472 23 21 0.021873288 
518 330 7 10 0.021864148 
52 733 6 10 0.021863002 
667 315 5 5 0.021843646 
1 668 6 10 0.021836689 
731 301 6 6 0.021831008 
581 474 32 24 0.021830877 
672 426 6 8 0.021830047 
837 56 10 10 0.02180415 
889 157 79 87 0.021785099 
277 513 4 6 0.021750662 
0 208 38 55 0.021714602 
365 492 7 8 0.021706495 
475 316 5 4 0.02169506 
393 679 4 4 0.021668475 
713 271 4 4 0.021656929 
864 481 7 8 0.021655789 
716 307 8 7 0.021654636 
476 288 5 6 0.021645697 
821 505 23 27 0.021590915 
261 517 6 7 0.021588104 
589 318 6 8 0.021576991 
516 284 2 4 0.02155264 
979 507 29 21 0.021545097 
640 281 4 6 0.021542322 
439 340 11 13 0.02153983 
921 30 22 21 0.02153517 
480 287 6 7 0.021535011 
194 454 13 17 0.02152484 
898 110 27 23 0.021474533 
142 661 7 8 0.021441227 
580 272 2 3 0.021416707 
115 277 26 25 0.021415794 
955 115 15 10 0.021412035 
436 292 7 9 0.021377055 
352 486 7 7 0.021358589 
738 294 5 6 0.021338392 
682 277 3 4 0.021335581 
957 183 12 14 0.021335226 
697 276 4 6 0.021334855 
650 529 12 11 0.02132858 
97 653 20 20 0.021321464 
962 208 17 13 0.021304553 
419 271 4 4 0.021302497 
502 288 3 5 0.021297175 
887 79 12 13 0.021291036 
933 221 11 11 0.02128409 
240 389 5 6 0.021272037 
596 326 5 7 0.021259632 
740 283 3 5 0.021249667 
236 459 9 10 0.021239843 
874 101 9 9 0.021229887 
270 518 5 6 0.021204952 
358 479 7 8 0.0211969 
514 316 5 6 0.021172391 
338 486 8 7 0.021152444 
758 265 3 4 0.021150233 
895 150 22 26 0.021136131 
475 319 5 7 0.02113269 
933 70 22 22 0.021098506 
298 278 3 4 0.021098208 
442 325 8 9 0.021092791 
884 173 24 26 0.021074986 
515 296 3 4 0.021066308 
597 319 6 7 0.021060733 
226 449 11 13 0.02105041 
936 156 14 14 0.021043254 
476 308 4 5 0.021027906 
918 132 13 10 0.021021994 
452 276 3 5 0.021018067 
610 265 4 4 0.020990022 
507 285 3 4 0.020970179 
963 173 12 16 0.020944584 
970 165 12 15 0.0209401 
247 413 10 11 0.020934852 
958 154 12 16 0.020926809 
452 463 14 14 0.020892592 
805 62 9 9 0.020886155 
768 276 4 4 0.020878196 
116 166 23 21 0.02084169 
926 120 11 9 0.020837674 
859 78 15 15 0.02083575 
435 313 6 8 0.020824809 
776 284 4 5 0.020819757 
812 146 22 24 0.020813499 
617 329 8 10 0.020809911 
875 509 7 11 0.020798448 
276 523 6 8 0.020795127 
258 527 26 31 0.020792184 
304 272 3 4 0.0207836 
732 283 4 4 0.020762803 
75 646 8 7 0.020754661 
70 652 7 8 0.020753626 
850 123 11 14 0.020750191 
317 275 4 5 0.020730559 
245 520 3 4 0.020726033 
660 290 5 5 0.02072438 
681 290 3 4 0.020723606 
693 265 3 4 0.02071653 
798 56 22 23 0.020712832 
226 274 5 6 0.020694995 
203 524 6 9 0.020683575 
810 83 10 8 0.020674724 
992 237 8 11 0.020673564 
337 500 27 24 0.020664772 
268 524 6 7 0.02066134 
34 729 21 30 0.020657917 
967 191 24 25 0.020655748 
361 531 15 17 0.020649845 
369 690 3 3 0.02063879 
578 404 5 7 0.020624174 
821 57 25 22 0.02062037 
919 146 26 27 0.020604186 
147 165 12 10 0.020570893 
103 737 25 21 0.020568421 
901 93 10 12 0.020560604 
970 100 11 10 0.020560402 
222 465 10 10 0.020557968 
528 276 3 4 0.0205562 
521 290 3 4 0.020553863 
522 346 10 11 0.02053721 
644 522 11 11 0.0205264 
994 128 25 20 0.020520443 
201 466 39 39 0.020519333 
630 266 4 4 0.020513212 
836 164 11 11 0.020510502 
957 87 11 10 0.020500856 
429 301 46 55 0.020476576 
924 169 23 27 0.020473383 
551 282 4 5 0.02046302 
649 466 10 10 0.020435216 
454 308 6 6 0.020428348 
991 152 8 10 0.020421669 
585 289 5 6 0.02041376 
896 107 9 8 0.020388387 
958 124 29 23 0.020386757 
62 178 10 10 0.020385634 
558 320 5 7 0.020385614 
467 306 6 7 0.020375494 
875 120 8 10 0.020370828 
651 522 12 11 0.02036909 
591 314 5 8 0.02034851 
285 493 4 5 0.020345893 
898 131 14 11 0.020342732 
101 651 9 10 0.02033148 
487 307 4 6 0.020323915 
526 381 97 97 0.020299116 
418 277 4 4 0.020298995 
2 652 6 8 0.020288726 
565 289 4 5 0.020265995 
836 493 9 8 0.020265108 
875 109 8 8 0.020252792 
244 513 4 5 0.020250423 
940 129 19 14 0.020249458 
481 293 5 7 0.020239323 
635 266 4 4 0.02023717 
619 396 25 25 0.020224009 
500 308 5 6 0.02021282 
865 117 11 14 0.020212417 
633 498 25 25 0.020205632 
342 661 6 5 0.020204643 
903 272 26 30 0.020193312 
568 335 8 11 0.02019192 
836 453 89 84 0.020175893 
572 404 5 6 0.020171532 
357 499 8 7 0.020170994 
406 289 4 5 0.020165933 
442 463 27 31 0.020160902 
521 296 4 4 0.020160282 
202 447 13 11 0.020159971 
337 480 8 7 0.020144556 
421 428 81 62 0.02013801 
574 333 11 13 0.020136103 
680 295 5 5 0.020135926 
544 292 6 7 0.020122135 
442 287 4 7 0.020108335 
815 104 15 12 0.020107824 
221 481 11 11 0.02010752 
933 216 11 10 0.02010616 
577 395 5 7 0.020105692 
534 283 3 4 0.02010411 
220 437 14 13 0.020099543 
918 75 9 11 0.02009785 
881 139 8 10 0.020095859 
989 183 9 12 0.020094976 
251 425 11 12 0.020092126 
321 493 6 7 0.02008803 
831 494 10 8 0.020086696 
609 258 5 4 0.020061113 
234 483 10 10 0.020053802 
349 689 2 3 0.020048445 
201 512 5 7 0.020030359 
707 271 4 4 0.02002508 
916 217 20 29 0.020018928 
681 272 4 4 0.020018637 
