35_Basketball_Basketball_35_737
57
844 13 90 119 0.99975413 
773 21 78 107 0.9985481 
229 313 27 36 0.99509156 
956 432 19 26 0.9914432 
57 35 64 85 0.98951286 
647 248 51 76 0.97634834 
204 337 25 26 0.87166697 
937 467 23 21 0.6790578 
393 97 10 11 0.44276896 
927 578 6 7 0.11078694 
4 243 105 129 0.086167455 
391 265 7 8 0.08371037 
893 539 4 8 0.06678588 
491 378 47 65 0.058280446 
915 365 9 9 0.055722978 
379 270 7 8 0.049811874 
405 260 5 6 0.046829652 
824 446 23 25 0.045786522 
253 321 12 17 0.045575652 
852 577 6 8 0.045352764 
507 213 27 33 0.04476678 
32 309 103 88 0.04121903 
938 577 5 7 0.04079328 
-2 123 29 56 0.038244464 
444 379 3 5 0.037918024 
818 538 6 8 0.037718244 
714 251 49 62 0.03535505 
856 451 30 23 0.034678496 
673 272 25 45 0.034447253 
969 443 13 18 0.033543017 
937 17 86 117 0.031163491 
902 353 6 8 0.031007575 
340 391 4 5 0.0289767 
985 520 9 11 0.028194072 
396 264 5 8 0.02801531 
975 353 6 8 0.02715032 
817 557 8 10 0.026957616 
458 377 3 4 0.02682843 
861 557 8 10 0.02610017 
616 36 43 53 0.025767202 
379 268 6 5 0.024088884 
946 577 5 8 0.023781551 
519 61 6 7 0.023665639 
639 237 32 35 0.023443758 
881 559 6 8 0.022786569 
504 333 25 33 0.022711141 
956 331 10 11 0.022593448 
889 329 8 8 0.022418763 
896 385 6 6 0.022228973 
862 233 12 19 0.022143934 
452 378 2 3 0.02147926 
241 371 18 15 0.021175751 
668 234 70 90 0.021028904 
845 541 5 8 0.020806966 
382 240 21 28 0.020359866 
408 263 6 7 0.020177796 
-20 -168 175 170 0.020119065 
