35_Basketball_playingbasketball_35_582
434
513 136 49 48 0.99811906 
428 114 37 58 0.9791837 
681 109 31 60 0.97274053 
492 73 45 44 0.3840382 
431 48 45 48 0.20663573 
449 49 78 79 0.11268902 
661 140 18 27 0.101913914 
849 129 9 14 0.085819855 
204 206 9 11 0.07698703 
167 300 6 9 0.072348826 
798 119 17 26 0.069224775 
418 27 23 24 0.06579644 
180 292 6 9 0.063767865 
423 64 50 75 0.063313164 
394 32 11 12 0.058388628 
157 291 7 10 0.05766649 
948 151 7 9 0.057492904 
920 129 8 12 0.05732901 
618 116 12 21 0.056445982 
823 138 11 15 0.052296918 
972 118 10 11 0.04862762 
413 41 25 29 0.047849953 
831 132 9 10 0.047556937 
885 125 11 17 0.04589606 
151 305 7 10 0.045621444 
959 114 10 15 0.045534212 
466 78 25 32 0.04536367 
114 285 8 12 0.044067156 
895 156 8 14 0.042572707 
404 29 94 78 0.042399008 
925 144 9 11 0.042140547 
972 153 9 11 0.04074091 
906 131 8 12 0.040614024 
540 -3 29 19 0.040209956 
136 273 6 8 0.04019528 
914 122 9 13 0.04007102 
824 125 9 10 0.039437797 
655 130 12 21 0.039378073 
952 145 6 9 0.039308384 
372 28 42 46 0.038843155 
-22 -177 185 173 0.038798224 
916 107 7 9 0.038599815 
378 48 21 23 0.038376153 
180 297 6 9 0.038351387 
830 126 9 10 0.037949175 
977 138 9 11 0.037742745 
977 114 8 8 0.037739027 
558 -5 27 19 0.03698101 
868 116 9 14 0.036938675 
192 289 8 12 0.036887743 
573 81 13 15 0.036807247 
948 145 6 9 0.036711343 
184 292 7 10 0.036692146 
909 136 7 11 0.036479093 
829 136 10 13 0.036175355 
166 293 5 7 0.03610863 
175 293 5 7 0.035788495 
462 59 27 32 0.035737757 
823 62 10 11 0.035736997 
916 131 8 12 0.03571989 
173 300 5 7 0.03537437 
456 2 25 23 0.035221834 
965 220 7 10 0.03495981 
497 58 35 33 0.03493271 
856 134 8 15 0.03483527 
139 201 8 10 0.034743004 
159 286 7 10 0.03471904 
977 123 8 11 0.03422626 
489 47 33 31 0.03422613 
290 130 13 16 0.03421917 
456 58 15 21 0.034047194 
915 144 7 9 0.03396168 
966 226 8 10 0.033928957 
366 24 14 16 0.03387742 
914 113 8 11 0.033787046 
851 111 8 12 0.033761743 
532 74 25 22 0.033502147 
172 204 6 8 0.033174045 
447 -4 24 19 0.033156727 
683 257 33 31 0.03302652 
409 55 27 35 0.032989435 
673 129 23 39 0.032845363 
799 129 19 35 0.032724958 
447 119 37 56 0.03271103 
373 50 15 16 0.032589894 
849 100 7 9 0.03246146 
244 409 5 7 0.03234087 
88 222 7 8 0.03224516 
130 274 5 7 0.031868167 
159 298 6 8 0.03186474 
810 135 9 17 0.03164797 
90 273 7 10 0.03159789 
954 117 7 11 0.031415943 
961 216 6 9 0.031412404 
387 28 15 13 0.031307533 
325 158 18 21 0.031228155 
976 131 10 11 0.03122151 
554 2 34 26 0.031199224 
255 296 7 11 0.031140566 
120 279 7 9 0.03110227 
985 223 7 10 0.031096874 
843 128 17 27 0.031071166 
135 267 5 7 0.031045647 
926 138 8 11 0.031039225 
893 99 8 11 0.03099424 
433 -3 25 19 0.030939939 
863 263 11 17 0.030873416 
100 278 8 10 0.03074916 
84 223 7 9 0.030579528 
966 216 6 9 0.0304966 
966 138 7 9 0.030495469 
472 36 33 29 0.030390207 
161 280 7 10 0.030255837 
960 151 6 9 0.030231344 
948 156 8 11 0.030225586 
927 48 10 10 0.030223083 
184 298 6 8 0.030137526 
168 203 6 8 0.029987395 
114 265 7 10 0.0299754 
947 163 8 11 0.029889168 
929 112 7 10 0.029859455 
120 285 7 11 0.029736364 
913 137 8 11 0.029640008 
139 273 6 9 0.02960615 
971 158 10 14 0.02956631 
167 247 6 10 0.029444436 
857 143 7 12 0.029285293 
212 189 8 10 0.028958268 
135 220 6 10 0.02893247 
666 506 6 6 0.028921695 
762 413 65 85 0.028911939 
990 208 8 12 0.028872356 
121 291 7 9 0.028745865 
94 297 7 10 0.028742807 
116 273 7 8 0.02872208 
51 191 6 8 0.028707676 
204 191 7 8 0.028698277 
165 286 5 8 0.028697992 
924 129 10 13 0.028368339 
932 112 8 10 0.028323332 
848 79 9 11 0.02826848 
932 165 9 12 0.028268076 
757 474 5 5 0.028133867 
823 128 22 25 0.028055215 
242 195 11 13 0.0280354 
966 210 5 7 0.027928444 
155 215 6 8 0.027919868 
88 284 8 12 0.027910355 
148 305 6 10 0.027864812 
962 211 5 7 0.027857166 
511 76 16 16 0.027782867 
187 306 6 9 0.027639031 
159 211 7 9 0.027600829 
205 241 6 9 0.027532846 
166 253 6 9 0.02747489 
837 106 7 11 0.02745297 
89 291 8 13 0.027449463 
984 195 6 9 0.027408822 
140 268 5 7 0.027390026 
211 184 8 9 0.027286042 
474 89 26 39 0.027271317 
932 149 7 11 0.027101785 
165 636 33 24 0.027068136 
127 286 6 10 0.027064307 
96 213 9 12 0.027053924 
947 138 6 10 0.027012765 
947 9 30 26 0.026788289 
129 241 6 8 0.026720902 
958 121 9 14 0.026699267 
158 196 7 9 0.026674002 
399 28 11 12 0.026618633 
167 241 6 9 0.026612725 
302 110 14 15 0.026578708 
755 478 7 7 0.026569974 
224 195 9 10 0.026523478 
919 119 9 13 0.02652235 
952 0 12 6 0.026482297 
846 100 6 8 0.026454844 
967 235 6 9 0.026451226 
937 396 25 18 0.02641872 
172 224 7 13 0.026411217 
941 151 6 9 0.026332643 
51 175 6 10 0.026120989 
440 -12 23 20 0.026039332 
993 114 6 7 0.026009647 
1002 133 9 8 0.02600554 
488 90 66 73 0.025992831 
35 156 12 15 0.025895884 
979 108 6 7 0.025880396 
407 25 10 10 0.025838736 
116 409 6 7 0.025733216 
115 255 7 9 0.025656506 
165 310 7 10 0.025516028 
153 253 6 10 0.025457677 
521 2 29 21 0.02540386 
858 -188 264 169 0.025331983 
146 209 6 9 0.025276167 
946 131 6 11 0.025251856 
95 286 6 9 0.025146257 
829 67 10 10 0.025108617 
231 147 12 15 0.02501959 
893 126 8 12 0.02500827 
409 122 38 55 0.02492548 
251 152 14 15 0.02489147 
128 280 6 9 0.024837572 
1007 143 19 23 0.024801908 
90 267 6 8 0.024797298 
701 26 13 12 0.024776826 
136 279 6 9 0.024764845 
876 106 7 11 0.024755474 
919 112 7 10 0.02475067 
821 97 68 99 0.024727203 
871 129 18 30 0.024668314 
880 134 11 18 0.02463069 
144 202 7 9 0.024609976 
814 592 25 22 0.02457998 
154 287 7 10 0.024495821 
476 56 29 30 0.024413684 
941 113 7 9 0.024393704 
320 120 38 44 0.02430442 
876 131 8 15 0.024281092 
51 195 6 8 0.024244156 
937 16 29 26 0.024207747 
861 144 7 12 0.024192652 
180 203 7 9 0.024164025 
135 285 5 9 0.024135673 
982 223 5 8 0.024047824 
813 623 29 29 0.023960227 
159 220 7 9 0.02392347 
183 194 9 11 0.023868196 
111 286 7 9 0.023820931 
171 247 6 10 0.023820633 
862 131 8 13 0.023804516 
121 273 5 8 0.023744822 
741 478 8 7 0.023692185 
113 259 7 10 0.023660505 
223 353 8 12 0.023571458 
868 83 10 12 0.023507081 
83 228 8 13 0.023496814 
863 122 9 14 0.02349073 
100 310 7 11 0.023472384 
43 184 7 9 0.02344406 
142 653 5 6 0.02340226 
206 246 6 10 0.023363769 
939 165 7 8 0.023337519 
135 261 5 8 0.023333063 
136 203 7 9 0.023295974 
882 107 7 10 0.023291625 
961 145 6 9 0.02327771 
199 234 6 11 0.023254737 
155 211 5 7 0.023250585 
877 126 6 10 0.02323046 
161 272 6 9 0.023225294 
383 7 23 22 0.023186788 
980 208 5 8 0.02311826 
476 47 15 18 0.023089865 
160 254 6 8 0.023052637 
273 129 11 16 0.023031585 
876 73 8 9 0.023023317 
846 126 7 13 0.02299649 
942 119 7 9 0.02289609 
760 478 7 7 0.02285027 
749 478 7 7 0.02284955 
419 24 15 14 0.02284739 
994 241 6 9 0.022845136 
869 128 9 15 0.022816587 
145 214 7 10 0.0228077 
940 130 8 13 0.022789443 
934 105 9 11 0.022787584 
453 69 26 37 0.022758298 
172 240 6 10 0.02273328 
120 260 6 9 0.022716615 
940 146 7 9 0.022693908 
965 145 7 9 0.022662863 
985 113 7 8 0.022623928 
731 467 24 22 0.02258338 
998 114 8 7 0.022561977 
208 151 9 11 0.022550944 
142 306 6 9 0.02247828 
845 113 7 10 0.022463106 
757 448 4 5 0.022457901 
813 20 14 12 0.02245354 
147 267 6 9 0.022449477 
168 208 7 9 0.022437079 
926 80 9 9 0.022414355 
147 277 6 11 0.022396566 
429 38 32 32 0.022374922 
70 290 7 10 0.022361105 
191 240 6 10 0.022357823 
470 59 13 17 0.022347204 
209 144 9 11 0.022339586 
955 125 6 10 0.022307923 
783 113 21 28 0.022306925 
140 663 32 25 0.022279205 
207 204 8 9 0.022278488 
922 150 8 10 0.022252113 
160 248 6 8 0.022249788 
937 101 10 10 0.022236062 
64 216 8 10 0.022214048 
44 195 7 8 0.022194 
909 126 7 11 0.022186201 
401 23 10 11 0.022177076 
665 509 7 8 0.022169711 
184 183 9 10 0.022156514 
751 475 5 5 0.022149904 
142 645 5 6 0.02213919 
972 107 7 8 0.022135746 
1002 139 11 11 0.022129279 
115 233 6 9 0.022122324 
145 309 7 10 0.02209514 
139 278 6 11 0.022077568 
291 137 21 23 0.02203692 
94 276 8 12 0.022021163 
161 229 7 9 0.02197426 
845 108 6 8 0.021951828 
463 51 12 16 0.021951683 
824 81 10 10 0.02194017 
161 305 6 8 0.021939715 
810 75 10 10 0.021933008 
256 304 8 12 0.021893486 
464 -6 23 20 0.021890292 
857 93 7 9 0.02184212 
909 118 8 11 0.021830142 
972 246 6 10 0.021793846 
947 114 7 8 0.021785207 
121 252 8 10 0.021766579 
120 268 6 8 0.021765187 
130 267 5 8 0.021762222 
954 168 7 11 0.021757128 
798 73 9 11 0.021756908 
135 635 107 62 0.021729345 
108 220 6 9 0.021724897 
32 236 8 14 0.021715617 
485 68 30 31 0.021666821 
101 220 8 10 0.021655042 
70 303 8 11 0.021650776 
396 366 23 24 0.021540666 
997 241 7 10 0.02151282 
934 230 7 8 0.021501338 
211 194 9 10 0.021463143 
43 190 7 8 0.02142506 
230 311 6 10 0.021420673 
855 125 7 13 0.021412406 
952 139 6 9 0.021383861 
384 36 9 9 0.021344904 
102 286 6 8 0.021338593 
655 497 22 25 0.021329734 
817 80 9 9 0.021273838 
862 151 6 11 0.021264443 
187 247 6 9 0.021263173 
928 168 9 12 0.021204563 
96 228 5 8 0.021141103 
761 474 5 6 0.02113737 
55 247 8 14 0.021126848 
653 525 6 7 0.021116976 
914 149 7 11 0.021081287 
952 73 12 11 0.021072293 
179 304 5 9 0.021059336 
174 254 5 8 0.021057233 
870 106 7 11 0.020999238 
101 304 7 11 0.02097919 
193 221 6 11 0.020978326 
927 119 7 10 0.020959504 
858 88 7 9 0.02092321 
800 3 16 10 0.020901091 
688 467 88 84 0.02087816 
134 235 6 9 0.020876866 
166 226 7 12 0.020872762 
850 69 7 8 0.020854494 
934 2 26 17 0.020824606 
750 469 5 4 0.02078806 
148 293 5 8 0.020780237 
903 223 5 7 0.020776173 
228 124 12 14 0.020768452 
213 278 6 10 0.020760851 
745 469 5 5 0.020754458 
352 34 45 58 0.020729557 
646 489 24 24 0.020721834 
174 196 6 9 0.02070996 
477 60 13 15 0.020681152 
694 413 23 24 0.020679502 
992 120 6 8 0.020667337 
971 240 6 10 0.020664047 
985 136 9 12 0.020659612 
862 60 11 11 0.020659378 
972 216 5 8 0.020655144 
509 -4 24 16 0.020646403 
280 34 10 14 0.020635983 
870 99 6 10 0.020632768 
414 28 11 11 0.020623812 
191 233 7 11 0.020618126 
172 273 6 9 0.020589672 
763 46 13 14 0.020577626 
153 247 6 9 0.020576084 
147 318 7 9 0.020549214 
720 420 73 101 0.020546833 
586 9 26 21 0.020543046 
937 49 12 10 0.02051542 
33 261 6 9 0.02051074 
139 219 8 12 0.020509273 
398 47 23 27 0.020508831 
270 137 18 26 0.020487789 
858 81 7 8 0.020450655 
610 34 12 12 0.020408161 
110 254 5 8 0.020391123 
812 136 19 30 0.020371422 
901 135 9 13 0.020369142 
659 518 28 27 0.020359091 
884 120 7 11 0.02033705 
34 267 7 11 0.020334052 
794 108 33 50 0.02033321 
28 350 3 7 0.02032843 
882 89 8 10 0.020322595 
870 68 8 8 0.020307146 
166 259 6 10 0.020297552 
96 203 6 8 0.020274729 
103 203 6 8 0.020272847 
209 299 7 10 0.020267084 
882 75 9 8 0.020242933 
463 91 14 20 0.020236623 
771 389 27 35 0.020231815 
742 474 6 6 0.020180663 
430 287 5 7 0.020168522 
951 99 9 10 0.020160649 
855 116 9 13 0.020155547 
457 72 14 21 0.020144816 
828 119 10 12 0.02013702 
958 169 8 13 0.020134347 
103 209 6 9 0.020124236 
956 9 12 11 0.020116547 
549 -13 25 16 0.020084135 
863 112 9 12 0.020047445 
151 319 7 9 0.020041628 
676 508 25 22 0.020015312 
