8_Election_Campain_Election_Campaign_8_86
79
375 216 46 58 0.99950016 
117 174 56 71 0.99947304 
12 155 53 69 0.999463 
575 230 57 74 0.9977677 
210 230 40 51 0.99691284 
480 275 32 47 0.9770826 
461 249 29 38 0.975226 
343 263 26 36 0.9055347 
749 250 39 57 0.81498826 
901 277 39 44 0.28988597 
647 157 93 108 0.24304588 
557 400 94 117 0.12284638 
35 251 11 13 0.111974746 
310 298 12 18 0.09985494 
93 454 71 100 0.069914706 
699 31 24 25 0.060665026 
334 267 20 29 0.05796184 
754 635 5 7 0.0519391 
691 25 68 49 0.04860508 
80 198 25 30 0.048572194 
213 52 16 11 0.044857137 
303 282 22 32 0.04451455 
202 329 90 163 0.04272271 
298 303 18 31 0.0421912 
660 326 29 32 0.042084713 
571 194 20 24 0.035340242 
867 249 13 15 0.03475612 
806 305 27 28 0.033821218 
185 663 11 16 0.03283792 
876 274 11 14 0.03273184 
710 25 30 30 0.031578086 
720 659 9 13 0.03127993 
372 642 21 29 0.030877851 
777 659 9 11 0.030441407 
469 262 31 41 0.02956012 
797 514 24 24 0.029315336 
500 612 7 11 0.029168097 
1008 331 9 10 0.029022366 
323 621 9 12 0.028343286 
619 313 37 53 0.02829153 
840 242 13 19 0.027339978 
650 72 123 161 0.026801797 
566 202 19 27 0.026733963 
855 272 11 15 0.026603155 
307 267 19 29 0.025990194 
359 273 14 19 0.02590357 
802 229 9 13 0.025745932 
705 414 163 176 0.025609942 
583 197 13 18 0.02531726 
667 305 10 13 0.02467913 
99 154 14 15 0.024460662 
87 185 34 49 0.023866145 
829 369 11 17 0.023766523 
1018 337 8 11 0.023523644 
304 293 11 18 0.023519214 
866 260 11 11 0.02351012 
111 650 9 12 0.023392553 
755 631 4 5 0.02336069 
277 279 22 28 0.023252709 
293 268 23 30 0.023249429 
856 267 9 12 0.023241382 
724 379 48 58 0.023215245 
989 321 44 50 0.022938803 
744 164 41 54 0.022551626 
821 57 11 12 0.022535734 
741 504 105 102 0.022301475 
767 246 21 33 0.021808723 
854 255 22 25 0.021751828 
726 286 9 11 0.021699574 
353 644 21 26 0.021244943 
891 257 15 17 0.021233492 
498 621 8 12 0.021046411 
58 637 24 31 0.020953301 
787 283 19 26 0.020944979 
815 235 20 30 0.020897433 
264 173 20 42 0.020559333 
419 661 16 16 0.020451928 
47 631 21 32 0.020278119 
227 664 14 15 0.020207921 
