8_Election_Campain_Election_Campaign_8_236
26
556 133 76 91 0.9995448 
404 350 50 65 0.9963881 
157 360 59 76 0.99594325 
321 338 70 91 0.99463356 
772 349 38 54 0.9626904 
471 582 56 65 0.19425966 
804 378 21 35 0.09233798 
136 389 26 37 0.05263802 
-21 -186 181 175 0.03681372 
823 387 9 11 0.034378555 
340 26 81 99 0.029692262 
371 376 27 47 0.026935134 
837 375 10 10 0.026918394 
831 375 11 11 0.026059244 
924 400 38 57 0.025883742 
806 356 40 45 0.025299879 
501 621 15 16 0.023686213 
822 381 9 12 0.022410478 
297 12 25 35 0.02126466 
492 593 29 35 0.021192307 
953 362 11 15 0.021106483 
-7 602 91 153 0.020956844 
484 95 293 383 0.020411085 
367 344 70 91 0.020366749 
821 373 11 13 0.020339806 
-4 600 177 258 0.020029645 
