51_Dresses_wearingdress_51_106
182
517 121 101 130 0.99702436 
587 922 58 92 0.17549606 
335 67 375 551 0.054046344 
1021 768 464 698 0.052692782 
404 796 92 161 0.05156173 
639 1311 17 21 0.045638658 
971 395 14 24 0.045191202 
517 238 60 121 0.044541594 
977 128 466 674 0.043912645 
568 747 98 223 0.041330703 
521 912 28 43 0.040278252 
758 280 58 90 0.04022163 
359 175 89 148 0.039539993 
951 420 22 39 0.038542632 
-229 21 186 303 0.038361553 
150 10 31 36 0.037511002 
358 754 207 350 0.036204018 
810 359 68 106 0.036173258 
448 825 32 53 0.03590658 
1063 -3 322 323 0.035807498 
454 806 36 46 0.035293855 
522 362 40 55 0.035235174 
734 1303 127 167 0.035129443 
833 39 27 43 0.035105996 
458 540 378 660 0.034999374 
462 260 23 44 0.03480676 
325 1263 26 43 0.034200545 
400 216 109 165 0.033022 
559 17 256 396 0.033010177 
633 1378 17 24 0.032587055 
794 6 124 176 0.03200886 
286 279 12 25 0.031828117 
428 874 43 71 0.031552237 
458 287 124 200 0.031410806 
518 850 12 23 0.03120718 
939 11 235 327 0.030327434 
477 821 55 82 0.030049039 
835 72 17 28 0.029862328 
930 478 26 45 0.029763658 
813 91 29 45 0.029616496 
836 176 16 25 0.029538784 
122 159 35 54 0.02947024 
310 247 18 28 0.029233495 
840 8 33 53 0.02919925 
477 1086 79 179 0.028947486 
522 881 29 53 0.02879392 
823 12 30 46 0.028672295 
944 400 16 28 0.028598284 
618 512 96 141 0.028478812 
281 327 22 48 0.028281923 
564 753 5 9 0.02791712 
306 268 23 45 0.027620224 
551 954 7 14 0.027552288 
330 1288 33 49 0.027385175 
502 361 30 48 0.027356172 
-252 1058 208 484 0.02723132 
869 92 28 42 0.027223812 
313 154 28 44 0.027201498 
437 810 33 46 0.026965903 
577 1099 287 403 0.026774006 
462 384 4 6 0.026761668 
101 806 208 410 0.026741134 
329 215 19 33 0.026585221 
797 137 96 156 0.026465422 
533 113 388 598 0.026369361 
204 294 15 29 0.02596768 
154 169 26 52 0.025864772 
552 928 8 14 0.025796806 
417 1231 47 77 0.025710989 
482 892 25 44 0.025603186 
467 383 5 8 0.025358537 
847 64 36 46 0.02526556 
320 1264 8 13 0.02520417 
551 945 8 13 0.025171762 
880 758 32 37 0.025089147 
345 1132 29 50 0.02503832 
918 193 97 179 0.024950327 
312 243 43 74 0.024942167 
482 347 65 84 0.024592388 
516 628 9 14 0.02447625 
842 108 26 44 0.024411993 
145 427 14 20 0.024374468 
464 -2 86 57 0.02429189 
542 1283 6 10 0.024268476 
158 290 24 45 0.024259467 
880 443 11 18 0.024254782 
540 896 7 13 0.024222055 
553 919 6 12 0.024093224 
548 479 35 46 0.023950273 
333 243 15 24 0.02393984 
842 451 33 48 0.023856744 
321 243 16 25 0.023843352 
533 924 12 18 0.0238061 
461 400 29 52 0.023687685 
113 1171 125 212 0.023644056 
881 113 15 24 0.023556795 
956 460 27 46 0.023551678 
884 301 25 43 0.023529055 
373 232 36 56 0.02349829 
320 1343 43 63 0.023287728 
531 1295 9 17 0.023255397 
553 913 6 9 0.023102682 
956 495 27 44 0.023097368 
188 1304 136 158 0.023095397 
821 31 18 30 0.02309319 
502 906 47 87 0.023092782 
794 459 14 21 0.023040991 
605 804 31 46 0.022951791 
652 751 10 13 0.022944296 
874 115 26 44 0.022937367 
984 468 15 24 0.022896506 
531 915 9 12 0.02276448 
106 74 121 162 0.022687227 
382 1232 55 84 0.022432959 
328 100 30 42 0.02237413 
992 471 13 22 0.022229962 
911 121 28 41 0.022199832 
821 54 30 48 0.02218774 
540 934 9 15 0.022112759 
801 163 50 85 0.022097478 
740 310 139 202 0.022074245 
551 1281 7 13 0.022060009 
461 511 6 9 0.022034504 
449 272 58 87 0.021826206 
86 342 409 598 0.021767633 
830 60 66 97 0.021733837 
560 956 7 13 0.02172962 
535 1283 5 9 0.021687098 
498 862 48 83 0.021686804 
553 901 6 10 0.021673722 
819 572 11 17 0.021671724 
567 759 8 12 0.021608084 
299 1113 47 97 0.02150032 
507 533 27 48 0.021493671 
555 744 5 8 0.02145141 
820 177 27 40 0.021430831 
397 699 5 7 0.02141007 
824 95 15 24 0.021380257 
481 424 30 51 0.021352183 
406 682 4 6 0.021337876 
925 417 16 31 0.021318858 
420 816 31 40 0.02130562 
599 578 58 91 0.021297881 
938 455 25 42 0.021272046 
525 688 6 8 0.021263327 
454 815 106 179 0.021217732 
462 852 13 21 0.02117727 
255 931 105 166 0.021152923 
774 1348 70 89 0.021131186 
878 66 31 52 0.021095892 
436 825 15 23 0.021071548 
470 980 47 84 0.021009052 
873 155 30 45 0.021001678 
813 462 27 41 0.020965844 
125 276 15 31 0.020863788 
528 919 12 19 0.020803344 
581 1269 12 21 0.020792939 
975 388 11 19 0.02078063 
523 819 7 10 0.020779748 
189 607 73 86 0.02074773 
836 81 30 46 0.020731313 
842 416 34 54 0.020691555 
485 427 7 12 0.02063784 
835 165 11 18 0.020605562 
440 425 39 60 0.020604592 
561 977 5 9 0.02060273 
807 544 28 39 0.020591833 
513 936 9 17 0.02058996 
813 305 27 50 0.020424878 
371 854 48 92 0.020413589 
484 416 9 15 0.020408392 
327 266 11 18 0.020403033 
467 399 7 12 0.020396369 
833 108 13 20 0.020340731 
618 777 37 38 0.02032546 
143 663 218 370 0.020229222 
526 416 30 46 0.020205762 
723 997 120 143 0.020151787 
166 262 13 23 0.02010937 
296 279 12 26 0.020057125 
560 744 5 8 0.020050341 
158 138 14 23 0.020007597 
