51_Dresses_wearingdress_51_737
98
464 173 91 102 0.98797625 
756 390 61 65 0.8814015 
586 374 55 95 0.8173868 
474 1032 202 260 0.104909256 
318 618 41 63 0.1041436 
366 963 125 145 0.08152263 
73 676 244 301 0.058865845 
700 748 15 27 0.05041802 
551 580 3 6 0.048313394 
541 600 5 5 0.044345804 
383 621 5 11 0.03908064 
367 561 24 42 0.038312428 
975 771 422 568 0.03741801 
562 602 5 9 0.03599953 
687 531 55 62 0.035553195 
500 574 3 5 0.033373147 
565 600 4 6 0.03332561 
380 637 6 12 0.031251106 
548 598 4 7 0.03106788 
379 573 11 19 0.030859636 
507 614 5 6 0.030613352 
324 2 84 47 0.029854523 
575 605 4 7 0.02887433 
558 599 4 6 0.028752709 
44 968 68 93 0.028667074 
559 591 3 5 0.028648868 
557 581 3 5 0.028626768 
433 622 4 7 0.027994828 
498 581 5 7 0.027755763 
509 575 3 5 0.027733183 
498 606 4 6 0.027282527 
454 229 399 465 0.027199019 
168 2 265 312 0.02701855 
352 576 41 72 0.026995584 
889 754 66 59 0.026963672 
1016 7 280 251 0.026891995 
192 885 129 147 0.02654944 
888 -33 445 601 0.026250413 
8 741 149 188 0.026072584 
549 591 4 4 0.026022872 
601 367 29 57 0.026000334 
498 599 4 7 0.025959468 
501 641 3 4 0.025799332 
729 377 47 71 0.025611203 
308 660 30 48 0.025187971 
542 591 3 4 0.024962826 
440 630 5 8 0.024451317 
541 605 4 6 0.02442054 
402 613 4 8 0.024249839 
278 84 60 76 0.024201484 
547 407 6 8 0.024188325 
558 604 5 8 0.023564247 
550 576 3 5 0.023402628 
231 30 129 154 0.023384057 
698 412 49 84 0.023306865 
339 401 62 109 0.023141077 
358 595 6 11 0.0229763 
906 506 27 38 0.02279443 
534 598 84 227 0.022783699 
113 75 28 59 0.022771228 
492 588 5 6 0.022754272 
547 606 4 7 0.022702316 
856 670 32 38 0.022629004 
574 600 4 6 0.022547336 
331 654 31 45 0.022348488 
375 930 239 263 0.022320332 
508 582 4 6 0.022038097 
507 609 4 5 0.021922302 
415 947 78 88 0.021890705 
328 581 22 34 0.021842081 
497 586 5 8 0.021784108 
916 521 25 35 0.021781093 
558 565 3 5 0.021755345 
606 393 8 15 0.021606714 
242 441 219 311 0.021565724 
-155 -2 111 206 0.02156495 
403 892 419 542 0.021509858 
534 609 4 4 0.021333387 
432 564 4 5 0.021103239 
401 607 4 6 0.021068653 
799 1158 140 151 0.021066573 
575 45 461 512 0.020732453 
424 589 4 7 0.020707129 
381 612 6 12 0.020698477 
310 594 77 121 0.020646973 
343 547 88 152 0.020513093 
409 606 4 7 0.02044451 
516 608 3 5 0.020441713 
882 517 27 33 0.020406472 
363 562 8 16 0.020354448 
541 583 3 5 0.020300796 
343 647 12 17 0.020231474 
493 582 4 6 0.020205854 
440 621 4 7 0.020172587 
468 622 3 6 0.020158274 
611 828 125 115 0.020104678 
358 590 5 9 0.02007958 
549 622 5 9 0.020001315 
