51_Dresses_wearingdress_51_815
19
236 153 282 326 0.99985504 
386 1156 284 359 0.8840611 
499 8 325 217 0.34334 
650 -48 497 737 0.08193541 
-17 -4 282 180 0.06295746 
581 1203 139 156 0.054537065 
629 24 341 332 0.04621175 
-293 5 256 288 0.03939823 
537 1086 419 515 0.038562395 
778 -5 101 76 0.036505345 
618 1241 78 82 0.036438417 
910 -28 500 656 0.035638772 
813 1264 198 310 0.03511191 
678 -4 200 148 0.032510668 
310 -8 396 516 0.028992977 
980 919 485 626 0.025529508 
729 1157 409 632 0.022586906 
-274 1102 228 439 0.02021438 
620 57 135 112 0.020146543 
