61_Street_Battle_streetfight_61_936
286
834 383 32 39 0.98417616 
125 265 39 42 0.98074853 
501 220 34 48 0.9538306 
702 331 36 30 0.7839168 
969 266 36 40 0.49744508 
483 269 27 24 0.45942372 
25 321 239 165 0.33820102 
1005 206 21 21 0.24388725 
953 266 30 38 0.19683586 
668 328 31 33 0.15573347 
981 239 22 20 0.13209067 
974 211 16 15 0.11911669 
945 313 109 87 0.1179428 
201 358 193 156 0.115603134 
847 282 33 23 0.10906471 
953 211 18 17 0.10796262 
880 250 35 31 0.1075863 
913 178 91 78 0.08126823 
97 380 71 55 0.06875234 
997 327 30 23 0.05876189 
1015 290 12 16 0.057499763 
899 252 48 40 0.051761042 
973 332 27 21 0.051365837 
123 389 29 31 0.04838749 
132 357 28 28 0.048163816 
786 248 53 43 0.045313884 
161 401 68 55 0.044955183 
16 332 137 93 0.043661688 
845 252 59 44 0.042760573 
948 572 12 11 0.042261936 
306 689 63 64 0.042193897 
527 18 12 14 0.04208038 
470 229 70 75 0.04173289 
841 216 25 17 0.041123826 
937 206 14 14 0.04095711 
365 337 25 26 0.040135425 
129 330 26 26 0.03992112 
-5 635 68 125 0.03974378 
1009 262 12 15 0.03936458 
707 116 27 27 0.039043818 
188 416 27 33 0.03890628 
623 88 20 34 0.038638964 
932 180 20 23 0.0379487 
137 369 29 32 0.037884273 
569 14 6 8 0.037323583 
208 422 12 16 0.0366883 
267 382 12 17 0.036486674 
872 213 94 69 0.03647789 
-5 473 42 69 0.036321945 
576 7 6 7 0.03546982 
-16 -144 203 192 0.035395198 
970 192 25 26 0.035227258 
163 335 117 112 0.03510085 
985 207 15 15 0.03497599 
969 44 24 21 0.034957547 
943 256 25 30 0.03490133 
793 254 30 23 0.034704838 
987 271 42 43 0.03456655 
781 238 17 15 0.034542523 
938 213 80 91 0.03449484 
983 358 35 30 0.034243826 
412 366 49 42 0.033862546 
843 235 28 28 0.033363324 
-13 177 64 132 0.032972176 
576 11 6 7 0.03296255 
176 417 13 18 0.032323636 
234 467 13 21 0.03227035 
394 479 13 14 0.032060146 
158 376 28 31 0.03187087 
790 256 16 16 0.031734467 
469 61 11 13 0.031659313 
652 261 24 23 0.031401176 
633 224 28 30 0.03136865 
810 245 28 25 0.03126893 
675 305 70 63 0.03125593 
614 64 10 14 0.03119548 
143 405 13 16 0.030831095 
991 233 15 17 0.030643249 
271 371 22 25 0.030528082 
142 412 17 20 0.030518258 
198 399 29 33 0.030415693 
950 191 25 25 0.030139862 
638 624 23 25 0.030117895 
145 400 35 32 0.029968802 
129 306 382 288 0.029955897 
86 405 64 58 0.029829834 
285 428 78 59 0.029639002 
120 403 69 55 0.029634336 
769 235 46 37 0.02962642 
992 265 24 28 0.029496964 
-56 387 372 413 0.029319422 
266 340 117 98 0.029307647 
177 387 12 14 0.029039985 
813 218 13 17 0.028971424 
577 13 27 37 0.028573018 
175 377 15 18 0.028466873 
546 -4 25 23 0.028157268 
971 63 33 27 0.028144615 
70 322 67 43 0.028110018 
975 226 24 24 0.02807393 
1001 181 23 22 0.027884336 
121 366 31 34 0.02787921 
57 301 63 49 0.027856953 
846 254 24 21 0.02781118 
884 107 206 136 0.027560236 
-2 345 18 43 0.027315022 
533 18 25 28 0.027271142 
571 6 6 7 0.027187074 
151 412 13 15 0.027046278 
768 227 15 15 0.026960408 
978 593 8 9 0.026946709 
835 184 197 157 0.026944503 
298 68 12 10 0.026907498 
892 419 33 47 0.026902765 
682 280 20 26 0.0266922 
977 252 30 33 0.026675003 
438 385 33 31 0.026583595 
46 341 70 51 0.026579738 
168 368 16 19 0.026488166 
145 362 70 51 0.026433181 
971 601 10 11 0.026347572 
966 266 76 82 0.02617156 
695 485 17 25 0.026104389 
184 248 37 51 0.02607305 
950 187 16 15 0.02606952 
983 44 11 9 0.02606216 
829 196 12 11 0.02601924 
591 -6 24 24 0.026016135 
888 237 30 28 0.0258081 
337 346 30 25 0.025671186 
166 415 17 20 0.025432631 
125 33 24 30 0.025267255 
995 227 12 14 0.02526238 
963 182 25 23 0.025144981 
1015 203 12 15 0.025070097 
643 65 19 28 0.02505177 
804 234 26 25 0.025018565 
830 245 26 24 0.024859298 
919 273 30 28 0.024851093 
801 237 90 78 0.02477415 
207 38 20 25 0.024677884 
566 13 5 6 0.024642555 
477 444 97 106 0.024636185 
963 556 12 13 0.024631673 
378 425 49 51 0.024613902 
563 -5 20 23 0.024609018 
207 411 28 32 0.024549015 
832 231 25 25 0.024531372 
424 464 41 48 0.024501482 
966 574 10 11 0.024465915 
833 205 26 22 0.024426546 
964 33 22 20 0.024425399 
723 614 6 7 0.024407547 
1015 217 12 14 0.024404254 
979 588 7 9 0.024295537 
819 261 28 22 0.024245474 
830 192 24 22 0.024163641 
374 433 15 19 0.024057643 
58 420 25 29 0.024053423 
903 233 15 13 0.024002684 
574 17 6 8 0.023997415 
182 424 16 21 0.023958657 
389 359 35 27 0.023892492 
826 286 15 13 0.023850322 
938 212 28 22 0.02384366 
1009 249 23 28 0.023828804 
575 0 5 6 0.023731727 
502 641 22 21 0.023676185 
971 594 8 10 0.02362788 
440 402 27 29 0.02362301 
483 23 24 25 0.023562724 
835 334 26 27 0.023561226 
607 314 28 29 0.023545597 
725 620 6 7 0.023524519 
104 383 31 35 0.023423605 
5 706 203 216 0.023387836 
943 584 29 27 0.023350665 
525 -4 27 25 0.023307998 
206 388 16 21 0.023246799 
214 416 11 13 0.023236632 
393 483 20 23 0.023191407 
828 246 13 13 0.023187052 
630 335 74 79 0.023134643 
793 265 17 18 0.023118876 
1015 231 12 14 0.023041634 
955 594 25 24 0.023031343 
257 400 54 60 0.023013344 
963 161 26 23 0.022969054 
627 36 22 27 0.02294811 
640 268 26 24 0.022930253 
848 206 26 18 0.02283516 
576 -4 25 22 0.022824693 
832 262 8 7 0.022802051 
975 702 13 10 0.022776619 
822 716 14 10 0.022752337 
849 132 11 11 0.022633262 
581 0 6 6 0.022626217 
962 58 29 23 0.0225276 
295 301 26 25 0.022499943 
208 406 13 15 0.022450749 
607 -6 23 25 0.022429412 
589 509 38 57 0.022425467 
134 594 10 11 0.022397842 
277 303 60 52 0.022369929 
356 525 12 14 0.022346538 
612 14 19 29 0.022339974 
983 38 24 21 0.022327846 
886 227 25 21 0.022317605 
549 453 46 57 0.022218743 
528 713 63 47 0.02221557 
620 54 9 12 0.022152998 
169 356 11 13 0.022134064 
572 0 5 7 0.022113906 
150 397 14 16 0.022082139 
871 390 21 30 0.022015443 
1002 315 29 24 0.02196927 
777 539 43 49 0.021945588 
994 209 12 12 0.021913512 
976 52 25 22 0.021888183 
315 437 25 26 0.021849051 
821 274 11 8 0.021835573 
636 261 22 21 0.02177853 
300 361 30 23 0.021728715 
693 210 28 23 0.021694766 
844 223 28 24 0.021672767 
50 606 8 9 0.021634355 
842 266 11 9 0.02161706 
158 555 9 10 0.02160516 
695 499 11 15 0.021575099 
199 358 28 29 0.021567222 
822 261 11 9 0.021548204 
929 283 27 27 0.021503331 
918 211 16 15 0.021478152 
183 411 13 18 0.021314707 
392 127 24 24 0.021308837 
126 668 13 11 0.021283967 
332 318 25 27 0.021246925 
260 419 21 31 0.021176048 
980 582 6 7 0.021172319 
95 516 109 116 0.021144943 
429 265 14 13 0.021136573 
219 681 145 97 0.021116797 
95 304 29 31 0.021097157 
126 397 15 18 0.021091098 
183 367 11 15 0.021058176 
796 224 52 43 0.021028059 
828 280 14 12 0.021018226 
992 349 31 25 0.02101696 
981 186 25 25 0.021011945 
162 356 22 23 0.021010034 
174 363 14 17 0.020976298 
-6 -144 58 144 0.020973746 
222 75 16 29 0.020969408 
855 151 11 11 0.020968115 
644 358 30 31 0.020817474 
456 72 20 28 0.020806523 
924 234 14 16 0.020782582 
172 437 11 15 0.020751264 
253 362 11 10 0.020722503 
970 195 12 12 0.020713467 
319 352 7 7 0.020615261 
1000 218 14 15 0.020608498 
698 490 9 12 0.020545753 
695 499 22 26 0.020534327 
914 238 26 31 0.020515457 
832 269 8 7 0.020511659 
525 12 9 10 0.02050367 
143 431 55 59 0.02050211 
310 350 24 23 0.020501861 
256 360 46 45 0.020487215 
967 161 6 5 0.020444801 
978 178 9 7 0.020414816 
946 240 23 23 0.020403607 
965 566 10 11 0.020360153 
881 176 30 30 0.020331489 
683 526 11 19 0.020282917 
823 268 10 8 0.020239135 
571 483 27 34 0.020224966 
130 367 16 15 0.020200262 
822 183 13 12 0.020169213 
922 582 7 7 0.0201593 
618 -4 26 24 0.020102762 
681 207 26 22 0.020090794 
400 403 32 32 0.020051932 
385 51 22 23 0.020050695 
956 46 21 18 0.020034607 
