61_Street_Battle_streetfight_61_350
37
710 132 88 107 0.9996024 
628 306 101 117 0.318768 
733 429 102 89 0.31492454 
193 -6 170 155 0.17102183 
310 -12 351 308 0.15541065 
444 172 306 312 0.14581543 
668 20 361 377 0.0839428 
341 475 467 386 0.048318952 
667 372 89 107 0.045318592 
48 216 465 403 0.044360407 
474 310 421 396 0.0372894 
483 29 371 307 0.034644168 
684 409 41 58 0.034600284 
667 369 180 177 0.033098917 
711 393 67 50 0.026845003 
304 491 90 122 0.025348917 
207 59 79 102 0.025193885 
170 603 106 111 0.025027499 
519 518 124 98 0.024982585 
606 -7 24 22 0.023692923 
83 584 175 187 0.023164567 
103 22 89 109 0.022897605 
749 798 5 8 0.022721475 
126 689 95 91 0.022694876 
570 394 119 103 0.022031682 
143 122 4 4 0.021773502 
13 -79 413 288 0.021511598 
221 570 106 100 0.021411069 
169 419 415 371 0.021392364 
878 785 5 8 0.021143897 
687 350 107 76 0.021141592 
440 78 121 155 0.021113843 
761 798 6 7 0.020832121 
387 589 3 3 0.020565107 
602 512 469 400 0.0203769 
-1 488 343 386 0.020213643 
315 15 22 31 0.0200757 
