61_Street_Battle_streetfight_61_395
588
501 182 61 98 0.99180496 
276 474 33 45 0.31309578 
503 826 41 52 0.18332618 
441 825 91 151 0.17529052 
226 6 147 213 0.116031125 
318 329 11 20 0.10918228 
454 294 152 223 0.09457111 
253 70 13 19 0.0923094 
412 240 98 100 0.08017225 
481 790 71 116 0.076468624 
303 335 12 21 0.07552589 
336 472 32 49 0.07547674 
667 428 65 125 0.07159614 
657 852 98 92 0.060641848 
695 469 36 65 0.059295043 
261 585 22 34 0.053122487 
346 265 15 32 0.052490775 
527 836 23 35 0.05219763 
248 694 86 106 0.051266916 
308 330 14 25 0.05106405 
550 886 21 31 0.05060035 
352 455 30 54 0.04972978 
497 839 77 127 0.049474478 
704 457 21 31 0.04834443 
255 532 34 57 0.048055455 
614 775 181 245 0.04766219 
425 309 39 60 0.045552447 
639 803 100 100 0.044402774 
664 698 10 16 0.04382405 
306 733 48 66 0.043705355 
353 520 31 47 0.04368939 
598 805 41 63 0.043315362 
675 387 24 43 0.04291608 
728 727 29 48 0.042047404 
542 288 96 95 0.042012483 
435 327 100 117 0.04125737 
348 487 29 48 0.041204587 
408 275 42 59 0.041170996 
344 367 276 463 0.041074514 
764 911 50 67 0.040869642 
702 463 12 20 0.040583625 
356 414 33 64 0.040335875 
702 474 19 33 0.04032236 
364 164 330 356 0.040292192 
709 487 20 32 0.038681388 
677 448 36 63 0.03776862 
791 348 8 16 0.037294637 
368 472 24 41 0.037110247 
466 730 93 118 0.036678214 
209 368 8 13 0.03629813 
747 771 38 56 0.035827618 
203 440 7 9 0.03532159 
308 392 16 28 0.035148684 
730 757 36 55 0.035147436 
555 226 22 48 0.03514216 
230 457 22 29 0.034682833 
763 741 35 50 0.03394941 
583 623 43 75 0.033793256 
195 411 3 5 0.033609495 
830 754 10 16 0.033581745 
710 859 51 56 0.03346417 
366 450 22 40 0.032718364 
545 825 5 7 0.03266027 
798 324 76 151 0.032609142 
495 838 27 37 0.03257781 
659 338 73 113 0.03246432 
787 357 8 18 0.032377534 
200 440 6 8 0.032302354 
323 508 65 93 0.032292027 
386 327 35 63 0.03218246 
225 615 285 443 0.0321259 
285 430 19 30 0.032110117 
533 631 327 469 0.032100346 
637 312 39 59 0.032087676 
702 843 9 10 0.032079905 
349 332 17 26 0.03196733 
702 505 22 37 0.03189885 
670 748 10 16 0.03166631 
803 339 17 33 0.031643853 
252 573 41 66 0.031633347 
541 858 10 14 0.031345956 
596 334 124 248 0.03128453 
498 519 94 127 0.031072825 
381 297 13 21 0.031055005 
236 363 10 15 0.031021472 
513 851 26 41 0.03080012 
711 618 7 12 0.030655092 
721 597 25 30 0.030616343 
694 875 22 28 0.03054893 
553 808 68 115 0.030484624 
539 872 43 71 0.030418506 
676 417 26 35 0.030380478 
636 548 92 110 0.030371469 
607 637 35 63 0.030112466 
433 282 26 39 0.03009804 
386 104 35 55 0.030042667 
768 347 40 83 0.030026916 
529 197 288 457 0.03000582 
709 760 36 47 0.029980017 
693 483 19 34 0.029954677 
160 924 84 102 0.029861514 
281 682 19 29 0.029829934 
791 356 10 19 0.029825551 
544 916 44 75 0.029763509 
350 367 63 116 0.029632187 
369 540 22 34 0.02955026 
274 401 8 20 0.029489262 
280 450 11 17 0.029388454 
710 612 7 12 0.02927299 
228 399 18 31 0.02898185 
767 700 78 96 0.028826457 
212 421 6 10 0.028809154 
696 807 29 33 0.028469471 
444 371 54 61 0.028467655 
394 852 90 136 0.028424831 
333 279 21 33 0.028417068 
303 779 16 21 0.028351858 
701 564 81 103 0.028340902 
220 0 356 441 0.028315583 
205 402 6 10 0.02829177 
677 737 22 33 0.02824787 
551 826 5 6 0.028245423 
737 818 27 34 0.028202958 
773 725 22 29 0.028111875 
187 333 5 6 0.028078781 
660 789 25 33 0.028049551 
67 173 316 500 0.027879592 
279 402 9 19 0.0277642 
209 490 10 14 0.027742995 
675 781 13 16 0.027681852 
307 285 18 27 0.027676731 
535 843 11 16 0.027633738 
688 728 20 32 0.027605461 
288 662 80 114 0.027602851 
670 715 18 31 0.02760102 
172 1 115 122 0.027566755 
216 337 8 15 0.027485041 
272 469 11 17 0.02746331 
683 784 26 31 0.027420133 
268 429 10 17 0.027373588 
687 296 64 111 0.027340487 
188 328 5 6 0.027326705 
661 415 42 75 0.027308455 
495 107 22 43 0.02725135 
843 351 18 33 0.027219033 
49 10 185 227 0.027216444 
298 312 10 15 0.02716174 
676 445 20 33 0.027049506 
279 312 7 11 0.027002385 
799 748 9 17 0.02692863 
763 266 11 22 0.026913589 
181 445 6 10 0.026907694 
170 302 165 245 0.026875168 
752 370 16 34 0.026793156 
725 893 48 67 0.026744623 
547 541 89 129 0.026699359 
323 283 20 30 0.026687417 
335 498 25 34 0.026670493 
704 227 75 113 0.026623836 
185 649 181 220 0.026594903 
386 122 161 254 0.026589418 
201 446 5 8 0.026577229 
373 72 42 53 0.026559323 
243 311 8 13 0.02655762 
624 777 11 15 0.026494468 
199 434 7 9 0.02642212 
206 311 7 11 0.026392821 
241 595 8 15 0.026327712 
429 254 48 59 0.026286246 
802 429 19 31 0.026249902 
445 633 80 128 0.026229704 
127 736 182 286 0.026216479 
746 738 32 46 0.026212556 
667 777 50 58 0.026187278 
-16 757 147 312 0.02616394 
272 453 12 18 0.026117194 
679 813 31 35 0.02604007 
276 727 89 117 0.02600205 
269 311 7 10 0.025972687 
457 264 26 31 0.025969308 
195 417 3 5 0.025937183 
819 40 27 34 0.025910573 
230 492 10 15 0.025906531 
718 247 39 62 0.025858685 
357 449 16 35 0.025851265 
539 826 5 7 0.02581551 
243 373 69 124 0.025789715 
186 445 5 9 0.025775248 
708 505 9 16 0.025721295 
663 370 19 33 0.025713246 
192 332 5 7 0.025695901 
254 457 9 17 0.025684103 
674 372 21 35 0.02567336 
183 439 7 11 0.025671886 
544 818 6 8 0.025602493 
641 683 78 105 0.025545724 
722 829 9 11 0.02551387 
223 431 10 18 0.025482535 
192 327 5 6 0.025430039 
228 528 58 101 0.025376039 
195 424 4 6 0.025301354 
216 488 10 15 0.025294464 
715 836 10 11 0.025267955 
701 557 23 32 0.025251579 
370 65 72 109 0.025250405 
715 829 9 12 0.02521644 
281 430 8 15 0.025211476 
210 471 9 12 0.025051352 
287 704 24 32 0.025044667 
640 649 21 32 0.025024248 
202 442 18 28 0.024964454 
809 695 11 17 0.024931489 
438 320 57 67 0.024916325 
245 39 19 32 0.024915833 
680 493 20 36 0.024893371 
779 360 18 36 0.024815267 
317 687 41 59 0.024778537 
377 465 20 34 0.02476822 
275 570 40 73 0.024721984 
175 875 92 104 0.024720099 
697 730 9 15 0.024664678 
776 386 6 14 0.024649588 
174 483 6 11 0.024551678 
223 59 18 28 0.024534723 
-28 11 127 265 0.024513684 
714 628 9 15 0.02451173 
216 477 9 12 0.024488902 
376 427 18 33 0.024366112 
173 452 6 11 0.024317883 
200 489 11 14 0.024278738 
366 308 20 31 0.024274109 
551 819 5 7 0.024266047 
794 919 39 61 0.024257919 
454 983 20 27 0.02423345 
767 380 7 15 0.024232619 
262 430 9 14 0.024230495 
689 734 8 12 0.024212208 
238 60 20 29 0.024209743 
324 392 17 29 0.024192568 
397 172 20 36 0.024185129 
244 45 35 52 0.024125623 
167 477 6 11 0.024116836 
192 453 6 9 0.024086602 
629 846 24 35 0.024079222 
709 843 9 10 0.024074437 
741 348 16 36 0.024067624 
798 365 9 16 0.024063485 
699 891 14 16 0.024035035 
696 843 10 10 0.024006851 
274 311 7 11 0.02399737 
722 836 9 11 0.023991039 
400 297 36 56 0.023978157 
285 456 10 15 0.023871202 
548 912 10 16 0.023867225 
799 365 21 35 0.023862846 
779 694 8 14 0.023861222 
696 487 8 16 0.023844138 
775 688 7 12 0.02383687 
374 127 36 61 0.02383078 
508 761 152 223 0.023830116 
704 498 10 17 0.023803351 
603 615 19 32 0.023789518 
191 472 6 11 0.023781452 
752 772 95 134 0.023762114 
243 487 11 18 0.023751676 
363 96 9 19 0.023745982 
713 795 21 29 0.023743477 
526 577 12 17 0.02374063 
315 384 35 56 0.023718098 
274 280 22 26 0.02370228 
750 710 5 8 0.023623018 
164 407 19 33 0.023622753 
230 61 9 14 0.023621075 
228 312 8 14 0.023617925 
201 496 18 26 0.023599576 
264 437 19 29 0.02359859 
173 447 18 30 0.023571849 
668 821 28 35 0.023570843 
289 533 24 35 0.023561966 
771 355 11 21 0.023537051 
388 209 9 15 0.023502678 
238 613 6 10 0.02349897 
353 97 14 31 0.023466242 
596 490 37 70 0.023446077 
194 435 5 8 0.023441033 
437 763 44 69 0.023430062 
716 758 8 13 0.02342914 
713 854 11 12 0.0234265 
751 330 74 156 0.023423038 
286 202 78 112 0.023393698 
599 605 79 126 0.023371985 
353 831 45 57 0.023300985 
614 837 40 73 0.023298265 
847 782 44 59 0.023226082 
231 339 8 14 0.023208385 
697 459 10 21 0.023198014 
790 178 82 120 0.023177559 
774 700 8 12 0.023171656 
305 430 20 29 0.023167495 
324 325 9 15 0.023147859 
243 604 6 12 0.023139624 
216 472 7 10 0.02311998 
809 334 9 19 0.02309419 
543 901 22 36 0.023093123 
543 839 6 9 0.023093088 
687 459 19 33 0.023080166 
230 602 19 31 0.023031106 
366 138 6 10 0.023028325 
644 835 20 32 0.023024516 
686 865 22 26 0.02302099 
709 836 9 11 0.023013849 
214 497 20 26 0.023004996 
59 -74 341 462 0.02298886 
190 491 7 12 0.022965979 
543 843 8 13 0.02296183 
192 447 5 8 0.02296134 
200 454 6 8 0.022930989 
200 470 173 291 0.022864401 
696 472 9 19 0.022853767 
258 507 68 102 0.022805378 
362 315 29 50 0.022781758 
842 330 9 19 0.022768948 
198 478 7 10 0.022760076 
810 348 18 35 0.022736598 
441 270 23 33 0.022723887 
708 361 18 29 0.022708772 
683 837 8 9 0.022697018 
239 457 12 17 0.02266631 
358 245 6 12 0.02266518 
206 376 66 118 0.02264233 
260 571 9 15 0.02263764 
152 876 30 66 0.022632034 
755 259 7 13 0.022601172 
590 767 21 30 0.022581747 
444 413 119 90 0.022563886 
373 378 19 40 0.022527255 
238 490 22 32 0.022524461 
709 685 20 30 0.022509096 
362 106 35 59 0.022459984 
578 872 21 33 0.022437738 
188 473 73 117 0.022433084 
685 346 23 39 0.022428002 
792 741 19 31 0.022417739 
617 747 86 116 0.0224143 
538 849 20 28 0.022403358 
372 139 6 10 0.02239876 
703 837 9 9 0.022360945 
228 595 9 16 0.022356953 
195 427 5 8 0.022351114 
447 185 86 110 0.02234708 
365 500 24 43 0.022339247 
694 871 12 14 0.022332238 
848 708 17 27 0.022330677 
530 859 22 32 0.022319002 
796 442 18 32 0.022314673 
316 467 37 51 0.022288248 
364 114 16 33 0.022287255 
322 363 11 19 0.022244252 
260 829 10 11 0.022216523 
834 695 12 19 0.022197343 
225 485 19 28 0.022165827 
839 398 21 32 0.02216402 
431 296 14 26 0.022153808 
720 255 18 30 0.022153644 
211 441 5 8 0.022145566 
773 692 19 30 0.022137318 
686 379 20 33 0.022132723 
800 340 7 17 0.022106305 
223 594 9 16 0.02202638 
700 834 27 30 0.022019897 
739 253 37 56 0.022017071 
760 321 17 39 0.02200483 
645 387 17 35 0.02197343 
199 472 6 9 0.021969669 
527 585 18 28 0.021949003 
228 47 19 29 0.021948399 
227 528 23 37 0.02194083 
709 711 20 28 0.021935362 
767 382 16 35 0.021908116 
813 56 20 31 0.021862427 
166 438 7 13 0.021856116 
307 307 7 9 0.021817798 
774 506 15 32 0.021815691 
720 824 26 31 0.021814857 
767 664 7 10 0.021814715 
804 309 19 34 0.02180788 
280 574 73 115 0.021802152 
347 124 34 61 0.021800444 
702 850 10 10 0.021789283 
193 440 5 9 0.021784145 
690 837 9 10 0.02177552 
365 114 8 18 0.021766724 
798 409 18 30 0.021748547 
186 489 7 12 0.021742988 
295 292 18 29 0.021712877 
711 467 20 33 0.02170284 
781 686 7 14 0.021696156 
203 425 8 11 0.02167674 
185 452 6 11 0.021640366 
243 587 7 13 0.02163228 
647 883 28 32 0.021611169 
684 844 8 9 0.021610403 
317 562 20 37 0.021600803 
261 515 8 12 0.021583645 
682 830 10 10 0.021582674 
279 461 11 17 0.021563029 
650 636 20 32 0.021559825 
591 841 22 36 0.021516368 
732 682 35 56 0.021506798 
554 909 10 16 0.021504967 
645 847 8 13 0.021503981 
279 336 10 19 0.021498526 
332 101 35 61 0.021478852 
721 476 9 15 0.021469478 
651 783 22 30 0.021465568 
264 412 32 60 0.021458186 
528 845 43 69 0.021431243 
349 639 20 33 0.021420991 
697 738 7 12 0.021414705 
784 636 79 131 0.021407893 
198 485 8 12 0.021406813 
753 232 8 14 0.021402549 
353 294 20 30 0.021402283 
792 177 18 32 0.021367054 
-46 617 311 573 0.021359844 
756 701 6 10 0.021353487 
804 434 11 17 0.021350073 
680 786 15 16 0.021336403 
839 571 18 31 0.021334773 
613 775 10 15 0.021325434 
635 807 40 59 0.021323362 
630 904 39 58 0.021319244 
291 776 14 14 0.021305691 
516 903 22 33 0.021270813 
618 776 12 15 0.02125241 
196 418 17 25 0.021238474 
677 749 10 16 0.02123608 
340 566 21 38 0.021230347 
756 709 7 9 0.021228174 
728 809 25 31 0.0212227 
479 105 134 212 0.021174993 
682 717 41 57 0.021160463 
535 903 10 16 0.021156196 
551 651 80 116 0.02114176 
180 374 8 12 0.021136416 
216 368 8 12 0.021134956 
349 548 23 37 0.021108957 
663 828 9 11 0.021104185 
249 396 18 33 0.021088026 
315 251 37 57 0.021077802 
698 743 19 28 0.021052977 
748 716 7 9 0.021032771 
708 821 11 12 0.021030268 
795 352 16 28 0.02102325 
665 837 7 9 0.021020725 
539 819 5 7 0.02102006 
272 426 66 95 0.020999253 
704 883 28 29 0.020988561 
831 351 9 18 0.020988207 
832 340 8 16 0.02098761 
349 276 20 34 0.020986762 
238 41 7 13 0.020984119 
710 758 8 13 0.020982286 
763 260 7 16 0.020973979 
317 182 22 28 0.020968283 
398 258 17 29 0.020965014 
184 442 18 29 0.02096478 
544 833 5 7 0.020941878 
206 472 7 9 0.020935096 
167 326 5 7 0.02093427 
507 109 24 40 0.020903287 
705 324 21 33 0.020901315 
762 254 7 12 0.020881647 
459 904 25 43 0.020873904 
686 598 18 31 0.020870775 
633 276 21 38 0.020870367 
374 305 12 19 0.020865776 
308 710 5 8 0.02086421 
598 777 22 30 0.020837732 
239 356 16 26 0.020837506 
715 505 10 16 0.02083619 
832 177 7 10 0.020826718 
539 815 24 33 0.020784615 
792 698 9 17 0.020767653 
736 715 6 10 0.0207555 
778 942 10 14 0.020738373 
392 280 19 34 0.020729998 
765 339 15 33 0.020716412 
653 521 23 35 0.02071151 
554 906 23 37 0.020680325 
649 824 21 30 0.020671424 
706 579 26 33 0.020669451 
299 307 8 10 0.020660195 
557 516 8 10 0.020659791 
691 470 7 14 0.02064782 
820 311 6 12 0.020641139 
824 288 8 18 0.020601759 
772 707 9 13 0.020597722 
645 840 9 14 0.020596033 
816 787 25 34 0.020584466 
304 308 17 28 0.020581946 
819 337 17 33 0.020580465 
351 96 8 20 0.020571766 
212 37 7 10 0.02056814 
258 561 11 19 0.020557309 
833 580 8 12 0.02055719 
236 431 10 17 0.02055338 
198 466 6 9 0.020549893 
716 612 8 11 0.020540725 
262 280 21 26 0.02052116 
658 390 9 18 0.020520467 
626 297 71 120 0.020519182 
706 611 16 27 0.020517513 
223 470 22 26 0.020516211 
235 918 10 12 0.020515021 
472 897 20 34 0.020502493 
366 129 7 14 0.020501075 
381 314 11 17 0.02050096 
742 702 6 10 0.020494835 
198 460 6 9 0.020467954 
193 320 5 8 0.020442232 
332 389 36 59 0.020429088 
204 446 7 10 0.020428 
762 379 7 16 0.020425122 
214 39 20 29 0.02042313 
496 740 12 20 0.02041701 
625 654 20 36 0.020408494 
181 461 9 16 0.02040271 
245 505 20 29 0.020399787 
529 845 12 18 0.020379907 
692 548 20 30 0.020368317 
250 476 36 55 0.020365497 
246 459 12 18 0.02035811 
775 862 6 11 0.020349529 
643 783 12 17 0.020347308 
703 738 8 13 0.02034249 
169 334 4 6 0.020334799 
651 760 23 29 0.020332046 
713 832 87 116 0.02030491 
322 300 5 7 0.02029815 
838 331 8 17 0.020282472 
307 300 6 8 0.020273179 
198 395 16 28 0.020272015 
301 307 36 55 0.02027134 
665 844 7 9 0.020264989 
792 372 8 15 0.020260848 
775 659 6 9 0.020248862 
223 382 7 11 0.020238733 
206 706 40 56 0.020225417 
255 520 8 13 0.02022459 
219 483 11 13 0.020216487 
193 29 20 30 0.02021619 
811 326 15 32 0.020213725 
285 566 21 40 0.020206893 
827 355 21 37 0.020205602 
732 255 78 136 0.02020224 
218 293 18 28 0.02019803 
226 613 6 10 0.020196633 
334 668 42 65 0.020194616 
793 381 7 11 0.020180702 
713 886 13 14 0.020176258 
696 501 8 14 0.020174207 
204 451 7 11 0.02017113 
230 483 10 13 0.020164486 
750 702 6 10 0.02014018 
756 694 7 12 0.020132164 
676 771 10 13 0.020132145 
793 462 8 16 0.020130575 
714 590 11 16 0.020128187 
242 387 8 15 0.020118624 
227 442 21 31 0.02011442 
749 640 19 34 0.020107416 
223 332 8 12 0.020106487 
176 403 19 32 0.020105014 
275 391 33 63 0.020101259 
180 327 5 6 0.020090733 
299 817 10 10 0.020086888 
748 315 10 18 0.02006993 
816 257 18 29 0.020067457 
615 756 20 28 0.020058913 
657 490 36 69 0.020047633 
319 597 7 13 0.020032004 
845 358 9 17 0.020028302 
421 78 41 44 0.020020869 
197 332 7 9 0.020017723 
278 613 24 38 0.020013474 
587 529 8 10 0.020007849 
790 815 10 14 0.020006746 
