52_Photographers_taketouristphotos_52_97
459
215 271 230 169 0.9998387 
822 613 56 57 0.9934002 
587 326 15 10 0.21222487 
647 337 17 14 0.17049965 
168 634 17 15 0.12783174 
390 278 48 53 0.12059603 
577 300 4 4 0.11869705 
619 422 33 25 0.10065205 
627 332 16 14 0.099663444 
600 397 55 48 0.097849496 
591 304 6 5 0.0966385 
199 541 167 124 0.09639289 
137 424 18 12 0.095892824 
434 172 34 30 0.09552347 
651 314 13 12 0.09016525 
568 319 16 12 0.08590842 
77 359 9 10 0.08563005 
674 319 13 9 0.08241347 
-21 -170 189 164 0.076997906 
141 419 28 21 0.07024129 
953 628 10 13 0.0663697 
561 394 77 79 0.065771796 
585 649 10 9 0.060316097 
607 305 8 5 0.06004771 
697 643 5 7 0.059674986 
87 146 437 330 0.058336645 
577 305 5 4 0.05798417 
956 591 10 11 0.056559544 
573 299 4 4 0.056549612 
57 361 10 9 0.055264927 
603 304 6 5 0.05346815 
584 301 4 4 0.05308491 
706 636 4 6 0.05267182 
583 303 5 5 0.05235591 
579 294 3 4 0.051929515 
716 637 5 7 0.05184509 
626 633 8 11 0.05120547 
591 301 5 4 0.05118567 
714 637 4 6 0.051000673 
385 309 203 170 0.050873555 
595 310 9 7 0.04925149 
463 637 5 6 0.048533324 
538 284 49 48 0.04771002 
553 300 4 4 0.047654327 
605 309 10 7 0.047084145 
951 615 9 10 0.04633038 
524 196 34 31 0.045642275 
-13 524 406 511 0.045114975 
697 335 9 7 0.044368047 
939 604 10 11 0.043802645 
534 300 3 4 0.043660555 
606 648 10 13 0.04315585 
608 329 15 13 0.042531308 
597 300 5 5 0.04245098 
644 311 14 13 0.042142052 
580 311 8 6 0.041979477 
584 293 5 4 0.041908044 
656 311 11 8 0.04182143 
649 303 10 8 0.04145153 
673 636 5 7 0.041028243 
736 632 5 5 0.040567167 
144 408 26 20 0.040351734 
613 303 9 6 0.0401964 
165 409 29 22 0.039852742 
589 310 8 6 0.039812054 
185 202 8 8 0.03959877 
599 469 10 17 0.03957522 
699 638 4 5 0.039450273 
142 186 132 113 0.03877054 
659 303 9 6 0.03867337 
426 270 52 58 0.038625464 
558 300 4 4 0.038486872 
566 304 4 5 0.038302142 
624 406 29 26 0.038214326 
126 649 10 10 0.038070407 
713 642 6 8 0.037275612 
704 644 5 6 0.037039906 
942 608 10 11 0.03691312 
566 300 4 4 0.03648096 
507 106 5 5 0.036416736 
592 315 12 7 0.036352437 
719 632 4 4 0.036268257 
494 101 4 5 0.03609957 
172 220 5 6 0.036073495 
621 481 20 36 0.035417456 
509 300 2 3 0.035234783 
738 636 5 5 0.035156693 
50 362 10 9 0.03505771 
128 385 30 18 0.03473347 
569 305 6 5 0.034710895 
611 459 18 27 0.034659326 
612 628 7 10 0.03450789 
469 114 4 5 0.034282327 
689 320 10 8 0.03405856 
619 462 8 13 0.034044664 
158 411 12 10 0.0338436 
694 643 5 7 0.03384348 
546 300 4 4 0.033745024 
575 310 8 5 0.033541046 
563 311 6 5 0.033016182 
488 101 4 5 0.03296492 
668 308 11 8 0.03295756 
483 41 16 25 0.03292722 
678 637 5 7 0.032745626 
611 490 21 37 0.032738376 
557 304 5 4 0.032416094 
425 210 16 12 0.032408778 
695 638 3 6 0.032353636 
547 438 67 92 0.03215077 
846 -186 280 163 0.032150436 
166 153 28 19 0.03208055 
153 163 7 8 0.031955197 
534 306 4 4 0.031913202 
164 164 10 9 0.031900033 
709 336 8 6 0.031853683 
474 215 5 7 0.031833995 
225 -184 518 247 0.0316715 
572 294 4 4 0.031635113 
111 631 59 49 0.031585753 
601 425 23 29 0.031370495 
153 655 7 9 0.031155955 
590 397 31 34 0.031142166 
680 317 10 8 0.031123836 
700 306 5 5 0.031110475 
123 649 30 27 0.031076606 
590 293 4 5 0.031070346 
149 385 29 22 0.030919256 
700 631 4 6 0.03090378 
67 360 10 9 0.030849604 
556 -185 520 247 0.030693104 
468 118 5 5 0.030592063 
669 637 4 7 0.030255 
575 303 63 44 0.030231051 
569 343 28 21 0.030206429 
683 310 8 6 0.030164551 
468 125 6 5 0.030135684 
661 647 6 9 0.030035192 
202 380 32 26 0.029894367 
145 655 9 9 0.0297325 
110 648 26 24 0.02963359 
705 633 4 5 0.029394425 
148 650 6 7 0.029369447 
742 632 5 5 0.029337564 
664 304 9 7 0.029159406 
612 396 28 29 0.029075738 
946 614 9 10 0.029070448 
174 209 5 5 0.028923322 
633 654 9 12 0.028889418 
435 188 30 30 0.028837757 
675 310 10 7 0.028815083 
583 442 19 35 0.028758803 
728 323 8 6 0.028754437 
677 303 9 7 0.028707603 
713 632 4 5 0.02863224 
668 311 24 20 0.028619708 
598 331 28 21 0.028616738 
137 393 26 20 0.028546784 
501 382 156 162 0.028539293 
499 106 6 6 0.028508222 
635 429 13 12 0.028448213 
119 411 61 33 0.028248737 
669 304 10 7 0.028196992 
476 118 5 6 0.028103357 
581 442 69 105 0.028095063 
598 294 4 4 0.028030423 
957 599 10 11 0.027859762 
506 463 5 7 0.027820814 
143 646 22 28 0.02768648 
463 206 9 13 0.027681671 
457 299 3 4 0.027663954 
709 343 9 7 0.02758307 
591 340 14 11 0.027393883 
527 299 3 4 0.027388146 
155 375 27 20 0.02732216 
178 221 6 6 0.027301228 
594 457 423 353 0.027239582 
192 150 16 9 0.027149703 
38 523 22 25 0.027079554 
552 305 5 5 0.027054382 
609 436 8 10 0.026995402 
763 627 4 4 0.026951939 
741 636 6 6 0.026913991 
530 173 23 24 0.026909057 
697 648 5 7 0.026845863 
466 169 24 29 0.026795572 
177 227 8 8 0.02679251 
554 294 3 3 0.026789447 
599 454 20 31 0.026747426 
496 107 4 5 0.026645185 
576 315 12 9 0.026585195 
724 636 5 7 0.026525138 
691 305 6 5 0.026523862 
116 459 6 5 0.026513603 
932 600 12 11 0.026464427 
731 637 4 5 0.026434017 
639 308 11 10 0.02629995 
724 632 4 5 0.026274715 
478 310 113 84 0.02618735 
732 631 5 5 0.026066527 
567 360 32 20 0.02598988 
473 267 41 60 0.025901461 
151 427 31 26 0.025896372 
701 321 12 8 0.025867997 
605 384 26 30 0.025853813 
169 210 5 5 0.025851151 
180 380 7 6 0.02581954 
469 132 6 6 0.025785344 
649 422 12 13 0.025760513 
540 300 4 4 0.025740366 
482 352 4 4 0.025691384 
529 450 20 24 0.02566248 
635 600 9 13 0.0256495 
377 215 21 23 0.025538702 
488 217 4 5 0.02551582 
169 220 5 6 0.025467912 
541 179 11 11 0.025416628 
622 302 8 7 0.02540958 
488 106 3 5 0.02540828 
44 379 21 20 0.025296839 
174 202 5 6 0.025273759 
116 630 27 27 0.025241178 
43 377 8 9 0.025236364 
724 654 7 9 0.02518103 
691 312 6 5 0.025104284 
155 151 21 20 0.02503894 
60 364 12 10 0.02502479 
928 612 46 47 0.0250201 
172 216 5 5 0.025017612 
169 215 5 5 0.02501261 
946 619 21 24 0.02500411 
539 467 20 28 0.025001118 
771 627 3 4 0.025000757 
488 117 4 7 0.024900673 
834 559 6 7 0.024757763 
610 310 11 7 0.024755359 
507 101 4 5 0.024718557 
596 375 21 23 0.024642754 
480 137 6 7 0.024619814 
597 345 14 11 0.024602788 
456 304 5 5 0.024555093 
663 321 11 10 0.024545815 
691 317 7 6 0.024534345 
73 352 19 18 0.024533723 
612 403 12 15 0.024504516 
863 590 9 13 0.024502622 
569 309 8 7 0.024415776 
639 490 10 17 0.024405248 
193 429 24 24 0.024361202 
723 643 5 7 0.024256127 
962 597 8 9 0.024222799 
475 114 5 5 0.024174057 
958 586 9 9 0.024168454 
457 637 5 7 0.02415529 
592 452 9 18 0.02409718 
358 286 60 54 0.024089709 
159 142 23 20 0.024031928 
833 555 5 6 0.024000442 
612 447 9 13 0.023928959 
528 470 8 9 0.023885481 
191 414 27 23 0.023801899 
599 314 12 8 0.023788853 
19 494 94 83 0.023733692 
216 534 432 523 0.023721121 
823 570 10 12 0.023671823 
543 357 35 25 0.023647876 
625 461 9 15 0.023637889 
509 295 2 3 0.023627449 
137 653 11 11 0.023601655 
619 310 9 6 0.023545438 
511 464 4 6 0.023529204 
453 209 21 27 0.023521377 
606 640 10 13 0.023483915 
182 411 12 11 0.02345933 
833 546 6 7 0.02345584 
705 648 5 7 0.023449486 
673 642 4 7 0.02342206 
475 100 3 5 0.02327671 
466 637 6 8 0.023266423 
545 304 5 5 0.023241745 
102 470 7 6 0.02322976 
185 403 27 22 0.023184778 
607 443 9 12 0.023151211 
80 377 12 11 0.023125224 
523 313 10 9 0.023100425 
696 317 9 7 0.023057556 
593 433 23 32 0.022958612 
481 113 4 5 0.02295551 
601 299 7 7 0.022944544 
699 310 6 5 0.022901932 
634 429 25 29 0.022832436 
84 413 423 288 0.0228209 
187 222 6 6 0.022808148 
474 123 7 7 0.022807073 
703 310 8 6 0.022783747 
501 299 4 4 0.022781655 
475 94 4 5 0.022772681 
236 175 8 8 0.02276772 
559 293 4 4 0.022749068 
172 226 6 7 0.02274251 
179 208 6 6 0.022725338 
154 618 7 7 0.02270338 
539 463 6 8 0.02265423 
521 300 3 4 0.022649072 
487 124 5 8 0.0226228 
630 315 11 9 0.02259498 
561 304 26 21 0.022594778 
158 629 40 39 0.022575244 
641 409 15 16 0.022572162 
572 341 12 10 0.022535572 
175 419 27 23 0.022508657 
190 176 10 9 0.022479178 
578 341 13 10 0.022413632 
475 138 4 5 0.02240198 
612 430 11 12 0.022394665 
164 423 12 9 0.022363886 
153 400 25 20 0.022329647 
843 375 11 9 0.02232343 
663 592 13 17 0.022319783 
589 418 24 26 0.02227576 
966 570 10 10 0.022264825 
708 348 11 7 0.02226103 
596 322 14 10 0.022236647 
169 618 5 7 0.02223026 
109 459 6 5 0.022213256 
683 303 7 7 0.022204129 
714 344 9 6 0.022171468 
173 233 6 8 0.02216877 
475 646 28 24 0.022149073 
679 630 4 7 0.022147818 
163 261 29 25 0.022135314 
605 428 9 11 0.022039963 
693 647 6 8 0.022035778 
749 636 6 6 0.022018174 
49 384 11 11 0.022010954 
526 306 4 4 0.021974495 
153 650 6 7 0.021972012 
481 217 5 5 0.021963134 
483 299 3 4 0.021960482 
163 558 100 116 0.021951942 
936 605 21 21 0.021886278 
191 227 8 7 0.021846594 
469 136 6 7 0.021840766 
495 217 4 4 0.021836257 
643 433 11 13 0.021809747 
701 329 11 8 0.021807587 
579 331 28 21 0.021801125 
714 348 9 6 0.021786487 
483 295 3 4 0.021745125 
631 309 10 9 0.021744858 
636 439 11 13 0.021723734 
725 342 13 8 0.021705013 
771 632 3 4 0.02169867 
580 327 14 9 0.02169817 
475 634 9 9 0.021695783 
183 187 9 7 0.021690458 
254 181 9 8 0.021681186 
613 438 22 27 0.021657273 
471 106 4 5 0.021655869 
799 41 24 22 0.021626469 
593 310 27 17 0.021620912 
162 220 6 6 0.021591352 
475 89 4 4 0.02158109 
506 468 6 8 0.02157051 
480 125 5 6 0.02148965 
494 111 5 7 0.02147063 
153 207 23 26 0.02144717 
571 287 4 5 0.021432905 
532 310 6 6 0.021350488 
71 380 132 76 0.021349242 
583 610 6 8 0.021348484 
621 334 24 26 0.021339033 
180 202 6 6 0.021335676 
979 606 7 7 0.021317858 
560 315 10 9 0.02129969 
168 202 6 6 0.021294972 
500 99 6 6 0.021285867 
951 633 27 32 0.021283582 
489 114 3 5 0.021277182 
515 299 3 5 0.021270584 
161 215 6 7 0.021229787 
84 485 5 5 0.02122907 
483 357 3 4 0.021192893 
155 255 4 5 0.021067016 
599 433 10 15 0.021051288 
151 158 19 22 0.02104075 
622 320 25 21 0.021019235 
113 552 9 11 0.020991685 
478 631 8 8 0.020980803 
525 311 7 6 0.020975633 
496 296 3 4 0.020970961 
480 336 7 7 0.020968646 
983 611 7 8 0.020959336 
683 589 8 12 0.020946486 
737 626 5 5 0.020938331 
492 292 26 32 0.020936651 
964 604 8 8 0.020901637 
595 472 19 33 0.020874284 
538 457 5 7 0.020873932 
462 133 5 5 0.020852512 
120 556 23 22 0.020851217 
489 299 3 4 0.020850763 
115 477 6 6 0.02083547 
521 463 20 24 0.020814158 
507 306 4 4 0.020806806 
633 611 10 13 0.020787787 
590 340 27 21 0.020777617 
723 650 6 8 0.0207771 
570 455 23 31 0.020776609 
467 146 5 4 0.020753562 
144 662 13 14 0.020722004 
244 276 9 8 0.020694643 
592 352 29 24 0.020690586 
541 304 26 24 0.020689905 
693 342 13 9 0.020688534 
134 649 10 9 0.02067091 
44 393 6 7 0.020658618 
84 477 6 6 0.020644959 
473 636 22 22 0.020642178 
662 314 13 10 0.020633647 
164 195 24 23 0.020614352 
964 630 9 10 0.020613648 
530 464 6 7 0.020586805 
540 305 5 5 0.020575391 
161 210 5 5 0.020550366 
531 475 6 8 0.020500697 
482 132 5 6 0.020480914 
837 547 7 7 0.02047742 
477 206 24 30 0.020470494 
711 388 66 45 0.020467866 
600 485 9 14 0.020465448 
96 488 8 7 0.02045356 
20 530 13 15 0.020450981 
196 180 9 8 0.020431388 
598 385 14 20 0.020428158 
679 642 5 7 0.020426258 
572 474 22 35 0.020420387 
584 444 39 52 0.020416982 
43 387 8 8 0.020359945 
545 457 5 8 0.020333258 
610 347 13 12 0.020312643 
610 356 16 15 0.020306937 
597 502 20 41 0.02030107 
481 75 6 8 0.020283518 
462 145 6 6 0.02026575 
520 341 32 32 0.020249426 
170 375 25 21 0.020239444 
609 337 14 13 0.020238329 
499 279 49 57 0.020233521 
783 627 4 5 0.020221042 
101 329 27 24 0.020211795 
84 438 24 22 0.020202484 
161 619 6 6 0.020173904 
494 91 5 7 0.02014124 
456 295 4 4 0.020139206 
702 343 10 8 0.020128563 
592 299 26 19 0.020102516 
648 352 13 14 0.020095877 
178 139 26 18 0.020084642 
180 403 14 12 0.020017702 
