52_Photographers_photographertakingphoto_52_780
765
751 270 75 113 0.9975599 
805 279 94 105 0.86067617 
700 340 14 20 0.3714094 
365 267 48 74 0.13963467 
512 372 8 12 0.11968371 
618 343 24 23 0.115166724 
221 740 9 11 0.08352159 
672 242 376 381 0.0765249 
545 210 7 9 0.07357221 
549 677 11 14 0.07149558 
442 109 419 412 0.069754094 
403 449 82 99 0.06454463 
631 238 8 12 0.06448017 
239 47 13 20 0.064212374 
496 533 44 53 0.060711466 
126 54 8 11 0.05664077 
216 744 9 12 0.05053383 
22 478 13 17 0.048495784 
533 719 13 13 0.048430037 
97 580 13 18 0.047014587 
470 624 9 10 0.046812773 
252 730 12 13 0.045304008 
96 24 9 12 0.045031615 
111 92 46 55 0.044938173 
206 446 7 8 0.044718076 
440 501 92 106 0.04431752 
280 739 31 26 0.043977316 
36 525 12 15 0.043092728 
101 55 8 10 0.04288181 
297 710 12 15 0.042447086 
229 21 10 15 0.042371087 
265 753 11 12 0.042122234 
215 49 11 16 0.042110592 
630 302 11 14 0.04209369 
63 502 11 13 0.041900206 
242 8 8 10 0.04175418 
612 273 9 12 0.041628823 
496 718 15 15 0.04150275 
498 696 8 9 0.0414704 
245 747 11 13 0.04076921 
215 387 79 98 0.04060741 
466 695 11 13 0.040542297 
601 10 9 9 0.040233325 
-6 -144 66 141 0.039962064 
340 206 92 131 0.039479196 
254 722 12 12 0.03931791 
217 670 8 8 0.03920546 
44 0 8 8 0.038946006 
423 197 13 18 0.038923066 
243 679 7 7 0.038709544 
526 647 12 13 0.03859865 
203 460 8 9 0.038513895 
278 635 83 90 0.038513876 
25 421 8 10 0.03813412 
817 178 8 11 0.03812522 
505 254 9 12 0.038038883 
164 414 26 30 0.037965026 
681 31 8 11 0.0379245 
122 701 7 9 0.037669055 
201 741 13 13 0.03765489 
12 0 7 9 0.037539586 
136 0 13 10 0.037477687 
114 60 8 11 0.03739166 
732 27 10 12 0.037350144 
266 136 376 320 0.037324127 
378 254 99 107 0.03703211 
228 29 12 16 0.03694875 
164 745 12 13 0.03682395 
237 679 7 8 0.036774736 
785 270 203 195 0.036649264 
218 662 9 12 0.036445774 
0 560 6 13 0.036226667 
609 277 9 12 0.036137458 
80 558 10 12 0.036048684 
213 29 10 15 0.035734948 
439 682 12 14 0.03569432 
96 6 8 8 0.035674468 
172 399 23 33 0.03566793 
32 0 7 7 0.035593923 
565 611 10 13 0.03550831 
613 221 9 14 0.035473116 
229 11 7 9 0.03539416 
341 43 80 99 0.035252884 
708 326 10 15 0.035171404 
101 18 8 9 0.035159796 
119 23 10 11 0.034890488 
125 69 8 9 0.034749083 
20 4 8 9 0.03470824 
159 106 7 8 0.034380056 
206 729 50 40 0.034169383 
444 439 91 109 0.03398567 
299 37 9 17 0.033823926 
182 753 11 12 0.033776432 
222 11 10 11 0.033736862 
260 373 46 67 0.033687383 
74 17 8 11 0.033603147 
526 211 6 8 0.033571634 
154 392 457 459 0.033569295 
232 17 9 12 0.033502795 
563 20 6 7 0.03320844 
0 9 8 15 0.03300762 
519 258 9 13 0.03286113 
421 260 45 55 0.032769997 
371 740 36 30 0.032736674 
517 382 8 12 0.03273252 
121 55 8 12 0.032628532 
922 215 8 10 0.03213102 
137 484 107 87 0.03203846 
229 593 92 92 0.03191226 
400 714 12 14 0.031904437 
221 752 10 11 0.03184866 
607 553 11 13 0.031828098 
913 216 8 10 0.03180917 
49 2 12 13 0.031745084 
130 99 26 27 0.03172493 
376 675 9 12 0.03167358 
605 242 9 13 0.031561755 
215 752 9 11 0.031422343 
74 236 431 385 0.031359497 
286 670 9 10 0.031257205 
596 19 6 6 0.03120488 
204 672 6 7 0.030890329 
444 268 23 32 0.03080903 
234 683 8 9 0.030736294 
226 739 10 12 0.030589685 
390 120 26 29 0.0304373 
181 644 7 8 0.030410893 
15 523 11 14 0.030409114 
81 47 9 11 0.030382734 
923 690 6 7 0.030355955 
358 326 111 96 0.0303142 
677 355 28 30 0.0303128 
414 655 9 12 0.030284878 
879 195 13 13 0.030222971 
259 747 12 15 0.030159336 
280 668 10 11 0.030147202 
388 755 27 25 0.030143611 
510 555 22 28 0.030043613 
536 203 7 9 0.030041717 
353 79 43 49 0.030037075 
100 68 8 12 0.029966403 
660 74 9 13 0.029953888 
230 6 6 7 0.029946545 
210 756 22 25 0.029802026 
221 758 10 11 0.029797774 
629 261 6 8 0.029660314 
322 73 12 18 0.029655304 
430 287 47 57 0.029627983 
-16 -144 199 187 0.029496761 
508 719 52 46 0.029452946 
187 465 12 14 0.029444458 
153 385 47 64 0.029437881 
31 5 7 9 0.029393258 
82 24 7 9 0.029378796 
608 352 27 25 0.029342106 
521 662 10 11 0.029234428 
292 579 9 11 0.029225828 
510 385 9 13 0.029165924 
716 323 10 15 0.029160941 
153 709 7 8 0.02911842 
134 55 8 11 0.029082645 
215 678 8 9 0.029081708 
237 9 8 10 0.029081365 
778 131 8 12 0.029023768 
484 424 9 11 0.028993394 
545 523 23 36 0.028989797 
924 222 12 12 0.028928062 
633 285 7 10 0.028878128 
905 208 9 12 0.028842328 
534 341 72 101 0.028734254 
192 30 6 9 0.028667325 
643 20 4 6 0.028636092 
228 678 9 9 0.028569221 
695 737 53 45 0.028551789 
594 190 6 8 0.028514352 
190 459 9 10 0.028512157 
271 714 11 11 0.028499847 
216 40 10 14 0.028488517 
476 638 9 11 0.028279958 
548 238 8 11 0.028276442 
311 697 8 9 0.028273134 
750 478 99 106 0.028007885 
201 769 13 16 0.027966425 
467 612 8 9 0.027951756 
458 651 10 10 0.027821705 
794 587 35 28 0.02776021 
450 259 13 19 0.027746424 
751 145 10 16 0.027719732 
403 96 7 9 0.027683187 
400 136 13 14 0.027603375 
222 17 10 11 0.027571166 
624 330 23 26 0.027560338 
422 625 8 10 0.027538644 
158 446 23 29 0.027528089 
447 493 29 39 0.027522387 
337 714 10 12 0.02750824 
292 661 9 11 0.02749385 
20 10 6 9 0.027493002 
306 669 8 10 0.02748754 
211 672 7 7 0.027460653 
347 90 6 8 0.027444327 
262 670 7 8 0.02733926 
515 690 9 10 0.02728722 
293 700 10 11 0.02726845 
975 279 8 12 0.027232725 
24 5 8 10 0.027195685 
884 201 12 13 0.02715829 
361 94 88 109 0.027101547 
482 391 5 7 0.027051212 
350 36 21 30 0.027034987 
99 446 9 9 0.027003901 
242 741 9 10 0.026991857 
145 754 11 10 0.026989019 
388 274 26 38 0.026972223 
299 687 9 10 0.02689653 
299 589 10 8 0.026882423 
786 128 9 12 0.026879096 
230 0 7 7 0.026850162 
613 15 7 10 0.026835548 
219 233 21 24 0.02679307 
452 713 23 25 0.026747823 
340 135 5 7 0.026742028 
137 29 43 48 0.026740301 
0 527 7 12 0.026734892 
530 687 9 13 0.026725985 
427 380 193 204 0.026693868 
299 95 10 17 0.026644023 
161 360 79 118 0.026635911 
266 671 8 9 0.026634522 
209 453 9 9 0.026620546 
655 247 9 10 0.02659543 
109 61 8 11 0.026564462 
397 271 44 63 0.026549762 
856 206 11 14 0.026503015 
536 235 7 9 0.026483927 
444 716 13 15 0.02644167 
205 453 8 8 0.026436491 
204 441 7 9 0.026428133 
296 60 189 238 0.026393073 
785 183 7 10 0.026366929 
113 48 8 11 0.026338387 
668 215 9 11 0.026306516 
472 261 10 12 0.02626602 
199 460 7 8 0.02626519 
642 345 12 17 0.026237618 
108 54 9 12 0.026213579 
360 127 6 8 0.02620724 
674 32 6 8 0.026203334 
425 715 10 13 0.026200108 
596 11 7 8 0.026163407 
243 638 7 8 0.026156073 
280 676 8 9 0.026133431 
464 449 12 14 0.026118593 
172 10 7 10 0.026087454 
504 436 8 14 0.02607451 
185 450 9 12 0.026056608 
638 265 8 11 0.0260451 
287 663 10 10 0.026032535 
898 200 22 27 0.026006542 
194 756 23 25 0.025990853 
420 671 7 9 0.025990617 
255 733 21 24 0.025982277 
537 663 8 10 0.025965389 
634 261 6 11 0.025965044 
352 127 6 8 0.025947941 
602 42 8 10 0.025932891 
99 47 10 13 0.02591332 
88 22 8 10 0.025905205 
209 719 9 10 0.025899116 
436 165 8 12 0.025889209 
267 709 12 13 0.02586095 
602 24 6 8 0.025853598 
138 59 9 13 0.025850737 
645 31 7 7 0.02576197 
155 106 6 8 0.025756214 
675 374 27 31 0.025698736 
685 0 7 7 0.02568654 
657 640 11 13 0.025670897 
362 132 7 10 0.0256466 
648 323 79 91 0.025494877 
410 625 6 8 0.0254918 
614 269 7 8 0.025489999 
68 21 8 11 0.025446864 
183 447 20 23 0.025445841 
122 589 46 50 0.025443077 
389 402 102 90 0.025437208 
975 36 11 12 0.025420459 
165 107 7 7 0.02541528 
209 458 9 10 0.025411727 
517 209 6 9 0.025396122 
690 20 8 12 0.025390608 
145 111 18 25 0.02538064 
599 -20 24 23 0.025373304 
560 633 9 12 0.02536712 
95 101 86 104 0.025339995 
632 316 10 11 0.025287414 
325 -28 21 24 0.025210619 
509 373 18 26 0.025201486 
425 -27 22 24 0.025164697 
644 249 8 10 0.025163794 
594 554 8 11 0.025143404 
381 674 9 12 0.025081461 
711 738 8 10 0.0250697 
640 253 9 11 0.025017494 
434 555 9 12 0.024994431 
190 114 8 10 0.024992699 
107 29 9 11 0.024986455 
362 109 24 30 0.024978757 
-6 271 45 68 0.024962228 
74 401 10 9 0.02492637 
28 10 7 8 0.024914702 
108 48 8 12 0.024851345 
727 258 8 11 0.024846671 
410 619 6 9 0.024815118 
187 746 56 47 0.02480869 
489 376 41 55 0.024782823 
569 240 8 10 0.0247783 
66 310 11 10 0.02475713 
125 17 12 11 0.024736054 
293 585 10 10 0.024722565 
507 375 7 10 0.024660824 
593 215 7 9 0.02464303 
76 396 9 8 0.024640847 
271 734 24 25 0.0246181 
100 61 8 11 0.024592502 
24 0 8 8 0.024580209 
588 48 8 11 0.024557916 
465 274 10 12 0.024496127 
464 619 10 12 0.024493141 
106 550 11 11 0.024483277 
224 630 9 10 0.024447836 
446 657 43 43 0.024441116 
450 349 28 28 0.024421195 
274 30 34 47 0.024417242 
299 744 28 24 0.02441232 
204 678 6 6 0.02439905 
4 417 11 15 0.024371298 
303 140 5 7 0.02435455 
459 270 20 27 0.024343258 
283 580 59 56 0.024332205 
88 37 7 10 0.024314469 
139 348 215 191 0.024308477 
395 -128 437 394 0.024307268 
323 661 24 28 0.024279384 
640 227 8 11 0.024256868 
96 56 7 10 0.024190035 
819 19 26 35 0.024167566 
637 310 9 11 0.024161013 
217 9 11 11 0.024160974 
367 49 24 37 0.024143541 
471 651 9 10 0.0241178 
138 490 10 11 0.024086406 
494 407 7 9 0.024066845 
209 442 7 9 0.024049638 
204 317 22 27 0.024027113 
707 721 9 12 0.024024663 
113 529 8 9 0.024014039 
127 83 25 28 0.024009656 
126 60 9 11 0.024007121 
230 721 9 9 0.023984507 
173 340 6 7 0.023971349 
479 656 8 10 0.02395603 
469 279 12 15 0.023948802 
446 412 30 31 0.023942146 
259 153 16 30 0.023903707 
622 262 5 8 0.0238889 
281 684 8 8 0.023859432 
603 325 28 28 0.023838408 
517 508 9 12 0.02378922 
99 11 9 9 0.023733411 
184 714 10 10 0.023718666 
114 704 8 9 0.023710953 
126 737 51 44 0.023692992 
899 207 9 12 0.023673948 
14 16 6 11 0.023671934 
444 686 11 12 0.023608284 
208 465 9 9 0.02357199 
82 18 8 10 0.02356061 
139 733 8 11 0.023543114 
151 0 8 8 0.023503488 
392 135 14 15 0.023497678 
427 625 8 9 0.023483021 
346 57 8 11 0.023460332 
97 68 6 10 0.023459774 
121 41 9 12 0.023407662 
542 592 8 12 0.023397654 
224 683 6 8 0.023378504 
452 680 11 13 0.023367478 
552 620 6 8 0.02336105 
221 4 9 9 0.023318132 
364 652 10 10 0.02331669 
197 454 7 8 0.023312924 
485 562 26 34 0.02330716 
650 46 19 28 0.02330012 
77 375 26 23 0.02327743 
921 219 23 23 0.023270521 
196 683 8 8 0.023232397 
519 396 9 12 0.023219215 
596 0 7 7 0.023188401 
839 39 87 101 0.023176296 
569 20 6 7 0.023172867 
360 65 23 34 0.0231709 
415 626 7 9 0.023166625 
61 17 10 13 0.023160271 
192 448 6 7 0.0231235 
64 35 8 11 0.023114316 
248 757 12 12 0.023101812 
549 626 6 9 0.023095006 
793 192 6 8 0.02307389 
187 738 13 12 0.023068655 
594 354 27 30 0.023055216 
352 122 6 8 0.023049466 
762 539 103 80 0.02304086 
692 1 6 7 0.023022652 
406 130 11 14 0.023020914 
226 757 12 13 0.02300612 
342 715 11 12 0.023001265 
412 -27 21 24 0.022981815 
620 286 7 11 0.02297918 
297 728 11 10 0.022950603 
474 247 7 9 0.022938652 
148 682 6 10 0.022935236 
333 49 5 9 0.022908714 
470 344 26 26 0.022888726 
634 7 6 7 0.022864355 
685 13 6 7 0.022863928 
544 734 9 10 0.022842556 
102 554 10 10 0.022839427 
684 19 7 8 0.022838322 
434 631 9 12 0.022831721 
492 379 75 98 0.022810968 
210 747 19 20 0.022809824 
301 692 46 50 0.022808366 
139 465 49 54 0.022790125 
452 628 12 14 0.022790043 
467 605 9 10 0.022776583 
82 10 8 9 0.022767467 
473 255 8 10 0.022766815 
362 660 10 11 0.022765586 
272 694 9 11 0.022759661 
107 9 10 10 0.02274371 
691 4 7 8 0.022739857 
199 447 6 7 0.022733437 
642 13 4 5 0.02273251 
360 463 178 182 0.022730209 
529 618 39 46 0.02270602 
690 13 8 9 0.022696985 
231 740 51 40 0.022668684 
438 637 9 10 0.022663716 
549 196 7 9 0.022660144 
499 442 78 117 0.02264437 
196 708 10 11 0.022641597 
906 209 22 26 0.022633135 
550 592 8 10 0.02261328 
125 36 9 12 0.022611104 
842 553 56 57 0.022610446 
641 7 5 6 0.02259998 
456 271 11 15 0.022590118 
311 718 111 97 0.022582091 
907 214 9 12 0.022566142 
478 632 8 11 0.02256246 
523 720 10 10 0.022548825 
218 441 10 10 0.022547476 
239 689 9 10 0.022546224 
230 671 8 8 0.022521984 
817 170 8 10 0.022521136 
372 82 7 10 0.022510912 
489 427 9 11 0.02249565 
183 112 10 12 0.022493824 
285 712 13 14 0.022493731 
7 0 7 7 0.02245654 
139 740 9 9 0.022452261 
123 -3 22 18 0.022451537 
144 106 8 9 0.02244433 
48 28 11 12 0.022436654 
859 -145 257 149 0.022434903 
268 651 21 24 0.02242149 
399 145 46 62 0.022408899 
174 702 8 8 0.022408446 
429 683 9 11 0.022363577 
451 687 12 13 0.022355583 
722 25 7 9 0.022341475 
786 146 8 11 0.02233832 
140 90 7 7 0.022334734 
821 166 41 47 0.022334218 
628 255 6 9 0.02229534 
445 646 9 10 0.022282435 
391 90 4 7 0.02225221 
637 358 13 18 0.02223426 
218 653 8 9 0.022222625 
414 114 11 16 0.022207327 
67 535 9 14 0.022205058 
461 371 49 54 0.022203153 
216 683 8 9 0.02219649 
171 721 8 8 0.022187203 
65 413 11 12 0.02218062 
557 619 7 10 0.02217893 
427 619 7 10 0.022151943 
639 272 7 9 0.022151189 
619 247 7 10 0.022120837 
357 670 8 9 0.02211336 
607 24 7 9 0.022103991 
198 440 7 8 0.022057928 
371 91 21 28 0.022055957 
769 101 7 8 0.02205248 
179 6 6 8 0.02203434 
317 710 51 46 0.022022806 
814 192 6 9 0.0220075 
521 606 9 11 0.0219838 
227 627 9 8 0.021963993 
192 56 7 10 0.021963028 
485 695 10 12 0.021952948 
603 31 6 8 0.021950886 
469 545 26 32 0.021925705 
564 12 7 7 0.02192038 
340 48 21 30 0.021905046 
292 266 11 13 0.021903614 
296 376 41 59 0.02189915 
222 28 11 15 0.021889184 
177 465 11 13 0.021888306 
210 701 9 10 0.021855934 
198 678 7 8 0.021844177 
221 0 8 7 0.021843916 
63 29 9 10 0.021836432 
375 116 23 29 0.021807278 
459 619 10 11 0.02176816 
463 636 9 11 0.021764373 
402 677 7 9 0.021758066 
641 -6 20 22 0.02174449 
398 131 29 31 0.021742305 
164 118 8 11 0.021740789 
336 -28 22 25 0.02173979 
645 280 8 10 0.021722054 
400 124 12 15 0.021712616 
135 415 8 9 0.02171002 
299 698 8 10 0.021702513 
621 6 6 7 0.021681067 
150 3 10 10 0.021673247 
690 328 33 48 0.021655323 
433 420 11 10 0.02164797 
920 152 60 62 0.021643406 
637 -27 23 24 0.02164275 
573 235 8 10 0.021640224 
478 450 20 28 0.021637889 
122 691 6 7 0.021637794 
722 748 8 7 0.02163755 
318 714 9 11 0.02163745 
546 -22 102 106 0.021631246 
38 12 7 8 0.021629525 
113 9 11 11 0.021621954 
483 241 9 11 0.021619081 
230 639 9 11 0.021591438 
485 288 13 18 0.021579904 
631 0 20 25 0.021578038 
391 109 6 7 0.02154841 
320 656 50 51 0.021546975 
412 683 19 23 0.02154185 
83 686 6 6 0.021539686 
201 750 13 13 0.021536913 
53 2 20 24 0.021520576 
220 770 13 15 0.021503286 
893 202 12 15 0.021496752 
642 25 5 7 0.021486858 
848 139 20 26 0.021485833 
498 534 10 17 0.021484202 
684 304 8 11 0.021481106 
428 631 8 9 0.021471206 
337 110 21 28 0.02146641 
868 41 8 12 0.021453332 
311 740 11 11 0.021444835 
686 321 6 7 0.021438181 
324 701 9 12 0.021424226 
48 268 93 101 0.021411188 
244 22 8 15 0.021411119 
202 471 9 10 0.021409709 
197 465 8 9 0.021394629 
231 716 48 41 0.021389185 
390 102 6 7 0.0213887 
542 574 10 16 0.021387 
699 609 504 411 0.021376073 
211 657 8 9 0.021356499 
58 408 13 12 0.02133914 
114 23 10 12 0.021337941 
173 344 8 9 0.021315232 
271 377 14 18 0.021311319 
89 57 7 10 0.021311067 
114 484 8 10 0.021301175 
854 29 10 11 0.021255217 
113 66 8 11 0.021253634 
890 207 22 29 0.021248274 
658 44 6 9 0.021240016 
530 330 10 11 0.021213379 
116 3 21 22 0.021210734 
556 591 9 12 0.02120614 
428 611 8 11 0.021204403 
652 18 42 53 0.02119833 
402 699 10 13 0.021194607 
162 657 8 9 0.021178773 
216 629 25 25 0.021178761 
631 30 7 9 0.021175465 
470 630 9 11 0.021166226 
351 709 8 9 0.021162797 
202 642 10 12 0.021161532 
506 526 12 17 0.021151057 
286 632 10 10 0.021149244 
494 534 21 31 0.021125153 
437 676 12 12 0.021122009 
86 292 13 10 0.02112121 
202 757 12 12 0.021109419 
269 645 47 43 0.021107174 
251 1 5 6 0.021099169 
429 588 8 10 0.02108056 
433 643 9 10 0.021070566 
621 353 26 32 0.021062968 
418 268 22 37 0.021051817 
665 255 9 11 0.02103782 
416 178 22 34 0.021035984 
508 396 9 13 0.021025432 
376 73 10 13 0.021014633 
299 677 7 8 0.021013016 
666 -1 6 6 0.021010548 
530 680 9 13 0.020998932 
199 594 56 54 0.02099571 
406 156 27 29 0.02099323 
202 345 10 13 0.020987881 
677 -27 22 23 0.02098262 
621 38 5 8 0.020972338 
543 15 8 11 0.020969179 
813 145 7 10 0.020962885 
438 -27 23 25 0.020954154 
956 270 13 13 0.020950265 
7 582 6 10 0.020950034 
1 588 5 10 0.020949477 
221 747 21 21 0.02094595 
525 680 9 11 0.020924099 
14 10 6 9 0.020919498 
281 689 8 9 0.020913098 
686 5 6 7 0.020894632 
274 720 11 10 0.020888714 
506 524 23 30 0.020885698 
76 30 7 10 0.020881463 
673 18 6 9 0.020880094 
128 414 83 103 0.02086228 
168 441 22 28 0.020852095 
689 746 21 25 0.020844063 
945 270 41 48 0.02084267 
345 49 6 8 0.020840432 
243 683 7 8 0.020840291 
116 66 22 27 0.020828258 
68 694 23 25 0.020822508 
639 285 8 10 0.020819653 
13 24 6 10 0.020809526 
396 190 97 122 0.02080277 
151 117 9 13 0.020802304 
339 89 6 8 0.020797437 
152 354 25 23 0.020791415 
452 650 8 10 0.02078337 
0 96 19 26 0.020773957 
372 140 8 10 0.020763867 
49 420 89 98 0.020762404 
453 738 55 46 0.020750092 
167 95 5 7 0.020746358 
235 669 9 9 0.020746335 
601 18 7 8 0.020715721 
237 640 7 8 0.020705622 
95 41 10 14 0.020697875 
830 151 7 10 0.020686137 
508 657 11 12 0.02068238 
660 55 7 11 0.020674951 
311 65 72 94 0.020669827 
284 84 34 52 0.020664137 
203 658 8 9 0.02066309 
126 62 22 25 0.020661095 
188 770 14 15 0.020655688 
223 722 7 8 0.020644505 
151 758 12 10 0.020643337 
324 746 10 9 0.020643141 
188 682 21 24 0.0206331 
157 716 8 9 0.020630686 
134 69 8 9 0.02062409 
111 468 51 53 0.020623084 
907 281 10 15 0.020612845 
105 54 18 23 0.020611519 
666 249 6 9 0.020570416 
590 19 5 6 0.0205698 
485 468 23 40 0.020568551 
479 433 8 10 0.020541925 
328 96 6 11 0.020538742 
408 94 8 10 0.020537226 
768 752 24 24 0.0205336 
813 0 6 5 0.020527044 
831 670 9 11 0.02052449 
113 708 9 13 0.020513471 
210 684 9 10 0.020499956 
333 133 6 8 0.020498408 
457 258 10 13 0.02049562 
167 58 8 10 0.020487836 
283 725 27 25 0.020486841 
504 266 93 107 0.020477673 
546 628 5 7 0.020470893 
470 461 12 17 0.020470362 
172 6 6 8 0.020450093 
583 38 6 8 0.020432109 
383 74 8 13 0.020423116 
145 725 10 12 0.020415485 
628 229 7 9 0.020411693 
396 675 8 11 0.020408625 
291 718 12 12 0.020403229 
476 407 24 28 0.02038811 
165 445 9 12 0.020381346 
117 97 24 28 0.020379046 
229 727 10 9 0.020378351 
416 131 9 13 0.020345317 
135 702 6 9 0.020327715 
210 434 7 9 0.0203265 
822 155 11 14 0.020322828 
201 8 11 12 0.020321915 
218 617 50 53 0.020320103 
739 -27 23 23 0.02031736 
434 263 20 32 0.020309797 
650 -27 22 23 0.020300487 
659 36 7 10 0.020295333 
194 119 7 9 0.020292606 
184 401 10 17 0.020289453 
202 736 11 10 0.020285713 
114 697 6 7 0.02027612 
70 272 48 49 0.02027396 
516 577 45 54 0.020268738 
914 207 9 12 0.020264184 
121 760 8 8 0.02026114 
218 395 8 12 0.020251533 
691 38 7 10 0.02023142 
119 29 18 25 0.020226767 
581 0 8 8 0.02022598 
683 43 8 11 0.02021722 
583 329 80 92 0.02021408 
6 555 8 10 0.02021046 
69 31 8 10 0.020208197 
635 56 6 7 0.02019441 
552 327 46 55 0.020193228 
364 382 53 58 0.020183096 
504 690 9 10 0.020181952 
483 701 12 15 0.020176478 
430 136 18 29 0.020168044 
632 229 7 9 0.020167591 
48 20 11 12 0.020163238 
504 423 23 34 0.020158237 
56 714 11 12 0.02011964 
635 12 5 6 0.020117257 
203 433 7 10 0.020116813 
329 28 43 55 0.020111308 
165 10 8 10 0.02009312 
470 3 8 14 0.020064605 
99 34 10 14 0.020060427 
268 25 6 7 0.02004887 
133 734 9 10 0.020047784 
850 23 9 12 0.02004369 
866 157 41 50 0.020038988 
161 708 7 8 0.020036956 
249 5 7 9 0.020036254 
800 186 6 7 0.020035258 
550 445 7 10 0.020029126 
78 684 6 7 0.020024046 
820 145 8 11 0.02001916 
183 423 20 27 0.020009335 
