52_Photographers_taketouristphotos_52_266
585
320 389 27 32 0.999025 
608 448 49 86 0.9918104 
458 372 28 42 0.89897555 
349 378 12 19 0.8110078 
377 339 10 21 0.762424 
447 374 18 27 0.5587344 
809 563 31 39 0.32767934 
278 339 15 19 0.16289055 
287 402 22 31 0.15778837 
90 416 32 46 0.15050885 
841 568 12 21 0.1450157 
248 416 19 33 0.12812804 
413 342 7 9 0.110444926 
310 336 13 19 0.108915076 
104 428 38 41 0.10654694 
317 333 11 18 0.10287189 
419 390 11 14 0.10002056 
183 236 12 20 0.089502394 
233 353 10 17 0.08337501 
748 544 35 52 0.0823618 
192 270 9 16 0.08215522 
125 218 12 15 0.08098187 
412 428 25 45 0.078459986 
285 319 11 18 0.066904545 
55 344 8 14 0.062501535 
133 219 9 12 0.06220919 
407 370 14 15 0.061558053 
639 406 14 10 0.05873921 
596 302 13 14 0.058597814 
352 335 8 9 0.05811619 
610 369 37 46 0.057929873 
675 651 104 163 0.05685112 
795 537 38 49 0.055708144 
412 339 6 8 0.05299204 
102 175 7 10 0.052195344 
176 226 11 16 0.052091263 
630 401 28 21 0.051306725 
293 384 24 42 0.05064547 
116 409 40 47 0.05000922 
189 263 10 15 0.0494642 
401 555 43 72 0.04926366 
149 678 20 25 0.04887866 
181 427 21 40 0.04829486 
386 279 6 8 0.048077725 
396 280 9 9 0.047826353 
630 681 53 63 0.047772422 
278 324 19 28 0.047602247 
414 385 11 17 0.046694998 
411 300 7 10 0.04636532 
182 248 13 17 0.046084464 
477 381 25 32 0.046010517 
184 255 18 28 0.045902994 
183 405 11 14 0.045792878 
564 358 30 45 0.04576497 
307 321 19 27 0.04530644 
389 279 8 8 0.044662513 
492 328 25 33 0.043793023 
106 172 11 13 0.043265976 
440 377 12 18 0.043167174 
544 303 24 29 0.043063484 
771 531 35 52 0.04272729 
116 177 7 9 0.042518497 
532 435 29 58 0.042189464 
183 275 19 25 0.041958366 
154 223 7 8 0.041906565 
735 557 33 60 0.04125343 
142 255 5 6 0.041049566 
90 217 7 14 0.04099281 
230 274 14 29 0.040524717 
950 701 12 13 0.04045828 
121 221 20 28 0.040406186 
273 344 11 15 0.040158946 
825 302 20 22 0.03942006 
92 420 67 82 0.039323244 
445 333 4 5 0.039288566 
233 344 5 9 0.03920505 
792 558 35 57 0.039120033 
356 366 18 27 0.038819265 
455 302 19 27 0.03868997 
538 315 29 37 0.038442962 
381 336 11 18 0.038437624 
148 197 4 8 0.038183875 
454 326 6 7 0.03794746 
160 251 9 12 0.03788902 
160 221 7 10 0.03777294 
319 612 89 91 0.037517875 
173 337 23 32 0.03741569 
137 179 4 5 0.037323926 
129 179 4 5 0.03711427 
444 338 4 5 0.036760837 
143 179 4 5 0.036686633 
532 336 32 51 0.036278926 
286 311 8 15 0.03593086 
108 188 8 11 0.035902914 
254 351 7 9 0.035866983 
503 361 31 45 0.035824653 
495 310 22 25 0.035774354 
183 411 11 19 0.035698045 
464 337 19 25 0.035514195 
339 336 6 9 0.03510125 
397 343 7 10 0.034877766 
336 341 9 15 0.034820877 
374 370 12 19 0.034659293 
214 318 4 9 0.034464844 
304 343 19 27 0.034401186 
162 221 20 26 0.03425787 
427 386 20 24 0.034055203 
447 433 30 49 0.034031104 
-32 -149 176 170 0.033838827 
113 171 7 10 0.033778828 
150 183 4 8 0.033544835 
564 346 4 6 0.033437327 
310 301 15 19 0.033263374 
139 227 6 9 0.03304094 
554 357 18 33 0.03303221 
216 397 12 17 0.03287807 
384 332 6 8 0.03266635 
162 291 15 20 0.032648217 
762 656 81 131 0.032546807 
464 313 9 14 0.032503664 
401 380 12 16 0.032501705 
514 456 32 68 0.03211008 
349 345 11 16 0.03182681 
585 313 21 23 0.031819873 
176 394 19 30 0.031816818 
587 355 9 14 0.0318052 
338 196 7 12 0.031788524 
188 392 10 14 0.0316891 
120 451 28 37 0.03165898 
87 668 12 12 0.03143255 
177 232 13 21 0.031423982 
790 549 22 37 0.031380314 
357 342 8 13 0.031311072 
116 183 8 10 0.031302065 
153 232 7 10 0.031074043 
584 338 5 6 0.031050788 
829 298 13 12 0.031011742 
149 224 4 6 0.030898934 
231 348 8 15 0.030724343 
174 231 28 41 0.030709157 
126 713 11 12 0.03057652 
588 349 7 11 0.030512463 
138 401 23 45 0.03051045 
836 565 11 22 0.030447602 
326 334 15 26 0.030415408 
303 324 14 15 0.03040852 
393 408 19 32 0.03030176 
104 167 4 7 0.030267663 
771 314 27 29 0.030147493 
521 360 11 18 0.030133747 
143 251 5 6 0.03004289 
363 356 17 26 0.029968847 
707 341 3 3 0.029848006 
614 363 7 7 0.029813653 
388 356 12 18 0.02973298 
37 400 18 30 0.02963973 
214 378 11 15 0.02959515 
843 311 7 10 0.029579533 
36 356 6 12 0.029513055 
351 365 11 18 0.029493215 
452 509 40 66 0.029428482 
209 347 8 12 0.029311957 
112 195 38 59 0.029296895 
338 337 16 24 0.029218048 
432 334 20 28 0.029179497 
595 348 6 10 0.029135404 
412 334 4 4 0.02913108 
627 371 7 8 0.029003114 
161 198 4 6 0.028922899 
389 340 8 14 0.028897751 
575 318 24 25 0.028845558 
713 369 5 6 0.028768783 
153 253 6 9 0.028737636 
746 370 4 5 0.02867548 
403 344 5 7 0.028673861 
240 360 8 13 0.028665096 
424 387 12 15 0.028613029 
149 202 5 7 0.02860786 
985 277 9 12 0.02857601 
198 387 32 48 0.028551186 
593 356 8 11 0.028529676 
395 346 8 13 0.028523035 
437 385 22 29 0.02841004 
924 562 22 21 0.02824989 
175 414 20 33 0.028228408 
101 662 21 23 0.028121982 
147 253 6 9 0.027853072 
448 331 5 7 0.027837621 
504 425 35 52 0.027686268 
68 359 8 13 0.0276804 
912 319 5 5 0.027607528 
346 317 21 25 0.027476922 
374 355 13 21 0.027426217 
157 240 18 27 0.027420465 
142 170 19 29 0.02735603 
131 692 12 14 0.027302094 
592 325 21 34 0.027277246 
119 706 21 24 0.027258715 
617 375 20 25 0.02724706 
627 366 6 5 0.027180145 
85 362 6 10 0.027172824 
713 333 4 4 0.02713371 
572 338 3 5 0.027091019 
165 236 20 28 0.027089907 
494 302 16 16 0.027048802 
142 204 5 6 0.027033938 
746 361 3 3 0.02695854 
266 251 9 11 0.026950099 
550 335 8 10 0.026885705 
714 358 4 5 0.02687765 
811 553 27 25 0.026842 
210 384 21 28 0.02682673 
170 222 9 14 0.026747767 
154 217 6 7 0.026692456 
417 334 3 5 0.02668438 
402 300 8 10 0.02661533 
162 205 4 5 0.026553022 
208 358 10 15 0.026505511 
446 315 20 26 0.026498303 
103 175 17 24 0.026491703 
583 333 5 6 0.026443148 
450 326 5 7 0.026382064 
149 192 4 7 0.026375601 
581 347 20 29 0.026311621 
275 259 20 24 0.026265226 
130 291 6 9 0.026259419 
99 668 12 12 0.02617836 
217 346 6 12 0.026159188 
162 211 5 6 0.026034666 
287 303 7 12 0.026005566 
252 351 5 8 0.025997274 
800 339 4 5 0.02592727 
636 341 3 4 0.02592169 
150 229 4 6 0.025911914 
151 216 18 23 0.025907563 
208 403 11 18 0.025813641 
149 179 5 7 0.02580529 
136 354 24 31 0.025740964 
402 355 7 11 0.02572698 
405 339 4 6 0.025707226 
432 376 14 19 0.025660763 
144 198 4 6 0.025653398 
92 691 14 13 0.025632678 
151 309 21 30 0.025586773 
225 344 6 9 0.025553683 
510 602 39 60 0.025546405 
126 698 11 14 0.025542289 
547 331 24 34 0.025492426 
450 355 58 76 0.025476316 
442 345 6 7 0.025460107 
324 329 8 13 0.025413329 
381 347 10 18 0.025378354 
580 338 4 6 0.025345944 
386 342 18 25 0.025299592 
164 222 9 10 0.02529386 
521 334 20 30 0.025216075 
731 398 5 5 0.025210299 
233 377 10 18 0.02519412 
273 250 8 10 0.025154855 
318 360 9 15 0.02514627 
406 390 20 26 0.025119793 
412 385 30 37 0.025119133 
90 350 4 8 0.025118332 
234 425 23 37 0.025098888 
801 551 16 26 0.025059983 
826 311 22 26 0.025059167 
310 311 13 17 0.02505055 
196 266 8 14 0.025021007 
765 555 37 62 0.025007503 
782 499 64 97 0.02496688 
296 473 72 103 0.02495711 
522 364 18 30 0.024926126 
420 575 47 69 0.024901694 
245 306 4 8 0.024882514 
437 198 5 6 0.024826787 
263 252 7 11 0.024810392 
549 367 31 43 0.02479794 
144 186 3 4 0.024796834 
338 531 41 60 0.024789868 
133 312 8 10 0.0247869 
136 185 4 5 0.02477941 
101 180 9 14 0.024766555 
354 329 28 44 0.024759429 
412 404 31 45 0.024743918 
697 382 6 8 0.024666434 
626 374 10 12 0.024616927 
133 292 6 8 0.02458715 
731 333 4 4 0.024582352 
622 389 12 14 0.024565302 
406 295 16 22 0.024534075 
251 355 7 10 0.024517456 
725 405 5 5 0.02448717 
564 350 5 8 0.024471536 
643 341 3 4 0.024469728 
333 336 7 12 0.024462795 
558 350 7 10 0.02440031 
445 350 7 10 0.024381706 
632 403 12 9 0.024371257 
560 371 9 18 0.024349088 
426 378 12 16 0.02432722 
301 564 79 106 0.02428186 
495 372 22 31 0.024262637 
774 324 7 7 0.024229134 
212 511 35 61 0.024212345 
649 332 5 5 0.024172818 
559 357 10 18 0.024139153 
280 298 8 12 0.024096826 
142 259 5 7 0.024091685 
146 222 33 51 0.023956425 
55 332 4 6 0.023954798 
847 565 10 20 0.023951633 
485 452 41 62 0.023931641 
174 281 19 28 0.023866512 
469 342 10 14 0.023826566 
341 295 37 42 0.023739155 
185 376 6 8 0.02373152 
142 313 6 8 0.023693828 
224 413 24 32 0.023682568 
109 167 6 9 0.023679914 
779 323 9 9 0.023667423 
356 331 8 10 0.023573937 
873 295 4 6 0.02357068 
789 346 4 5 0.023559809 
642 333 5 5 0.023505364 
108 690 103 95 0.023433633 
57 387 167 205 0.023420284 
112 187 9 13 0.023407493 
577 553 290 327 0.023385491 
654 340 3 5 0.023379615 
402 350 6 8 0.023349399 
270 333 30 43 0.023339657 
562 322 9 11 0.023320671 
370 537 43 66 0.02327849 
635 348 4 3 0.023255968 
571 330 5 7 0.023224836 
809 309 10 14 0.023209048 
949 549 17 14 0.023186559 
721 335 3 3 0.023148946 
397 338 6 7 0.023147851 
555 329 8 9 0.02312054 
154 226 58 99 0.023104481 
112 668 12 12 0.023038108 
180 290 7 12 0.0230004 
371 330 25 41 0.0229922 
493 527 40 61 0.02297416 
421 300 6 8 0.02293831 
788 525 28 40 0.022890244 
937 591 14 13 0.022888593 
129 213 18 26 0.022888413 
571 345 4 6 0.022874115 
253 357 10 15 0.022866255 
803 346 5 4 0.022857314 
613 375 9 12 0.022841493 
291 327 9 15 0.022815429 
797 505 24 44 0.022807885 
450 336 5 7 0.022798853 
777 311 12 15 0.022782134 
181 314 10 14 0.02273732 
796 338 5 6 0.02272253 
88 664 20 21 0.022705862 
247 476 29 52 0.022694552 
161 217 6 7 0.022682708 
378 332 7 11 0.022631917 
225 331 4 8 0.022592967 
634 313 26 28 0.022580676 
137 174 4 5 0.02257451 
758 316 24 27 0.022565842 
714 366 4 5 0.02255688 
729 403 5 7 0.02255164 
713 341 4 4 0.022542741 
896 91 105 112 0.022526177 
642 347 3 4 0.0225238 
738 692 23 34 0.0224998 
233 338 4 8 0.0224741 
277 293 5 6 0.022459405 
280 306 10 16 0.022446385 
132 704 12 14 0.022440149 
323 337 9 17 0.022405379 
586 365 10 14 0.02237868 
317 324 10 15 0.022378156 
590 340 35 53 0.022353614 
138 698 11 14 0.022352586 
719 357 4 5 0.022341779 
725 357 4 5 0.022314718 
316 350 10 16 0.02230646 
126 452 53 64 0.02230263 
59 350 73 95 0.022268923 
277 288 4 5 0.0222659 
613 369 8 9 0.022257263 
128 311 9 10 0.022245917 
149 246 19 27 0.022216441 
331 323 33 49 0.022207486 
262 268 6 8 0.022193633 
178 369 6 8 0.022182051 
392 277 19 20 0.022160148 
196 392 18 27 0.022134263 
69 426 39 61 0.022114681 
119 277 74 100 0.022113526 
133 288 6 6 0.022099208 
616 358 6 6 0.022098187 
808 340 5 5 0.022097148 
120 172 7 9 0.022094278 
129 287 5 7 0.022055494 
713 390 5 6 0.022046588 
130 465 13 18 0.022037275 
80 693 49 46 0.022034947 
154 211 4 5 0.022029161 
292 310 9 13 0.02202467 
142 223 18 27 0.022011848 
309 578 22 29 0.021968257 
91 357 4 8 0.021921411 
129 282 5 5 0.021915209 
409 346 9 12 0.021887539 
407 359 12 16 0.021886222 
448 343 6 8 0.021873843 
24 362 7 14 0.021850683 
153 204 4 6 0.0218479 
418 400 13 19 0.021783682 
46 362 6 11 0.021780176 
851 312 6 8 0.021779237 
89 202 6 11 0.02176707 
204 366 9 13 0.021754839 
151 363 11 16 0.021754589 
902 477 23 20 0.021729127 
441 348 8 10 0.021693876 
245 352 17 26 0.021691605 
469 600 44 67 0.021668147 
399 333 4 5 0.021668106 
113 380 10 12 0.02166412 
77 656 21 23 0.021660132 
553 200 3 5 0.021655142 
725 397 4 5 0.021631379 
257 345 5 7 0.021630904 
128 211 7 10 0.021616835 
558 268 6 6 0.021602858 
155 415 23 35 0.021602554 
559 346 4 6 0.021571856 
77 352 17 29 0.021558188 
271 269 20 25 0.021530382 
706 353 4 4 0.021522151 
89 362 6 11 0.021510877 
609 363 6 7 0.02149532 
962 590 14 13 0.021485232 
239 403 23 34 0.021469725 
524 632 41 59 0.021463323 
180 221 18 29 0.021447826 
469 197 5 7 0.021396307 
122 365 64 84 0.021390937 
280 467 22 30 0.021379858 
533 198 5 6 0.021378906 
530 235 19 33 0.0213642 
44 649 20 25 0.021352598 
153 689 49 53 0.021347879 
430 301 4 7 0.021310646 
212 273 5 9 0.021308849 
601 317 21 26 0.021299852 
483 283 14 15 0.021290604 
164 246 32 53 0.02128624 
707 347 4 4 0.021283416 
174 663 25 35 0.021266498 
499 298 21 26 0.021259395 
168 192 4 6 0.021249425 
667 332 5 5 0.021240873 
64 350 6 8 0.021238776 
566 340 4 5 0.021237027 
117 169 20 28 0.021207748 
569 349 6 8 0.021170406 
690 382 7 8 0.02117038 
186 368 6 8 0.02116921 
126 312 21 28 0.021165334 
485 279 9 10 0.021161329 
141 293 6 7 0.021150459 
200 377 5 7 0.02114511 
757 339 4 5 0.021144573 
528 383 12 17 0.021124335 
268 327 19 29 0.021114944 
129 298 6 8 0.021113949 
131 380 12 13 0.021108171 
731 341 4 3 0.021100678 
154 240 6 8 0.021091329 
59 355 18 29 0.02108492 
280 277 9 11 0.02107932 
830 293 10 10 0.02107621 
595 342 7 10 0.021073407 
149 350 22 30 0.021070419 
136 453 14 18 0.021068474 
180 380 8 10 0.02106085 
407 280 6 8 0.021059213 
208 461 11 20 0.021048103 
129 173 5 6 0.021032056 
731 390 6 6 0.02103035 
745 505 38 60 0.021027425 
333 352 9 14 0.021015968 
460 602 8 14 0.021014536 
194 243 19 29 0.021014184 
445 468 73 90 0.020999053 
233 331 4 8 0.020973327 
865 300 5 6 0.020965405 
389 584 38 59 0.020964704 
687 340 3 4 0.020947415 
138 474 11 15 0.020947386 
203 237 18 30 0.020940082 
189 381 8 11 0.020916564 
345 301 19 24 0.020914765 
181 214 11 15 0.020909518 
345 349 18 28 0.020884411 
288 322 28 43 0.020884246 
142 369 14 17 0.020866264 
54 326 4 7 0.020834936 
142 307 5 6 0.0208346 
160 241 8 11 0.020822158 
746 365 3 4 0.020803321 
455 330 5 6 0.02080327 
171 440 20 28 0.020785872 
279 291 7 9 0.020778356 
98 198 4 7 0.020770181 
391 333 4 6 0.020758437 
693 354 4 3 0.020752352 
609 359 5 5 0.020751124 
607 395 80 89 0.020732487 
210 277 7 12 0.020731397 
138 216 7 10 0.020719595 
210 334 15 27 0.020713383 
98 166 4 7 0.020712962 
254 328 29 46 0.02069376 
294 288 9 15 0.02066423 
891 364 5 6 0.020635681 
585 308 13 14 0.02062704 
916 319 7 8 0.020623341 
756 690 21 30 0.020603571 
693 340 4 4 0.020594066 
128 182 5 8 0.020580629 
310 356 11 19 0.020575829 
221 379 8 13 0.020557113 
99 171 5 8 0.020534443 
648 274 22 20 0.020524174 
226 337 4 8 0.020520015 
786 303 53 51 0.020493602 
507 281 21 20 0.02048047 
659 378 6 5 0.02047738 
16 742 108 143 0.020461574 
288 293 35 51 0.020457983 
601 362 7 9 0.020451024 
515 467 12 16 0.020448249 
678 383 6 7 0.020445483 
351 335 16 24 0.02042611 
182 197 5 6 0.02041505 
275 265 10 11 0.020399977 
125 321 11 14 0.020396555 
798 320 24 28 0.020394992 
512 225 20 34 0.020388776 
204 269 16 28 0.020380992 
731 359 3 4 0.020372393 
534 278 12 12 0.02036909 
241 368 20 30 0.02036318 
726 347 3 4 0.02034125 
725 366 4 5 0.020330315 
842 318 7 9 0.020270204 
232 266 6 10 0.020269405 
859 313 5 7 0.020235552 
490 348 22 32 0.02022653 
109 558 99 116 0.020219963 
382 358 11 16 0.020214448 
768 325 6 7 0.020200187 
185 386 9 14 0.020189017 
385 327 5 7 0.020184157 
802 431 14 11 0.02018358 
397 290 32 46 0.020182598 
737 396 6 6 0.02015689 
548 278 11 12 0.02015349 
655 345 3 5 0.020145558 
788 307 24 27 0.020136103 
439 360 11 17 0.020116054 
597 624 96 122 0.02011397 
661 377 22 26 0.020102771 
253 294 3 6 0.020093933 
520 278 12 11 0.02008339 
724 685 27 33 0.020080464 
560 316 10 12 0.020075511 
51 362 6 11 0.020051185 
527 266 6 7 0.020019345 
178 254 12 17 0.020007769 
850 294 20 30 0.020007662 
391 276 6 6 0.02000629 
836 292 9 9 0.020002464 
