52_Photographers_photographertakingphoto_52_359
93
560 72 53 77 0.9921033 
654 208 71 68 0.86655223 
775 277 35 50 0.5918488 
472 316 23 27 0.20482181 
635 150 131 127 0.102254614 
868 408 23 25 0.093670614 
221 91 376 448 0.080631055 
604 81 47 59 0.07671021 
291 486 187 177 0.07355212 
863 382 16 18 0.06229795 
491 121 19 28 0.054992154 
-19 -132 175 164 0.05222291 
865 565 80 127 0.048043378 
737 295 27 26 0.043474153 
735 54 19 29 0.042382225 
742 60 45 40 0.039474852 
477 149 10 15 0.036995508 
645 364 101 84 0.035302497 
288 251 205 243 0.034800097 
394 123 19 22 0.03452969 
407 441 13 18 0.033489227 
733 51 12 19 0.029568575 
655 400 97 110 0.02921771 
481 301 4 6 0.028924625 
647 550 27 34 0.028605495 
880 353 10 13 0.027167127 
391 134 15 17 0.027148884 
482 126 19 27 0.027139002 
380 131 12 19 0.027122173 
779 65 26 31 0.027016308 
662 640 23 21 0.026949773 
749 56 17 21 0.026833761 
726 69 42 47 0.026747277 
488 139 26 27 0.02657279 
855 128 19 30 0.02623065 
401 480 30 34 0.02612543 
487 109 20 25 0.025846757 
466 265 92 97 0.025266815 
467 153 21 27 0.02493112 
607 388 22 23 0.024722444 
670 626 24 21 0.024720846 
388 146 25 27 0.024605455 
460 294 39 47 0.024535125 
479 148 21 24 0.024298266 
452 148 20 26 0.024227802 
789 281 14 19 0.024186552 
656 508 111 105 0.02405539 
409 447 22 25 0.02397271 
704 399 28 39 0.023759792 
680 412 14 14 0.023735406 
405 124 11 15 0.023615737 
473 348 12 13 0.023492562 
463 181 3 5 0.023165246 
752 300 23 29 0.023039335 
766 269 32 33 0.023015339 
650 633 26 23 0.022873135 
463 173 5 6 0.022857483 
797 295 11 19 0.022832463 
461 165 7 8 0.022714213 
621 100 64 51 0.022711726 
759 341 11 13 0.022431787 
476 193 4 6 0.022405088 
754 46 46 37 0.022360174 
698 81 21 34 0.022013975 
381 470 25 28 0.021850727 
337 468 100 118 0.021722343 
477 126 12 21 0.021567564 
829 638 9 10 0.021553643 
407 122 17 27 0.021497006 
758 599 24 23 0.021347107 
594 523 25 32 0.021264926 
688 406 12 13 0.021189444 
773 30 24 26 0.021143254 
803 49 22 25 0.021030823 
379 154 27 32 0.021015905 
659 554 16 17 0.020789366 
405 141 13 15 0.020789362 
759 310 10 12 0.020742638 
744 543 184 172 0.020722277 
382 138 23 25 0.020602796 
624 388 24 25 0.020540597 
862 342 18 23 0.020531494 
754 80 50 45 0.020515893 
386 129 14 16 0.02048697 
-5 -144 53 148 0.020472953 
486 155 24 24 0.020415721 
862 363 22 28 0.020401273 
875 343 9 11 0.020388706 
766 347 11 14 0.020336552 
775 286 18 21 0.020282917 
462 184 4 6 0.020174302 
776 450 81 100 0.020106312 
722 419 8 12 0.020015452 
