52_Photographers_taketouristphotos_52_281
2297
413 657 36 44 0.95412546 
788 664 11 17 0.16252843 
291 600 13 13 0.16067061 
75 885 10 14 0.15665826 
841 630 14 14 0.153881 
431 461 35 48 0.15243092 
351 555 7 9 0.12906338 
85 473 13 17 0.12793197 
149 630 39 42 0.12618262 
417 633 29 35 0.11447598 
788 479 14 14 0.110724956 
550 687 41 49 0.10694149 
776 769 54 104 0.10225493 
784 637 14 14 0.10214279 
572 103 5 7 0.09695771 
621 785 48 46 0.08987246 
618 159 10 11 0.08716672 
671 768 11 14 0.08363625 
783 549 6 8 0.08112279 
884 648 8 11 0.08036208 
871 663 7 9 0.08032058 
549 505 5 10 0.07970961 
561 691 87 89 0.07945931 
908 650 8 11 0.07935155 
778 568 8 9 0.07864912 
570 107 7 9 0.078179784 
307 555 6 8 0.078132994 
850 572 7 11 0.07675399 
587 148 27 25 0.075717166 
920 474 11 15 0.0753695 
697 485 20 27 0.07481701 
913 671 10 12 0.07420888 
907 656 8 11 0.07312465 
897 744 46 49 0.07085408 
518 435 37 51 0.070248455 
590 607 42 57 0.068614304 
784 544 5 6 0.068075776 
238 717 6 9 0.06646618 
302 424 92 104 0.06623471 
714 309 43 42 0.065737724 
565 664 59 50 0.06546357 
772 549 6 9 0.06530705 
393 71 12 14 0.06481478 
788 572 6 9 0.06448051 
446 735 27 35 0.06350228 
798 605 11 12 0.063315146 
923 663 12 16 0.06244692 
901 479 15 15 0.062219005 
784 804 28 40 0.06194818 
375 76 40 54 0.061455395 
353 552 6 7 0.06124871 
346 569 6 8 0.060659766 
338 564 6 8 0.060396638 
341 589 12 12 0.06033258 
576 98 6 6 0.05942436 
589 739 80 86 0.058568712 
468 295 90 126 0.058557015 
799 784 86 77 0.05768935 
790 622 11 11 0.05767193 
380 619 32 50 0.05730804 
404 563 5 6 0.05609845 
902 646 8 9 0.05584808 
640 124 22 31 0.05560782 
309 453 43 39 0.055094633 
786 633 11 10 0.05481127 
632 782 28 27 0.054693516 
729 556 7 10 0.05450017 
927 684 7 9 0.054445963 
874 643 9 11 0.053912334 
433 436 64 98 0.053624272 
483 732 20 37 0.053135477 
359 575 9 13 0.05311198 
488 120 99 128 0.053092785 
671 655 7 10 0.052665155 
710 676 8 9 0.052073535 
564 107 7 8 0.051567614 
838 589 6 9 0.051512487 
394 561 8 10 0.05148479 
583 109 7 8 0.051409632 
755 578 7 9 0.051226538 
213 480 24 32 0.05063376 
260 690 13 13 0.050440032 
867 701 10 14 0.050401907 
295 254 45 46 0.050348062 
782 538 4 6 0.050221987 
770 577 4 6 0.050180078 
918 667 12 14 0.049710225 
815 482 11 11 0.04969285 
406 569 5 6 0.049429797 
585 721 26 32 0.049247067 
629 777 11 19 0.049162176 
622 114 28 37 0.04916127 
437 748 28 34 0.049111113 
397 622 33 46 0.048969723 
788 556 5 7 0.048750594 
775 567 7 9 0.048600182 
570 585 13 14 0.048521973 
772 661 21 24 0.048408616 
865 607 6 8 0.048405543 
796 639 11 11 0.048356254 
789 565 5 6 0.048304524 
899 770 27 30 0.048123773 
287 612 23 27 0.048022587 
854 599 5 8 0.047950942 
822 628 12 12 0.0478382 
934 689 9 12 0.047778506 
576 112 6 8 0.047596626 
714 676 9 9 0.04739633 
779 638 11 13 0.047323205 
570 97 5 6 0.047161203 
243 254 52 60 0.046703726 
764 588 5 8 0.046621483 
794 565 5 7 0.04658153 
786 544 5 7 0.046538703 
598 785 83 97 0.046488162 
454 719 26 37 0.046281606 
795 602 7 8 0.046031546 
876 688 9 11 0.04600313 
348 78 39 51 0.045936693 
358 556 5 8 0.04562698 
886 635 11 12 0.045162246 
764 577 4 6 0.04503143 
443 571 4 4 0.04493455 
308 744 5 5 0.04492338 
769 580 5 8 0.04486621 
903 650 8 9 0.04457393 
564 102 6 8 0.044492938 
564 107 78 90 0.04436627 
589 107 8 10 0.044094313 
809 550 11 13 0.043834027 
616 142 5 5 0.043656167 
921 656 10 11 0.043558367 
183 433 8 13 0.04355337 
776 544 4 6 0.043459143 
887 699 41 38 0.043241225 
803 632 8 10 0.04320362 
609 143 4 6 0.043151967 
654 75 5 9 0.043089945 
607 66 27 28 0.042831924 
922 753 22 30 0.04270039 
174 609 7 8 0.042612515 
628 807 26 23 0.042592462 
280 77 41 50 0.04254811 
432 72 115 122 0.0425141 
553 498 4 7 0.04251018 
191 471 7 12 0.042427965 
933 756 6 8 0.04239402 
565 96 6 7 0.042390916 
464 736 23 32 0.04233437 
633 117 96 104 0.042288348 
541 361 38 59 0.04214965 
925 753 10 13 0.04205665 
106 908 12 19 0.041952033 
796 623 11 11 0.04192863 
456 748 24 36 0.041859645 
912 648 10 13 0.04182402 
257 665 6 8 0.04181353 
139 920 8 8 0.04179322 
920 695 9 10 0.041506726 
920 689 9 11 0.041317783 
132 931 26 22 0.04130913 
465 821 13 17 0.041295525 
548 88 7 9 0.041210372 
352 502 8 12 0.041145682 
590 261 5 8 0.041025843 
545 107 23 27 0.040970206 
598 159 45 59 0.040885415 
781 553 6 9 0.040858477 
606 146 6 7 0.04060652 
791 568 7 10 0.04057833 
458 753 12 17 0.040515162 
842 639 9 12 0.04047482 
402 575 8 9 0.04042109 
569 725 29 31 0.04041512 
762 593 6 9 0.04036208 
532 67 94 93 0.040341727 
608 133 7 8 0.040196747 
557 100 21 26 0.04014347 
616 631 73 82 0.040062945 
345 574 7 7 0.0400115 
354 855 18 27 0.039845094 
303 287 26 31 0.03983285 
547 331 68 97 0.0397837 
756 563 5 7 0.039760236 
557 499 4 6 0.039758306 
394 96 22 31 0.03974085 
359 562 6 8 0.03971688 
138 927 9 10 0.039688904 
306 605 10 11 0.03967689 
646 83 7 13 0.03966171 
803 796 8 17 0.03959209 
801 538 21 27 0.039562963 
552 494 4 7 0.039514866 
771 672 13 15 0.03944388 
358 551 5 5 0.03942478 
876 627 6 7 0.039403982 
814 751 5 5 0.039341677 
188 501 9 15 0.0393345 
598 730 24 30 0.039318323 
308 552 6 6 0.039304797 
402 426 9 13 0.039217796 
412 748 12 14 0.039194666 
584 584 36 55 0.039170343 
94 876 12 13 0.039011914 
468 756 9 14 0.03893683 
884 639 7 9 0.038849313 
273 202 84 95 0.03882237 
569 111 7 10 0.038760904 
77 747 37 56 0.03876022 
91 44 211 170 0.038719196 
433 572 3 4 0.03865347 
614 134 6 7 0.03859796 
856 594 6 10 0.03854901 
851 563 6 8 0.03852467 
309 567 6 8 0.03845831 
307 77 23 26 0.03839223 
907 316 11 14 0.038383044 
350 568 7 9 0.038308937 
243 433 9 14 0.038211994 
213 465 21 30 0.038135704 
773 597 9 11 0.038050655 
837 475 8 7 0.038014304 
582 103 7 7 0.037960336 
874 681 9 11 0.037895124 
870 482 10 16 0.037856758 
863 612 6 8 0.037797783 
327 582 4 7 0.037739884 
198 644 7 10 0.037717458 
800 595 7 8 0.03768041 
126 621 22 28 0.037663803 
810 477 22 21 0.03765399 
199 640 5 8 0.03744619 
531 264 429 423 0.037388455 
98 872 77 97 0.037386827 
229 179 9 9 0.037323374 
581 692 27 37 0.037128612 
527 87 6 8 0.037098646 
734 672 26 26 0.03704379 
338 84 73 107 0.037012238 
764 581 5 7 0.037004434 
802 814 132 110 0.036987167 
590 539 83 94 0.036955837 
778 595 8 9 0.036946133 
392 658 33 50 0.036931023 
404 558 5 7 0.0369107 
878 644 17 20 0.036883634 
411 568 5 7 0.036875945 
600 74 9 13 0.036764175 
774 616 8 11 0.03673302 
654 631 24 25 0.036687165 
896 678 8 8 0.036649425 
919 650 10 12 0.03661052 
853 745 88 77 0.036609888 
669 643 9 11 0.036561023 
872 651 7 8 0.0365135 
161 617 26 30 0.03648361 
847 574 6 10 0.03646695 
835 468 31 25 0.036422573 
574 89 9 9 0.036390707 
666 663 7 10 0.03636692 
756 717 15 15 0.036353152 
307 582 6 6 0.036337867 
917 752 14 17 0.036323305 
642 85 5 7 0.036214966 
303 744 5 5 0.036194764 
769 554 6 8 0.036186248 
575 103 6 6 0.03614865 
756 593 6 9 0.036138173 
594 305 59 103 0.035979006 
790 658 10 12 0.0359629 
661 729 5 8 0.035961207 
439 749 13 19 0.035892308 
623 141 5 7 0.035832837 
222 631 12 14 0.035821132 
582 97 6 7 0.03581339 
334 581 5 7 0.035727736 
678 801 10 11 0.035716083 
185 691 7 7 0.035706732 
780 582 5 8 0.035706498 
595 715 29 29 0.03564818 
611 152 20 23 0.035604764 
762 513 67 103 0.035594787 
348 555 6 8 0.03557416 
570 168 44 60 0.035558384 
815 392 4 5 0.035546064 
388 74 23 29 0.035543174 
404 138 38 57 0.03554098 
300 662 34 52 0.03551817 
763 847 28 27 0.03545998 
366 562 7 9 0.035459552 
184 469 9 15 0.035454925 
633 742 6 9 0.03544283 
882 662 9 11 0.035383604 
597 392 25 31 0.035367265 
595 677 61 53 0.03529965 
942 756 4 6 0.035255674 
369 775 36 58 0.03525211 
624 576 40 50 0.035242476 
370 556 8 9 0.03523201 
783 573 6 8 0.035210874 
792 742 7 9 0.035158236 
257 270 28 31 0.035146173 
803 611 9 11 0.035086986 
778 727 9 9 0.03504379 
390 71 85 88 0.03504134 
833 563 6 7 0.035039093 
-12 11 180 244 0.035015576 
574 625 70 75 0.03494017 
632 692 30 30 0.03492117 
806 491 9 9 0.03491786 
640 306 41 58 0.034915462 
308 738 5 5 0.034910243 
940 702 7 11 0.034897298 
524 78 8 13 0.034884512 
401 49 10 10 0.034875985 
144 697 11 13 0.03487348 
773 554 7 8 0.034859054 
879 670 9 9 0.03484007 
895 658 8 10 0.034839895 
184 458 18 30 0.034817602 
632 811 13 12 0.034812517 
557 102 7 8 0.03478607 
796 791 19 34 0.034738287 
571 657 35 33 0.034736574 
306 146 52 48 0.034721807 
408 49 10 10 0.034643393 
797 360 25 28 0.034641474 
358 568 7 9 0.034538817 
620 512 46 66 0.034512583 
684 761 8 9 0.0344916 
926 749 7 9 0.034487337 
812 682 6 9 0.03448602 
338 490 9 14 0.034433123 
709 671 9 9 0.034406267 
224 178 7 7 0.034385942 
641 826 26 32 0.034351982 
877 621 6 7 0.034287106 
813 633 7 8 0.034275852 
221 473 11 16 0.034272917 
526 409 44 56 0.034220796 
408 68 44 47 0.034207422 
873 786 26 27 0.034188602 
812 546 8 9 0.034181796 
154 432 62 96 0.034126513 
194 698 5 6 0.034070216 
934 681 9 13 0.0340256 
760 707 25 24 0.03402064 
628 741 7 11 0.034012582 
389 78 13 15 0.034012254 
568 104 20 24 0.033950984 
679 658 6 10 0.033947717 
701 588 11 15 0.033931475 
858 609 5 6 0.03392435 
353 141 45 53 0.033895496 
870 369 11 14 0.033870693 
589 73 21 33 0.033860315 
784 692 19 27 0.03384416 
896 475 6 6 0.033774365 
86 801 77 99 0.03373493 
753 632 8 10 0.03372363 
321 737 5 5 0.033687457 
900 657 9 11 0.03363641 
813 720 8 9 0.03362613 
665 836 8 11 0.0335801 
301 171 85 89 0.033575557 
307 562 6 8 0.033555858 
926 676 9 12 0.033550072 
771 545 4 5 0.033536628 
183 677 9 11 0.033505257 
357 125 9 12 0.033483237 
812 791 7 14 0.03348264 
806 786 5 10 0.033479054 
561 133 9 11 0.03346981 
620 147 7 8 0.0333446 
595 370 6 9 0.033334877 
522 683 59 98 0.03321641 
658 839 10 15 0.033215348 
865 602 6 8 0.033170335 
624 162 9 13 0.033168107 
457 571 4 6 0.03313358 
464 749 10 15 0.033126745 
590 97 5 8 0.033088755 
366 567 7 9 0.033061992 
565 481 76 120 0.03303637 
277 270 85 108 0.032989245 
497 346 77 114 0.032972984 
182 457 11 19 0.03297188 
671 665 7 10 0.032956783 
109 787 25 27 0.03287111 
526 460 23 35 0.03286609 
581 385 28 36 0.032857407 
626 737 20 31 0.032841638 
832 475 7 6 0.032822892 
544 570 19 27 0.032807685 
210 653 7 9 0.032802302 
780 632 9 10 0.032796614 
309 577 5 6 0.032723732 
371 551 6 6 0.032714106 
190 477 7 11 0.032686397 
300 27 390 341 0.03265627 
780 640 23 23 0.032632817 
156 116 104 110 0.03261512 
606 394 9 15 0.03254824 
621 750 20 34 0.03251241 
218 166 8 8 0.032432847 
512 21 137 95 0.032393567 
768 594 6 8 0.032364484 
197 639 19 25 0.03231977 
722 670 10 9 0.032310054 
487 409 44 58 0.03229678 
762 460 106 95 0.032281265 
205 677 7 7 0.032264076 
871 627 5 7 0.03225811 
890 678 7 8 0.032256454 
903 905 26 24 0.03225443 
884 813 6 8 0.03222229 
816 467 29 26 0.03219327 
806 792 6 12 0.032166004 
565 91 6 7 0.0321459 
859 646 6 9 0.03213925 
483 834 11 15 0.032118343 
332 93 40 57 0.032102548 
750 609 12 14 0.032043863 
785 649 11 11 0.03203733 
566 119 8 11 0.031974908 
590 713 17 22 0.031936962 
373 643 32 56 0.031928506 
869 612 6 9 0.031884056 
218 178 6 7 0.03185499 
856 445 10 11 0.03185062 
755 568 6 9 0.03184953 
805 777 7 12 0.03184053 
404 449 21 37 0.03181534 
926 646 8 10 0.031799752 
770 798 25 36 0.03178882 
328 578 4 5 0.031764936 
665 804 8 11 0.0317519 
653 80 7 13 0.031720705 
602 370 5 9 0.031713046 
391 771 17 28 0.031688396 
559 504 4 8 0.031632584 
629 691 13 17 0.031607945 
884 490 7 11 0.03156934 
831 479 9 7 0.031566817 
300 609 22 27 0.031533774 
347 564 5 7 0.031510126 
874 670 9 9 0.031458944 
374 577 10 14 0.031453665 
627 752 7 12 0.03145069 
359 316 87 106 0.03144744 
219 435 6 9 0.031446036 
472 616 362 353 0.031403933 
345 108 23 30 0.031337164 
801 510 7 9 0.031282127 
210 152 21 23 0.03125776 
264 724 6 6 0.03124493 
804 798 20 35 0.03121216 
414 49 10 10 0.031169092 
779 564 6 7 0.0311642 
380 764 11 20 0.031158531 
777 703 22 27 0.031149566 
249 666 7 9 0.031134127 
620 152 9 11 0.031116735 
314 582 6 7 0.031087304 
362 84 12 18 0.03107294 
739 593 23 25 0.031059576 
853 608 5 7 0.031047229 
600 114 31 35 0.031044224 
787 538 5 7 0.031023284 
407 429 9 14 0.031004624 
419 713 71 76 0.030988112 
852 613 6 8 0.03098097 
798 657 8 10 0.030978967 
96 744 82 96 0.030970527 
814 744 5 5 0.03096341 
398 413 77 97 0.030944914 
577 120 6 8 0.030943083 
395 49 9 10 0.030935016 
943 750 4 5 0.030929415 
688 657 10 16 0.030919448 
865 664 6 8 0.030911835 
76 768 22 27 0.030870277 
415 787 8 10 0.03085661 
800 504 7 10 0.030808553 
211 646 6 8 0.030733157 
117 291 74 103 0.030656254 
895 645 8 9 0.03064536 
860 780 27 29 0.030639835 
595 733 9 12 0.030634357 
862 451 10 11 0.030625664 
383 421 37 55 0.030619968 
248 710 30 28 0.030610126 
350 497 8 12 0.030586863 
395 575 9 10 0.03058521 
813 786 7 12 0.03052811 
219 173 6 7 0.030514631 
748 643 10 11 0.030513309 
770 600 7 9 0.03049786 
174 456 34 51 0.030481093 
704 799 8 10 0.03046268 
777 539 4 5 0.030420903 
329 326 24 26 0.030413933 
924 796 4 5 0.030411988 
560 557 68 107 0.030405596 
834 556 5 7 0.030383 
808 501 24 30 0.03035604 
799 544 6 8 0.0303293 
621 572 27 30 0.030323088 
670 797 8 11 0.030314645 
886 660 11 13 0.030286705 
887 627 12 12 0.03027776 
527 689 180 189 0.030272927 
550 568 8 12 0.030268105 
868 606 7 9 0.03024793 
302 237 5 7 0.030237077 
840 575 5 7 0.03022818 
115 766 35 35 0.030201284 
410 564 5 6 0.030180123 
262 712 8 7 0.030161425 
586 127 29 34 0.030161204 
871 633 7 8 0.030157145 
872 662 21 22 0.030151343 
321 577 5 5 0.030134028 
767 791 8 11 0.03013399 
862 756 12 15 0.030131774 
828 590 4 5 0.030091524 
606 746 10 13 0.030090135 
193 692 5 6 0.030079512 
230 287 94 104 0.03002288 
817 296 43 52 0.029998103 
756 589 7 8 0.029969491 
368 90 11 17 0.029953567 
772 342 87 96 0.029925743 
791 610 13 13 0.029919436 
856 632 7 9 0.029885545 
612 735 22 32 0.029820424 
73 894 12 16 0.029802915 
484 824 9 12 0.029796878 
451 780 20 29 0.029782545 
883 483 8 11 0.029774927 
328 736 4 5 0.029744938 
774 576 5 6 0.029740864 
655 724 4 6 0.029731717 
251 696 28 21 0.029718835 
379 568 22 29 0.02971334 
765 627 10 11 0.029701408 
351 491 7 10 0.029646998 
839 583 6 6 0.02961307 
522 496 30 52 0.029612852 
775 581 5 7 0.0296117 
618 722 25 31 0.029589871 
711 560 7 10 0.029572457 
780 541 21 30 0.029568305 
863 639 6 8 0.029562905 
843 761 8 8 0.029560495 
194 645 6 9 0.02955189 
833 569 6 8 0.029531041 
254 714 10 9 0.029509569 
553 564 5 8 0.029502174 
402 104 9 12 0.029480336 
652 490 21 21 0.029427992 
618 159 21 29 0.029423757 
203 645 7 9 0.029423619 
866 697 7 10 0.029418705 
276 705 5 5 0.029414594 
401 74 9 10 0.029394988 
223 172 24 23 0.029391961 
209 268 24 25 0.029373284 
803 627 8 9 0.029322883 
721 665 10 9 0.029322205 
936 702 7 10 0.029315026 
806 832 4 8 0.029299686 
552 85 48 50 0.029289057 
918 739 12 13 0.02922146 
203 685 7 6 0.02921697 
799 549 7 10 0.029210363 
709 768 97 123 0.029194763 
573 847 9 13 0.029185 
934 307 6 7 0.029176418 
554 108 9 10 0.029174348 
776 658 14 14 0.029158503 
653 346 25 38 0.029085848 
898 601 5 8 0.029067922 
596 130 40 51 0.029057536 
896 826 7 7 0.029054703 
825 791 28 35 0.02900478 
817 553 8 10 0.028990427 
371 14 117 69 0.028986253 
394 178 83 100 0.028983569 
303 303 25 37 0.028981287 
313 476 45 61 0.02897851 
806 811 8 16 0.028956965 
655 728 5 8 0.02890083 
808 545 5 7 0.02889981 
260 594 39 49 0.028896267 
241 172 10 10 0.028885536 
848 770 13 14 0.028877566 
533 573 12 17 0.028856125 
669 791 7 11 0.028853558 
608 397 28 32 0.028851707 
801 792 7 12 0.02883706 
915 738 24 28 0.028825661 
731 552 4 6 0.028822249 
627 758 8 13 0.028810821 
195 468 8 14 0.028790198 
809 392 3 5 0.02878008 
709 301 68 94 0.028769966 
635 136 23 37 0.028733706 
847 634 11 14 0.028729051 
655 831 20 30 0.028722344 
812 779 8 12 0.028708354 
333 471 23 30 0.028691439 
827 743 6 5 0.02869136 
431 759 12 18 0.028684724 
115 478 27 35 0.028636048 
874 658 7 8 0.02862142 
842 588 6 9 0.028614897 
177 612 6 8 0.028603146 
742 636 10 11 0.028600397 
302 230 5 7 0.028598705 
832 838 30 25 0.028598174 
703 679 8 7 0.028590813 
839 570 5 7 0.028586011 
234 652 9 9 0.028582117 
876 612 7 9 0.028566323 
301 737 6 6 0.028547525 
589 71 52 59 0.028541561 
382 607 12 12 0.028536815 
870 807 30 34 0.028526677 
920 737 9 8 0.028496603 
197 165 22 24 0.028495435 
846 601 5 7 0.028470501 
664 795 10 14 0.028460974 
901 637 8 10 0.028435677 
585 110 9 12 0.028419847 
605 140 22 25 0.028404085 
189 448 66 96 0.028401727 
807 822 5 11 0.02840084 
938 808 4 5 0.028396044 
540 502 18 34 0.028390486 
136 781 27 26 0.02838232 
458 742 14 19 0.028374564 
843 594 6 9 0.028373392 
886 780 12 10 0.028354809 
654 71 5 7 0.028346883 
679 653 7 9 0.02833587 
656 800 22 28 0.028323792 
296 744 5 5 0.02831353 
633 755 6 9 0.028297653 
364 556 7 8 0.02825575 
727 900 11 11 0.028231053 
810 503 8 10 0.028217835 
941 761 6 7 0.028200217 
242 636 9 12 0.028173283 
536 100 44 51 0.028152835 
130 915 25 26 0.028142428 
517 74 10 13 0.02813362 
119 848 22 25 0.02809221 
416 759 24 30 0.02808423 
334 333 6 8 0.028082823 
890 612 7 9 0.028080266 
601 376 8 11 0.028056746 
572 145 9 13 0.028039303 
86 678 32 48 0.02803452 
786 617 11 12 0.028014155 
794 537 7 8 0.028014092 
270 264 27 29 0.027999174 
884 654 9 13 0.027983025 
415 471 7 11 0.027959714 
768 768 27 27 0.027947327 
915 695 9 11 0.027942592 
400 134 434 390 0.027937416 
649 581 45 44 0.027912956 
622 319 44 61 0.027909873 
848 564 4 6 0.027904429 
906 428 23 22 0.02790249 
760 631 12 13 0.0278975 
338 87 23 30 0.02789422 
170 644 23 32 0.02788924 
569 76 29 36 0.0278783 
796 667 10 14 0.027878212 
875 607 6 8 0.027861688 
661 644 20 25 0.027858485 
666 75 6 9 0.02783966 
900 784 9 11 0.027810458 
301 569 5 7 0.027808426 
581 833 9 14 0.027787648 
774 587 6 9 0.027785499 
787 736 8 8 0.02776298 
936 795 5 5 0.027745381 
938 693 9 12 0.027737137 
420 50 10 9 0.02772527 
801 563 5 8 0.027719429 
875 633 7 8 0.027718842 
210 625 9 11 0.027715687 
640 740 7 11 0.02770788 
785 713 9 12 0.027703665 
251 124 23 30 0.027702028 
624 825 23 29 0.027697733 
747 570 21 26 0.027654892 
578 587 10 12 0.027640697 
550 93 7 9 0.02761793 
813 609 5 6 0.027611285 
557 97 6 6 0.027596548 
-17 667 401 391 0.027594062 
283 743 5 5 0.02758726 
313 557 5 7 0.027580641 
192 703 8 8 0.02757855 
828 397 5 6 0.027577931 
104 879 39 56 0.027571868 
857 761 8 9 0.027558524 
43 520 98 107 0.027548278 
116 874 6 10 0.027546948 
893 387 3 4 0.02754304 
944 386 3 4 0.027533002 
778 624 9 11 0.027530685 
367 582 18 25 0.027519688 
922 683 8 10 0.027506122 
827 584 4 5 0.027499912 
276 744 5 5 0.02749921 
302 577 5 6 0.027491182 
671 836 8 10 0.027490187 
821 590 3 5 0.027488546 
304 610 11 13 0.02748735 
196 701 8 9 0.027486864 
927 708 7 10 0.027452333 
185 674 7 8 0.027444685 
882 771 28 26 0.027434673 
803 637 8 10 0.027433872 
798 779 9 13 0.027409617 
819 749 6 6 0.02740132 
849 439 10 11 0.027397167 
720 900 12 10 0.02738823 
808 538 4 6 0.027347805 
915 690 8 10 0.02734753 
819 744 6 5 0.02733495 
606 733 10 12 0.027327484 
665 362 8 11 0.027320392 
837 468 8 7 0.02731535 
858 658 5 8 0.02731477 
437 572 3 4 0.027311295 
802 488 20 23 0.027309809 
821 489 26 28 0.027294377 
97 491 8 14 0.02729313 
389 49 9 10 0.027286759 
665 355 8 11 0.027255483 
937 474 5 8 0.02722713 
793 554 8 10 0.027224388 
684 766 7 9 0.027222166 
938 387 3 4 0.027212244 
858 612 6 8 0.02721016 
235 652 23 26 0.027207406 
850 754 6 8 0.027184475 
637 785 9 12 0.027182246 
309 194 27 29 0.027181057 
444 577 3 5 0.027171843 
819 609 5 6 0.027158553 
734 556 6 8 0.027157022 
549 511 7 15 0.027147561 
786 612 9 11 0.027134003 
222 166 8 8 0.027133638 
735 701 22 26 0.027128415 
191 499 36 55 0.02712769 
586 810 8 13 0.02710605 
867 785 16 13 0.02707901 
198 697 6 7 0.027073624 
556 90 6 7 0.027069924 
476 750 23 36 0.027062785 
394 586 9 11 0.027057273 
735 630 11 11 0.027046524 
331 439 51 56 0.027034461 
929 796 5 5 0.02701565 
243 449 10 18 0.027005216 
914 665 8 11 0.027002234 
770 630 10 13 0.026997939 
761 626 9 10 0.026997363 
146 928 7 8 0.026977465 
367 81 10 12 0.026975155 
281 216 7 11 0.026970845 
382 48 10 12 0.02695198 
779 605 7 9 0.026941452 
872 730 52 56 0.026940757 
606 497 11 18 0.026930442 
924 801 4 5 0.026916146 
377 147 28 34 0.026900683 
888 670 8 10 0.026873203 
397 615 12 16 0.026870709 
755 557 5 7 0.026868533 
800 684 7 9 0.026858954 
336 568 5 7 0.026851699 
348 325 23 23 0.026839936 
769 730 24 21 0.026839387 
141 916 8 8 0.02683908 
934 326 7 8 0.02683251 
193 639 6 8 0.026814763 
698 591 8 13 0.026812084 
934 750 4 6 0.026811084 
929 307 6 8 0.026795993 
288 743 5 5 0.026789935 
840 563 4 6 0.026781678 
830 651 8 9 0.02677891 
816 387 3 4 0.0267768 
812 637 7 9 0.026773691 
594 745 8 12 0.026772236 
580 768 11 15 0.026767718 
362 69 22 25 0.02675963 
321 582 5 7 0.026759371 
371 847 9 10 0.02674572 
786 722 9 10 0.026743717 
74 177 396 468 0.026735337 
595 786 7 11 0.026734825 
886 386 4 6 0.026717104 
678 760 7 9 0.026698675 
650 783 23 28 0.026672108 
319 743 8 7 0.02667161 
895 682 9 10 0.026669497 
548 439 207 212 0.026668672 
698 675 92 97 0.02664515 
904 474 7 8 0.026644727 
671 787 7 9 0.026640512 
371 671 22 29 0.026639512 
475 724 21 33 0.02663496 
568 570 34 48 0.026609099 
764 688 10 13 0.02660776 
760 737 29 28 0.026603566 
580 578 9 11 0.026596712 
367 658 10 15 0.026591063 
273 274 7 8 0.026566163 
615 148 6 6 0.026559409 
777 612 9 11 0.02655274 
714 604 10 11 0.026552161 
918 388 86 109 0.026550127 
321 570 5 6 0.026536604 
856 637 8 11 0.026516963 
814 813 26 33 0.026514838 
314 551 5 6 0.026507394 
325 116 23 35 0.026494008 
936 802 4 4 0.026488427 
610 676 27 32 0.02648705 
636 820 13 14 0.026485631 
791 500 9 14 0.026485292 
816 489 10 11 0.026478717 
862 698 36 46 0.026477663 
788 580 6 8 0.026476823 
580 359 22 31 0.02647383 
552 111 12 15 0.026458455 
671 294 62 93 0.026452411 
564 738 27 34 0.026451204 
811 611 7 9 0.026448011 
297 248 23 27 0.026441768 
618 768 22 34 0.02642109 
839 597 7 9 0.026408209 
471 776 21 28 0.02640784 
926 742 6 7 0.026391543 
427 784 20 27 0.02638851 
314 576 5 6 0.026359241 
901 300 23 32 0.026354056 
803 824 5 9 0.026343387 
610 474 89 115 0.026343206 
544 142 81 111 0.026341666 
698 647 25 25 0.026338387 
600 745 9 12 0.02633412 
504 70 9 7 0.026331652 
849 445 11 12 0.026324917 
585 740 21 32 0.026319368 
351 408 74 101 0.02629866 
204 640 7 8 0.026291253 
664 855 8 12 0.026288457 
749 601 7 7 0.02628831 
431 731 28 35 0.026272483 
792 683 9 11 0.026265508 
752 654 13 15 0.026264038 
825 748 7 6 0.026263336 
193 649 7 10 0.026250212 
534 673 38 56 0.026239287 
323 504 21 32 0.02622016 
535 174 52 61 0.026211806 
376 247 83 103 0.026202725 
935 708 7 9 0.026188146 
620 822 95 114 0.026179228 
129 605 22 27 0.026176894 
807 757 5 5 0.026169896 
327 586 7 10 0.02610713 
917 768 26 33 0.026105274 
131 311 25 28 0.026103467 
121 717 25 30 0.02610027 
629 756 47 51 0.02609865 
658 760 7 11 0.026096512 
900 678 9 10 0.026094668 
696 786 8 9 0.026089828 
869 601 7 9 0.026087906 
115 310 7 10 0.026073426 
112 898 22 29 0.026055593 
381 432 9 12 0.026052246 
388 557 20 24 0.026050787 
935 314 5 6 0.026041215 
334 156 29 31 0.026034169 
804 603 7 7 0.026030043 
601 147 9 9 0.026020575 
744 661 14 14 0.025996367 
808 682 6 8 0.025995987 
327 334 6 7 0.025995143 
395 568 7 8 0.025991617 
431 891 7 16 0.02597909 
133 327 24 27 0.025976708 
793 579 6 9 0.02597573 
249 716 9 8 0.025959749 
595 185 7 8 0.02595286 
890 684 8 7 0.025943296 
588 359 84 86 0.025931027 
568 141 7 10 0.025927354 
317 322 23 29 0.025914857 
758 539 4 5 0.02590174 
415 106 8 12 0.025898287 
770 714 12 13 0.025882535 
640 747 7 9 0.025870679 
815 396 5 7 0.025867669 
871 690 7 9 0.02586453 
296 185 4 7 0.025859535 
801 366 6 6 0.02584767 
444 491 13 16 0.025827074 
636 742 22 30 0.0258205 
790 509 9 12 0.025813015 
443 480 14 18 0.02580776 
659 849 8 11 0.02579029 
365 669 7 8 0.02578651 
790 700 9 13 0.025782373 
773 625 9 11 0.025781473 
830 779 24 27 0.025781013 
229 654 9 12 0.025773188 
318 65 24 23 0.025768964 
824 479 10 10 0.025759352 
312 77 39 41 0.025742441 
259 145 13 15 0.02573962 
704 574 8 9 0.025737707 
760 611 41 49 0.025734115 
667 71 5 7 0.025734115 
895 669 8 10 0.025733314 
429 754 8 12 0.025728405 
155 319 51 57 0.025723726 
593 48 10 11 0.025713354 
216 626 8 9 0.02571124 
605 75 8 10 0.025710832 
353 73 22 32 0.025701055 
910 695 21 24 0.025689356 
599 48 11 11 0.025687685 
854 590 5 7 0.025686406 
581 472 9 10 0.025673104 
241 666 11 11 0.02567135 
806 771 8 13 0.025660817 
713 646 24 25 0.025656132 
827 576 5 7 0.025653938 
835 551 5 7 0.025647175 
216 158 9 10 0.025645865 
831 843 7 9 0.025641788 
617 570 14 17 0.0256413 
295 109 26 36 0.025634417 
252 620 21 24 0.025625424 
894 478 9 10 0.025624046 
873 771 13 13 0.025608925 
321 477 25 31 0.025605919 
814 405 26 26 0.025589375 
413 767 78 96 0.025555683 
538 443 23 30 0.025526756 
553 638 24 29 0.025521247 
223 619 8 8 0.02551978 
269 148 21 25 0.025518974 
261 139 21 24 0.025513083 
274 634 22 28 0.025512094 
752 369 53 46 0.025510937 
227 184 25 27 0.02547948 
314 686 7 11 0.025476158 
397 558 7 8 0.025475616 
859 667 5 5 0.025473487 
589 566 21 29 0.025471492 
412 126 76 98 0.02546691 
791 648 12 12 0.025465647 
599 41 25 26 0.025458457 
628 371 6 7 0.02544906 
415 778 9 11 0.025443975 
847 627 10 10 0.025440915 
647 63 19 27 0.025419591 
875 479 8 12 0.025418352 
156 690 21 25 0.025417963 
321 334 5 7 0.025417536 
807 365 6 7 0.025417255 
775 372 12 13 0.025411297 
722 530 67 98 0.02540494 
716 575 7 11 0.025399247 
736 550 5 7 0.025384974 
762 650 40 41 0.025383247 
379 324 47 55 0.025364444 
424 758 37 50 0.025363402 
148 391 5 6 0.025362894 
809 751 4 4 0.025361892 
658 134 7 11 0.025361551 
450 572 4 4 0.025360588 
935 320 5 6 0.02535278 
603 143 6 6 0.025339095 
334 578 4 6 0.025323365 
793 737 5 6 0.025322342 
143 406 3 4 0.025317898 
709 508 9 11 0.025316829 
390 556 8 10 0.025307983 
672 363 7 9 0.025293455 
754 598 8 10 0.025291186 
761 619 8 10 0.025285741 
275 711 7 6 0.025278194 
935 787 6 7 0.025278164 
901 777 10 12 0.02526785 
827 767 46 51 0.025261821 
801 814 7 13 0.025260443 
344 490 8 12 0.025258493 
772 862 21 23 0.025252312 
575 140 8 10 0.025252081 
459 236 117 124 0.025250008 
701 669 11 10 0.025247687 
841 762 5 6 0.025243774 
178 680 9 11 0.025229903 
704 683 8 9 0.025228022 
883 628 8 8 0.02522519 
813 754 6 7 0.025215294 
576 596 9 13 0.025213502 
806 759 6 8 0.025208792 
329 478 13 16 0.025189541 
513 66 22 21 0.025174512 
512 70 8 7 0.025172006 
362 94 12 19 0.025169482 
913 655 8 11 0.025169434 
644 846 23 32 0.025167096 
196 178 23 24 0.025163071 
901 794 7 8 0.025155386 
852 673 5 6 0.025152031 
844 651 7 9 0.025148675 
650 133 9 13 0.025136136 
198 693 6 5 0.025134237 
658 854 7 12 0.025127955 
404 191 7 10 0.025127456 
417 396 6 7 0.025126835 
882 613 6 8 0.025125228 
722 894 21 23 0.025117503 
195 150 88 115 0.025107402 
715 664 10 10 0.025105895 
533 506 33 62 0.025105778 
794 543 7 10 0.025105027 
211 639 7 9 0.025100555 
855 451 11 12 0.025100235 
340 577 6 6 0.025098821 
301 241 7 9 0.025091084 
133 921 9 8 0.025085038 
578 107 22 29 0.025084436 
294 622 26 31 0.025075503 
389 566 9 11 0.025069416 
925 700 8 11 0.025066886 
720 503 9 12 0.02506314 
283 706 4 5 0.025062911 
734 636 10 11 0.025046052 
118 933 55 63 0.02504485 
928 738 5 5 0.025040103 
858 627 5 7 0.025038818 
799 537 6 8 0.025028512 
931 681 17 23 0.025027905 
804 501 10 12 0.025025476 
530 89 5 8 0.025018971 
784 561 18 25 0.025018556 
464 810 10 12 0.025016535 
579 558 19 28 0.02500242 
796 596 6 7 0.02499009 
875 388 8 12 0.024987724 
665 369 8 11 0.024987075 
216 703 7 8 0.024983393 
747 648 12 13 0.024982957 
521 322 38 55 0.024980893 
622 133 7 8 0.024979938 
428 71 7 6 0.024971768 
282 327 6 6 0.024963912 
132 915 9 9 0.024954122 
313 563 6 7 0.024940139 
758 544 4 5 0.024928743 
637 692 12 15 0.02492582 
767 800 9 14 0.02490878 
124 787 93 105 0.024899162 
762 288 68 101 0.024891598 
748 636 9 10 0.024890902 
828 392 4 5 0.024880074 
803 478 54 45 0.024878303 
777 830 27 31 0.024875676 
578 756 19 28 0.02487021 
714 666 22 20 0.024869408 
264 290 23 31 0.024868425 
401 113 9 13 0.024857871 
136 617 26 28 0.024856657 
715 491 8 11 0.024845002 
275 268 7 8 0.024844153 
847 789 12 15 0.024843091 
407 794 39 48 0.024838516 
438 76 9 7 0.024833169 
113 881 8 11 0.02482991 
369 564 8 11 0.024829872 
736 596 6 7 0.024829175 
226 627 11 12 0.02481116 
165 436 12 19 0.02480035 
186 393 8 9 0.024796074 
538 101 6 8 0.024789426 
786 596 5 7 0.024787433 
891 281 87 114 0.024779653 
305 728 8 8 0.024773588 
124 673 74 82 0.024767442 
441 786 21 29 0.024765007 
771 590 18 21 0.024754679 
568 89 8 9 0.024754025 
650 641 96 98 0.024739217 
727 644 10 12 0.024737908 
843 467 10 9 0.024712544 
770 570 5 6 0.024706732 
666 767 8 10 0.024705736 
345 175 80 102 0.024700623 
677 645 7 8 0.024690816 
805 495 11 12 0.024688171 
736 831 21 23 0.024688011 
75 652 38 46 0.02467905 
933 770 8 12 0.024670988 
817 590 4 5 0.024661964 
196 144 22 25 0.024659654 
417 486 6 10 0.024657665 
818 611 7 9 0.02464644 
882 805 8 9 0.024636904 
169 622 13 15 0.024629176 
268 119 25 26 0.024627645 
185 480 9 16 0.024626328 
826 556 6 7 0.02461557 
378 68 22 24 0.024614073 
187 173 53 60 0.024609849 
178 691 6 9 0.024577623 
665 304 36 55 0.02457112 
839 608 6 7 0.02456845 
929 298 7 10 0.024563864 
771 782 22 32 0.024563305 
850 761 8 8 0.024559159 
645 645 26 29 0.024550239 
762 656 14 15 0.024536425 
639 82 20 36 0.02453094 
581 605 7 11 0.024530156 
480 625 6 7 0.024524154 
502 821 86 110 0.024523601 
-25 317 290 467 0.024522668 
402 300 84 115 0.024519278 
636 718 22 30 0.024516923 
805 709 9 11 0.024507703 
659 724 6 7 0.024506144 
899 387 3 4 0.024498953 
715 567 7 10 0.02449433 
264 123 5 6 0.024489328 
205 623 21 24 0.024486305 
330 488 22 31 0.024483847 
933 669 9 12 0.024479143 
228 617 11 10 0.024476433 
750 556 6 8 0.024470493 
864 627 6 7 0.02446162 
351 574 7 8 0.024455039 
750 551 5 7 0.024454031 
666 654 19 28 0.024447268 
191 456 9 15 0.024439402 
229 107 76 84 0.024438445 
217 209 8 10 0.024432784 
148 701 23 25 0.024428137 
712 616 22 24 0.024428016 
754 585 18 24 0.02442469 
751 539 4 5 0.024424681 
846 366 5 6 0.024414992 
627 765 8 14 0.024411585 
330 469 13 15 0.024407282 
859 593 18 24 0.024390124 
338 581 7 7 0.024388004 
226 153 47 54 0.024372278 
95 869 22 24 0.024361417 
682 542 44 55 0.024359604 
737 590 42 53 0.024358107 
811 645 8 8 0.024355253 
807 764 8 12 0.024347465 
434 72 8 6 0.024344321 
322 563 4 6 0.024333628 
920 721 8 10 0.02432181 
787 613 20 19 0.024311703 
948 386 3 5 0.024311623 
807 676 7 10 0.02430966 
243 644 9 11 0.024305506 
440 71 8 7 0.024302574 
602 568 7 10 0.024298387 
902 651 16 21 0.024291372 
606 571 23 27 0.024262113 
817 497 9 10 0.024257174 
928 786 7 9 0.024248581 
601 134 7 9 0.024241284 
929 614 6 7 0.024241162 
234 596 47 55 0.024232589 
871 638 8 12 0.024226403 
928 314 5 7 0.02422396 
185 697 5 6 0.024222203 
908 639 8 11 0.024202924 
340 326 6 8 0.024201306 
633 726 9 11 0.024190305 
590 103 6 7 0.024184627 
180 603 5 5 0.024174927 
807 373 6 5 0.024165623 
802 643 9 11 0.024164384 
206 673 21 22 0.0241623 
834 574 5 8 0.024149396 
694 497 13 18 0.024137057 
835 392 4 5 0.024123961 
756 380 6 5 0.02411785 
231 130 25 27 0.024111418 
203 171 9 9 0.024104241 
921 435 8 7 0.024101634 
880 684 9 9 0.024101116 
870 620 6 8 0.02409973 
106 880 11 14 0.024099547 
677 668 7 10 0.024087345 
254 721 9 9 0.024078462 
274 691 6 8 0.02407481 
823 845 25 28 0.024070663 
826 365 6 7 0.024070103 
913 783 10 12 0.024069196 
316 737 5 5 0.024064228 
817 818 9 14 0.02406418 
842 475 10 8 0.024053354 
666 649 9 12 0.024040159 
672 355 6 11 0.024038391 
806 719 10 11 0.02403691 
241 152 8 9 0.024035875 
893 778 12 11 0.024035556 
658 754 7 11 0.024033468 
801 358 6 7 0.024030657 
638 765 8 13 0.02403048 
919 706 23 27 0.024020704 
433 50 23 24 0.024018833 
312 594 8 9 0.024017183 
521 70 12 12 0.024016766 
456 716 65 84 0.024013996 
637 701 12 15 0.024013251 
603 83 61 92 0.024006808 
740 841 10 11 0.023978889 
241 733 9 11 0.023977557 
351 331 9 9 0.023968762 
221 464 10 16 0.023961231 
266 711 8 7 0.02395928 
863 632 6 8 0.02394193 
128 323 39 59 0.0239404 
779 867 10 11 0.023937888 
846 607 5 7 0.023937408 
529 81 6 11 0.02393622 
384 562 7 9 0.023932371 
526 725 6 7 0.023929821 
226 429 5 7 0.02391572 
439 761 13 19 0.023915336 
759 676 10 14 0.023914516 
145 920 8 8 0.02389915 
928 319 6 7 0.023898128 
808 584 4 5 0.023897948 
757 531 5 7 0.02388893 
864 659 6 8 0.023883827 
210 165 9 9 0.023870671 
409 557 6 8 0.023866454 
340 206 5 7 0.023863124 
786 727 9 10 0.023854857 
620 746 8 13 0.023853207 
894 605 8 11 0.023848169 
734 644 11 11 0.023847314 
692 594 7 9 0.023840986 
203 164 9 10 0.02383564 
656 716 97 104 0.02382987 
236 178 8 10 0.023828052 
174 626 12 17 0.023822507 
702 837 24 21 0.023812562 
432 577 4 5 0.023810709 
197 632 8 10 0.023809921 
278 279 24 31 0.02379941 
592 752 9 13 0.023792008 
900 669 9 10 0.023783315 
337 97 11 15 0.023771308 
741 607 9 8 0.023767015 
340 550 6 8 0.023766195 
658 850 20 28 0.023760946 
640 652 6 9 0.023758784 
185 200 21 21 0.023757981 
916 796 6 6 0.023755573 
409 402 5 7 0.023747513 
339 332 7 8 0.023740135 
889 673 20 22 0.023732865 
401 586 7 9 0.023725053 
869 449 10 13 0.02372242 
676 639 7 8 0.02370858 
518 579 65 97 0.023708526 
190 620 21 28 0.023703923 
943 744 4 5 0.023703713 
931 759 9 11 0.023689782 
756 803 6 12 0.02368398 
630 71 23 30 0.02367794 
890 607 7 9 0.023672843 
777 757 26 28 0.023670329 
580 593 9 12 0.023661299 
814 539 5 6 0.023648005 
829 446 12 11 0.023647202 
586 48 11 11 0.023643125 
177 712 9 13 0.02364221 
706 600 21 22 0.02363085 
301 185 5 8 0.023624564 
773 793 7 9 0.02361818 
555 81 26 29 0.023615176 
716 600 8 9 0.023606783 
908 718 13 12 0.02360252 
863 443 10 12 0.023594687 
749 572 8 12 0.023584664 
769 563 5 7 0.023577241 
531 725 6 9 0.02357645 
920 785 8 9 0.023571972 
897 678 83 101 0.023571467 
131 593 74 72 0.023569072 
686 755 7 8 0.023562772 
458 406 72 114 0.023549758 
101 889 22 34 0.023537746 
631 169 42 51 0.023536976 
153 332 6 8 0.023530995 
63 773 195 201 0.023530709 
459 805 9 11 0.02352968 
241 279 20 29 0.02352591 
606 740 10 12 0.02351046 
909 795 6 7 0.023509692 
849 797 9 11 0.023489237 
792 802 8 12 0.023478547 
351 735 6 7 0.023474906 
566 385 28 35 0.02347474 
584 812 6 10 0.023466606 
629 560 23 27 0.023465147 
582 119 8 10 0.023462389 
349 344 56 55 0.023461642 
833 762 5 6 0.023460893 
275 326 7 7 0.023454782 
244 170 23 29 0.023448013 
410 415 7 11 0.023447884 
344 582 9 10 0.02343536 
606 48 10 11 0.023433123 
847 570 5 8 0.023432838 
687 650 22 27 0.023422007 
666 786 7 11 0.023406131 
890 315 12 16 0.023406016 
653 734 6 9 0.02340395 
928 325 7 8 0.023399439 
740 644 11 12 0.02338604 
614 682 93 100 0.023384515 
796 626 19 22 0.023375507 
312 338 7 9 0.023372889 
908 674 10 12 0.023370516 
117 852 44 50 0.023364944 
249 721 8 9 0.02336323 
736 740 147 181 0.023357457 
703 671 20 21 0.0233555 
818 503 8 10 0.023353623 
582 824 7 12 0.023351574 
420 65 25 24 0.02333472 
850 618 8 9 0.023317518 
598 806 20 28 0.023310548 
169 653 14 15 0.023307387 
879 677 9 8 0.02330144 
746 578 10 11 0.023300584 
852 765 13 13 0.023299383 
821 603 4 5 0.023282314 
955 733 20 26 0.02328044 
876 363 79 120 0.023280425 
671 804 6 9 0.023270829 
224 173 6 7 0.023258055 
816 584 3 5 0.023256715 
281 695 43 53 0.02325664 
379 114 7 11 0.023248324 
814 379 5 4 0.023245662 
310 170 27 31 0.023244085 
815 292 68 113 0.023237325 
556 503 38 69 0.023222573 
580 463 11 13 0.023218824 
578 817 5 9 0.023206564 
808 397 5 6 0.023204435 
796 473 11 10 0.023193067 
767 612 9 10 0.02318316 
779 713 9 12 0.023177246 
710 518 5 7 0.023175525 
191 393 7 9 0.023175094 
570 781 6 9 0.023173911 
414 461 10 16 0.023173684 
581 390 11 17 0.023168895 
286 148 42 51 0.023153307 
333 326 6 7 0.023145124 
317 353 18 24 0.023141358 
588 266 8 13 0.023139503 
678 812 7 9 0.02313021 
777 596 35 47 0.023125893 
315 705 5 6 0.023122916 
776 681 23 26 0.023115208 
442 151 28 33 0.023096465 
398 421 20 27 0.023093486 
383 105 24 34 0.023088884 
314 334 6 7 0.023084817 
660 734 7 10 0.023079786 
555 839 21 28 0.02307736 
204 672 7 8 0.02306339 
826 560 18 27 0.023058813 
176 518 11 19 0.023055186 
929 722 7 7 0.023048421 
609 704 53 56 0.023047967 
568 835 7 12 0.023046335 
311 601 9 10 0.023046212 
652 86 7 13 0.023046162 
269 724 7 7 0.023036314 
173 602 6 7 0.023034532 
774 788 6 8 0.02301686 
727 672 49 48 0.02300388 
870 676 9 10 0.022999454 
362 850 8 10 0.022972655 
424 577 4 5 0.022970542 
469 865 11 18 0.022963587 
914 435 8 7 0.022956468 
224 392 9 11 0.022947518 
884 633 8 9 0.022945471 
819 577 5 6 0.022938887 
311 586 8 9 0.022933772 
268 716 7 6 0.022928214 
291 325 94 100 0.022921652 
962 747 21 22 0.022914555 
779 586 8 10 0.022909809 
817 777 10 13 0.02290532 
427 49 10 10 0.022903612 
753 724 12 14 0.022900064 
594 362 7 11 0.022896415 
502 460 62 100 0.022894757 
198 200 20 21 0.022890666 
821 584 4 5 0.022888986 
750 716 91 99 0.022887915 
831 743 7 6 0.022886606 
550 102 8 8 0.022866178 
356 331 10 9 0.02286225 
726 680 12 14 0.022858182 
186 703 7 8 0.022855269 
581 89 8 9 0.022854757 
384 579 8 11 0.022852242 
593 811 8 13 0.02284221 
936 468 5 6 0.022834938 
209 657 9 12 0.022820229 
813 728 9 9 0.022817476 
504 545 39 65 0.022816772 
446 50 23 24 0.022814145 
914 680 8 11 0.022810178 
861 672 7 8 0.022801604 
376 99 11 17 0.02279967 
677 835 11 12 0.022797387 
592 666 29 28 0.02278451 
204 195 47 60 0.022771463 
707 585 10 15 0.022769934 
871 596 6 8 0.022759156 
597 705 12 18 0.022758901 
967 754 8 8 0.022755112 
903 825 6 7 0.02275062 
836 595 5 7 0.022749813 
615 396 6 9 0.022736758 
560 121 11 15 0.02272609 
967 761 8 8 0.022724245 
733 900 11 11 0.022723978 
803 405 13 14 0.022715949 
637 347 96 87 0.022714678 
764 545 18 24 0.022712791 
893 298 10 14 0.022712592 
219 430 6 7 0.022712186 
107 394 9 15 0.02270672 
967 741 8 8 0.022706475 
295 262 6 9 0.02269948 
512 113 54 57 0.02269855 
597 243 6 9 0.022688407 
526 730 6 8 0.022684189 
578 813 5 8 0.022683367 
602 811 9 13 0.022673823 
831 748 6 6 0.022668503 
622 393 5 6 0.02265932 
274 698 7 7 0.022652963 
240 720 8 8 0.02265283 
880 785 11 9 0.022651317 
923 313 6 8 0.022637015 
225 289 6 5 0.02263694 
652 765 9 12 0.022631446 
432 487 26 32 0.02262965 
378 548 6 9 0.022629227 
336 452 25 30 0.02260762 
473 749 10 16 0.022607554 
820 397 5 6 0.022606289 
907 745 86 101 0.022605883 
280 591 34 40 0.022603828 
851 747 7 8 0.022600122 
352 808 42 56 0.022594184 
666 777 7 11 0.022552636 
288 736 6 7 0.02254081 
196 476 7 12 0.022540677 
755 551 5 5 0.02253771 
458 790 9 14 0.02253076 
601 453 7 10 0.022530379 
689 759 11 11 0.022529153 
212 199 7 7 0.022526266 
167 698 21 28 0.022522898 
368 392 47 67 0.022520944 
215 636 20 22 0.022518577 
600 825 21 32 0.022506546 
812 812 8 16 0.02250442 
236 402 8 11 0.022503445 
594 367 21 30 0.022500724 
936 738 4 4 0.022498926 
163 478 10 14 0.022492936 
556 749 19 34 0.02249263 
655 363 47 49 0.022490095 
420 758 10 12 0.02248927 
640 370 6 9 0.022484832 
747 870 129 91 0.022484442 
838 556 5 8 0.022464123 
652 754 8 11 0.022459382 
371 608 7 9 0.022458026 
758 612 9 11 0.022454929 
437 803 75 94 0.022447422 
770 556 21 24 0.022445189 
579 200 44 57 0.022443954 
887 655 19 22 0.022442728 
897 832 5 7 0.022441227 
785 801 10 14 0.022436481 
375 47 11 13 0.022434328 
762 565 4 6 0.022430899 
568 141 41 50 0.022429345 
786 739 10 11 0.022429164 
262 314 27 29 0.022426508 
624 711 13 16 0.022423698 
143 656 32 26 0.022408487 
280 145 8 11 0.022405274 
330 489 10 14 0.022385549 
858 672 7 7 0.02238085 
342 211 5 7 0.022376405 
929 436 6 6 0.02237246 
240 146 9 9 0.022370761 
805 521 7 9 0.022367133 
417 892 35 61 0.022366224 
210 826 19 23 0.022363268 
931 664 10 11 0.02236287 
267 274 9 9 0.022356873 
423 491 6 10 0.022355322 
677 633 8 8 0.022353973 
895 652 7 8 0.022350654 
754 628 8 9 0.02234589 
673 371 6 8 0.022344584 
282 320 6 7 0.02232947 
833 583 5 6 0.022326378 
166 708 8 9 0.022324618 
260 651 19 24 0.022323642 
74 705 42 66 0.022320893 
573 543 19 30 0.022313965 
820 392 4 5 0.02231389 
857 852 7 6 0.022303356 
733 554 22 29 0.022299431 
262 636 21 27 0.02229822 
966 773 8 8 0.022297556 
901 288 10 15 0.02229661 
253 173 43 58 0.022295829 
136 607 14 13 0.022294648 
862 861 26 20 0.022293255 
313 186 6 8 0.02229138 
883 509 7 12 0.022288937 
907 291 9 13 0.022288602 
660 591 12 14 0.022284908 
749 596 6 6 0.022284731 
363 74 11 14 0.02228258 
270 461 40 54 0.022280207 
897 467 6 6 0.022262132 
623 408 13 17 0.022261377 
384 593 8 11 0.022256158 
294 242 7 9 0.022255363 
739 546 4 5 0.022252178 
454 576 6 9 0.02225177 
593 101 8 10 0.022238204 
897 595 5 8 0.0222327 
384 794 41 50 0.022231113 
405 99 10 13 0.022220444 
921 297 8 11 0.022218999 
783 778 25 31 0.022210859 
948 749 4 6 0.02220919 
211 172 22 24 0.022204835 
838 615 20 22 0.022204772 
356 112 10 14 0.022201778 
256 449 17 29 0.022201642 
302 749 5 5 0.022200588 
300 198 6 9 0.022198541 
538 556 21 30 0.022193309 
587 752 10 15 0.022191944 
798 690 9 15 0.022190033 
243 422 6 9 0.02218686 
837 619 8 8 0.02218579 
863 621 6 7 0.022185571 
157 679 10 8 0.022185013 
137 659 49 50 0.022183318 
674 579 24 25 0.022181952 
846 505 6 7 0.022172693 
837 856 8 9 0.022170655 
947 755 5 6 0.022169277 
845 592 17 24 0.02216326 
667 669 6 10 0.022158518 
320 686 8 11 0.022157563 
890 466 7 8 0.022154003 
761 600 7 8 0.022150952 
605 785 22 33 0.022147262 
371 589 9 13 0.022146408 
432 565 3 5 0.022144035 
376 556 7 10 0.022141539 
904 737 16 13 0.022141146 
596 780 6 10 0.022139309 
874 600 7 9 0.02213902 
493 738 27 33 0.022137752 
490 313 49 53 0.022134645 
941 839 5 6 0.022124058 
910 766 14 18 0.022119498 
301 703 6 7 0.022117084 
156 344 22 31 0.022116544 
535 396 25 39 0.022114433 
639 734 8 10 0.022110764 
865 691 5 7 0.022108851 
177 619 7 11 0.02209906 
936 744 4 4 0.022098487 
937 676 10 14 0.022097066 
835 590 4 5 0.022086842 
183 513 9 15 0.022086816 
373 422 6 9 0.022082614 
588 367 7 11 0.022076087 
714 589 10 13 0.022069257 
545 462 24 37 0.02206906 
370 625 24 33 0.022064414 
604 767 24 31 0.022054622 
604 685 13 17 0.022053435 
296 192 4 7 0.022047414 
920 290 9 12 0.02204669 
301 191 5 8 0.022041647 
190 683 8 7 0.022036428 
815 362 27 33 0.022036297 
305 235 10 12 0.02202852 
647 370 6 9 0.022025526 
833 764 24 25 0.022014447 
415 439 7 10 0.022012342 
273 151 9 12 0.0220103 
882 619 7 8 0.022009747 
801 720 21 23 0.022006163 
316 339 20 25 0.022001473 
246 322 47 55 0.021997863 
372 427 7 10 0.02199694 
640 754 7 10 0.021994032 
794 385 7 6 0.021990262 
794 638 19 22 0.021989457 
678 754 7 9 0.021988545 
933 716 8 9 0.021987092 
264 652 7 9 0.021983609 
215 131 24 27 0.021981169 
636 566 12 15 0.021979159 
204 692 6 5 0.021972727 
419 187 11 12 0.021960746 
781 785 8 10 0.021958964 
577 191 6 8 0.021958545 
742 569 7 9 0.021957325 
861 650 7 10 0.021953648 
888 817 9 9 0.021953609 
871 761 28 28 0.021939049 
643 573 10 13 0.021938933 
886 390 4 6 0.021936359 
470 894 102 87 0.021931333 
552 356 7 11 0.021928016 
192 488 8 14 0.021925133 
368 82 25 33 0.021922208 
698 678 7 9 0.021920247 
635 393 5 6 0.021918947 
205 651 7 8 0.021914149 
428 525 24 31 0.021912865 
637 758 9 13 0.021906735 
816 785 9 12 0.021905446 
683 620 8 9 0.021904614 
366 749 5 6 0.021896398 
347 181 27 31 0.021895682 
218 276 6 6 0.021892793 
416 102 7 9 0.021889526 
302 700 5 6 0.021887483 
928 716 8 9 0.02188685 
511 259 11 11 0.021881057 
652 747 7 10 0.021879569 
792 473 29 24 0.021875313 
138 860 10 15 0.021872645 
410 778 21 27 0.021872105 
232 283 5 5 0.02186903 
650 815 10 12 0.02186619 
276 727 7 9 0.021861289 
382 74 10 11 0.021860754 
658 368 8 11 0.021858672 
804 821 23 32 0.021854239 
406 496 78 113 0.021850865 
99 867 11 12 0.021847043 
887 503 8 11 0.02184499 
231 289 5 4 0.0218419 
967 728 8 8 0.021835845 
627 735 7 9 0.021832854 
626 823 12 14 0.021829834 
728 560 10 17 0.021829123 
323 774 24 23 0.02182765 
648 721 43 53 0.02182643 
122 450 70 101 0.021824228 
623 566 13 16 0.021814257 
551 713 25 32 0.02180492 
691 765 8 9 0.021803813 
390 289 45 55 0.021801969 
270 122 5 6 0.021800885 
627 673 30 35 0.021796275 
823 428 24 26 0.021793865 
597 757 20 29 0.021789692 
475 848 37 42 0.021788748 
824 867 8 10 0.021780929 
50 497 471 412 0.021780094 
671 918 124 102 0.021778705 
701 778 11 11 0.021773163 
343 501 9 12 0.021770328 
108 320 6 9 0.021768853 
933 332 8 10 0.021762121 
898 687 12 13 0.021760989 
686 647 6 8 0.021760028 
617 493 14 19 0.02175769 
222 158 9 10 0.021756643 
900 629 11 13 0.021753713 
734 575 23 27 0.021749709 
258 129 5 6 0.021745479 
709 666 8 9 0.021742867 
713 873 13 12 0.021733025 
618 42 23 26 0.021728454 
967 748 8 8 0.021724163 
689 620 25 25 0.02172405 
661 677 47 55 0.021714678 
471 676 25 28 0.021709053 
523 424 77 101 0.021702927 
383 585 8 13 0.021699738 
221 358 40 50 0.021695597 
347 474 22 29 0.021694088 
147 331 7 9 0.021693787 
212 192 7 7 0.021689232 
233 717 5 6 0.021687534 
52 900 94 101 0.021684427 
718 610 48 48 0.021684244 
644 739 9 12 0.021678995 
869 458 10 11 0.021677937 
390 355 8 11 0.021671148 
246 442 10 17 0.02166487 
406 761 11 18 0.021664405 
747 587 8 8 0.02165721 
784 715 20 23 0.021648878 
960 822 22 25 0.021647163 
644 113 8 12 0.021646863 
625 152 8 10 0.02164251 
617 417 12 16 0.02163839 
267 637 9 12 0.021638129 
763 549 4 6 0.021636752 
276 737 6 6 0.021634499 
491 827 20 27 0.02163189 
143 736 29 33 0.021630306 
452 800 20 25 0.021626279 
839 749 6 6 0.02162164 
240 151 24 27 0.021621576 
304 116 11 16 0.021620568 
730 277 27 26 0.021609081 
282 711 5 5 0.02160755 
893 785 11 10 0.021606421 
677 748 7 8 0.021602636 
801 351 6 7 0.021599576 
869 466 9 10 0.02159538 
230 429 6 8 0.0215933 
0 3 47 62 0.02159056 
451 788 11 14 0.021589441 
648 729 5 8 0.021589391 
376 74 10 11 0.02158135 
713 777 13 12 0.0215776 
793 502 20 27 0.021573424 
804 479 10 9 0.021572744 
705 560 8 11 0.021572296 
451 810 10 12 0.02156994 
967 735 8 8 0.021567134 
786 688 11 13 0.021564532 
854 760 23 27 0.021562325 
303 556 6 7 0.021557083 
832 365 6 7 0.021556832 
283 737 5 6 0.02155663 
605 821 9 13 0.021554353 
813 365 6 7 0.02155174 
389 600 9 10 0.021551656 
862 459 10 10 0.02154943 
870 302 9 14 0.021546675 
296 321 25 30 0.021542689 
808 387 4 4 0.021535557 
759 798 18 32 0.021532798 
615 709 16 19 0.021530619 
727 638 9 10 0.021529684 
921 421 8 8 0.021529326 
589 86 8 11 0.02152206 
303 627 12 16 0.021521397 
580 849 8 11 0.021517923 
824 622 10 9 0.021514364 
913 702 11 11 0.02151354 
363 125 10 13 0.021510327 
106 874 10 11 0.021509696 
621 397 6 7 0.021509415 
285 618 13 16 0.021508014 
494 440 26 34 0.021504806 
612 685 13 17 0.021504408 
577 606 6 10 0.02150213 
934 300 6 8 0.02149666 
320 586 8 9 0.021495141 
588 834 7 12 0.021494983 
408 195 22 27 0.021487532 
729 477 25 19 0.021486148 
399 94 13 15 0.02147805 
839 614 6 7 0.021474315 
222 434 7 10 0.021461401 
223 419 7 10 0.02145674 
922 614 6 7 0.021456426 
819 539 6 6 0.021455677 
276 722 6 8 0.021446971 
750 289 40 54 0.021436373 
393 113 23 35 0.02143621 
838 742 7 7 0.02143521 
313 489 24 30 0.021431578 
702 808 11 13 0.021430967 
673 761 20 21 0.021425521 
175 541 38 53 0.021404903 
882 608 6 7 0.021403726 
814 627 6 7 0.02140245 
595 85 8 13 0.021401431 
363 633 20 35 0.02140056 
669 846 24 27 0.021400075 
421 784 11 12 0.021390745 
219 717 6 6 0.021388408 
613 747 10 13 0.021376178 
315 743 7 6 0.021371268 
263 113 8 9 0.021369547 
684 307 9 13 0.021359691 
247 635 20 26 0.02135838 
598 238 4 6 0.021357965 
235 203 9 10 0.02135532 
662 607 29 27 0.021354232 
547 500 4 7 0.021353062 
935 904 6 6 0.021352414 
601 288 7 9 0.02134826 
664 735 7 9 0.021341275 
368 75 11 12 0.021337152 
357 496 8 12 0.021337 
600 553 7 13 0.021332566 
93 572 43 43 0.021331515 
300 247 8 9 0.021330474 
897 800 7 9 0.021326855 
242 657 9 9 0.021325478 
179 562 7 8 0.021321503 
689 299 9 15 0.021316051 
240 195 11 12 0.021308118 
696 779 9 10 0.021306777 
800 749 5 6 0.021304948 
807 736 7 7 0.021303067 
231 718 20 24 0.021300033 
342 489 20 27 0.02129505 
360 849 21 24 0.021294191 
346 851 5 6 0.021292156 
751 675 21 26 0.021290839 
838 627 8 8 0.021285806 
218 620 6 7 0.021285146 
190 177 10 10 0.021281758 
857 756 6 7 0.021276293 
801 386 5 5 0.021274867 
224 712 6 6 0.021274034 
832 571 75 104 0.021272074 
913 478 11 12 0.021267436 
371 618 8 10 0.021255456 
966 767 8 9 0.02125046 
667 729 5 7 0.021243168 
296 600 20 21 0.021239027 
288 267 8 11 0.021230597 
892 391 4 5 0.021230234 
856 568 6 11 0.021228885 
203 534 21 33 0.021225797 
284 642 26 28 0.021224529 
449 826 12 15 0.021222781 
869 473 9 10 0.021220013 
929 332 7 8 0.021219714 
612 48 11 11 0.02121062 
692 787 7 7 0.021204334 
477 756 9 16 0.021201864 
205 703 6 7 0.021186778 
403 594 6 9 0.021185579 
902 875 8 9 0.021182943 
664 848 7 11 0.021181822 
694 663 22 22 0.021178441 
557 494 5 6 0.021178212 
817 734 8 8 0.021174872 
347 734 6 8 0.021173665 
314 710 6 7 0.021171177 
763 569 4 6 0.021166602 
813 561 7 7 0.021161016 
563 764 7 12 0.021159224 
112 526 8 18 0.021158395 
557 509 5 10 0.021153543 
838 773 9 10 0.021153517 
223 735 7 8 0.021150688 
839 365 6 7 0.021147786 
804 668 9 13 0.021145795 
639 637 24 26 0.021140935 
844 621 7 7 0.021139823 
666 388 31 29 0.021139583 
921 687 19 23 0.021129543 
614 817 8 12 0.021127077 
316 546 4 5 0.021126414 
685 585 21 26 0.021124886 
888 688 9 10 0.02112475 
199 685 6 6 0.0211223 
895 813 23 30 0.02112214 
394 601 7 9 0.021120755 
671 761 9 11 0.0211105 
475 823 11 13 0.021109829 
630 523 19 33 0.02110722 
823 862 9 10 0.02110388 
312 722 6 8 0.021101836 
742 602 7 7 0.021100337 
404 186 5 8 0.021098994 
731 546 4 4 0.02109288 
841 775 13 16 0.0210926 
870 670 8 10 0.021089286 
799 531 6 8 0.021087814 
308 748 5 6 0.02108589 
199 715 7 9 0.021082144 
388 573 11 13 0.021080187 
437 793 11 16 0.021074751 
812 709 9 11 0.021073718 
545 104 6 7 0.021057788 
146 692 8 7 0.02104808 
935 482 8 13 0.021045279 
385 220 9 13 0.02104435 
145 914 9 9 0.021043226 
334 319 5 8 0.021042828 
625 418 11 16 0.021041006 
164 448 13 19 0.021037856 
287 266 24 30 0.021037268 
855 783 12 13 0.021027204 
368 47 12 14 0.021026352 
413 207 23 28 0.021020565 
152 277 103 114 0.021018637 
242 568 42 47 0.021016005 
912 728 9 9 0.021008465 
372 837 7 9 0.021008063 
296 737 5 6 0.021004384 
945 380 3 4 0.021000106 
658 744 8 13 0.020994416 
302 225 6 7 0.020993005 
346 730 6 6 0.020991864 
906 774 12 15 0.020976707 
852 743 6 7 0.020975318 
794 751 9 12 0.02097517 
407 776 10 15 0.020974675 
420 43 24 25 0.020970928 
804 709 18 21 0.020968862 
903 327 23 29 0.020962743 
198 333 85 99 0.020959483 
629 151 21 31 0.020957496 
594 375 7 10 0.020947738 
142 421 5 7 0.020946704 
907 784 10 11 0.020943362 
934 830 7 9 0.020942897 
631 764 9 17 0.020937549 
472 761 9 15 0.020936182 
576 337 8 10 0.02093473 
596 569 6 9 0.02092717 
896 845 5 7 0.020924319 
666 377 7 8 0.02092403 
835 586 16 26 0.020923268 
764 530 36 57 0.02092309 
819 625 11 11 0.02091855 
613 152 9 11 0.020916568 
567 596 11 15 0.020900667 
389 191 7 10 0.02090057 
840 379 5 5 0.020897502 
406 117 10 15 0.020896047 
520 725 21 25 0.020895375 
768 694 23 26 0.020893324 
315 655 23 36 0.020892244 
396 760 8 13 0.020883445 
864 595 6 8 0.020878127 
811 542 22 26 0.020875687 
722 497 9 11 0.020871269 
180 596 6 6 0.020867957 
224 630 19 23 0.020867534 
787 588 6 8 0.020866701 
839 923 6 5 0.020865757 
948 775 4 6 0.020859875 
648 76 5 8 0.020859133 
717 579 41 53 0.02085819 
154 589 26 27 0.02085781 
786 808 9 13 0.02085364 
851 459 25 25 0.020850195 
826 564 5 6 0.020843277 
436 577 4 5 0.020839956 
598 722 14 17 0.020838501 
269 643 8 11 0.020837931 
911 827 11 12 0.020837082 
719 632 22 24 0.020826308 
353 852 5 8 0.020821081 
825 767 8 9 0.020816762 
837 865 6 6 0.020816423 
819 365 7 8 0.020803595 
619 365 22 31 0.020801445 
302 564 6 7 0.020800905 
337 448 8 10 0.020797156 
146 900 9 10 0.02079107 
315 605 11 12 0.020787857 
452 731 12 21 0.020783333 
577 185 5 7 0.020777976 
326 338 7 8 0.020776886 
254 673 9 13 0.020769937 
350 478 8 10 0.020769723 
831 838 6 8 0.020766996 
310 609 10 13 0.020766191 
203 624 11 12 0.020765487 
261 645 8 10 0.02076503 
729 844 8 10 0.02076244 
627 840 26 36 0.020762352 
556 756 8 15 0.020752525 
858 860 6 4 0.020750634 
364 214 24 29 0.02074738 
346 551 5 7 0.020746896 
601 752 9 12 0.02073721 
345 743 6 7 0.020735467 
800 516 7 11 0.020729402 
863 846 106 106 0.020725923 
295 710 6 6 0.02072015 
529 411 8 12 0.020717725 
414 383 9 12 0.020713363 
260 701 11 8 0.02071084 
281 274 8 8 0.020708455 
830 773 9 9 0.020707136 
323 227 27 26 0.020706924 
559 666 29 39 0.020698117 
105 823 9 14 0.020693976 
596 575 7 10 0.020690244 
557 531 6 10 0.020688547 
157 371 26 32 0.020688055 
608 830 6 9 0.02068091 
253 420 9 10 0.02068086 
928 292 7 10 0.020678181 
261 282 48 64 0.020676903 
841 392 4 5 0.020671636 
407 106 8 13 0.020661391 
346 454 6 8 0.020660395 
883 616 21 24 0.020659348 
852 481 14 14 0.0206591 
666 810 8 11 0.020657755 
791 399 12 13 0.020656718 
463 634 21 25 0.02065627 
895 774 10 9 0.020653838 
238 710 6 7 0.020653203 
731 607 6 8 0.02064881 
934 461 6 6 0.02064527 
854 386 4 5 0.020644944 
319 316 6 9 0.020642316 
802 755 6 7 0.02064105 
608 837 7 10 0.020634655 
703 786 8 9 0.02063224 
202 256 23 24 0.020628016 
785 751 11 12 0.02062654 
857 437 9 12 0.020624839 
846 372 5 5 0.02062043 
735 605 9 11 0.020609584 
182 606 25 30 0.020609403 
559 125 20 26 0.020607319 
751 561 6 9 0.020601101 
534 659 27 34 0.020600416 
179 451 9 15 0.020600308 
731 833 5 6 0.020595348 
284 181 22 33 0.020595267 
782 533 4 6 0.02059419 
408 203 8 11 0.020592807 
311 48 11 12 0.02059141 
92 854 22 25 0.020588962 
402 599 8 10 0.02058729 
690 347 92 90 0.020585373 
812 287 28 29 0.020580629 
264 657 8 10 0.020579042 
320 338 6 8 0.0205752 
295 247 7 10 0.020567028 
305 586 9 10 0.020558728 
345 337 9 10 0.020555722 
905 681 10 12 0.0205556 
204 569 10 12 0.02055543 
807 588 4 7 0.020551588 
385 580 21 25 0.020547114 
308 710 6 7 0.020546492 
857 620 6 8 0.020545345 
107 783 10 14 0.02054387 
709 843 10 9 0.020540694 
617 719 14 16 0.020538608 
145 908 10 9 0.02053663 
827 370 27 34 0.020533577 
626 816 13 13 0.02053326 
814 602 4 5 0.02053306 
148 397 5 5 0.02052558 
730 609 24 27 0.020522008 
893 610 10 11 0.020520654 
718 615 11 14 0.020520097 
642 393 5 6 0.020516817 
586 574 9 11 0.020515794 
288 306 7 10 0.020511013 
630 618 44 57 0.020508807 
274 444 17 31 0.020506706 
807 563 5 7 0.020499006 
665 754 8 10 0.020492317 
664 786 20 25 0.02047962 
258 660 5 7 0.020478088 
713 683 10 10 0.020477964 
314 729 6 7 0.020475373 
888 619 9 11 0.020475347 
646 767 8 10 0.020473743 
223 650 9 11 0.020468622 
905 386 4 5 0.020467002 
299 261 11 12 0.02046521 
742 771 8 10 0.020462712 
786 760 10 11 0.020446602 
388 591 10 12 0.02044644 
587 549 20 31 0.020443998 
308 705 6 6 0.020441936 
211 621 8 8 0.02044136 
806 729 8 9 0.020441238 
606 567 10 13 0.020437716 
570 512 20 35 0.02043638 
890 474 7 8 0.020434469 
280 624 24 28 0.020431884 
842 765 11 11 0.020431207 
574 733 46 66 0.020426491 
821 379 5 4 0.020423826 
765 618 8 10 0.020415733 
162 783 41 50 0.020412583 
602 653 25 28 0.02041068 
751 545 4 5 0.020409388 
842 794 11 14 0.02040208 
815 577 4 6 0.020398295 
327 318 5 8 0.020397814 
704 794 8 7 0.020395959 
402 265 8 12 0.020393187 
588 804 7 12 0.020392392 
360 841 75 102 0.020388972 
922 325 7 9 0.020383075 
624 700 12 16 0.02038306 
792 310 44 57 0.020382334 
280 636 9 11 0.020375788 
882 795 11 13 0.020372612 
844 578 7 10 0.02037156 
631 540 22 29 0.020368144 
254 422 85 99 0.020368079 
834 757 5 5 0.020366864 
331 587 6 9 0.02036649 
602 154 13 14 0.02036522 
266 677 9 11 0.020362595 
418 796 17 25 0.020353964 
375 445 19 35 0.020352442 
211 703 7 8 0.02034766 
443 567 4 4 0.020346941 
921 289 20 28 0.020345358 
458 564 4 5 0.020342354 
827 737 5 6 0.02034013 
646 734 7 10 0.020339629 
167 717 6 7 0.020338442 
791 342 26 34 0.020338269 
262 429 7 8 0.020335961 
199 557 23 29 0.020331826 
303 551 5 6 0.0203271 
371 864 7 8 0.020326095 
287 724 7 7 0.020325838 
863 707 17 28 0.020324124 
909 800 6 6 0.020322595 
275 638 9 12 0.020321874 
544 489 18 31 0.020318508 
181 585 81 86 0.020318197 
537 97 23 27 0.020313457 
384 556 6 8 0.02031135 
568 133 8 9 0.02031097 
550 811 7 9 0.020309541 
818 651 10 9 0.020297118 
937 812 5 7 0.020296885 
211 172 8 8 0.020289047 
912 735 11 10 0.020283073 
677 291 37 48 0.020281998 
678 715 9 10 0.020278294 
376 567 8 11 0.020278087 
243 203 8 9 0.020273449 
400 42 25 29 0.020273188 
723 483 23 25 0.02026985 
419 201 10 11 0.02026851 
678 786 7 9 0.02026568 
426 777 11 14 0.020263635 
242 189 9 11 0.020263521 
289 313 7 10 0.020258887 
428 748 7 9 0.02025127 
427 202 9 11 0.020248158 
474 625 8 8 0.020247798 
617 165 12 14 0.020245703 
255 427 7 10 0.020244937 
227 391 20 30 0.020242224 
122 799 24 30 0.02024178 
581 726 11 12 0.020241268 
947 696 5 9 0.020237638 
913 628 9 9 0.02023393 
887 300 20 28 0.020232465 
356 100 11 17 0.020229375 
515 772 24 27 0.020228429 
274 630 9 12 0.020223085 
218 185 6 6 0.020217914 
744 369 27 27 0.020217137 
868 641 41 49 0.02021687 
831 403 25 29 0.020211888 
594 77 10 15 0.020210018 
327 326 6 7 0.020209415 
777 533 4 5 0.020199064 
210 676 11 11 0.02019624 
547 864 43 59 0.020193161 
328 94 22 33 0.02019139 
937 818 5 8 0.020188624 
371 856 7 8 0.020188497 
327 730 5 6 0.020188408 
423 192 22 26 0.020188073 
648 392 6 6 0.020187719 
856 748 5 7 0.0201871 
425 572 3 4 0.02017698 
261 433 8 11 0.02017321 
934 294 6 8 0.020170258 
168 606 21 27 0.02016734 
345 477 8 12 0.020166202 
550 348 8 12 0.0201577 
270 295 10 12 0.020157173 
512 877 51 52 0.02014982 
218 613 22 24 0.020144839 
467 814 42 48 0.02014412 
851 676 7 8 0.020142397 
825 659 8 8 0.020142082 
204 396 22 26 0.020141842 
144 398 3 5 0.020140199 
185 635 19 28 0.020139262 
832 608 6 7 0.02013176 
946 761 5 7 0.020131215 
306 721 8 10 0.020130912 
331 516 8 11 0.020129954 
827 379 5 5 0.020125223 
357 489 8 12 0.020121643 
744 596 5 6 0.020118013 
657 360 9 13 0.020116227 
601 184 7 9 0.020114852 
407 575 8 9 0.020114023 
473 364 7 8 0.020113915 
434 876 5 10 0.020108614 
180 567 7 9 0.020106042 
557 440 27 33 0.020104209 
738 667 14 13 0.020102978 
745 539 4 5 0.020102203 
942 788 5 6 0.020101324 
614 810 7 12 0.020099644 
189 678 9 8 0.02009336 
941 717 6 7 0.020092856 
304 107 12 17 0.020092301 
450 765 15 20 0.020090718 
423 107 6 8 0.020088555 
134 612 9 11 0.02008313 
684 657 8 12 0.020081773 
647 723 5 7 0.02008161 
876 595 6 8 0.02008058 
550 584 12 15 0.020078214 
940 666 7 9 0.02007753 
792 722 9 10 0.02006858 
803 391 97 106 0.020063467 
192 631 8 11 0.020062588 
284 699 4 5 0.020061567 
321 705 5 6 0.020056661 
602 584 28 34 0.02005646 
146 670 28 23 0.020056257 
345 332 8 8 0.020054707 
47 445 86 117 0.020047737 
956 390 3 6 0.020044228 
301 582 7 8 0.02004148 
837 852 9 8 0.020040384 
874 381 9 11 0.020039113 
444 471 14 17 0.020036947 
715 492 44 57 0.020028783 
578 199 5 8 0.02002612 
640 363 7 9 0.020018904 
652 740 7 11 0.020018505 
623 630 26 33 0.020014834 
191 164 9 10 0.020013273 
793 587 7 9 0.020005947 
357 659 23 29 0.020001212 
