29_Students_Schoolkids_Students_Schoolkids_29_477
74
431 101 52 63 0.99975735 
845 137 38 59 0.9987845 
874 203 44 61 0.99609643 
729 82 33 45 0.99593675 
872 293 65 87 0.97971857 
832 100 31 46 0.9030755 
789 131 13 17 0.45265025 
76 458 148 159 0.06512883 
885 360 39 68 0.05533945 
422 518 10 14 0.054742306 
207 85 5 5 0.051546592 
888 1 11 10 0.05144534 
625 606 48 87 0.05018929 
832 86 26 31 0.049428783 
822 148 22 33 0.044646386 
2 60 5 9 0.042524498 
506 104 55 60 0.041203044 
972 398 87 92 0.041150764 
194 86 4 4 0.04012522 
443 644 6 5 0.037708852 
852 21 5 6 0.03574357 
317 482 11 9 0.034740794 
851 15 5 7 0.032963064 
194 81 4 5 0.03243801 
-19 -168 173 162 0.032272603 
53 149 6 8 0.031360835 
821 45 6 7 0.030230561 
1002 440 29 32 0.028665567 
831 66 25 23 0.028388817 
283 3 5 6 0.028260881 
226 47 6 8 0.028122371 
415 662 6 5 0.027887264 
876 100 26 32 0.02753905 
237 79 7 8 0.027460769 
418 641 4 6 0.026946377 
244 2 5 5 0.026472827 
411 655 5 4 0.026334027 
207 95 3 4 0.02590061 
448 666 8 9 0.025166634 
882 1 11 10 0.025077077 
40 155 5 7 0.025064606 
206 82 5 4 0.024876552 
244 28 7 7 0.024634711 
335 22 3 4 0.024507739 
14 70 7 12 0.024436206 
411 651 5 5 0.024415836 
454 643 5 5 0.02406407 
878 2 8 10 0.023858715 
288 2 5 6 0.023560863 
129 427 126 123 0.023421004 
257 21 7 8 0.02333882 
467 635 5 6 0.023260128 
205 99 4 4 0.023238627 
999 284 34 49 0.022920115 
823 78 20 26 0.022628484 
116 116 7 8 0.022235153 
444 4 3 5 0.022063814 
245 12 300 346 0.02188923 
420 119 13 19 0.021869956 
449 643 5 6 0.021752333 
249 2 5 5 0.021567525 
430 645 3 5 0.02129451 
415 656 6 5 0.021246292 
853 2 4 6 0.021074632 
431 667 5 5 0.021053763 
2 83 6 10 0.020768682 
522 244 110 98 0.02069512 
426 645 4 4 0.020545797 
716 60 10 14 0.020339943 
430 648 4 4 0.020300213 
400 657 3 4 0.020247467 
24 310 84 119 0.020239394 
450 611 4 4 0.020168431 
852 26 4 6 0.020054163 
