29_Students_Schoolkids_Students_Schoolkids_29_436
135
315 175 159 164 0.99922264 
290 534 366 231 0.3175474 
679 191 20 24 0.19463639 
802 356 14 14 0.10666482 
571 164 14 17 0.100604236 
740 26 26 33 0.09163728 
30 144 11 17 0.08834576 
708 375 13 14 0.07078768 
675 78 15 16 0.06912517 
943 182 15 17 0.06836066 
677 244 12 16 0.065796696 
678 266 15 18 0.06406842 
629 160 15 18 0.061501604 
710 34 15 18 0.056929305 
-22 -159 179 167 0.053629152 
947 224 14 16 0.052840497 
15 103 14 16 0.051188033 
202 208 13 16 0.05051214 
772 159 14 18 0.049933407 
711 153 13 17 0.049670734 
738 165 15 22 0.04882056 
760 315 10 14 0.048526473 
963 60 14 17 0.04787144 
244 84 13 15 0.046914063 
800 316 16 23 0.044143155 
302 151 37 50 0.043769985 
644 84 15 18 0.04270553 
188 24 21 21 0.042140916 
619 91 13 18 0.042122845 
984 220 16 17 0.041869286 
861 163 12 16 0.041795667 
97 277 20 19 0.04078255 
743 118 16 22 0.039503902 
543 563 137 71 0.039075248 
53 361 18 27 0.038511988 
226 24 24 20 0.038274538 
130 212 13 18 0.03751011 
85 141 12 16 0.037413493 
772 206 13 19 0.03729171 
667 346 18 17 0.036173582 
133 117 13 15 0.036138315 
744 258 15 18 0.035654802 
784 358 14 16 0.035651926 
15 490 133 147 0.035582688 
759 532 26 20 0.033663116 
585 113 11 15 0.032952607 
700 65 14 20 0.032478042 
774 540 8 7 0.032305267 
768 336 19 20 0.031825267 
172 171 14 15 0.031800848 
629 134 13 16 0.03165449 
725 72 17 26 0.03106198 
68 76 22 22 0.031032462 
651 338 10 16 0.030464556 
578 141 12 16 0.030381355 
846 291 18 23 0.030021423 
571 372 17 17 0.029976692 
824 320 10 15 0.029855618 
724 551 32 22 0.029763889 
714 285 13 16 0.029440757 
159 246 19 24 0.028952975 
725 173 13 15 0.02893835 
930 199 13 16 0.028218294 
773 527 27 19 0.027745709 
387 459 411 505 0.027689876 
132 178 13 19 0.027681852 
785 64 20 29 0.027571816 
106 116 18 21 0.02743428 
634 250 14 19 0.027228924 
827 195 14 18 0.02707512 
980 352 14 15 0.026810873 
783 537 16 11 0.02670451 
762 92 24 29 0.026684247 
688 294 17 21 0.02667404 
617 29 23 25 0.026403178 
342 77 55 45 0.026238583 
781 628 28 19 0.02622568 
598 39 21 20 0.025968077 
431 12 13 14 0.02574869 
42 105 19 20 0.025701119 
649 270 11 13 0.025677802 
829 111 18 22 0.02564437 
777 239 14 20 0.02536366 
264 90 22 24 0.025305836 
758 544 24 21 0.025213374 
741 532 30 20 0.024949515 
111 207 13 19 0.024947701 
765 551 11 10 0.024433717 
766 541 9 9 0.024298143 
764 546 11 10 0.024287881 
551 509 16 18 0.024134038 
613 120 15 16 0.024027457 
757 542 14 11 0.023723496 
743 44 24 30 0.023570461 
91 106 14 15 0.023305915 
772 516 24 19 0.023281677 
820 645 24 24 0.023212852 
191 141 24 35 0.023139777 
762 144 13 17 0.0230745 
824 14 9 13 0.023073316 
635 586 36 22 0.022950975 
254 158 19 27 0.022923063 
665 10 23 18 0.02286973 
793 13 22 25 0.02278965 
723 322 21 25 0.022778576 
174 104 15 18 0.022424987 
601 575 78 36 0.022273982 
661 317 13 17 0.022148648 
758 522 26 20 0.02207872 
778 320 10 13 0.02203077 
807 266 22 31 0.021943968 
713 257 14 17 0.02194372 
115 251 23 23 0.021757612 
131 527 430 489 0.021690741 
615 364 17 25 0.021460399 
924 236 12 16 0.021448778 
583 366 20 24 0.021214366 
716 289 21 24 0.021206079 
811 41 18 27 0.02102061 
841 41 22 30 0.021008994 
734 92 15 22 0.020992858 
706 339 12 17 0.02096388 
131 64 13 13 0.020939786 
158 114 12 15 0.020906704 
803 45 12 17 0.020867743 
773 548 9 7 0.020695899 
741 293 20 27 0.020666238 
778 616 29 21 0.02060182 
682 42 25 22 0.020552924 
721 51 12 18 0.02054658 
982 320 14 16 0.020391362 
830 11 82 83 0.020296201 
582 75 18 22 0.020173417 
760 293 18 28 0.020158712 
318 183 439 444 0.020118868 
