29_Students_Schoolkids_Students_Schoolkids_29_312
1970
502 66 82 120 0.99980026 
745 23 10 13 0.47790834 
772 6 7 7 0.25956815 
747 8 7 8 0.20010476 
735 11 8 8 0.19813165 
859 24 13 12 0.18099983 
832 428 122 103 0.16736025 
688 15 4 5 0.16419628 
630 348 245 166 0.15690488 
822 19 9 10 0.15042344 
441 279 107 98 0.1431418 
356 156 106 99 0.13623878 
788 28 10 11 0.13191292 
790 2 4 5 0.12699163 
281 310 7 9 0.12049661 
818 22 11 13 0.12008208 
357 211 47 45 0.11952827 
621 27 5 5 0.11867705 
674 14 5 6 0.11753885 
41 41 42 46 0.116142586 
674 317 55 49 0.11450726 
902 20 6 7 0.10897398 
691 15 4 4 0.10768865 
700 16 4 5 0.10390609 
995 446 9 8 0.10303113 
772 353 68 48 0.10061934 
793 1 5 6 0.09872128 
688 26 4 6 0.097416975 
498 392 52 42 0.096757665 
687 20 4 5 0.09673683 
1014 8 12 15 0.09557837 
687 37 8 10 0.09179943 
921 1 5 6 0.09152649 
931 241 60 47 0.08974524 
903 14 5 6 0.08857386 
896 9 4 5 0.08849205 
185 82 7 11 0.0876191 
16 308 165 257 0.087094784 
918 3 5 5 0.08596476 
740 276 64 54 0.085545115 
672 43 8 9 0.08409926 
826 276 33 24 0.07962065 
686 9 4 4 0.07961424 
791 210 111 80 0.07942076 
767 23 8 10 0.079102986 
949 2 5 5 0.07898844 
917 5 5 7 0.0784877 
802 547 37 29 0.07841774 
90 152 5 8 0.07674488 
598 172 53 39 0.0760454 
878 16 4 4 0.074651845 
703 330 57 49 0.07429267 
769 1 6 6 0.07412088 
831 202 17 12 0.074075215 
777 503 91 87 0.07378753 
943 14 10 12 0.073213235 
915 19 5 5 0.072801396 
946 6 7 7 0.070514016 
63 112 10 11 0.07049909 
136 206 6 6 0.07048049 
916 16 5 5 0.07043985 
-8 -240 470 262 0.07036808 
878 227 127 91 0.07033197 
986 457 5 4 0.069152616 
617 27 4 5 0.06887002 
942 9 6 6 0.06753422 
987 451 5 4 0.06686892 
743 11 6 8 0.06658507 
714 264 62 48 0.06655184 
713 346 109 92 0.06650939 
772 280 56 40 0.065856956 
414 209 21 26 0.06424476 
871 20 7 6 0.063864596 
699 18 5 7 0.06317934 
692 9 4 5 0.0630828 
214 134 4 5 0.062876575 
1005 0 5 6 0.06269497 
620 180 31 19 0.06226814 
911 21 5 6 0.062064756 
872 15 5 5 0.06191832 
763 330 15 13 0.061699934 
162 203 10 8 0.061653573 
1019 154 5 7 0.060081262 
251 -239 509 277 0.05978392 
735 22 8 11 0.05892547 
874 25 10 9 0.058871623 
896 12 4 6 0.05884926 
774 2 5 5 0.05866831 
850 306 61 45 0.05819259 
340 38 7 6 0.057925973 
660 499 90 88 0.057687506 
622 22 4 3 0.057650402 
922 6 5 6 0.05725059 
1003 442 8 6 0.057050824 
669 248 60 51 0.056743495 
753 437 145 124 0.056680437 
1011 474 8 8 0.056447938 
847 141 52 46 0.056006692 
971 562 27 25 0.055883057 
285 305 3 3 0.05583307 
755 8 6 6 0.055774868 
876 19 6 6 0.055716902 
984 461 7 6 0.055629883 
797 309 52 45 0.055286076 
722 12 7 8 0.05465534 
599 138 89 83 0.05458869 
725 9 6 5 0.054126862 
762 1 6 6 0.05388869 
208 137 3 4 0.053614058 
966 305 34 31 0.05355213 
850 3 11 11 0.053490333 
769 265 13 10 0.053267784 
821 0 7 6 0.053129654 
883 21 5 5 0.052983474 
391 190 30 31 0.052931815 
90 150 5 5 0.052445557 
276 311 6 8 0.052439354 
514 2 5 4 0.05218697 
777 331 13 12 0.052156013 
186 275 7 7 0.05210284 
759 284 29 33 0.052098047 
1002 447 8 8 0.051933847 
866 9 5 6 0.05187745 
667 16 5 4 0.0518627 
768 10 7 8 0.051788658 
800 1 5 5 0.051703025 
207 141 5 6 0.051675394 
919 510 113 93 0.05146905 
721 325 28 22 0.051293835 
724 256 25 20 0.051238567 
858 40 9 8 0.051015668 
981 320 31 25 0.050437793 
699 245 17 14 0.050034758 
923 21 5 5 0.04989017 
765 203 30 20 0.04961096 
339 46 6 6 0.049098477 
879 24 8 8 0.049074817 
879 9 4 5 0.048936572 
339 52 5 6 0.048911087 
719 14 6 8 0.048803695 
129 105 5 4 0.04877121 
742 343 61 48 0.04873313 
882 305 32 26 0.048726853 
1004 462 7 6 0.048472665 
211 268 7 7 0.04841841 
655 15 4 4 0.048355687 
660 170 50 51 0.04829923 
784 2 3 4 0.048175614 
701 188 24 26 0.04812385 
755 19 6 8 0.04797877 
675 10 4 4 0.047827274 
1005 454 7 6 0.047812175 
-23 -223 195 181 0.047730368 
655 416 106 85 0.04763051 
681 10 4 4 0.04749421 
717 301 407 313 0.047399234 
265 325 5 8 0.047385152 
679 15 4 5 0.04738437 
434 206 86 86 0.04723281 
867 38 11 9 0.04699374 
911 7 5 5 0.04696473 
684 454 32 30 0.046947602 
661 16 5 4 0.046831567 
910 2 5 5 0.046704903 
214 132 3 3 0.04649738 
944 2 5 5 0.046271536 
392 215 30 27 0.046263818 
802 289 11 8 0.046014387 
933 19 7 7 0.045915857 
335 40 5 5 0.045910254 
752 182 50 40 0.04584219 
892 8 4 6 0.045744028 
870 1 5 4 0.045720093 
870 390 120 78 0.04571285 
726 387 131 91 0.045601916 
-4 31 50 68 0.04559944 
790 5 5 6 0.045323767 
892 13 5 5 0.04529537 
762 19 6 8 0.04516178 
822 485 120 109 0.045092262 
903 8 5 5 0.045062702 
142 102 5 5 0.045049448 
750 324 31 26 0.0450458 
739 198 15 14 0.044892903 
812 342 34 33 0.04481998 
194 106 3 3 0.044810724 
606 181 27 22 0.044770062 
739 22 18 21 0.044582576 
656 230 50 48 0.044378605 
139 206 5 5 0.04423193 
86 142 4 5 0.04421962 
143 100 4 3 0.0442142 
895 24 8 9 0.044054687 
895 20 7 7 0.044025697 
693 125 48 46 0.043873183 
677 39 6 7 0.043806743 
758 2 5 5 0.043422163 
867 0 5 5 0.04332815 
729 11 7 8 0.043259934 
895 31 9 7 0.04322386 
334 45 5 6 0.043158114 
893 2 4 5 0.043114815 
291 23 3 4 0.043082207 
728 280 8 7 0.042883813 
673 192 24 28 0.042821795 
884 16 4 4 0.042800993 
279 308 4 6 0.04266327 
812 295 7 5 0.042639375 
344 37 7 7 0.04255181 
348 131 4 3 0.042489674 
355 51 4 6 0.04229729 
870 10 5 4 0.042238206 
773 13 6 6 0.042229462 
611 187 14 12 0.042208932 
763 7 6 7 0.042181026 
810 271 34 21 0.042155184 
766 27 10 12 0.042058267 
782 6 5 6 0.041926753 
776 323 15 14 0.04184788 
758 267 13 10 0.04180565 
773 38 10 9 0.04171984 
591 172 26 24 0.041659296 
491 365 137 95 0.041547038 
782 336 14 13 0.041512508 
698 31 6 7 0.041501675 
1004 436 8 6 0.04147634 
534 8 4 5 0.041423306 
99 11 53 46 0.041396458 
284 311 8 10 0.04136661 
904 207 30 24 0.04131739 
785 297 32 30 0.04129622 
335 264 23 30 0.041239027 
764 12 5 7 0.04111642 
511 383 31 31 0.041079722 
982 461 5 5 0.041050285 
150 213 5 4 0.040983018 
983 457 4 4 0.040943064 
842 230 33 20 0.04090363 
869 297 31 25 0.040894706 
90 142 4 5 0.04082923 
1017 2 8 9 0.040755536 
365 240 32 32 0.04072086 
684 313 33 28 0.040644657 
902 405 35 31 0.0406391 
893 321 30 25 0.040567864 
660 19 6 6 0.040549733 
924 15 4 5 0.040505867 
799 291 11 10 0.04049217 
523 -232 518 289 0.040469058 
891 20 5 7 0.04041989 
1004 467 7 6 0.040341668 
889 296 109 89 0.04030642 
654 21 5 5 0.04024051 
142 200 5 5 0.040225685 
705 15 3 5 0.040206984 
140 212 5 5 0.040150415 
137 200 5 4 0.04010617 
927 21 6 6 0.0400965 
857 21 8 8 0.040053282 
127 109 8 6 0.04001707 
911 15 4 5 0.03996023 
753 24 7 9 0.039922558 
-15 187 85 147 0.039756183 
953 2 5 5 0.039665285 
348 52 4 5 0.039516006 
743 20 6 8 0.03947216 
266 321 4 7 0.039470933 
897 2 4 5 0.039363325 
944 329 28 24 0.039222315 
617 117 54 53 0.039135423 
728 7 8 7 0.039077252 
666 9 5 4 0.03906081 
837 436 59 63 0.03900221 
317 238 77 86 0.03899054 
754 12 6 7 0.03896639 
845 552 32 22 0.038907938 
620 49 7 7 0.038743652 
704 19 4 7 0.038602524 
813 526 5 5 0.038587715 
910 24 7 7 0.03857369 
719 32 8 11 0.038529992 
79 137 4 4 0.03850256 
348 137 4 4 0.03846706 
989 13 7 8 0.03838946 
719 264 27 25 0.038327668 
787 18 6 8 0.03829132 
590 28 4 4 0.038022775 
341 265 5 6 0.037938025 
833 1 5 5 0.037916623 
695 287 61 55 0.037912652 
762 285 103 80 0.037907813 
446 339 28 29 0.037760563 
947 423 7 7 0.03774611 
1001 462 6 5 0.03764552 
301 13 5 5 0.03758961 
111 104 5 5 0.03757434 
235 162 9 8 0.037529685 
770 306 32 28 0.037509814 
982 150 28 20 0.037494585 
646 173 8 6 0.037432875 
702 39 9 9 0.03743175 
860 299 11 9 0.037407923 
709 309 34 29 0.037402827 
927 7 5 6 0.03716892 
418 219 10 15 0.037160195 
993 462 5 5 0.037117217 
201 106 4 5 0.037068013 
972 1 7 8 0.037060738 
124 217 4 6 0.03705516 
181 279 21 25 0.03704346 
768 338 14 11 0.037016656 
601 2 6 5 0.036873884 
448 186 27 26 0.036863443 
726 266 15 13 0.03673562 
1002 370 29 26 0.03667396 
753 128 51 42 0.03665593 
791 286 28 22 0.036649242 
748 275 10 8 0.03664165 
201 135 4 5 0.036635034 
635 15 4 4 0.036623105 
272 304 3 4 0.03661695 
772 26 6 8 0.036568623 
422 174 21 29 0.036554735 
154 103 4 4 0.036498513 
189 106 4 4 0.03649118 
688 250 29 25 0.0364636 
670 133 11 8 0.036388457 
472 359 12 15 0.036375497 
516 297 402 401 0.0363586 
836 26 8 8 0.036354024 
743 51 40 35 0.036292218 
983 452 3 3 0.03629139 
995 444 5 5 0.036283348 
698 25 5 8 0.036264382 
673 18 5 6 0.036236424 
270 308 5 5 0.036167543 
302 9 4 4 0.036165964 
655 149 5 6 0.03614518 
435 322 66 59 0.036103915 
175 269 25 22 0.036081243 
661 9 5 4 0.036066595 
800 208 7 5 0.03605196 
716 192 8 9 0.03604551 
870 323 32 24 0.03599649 
553 8 3 4 0.03589058 
737 2 5 5 0.03588922 
910 440 30 30 0.035869252 
135 104 4 4 0.035852335 
630 28 3 4 0.035773564 
501 2 4 4 0.035752732 
77 142 4 5 0.035653573 
346 46 5 5 0.035648983 
672 27 5 6 0.03563119 
638 173 8 6 0.035580616 
270 314 5 6 0.035577483 
703 189 12 13 0.035508513 
658 123 6 6 0.035501365 
-61 171 332 477 0.035489026 
854 11 8 8 0.03548282 
372 258 27 29 0.035443366 
649 21 4 5 0.035421878 
432 258 12 14 0.03539776 
743 288 25 22 0.03539259 
806 211 32 18 0.03538948 
838 21 6 6 0.035378188 
953 343 29 24 0.0353771 
854 1 8 7 0.035299033 
109 105 28 24 0.035276912 
979 441 25 22 0.035235807 
1013 1 6 6 0.035223108 
135 210 7 6 0.035220306 
666 18 5 6 0.03519469 
646 159 23 23 0.03518278 
216 134 6 7 0.035179365 
986 5 7 8 0.03513169 
186 257 25 20 0.035104934 
650 166 11 11 0.035081442 
643 183 24 23 0.035079144 
818 531 6 8 0.03507543 
406 66 4 5 0.03501822 
666 50 7 7 0.03500269 
580 34 3 4 0.03498093 
795 29 10 12 0.034974515 
757 226 5 5 0.034962494 
1000 0 4 6 0.034962267 
895 53 30 25 0.03493615 
729 1 6 5 0.034929194 
611 29 3 4 0.0348773 
65 103 6 6 0.034843285 
687 32 6 7 0.034672283 
836 30 9 9 0.03466899 
913 244 8 7 0.03466708 
856 384 7 7 0.03465082 
467 346 100 78 0.03464942 
335 33 5 6 0.034636963 
976 566 13 11 0.034622658 
986 1 6 7 0.03458958 
942 541 26 30 0.034500636 
936 15 5 6 0.03446745 
423 214 24 30 0.03440208 
290 25 4 5 0.034249205 
837 11 7 8 0.034207385 
717 281 28 26 0.034166805 
347 207 84 88 0.034098018 
149 100 3 4 0.034067262 
392 51 5 6 0.034065995 
452 209 47 46 0.034036845 
130 264 98 75 0.034032367 
979 469 6 5 0.033944964 
693 21 4 4 0.033894643 
278 304 3 4 0.03387859 
715 185 8 7 0.033875912 
900 310 31 26 0.033840325 
534 3 3 3 0.033824816 
409 230 23 31 0.033807624 
863 379 8 8 0.03378786 
150 103 4 4 0.033786066 
226 156 4 5 0.03373921 
64 127 8 8 0.03373523 
1011 449 6 5 0.033718288 
425 47 3 4 0.033716828 
682 457 114 98 0.03369852 
189 292 7 9 0.03369383 
646 168 7 7 0.033667855 
930 356 31 30 0.033645056 
296 27 3 5 0.033631403 
804 303 11 11 0.03362319 
792 391 121 102 0.03361721 
425 21 4 5 0.033612337 
787 272 28 22 0.033610664 
813 311 27 21 0.033602785 
885 8 4 5 0.033599492 
284 330 6 9 0.03359141 
813 292 29 21 0.03346686 
607 52 6 6 0.0334648 
1001 469 6 5 0.033425108 
761 261 25 19 0.033413734 
806 208 7 5 0.033363968 
727 180 10 9 0.033358235 
1008 443 7 5 0.033322897 
850 23 10 11 0.03328281 
801 296 28 24 0.03325671 
874 191 27 24 0.033252742 
128 219 5 5 0.0332217 
1013 5 9 10 0.033181988 
789 14 5 7 0.03316746 
696 172 9 9 0.03312818 
721 173 10 8 0.033065982 
719 9 4 5 0.033042114 
383 224 28 30 0.033020787 
307 21 50 53 0.033009797 
952 31 9 8 0.032997012 
287 44 6 7 0.032992262 
191 81 28 30 0.0329712 
34 26 28 30 0.032953147 
360 15 4 6 0.032952443 
578 23 4 4 0.032937746 
808 344 214 163 0.0329256 
789 330 14 13 0.03288201 
963 550 31 25 0.032870304 
355 59 3 5 0.03285123 
809 2 4 5 0.03281965 
899 316 13 13 0.032814655 
665 437 6 7 0.032808397 
884 256 33 26 0.03278606 
699 175 26 25 0.032732505 
793 5 5 6 0.032730624 
691 26 4 6 0.032625392 
667 1 5 4 0.03262006 
852 364 14 13 0.032612048 
190 275 7 7 0.032536123 
833 13 6 6 0.03251756 
340 137 5 4 0.03251664 
1007 473 8 6 0.032502085 
339 139 7 7 0.032498952 
932 23 9 9 0.03249861 
546 333 133 80 0.032488246 
740 271 26 20 0.03247329 
904 2 4 5 0.03245901 
206 185 7 7 0.03245879 
186 279 8 9 0.0324064 
577 2 5 4 0.032395262 
686 2 5 4 0.03235203 
401 228 11 10 0.032339584 
-2 118 37 58 0.032317992 
979 430 57 55 0.032312393 
679 231 30 25 0.032302633 
921 24 7 6 0.03229506 
956 344 11 9 0.032293126 
155 207 5 4 0.03227551 
347 243 7 7 0.03226824 
323 258 4 6 0.032221876 
85 137 5 5 0.03220531 
500 372 31 29 0.032130457 
715 172 8 8 0.032127447 
715 179 9 8 0.032055594 
288 303 4 5 0.032043744 
792 14 6 8 0.03202627 
791 210 8 7 0.03201587 
825 531 6 7 0.03200756 
668 141 6 6 0.031985182 
201 194 5 5 0.031950746 
752 200 229 130 0.031927403 
820 526 5 6 0.0319239 
772 30 8 9 0.031863987 
226 142 5 5 0.031856906 
993 470 5 5 0.031845946 
697 38 7 8 0.031824987 
226 329 4 4 0.03180451 
802 298 11 9 0.03180225 
920 243 7 7 0.03179992 
590 33 5 5 0.03179911 
658 130 25 25 0.0317662 
734 205 25 28 0.031603023 
645 143 24 27 0.031549007 
159 282 6 5 0.031543583 
236 151 10 8 0.031533994 
1009 371 9 9 0.031531416 
518 402 10 12 0.03149176 
579 29 3 3 0.031459093 
800 210 7 6 0.03144674 
156 282 6 5 0.03142693 
661 26 5 6 0.031398263 
207 132 4 3 0.03139107 
128 225 5 5 0.031352047 
400 319 23 28 0.031331908 
672 31 6 7 0.031306263 
735 301 32 32 0.03129585 
567 2 4 4 0.031264775 
964 338 10 9 0.031236347 
710 172 8 8 0.031185584 
861 288 10 7 0.031184083 
771 204 62 48 0.031183278 
845 19 8 9 0.031118302 
791 206 8 6 0.031088512 
949 -2 5 3 0.031040236 
889 414 32 33 0.03102038 
346 195 28 30 0.031014813 
929 15 4 5 0.030969404 
571 1 4 4 0.030952368 
122 213 5 6 0.030950164 
985 468 7 6 0.030949948 
941 427 29 24 0.03094629 
342 268 6 7 0.030926233 
655 10 4 3 0.030873474 
914 251 6 5 0.03081395 
805 273 119 75 0.030813087 
199 261 26 24 0.030808665 
693 3 4 3 0.030793587 
395 235 10 11 0.030753694 
346 153 24 30 0.030724414 
969 538 28 24 0.030695887 
108 96 6 6 0.030688563 
725 2 5 5 0.03068806 
722 185 8 7 0.030683119 
665 167 7 8 0.030667141 
704 25 5 8 0.030660009 
72 142 5 5 0.03062177 
901 32 8 8 0.030612484 
939 226 34 17 0.03060895 
797 324 108 86 0.03059601 
201 131 4 4 0.030580094 
890 307 13 11 0.030557362 
1010 456 7 5 0.030525045 
780 31 6 7 0.030515868 
340 244 28 29 0.030479271 
40 453 114 135 0.030475024 
763 296 6 6 0.0304634 
71 136 5 5 0.030443486 
259 328 4 6 0.030414272 
1018 172 7 8 0.030352332 
862 281 10 8 0.030333223 
809 286 60 42 0.030303212 
730 18 7 9 0.03030194 
316 136 4 5 0.030287482 
762 282 7 5 0.03025892 
643 179 10 7 0.030251259 
792 218 8 7 0.030238468 
993 1 5 7 0.03022876 
967 4 9 10 0.030209716 
432 291 10 12 0.030192157 
840 329 5 5 0.030182838 
729 173 9 7 0.030173618 
698 9 4 4 0.030165752 
992 460 26 24 0.03012262 
136 196 106 80 0.030118315 
768 324 63 53 0.03009631 
656 159 10 10 0.030086016 
420 418 3 5 0.030070812 
359 98 5 5 0.030061355 
749 3 6 5 0.030045822 
285 308 6 7 0.030042939 
795 302 15 15 0.030005237 
265 314 4 6 0.030004777 
89 66 7 7 0.03000092 
424 59 4 5 0.029998062 
155 101 3 3 0.029955342 
686 165 26 26 0.029953249 
850 381 7 9 0.029949313 
848 361 32 28 0.029929401 
878 2 4 4 0.029917844 
849 19 9 9 0.029909113 
891 54 17 12 0.029906053 
207 146 9 10 0.02989232 
767 516 30 32 0.029890094 
996 30 10 11 0.029877707 
920 257 8 7 0.029871171 
379 246 14 14 0.029871115 
898 184 29 25 0.02986884 
843 24 9 9 0.029867744 
281 316 8 11 0.02984245 
966 12 10 11 0.029841559 
921 251 7 6 0.029833056 
783 14 4 6 0.029824128 
674 169 26 30 0.029799366 
845 464 36 27 0.029776055 
767 275 9 7 0.029768728 
690 341 30 33 0.029766206 
823 517 9 12 0.029742716 
811 523 23 28 0.029732134 
831 20 6 7 0.029731855 
773 19 5 7 0.029729638 
811 403 33 29 0.029723287 
642 15 4 4 0.029706381 
660 149 6 7 0.029677976 
192 230 37 32 0.029677464 
684 131 26 26 0.029674836 
665 149 7 7 0.029668849 
927 1 5 5 0.029665004 
720 16 8 11 0.029651929 
849 272 32 24 0.029637095 
119 109 12 9 0.029629268 
753 261 12 8 0.029608 
520 406 15 16 0.029604329 
1004 141 6 5 0.029592495 
861 370 11 10 0.029586526 
726 381 33 29 0.029571537 
129 66 8 6 0.029570224 
350 94 25 28 0.029567743 
658 153 7 7 0.029524926 
127 131 7 9 0.029476987 
476 41 4 5 0.029457713 
204 200 6 6 0.02945688 
781 27 6 7 0.02942715 
909 330 51 53 0.029415945 
385 28 4 4 0.029402753 
322 53 26 29 0.029342066 
728 276 8 8 0.029330634 
204 192 7 7 0.029312637 
931 316 120 96 0.029310117 
147 200 5 5 0.029303528 
1018 449 6 6 0.029284356 
1009 336 10 10 0.029277004 
401 235 10 11 0.029246932 
287 44 53 49 0.029239694 
408 194 50 60 0.029231738 
789 323 14 13 0.029227946 
913 24 8 7 0.029220602 
302 57 11 14 0.02921045 
558 8 3 4 0.029198872 
416 41 4 5 0.02919245 
610 22 4 4 0.029188802 
700 477 28 30 0.029183399 
354 72 3 4 0.029181354 
686 439 26 26 0.02914606 
721 179 10 9 0.02912667 
796 344 13 12 0.02912535 
451 204 26 26 0.029116971 
977 29 9 9 0.02911658 
268 390 7 9 0.02909298 
475 2 3 5 0.02909297 
996 453 8 7 0.029087506 
544 27 5 4 0.029087257 
545 8 3 5 0.029054161 
325 155 31 29 0.029041737 
59 104 4 5 0.029028688 
659 139 7 9 0.029008701 
367 15 4 4 0.029003082 
179 275 7 7 0.028988643 
339 34 6 5 0.028986964 
340 72 5 5 0.02897757 
-4 151 37 51 0.028961286 
158 283 25 24 0.028947199 
703 173 8 8 0.028946487 
168 310 6 5 0.028894033 
998 358 26 28 0.028881228 
380 28 4 4 0.028861161 
826 526 6 7 0.02885491 
1018 462 6 6 0.02883789 
652 159 9 9 0.028835349 
966 325 28 28 0.028802335 
860 370 31 28 0.028785301 
990 545 10 8 0.028767474 
634 180 14 10 0.028694237 
582 1 5 5 0.028691234 
409 183 27 29 0.028688816 
370 20 5 6 0.028679788 
679 1 5 4 0.028669655 
886 300 11 9 0.028655645 
265 309 5 6 0.028654102 
310 313 26 24 0.028644111 
1001 438 6 4 0.028639449 
940 431 5 6 0.028589295 
810 290 9 6 0.028577836 
978 38 8 7 0.02857489 
667 133 7 8 0.028563801 
335 264 5 7 0.028551742 
64 155 6 8 0.028516926 
765 330 32 25 0.028515771 
125 224 4 6 0.028513582 
-62 -113 430 387 0.028482242 
398 51 5 6 0.028466523 
351 211 26 28 0.02846631 
823 364 30 25 0.028432937 
344 33 8 7 0.028414214 
971 13 8 8 0.028407909 
1010 469 7 5 0.028402815 
667 181 25 27 0.028370949 
183 290 11 12 0.028366663 
380 73 4 4 0.028353449 
742 2 6 5 0.028352806 
685 519 6 6 0.02835194 
377 50 7 8 0.028341552 
846 528 14 16 0.028314706 
648 16 4 4 0.028307345 
64 134 5 6 0.028302059 
347 58 4 6 0.028273813 
937 422 9 9 0.028261228 
645 159 8 8 0.028259289 
202 263 9 7 0.028236657 
212 264 7 6 0.0282331 
926 401 31 32 0.02822822 
673 1 5 4 0.028223539 
232 153 7 7 0.028211907 
998 545 8 7 0.028182827 
529 420 28 28 0.028178882 
51 80 26 23 0.028178675 
412 26 4 7 0.028156642 
343 266 11 15 0.02815026 
887 45 31 18 0.028149558 
315 9 5 4 0.028130893 
820 6 6 7 0.028111424 
900 296 8 7 0.028101807 
269 384 5 7 0.028097725 
826 306 33 23 0.028038172 
993 455 5 5 0.02803567 
346 141 4 5 0.02802822 
629 22 3 3 0.02802728 
261 337 6 10 0.028004993 
666 122 24 20 0.02796457 
683 261 25 23 0.027950492 
141 187 6 5 0.027916977 
758 232 5 5 0.027870864 
201 142 4 5 0.027870316 
148 207 5 4 0.027864859 
741 193 31 22 0.027864529 
870 248 31 28 0.027846526 
665 173 7 8 0.027840514 
670 444 29 25 0.027809942 
979 1 5 7 0.027809026 
230 142 6 6 0.027798172 
710 248 13 10 0.02779641 
712 15 4 5 0.02779105 
668 27 5 6 0.027789602 
417 45 4 6 0.027788358 
993 438 5 5 0.027770657 
546 3 3 3 0.027742764 
1010 462 7 5 0.02773715 
821 219 27 28 0.027724607 
298 13 3 5 0.02771036 
294 312 6 9 0.027701084 
733 184 9 8 0.027700577 
891 333 26 28 0.027695514 
538 9 4 4 0.027694356 
764 230 30 24 0.027691567 
844 522 30 29 0.027688952 
489 42 3 4 0.02767408 
997 19 7 9 0.027654968 
154 212 7 6 0.027631499 
824 16 6 7 0.027630657 
333 14 5 5 0.027620357 
867 280 11 10 0.0276076 
90 136 5 6 0.027598979 
618 23 3 3 0.02759237 
110 109 8 8 0.027586512 
341 248 5 7 0.027563598 
664 159 9 9 0.027550532 
984 545 10 8 0.027538162 
935 438 5 4 0.02753206 
284 27 3 5 0.027527258 
850 45 10 9 0.027517686 
299 102 29 33 0.027500745 
960 437 6 5 0.02748685 
724 317 15 15 0.02748532 
393 227 13 13 0.027473455 
554 4 3 3 0.027463939 
655 171 10 9 0.027448375 
45 169 6 6 0.027428316 
1014 327 11 13 0.0274239 
984 24 9 10 0.027422419 
791 287 11 9 0.027371967 
732 12 18 24 0.027369736 
1018 255 6 7 0.027362261 
895 294 32 27 0.027362235 
211 382 108 103 0.027358795 
767 212 32 25 0.02734025 
759 274 10 7 0.027307268 
199 274 8 7 0.027285017 
1004 150 6 5 0.027278854 
231 149 7 6 0.02726745 
869 288 9 8 0.027221574 
52 166 6 7 0.027211642 
842 32 8 8 0.027211623 
902 346 7 8 0.027208375 
728 363 32 31 0.027202554 
726 27 21 23 0.027174741 
132 65 10 9 0.027172018 
690 259 13 11 0.027141027 
658 126 9 10 0.0271391 
878 214 7 5 0.027136778 
640 331 29 31 0.027135905 
360 53 3 5 0.02713311 
160 301 7 8 0.027132856 
467 351 10 13 0.02712983 
874 369 12 11 0.027128799 
665 430 7 8 0.027122935 
752 331 12 11 0.027114557 
180 206 6 6 0.027110476 
519 1 4 5 0.027107978 
526 472 32 25 0.02706593 
130 206 5 5 0.027051471 
963 246 58 49 0.027049242 
996 139 9 7 0.02704574 
475 369 29 27 0.027036734 
-7 -237 63 143 0.027006295 
336 51 5 6 0.02699906 
678 461 8 9 0.026976077 
851 44 22 17 0.026975488 
571 35 4 4 0.026968153 
234 110 334 312 0.026963614 
984 474 8 7 0.02696205 
745 331 12 11 0.026960667 
138 404 10 16 0.026899582 
859 32 23 18 0.02688991 
623 16 3 4 0.026888056 
420 238 11 15 0.026887152 
154 201 5 4 0.0268868 
794 149 5 7 0.026876 
653 24 5 7 0.026875889 
825 397 34 29 0.02687569 
751 280 10 8 0.02687395 
413 21 4 5 0.026871974 
669 166 10 10 0.026854401 
907 295 8 8 0.026840456 
129 98 5 4 0.026786797 
868 295 12 8 0.026770849 
659 118 5 4 0.026733825 
61 167 7 8 0.026729668 
813 210 18 10 0.026724393 
412 60 3 4 0.02670977 
328 15 5 6 0.026705999 
878 149 27 29 0.026698561 
346 20 5 5 0.026685549 
709 179 9 9 0.026679903 
636 21 4 5 0.0266768 
302 285 25 27 0.026662009 
738 352 32 30 0.026661463 
901 243 29 25 0.026660645 
836 532 26 28 0.026658902 
1018 70 6 7 0.02664871 
70 156 8 11 0.026646635 
867 43 10 9 0.026626159 
430 187 12 15 0.026612073 
1017 364 7 7 0.026604885 
571 22 4 5 0.026600484 
746 210 8 8 0.026595732 
425 233 10 14 0.026551377 
828 200 15 9 0.026547564 
641 127 23 31 0.026531558 
159 210 12 9 0.026508924 
679 18 4 6 0.026487906 
686 532 5 5 0.026484014 
297 309 4 6 0.02647395 
900 287 10 8 0.026472509 
730 4 18 19 0.026463103 
951 5 7 8 0.026460052 
901 299 8 8 0.02645988 
913 417 32 29 0.026454387 
138 100 3 3 0.026429813 
639 169 8 6 0.026426908 
965 549 9 10 0.026420105 
973 39 9 6 0.026418393 
270 72 3 4 0.02641212 
857 6 20 20 0.026408728 
322 9 4 4 0.026400333 
608 2 5 4 0.026380613 
833 25 7 8 0.02635337 
209 168 44 50 0.02633791 
799 26 7 9 0.026336959 
931 338 37 29 0.026336033 
286 326 7 11 0.026332648 
347 9 4 4 0.026322274 
348 125 3 4 0.026310155 
734 172 11 8 0.02629892 
512 391 9 8 0.026294095 
365 98 5 6 0.026264342 
998 325 28 28 0.026252292 
726 287 12 10 0.026238825 
878 218 6 6 0.026237227 
868 370 11 10 0.026230395 
205 105 5 5 0.026225412 
128 212 6 6 0.026221892 
226 159 5 7 0.026198221 
631 34 4 4 0.026197517 
672 301 27 27 0.02619438 
341 65 4 6 0.026190946 
977 470 25 23 0.026185162 
721 191 7 7 0.026162859 
815 53 7 8 0.0261491 
919 31 9 9 0.026143342 
524 382 8 8 0.026121559 
679 34 4 6 0.026121091 
347 71 5 6 0.026113397 
153 277 6 5 0.026098605 
410 66 4 5 0.02607531 
879 465 126 103 0.026074776 
851 39 7 7 0.026068607 
283 110 5 5 0.02606571 
279 78 4 5 0.026062554 
839 1 4 5 0.026054092 
976 456 4 5 0.026046403 
265 301 5 6 0.026019458 
817 293 14 9 0.026017275 
993 474 6 6 0.025981342 
484 8 3 4 0.025975138 
240 271 112 117 0.025957935 
809 5 5 7 0.02595314 
891 213 31 22 0.02594153 
141 193 6 6 0.025940705 
986 437 6 6 0.025907986 
829 325 10 8 0.02589284 
148 307 56 56 0.025888637 
714 174 22 20 0.025874462 
811 300 8 7 0.025874281 
341 8 4 4 0.025852164 
842 4 19 21 0.025847835 
882 224 35 26 0.025834752 
813 2 5 6 0.025827996 
629 16 4 3 0.02582497 
672 186 7 7 0.025813447 
501 412 32 32 0.025804274 
656 193 11 12 0.025803639 
592 1 4 5 0.025801873 
73 148 5 7 0.025800526 
327 8 5 5 0.02579961 
497 2 3 4 0.02578411 
300 32 6 6 0.025783839 
162 103 4 5 0.025780607 
420 319 7 9 0.0257775 
376 57 7 9 0.025770158 
718 181 44 48 0.025766399 
872 230 29 28 0.025761982 
951 17 8 9 0.025753465 
232 164 8 9 0.02574678 
489 3 3 4 0.02571937 
705 9 4 5 0.025716128 
989 431 27 21 0.025705967 
833 539 5 6 0.025700873 
703 32 6 8 0.025669286 
682 271 29 31 0.025668597 
778 345 10 9 0.025660668 
1000 8 4 6 0.025653647 
139 36 7 8 0.025630437 
326 40 5 5 0.025628129 
507 2 3 4 0.025620256 
713 311 13 12 0.02559528 
606 29 3 4 0.025580423 
627 169 29 21 0.025565011 
640 160 8 7 0.025558027 
833 8 5 5 0.025530575 
769 284 6 6 0.025523078 
341 130 4 4 0.025520492 
277 85 4 4 0.025514813 
256 164 9 8 0.025498623 
673 180 5 6 0.025493529 
343 466 25 35 0.025486702 
982 530 28 25 0.025480904 
640 184 12 10 0.025467465 
924 -1 4 2 0.025462024 
691 171 49 49 0.025448043 
838 532 8 9 0.025422748 
756 219 5 5 0.025417604 
68 121 8 8 0.025399784 
783 19 5 6 0.025394721 
161 278 6 4 0.025381943 
331 20 8 8 0.025378747 
348 163 5 5 0.02537606 
159 301 25 24 0.025375735 
-54 416 295 488 0.025355598 
786 329 31 26 0.02534527 
698 2 5 4 0.025343386 
853 376 11 11 0.025333604 
941 436 5 5 0.025330475 
143 264 28 23 0.025317684 
404 50 6 6 0.025315944 
348 271 26 27 0.025314199 
191 271 23 26 0.025303721 
597 1 5 6 0.025291093 
965 33 25 20 0.02528699 
361 153 33 32 0.025285615 
245 411 116 114 0.025275938 
899 37 11 8 0.025274152 
199 186 7 6 0.025273813 
923 434 26 24 0.025245886 
981 46 24 31 0.025239587 
399 81 3 3 0.025234448 
539 334 16 18 0.02522958 
52 161 6 7 0.025202103 
813 520 5 6 0.025200598 
663 180 89 92 0.025188569 
918 -2 4 3 0.025187844 
276 326 5 7 0.025183788 
166 193 8 6 0.025173696 
348 14 3 4 0.025150197 
882 288 29 24 0.025146034 
800 199 8 5 0.025125429 
458 356 12 14 0.025125377 
721 263 13 11 0.025121126 
791 187 26 20 0.025112929 
197 281 9 10 0.025109 
791 162 4 4 0.025104005 
893 295 10 8 0.025083805 
501 429 117 95 0.025068268 
839 562 31 29 0.025063677 
269 78 4 5 0.025050642 
58 135 6 7 0.025041465 
992 7 5 6 0.025038289 
390 58 5 6 0.025027918 
445 344 7 9 0.025008613 
92 69 9 8 0.024996381 
799 560 29 30 0.024983915 
148 92 6 5 0.024982935 
851 30 8 9 0.02497657 
636 35 3 4 0.024964843 
169 290 25 25 0.024960838 
428 250 23 25 0.024950357 
155 272 5 4 0.024944441 
104 129 5 7 0.024942417 
865 282 30 25 0.024930146 
715 150 26 23 0.024925902 
763 14 17 22 0.02491289 
661 335 5 5 0.024910156 
654 154 6 7 0.024908965 
73 151 8 11 0.024904775 
882 212 10 7 0.024896337 
740 205 12 13 0.024894139 
374 191 32 27 0.024890868 
121 72 6 6 0.024880443 
892 299 11 9 0.02487496 
199 199 6 5 0.024873823 
512 402 9 10 0.024865026 
743 252 29 22 0.024865013 
220 149 4 5 0.024860395 
157 479 94 109 0.024855943 
264 393 6 7 0.024843493 
386 74 3 3 0.024837125 
834 235 238 156 0.02483623 
696 448 9 9 0.02483014 
77 96 41 42 0.024827104 
383 32 5 6 0.024824616 
676 484 32 33 0.024797827 
668 241 32 23 0.024786524 
927 446 10 9 0.024775892 
584 22 4 4 0.024761109 
964 454 24 24 0.024759041 
204 268 9 7 0.02475796 
268 186 9 8 0.024746647 
489 430 14 17 0.02474163 
295 32 5 6 0.024740696 
59 107 19 19 0.024731154 
86 148 4 5 0.024728334 
794 515 25 28 0.024721341 
127 115 7 8 0.024713289 
348 167 5 6 0.024707124 
952 36 98 95 0.024700513 
148 240 5 4 0.024690213 
953 334 14 14 0.024688808 
769 279 30 24 0.024683658 
334 8 5 5 0.024676135 
914 317 31 30 0.024674833 
737 325 14 14 0.024674006 
649 258 87 96 0.024669806 
913 257 8 6 0.024668079 
226 148 4 6 0.024665888 
373 71 4 5 0.024631577 
331 42 23 30 0.024608899 
660 341 5 6 0.024602858 
633 172 9 7 0.024592046 
978 323 57 50 0.02459073 
440 170 28 23 0.024574494 
821 550 33 30 0.024568152 
558 3 4 4 0.024555665 
199 95 7 8 0.024551861 
989 23 10 12 0.024551488 
647 155 6 6 0.024547972 
226 166 5 7 0.024538355 
653 434 51 51 0.024524838 
341 2 5 5 0.024524195 
713 125 24 26 0.024512984 
284 45 6 6 0.02450969 
665 128 9 9 0.024506629 
990 479 9 8 0.024489561 
987 444 5 5 0.024485178 
841 530 11 13 0.024464618 
3 112 23 30 0.024462238 
852 228 72 53 0.024461327 
662 1 4 5 0.024450088 
1018 361 6 6 0.024446871 
741 5 18 20 0.024446154 
667 46 6 7 0.024441663 
671 414 30 29 0.024441354 
205 180 7 7 0.024428148 
666 241 7 9 0.024424493 
885 3 4 4 0.02442363 
671 173 7 8 0.024420206 
890 143 6 5 0.024419412 
688 504 12 12 0.024414856 
373 27 3 5 0.024411056 
539 14 5 5 0.024400314 
193 110 4 4 0.024392916 
854 -232 263 176 0.024392592 
874 281 11 9 0.02439022 
346 79 4 5 0.024386566 
346 246 8 10 0.024376709 
737 332 32 25 0.024373615 
122 104 7 6 0.024372283 
489 54 4 5 0.024368409 
935 1 4 5 0.02436748 
445 184 10 9 0.024354063 
465 208 26 25 0.02435276 
749 508 32 34 0.024348635 
216 268 8 7 0.024344876 
688 387 35 30 0.024340264 
380 21 3 4 0.024337132 
816 317 15 11 0.02432967 
665 180 7 7 0.024296131 
892 326 11 10 0.024288576 
615 52 7 6 0.024283184 
778 582 24 24 0.02427677 
806 525 6 7 0.024274815 
218 130 5 6 0.024262184 
699 108 30 23 0.02426195 
1013 154 5 5 0.024256768 
998 38 26 26 0.024254713 
245 59 5 5 0.024252566 
992 327 16 14 0.02424464 
857 295 10 7 0.024243774 
761 31 7 9 0.024231011 
826 8 6 5 0.024219187 
679 529 7 8 0.024218813 
826 207 28 20 0.024216112 
852 391 6 6 0.024208056 
820 13 19 22 0.02420082 
751 322 14 15 0.024197588 
441 191 7 10 0.024179164 
668 139 54 56 0.02417895 
650 189 12 13 0.024175756 
213 103 5 6 0.024167152 
223 135 6 6 0.024148053 
57 0 7 8 0.024147548 
166 293 9 9 0.024144704 
724 13 41 42 0.024124097 
479 359 13 15 0.024122637 
905 255 31 27 0.024118714 
353 47 5 6 0.024111222 
63 148 5 6 0.024104489 
166 243 31 27 0.024095418 
159 158 30 30 0.02409507 
666 123 6 6 0.024092674 
899 169 27 24 0.024086317 
479 393 10 12 0.024062814 
708 39 7 9 0.024050051 
185 270 6 6 0.024033694 
735 290 7 6 0.024033569 
667 205 24 29 0.02402698 
1012 171 21 29 0.024023302 
473 368 10 12 0.023991568 
406 59 4 5 0.023967803 
802 351 12 11 0.023954976 
129 230 4 6 0.023951638 
1000 155 10 6 0.023945792 
882 239 35 26 0.023934912 
993 313 32 26 0.023933724 
688 538 32 32 0.023929738 
828 515 12 15 0.02392565 
94 65 7 6 0.023920584 
746 260 12 9 0.023917885 
1018 468 6 6 0.023910236 
975 451 4 4 0.023909282 
1004 431 9 7 0.023888709 
916 186 29 25 0.023878533 
333 66 5 5 0.023872657 
367 39 5 7 0.023852557 
64 141 5 6 0.02384653 
186 132 46 52 0.023843871 
758 22 18 23 0.02383627 
882 207 9 6 0.023834497 
187 320 6 7 0.023830356 
336 118 3 3 0.02381515 
46 39 6 7 0.023797065 
583 34 4 4 0.023792565 
928 448 33 28 0.023788033 
360 104 4 4 0.02377934 
198 294 7 9 0.023778468 
48 175 91 126 0.023769172 
731 533 14 18 0.02376601 
438 177 11 12 0.023758648 
758 262 14 10 0.023757165 
236 142 8 7 0.023744904 
998 473 7 6 0.023742026 
190 281 8 8 0.02373138 
172 287 8 8 0.023727262 
191 84 8 9 0.023724154 
632 169 8 6 0.023719346 
845 273 16 13 0.023707995 
914 418 113 88 0.023702588 
383 246 26 28 0.023701707 
993 442 22 19 0.023684554 
394 292 25 25 0.023672884 
576 14 5 4 0.02367282 
160 389 7 10 0.023671454 
515 -1 3 2 0.023665912 
914 226 24 23 0.02366481 
669 158 10 11 0.02366227 
833 532 5 7 0.023661008 
68 132 35 51 0.023645755 
855 287 11 8 0.023645014 
187 199 5 5 0.023626845 
751 295 10 9 0.023614142 
701 156 25 24 0.023589473 
66 85 11 12 0.023589352 
456 -2 5 3 0.023589123 
864 262 31 27 0.02356944 
520 380 8 9 0.023566967 
57 144 7 10 0.023563229 
712 242 14 11 0.023552975 
807 155 6 6 0.023549853 
505 392 12 12 0.023545261 
159 383 8 9 0.023537165 
227 206 3 4 0.023509245 
443 219 30 31 0.02350407 
367 19 4 5 0.02350327 
974 462 5 5 0.023493411 
1005 323 16 15 0.023492964 
835 523 11 13 0.023490816 
192 193 5 6 0.023484567 
104 104 5 6 0.02347761 
831 30 9 9 0.023469562 
14 80 22 27 0.02345914 
895 339 8 8 0.023458688 
475 6 4 6 0.023457414 
891 235 65 48 0.023453973 
566 9 3 4 0.023447508 
643 33 4 6 0.023444278 
708 390 31 27 0.023438785 
704 248 27 22 0.023437958 
486 390 33 31 0.023436207 
393 73 3 4 0.023435622 
609 31 5 6 0.023426259 
227 175 12 17 0.023424445 
425 34 4 5 0.023423566 
642 206 25 29 0.023418078 
154 206 24 19 0.02339882 
860 362 13 13 0.023393665 
697 42 8 9 0.023385093 
945 357 11 10 0.023381522 
323 261 6 8 0.023361314 
488 21 4 5 0.02334507 
806 199 8 5 0.023339247 
762 217 8 8 0.023338469 
722 159 9 7 0.023335962 
702 261 10 10 0.023326505 
457 0 5 5 0.023325354 
639 128 11 10 0.023318706 
923 46 7 6 0.023313044 
796 336 14 13 0.023304317 
308 138 5 4 0.023295373 
393 33 5 7 0.023294397 
668 507 25 26 0.023281671 
676 123 11 8 0.023275409 
968 462 5 6 0.02326162 
998 13 5 6 0.023261094 
69 103 6 5 0.023256427 
445 340 5 6 0.023243386 
285 22 2 4 0.023234542 
483 42 3 3 0.023220366 
895 279 31 24 0.023219844 
898 430 26 29 0.023203805 
836 345 31 30 0.023193493 
302 85 6 5 0.02318819 
977 5 6 8 0.023183778 
669 152 9 9 0.023183735 
869 382 30 26 0.02317888 
909 177 27 23 0.023169272 
1006 -2 4 4 0.023144126 
727 346 12 10 0.023127705 
985 46 7 9 0.023127165 
875 289 9 7 0.02311689 
608 164 216 154 0.023116587 
403 203 8 9 0.023115434 
847 381 26 29 0.023111776 
964 550 58 45 0.023096567 
161 307 7 7 0.023090705 
532 13 5 5 0.023089884 
365 52 4 6 0.023083122 
654 122 54 50 0.023074267 
949 12 9 10 0.023069665 
628 262 52 60 0.023061682 
786 355 35 27 0.023058493 
301 301 27 26 0.023057945 
341 14 4 5 0.023055576 
676 159 8 9 0.023040056 
721 237 9 8 0.023039965 
296 303 3 5 0.023037769 
989 261 27 28 0.023036633 
906 287 10 9 0.023033015 
983 153 14 11 0.02302985 
166 309 26 26 0.02302881 
322 184 30 29 0.023023607 
143 93 4 4 0.02302205 
743 290 7 6 0.023020176 
565 494 27 29 0.023006696 
855 282 11 8 0.023004336 
308 9 4 4 0.023003874 
187 79 5 7 0.02299503 
781 180 28 21 0.02299308 
339 27 5 5 0.022983324 
782 317 15 13 0.022982066 
312 32 8 8 0.022977605 
323 20 27 29 0.022972908 
973 170 34 22 0.022966476 
217 173 7 9 0.022961352 
744 275 8 7 0.022958014 
276 59 22 29 0.022957392 
722 23 7 11 0.022953507 
552 15 4 4 0.0229488 
347 65 4 6 0.02292646 
412 79 4 4 0.0229106 
858 392 5 5 0.022898212 
889 364 31 27 0.022892538 
596 33 4 6 0.022886172 
995 149 11 7 0.022884734 
356 18 4 6 0.022883277 
953 314 30 28 0.02287923 
380 32 5 5 0.022870822 
458 151 34 32 0.02286844 
335 58 5 5 0.022838736 
399 59 4 5 0.022834897 
148 194 4 4 0.022834463 
740 216 10 10 0.022833938 
1019 168 6 8 0.022832023 
648 26 5 7 0.022831129 
683 123 7 6 0.022829968 
553 34 7 6 0.022817574 
870 204 26 23 0.022809554 
823 -3 21 18 0.0228093 
760 37 8 9 0.022797426 
711 32 6 8 0.02278398 
439 27 3 5 0.02277449 
1018 179 7 9 0.022769902 
545 21 5 4 0.022767127 
168 313 8 6 0.022761388 
472 424 11 14 0.022752523 
723 129 7 6 0.022748759 
678 532 31 25 0.022739338 
832 6 19 21 0.022739122 
324 458 30 34 0.022734294 
418 21 3 6 0.02272461 
721 242 10 9 0.022720192 
578 504 28 29 0.022717848 
738 33 12 13 0.022712909 
186 218 5 5 0.022707628 
696 296 33 29 0.022697652 
763 290 5 5 0.022694334 
801 18 5 8 0.022691105 
231 161 7 7 0.022679223 
1014 360 5 5 0.022671985 
960 18 9 9 0.022670124 
806 519 7 6 0.022657061 
415 203 9 11 0.02265026 
900 282 10 7 0.022648908 
651 38 6 8 0.02264722 
949 431 5 5 0.022645177 
960 13 7 8 0.02263787 
85 128 7 6 0.022616047 
802 169 5 5 0.022608412 
792 201 8 5 0.02260765 
538 20 6 5 0.022603126 
122 65 7 6 0.02260188 
910 152 30 25 0.022596942 
695 164 10 9 0.022585666 
339 20 6 5 0.022584325 
422 194 24 28 0.022583526 
147 124 102 108 0.0225824 
306 31 8 8 0.022580855 
366 104 5 4 0.022574063 
795 154 4 5 0.022573529 
469 39 4 6 0.022567838 
303 20 4 5 0.022567105 
677 139 7 8 0.022557786 
888 282 10 7 0.022549309 
443 22 5 6 0.02254717 
591 22 4 4 0.022541128 
315 130 31 28 0.022541098 
959 1 6 5 0.02253619 
716 7 18 21 0.022525694 
879 30 10 8 0.022524817 
350 39 6 6 0.022505688 
192 243 46 44 0.022500547 
336 112 3 3 0.02249887 
707 186 10 9 0.022495613 
135 85 4 5 0.02249056 
906 38 9 7 0.022483647 
641 21 4 4 0.022465855 
128 58 7 6 0.022458829 
174 282 6 6 0.022451453 
586 29 3 3 0.022448834 
883 -3 20 20 0.02244234 
19 32 30 26 0.022433769 
57 88 9 9 0.022423858 
648 343 34 36 0.022422368 
937 8 4 5 0.022420434 
349 172 34 29 0.022408284 
754 31 7 10 0.022399416 
486 6 4 6 0.022393592 
226 201 4 5 0.02239247 
604 48 4 4 0.022390543 
922 529 27 29 0.022386339 
690 165 9 9 0.022386055 
643 38 4 5 0.022382151 
988 549 10 8 0.022377416 
949 203 29 24 0.02237335 
830 524 8 10 0.022371536 
950 564 27 25 0.022371115 
934 430 6 6 0.022365658 
308 26 6 5 0.022363909 
991 29 9 11 0.022354925 
959 249 30 28 0.022352643 
783 134 25 27 0.022349402 
112 193 11 13 0.022336446 
660 148 24 26 0.022316908 
733 347 10 8 0.0223097 
755 199 8 7 0.022302229 
347 233 32 28 0.022295091 
963 573 28 30 0.022294302 
307 36 9 9 0.022292182 
947 451 24 25 0.022280142 
1013 151 4 3 0.022271955 
376 62 7 8 0.022264052 
266 73 3 3 0.022262726 
456 9 4 5 0.022259759 
895 150 29 27 0.022239966 
982 146 52 47 0.022233633 
650 175 12 11 0.022230616 
252 66 4 4 0.022226848 
374 52 5 6 0.022226427 
661 328 6 6 0.022224883 
985 25 51 48 0.02222043 
646 32 5 7 0.022215445 
958 543 10 11 0.022211468 
783 -2 4 3 0.022205241 
752 36 9 10 0.022199744 
429 34 4 5 0.02218881 
800 218 7 6 0.022186829 
802 7 5 6 0.022178184 
796 280 16 11 0.022169756 
946 31 10 9 0.022159513 
689 205 8 9 0.022159098 
737 539 15 18 0.022154607 
54 104 3 5 0.022154214 
478 228 27 31 0.022151059 
830 333 8 7 0.022146909 
845 11 8 9 0.02214539 
140 277 9 7 0.022144936 
391 64 5 6 0.022141833 
339 56 6 7 0.022137627 
136 218 6 5 0.0221376 
902 200 8 5 0.02213453 
334 268 7 9 0.022125289 
686 527 4 5 0.022124058 
388 240 11 12 0.022115555 
173 310 5 5 0.022111062 
710 134 9 9 0.022095641 
714 237 11 10 0.022095501 
513 396 7 8 0.022089545 
698 221 27 24 0.022076776 
121 128 9 9 0.022070095 
167 301 7 7 0.02206564 
676 154 8 8 0.022062868 
51 96 36 41 0.022045415 
960 526 24 29 0.022037918 
452 352 28 29 0.022037366 
731 24 7 11 0.022027144 
396 242 9 11 0.022020556 
326 262 6 8 0.022019679 
241 141 10 7 0.022017099 
656 178 11 10 0.022014555 
394 80 2 3 0.022006769 
622 31 4 6 0.021997904 
398 46 6 7 0.021993909 
186 207 5 5 0.021990914 
402 243 8 10 0.021962466 
45 193 7 8 0.021955041 
490 419 29 34 0.021954909 
128 46 6 6 0.021951064 
298 10 3 4 0.021949792 
892 36 24 16 0.021945253 
356 7 4 6 0.02194239 
217 260 10 9 0.021941904 
705 2 5 4 0.02194155 
870 379 8 7 0.021940712 
335 104 4 5 0.021939065 
321 251 4 6 0.021938892 
65 148 19 26 0.021937003 
725 172 24 21 0.021932961 
32 14 5 5 0.021931008 
373 33 3 5 0.0219253 
691 520 6 6 0.021924464 
235 502 27 22 0.021921678 
869 299 12 9 0.02191601 
160 294 8 9 0.02191336 
821 205 16 8 0.021903431 
783 261 12 10 0.02189672 
134 46 5 6 0.021890702 
185 311 6 9 0.02188853 
663 231 9 9 0.02188116 
811 499 30 31 0.021865277 
795 -2 5 3 0.021863803 
57 141 6 7 0.021861732 
852 398 6 6 0.021851782 
93 115 9 10 0.021848807 
759 49 24 19 0.0218452 
654 172 25 26 0.02184463 
193 200 6 5 0.021840861 
635 40 4 4 0.021838792 
689 464 11 11 0.021834677 
824 328 29 27 0.021833403 
65 27 5 6 0.021832557 
682 291 33 27 0.02183182 
46 8 5 5 0.021814989 
59 113 9 9 0.02180583 
53 1 6 6 0.0218014 
900 307 11 11 0.021784363 
63 1 5 7 0.021781899 
879 225 5 5 0.021780401 
210 272 10 11 0.021772014 
202 143 81 93 0.021763125 
653 327 7 7 0.021760728 
134 109 5 5 0.021758035 
420 204 12 14 0.021747833 
349 247 11 11 0.021745874 
346 27 5 6 0.021734674 
709 92 29 26 0.021732112 
724 187 105 89 0.021707542 
226 140 24 23 0.021692926 
696 -24 22 22 0.021685721 
811 305 9 9 0.021673722 
1006 6 6 7 0.021671958 
368 33 5 6 0.021665331 
796 99 28 27 0.02166476 
794 373 34 34 0.02166148 
682 470 11 13 0.021647949 
790 33 12 12 0.021638041 
205 160 8 8 0.021635681 
354 66 4 5 0.021633532 
223 164 22 25 0.021617334 
361 71 3 5 0.021615589 
677 451 12 11 0.021613846 
1013 67 5 5 0.021610029 
342 84 5 6 0.021596204 
727 249 13 13 0.0215872 
687 190 26 29 0.02158146 
124 97 5 5 0.021579742 
378 234 16 16 0.021578932 
677 203 10 12 0.021570364 
572 28 3 3 0.021562861 
271 66 3 4 0.021561742 
668 40 5 6 0.021561686 
483 2 3 4 0.021559054 
597 28 4 4 0.021555323 
418 410 5 7 0.02155283 
355 2 4 5 0.021541584 
930 219 14 10 0.021524878 
748 286 11 10 0.021521552 
355 98 4 5 0.021514324 
42 15 5 5 0.021511996 
936 97 28 23 0.021506846 
819 519 7 8 0.021495447 
286 318 7 9 0.021485986 
1011 367 7 5 0.021477772 
537 35 6 5 0.021465618 
790 -1 4 2 0.021465553 
388 544 24 30 0.021465076 
578 -2 4 2 0.02146251 
852 204 27 22 0.021461662 
360 26 4 6 0.021460935 
302 3 4 4 0.021443378 
665 235 8 10 0.021441221 
983 452 23 23 0.021432692 
962 586 13 13 0.02143142 
805 385 32 33 0.021424023 
829 19 21 21 0.021424023 
953 430 6 6 0.021423561 
784 205 11 8 0.02142339 
441 198 7 8 0.021419365 
776 133 55 47 0.021418711 
360 39 4 6 0.02141466 
847 289 29 21 0.021412604 
1018 454 7 6 0.021399604 
646 147 6 7 0.021390125 
965 22 10 10 0.021389155 
453 185 10 8 0.021385074 
162 201 7 6 0.021364793 
835 481 33 25 0.021360446 
296 86 5 4 0.0213559 
525 21 4 5 0.021353764 
656 205 9 10 0.021348774 
115 214 6 8 0.021345353 
315 21 5 5 0.02134374 
942 32 25 19 0.021339381 
386 64 4 6 0.021333931 
702 460 10 10 0.02132842 
411 45 4 6 0.02132327 
82 101 9 8 0.02131455 
900 336 11 10 0.021312106 
193 218 8 6 0.021311346 
135 283 6 6 0.021309169 
368 121 24 28 0.021305291 
848 18 20 20 0.021302547 
709 -30 23 21 0.021301186 
936 -2 20 18 0.021293184 
871 97 32 27 0.021287939 
811 199 8 5 0.021284914 
342 273 7 10 0.02127948 
251 296 23 29 0.021279097 
929 -2 5 3 0.02127808 
473 344 11 12 0.021270048 
954 -3 5 3 0.021269994 
293 45 6 7 0.02126837 
248 177 9 11 0.021267084 
950 36 12 9 0.021262731 
679 -2 5 3 0.021258052 
815 196 32 19 0.021250932 
674 128 12 10 0.021248631 
758 338 14 12 0.021244397 
733 29 10 12 0.02124343 
957 37 11 8 0.021242889 
764 1 16 19 0.021237368 
932 205 9 8 0.0212333 
985 478 8 9 0.021231923 
359 6 5 6 0.021230336 
896 347 6 6 0.021225527 
932 303 32 29 0.021219358 
691 368 31 32 0.02121498 
115 104 8 7 0.021210149 
226 390 6 8 0.021206481 
604 21 4 4 0.021203041 
443 25 4 6 0.021197462 
856 528 31 33 0.021196788 
976 557 13 9 0.021192072 
666 250 232 166 0.021191765 
57 160 6 8 0.021189041 
289 111 6 6 0.021187527 
628 0 6 5 0.021185651 
665 222 30 29 0.021185098 
795 316 14 14 0.021181865 
672 394 29 30 0.021180917 
722 273 11 10 0.02117915 
536 488 94 90 0.021172255 
218 167 5 7 0.021171276 
917 346 22 30 0.02115902 
733 293 9 10 0.02115827 
605 86 107 94 0.021156738 
717 136 28 24 0.021156516 
178 210 7 7 0.021152107 
559 21 3 5 0.021151407 
658 406 54 54 0.021148877 
392 256 24 30 0.02112338 
665 321 7 7 0.02112327 
855 -4 22 19 0.021110889 
274 319 7 9 0.021107925 
460 348 11 14 0.02110624 
356 15 4 6 0.02110214 
537 408 28 29 0.021102102 
906 32 9 7 0.021095602 
186 295 24 27 0.02108979 
149 220 5 4 0.021086521 
361 67 3 4 0.021069065 
204 94 9 9 0.021067938 
895 288 9 7 0.021066558 
705 324 14 11 0.021063013 
282 179 8 7 0.021037985 
884 183 27 22 0.021037357 
691 497 31 31 0.021036904 
790 75 23 22 0.021034587 
491 406 12 13 0.021031374 
392 47 5 6 0.021027606 
843 216 32 20 0.02102269 
205 109 5 6 0.021022607 
979 474 7 7 0.021017483 
887 207 8 5 0.02101616 
545 15 4 4 0.021015396 
148 265 6 5 0.021011671 
464 8 4 5 0.021006132 
647 51 5 6 0.021005461 
442 321 32 22 0.021004718 
452 207 14 13 0.021003708 
877 274 33 25 0.021000665 
382 51 6 6 0.020985644 
77 109 6 8 0.020984827 
724 308 15 15 0.020975439 
675 49 9 9 0.020973437 
720 326 12 9 0.02097295 
196 508 50 56 0.020966416 
400 521 21 29 0.020960735 
971 344 10 8 0.020957097 
888 289 9 7 0.02093733 
651 204 10 10 0.020930473 
347 241 6 5 0.020930078 
312 269 25 27 0.02092868 
360 58 3 5 0.020926973 
966 346 9 7 0.020924125 
758 256 13 10 0.020918107 
723 294 30 29 0.020913633 
683 261 10 9 0.02091139 
984 29 9 10 0.020910231 
657 52 22 19 0.020909984 
820 14 7 9 0.020908207 
869 476 67 62 0.020907437 
964 540 10 12 0.020903649 
257 67 4 4 0.020900734 
215 269 22 27 0.020899115 
341 78 5 5 0.020898763 
616 46 6 6 0.020891236 
544 34 5 5 0.020889668 
939 205 9 8 0.020884743 
326 266 9 12 0.020884205 
686 469 29 33 0.020879222 
627 307 83 85 0.02087783 
768 289 7 7 0.020871887 
331 271 9 12 0.02086827 
982 549 11 9 0.020867616 
359 189 351 310 0.020866517 
855 297 28 22 0.02086115 
792 154 4 5 0.020858802 
735 167 10 7 0.02084489 
760 357 11 10 0.020840084 
897 378 60 53 0.020835645 
723 281 9 7 0.020835336 
327 46 6 5 0.020828439 
342 246 4 5 0.020820675 
334 137 5 4 0.02081292 
53 6 6 6 0.02080974 
141 220 6 5 0.020808887 
740 582 23 24 0.020804713 
854 274 13 9 0.020803789 
758 155 54 48 0.020801721 
432 59 3 5 0.020799972 
539 27 6 4 0.020796498 
1011 143 6 4 0.020793408 
880 374 29 26 0.020788137 
729 200 48 49 0.020785274 
997 538 9 8 0.020774052 
605 32 4 5 0.020770732 
613 161 30 22 0.020769259 
810 258 63 42 0.020759812 
50 185 7 8 0.02075977 
340 125 4 4 0.020757642 
656 185 13 12 0.020737749 
430 21 3 5 0.020737652 
103 108 7 7 0.020728916 
784 345 11 10 0.020724908 
748 186 10 7 0.020718627 
690 122 7 7 0.020717226 
242 410 6 6 0.020716952 
826 538 6 8 0.020707626 
430 47 4 5 0.020704564 
281 239 41 47 0.020698613 
71 19 6 7 0.020694455 
857 399 62 58 0.020690078 
266 395 9 11 0.020672772 
256 162 23 22 0.020669688 
372 14 4 4 0.020668278 
1002 564 8 7 0.020665104 
406 81 3 3 0.020658022 
316 15 4 4 0.0206555 
873 42 11 11 0.020649947 
883 133 7 6 0.020649679 
572 14 4 4 0.020644996 
1014 185 5 6 0.02064271 
508 408 65 56 0.020637054 
127 314 45 54 0.020635135 
488 378 14 16 0.020633668 
811 193 8 6 0.020632511 
609 39 4 6 0.02062944 
881 281 11 9 0.020627683 
791 223 9 7 0.020627046 
281 75 6 7 0.020625964 
324 -10 23 20 0.020618567 
449 355 10 12 0.020616213 
950 579 25 25 0.020614525 
674 99 5 4 0.02061339 
720 108 13 9 0.02060535 
893 198 28 24 0.020594904 
381 79 4 4 0.020582635 
750 241 30 25 0.020580616 
39 40 6 7 0.020580312 
423 24 4 6 0.020579461 
476 34 3 5 0.020578425 
972 25 9 9 0.02057776 
129 141 6 6 0.020571113 
219 140 5 6 0.020568412 
755 288 8 7 0.020557154 
871 -2 5 3 0.020554546 
781 3 40 47 0.020553138 
303 29 84 86 0.020550769 
643 189 13 12 0.020549208 
948 410 29 27 0.020542443 
678 116 8 6 0.020541772 
51 14 6 7 0.020539945 
414 300 9 9 0.020533565 
712 192 24 27 0.020532684 
782 90 28 27 0.020526715 
801 13 5 7 0.02052534 
489 34 4 5 0.020523494 
857 188 28 24 0.020522218 
968 17 10 10 0.020519877 
135 276 6 6 0.020516261 
340 256 6 8 0.020515712 
723 139 8 10 0.02051435 
389 182 167 179 0.020513862 
102 114 8 9 0.020512681 
373 57 6 8 0.020512497 
676 48 42 41 0.020512491 
201 147 5 7 0.020506524 
932 358 9 11 0.020503987 
713 9 4 4 0.020503828 
743 293 8 9 0.02050161 
958 549 8 11 0.020496469 
649 39 4 6 0.020490669 
137 92 3 4 0.020489415 
677 194 12 14 0.02048372 
56 151 8 10 0.020481767 
993 106 30 24 0.020479066 
658 131 9 11 0.020477219 
99 141 4 6 0.02047436 
374 40 4 5 0.020468747 
984 91 23 20 0.020465935 
416 243 23 32 0.020462912 
747 340 10 8 0.020462198 
386 79 3 4 0.020460535 
845 1 7 6 0.020459875 
723 154 8 8 0.020456526 
968 -4 5 4 0.020454917 
616 1 5 4 0.02044555 
642 411 5 6 0.020445114 
354 104 5 6 0.020441253 
804 317 11 12 0.020429205 
330 142 55 50 0.020425757 
665 90 8 7 0.020424506 
718 2 4 5 0.02042377 
413 430 4 7 0.020422233 
188 110 4 4 0.020416649 
220 116 4 5 0.020416228 
990 31 24 23 0.020415613 
245 65 5 5 0.020408375 
457 371 56 59 0.020403134 
827 203 66 46 0.020401563 
513 408 9 10 0.020397106 
686 -3 5 3 0.020395499 
807 274 16 12 0.020387942 
197 83 10 10 0.020380838 
274 176 9 8 0.020380197 
293 111 6 6 0.02037415 
907 219 9 6 0.020360487 
409 313 22 26 0.020351686 
505 243 7 8 0.020347143 
956 107 27 22 0.020341493 
836 31 23 23 0.020339014 
329 245 4 5 0.020338457 
906 51 12 9 0.020336095 
813 4 6 8 0.020331949 
366 58 4 5 0.02032842 
883 218 8 6 0.020328365 
449 37 5 6 0.02032419 
293 193 27 28 0.020324148 
307 273 45 55 0.02031982 
302 27 4 5 0.020313641 
211 93 9 10 0.020311903 
191 262 12 9 0.02031045 
483 -17 415 334 0.020309769 
1020 150 5 5 0.020307431 
835 373 28 28 0.02030387 
406 257 24 28 0.02030108 
90 64 27 25 0.020297643 
806 193 8 7 0.020290263 
939 31 9 9 0.020287404 
943 -3 5 4 0.020283224 
715 42 9 10 0.020282453 
653 341 7 7 0.020278404 
720 249 10 9 0.020277442 
1019 434 6 7 0.020275855 
518 377 8 8 0.020268653 
346 149 5 6 0.02026761 
871 214 6 4 0.020267209 
805 326 9 9 0.020265518 
686 71 28 24 0.020263989 
404 25 5 8 0.020249402 
601 493 7 7 0.02024283 
688 57 15 11 0.020229327 
632 1 6 4 0.020223003 
846 383 6 8 0.020220913 
877 207 7 5 0.020219343 
490 46 3 4 0.020217793 
877 -3 6 3 0.020208074 
130 188 4 5 0.020203698 
402 197 9 9 0.020200493 
277 47 4 5 0.020198941 
651 215 10 11 0.020190842 
883 226 7 6 0.02018764 
744 282 8 7 0.020187262 
1005 13 7 8 0.02018585 
814 14 39 43 0.020178553 
141 281 8 8 0.020171799 
517 396 10 11 0.020170793 
627 150 27 24 0.020170018 
671 197 8 11 0.020167133 
1020 158 5 7 0.020165326 
393 27 5 6 0.020158878 
782 209 13 9 0.020154845 
747 249 10 8 0.020151358 
514 7 4 4 0.020149512 
210 142 5 6 0.02014863 
227 323 3 4 0.020145822 
668 -2 4 3 0.02014253 
857 347 33 32 0.02012951 
664 58 10 8 0.020128563 
647 1 5 4 0.020114135 
892 375 14 13 0.020113232 
597 22 4 4 0.02011158 
40 135 5 6 0.020109398 
871 386 8 6 0.020101443 
302 44 6 8 0.02009107 
504 380 12 15 0.020077389 
989 484 11 11 0.020072449 
741 185 10 8 0.020068333 
33 19 5 5 0.020066626 
654 2 4 4 0.020061154 
98 136 5 6 0.020056933 
576 7 5 5 0.020044738 
159 264 27 20 0.020041827 
714 128 9 8 0.020041311 
322 15 4 4 0.020039616 
449 -3 6 3 0.020037796 
209 160 8 8 0.020035004 
540 3 3 3 0.020031273 
641 307 29 32 0.020027338 
931 210 11 9 0.020012854 
975 468 5 6 0.020011207 
811 181 8 6 0.020008575 
