40_Gymnastics_Gymnastics_40_612
301
305 216 106 95 0.9982766 
40 456 38 47 0.8977016 
775 610 47 44 0.4050227 
26 528 44 53 0.26517582 
558 382 71 48 0.23765986 
670 187 72 43 0.2255766 
71 123 83 84 0.18030179 
21 -3 103 79 0.15497938 
318 444 12 14 0.13038164 
943 543 35 45 0.12250309 
706 568 30 40 0.11449697 
193 119 30 35 0.10825637 
-21 -193 191 174 0.102523915 
0 585 28 45 0.09119713 
258 102 41 52 0.08781517 
485 478 103 83 0.08513358 
150 549 27 43 0.08237072 
608 359 100 101 0.076629244 
2 4 181 187 0.0660958 
-4 134 30 69 0.062328644 
247 3 56 53 0.062176626 
322 466 10 17 0.05619746 
678 302 48 45 0.055431128 
636 190 117 82 0.05456832 
100 -136 431 324 0.05302506 
15 513 88 89 0.052410625 
532 397 99 84 0.051543724 
157 609 46 45 0.04952049 
372 603 5 5 0.04912803 
447 356 32 29 0.04804001 
701 189 32 29 0.047512475 
437 20 61 54 0.046889655 
371 411 183 155 0.045837272 
611 215 61 37 0.044536687 
714 198 28 31 0.044047855 
590 228 59 38 0.04397088 
361 448 27 18 0.043286346 
268 4 391 325 0.04292225 
236 478 24 33 0.042000286 
671 461 405 410 0.04188509 
22 90 92 127 0.0406613 
380 599 4 4 0.040399708 
345 453 11 10 0.04002744 
381 464 12 10 0.03977984 
712 198 16 17 0.039750434 
389 48 47 43 0.039502934 
2 539 51 68 0.039031725 
50 193 27 28 0.038010236 
19 4 48 31 0.037782818 
329 472 10 15 0.03713749 
-36 464 337 310 0.036580313 
304 366 67 50 0.03653829 
222 403 47 65 0.036215495 
489 482 35 31 0.036104795 
557 375 31 23 0.03605163 
312 432 22 24 0.036013145 
576 355 32 26 0.035597593 
325 435 10 9 0.035469715 
595 356 31 29 0.0352886 
825 563 21 23 0.035257135 
720 201 13 16 0.034963526 
104 105 38 32 0.034709375 
830 569 10 11 0.034099724 
317 371 29 27 0.034048084 
836 568 11 12 0.03330896 
252 79 79 88 0.032867488 
373 600 4 4 0.03283069 
811 556 10 10 0.03282147 
64 78 101 90 0.032775287 
738 188 24 25 0.03267309 
-1 13 42 51 0.032670144 
379 451 11 8 0.032517895 
300 144 29 25 0.03244693 
366 597 4 5 0.032416597 
336 524 8 11 0.032389387 
831 550 21 24 0.032174513 
817 556 11 10 0.032083277 
824 569 10 10 0.031761143 
818 551 21 22 0.031501565 
144 91 76 109 0.03123791 
361 611 4 5 0.030882386 
657 230 32 30 0.030627744 
344 448 11 10 0.030350126 
333 442 8 9 0.03012067 
628 363 31 30 0.030052667 
807 551 19 21 0.02978978 
531 602 45 46 0.02962444 
241 459 27 26 0.029566804 
939 377 22 21 0.029383933 
331 435 59 43 0.029323915 
779 29 115 107 0.02931063 
-3 412 29 65 0.029022 
574 374 36 24 0.028657416 
391 454 10 9 0.028405972 
771 585 25 24 0.028204547 
62 17 34 32 0.028016662 
678 217 37 33 0.027999822 
365 417 7 8 0.027810637 
597 357 14 12 0.027777644 
357 423 9 8 0.027769282 
553 445 32 34 0.027765669 
190 180 27 32 0.02775828 
616 368 14 15 0.027754817 
347 605 4 4 0.027743317 
309 387 31 30 0.027585967 
471 523 10 9 0.027349776 
337 409 10 10 0.027317835 
584 335 28 25 0.027289607 
642 377 29 30 0.027231093 
965 63 20 24 0.027132116 
44 555 28 38 0.026876768 
-4 -172 289 324 0.026854029 
658 228 63 53 0.02666071 
145 530 85 89 0.02664217 
462 517 23 19 0.026517252 
263 468 7 7 0.026439551 
818 569 9 10 0.026368927 
-5 -80 37 83 0.026361538 
594 251 28 31 0.026334645 
837 562 22 24 0.026291857 
677 189 32 24 0.02629036 
518 54 28 27 0.02606106 
267 -198 516 290 0.026058836 
976 37 12 12 0.026034642 
374 593 3 4 0.025948348 
409 393 7 6 0.025840586 
842 568 11 12 0.02580517 
237 173 21 35 0.025786456 
367 594 3 3 0.02578187 
753 185 25 25 0.02570823 
158 11 24 38 0.025677597 
251 537 82 80 0.025643291 
964 69 11 12 0.025583021 
523 32 23 24 0.025536742 
362 598 3 4 0.025470616 
610 361 15 15 0.025426023 
535 38 11 11 0.02540718 
786 569 9 10 0.025406212 
335 428 27 25 0.025330784 
667 227 14 13 0.02517319 
82 25 30 37 0.025093859 
379 610 5 5 0.025030758 
254 464 8 9 0.02496419 
546 -218 503 264 0.024947211 
795 591 25 26 0.024920033 
119 17 23 28 0.024889758 
282 570 79 82 0.024813375 
528 38 12 11 0.024812555 
811 530 11 11 0.02477284 
704 205 16 16 0.024750715 
538 385 26 36 0.024732426 
176 102 27 36 0.02460757 
321 419 118 75 0.024606558 
965 50 10 12 0.02451338 
382 448 24 22 0.024480885 
692 175 32 25 0.024466975 
849 -207 269 171 0.024431124 
599 333 25 24 0.02434911 
260 443 33 26 0.02423583 
805 537 10 11 0.024163565 
588 396 32 30 0.024124766 
631 214 31 21 0.024114389 
656 225 12 10 0.02406046 
824 556 10 10 0.023890242 
392 454 30 25 0.023888618 
134 51 8 9 0.023792624 
805 557 9 9 0.02378325 
302 358 24 24 0.023768619 
365 410 7 8 0.023763176 
265 11 29 28 0.023758741 
408 385 9 9 0.02370968 
367 587 4 4 0.023629067 
792 569 9 10 0.023623925 
314 396 72 54 0.023540713 
392 413 56 52 0.023353882 
88 97 34 39 0.023336964 
159 578 49 48 0.023255795 
578 358 14 11 0.023241151 
12 129 39 69 0.02324102 
140 51 9 10 0.023175161 
557 73 6 6 0.0231122 
969 364 14 12 0.023103552 
127 31 21 23 0.023099225 
379 605 4 4 0.023007458 
381 435 12 12 0.022993885 
824 544 10 10 0.022988291 
667 240 15 14 0.02295302 
380 594 3 3 0.022933153 
386 604 5 5 0.022932231 
799 569 9 10 0.022913827 
780 569 9 10 0.022887927 
848 568 12 12 0.022850413 
340 444 22 19 0.022741282 
649 234 13 12 0.022712996 
811 569 10 10 0.022703275 
320 455 49 48 0.022693146 
295 17 22 25 0.022669658 
195 138 26 36 0.022647496 
818 538 21 22 0.022584517 
122 99 29 27 0.02256905 
50 515 29 36 0.022565242 
556 408 35 34 0.022515757 
509 482 30 33 0.0223919 
976 31 12 11 0.022377098 
612 375 29 28 0.022336911 
396 403 9 10 0.022328904 
387 420 12 14 0.022267617 
742 206 7 9 0.0222672 
414 384 11 10 0.022219775 
622 361 16 17 0.02220804 
492 245 113 92 0.022163205 
381 428 11 11 0.02206973 
326 431 8 8 0.022049125 
422 418 6 8 0.022041926 
550 79 7 7 0.022025835 
809 617 12 14 0.021985603 
772 567 22 26 0.021971758 
383 169 31 34 0.021910189 
522 38 11 11 0.021907695 
779 576 10 9 0.021892466 
646 310 66 52 0.021827793 
656 154 125 71 0.021814683 
836 524 11 11 0.021727156 
332 430 7 8 0.02168935 
387 459 12 11 0.02167487 
556 65 7 8 0.02164298 
447 489 67 56 0.021609355 
958 50 11 12 0.02160773 
805 531 10 10 0.021594655 
637 349 35 34 0.021591678 
645 265 90 74 0.021553483 
253 518 51 59 0.021522533 
568 353 10 9 0.021346264 
605 353 13 11 0.021346243 
528 514 37 31 0.021317812 
674 234 15 15 0.021317085 
381 420 11 13 0.021274863 
784 574 22 25 0.021232082 
799 538 9 10 0.021217171 
237 406 22 31 0.021190973 
145 44 10 12 0.021169933 
502 491 13 14 0.021157186 
332 482 8 13 0.021156076 
2 460 24 42 0.021141075 
232 435 28 34 0.021107342 
216 429 75 78 0.021100199 
977 25 11 11 0.021097863 
376 428 10 11 0.021090025 
44 149 28 32 0.021068903 
374 457 25 19 0.021059562 
52 546 15 21 0.02105398 
604 386 28 29 0.021034537 
248 -5 105 90 0.021006553 
334 447 9 9 0.021002857 
501 382 358 372 0.020990642 
485 503 30 27 0.020987585 
80 566 11 19 0.020908503 
-1 17 16 38 0.020898772 
461 581 55 50 0.020866858 
568 58 9 9 0.020855939 
798 544 10 10 0.020838168 
330 390 30 30 0.020801283 
964 62 11 13 0.020777736 
452 17 32 33 0.020746076 
516 57 11 11 0.020712925 
487 520 7 8 0.020704756 
357 430 9 8 0.020690395 
589 396 17 15 0.020659253 
357 444 59 45 0.020624105 
811 537 10 10 0.020619059 
836 575 10 11 0.020618942 
252 447 11 14 0.02060819 
393 449 11 11 0.020575905 
843 549 22 25 0.020569526 
578 389 13 12 0.020554252 
760 590 26 28 0.020535678 
691 553 60 91 0.02052218 
568 65 9 8 0.0205032 
977 82 11 11 0.020479485 
524 372 29 26 0.020475397 
540 373 29 27 0.020445164 
14 61 46 56 0.020427985 
750 267 105 106 0.020413669 
825 583 8 9 0.020378347 
615 325 24 26 0.02036237 
363 502 94 96 0.020346766 
31 557 58 65 0.020301744 
304 156 14 13 0.02022736 
127 51 9 9 0.020219628 
792 544 10 10 0.020217318 
741 211 8 11 0.020190656 
178 5 29 32 0.020189563 
849 549 11 12 0.02017239 
805 582 22 26 0.020161264 
768 556 20 25 0.020150138 
830 577 24 25 0.020080172 
541 38 11 11 0.020072859 
970 69 11 12 0.020070605 
406 424 29 29 0.020042932 
971 75 10 12 0.020034986 
564 72 6 7 0.020019291 
