40_Gymnastics_Gymnastics_40_156
21
367 156 50 80 0.9958009 
463 429 57 76 0.9916347 
491 666 33 74 0.976921 
416 673 9 20 0.1088229 
424 671 9 17 0.033693288 
412 677 7 16 0.030504353 
417 695 9 17 0.029108245 
413 672 5 12 0.027903808 
-14 -65 563 616 0.02781541 
460 608 59 126 0.027702542 
412 687 6 14 0.025144922 
1044 762 450 830 0.024826976 
1080 1 342 341 0.024087382 
505 693 17 37 0.023252292 
450 687 14 29 0.02255332 
475 653 33 64 0.021571338 
409 699 6 13 0.021531899 
437 676 9 21 0.021198709 
418 666 6 10 0.020384083 
188 357 455 712 0.020382488 
345 159 31 55 0.02005233 
