40_Gymnastics_Gymnastics_40_593
342
303 184 42 59 0.9998288 
543 183 40 51 0.99975103 
175 262 37 54 0.99960357 
630 202 39 55 0.99959224 
841 255 39 51 0.99955267 
938 298 40 52 0.99941945 
71 291 38 47 0.99899954 
419 209 35 48 0.9988047 
755 198 35 47 0.9971029 
37 247 48 51 0.99649966 
21 48 22 30 0.9752333 
16 105 22 35 0.9665621 
111 447 20 25 0.94223714 
100 40 17 24 0.875811 
113 118 16 20 0.8578661 
168 138 17 24 0.8353131 
771 2 18 20 0.6829956 
910 28 16 20 0.68110144 
659 65 15 19 0.6722522 
75 466 21 27 0.65731055 
556 133 23 28 0.6452642 
932 174 15 23 0.44037262 
165 29 17 22 0.42778727 
0 267 18 25 0.3766859 
410 67 20 20 0.36306533 
949 118 16 22 0.35886204 
866 193 18 23 0.3427354 
698 5 15 17 0.33806905 
232 33 16 19 0.30727696 
711 32 19 26 0.30359375 
941 263 25 28 0.29148233 
415 116 19 25 0.2901985 
771 13 19 25 0.27887732 
643 15 13 16 0.2766324 
628 155 17 32 0.26351348 
841 34 17 23 0.26254696 
841 78 17 27 0.2558575 
641 21 21 30 0.2493439 
15 218 19 25 0.22800098 
458 93 12 13 0.22659321 
708 97 22 29 0.20430891 
509 34 12 15 0.19889161 
181 140 17 25 0.1900729 
887 26 18 28 0.18621998 
81 185 28 33 0.18563406 
229 251 20 29 0.17755803 
799 259 20 46 0.16624759 
236 186 16 25 0.16525596 
70 232 23 29 0.1377709 
972 70 19 26 0.13299263 
834 84 11 17 0.13104886 
750 59 15 19 0.12893727 
141 232 21 31 0.12805662 
514 23 19 25 0.1209952 
363 20 12 13 0.119371794 
155 21 20 27 0.11350169 
92 163 21 27 0.11129046 
418 41 16 18 0.111091115 
669 69 11 14 0.10572937 
557 93 25 29 0.10406619 
796 69 18 25 0.102780975 
360 23 21 19 0.10134961 
600 17 13 15 0.09993774 
225 144 23 31 0.09917635 
665 34 14 17 0.09767496 
655 59 14 17 0.09717606 
749 167 23 35 0.09582555 
846 347 34 47 0.09526816 
980 214 27 28 0.09337517 
774 179 24 35 0.09104548 
824 0 13 13 0.08855217 
793 103 17 25 0.0871038 
48 267 50 53 0.08701678 
281 15 16 24 0.08650583 
107 124 19 27 0.085463114 
956 87 11 17 0.08274868 
335 42 14 20 0.07872527 
140 249 29 47 0.074543014 
833 80 8 13 0.07404193 
40 118 14 18 0.07167524 
1013 32 14 19 0.07088953 
507 77 14 18 0.07062827 
961 5 11 15 0.06896352 
58 12 18 30 0.06865941 
76 64 12 18 0.06775165 
863 47 18 27 0.067003 
73 443 9 11 0.06566593 
909 8 9 14 0.06347704 
439 11 14 17 0.062094085 
696 29 12 17 0.060807325 
818 56 11 13 0.060673237 
409 215 27 35 0.060616083 
355 71 13 17 0.059337083 
470 72 11 13 0.059239294 
620 5 15 16 0.058192693 
356 87 20 25 0.058112167 
329 84 21 26 0.056609824 
0 66 6 16 0.05531708 
625 610 17 30 0.055098653 
503 36 12 15 0.055045452 
473 62 7 8 0.054601416 
315 17 22 21 0.054208 
299 0 25 17 0.05374604 
991 108 17 25 0.052201573 
786 62 17 26 0.052201338 
838 40 28 41 0.052120745 
142 20 22 27 0.051825546 
72 155 18 25 0.05159563 
456 66 12 13 0.051524773 
432 15 18 24 0.051070765 
911 51 14 20 0.050444305 
886 166 18 32 0.049542267 
831 58 11 12 0.04934429 
360 51 13 15 0.049338084 
478 62 6 8 0.049213745 
832 0 15 17 0.048557714 
351 33 21 20 0.04813482 
822 47 10 12 0.047350626 
572 11 25 23 0.047288645 
448 11 20 26 0.0471752 
676 67 11 15 0.047035284 
585 11 23 19 0.046416204 
981 0 17 15 0.046309944 
243 83 18 28 0.045261353 
967 99 14 20 0.044887464 
636 36 13 19 0.044823296 
157 253 38 49 0.04445047 
66 100 17 27 0.04393215 
931 38 13 19 0.042906612 
396 225 9 15 0.042225283 
380 90 15 18 0.042214658 
502 18 14 15 0.041961674 
488 99 18 27 0.041694634 
500 17 25 27 0.041565564 
503 54 9 12 0.04141998 
523 67 11 17 0.039841145 
841 48 13 16 0.039483495 
11 52 12 17 0.039372448 
547 71 15 20 0.03913077 
912 86 12 18 0.03907075 
230 39 22 30 0.03873857 
392 232 11 20 0.038591247 
470 67 9 11 0.038486324 
439 37 12 18 0.038382664 
652 31 14 17 0.038281236 
28 28 19 29 0.038235452 
975 225 17 20 0.038144067 
421 14 19 24 0.037699662 
348 148 19 31 0.03751355 
385 538 16 17 0.037382185 
887 61 12 17 0.037287638 
354 30 14 12 0.037051816 
427 37 20 26 0.036898796 
518 24 10 11 0.036814958 
676 73 16 24 0.036610313 
157 64 14 20 0.036490984 
219 68 13 18 0.036351684 
1006 41 13 18 0.03631734 
105 136 14 20 0.03568231 
322 90 15 22 0.035580833 
880 111 19 28 0.035554845 
498 33 11 13 0.03548656 
464 65 11 12 0.035262946 
1004 43 20 34 0.03514824 
572 240 18 25 0.03416755 
854 163 16 30 0.0339046 
852 35 12 19 0.033904515 
419 1 16 15 0.033605378 
195 13 10 20 0.033351026 
8 223 30 46 0.03302771 
459 72 22 23 0.032986652 
-3 272 27 44 0.032771748 
0 419 6 9 0.03269698 
848 -4 11 12 0.032542195 
56 447 11 16 0.03241238 
479 68 7 10 0.03198664 
333 188 23 37 0.031976845 
965 78 23 34 0.031829514 
28 1 14 20 0.031573378 
548 67 37 46 0.0312539 
867 71 13 18 0.031047752 
10 443 11 15 0.030742101 
478 73 10 13 0.030699741 
1004 380 22 29 0.03024563 
924 187 18 26 0.030076735 
351 67 32 37 0.029965438 
774 30 21 28 0.029931588 
739 31 13 16 0.029821068 
233 105 15 20 0.02969679 
342 64 12 18 0.02956655 
355 12 13 16 0.029550923 
925 202 19 30 0.029297242 
693 44 13 18 0.028990569 
366 35 14 16 0.028807878 
935 185 16 22 0.028730407 
635 104 18 26 0.028659383 
890 18 14 21 0.028632306 
693 17 15 21 0.028330132 
900 2 12 19 0.028171396 
355 44 15 15 0.028149588 
530 27 8 13 0.028073734 
703 184 11 20 0.027783828 
473 57 6 7 0.027664645 
459 62 10 10 0.027576549 
246 66 18 29 0.027454238 
829 265 22 36 0.027281106 
508 59 10 11 0.027261155 
950 167 11 18 0.027217904 
980 527 8 10 0.027111745 
108 404 8 10 0.027102014 
465 55 8 8 0.027009804 
42 450 10 12 0.026944706 
101 442 10 14 0.026935091 
476 79 13 18 0.026771192 
509 22 12 14 0.02661242 
681 100 12 16 0.026528047 
109 46 14 21 0.026512919 
821 54 19 19 0.026470702 
424 18 40 40 0.026235254 
537 28 8 12 0.026098374 
337 32 21 23 0.025880406 
433 30 12 17 0.02585933 
512 71 12 15 0.02555245 
-1 70 16 33 0.025470294 
346 96 19 24 0.025412096 
767 97 20 28 0.025371442 
195 105 14 21 0.025314847 
529 24 22 29 0.025232198 
741 200 21 35 0.025221188 
708 114 22 25 0.025195448 
895 507 8 14 0.025058515 
872 46 11 18 0.02502601 
104 447 14 19 0.024991449 
132 374 9 11 0.02485911 
650 54 12 14 0.024792869 
658 86 11 18 0.02469218 
45 405 7 9 0.024644442 
331 625 8 9 0.024612917 
651 67 12 17 0.024597673 
444 43 21 21 0.024559971 
343 9 19 23 0.024555687 
398 218 19 27 0.024524482 
18 306 22 29 0.024519745 
518 18 7 9 0.024515225 
851 21 19 28 0.024372406 
37 22 22 27 0.024347614 
904 30 30 40 0.024254547 
944 466 21 26 0.02421045 
13 420 6 7 0.024078157 
6 56 11 18 0.024006087 
855 76 20 29 0.023920087 
469 63 19 24 0.0239084 
600 686 32 39 0.02390834 
831 172 20 35 0.023805046 
123 121 11 17 0.023503093 
221 37 19 25 0.023484815 
252 75 24 32 0.023384735 
492 45 10 13 0.023197174 
926 172 13 20 0.022977006 
290 1 21 25 0.022902641 
553 18 43 41 0.022863321 
548 30 13 20 0.022836752 
976 20 12 15 0.02280189 
225 57 20 26 0.022780696 
342 69 18 27 0.022778412 
97 186 21 27 0.022757206 
685 28 37 45 0.022723578 
458 53 11 10 0.022643657 
561 3 30 23 0.022570437 
486 69 7 9 0.02251797 
389 385 17 27 0.022515696 
66 166 58 79 0.022398954 
56 437 6 9 0.02235504 
626 174 37 55 0.022337476 
46 445 19 23 0.022330958 
942 258 19 18 0.022294644 
628 593 9 16 0.02214624 
925 -1 10 10 0.022137694 
411 23 23 30 0.022001462 
236 338 6 7 0.021992465 
134 157 16 28 0.021976985 
919 192 12 19 0.021939915 
469 82 14 18 0.021850284 
799 61 11 15 0.021814644 
929 152 14 20 0.021789873 
149 24 35 45 0.021774571 
721 -3 9 11 0.021769471 
373 18 21 27 0.021765143 
593 70 17 30 0.021744575 
807 73 32 40 0.021722743 
523 19 8 9 0.021630889 
942 176 13 21 0.021608483 
898 32 11 18 0.021601763 
49 451 9 11 0.021574358 
804 261 12 23 0.021554394 
445 84 9 13 0.021501284 
955 253 23 28 0.021494268 
228 26 14 20 0.021456227 
2 32 36 52 0.021442654 
522 60 11 15 0.021436827 
113 401 7 7 0.02133244 
855 107 22 33 0.02130734 
201 51 10 15 0.021303322 
732 66 10 16 0.021275584 
1014 82 13 17 0.02123759 
129 115 18 25 0.021233654 
680 61 16 24 0.021193357 
836 63 9 12 0.021162007 
1003 57 12 19 0.021147072 
366 44 12 15 0.021142978 
829 70 18 28 0.021138864 
498 79 19 25 0.02112864 
109 217 19 28 0.021091864 
387 13 20 28 0.021083754 
356 80 14 18 0.021051243 
422 69 13 16 0.021017103 
26 13 20 29 0.021002542 
876 70 19 28 0.0209354 
659 431 6 10 0.020925881 
574 7 41 42 0.02089311 
114 420 11 13 0.020729199 
457 76 12 13 0.02068854 
689 31 13 17 0.020654716 
327 25 12 16 0.020544656 
501 10 14 15 0.020522574 
456 51 22 22 0.020512689 
3 63 10 17 0.02050423 
9 254 23 33 0.020479046 
933 63 15 28 0.02038161 
903 85 15 23 0.020350998 
721 20 12 15 0.020332182 
924 477 19 27 0.020296406 
572 45 23 25 0.02028733 
810 508 7 12 0.020281814 
30 252 27 35 0.02022871 
446 109 9 13 0.020216318 
973 152 19 34 0.020215165 
509 16 9 11 0.020185344 
559 15 14 18 0.020109901 
892 81 13 22 0.020104783 
551 34 22 26 0.020093469 
106 431 8 11 0.020091653 
