40_Gymnastics_Gymnastics_40_698
49
253 43 39 51 0.99973196 
356 76 38 39 0.9953674 
779 90 47 42 0.9902132 
583 44 35 38 0.98473734 
862 39 35 39 0.9838033 
133 16 22 22 0.34387505 
619 273 61 41 0.26568878 
632 36 25 22 0.2600787 
576 126 40 58 0.23160072 
954 25 21 18 0.19654422 
529 14 28 33 0.15231067 
285 119 70 43 0.1195592 
162 3 17 14 0.11498257 
817 96 48 51 0.08197617 
770 465 38 56 0.07982385 
195 27 35 46 0.0726861 
43 275 23 35 0.06950653 
180 41 21 31 0.052309234 
236 409 39 40 0.039603017 
922 75 12 13 0.037209027 
790 466 40 56 0.03502326 
529 482 25 43 0.030661916 
190 47 20 31 0.029726144 
123 13 22 22 0.029530637 
408 189 13 13 0.02859219 
560 308 26 30 0.02820951 
246 426 38 37 0.028098922 
618 16 42 39 0.02803812 
119 14 14 15 0.02780266 
513 13 50 64 0.027033756 
133 13 43 41 0.025784692 
140 33 48 54 0.024735127 
197 48 10 16 0.024573179 
200 19 31 27 0.024537487 
969 0 29 21 0.024401786 
712 185 27 22 0.022920784 
467 293 94 68 0.022805888 
511 475 75 81 0.022110015 
932 705 14 15 0.021736389 
816 481 11 17 0.02143304 
408 186 25 24 0.021177659 
147 20 17 15 0.021107588 
811 471 26 39 0.021039931 
579 268 51 48 0.020589298 
82 33 26 32 0.020516662 
809 486 14 20 0.020348398 
35 228 210 167 0.020244308 
248 388 43 53 0.020092675 
584 301 27 28 0.020015564 
