40_Gymnastics_Gymnastics_40_749
504
824 277 112 58 0.84708464 
-21 -191 195 169 0.14094229 
502 285 294 157 0.13358825 
0 449 31 40 0.10954338 
427 351 139 75 0.08885005 
868 276 46 31 0.080583744 
438 -210 545 249 0.07515678 
708 229 218 116 0.07013575 
81 -210 542 246 0.068828106 
846 281 39 25 0.0682466 
479 105 493 398 0.06590282 
47 377 69 42 0.052186135 
791 -181 292 133 0.05113963 
0 441 30 22 0.049357772 
311 543 112 104 0.04779122 
69 201 152 90 0.045011576 
620 280 35 22 0.044524856 
856 298 12 12 0.044158336 
-4 495 38 93 0.04305139 
9 586 184 240 0.042011783 
103 404 18 18 0.041910607 
753 486 173 106 0.041429207 
733 234 69 42 0.040367167 
182 243 32 29 0.04025512 
726 244 23 26 0.039456613 
56 393 31 33 0.038302112 
631 468 25 21 0.037981752 
824 291 32 28 0.03783885 
74 398 12 16 0.03775194 
781 207 150 74 0.03713508 
617 301 70 48 0.03635167 
564 271 134 92 0.036314473 
25 387 53 45 0.03606809 
82 396 32 32 0.03545685 
407 292 12 10 0.034479577 
365 143 123 86 0.03430532 
69 370 29 20 0.03342862 
873 468 115 87 0.033419713 
486 57 8 9 0.033245306 
74 388 73 46 0.033209257 
86 404 15 17 0.033158623 
194 266 13 12 0.03310848 
658 319 9 9 0.03305891 
303 304 566 352 0.033024415 
834 276 32 25 0.033014722 
940 308 22 29 0.03261393 
872 268 112 88 0.03218953 
623 291 36 28 0.032172233 
485 75 9 10 0.032128625 
359 222 15 12 0.03211169 
257 346 27 19 0.03208539 
-44 -296 471 502 0.031743713 
110 411 16 18 0.03167947 
864 200 15 12 0.031556733 
208 250 26 31 0.03140467 
388 189 29 22 0.031386063 
380 292 14 10 0.03129021 
886 292 14 11 0.031164903 
228 229 12 20 0.031097205 
655 555 4 3 0.030675437 
311 43 11 10 0.030666372 
52 380 34 24 0.030419052 
235 231 9 19 0.03030788 
492 56 8 10 0.030248253 
183 226 33 29 0.030063372 
623 476 24 20 0.030062113 
400 184 15 11 0.030022554 
66 404 14 17 0.02997659 
643 284 31 24 0.02985427 
89 376 26 22 0.029842086 
200 245 52 52 0.029837817 
745 265 67 43 0.02981017 
194 286 12 11 0.0296687 
172 263 30 27 0.029648993 
-59 461 524 306 0.029402833 
318 32 24 22 0.029397229 
206 221 30 31 0.02932773 
837 221 35 24 0.029302498 
331 157 23 21 0.029284203 
669 559 2 4 0.029250534 
80 411 13 18 0.029066913 
486 63 8 9 0.028942345 
520 355 28 22 0.028925195 
632 324 10 9 0.028914029 
222 266 25 36 0.02889082 
305 38 22 20 0.028792614 
488 266 14 10 0.02868523 
961 321 5 7 0.028462458 
654 566 4 4 0.028418947 
606 294 34 24 0.028404813 
56 367 30 18 0.02835939 
227 232 22 34 0.028355762 
241 259 9 13 0.028191017 
56 341 115 85 0.028134884 
940 47 24 26 0.028078327 
662 560 4 4 0.028063685 
630 485 13 11 0.028050099 
308 292 18 13 0.027984409 
641 300 34 29 0.027960852 
870 211 26 26 0.027947092 
208 266 11 14 0.027931426 
410 558 108 100 0.027837776 
638 313 10 8 0.027386997 
968 -138 95 117 0.027370136 
396 199 27 27 0.027348254 
163 362 4 4 0.027339125 
492 62 9 10 0.027321665 
852 267 37 26 0.027288055 
762 282 70 42 0.027117765 
97 387 29 29 0.027113745 
469 316 5 4 0.027053533 
201 277 13 14 0.027010845 
485 69 9 10 0.026968766 
220 286 24 37 0.02688084 
202 260 12 12 0.026829775 
964 471 89 91 0.026828652 
89 357 24 23 0.026763385 
1 392 42 46 0.026750218 
163 365 4 5 0.02671333 
762 169 144 79 0.02668945 
664 55 18 24 0.026674164 
318 43 11 10 0.026647996 
910 322 26 33 0.026480583 
887 270 33 25 0.026360162 
619 310 34 26 0.026350252 
817 308 28 23 0.026294854 
862 293 12 10 0.026230864 
324 43 11 10 0.026229838 
487 340 29 21 0.026213393 
664 50 8 10 0.026187355 
874 203 10 11 0.026163168 
624 485 12 10 0.026148977 
428 480 8 6 0.026027555 
544 353 7 5 0.025918854 
672 43 8 10 0.02591039 
504 346 8 6 0.025898425 
304 49 12 10 0.025872469 
216 259 10 13 0.025828507 
722 573 494 330 0.02579229 
677 126 9 11 0.025740808 
785 291 32 25 0.025725374 
735 304 34 24 0.025705675 
619 315 9 7 0.025668183 
472 297 25 19 0.025662728 
548 84 103 110 0.025658304 
325 42 24 22 0.025534539 
881 211 8 8 0.02553373 
819 230 36 25 0.025488159 
859 234 15 12 0.025485937 
672 69 19 23 0.025432376 
644 312 12 10 0.025429241 
605 501 24 23 0.02527867 
140 332 7 7 0.025242204 
662 553 3 4 0.025227085 
970 322 3 4 0.025222445 
480 384 36 29 0.025183607 
478 99 11 13 0.025164282 
304 43 12 11 0.02507346 
379 198 6 8 0.025069077 
100 376 12 12 0.025025604 
665 81 9 10 0.024987632 
731 70 6 9 0.02496362 
612 315 9 6 0.024939518 
406 209 12 13 0.024910143 
387 213 27 24 0.024903707 
549 346 8 6 0.024851786 
615 326 7 6 0.024851244 
934 56 23 29 0.024812741 
670 75 10 11 0.024759784 
661 482 4 5 0.024686454 
545 347 7 5 0.024662344 
92 410 16 19 0.024644405 
551 353 6 5 0.024639146 
613 493 23 24 0.024626907 
460 81 9 10 0.02458501 
79 371 14 11 0.024555521 
985 467 5 6 0.024549806 
600 467 25 22 0.024523167 
690 302 29 32 0.024503184 
477 34 11 13 0.024502946 
677 94 10 12 0.024502594 
663 572 3 4 0.024485735 
876 210 9 8 0.024475504 
461 320 7 6 0.02442077 
270 296 14 12 0.0244061 
365 167 6 7 0.024404665 
616 468 25 21 0.024391504 
487 309 7 5 0.02436029 
120 396 31 22 0.024335386 
479 514 447 492 0.02431625 
677 75 10 11 0.024304714 
673 56 22 22 0.024302073 
405 187 15 12 0.024294315 
862 57 109 97 0.024259036 
221 253 11 14 0.02421971 
311 125 24 22 0.024129318 
684 88 9 11 0.024109764 
734 101 8 11 0.024067998 
72 362 63 44 0.024046918 
643 298 13 10 0.023996828 
863 430 137 80 0.023986215 
971 691 24 24 0.023981405 
434 423 25 20 0.023956314 
660 305 48 46 0.023892121 
840 234 35 26 0.023888031 
663 564 3 5 0.023871008 
882 205 9 8 0.023862703 
491 100 9 12 0.02386055 
647 475 6 6 0.023776071 
743 290 34 26 0.023761308 
612 518 24 25 0.02374575 
721 262 32 27 0.023741774 
909 407 32 28 0.023714717 
644 315 33 31 0.023692796 
737 76 6 8 0.023654398 
451 592 51 52 0.023602432 
3 458 13 17 0.023579065 
883 217 7 8 0.023572797 
389 223 9 9 0.023549309 
323 16 24 23 0.023513885 
351 133 8 9 0.023487335 
121 507 10 9 0.023482816 
643 474 25 23 0.023482332 
125 510 10 8 0.023475004 
190 299 9 10 0.023451738 
202 267 11 12 0.023430286 
683 43 9 10 0.023395827 
646 480 7 6 0.02338564 
351 108 8 8 0.023376606 
238 276 6 8 0.023363529 
886 234 13 12 0.023361195 
669 554 2 3 0.023349388 
671 37 9 10 0.02334708 
730 76 7 8 0.023318311 
69 360 26 19 0.02331627 
736 85 9 13 0.023301044 
101 370 9 9 0.023273896 
208 277 12 15 0.023232142 
-5 413 75 80 0.023207342 
529 16 95 108 0.023165494 
684 75 10 11 0.023158956 
210 252 11 14 0.023147523 
182 280 11 11 0.023141207 
240 236 10 18 0.023120293 
479 75 9 10 0.02309468 
851 203 31 20 0.023054373 
357 108 8 9 0.023042696 
867 242 11 9 0.02304028 
105 382 11 11 0.023033218 
684 81 9 11 0.023008542 
324 37 12 10 0.0229884 
132 526 437 496 0.022958536 
505 341 7 5 0.022927726 
479 81 9 10 0.022908105 
831 211 33 22 0.022886379 
814 317 6 4 0.022868937 
180 207 26 23 0.022828376 
87 363 11 9 0.022795565 
191 211 31 25 0.022794234 
140 240 109 90 0.022793064 
874 242 12 9 0.022785265 
677 81 9 11 0.022770861 
351 75 8 10 0.022758212 
882 197 8 9 0.022727964 
664 320 10 9 0.022714602 
392 213 14 13 0.022671642 
352 69 7 9 0.02266989 
906 301 32 32 0.022660257 
564 347 6 5 0.022610335 
626 493 24 24 0.02259511 
952 210 117 108 0.02258197 
638 324 67 51 0.022538101 
364 172 8 8 0.022536987 
654 572 4 4 0.022516983 
880 287 13 10 0.022509653 
653 481 6 5 0.022503054 
157 207 25 21 0.022498822 
350 204 12 9 0.022488605 
400 222 13 11 0.022476424 
642 322 14 12 0.022441018 
642 557 5 6 0.022429345 
199 238 29 29 0.022423893 
371 199 7 7 0.022366304 
986 462 4 6 0.02232151 
421 423 23 21 0.022308817 
849 215 33 22 0.022294963 
669 174 23 22 0.022292037 
643 546 4 4 0.02226856 
195 279 11 12 0.022266548 
648 555 3 3 0.022253513 
532 354 5 4 0.022240426 
974 315 4 7 0.022225484 
157 304 21 25 0.0221547 
404 180 14 10 0.022107996 
661 387 32 28 0.022087663 
519 353 7 5 0.022082789 
659 81 8 10 0.022071758 
671 49 8 10 0.022039318 
194 293 11 10 0.022039302 
538 380 5 5 0.022031367 
233 256 11 15 0.022017162 
784 311 32 25 0.022010816 
214 247 12 15 0.021980284 
345 94 20 23 0.021929009 
985 474 5 7 0.021926194 
80 389 11 11 0.021925818 
871 481 29 21 0.02190462 
191 538 135 110 0.021894295 
378 191 6 8 0.021893257 
671 62 8 10 0.021889422 
668 534 3 3 0.021867208 
484 81 10 11 0.021830318 
237 280 7 12 0.02178793 
371 204 8 9 0.021781202 
678 63 9 9 0.021778312 
227 265 11 13 0.021777473 
432 34 11 14 0.02177203 
352 102 8 8 0.021755073 
134 512 8 6 0.021744933 
690 107 9 11 0.021740424 
550 341 7 5 0.021734182 
591 475 23 20 0.021703018 
684 63 9 9 0.02169185 
499 50 7 10 0.021686517 
351 88 9 10 0.021682443 
480 69 8 10 0.021678554 
557 347 6 5 0.021667363 
260 310 11 14 0.021666266 
351 63 8 9 0.021656655 
805 316 7 5 0.021656604 
499 44 7 9 0.02165304 
984 414 31 24 0.021636268 
928 49 20 26 0.021624416 
596 309 33 22 0.021594932 
192 258 28 29 0.021592624 
136 584 26 24 0.021572696 
943 33 21 23 0.021571245 
305 572 22 19 0.021553421 
853 242 13 10 0.021539243 
135 596 6 6 0.021533787 
405 201 13 13 0.021522822 
227 251 12 16 0.021515677 
484 99 11 13 0.021510717 
654 559 4 4 0.021491393 
492 69 9 10 0.021490453 
664 75 19 23 0.02147793 
350 114 9 10 0.021451565 
874 235 34 29 0.02144623 
894 235 9 10 0.02144427 
42 268 139 107 0.021419313 
499 334 6 5 0.021407645 
580 513 24 22 0.021394812 
260 330 25 22 0.02139381 
891 295 15 13 0.021384219 
304 30 13 10 0.021380149 
852 95 7 10 0.021377264 
366 160 5 7 0.021368373 
949 317 23 28 0.021361373 
202 293 11 11 0.021356318 
889 218 7 7 0.021297373 
377 231 9 8 0.021284102 
190 305 9 10 0.021282831 
667 540 3 4 0.021269681 
548 486 11 8 0.021253204 
358 76 7 9 0.021244284 
647 499 7 7 0.021219382 
236 266 7 11 0.021217301 
189 281 10 10 0.021205232 
468 302 7 5 0.021203943 
217 354 138 73 0.021201786 
668 482 4 5 0.021196354 
680 405 6 5 0.021182045 
472 87 10 12 0.021171104 
349 -187 328 143 0.021170976 
499 327 7 5 0.021168716 
388 203 13 12 0.021159435 
382 221 10 11 0.021158207 
675 163 25 22 0.021132836 
506 353 6 5 0.021114921 
500 322 6 4 0.021107174 
905 514 4 4 0.021081766 
351 82 9 10 0.021077864 
894 282 38 33 0.021067418 
454 43 9 11 0.02104937 
731 84 7 8 0.021035898 
455 315 7 5 0.021021793 
87 357 11 10 0.021002753 
366 108 6 9 0.021002563 
412 411 25 22 0.020995455 
683 94 9 11 0.020983757 
846 88 6 10 0.020961814 
655 540 4 5 0.020947117 
357 113 9 11 0.020937845 
189 286 10 10 0.020936798 
252 307 19 27 0.020932643 
506 361 30 25 0.020919126 
350 49 10 11 0.020914163 
661 540 4 4 0.020905606 
626 467 8 7 0.02090539 
525 353 6 5 0.020903468 
854 285 5 4 0.02090236 
558 354 5 5 0.020899998 
331 44 10 9 0.020893523 
741 84 6 9 0.02089234 
875 292 12 11 0.020889707 
648 546 4 4 0.020878265 
827 610 24 22 0.020871505 
880 319 34 33 0.02086909 
397 167 6 7 0.020867622 
513 347 7 5 0.020866487 
23 408 26 26 0.020861233 
644 56 9 9 0.020860614 
342 94 11 11 0.020859677 
461 309 5 4 0.0208304 
669 514 3 3 0.020823052 
920 192 12 12 0.020810222 
651 324 11 10 0.02080996 
618 401 429 299 0.020781508 
346 133 7 9 0.020771628 
157 303 12 13 0.020757845 
667 547 3 4 0.020732641 
459 43 9 11 0.020718627 
950 316 10 14 0.020711895 
987 320 6 8 0.020706879 
821 316 5 4 0.02068567 
678 69 9 10 0.020683756 
351 94 9 11 0.020683566 
667 501 3 4 0.02068158 
903 291 14 15 0.020679578 
621 326 9 6 0.020666903 
84 376 16 12 0.020636583 
677 43 9 10 0.020632988 
861 284 5 4 0.020629287 
874 287 12 9 0.02060944 
552 328 6 4 0.020608243 
480 57 7 9 0.020606691 
337 24 22 23 0.02060063 
669 584 3 4 0.020579461 
539 347 6 5 0.020578396 
644 487 10 8 0.020564346 
474 316 7 4 0.02056225 
122 359 6 9 0.020560505 
462 303 5 5 0.020545552 
730 62 7 10 0.020535978 
343 55 11 11 0.020531401 
864 185 23 24 0.020487038 
650 565 3 4 0.020483216 
499 88 7 9 0.02047818 
-46 -29 365 441 0.020462533 
94 495 25 25 0.02044891 
626 315 10 7 0.020445192 
738 239 29 25 0.02044398 
-1 403 23 26 0.02044291 
525 495 138 85 0.020438042 
335 37 22 22 0.020434901 
648 540 4 4 0.020426856 
850 299 10 11 0.020409359 
480 50 7 9 0.020398365 
670 301 10 8 0.020394418 
846 290 6 5 0.020368557 
839 216 17 11 0.020368153 
858 289 9 7 0.020351661 
737 70 6 9 0.02034321 
391 166 6 8 0.020337924 
700 57 5 9 0.020304527 
466 101 21 23 0.020300288 
11 462 26 44 0.020297013 
226 220 11 17 0.020296246 
961 314 6 8 0.020288926 
465 82 20 22 0.020280283 
380 198 24 25 0.020270618 
492 51 8 9 0.020262733 
347 558 5 4 0.020261401 
461 316 5 4 0.02025602 
815 310 6 4 0.020231977 
473 88 20 23 0.020214107 
905 521 3 4 0.02021061 
897 400 31 28 0.020190734 
848 285 5 4 0.020184603 
337 43 11 10 0.02017746 
491 75 9 10 0.020172428 
295 44 21 21 0.02017171 
0 419 24 26 0.020154886 
513 354 6 5 0.020154262 
377 204 8 8 0.02013261 
872 196 23 24 0.02012308 
232 330 21 26 0.020118145 
357 133 7 9 0.02011589 
396 172 7 7 0.020115454 
45 485 6 10 0.0201041 
853 85 5 6 0.020086067 
631 318 11 8 0.020083116 
358 172 8 9 0.020082353 
358 140 7 8 0.020080406 
723 77 6 8 0.020075072 
298 24 25 21 0.020061878 
850 293 9 8 0.020059813 
174 615 6 6 0.020059224 
668 572 3 4 0.02004955 
108 369 9 10 0.02004796 
773 246 37 24 0.020036414 
889 212 8 7 0.020021461 
167 262 59 49 0.020011907 
316 67 12 12 0.020006215 
