40_Gymnastics_Gymnastics_40_894
34
418 178 123 174 0.99981683 
132 506 20 24 0.65762687 
99 519 16 24 0.4397559 
117 516 12 17 0.30216143 
107 516 14 21 0.07807103 
124 513 14 19 0.06218575 
23 596 10 16 0.04910061 
953 827 22 42 0.04525643 
65 579 9 14 0.037241496 
601 652 49 96 0.036320977 
131 727 5 9 0.036183514 
1030 6 293 282 0.033141937 
914 893 56 122 0.03037918 
57 581 13 18 0.028512454 
50 583 11 16 0.027776351 
57 599 13 18 0.027288651 
111 511 11 15 0.026957506 
261 838 462 737 0.02536925 
282 416 14 21 0.025271729 
348 443 25 53 0.023844706 
925 908 85 177 0.023454912 
937 826 27 47 0.023161279 
-52 641 541 819 0.022778295 
65 605 13 19 0.022129785 
924 838 23 41 0.021943865 
198 408 5 13 0.021915358 
222 450 7 14 0.021536093 
947 744 462 635 0.021472108 
244 468 5 13 0.021284986 
62 491 8 15 0.021269694 
31 502 9 13 0.02085338 
979 -31 452 695 0.020305956 
222 457 8 18 0.020073736 
269 427 5 10 0.020021241 
