22_Picnic_Picnic_22_594
502
497 272 53 66 0.9989028 
790 310 52 71 0.9677784 
492 20 18 28 0.17109695 
828 243 67 98 0.17106883 
719 309 29 31 0.1600299 
770 616 29 29 0.15651178 
125 390 15 17 0.14208563 
522 7 11 15 0.13894038 
177 25 30 31 0.116242185 
837 255 170 207 0.11379448 
560 538 7 12 0.10002536 
417 28 9 12 0.09926338 
550 562 89 99 0.09909157 
267 317 21 31 0.09575577 
622 326 21 30 0.08287795 
25 426 11 12 0.08175558 
585 38 10 14 0.08020674 
230 4 8 9 0.077280335 
753 162 11 11 0.07490528 
604 565 19 28 0.0725913 
813 285 51 62 0.07067468 
747 101 9 11 0.07044475 
93 395 9 9 0.069327086 
83 24 8 9 0.068528056 
220 653 119 69 0.06832143 
715 574 96 67 0.065989845 
705 607 71 43 0.06559544 
152 39 8 11 0.06518842 
255 15 12 12 0.06306719 
131 381 11 9 0.06303428 
87 394 10 11 0.06293556 
270 91 13 14 0.062595785 
382 182 13 15 0.061347827 
578 330 27 23 0.060720306 
796 209 14 16 0.059712928 
119 392 13 13 0.05769977 
298 214 11 19 0.0576092 
831 310 27 36 0.057015374 
32 409 16 14 0.055366565 
242 105 11 14 0.05493729 
527 4 10 11 0.05473693 
430 3 6 9 0.054608725 
144 5 11 13 0.054374572 
333 21 7 11 0.053867333 
245 1 12 11 0.05295238 
584 545 105 91 0.05285836 
671 312 27 30 0.052669276 
744 307 13 14 0.0524673 
51 425 8 10 0.052090634 
567 1 10 13 0.052078806 
355 189 21 30 0.051626623 
636 306 21 24 0.051072083 
536 221 24 23 0.05100632 
610 570 10 15 0.04992495 
549 214 28 27 0.049395606 
673 292 52 50 0.049289394 
286 676 63 38 0.04905257 
386 249 28 28 0.04892827 
407 266 71 93 0.04752141 
164 31 23 27 0.047472704 
509 80 10 16 0.047443394 
629 231 10 13 0.047079485 
86 22 9 9 0.04638411 
157 448 132 128 0.046188246 
589 305 22 24 0.045971878 
96 10 7 10 0.045916446 
556 534 7 10 0.04582862 
106 423 24 24 0.045681782 
156 362 108 78 0.045266178 
157 77 43 40 0.044999547 
649 103 13 16 0.044786416 
760 152 8 10 0.044751022 
12 404 10 12 0.043538086 
581 42 10 16 0.04303698 
104 386 16 12 0.04297872 
142 398 105 83 0.04182535 
495 9 13 13 0.041693237 
457 322 25 28 0.04149632 
88 34 11 11 0.041374847 
432 12 10 13 0.041360624 
109 391 16 12 0.040696543 
688 286 79 73 0.040603105 
82 398 10 11 0.040379915 
429 9 9 12 0.040293165 
777 275 135 149 0.04008946 
180 103 12 13 0.040081374 
128 422 6 7 0.040020186 
625 71 10 13 0.039864283 
331 193 23 31 0.039587595 
152 86 22 32 0.038928587 
586 558 52 45 0.03882836 
603 15 22 26 0.038763497 
489 106 12 18 0.0378509 
693 186 12 15 0.037192937 
672 254 26 32 0.03698783 
591 39 10 15 0.036970824 
84 29 12 11 0.03671364 
478 54 21 23 0.036705464 
51 421 6 9 0.036664404 
707 295 29 27 0.036632583 
112 406 14 10 0.036607463 
712 136 11 12 0.036294986 
470 3 11 11 0.036108065 
740 596 41 25 0.03600166 
344 10 9 10 0.03588253 
783 52 210 161 0.03582146 
73 7 11 11 0.035682507 
600 633 52 55 0.03480819 
233 256 10 12 0.034806747 
724 554 23 34 0.03475495 
808 338 53 63 0.034715973 
422 24 8 12 0.034667045 
215 7 11 12 0.03466658 
797 2 12 10 0.03456218 
412 129 20 32 0.034512848 
59 381 7 8 0.034259193 
107 114 11 15 0.034220394 
311 110 9 12 0.033913147 
432 360 110 116 0.033855833 
438 34 8 12 0.03374589 
406 168 14 17 0.033686582 
215 36 12 15 0.033613622 
396 241 30 28 0.033441544 
703 393 8 9 0.033294838 
555 532 16 22 0.033274096 
108 3 10 11 0.03299771 
962 393 41 55 0.032973003 
541 230 28 25 0.032819282 
264 113 12 17 0.032779403 
788 290 27 24 0.03275841 
344 2 8 10 0.032712147 
417 253 53 52 0.032657012 
570 331 50 42 0.03264636 
270 297 39 47 0.03259346 
274 186 10 12 0.032564033 
218 115 13 16 0.032446727 
63 131 9 10 0.03173339 
165 408 30 30 0.031657614 
404 199 53 48 0.031568572 
124 3 10 12 0.031322177 
437 153 13 18 0.03131669 
311 34 9 9 0.031158466 
708 263 11 11 0.031136423 
45 422 20 26 0.031037463 
89 4 7 7 0.031033592 
75 35 7 8 0.03094083 
92 38 13 13 0.030902438 
457 56 10 13 0.030864635 
368 176 52 52 0.0308631 
260 33 11 11 0.030787753 
78 404 11 14 0.030744147 
99 458 13 11 0.030683408 
371 247 27 26 0.030662486 
61 443 9 12 0.03064209 
77 24 8 9 0.030607335 
558 442 101 103 0.030594684 
704 149 10 10 0.0305897 
94 399 9 9 0.030506598 
729 561 53 41 0.030443236 
576 493 26 29 0.030289356 
87 388 22 20 0.030229457 
410 229 52 43 0.030201105 
518 9 10 15 0.03017376 
702 350 44 51 0.030071678 
573 0 11 13 0.03000705 
364 6 11 16 0.029983537 
532 233 49 43 0.02977275 
846 251 24 39 0.029694976 
594 21 21 27 0.029606424 
165 73 25 24 0.029570045 
626 278 21 25 0.029569745 
691 168 9 10 0.029527865 
379 257 14 14 0.029443637 
464 6 13 12 0.029408645 
706 155 12 13 0.029244794 
30 418 11 11 0.029217478 
421 178 25 26 0.029138803 
624 562 29 37 0.029126022 
619 536 55 45 0.029117327 
686 341 22 25 0.029091487 
920 241 110 123 0.029079769 
80 389 11 10 0.029059513 
678 236 50 45 0.029037874 
374 19 9 12 0.028983856 
846 225 113 129 0.02897113 
628 301 12 15 0.028939342 
677 372 47 48 0.02879464 
370 186 26 29 0.028609479 
566 4 18 22 0.028509295 
837 659 32 25 0.028508691 
68 5 11 10 0.028487768 
551 551 7 10 0.028473431 
191 21 47 46 0.028470082 
112 398 14 11 0.028453477 
591 271 21 29 0.028385457 
901 125 11 11 0.028361415 
278 85 10 10 0.028253173 
31 396 24 25 0.02823875 
153 381 12 9 0.028235713 
286 195 10 12 0.028143901 
89 17 8 8 0.028123226 
164 217 12 13 0.028058361 
961 376 104 120 0.02800872 
79 8 10 10 0.028004613 
649 484 34 30 0.02798235 
118 2 11 11 0.027912421 
169 112 27 25 0.027868608 
414 228 9 8 0.027838765 
253 1 11 10 0.027800022 
454 2 7 8 0.02775877 
351 11 9 10 0.027591377 
848 371 191 209 0.027540792 
101 441 11 12 0.027462954 
81 3 8 8 0.027392276 
579 52 11 15 0.027266497 
788 608 45 37 0.027242932 
127 377 11 8 0.02720861 
200 6 14 14 0.02720038 
246 7 10 10 0.027141355 
81 394 19 19 0.02712157 
144 380 12 9 0.027071822 
542 597 8 17 0.027067795 
515 153 394 379 0.02705358 
167 480 30 24 0.027016541 
337 211 47 48 0.026929498 
576 3 21 23 0.026871365 
245 114 13 15 0.026803354 
605 565 11 14 0.026717436 
241 72 9 12 0.026684243 
181 124 16 15 0.026666574 
197 0 10 8 0.026648387 
622 72 20 25 0.026574593 
279 230 94 87 0.026482906 
730 9 6 8 0.026408583 
145 390 10 12 0.026373265 
721 393 8 9 0.026330411 
226 139 22 24 0.026224716 
445 267 41 59 0.026107349 
266 218 10 15 0.026076218 
147 40 9 11 0.0260706 
845 364 24 32 0.026068322 
645 133 11 14 0.026063725 
45 380 11 11 0.025987286 
53 397 20 23 0.02597687 
374 245 14 13 0.02593852 
529 185 10 12 0.025914205 
99 381 15 11 0.02588712 
450 20 13 16 0.025760656 
509 99 10 17 0.025662282 
585 592 99 97 0.025610998 
61 386 9 10 0.025601277 
503 169 12 17 0.025587855 
592 3 20 27 0.025573727 
174 485 15 14 0.02556964 
804 12 12 11 0.025511019 
135 195 53 55 0.025455186 
637 321 108 96 0.025438076 
274 27 10 12 0.02541865 
575 46 9 13 0.025385913 
121 34 10 11 0.025351742 
582 29 7 9 0.02533786 
261 47 8 10 0.025233893 
389 296 98 136 0.025228431 
74 408 11 14 0.02521873 
300 206 22 27 0.025175884 
352 130 7 10 0.025047729 
406 22 17 21 0.024939645 
770 17 6 8 0.024868466 
549 504 98 103 0.02477255 
173 13 8 9 0.024766091 
275 288 24 33 0.024679808 
290 276 51 55 0.024624994 
732 20 9 13 0.024558578 
74 417 10 11 0.024543786 
1001 301 38 51 0.024540788 
341 200 88 82 0.024413444 
642 304 11 13 0.024396297 
323 255 19 23 0.024387311 
612 30 12 15 0.024335349 
300 651 54 42 0.024310071 
346 139 6 8 0.024277803 
133 7 9 11 0.024263807 
815 289 23 27 0.024261069 
100 7 9 12 0.024217919 
213 27 12 13 0.024209041 
718 294 14 13 0.024183055 
678 1 13 11 0.024137009 
351 138 6 8 0.024126409 
422 228 6 7 0.024106108 
111 160 11 12 0.02408505 
620 307 40 42 0.024042686 
182 21 16 17 0.02400911 
399 224 12 11 0.023971304 
90 10 7 8 0.023946224 
225 117 12 13 0.023933312 
700 383 24 25 0.023910355 
725 304 13 14 0.023891632 
601 570 10 15 0.023791378 
753 158 21 20 0.023744356 
35 482 12 10 0.023730125 
157 124 9 11 0.02372339 
642 59 13 15 0.023700483 
785 14 8 10 0.023563469 
391 249 54 48 0.023563446 
143 375 13 9 0.023559388 
309 47 10 13 0.023553563 
742 12 7 8 0.023545492 
143 653 135 74 0.023479315 
428 0 6 7 0.0234428 
387 193 27 29 0.023397783 
145 47 8 9 0.0233265 
586 484 115 87 0.023268852 
463 90 20 26 0.0232475 
107 105 403 322 0.023227647 
724 4 7 9 0.023176946 
164 241 9 8 0.023075946 
339 26 8 10 0.023070998 
747 27 8 9 0.02303542 
367 77 10 13 0.023033138 
18 422 21 24 0.023002435 
254 29 11 12 0.022987444 
482 27 19 28 0.022960495 
34 424 12 13 0.022904595 
467 249 5 6 0.02290438 
577 277 43 51 0.022902705 
503 9 9 10 0.022902226 
121 40 9 12 0.022865973 
378 209 48 43 0.022832649 
221 8 9 10 0.022826934 
365 149 50 52 0.022788923 
333 223 25 29 0.02278525 
187 105 11 11 0.022778912 
682 247 12 13 0.02277192 
214 98 10 12 0.022770606 
654 280 45 49 0.022720044 
125 379 20 18 0.022674888 
162 102 22 23 0.022640424 
468 14 15 16 0.022638505 
233 2 10 9 0.022632357 
451 85 20 28 0.022582477 
786 21 8 9 0.022582063 
973 358 50 60 0.022536505 
799 7 10 10 0.022528417 
651 -103 425 312 0.022506291 
136 22 12 12 0.022459347 
90 483 27 22 0.0223912 
92 353 11 11 0.022371544 
770 100 102 111 0.022341343 
824 295 9 12 0.022336425 
600 14 11 16 0.02231541 
226 2 19 20 0.022297649 
671 428 29 33 0.022285521 
489 249 3 5 0.022284044 
63 431 9 10 0.022241976 
653 409 23 23 0.022211848 
5 402 10 13 0.022201715 
476 131 20 24 0.022197668 
811 286 8 8 0.022196915 
658 231 99 95 0.022181993 
191 3 9 7 0.022163358 
312 200 37 43 0.022135247 
625 295 12 14 0.022133747 
584 46 20 23 0.022107825 
732 143 93 101 0.022048775 
434 19 9 13 0.02202124 
559 157 12 12 0.021957623 
552 107 21 30 0.021934563 
95 4 8 8 0.021923823 
492 106 103 105 0.021919955 
252 244 10 14 0.021917164 
414 28 18 22 0.02189798 
252 63 13 14 0.021889798 
754 20 9 12 0.021873789 
328 268 49 51 0.021847527 
749 16 7 8 0.02184598 
477 103 20 25 0.02183701 
510 69 12 17 0.021795474 
665 123 10 13 0.02179416 
588 29 7 10 0.021785572 
400 35 38 44 0.021775749 
661 345 49 49 0.021765484 
527 10 12 15 0.021761818 
512 144 21 26 0.021701632 
148 3 10 10 0.021619277 
667 82 14 14 0.021592058 
429 0 17 22 0.021588717 
573 54 11 13 0.021569991 
514 156 12 16 0.02154925 
579 1 12 13 0.021541318 
848 267 12 20 0.021511208 
419 47 13 19 0.021501279 
297 251 13 17 0.021492887 
778 21 9 9 0.021480912 
267 6 10 12 0.021437353 
686 332 47 48 0.021425826 
108 407 24 21 0.021418711 
264 41 10 11 0.021418216 
903 146 32 32 0.021417433 
735 9 8 9 0.02139515 
57 376 9 9 0.021323534 
0 395 8 16 0.021316105 
75 14 8 9 0.021316059 
467 41 18 23 0.02130221 
1 389 100 104 0.021284264 
650 343 22 23 0.02124632 
-3 -168 96 140 0.021229738 
278 224 11 16 0.021226518 
563 326 93 82 0.021221347 
602 97 9 11 0.021216664 
139 47 9 9 0.021206012 
342 113 41 47 0.02120599 
254 102 11 14 0.021190206 
697 157 10 10 0.02118361 
596 328 12 15 0.021165866 
213 125 14 18 0.02115621 
581 12 9 13 0.021149915 
532 137 23 27 0.021095306 
99 129 8 10 0.021091107 
-3 671 71 186 0.021076353 
670 74 9 10 0.021039665 
598 53 9 11 0.021021659 
763 136 47 49 0.021006787 
214 21 9 10 0.021003345 
233 261 20 24 0.02100119 
949 169 12 9 0.020995904 
681 229 12 12 0.020979872 
638 92 94 89 0.020963037 
-8 17 59 114 0.020962048 
75 387 10 11 0.020953683 
136 218 11 13 0.020951552 
59 439 8 10 0.020944696 
612 58 9 10 0.020928783 
205 37 23 27 0.020919258 
824 286 7 8 0.020907857 
702 103 9 10 0.020899998 
286 57 47 46 0.02088873 
806 158 43 47 0.02087322 
246 77 12 14 0.02086826 
159 179 54 55 0.020861832 
251 193 10 14 0.020847129 
543 170 9 9 0.020835102 
496 249 5 5 0.02083153 
386 58 40 46 0.020806761 
208 89 13 12 0.020761607 
708 167 10 13 0.020731218 
75 337 9 11 0.020729 
84 182 54 58 0.020726338 
686 398 12 12 0.020724462 
629 60 20 24 0.020720847 
42 116 10 12 0.02071398 
363 129 9 12 0.020710908 
431 229 5 6 0.02068092 
598 280 11 15 0.02067485 
689 157 9 9 0.020653917 
714 331 45 50 0.020640148 
598 236 12 16 0.020609047 
335 10 6 9 0.020599416 
834 321 15 20 0.02059493 
748 13 7 7 0.02058419 
425 26 9 11 0.020570496 
151 386 11 9 0.020564416 
985 394 51 60 0.020525297 
516 245 31 25 0.02050754 
91 473 15 11 0.020498851 
95 387 11 9 0.020468602 
818 643 28 21 0.020468181 
62 36 9 11 0.020463182 
232 51 12 14 0.020451754 
600 361 112 112 0.020450592 
127 100 44 47 0.020429222 
738 394 89 106 0.020421546 
714 533 51 51 0.020416563 
379 239 15 13 0.02041486 
17 298 9 12 0.02039749 
370 262 24 25 0.020384172 
392 214 23 22 0.020383878 
80 382 10 10 0.020371046 
581 83 91 98 0.020370556 
265 95 18 24 0.020328088 
368 251 12 12 0.020302549 
248 123 10 14 0.020282486 
635 589 30 31 0.02027156 
157 246 55 54 0.020264402 
255 208 42 51 0.020240303 
682 552 53 52 0.020230968 
951 287 54 62 0.020201625 
606 238 20 25 0.020185018 
256 45 41 42 0.020183565 
42 417 10 11 0.020175094 
100 376 13 9 0.020172726 
829 35 9 9 0.020168638 
271 64 12 12 0.020164182 
501 116 11 15 0.020140698 
419 7 18 23 0.020140491 
413 57 13 21 0.02014038 
179 10 8 9 0.020133104 
573 23 20 25 0.0201248 
401 223 25 22 0.02010278 
553 545 9 15 0.0200842 
7 645 453 288 0.020078875 
476 18 13 14 0.020054849 
343 22 8 10 0.020033661 
