22_Picnic_Picnic_22_290
1643
414 411 28 38 0.9991059 
345 415 27 35 0.9975585 
279 422 19 36 0.9654856 
616 414 29 40 0.96204245 
425 70 8 8 0.2888147 
901 8 8 9 0.28032604 
551 426 20 37 0.2741214 
312 180 10 9 0.25922328 
885 30 13 12 0.25657907 
310 198 10 11 0.24458152 
725 31 11 12 0.2442681 
951 74 12 12 0.23962854 
919 7 11 10 0.21931675 
898 76 11 14 0.21664152 
10 241 13 16 0.21380772 
939 1 10 9 0.21150483 
926 115 15 13 0.21138631 
389 538 33 23 0.20571904 
126 410 36 58 0.18249692 
388 154 10 11 0.18148907 
61 252 10 11 0.18006523 
62 288 7 10 0.17954245 
807 4 13 12 0.1786075 
292 212 9 12 0.17819692 
336 224 11 13 0.1770303 
966 83 14 13 0.17082873 
750 30 14 13 0.15878843 
986 141 8 8 0.15662722 
602 166 16 13 0.15216172 
201 357 50 75 0.15014128 
764 2 12 9 0.1439572 
617 145 14 16 0.1407003 
972 138 9 10 0.1375765 
89 289 8 9 0.13569228 
16 261 12 17 0.13496983 
959 20 9 9 0.13427979 
697 2 6 6 0.13311931 
339 180 10 12 0.13207784 
6 229 8 10 0.13178156 
309 366 43 52 0.13129866 
679 2 8 8 0.12522286 
479 80 9 11 0.12518398 
993 65 11 10 0.124510795 
981 89 10 11 0.12100099 
97 223 19 22 0.12030877 
274 181 8 9 0.11994743 
294 164 7 7 0.11915727 
2 266 12 16 0.11801852 
985 9 8 9 0.11800572 
101 203 10 10 0.11759489 
686 13 8 8 0.11706596 
647 346 15 21 0.116901755 
1001 57 10 10 0.115298495 
999 35 7 9 0.11458571 
296 191 13 14 0.113815956 
955 408 15 17 0.11300243 
324 205 11 13 0.1128661 
808 116 10 12 0.11165767 
558 370 20 25 0.11098643 
907 8 10 10 0.106033854 
907 65 9 11 0.1053847 
265 193 11 13 0.102168314 
950 108 12 14 0.09995699 
933 25 9 10 0.09915055 
739 312 36 35 0.09876659 
288 155 5 7 0.09816887 
419 168 8 8 0.09790311 
460 16 7 6 0.09752245 
519 30 8 7 0.09738809 
468 116 8 8 0.09699505 
377 168 7 8 0.09422235 
830 21 10 9 0.09351593 
966 3 9 9 0.09252023 
962 63 11 10 0.09179903 
412 186 12 12 0.09168945 
919 2 10 9 0.09128016 
761 4 11 10 0.090685025 
1009 9 7 9 0.08968589 
983 76 10 10 0.08943095 
277 169 6 7 0.089309484 
854 127 11 11 0.08875945 
279 199 10 10 0.08853402 
891 57 10 10 0.0878593 
972 22 9 9 0.08767822 
279 205 10 11 0.08608012 
358 206 9 9 0.08579719 
934 31 10 12 0.08556075 
836 114 7 10 0.084950104 
363 146 9 10 0.08444611 
977 20 8 9 0.08383898 
1009 67 9 9 0.0837049 
999 16 6 7 0.08365826 
487 78 23 25 0.080966435 
990 9 8 8 0.080784135 
564 183 52 47 0.07988193 
766 36 13 13 0.07941545 
751 129 13 12 0.0786853 
91 2 27 21 0.07860091 
453 47 8 9 0.07852133 
998 9 6 7 0.07820259 
414 77 10 10 0.07809612 
1009 28 7 7 0.07721242 
963 102 11 11 0.07702271 
683 9 8 8 0.07698346 
666 22 8 9 0.07635907 
943 32 13 11 0.07592132 
788 45 12 12 0.07547886 
612 518 22 29 0.07504895 
395 172 8 9 0.07473674 
30 191 11 13 0.07464032 
959 142 8 8 0.07444847 
999 21 6 7 0.07416061 
325 185 9 9 0.07406824 
260 230 13 16 0.07356504 
692 655 8 9 0.07333333 
644 141 13 13 0.073240906 
342 141 9 9 0.07303326 
537 85 8 8 0.072854765 
673 350 13 14 0.07233748 
788 223 13 15 0.071301654 
826 12 8 7 0.071196236 
47 6 15 12 0.07083283 
951 1 8 7 0.070464775 
60 27 23 25 0.0690936 
858 6 9 10 0.06906033 
924 71 10 12 0.068691455 
413 174 9 8 0.06858863 
455 26 12 9 0.06831794 
407 60 7 8 0.06823189 
695 418 34 44 0.06783595 
270 224 15 18 0.06731064 
654 160 12 11 0.06680973 
879 91 10 10 0.066750124 
823 115 8 10 0.06641963 
912 5 11 11 0.06596943 
358 210 10 12 0.06586495 
998 342 9 10 0.065628044 
717 46 10 12 0.06548829 
307 174 8 8 0.06542563 
75 216 11 15 0.06531291 
94 104 9 10 0.065247335 
116 252 13 16 0.0652367 
124 242 15 15 0.06505084 
467 121 10 13 0.06449969 
195 200 10 12 0.06445582 
636 27 11 9 0.06438399 
818 26 12 11 0.06433019 
1010 38 9 9 0.06426117 
503 39 9 9 0.063958175 
1009 13 9 10 0.06390952 
395 142 9 9 0.06361315 
409 92 8 9 0.06359705 
280 194 10 10 0.06355089 
324 173 10 9 0.06354582 
114 1 17 12 0.06300503 
1008 51 10 11 0.06289155 
601 15 10 9 0.06271108 
318 209 13 13 0.062366016 
37 215 11 14 0.062299356 
447 48 7 7 0.06218864 
904 100 11 14 0.06134938 
288 152 4 6 0.061310638 
462 47 14 11 0.061287913 
288 168 7 8 0.061214406 
476 94 6 7 0.061135005 
1011 2 6 6 0.06073011 
418 122 12 10 0.06064131 
233 212 13 13 0.06062472 
732 135 11 12 0.060348418 
128 211 8 10 0.06031426 
273 388 22 36 0.060255744 
430 85 7 7 0.060153767 
759 53 11 10 0.060076535 
709 1 8 7 0.059736732 
653 1 7 6 0.05969393 
409 169 8 8 0.059558447 
920 66 9 10 0.059378747 
311 176 9 8 0.059355192 
996 99 9 9 0.05906698 
445 112 8 8 0.058912214 
1005 38 7 8 0.058666077 
568 8 12 8 0.058412366 
254 174 8 8 0.058403883 
745 66 10 10 0.05829454 
85 167 9 10 0.058153737 
581 178 30 28 0.057827223 
851 108 10 10 0.057826847 
693 2 6 6 0.057657175 
712 7 11 11 0.05756549 
36 234 12 14 0.05747104 
970 156 9 10 0.057422962 
1002 342 11 12 0.057153065 
867 7 11 10 0.057100426 
449 24 7 6 0.057076186 
397 97 7 9 0.05683187 
267 428 20 33 0.056830976 
971 559 6 6 0.056722116 
979 52 9 9 0.05629585 
120 83 8 8 0.056287363 
995 332 10 10 0.055562474 
39 228 11 14 0.055547316 
938 201 14 14 0.055364992 
912 78 10 12 0.055352714 
631 308 13 18 0.055311024 
245 187 10 10 0.055188816 
477 109 9 10 0.05515454 
123 229 13 15 0.054845095 
797 22 11 10 0.05470918 
949 559 5 5 0.054689538 
964 39 10 9 0.05445598 
1010 35 7 7 0.05440096 
430 54 5 5 0.054179348 
944 1 10 8 0.053950958 
1005 345 16 19 0.0538582 
327 137 6 8 0.05355525 
694 32 12 15 0.053540103 
963 15 9 9 0.053524874 
557 94 8 7 0.053469587 
964 352 10 10 0.053314023 
406 137 13 12 0.05326433 
440 124 10 10 0.053129517 
1007 95 12 14 0.052953593 
363 174 8 8 0.052894436 
176 214 14 13 0.05281569 
862 73 10 10 0.052356884 
778 111 8 9 0.052103486 
6 32 8 9 0.051963076 
787 22 10 10 0.051908728 
773 100 7 7 0.05186303 
798 181 46 43 0.05172341 
834 26 10 11 0.05164554 
417 61 6 7 0.051634323 
816 9 10 9 0.05160622 
1003 134 13 12 0.05140258 
925 2 9 8 0.051202714 
617 155 25 24 0.051159874 
631 10 9 7 0.051132575 
720 38 11 11 0.05103963 
41 414 8 13 0.050916422 
303 186 11 11 0.050799344 
747 3 9 7 0.05074999 
235 436 17 30 0.050685905 
757 104 10 10 0.050453223 
37 9 12 10 0.050434433 
682 54 10 9 0.05039029 
768 75 10 11 0.050314765 
428 112 8 8 0.05016597 
193 467 17 25 0.049932722 
548 175 9 9 0.04991457 
398 104 7 10 0.04980809 
484 131 12 11 0.049678765 
657 261 13 16 0.04942675 
293 187 11 10 0.049251527 
518 163 9 8 0.04912135 
360 174 7 7 0.04856179 
618 2 9 7 0.04852928 
851 58 11 10 0.048494194 
909 3 8 7 0.048191458 
989 652 4 4 0.04815819 
960 559 6 5 0.048145816 
218 310 20 24 0.04810116 
991 22 6 8 0.047917712 
782 98 7 7 0.047864296 
824 21 11 11 0.04781731 
999 2 6 7 0.04770894 
802 26 10 10 0.047664933 
444 48 6 7 0.047541764 
785 97 8 7 0.047426883 
453 22 10 9 0.04737919 
325 157 10 10 0.047312453 
99 186 8 8 0.04723928 
168 223 14 17 0.046751 
648 7 10 10 0.046737257 
479 97 6 7 0.04662407 
747 8 11 10 0.04655322 
406 151 12 12 0.04645195 
990 34 8 10 0.046320174 
68 167 8 10 0.04626063 
379 173 5 8 0.046260346 
890 121 12 13 0.046082884 
262 180 8 8 0.045933876 
815 82 11 12 0.045906816 
699 174 15 15 0.04588863 
459 20 9 8 0.045852028 
409 48 6 6 0.04576407 
703 1 8 8 0.045711245 
1010 401 20 38 0.045687 
769 42 12 13 0.045629527 
139 207 7 8 0.04561555 
530 124 11 9 0.045549743 
418 110 11 9 0.045524523 
408 54 7 6 0.045480397 
15 281 10 12 0.0454655 
118 190 5 6 0.045367673 
986 3 7 7 0.045304082 
455 81 7 6 0.04528579 
300 194 17 18 0.045250464 
793 187 8 8 0.045222018 
625 167 13 13 0.045216206 
805 106 10 13 0.045061115 
48 396 9 15 0.04489315 
941 84 8 10 0.044864815 
9 265 12 16 0.04483316 
389 168 9 11 0.04469913 
479 93 7 7 0.044588737 
855 117 10 10 0.04449551 
913 60 8 10 0.044417143 
817 1 9 8 0.044363398 
693 15 9 8 0.04432139 
877 31 9 10 0.044003632 
564 394 21 28 0.04393141 
576 641 9 13 0.043892533 
298 182 21 18 0.043692335 
112 235 13 15 0.043611895 
220 198 10 9 0.043603946 
57 412 9 15 0.043591436 
402 168 8 9 0.04354591 
117 206 6 7 0.043501467 
159 184 46 43 0.04347584 
306 170 7 7 0.04343494 
486 89 9 10 0.043430965 
364 112 6 6 0.043353267 
893 463 14 14 0.043276712 
406 201 10 10 0.04303055 
874 6 11 10 0.04301695 
850 18 10 11 0.04300041 
824 122 10 12 0.042950116 
257 156 6 6 0.042864274 
976 85 13 12 0.042788673 
928 54 9 10 0.042750895 
350 192 8 11 0.042742915 
500 11 5 6 0.042682145 
744 2 7 7 0.042657502 
408 124 9 8 0.042589113 
315 224 11 12 0.042536426 
860 2 11 11 0.042518836 
776 218 26 27 0.042448558 
431 49 5 5 0.042428534 
786 0 9 8 0.042372458 
430 61 6 6 0.0422981 
516 87 10 13 0.04207089 
950 556 4 4 0.04203185 
635 134 25 23 0.041909516 
982 652 4 4 0.041895524 
875 85 9 8 0.041808892 
1004 91 10 10 0.041796736 
743 127 23 21 0.041788507 
892 103 13 12 0.0417448 
491 60 9 9 0.04166929 
800 6 11 11 0.041659962 
514 441 21 37 0.041654337 
41 10 16 13 0.04158181 
483 82 11 12 0.0415592 
114 239 20 24 0.041498676 
547 168 9 9 0.04149632 
792 92 9 10 0.04147374 
770 497 10 7 0.04144247 
260 156 7 7 0.041441306 
636 22 11 8 0.0413954 
433 142 13 12 0.041364234 
991 2 7 7 0.04132124 
512 23 6 6 0.04130889 
862 11 11 13 0.041274987 
242 161 8 8 0.041269705 
311 499 41 40 0.04122558 
362 184 10 11 0.041160677 
284 197 11 12 0.041135866 
490 4 7 6 0.041086115 
422 67 17 17 0.04086914 
259 161 7 8 0.04064449 
575 137 8 8 0.040586818 
1005 2 6 6 0.04057324 
795 104 7 8 0.04052507 
362 131 8 7 0.040433727 
963 68 12 12 0.040346976 
338 195 11 13 0.040283278 
964 45 11 10 0.040223874 
657 1 8 7 0.040039677 
435 128 10 9 0.03995425 
632 2 7 5 0.039946716 
408 102 11 11 0.03992165 
730 398 19 27 0.039748773 
475 106 6 7 0.03966623 
670 152 13 13 0.039665166 
617 47 15 15 0.03965718 
309 638 5 6 0.039645668 
267 185 10 11 0.039605364 
376 203 9 10 0.039586756 
11 284 10 15 0.039583307 
117 202 6 7 0.039567452 
287 187 8 9 0.039526757 
818 111 9 10 0.03952489 
786 105 7 7 0.039430067 
437 381 22 32 0.03932216 
420 104 10 8 0.039250012 
714 1 9 9 0.03919339 
94 2 13 10 0.039137896 
79 420 12 13 0.039135586 
710 0 6 4 0.039125975 
299 162 8 7 0.03906011 
303 139 4 3 0.039038997 
906 16 11 12 0.03897877 
820 18 21 20 0.038920842 
401 182 8 8 0.038827665 
367 183 10 11 0.038820766 
30 199 11 15 0.03875481 
343 21 13 11 0.038698345 
389 21 7 7 0.03858067 
99 235 13 13 0.038578033 
419 116 12 10 0.038540605 
331 185 9 12 0.038510058 
480 17 7 7 0.038505327 
151 4 11 11 0.038352422 
511 104 7 9 0.038248796 
116 212 6 8 0.038096547 
707 211 30 31 0.03808923 
752 2 11 9 0.03801561 
577 330 20 29 0.03797117 
882 34 12 13 0.037918493 
556 174 11 11 0.03787079 
613 130 25 27 0.037854206 
40 254 11 15 0.03784039 
438 84 9 7 0.037795648 
138 211 9 11 0.037782364 
399 197 10 11 0.037727527 
917 32 11 12 0.03765241 
235 176 8 9 0.037584566 
17 224 10 11 0.037505537 
368 161 9 11 0.037480947 
490 87 11 12 0.037463922 
520 83 10 11 0.03741414 
240 275 22 25 0.037375398 
417 54 5 5 0.037373986 
679 255 22 26 0.03736484 
587 257 24 27 0.037341263 
144 48 9 7 0.037269276 
644 22 9 8 0.037195273 
567 25 15 13 0.03716813 
403 54 7 6 0.037136786 
561 130 10 8 0.03711653 
418 98 10 9 0.037098676 
861 118 9 10 0.03708034 
598 184 28 24 0.037056923 
327 125 5 6 0.037007995 
963 149 9 9 0.036984023 
384 70 14 13 0.036952548 
479 105 8 9 0.036932677 
1000 130 24 26 0.03692893 
491 212 14 13 0.036900423 
566 122 13 10 0.03686397 
780 155 25 25 0.036745455 
476 124 9 9 0.036725063 
166 178 26 26 0.03662768 
986 22 7 9 0.036581963 
706 64 13 12 0.036571585 
354 20 11 10 0.036471896 
317 126 3 4 0.036462452 
397 126 7 7 0.036432423 
331 185 17 22 0.036394205 
769 100 7 6 0.03638541 
419 185 11 10 0.03638367 
518 23 7 5 0.03627641 
543 182 8 7 0.03624525 
646 2 8 6 0.036215127 
285 181 9 9 0.036139954 
405 207 12 14 0.036047842 
403 126 7 7 0.035988536 
133 195 6 7 0.03595475 
53 35 14 17 0.03594801 
413 97 11 10 0.03586437 
235 434 8 13 0.035845283 
783 39 12 10 0.035845052 
484 96 11 12 0.035782512 
793 183 8 7 0.035702474 
959 61 9 8 0.035625637 
835 58 9 11 0.03560857 
958 147 9 11 0.035593387 
965 154 9 10 0.035555445 
640 2 7 5 0.03552722 
600 153 12 11 0.03551137 
408 182 10 10 0.035416234 
688 83 12 9 0.035410143 
916 459 13 13 0.035353214 
413 223 14 15 0.035350557 
664 14 8 8 0.03532253 
984 516 23 28 0.035302565 
855 146 13 14 0.035094287 
538 439 34 42 0.035052992 
211 196 6 6 0.034988955 
743 8 8 9 0.034987744 
492 9 7 6 0.03497546 
817 96 8 10 0.034913175 
203 168 8 7 0.034878112 
418 49 4 5 0.03476868 
95 217 11 13 0.03472524 
404 49 5 6 0.034677297 
48 262 11 14 0.0346598 
428 80 7 7 0.0346453 
569 137 8 8 0.034613706 
290 164 6 7 0.034591246 
460 10 5 6 0.03458699 
983 71 10 10 0.03456382 
718 8 11 9 0.03453432 
626 2 7 5 0.034475435 
283 207 16 19 0.034470465 
407 128 10 9 0.03445768 
690 206 28 31 0.034350716 
281 164 6 6 0.034300804 
279 187 9 9 0.0343006 
351 198 8 10 0.03429771 
586 407 12 17 0.034262102 
457 10 5 5 0.034248102 
327 141 7 8 0.03421438 
262 180 20 21 0.034206316 
608 170 16 13 0.034149162 
760 61 12 14 0.034084875 
990 85 9 9 0.03407047 
959 -1 6 5 0.03400185 
654 329 13 15 0.03398712 
996 350 10 13 0.033934224 
875 110 10 11 0.03390393 
331 13 10 9 0.033890247 
977 139 8 11 0.033855375 
256 151 6 6 0.03380391 
947 72 10 10 0.033768743 
604 149 21 19 0.033756282 
495 254 27 23 0.033716395 
733 46 9 10 0.03364209 
378 106 7 8 0.03363853 
964 77 12 13 0.033603083 
282 156 6 7 0.033579044 
706 168 12 12 0.033462133 
942 456 14 14 0.033445697 
448 52 7 8 0.033443894 
352 48 15 14 0.033443306 
422 62 6 5 0.033427984 
499 181 23 19 0.03341041 
351 217 9 11 0.033328727 
615 113 25 25 0.033307657 
309 139 4 4 0.033285048 
257 189 21 22 0.033281457 
471 82 41 41 0.033281013 
217 196 7 7 0.03326859 
517 160 27 23 0.033255003 
98 184 6 7 0.033239402 
49 33 12 12 0.03320047 
726 589 11 15 0.033183105 
792 0 9 8 0.033176906 
921 0 7 5 0.03315839 
831 121 9 12 0.033130538 
798 103 8 10 0.033098765 
283 123 6 6 0.033094555 
432 59 9 8 0.033072483 
372 66 7 9 0.0330232 
73 189 12 14 0.03301737 
987 481 14 17 0.032998987 
832 86 7 9 0.032957915 
93 208 22 23 0.032806862 
594 168 32 27 0.032798637 
381 286 14 15 0.03278943 
179 155 6 6 0.03277695 
656 135 11 10 0.032745283 
275 199 9 11 0.032670844 
982 646 4 3 0.032650698 
799 509 25 22 0.032631613 
341 221 19 20 0.032570116 
1003 334 10 9 0.032551512 
936 651 4 4 0.03254088 
907 25 11 10 0.032481633 
99 207 12 14 0.032478068 
361 216 12 11 0.032460682 
690 139 7 5 0.03240016 
546 291 12 16 0.03235684 
123 390 25 38 0.032274842 
145 211 12 12 0.032259654 
569 3 10 7 0.032259315 
958 346 9 10 0.0321916 
178 151 7 7 0.032188203 
563 118 25 19 0.03217307 
584 172 14 12 0.032164525 
469 113 6 7 0.032160357 
134 262 20 24 0.032107335 
962 451 14 16 0.03208183 
436 48 5 6 0.032064516 
248 162 7 6 0.03202476 
613 2 10 8 0.032023173 
349 231 12 13 0.032008592 
980 8 7 8 0.031987753 
358 136 7 8 0.031970605 
567 281 19 22 0.031951007 
15 14 9 9 0.031921912 
4 295 12 18 0.031870108 
502 150 13 14 0.031817906 
385 174 6 8 0.0318179 
42 380 10 14 0.031783756 
101 416 10 12 0.03173969 
906 76 10 12 0.03173301 
657 32 10 10 0.03171819 
790 138 12 14 0.031707767 
385 219 13 15 0.031701863 
383 130 8 8 0.031688 
574 129 10 8 0.031668797 
284 190 19 20 0.03166428 
424 49 4 5 0.03166146 
204 155 9 8 0.031636924 
693 0 5 4 0.031626154 
631 205 13 11 0.031621642 
764 406 14 16 0.031609148 
970 6 8 8 0.03160492 
303 133 4 4 0.0314936 
798 1 10 9 0.03146578 
455 85 8 8 0.031421263 
93 426 20 24 0.031405114 
514 247 39 39 0.03140099 
397 53 6 6 0.03135422 
322 126 4 4 0.03132495 
772 103 7 7 0.031283837 
505 16 5 5 0.031263534 
599 416 24 29 0.03126265 
728 16 9 8 0.031238578 
628 0 6 4 0.031237278 
170 236 10 12 0.031236077 
330 8 10 9 0.031231703 
690 276 26 31 0.031211019 
570 71 8 8 0.0311959 
592 245 23 26 0.031191893 
418 206 11 10 0.031187588 
953 59 8 9 0.031176912 
487 6 9 8 0.031163044 
275 175 7 7 0.031134523 
302 171 21 20 0.031127634 
978 352 10 11 0.03109746 
592 298 32 32 0.031090407 
166 100 218 165 0.031085188 
165 322 139 168 0.031069303 
721 582 10 11 0.03100616 
369 201 10 10 0.030997815 
518 371 23 34 0.030949064 
263 394 35 57 0.030902496 
416 163 8 8 0.030882105 
689 10 7 7 0.030853348 
659 383 25 36 0.030816168 
134 200 6 6 0.030782038 
406 95 20 22 0.030772535 
87 11 14 14 0.030754859 
983 58 8 9 0.03074353 
547 106 12 10 0.030673696 
630 69 42 39 0.030664735 
976 26 8 9 0.030658694 
113 369 74 106 0.030648295 
733 281 50 49 0.030628312 
325 191 9 10 0.030613843 
260 168 7 8 0.030608788 
441 17 6 5 0.030602457 
291 174 9 9 0.030581696 
584 179 14 12 0.03057778 
525 23 7 6 0.030555148 
780 104 7 7 0.030531673 
299 203 23 23 0.030493354 
491 48 8 6 0.030483432 
239 201 24 25 0.030471724 
95 249 11 12 0.030425588 
980 3 7 7 0.030383883 
294 381 42 62 0.030368058 
603 237 15 13 0.030324139 
4 160 9 12 0.030307619 
211 167 8 7 0.03029653 
723 27 10 10 0.030288447 
944 7 10 10 0.030272797 
411 83 48 47 0.030257534 
376 47 8 9 0.030255428 
433 16 8 8 0.030241676 
99 243 12 13 0.03021122 
568 128 10 9 0.030183975 
797 82 10 11 0.030169414 
316 121 3 3 0.03016237 
459 43 25 21 0.030133441 
993 658 4 4 0.030112904 
684 138 8 6 0.030102897 
1000 27 6 8 0.030062899 
5 155 8 9 0.030059543 
346 25 14 13 0.030042069 
771 36 19 17 0.02998931 
280 174 21 20 0.029914333 
826 98 6 8 0.029911492 
313 144 5 6 0.029891413 
255 168 8 8 0.029890828 
308 144 5 5 0.02987243 
292 401 22 38 0.029826323 
691 87 24 23 0.029813865 
747 124 12 11 0.029805427 
433 73 8 7 0.029757353 
477 83 21 23 0.02973572 
834 32 11 11 0.029733002 
435 81 8 6 0.029683802 
992 336 24 25 0.029649775 
331 137 6 7 0.029551512 
777 150 14 13 0.029490912 
291 219 20 22 0.029434187 
860 519 21 20 0.029411722 
761 100 8 9 0.029403623 
401 148 10 12 0.029368222 
419 79 9 8 0.02935421 
286 162 19 19 0.029346207 
252 203 13 15 0.029333968 
366 167 7 9 0.029311711 
499 46 7 6 0.029288093 
76 443 9 11 0.02926492 
181 164 11 11 0.02926095 
946 60 7 8 0.029254029 
346 35 25 22 0.029241338 
813 92 8 9 0.029234055 
771 166 13 12 0.029221417 
1002 64 10 10 0.02921196 
656 212 11 13 0.029172119 
434 211 12 12 0.029131148 
1009 19 9 9 0.029104698 
984 66 9 10 0.029098744 
670 171 11 11 0.029097803 
30 20 10 10 0.029023215 
243 158 6 6 0.029016037 
786 109 8 9 0.028988983 
165 198 12 13 0.028982185 
489 95 13 14 0.028971491 
304 210 10 12 0.028952302 
76 181 9 11 0.028938564 
415 72 19 18 0.028920824 
101 92 7 9 0.028900562 
989 333 11 11 0.02889925 
740 12 11 12 0.028865669 
566 376 22 27 0.028840791 
313 160 8 8 0.0288359 
780 470 46 38 0.028822418 
710 150 10 9 0.028819319 
512 36 6 7 0.028780626 
264 229 24 27 0.028736243 
705 74 15 13 0.02873123 
994 588 32 26 0.028729849 
676 143 9 7 0.028719803 
522 165 13 12 0.028718796 
925 66 10 11 0.02869279 
260 187 9 10 0.028650576 
424 54 5 5 0.028647698 
93 412 11 13 0.028626783 
399 84 9 10 0.028619412 
3 232 12 17 0.028619073 
262 5 28 27 0.028605064 
361 48 11 13 0.028582204 
262 175 6 8 0.028539358 
715 25 9 9 0.028507046 
714 251 11 10 0.0284835 
511 39 8 10 0.028475923 
611 135 12 12 0.028461404 
479 66 7 7 0.028459702 
446 199 9 8 0.028448997 
400 141 11 10 0.028429452 
706 157 14 12 0.028422311 
340 138 7 7 0.028399855 
10 161 8 10 0.028388817 
562 433 24 28 0.028386423 
398 30 6 6 0.028382927 
81 180 10 11 0.028332284 
491 53 8 7 0.02831821 
948 39 12 10 0.028292662 
319 174 9 8 0.028282292 
81 441 9 11 0.028250204 
777 160 14 13 0.028238064 
807 99 8 9 0.028237192 
229 380 23 38 0.028200189 
859 504 12 11 0.028180107 
989 658 4 5 0.028136997 
918 110 12 11 0.028128106 
31 230 10 14 0.028126763 
954 555 4 5 0.028106917 
510 186 15 12 0.028061055 
783 33 12 10 0.028052965 
156 18 25 20 0.028052602 
629 322 18 28 0.028051175 
455 97 7 7 0.028040022 
467 98 6 7 0.027988365 
662 141 11 11 0.027940422 
866 18 11 12 0.027934723 
687 66 10 9 0.02792816 
682 222 52 48 0.027924536 
216 346 24 31 0.027921868 
530 34 8 7 0.027883226 
970 143 11 13 0.02786396 
226 256 12 13 0.027860265 
795 202 13 12 0.02785555 
555 414 27 35 0.027833119 
376 124 8 8 0.02782431 
296 139 4 4 0.027795853 
501 14 6 6 0.027790805 
279 180 9 9 0.027739136 
413 126 13 11 0.027708625 
54 284 16 20 0.027691199 
154 54 7 6 0.027690202 
89 0 9 8 0.02769011 
23 35 11 10 0.027669545 
638 10 10 7 0.027656559 
457 32 10 9 0.027651785 
62 230 9 12 0.027629483 
700 225 25 29 0.027625203 
459 40 10 9 0.027610172 
781 94 8 7 0.027608009 
555 132 9 6 0.027579885 
131 214 11 12 0.027575871 
482 258 44 39 0.027570834 
518 17 7 6 0.027568998 
309 125 5 4 0.027427513 
640 0 6 4 0.027426684 
304 162 8 6 0.027416395 
347 113 5 6 0.027394177 
788 189 8 6 0.02735769 
644 67 13 10 0.02735476 
132 288 11 12 0.02734767 
283 150 5 7 0.027318373 
1014 474 13 19 0.027313791 
873 11 12 12 0.027305415 
141 212 23 23 0.027273048 
491 71 13 12 0.027260123 
218 190 5 5 0.02725676 
401 173 8 9 0.027251502 
516 102 9 10 0.027247924 
742 106 8 8 0.02724728 
764 48 12 12 0.027199226 
991 60 9 9 0.027197346 
55 379 9 15 0.02719452 
308 641 6 7 0.027159655 
296 151 4 5 0.027147561 
187 177 11 12 0.027144616 
637 147 21 21 0.027142275 
434 112 8 7 0.027096694 
66 500 13 15 0.027091991 
187 199 21 21 0.027086187 
565 206 29 25 0.027085748 
675 387 34 45 0.027067598 
440 52 8 7 0.027032642 
313 196 19 20 0.026992867 
393 145 12 13 0.026990341 
104 218 12 14 0.026984401 
88 430 8 9 0.02696141 
330 174 9 8 0.026947916 
694 166 12 12 0.026946103 
922 13 10 11 0.026946053 
309 650 5 5 0.026930371 
4 409 25 32 0.026924144 
939 36 11 11 0.026923701 
43 25 11 10 0.026917152 
393 48 4 6 0.026876112 
209 200 8 8 0.026851183 
440 81 7 6 0.026849812 
988 90 10 9 0.026845142 
910 11 12 12 0.02684117 
927 0 7 4 0.026804348 
539 89 10 11 0.026782926 
522 292 13 15 0.026761057 
112 255 20 30 0.026752492 
278 222 24 25 0.026750548 
726 583 12 12 0.02675033 
543 175 8 8 0.026748432 
866 420 13 13 0.026745457 
427 212 11 11 0.026722042 
491 122 10 9 0.026716443 
251 158 5 5 0.026710158 
277 164 5 6 0.026707776 
112 164 8 14 0.026692482 
408 64 7 8 0.026679093 
346 117 7 7 0.026676089 
24 183 11 12 0.026617961 
706 95 10 12 0.026600353 
896 263 12 11 0.026598023 
637 13 10 8 0.026597504 
207 196 6 6 0.026589172 
543 72 6 7 0.026588961 
468 105 6 7 0.026567977 
350 148 8 11 0.026559135 
832 496 24 21 0.026554156 
319 169 8 8 0.026549272 
836 95 7 10 0.026519557 
146 0 21 20 0.026512692 
384 68 9 8 0.026512366 
963 34 9 9 0.026507726 
413 149 11 10 0.026501413 
969 657 4 5 0.026482388 
674 71 12 10 0.026482098 
633 234 22 24 0.02646633 
2 275 12 17 0.026435252 
979 15 7 8 0.026408328 
756 441 13 12 0.026403641 
435 41 6 6 0.026393853 
755 488 44 35 0.026385898 
386 155 18 20 0.026383534 
774 108 8 10 0.026354352 
634 0 5 4 0.026346153 
510 55 8 7 0.02634383 
377 219 10 11 0.026321711 
467 94 5 5 0.026302667 
57 15 23 24 0.026277926 
791 211 10 10 0.02622915 
660 18 20 19 0.026199142 
321 653 4 3 0.026190124 
398 34 6 6 0.026181221 
618 115 13 13 0.026173443 
446 148 10 10 0.026152136 
479 403 38 47 0.026132746 
672 8 8 9 0.026128203 
440 115 11 9 0.026110716 
449 10 6 5 0.026104208 
941 59 7 9 0.026083454 
299 328 82 109 0.026052596 
548 85 9 8 0.026050968 
368 50 10 10 0.026044495 
592 157 22 21 0.026027037 
577 234 26 23 0.025992885 
929 438 14 14 0.025992816 
245 8 11 12 0.0259454 
400 107 9 10 0.025933942 
999 309 6 7 0.025932014 
833 593 5 6 0.025924865 
83 171 8 11 0.025908004 
398 43 4 5 0.025891742 
775 240 43 44 0.025878735 
613 91 9 9 0.02587 
389 199 9 11 0.025860213 
486 47 9 8 0.025852805 
970 70 11 10 0.025838783 
397 49 5 5 0.02583851 
36 268 10 12 0.025824374 
209 431 20 32 0.025822632 
242 199 8 9 0.02579937 
420 154 9 9 0.025797036 
816 167 12 13 0.025786592 
920 59 9 10 0.025774635 
581 138 7 6 0.025773553 
542 168 9 8 0.025764843 
135 208 7 8 0.025749337 
668 142 11 10 0.025739111 
437 150 14 13 0.0257004 
113 222 21 26 0.025693288 
510 144 10 8 0.025683554 
950 7 10 10 0.02567524 
677 11 8 10 0.025669025 
938 21 9 9 0.025668371 
163 15 13 12 0.025668275 
87 292 10 13 0.025667273 
533 85 19 21 0.02566703 
469 209 14 14 0.025662217 
880 486 13 12 0.025654187 
442 40 6 6 0.025638497 
687 18 10 11 0.025623202 
881 102 11 12 0.025615677 
95 212 10 10 0.025602091 
697 137 8 6 0.025560161 
327 120 4 4 0.025537575 
143 22 43 37 0.025537446 
11 274 10 13 0.02552627 
50 381 8 13 0.025502399 
458 39 45 42 0.025498446 
989 340 10 10 0.02549661 
173 204 43 40 0.025488365 
263 151 5 5 0.025475357 
233 262 11 14 0.025461366 
122 2 23 20 0.025461018 
488 276 45 43 0.02545405 
107 212 9 11 0.025429048 
729 124 7 7 0.025417298 
486 52 8 8 0.025398234 
737 147 12 11 0.025392268 
954 -1 7 6 0.025381548 
449 17 5 4 0.025373435 
326 146 10 12 0.025370486 
936 0 18 18 0.025366358 
810 0 20 15 0.025361715 
322 120 4 4 0.025361385 
771 500 10 8 0.025360301 
212 247 13 13 0.025335979 
255 143 6 6 0.025333019 
480 20 8 8 0.025326097 
831 76 9 11 0.02532572 
999 53 9 9 0.025324661 
257 209 22 24 0.02532205 
852 139 15 15 0.025317166 
685 0 6 5 0.025281947 
303 145 4 4 0.025239903 
459 81 6 6 0.025231022 
563 19 50 39 0.025226 
297 144 4 5 0.025222993 
520 325 22 28 0.025207918 
466 16 7 7 0.025185257 
270 145 4 5 0.02517175 
349 181 8 9 0.025164427 
323 137 5 5 0.02516044 
268 170 20 20 0.02515703 
731 138 23 21 0.025146391 
651 150 20 19 0.025146207 
428 10 7 6 0.025139092 
121 318 25 31 0.025131842 
432 65 10 8 0.025117906 
451 41 18 21 0.025112787 
385 257 13 16 0.025098458 
766 19 12 10 0.025083328 
1000 657 4 4 0.025082944 
488 451 38 46 0.025046227 
328 653 4 3 0.02501497 
389 16 8 7 0.024980303 
116 123 7 8 0.024973929 
784 121 11 14 0.024955414 
479 8 7 6 0.024944179 
121 206 6 8 0.024942782 
217 416 38 53 0.024936516 
585 409 20 31 0.024931304 
302 125 5 5 0.024927849 
898 214 10 9 0.024918567 
177 433 12 18 0.024913812 
24 197 11 16 0.024894781 
884 440 23 22 0.024879588 
302 257 15 16 0.024879148 
991 346 8 11 0.024861857 
441 409 19 31 0.024852857 
508 148 13 10 0.024840841 
212 277 22 24 0.024839204 
361 271 14 14 0.02482571 
603 18 12 9 0.024815364 
797 97 8 10 0.02481157 
721 349 96 94 0.024810987 
955 551 3 3 0.024799637 
516 95 10 11 0.024798483 
656 130 9 9 0.024792539 
761 -1 23 17 0.024777746 
84 289 9 10 0.024777297 
431 43 5 5 0.024754552 
166 175 8 7 0.024737919 
657 106 9 7 0.024729952 
779 528 42 45 0.024711583 
534 169 9 8 0.0247093 
29 136 10 7 0.024705518 
609 350 11 13 0.024703465 
523 430 22 33 0.024695635 
417 43 4 5 0.024690455 
443 22 5 6 0.024688367 
427 106 7 6 0.024675786 
5 245 11 14 0.024666898 
114 156 7 9 0.02466111 
780 115 7 10 0.024651745 
950 551 3 3 0.02465031 
716 654 18 24 0.024649046 
621 655 16 15 0.02462801 
22 255 10 13 0.024623692 
64 161 8 10 0.024622263 
476 191 16 13 0.02462181 
971 342 9 9 0.02461073 
235 157 7 7 0.024605144 
288 145 4 5 0.024587618 
161 157 94 83 0.024570541 
824 -1 8 6 0.024569832 
59 247 18 19 0.024564212 
306 189 51 43 0.024551986 
315 165 19 19 0.024550753 
652 27 9 8 0.024543155 
424 304 14 17 0.024541277 
230 156 7 7 0.024541173 
56 192 8 10 0.024536677 
498 154 10 12 0.024535827 
530 180 9 9 0.024509028 
577 7 12 8 0.024487505 
506 37 8 7 0.024477001 
3 210 10 13 0.0244611 
18 1 22 19 0.02446083 
763 318 51 47 0.024438228 
395 137 9 8 0.024433125 
400 509 40 31 0.024428647 
476 82 7 6 0.02442538 
740 58 11 10 0.024359282 
543 67 6 7 0.02433643 
1015 92 10 15 0.024314031 
249 184 43 41 0.024312353 
305 217 9 11 0.024307327 
553 306 14 15 0.024305787 
565 129 23 21 0.024305651 
243 151 6 5 0.024249323 
106 160 18 28 0.024248926 
288 267 20 23 0.024248801 
96 276 9 10 0.024238048 
422 84 8 8 0.024230149 
536 79 8 8 0.024226012 
449 66 7 7 0.024213552 
977 71 10 10 0.024194168 
962 557 5 4 0.024193957 
825 117 18 22 0.024187401 
129 201 24 25 0.024185723 
295 158 5 5 0.024168111 
988 645 4 4 0.024164408 
89 409 21 25 0.024147606 
735 14 10 10 0.024098225 
23 4 11 10 0.024088247 
936 382 13 14 0.02407874 
335 172 18 21 0.024073957 
954 491 14 15 0.024067238 
974 651 4 4 0.024066454 
29 181 9 9 0.024052612 
932 446 21 24 0.024039622 
529 118 10 9 0.023991974 
424 11 6 6 0.023979323 
911 479 13 11 0.023976846 
489 215 21 23 0.023966074 
218 256 43 46 0.023937257 
505 10 6 5 0.023918074 
316 198 11 11 0.02389746 
101 235 21 25 0.023896866 
487 124 9 8 0.02388794 
649 121 11 10 0.023873545 
240 247 12 12 0.023861818 
954 559 5 5 0.023852687 
700 657 11 12 0.023850234 
19 26 7 8 0.023848435 
449 59 7 7 0.023829833 
774 123 8 9 0.023829399 
113 89 29 29 0.023822479 
798 71 9 12 0.02381991 
768 109 7 9 0.023812762 
314 138 5 4 0.023805924 
290 112 5 5 0.023803188 
957 191 26 27 0.023798594 
528 164 11 9 0.023795135 
530 100 11 12 0.023788203 
12 231 43 51 0.02375257 
675 65 11 10 0.02374397 
804 129 9 10 0.023726737 
298 298 28 27 0.023716887 
211 190 6 5 0.023713985 
-2 95 99 100 0.023710718 
410 170 19 19 0.023708781 
9 419 12 15 0.023700709 
174 194 15 15 0.023687389 
774 271 52 49 0.023682203 
656 370 22 29 0.023661345 
112 286 10 13 0.023637254 
842 19 10 10 0.02363568 
276 156 5 7 0.023623925 
696 6 8 8 0.023614703 
673 168 82 75 0.023613753 
553 53 12 10 0.02357583 
994 651 3 4 0.023564955 
162 190 23 24 0.023556054 
802 417 21 22 0.023548735 
10 155 8 9 0.023545122 
913 637 46 41 0.023540176 
603 528 102 83 0.023538467 
195 260 18 22 0.023503799 
47 9 23 23 0.02350316 
17 8 9 8 0.023497468 
125 217 22 24 0.023487056 
119 496 9 13 0.023483217 
151 204 22 24 0.023480956 
641 124 23 22 0.023480056 
463 290 22 28 0.02345561 
269 163 5 6 0.023444137 
715 135 8 7 0.023435526 
173 152 7 5 0.023428585 
842 0 10 9 0.023421688 
647 242 13 14 0.023404747 
530 92 10 11 0.023403382 
370 106 6 6 0.023401277 
517 449 34 44 0.023388753 
851 84 7 8 0.023384554 
391 125 7 7 0.023369815 
751 442 103 87 0.023361592 
146 187 8 7 0.023354696 
554 137 10 8 0.02335298 
197 187 7 9 0.023348028 
42 149 8 8 0.023345916 
133 261 11 13 0.023338398 
971 15 8 9 0.02333207 
870 64 8 9 0.02330209 
199 169 7 7 0.023299713 
25 213 88 94 0.023293676 
561 4 26 17 0.023266993 
302 150 5 5 0.023262681 
442 199 7 8 0.023245618 
747 220 9 9 0.02323014 
643 129 11 11 0.02322809 
780 182 7 7 0.023221917 
604 423 12 16 0.023213329 
102 289 8 10 0.023209406 
492 14 6 7 0.023205215 
701 160 11 10 0.023198009 
210 163 8 7 0.023197819 
1 163 8 14 0.023194524 
507 127 48 47 0.023193002 
500 83 11 14 0.023178807 
952 502 21 27 0.023174169 
636 626 47 42 0.023160767 
862 494 11 9 0.023139535 
990 108 12 13 0.023135722 
726 58 11 10 0.023135504 
477 613 37 38 0.023123298 
395 17 7 6 0.0231197 
977 31 8 9 0.023118021 
847 423 9 10 0.023115264 
720 13 10 10 0.023111517 
476 266 23 26 0.023063485 
483 59 21 21 0.023059156 
791 489 44 37 0.023055134 
81 111 7 9 0.023044635 
938 68 10 11 0.023038499 
701 92 12 12 0.023011876 
780 1 9 8 0.023000857 
968 41 10 10 0.02299972 
530 23 7 5 0.022992404 
309 211 22 22 0.022975164 
69 204 10 11 0.02296686 
313 170 8 7 0.02296672 
898 461 22 21 0.022964897 
415 17 7 6 0.02295996 
704 6 8 9 0.022955904 
959 342 9 9 0.022950007 
562 137 10 9 0.022932336 
495 63 11 11 0.022929559 
764 304 115 84 0.022928819 
725 139 40 41 0.022918334 
548 48 9 8 0.022913933 
991 97 10 10 0.022913583 
362 548 28 30 0.022907706 
676 1 17 19 0.022898229 
651 161 22 20 0.02288999 
328 131 5 6 0.022868434 
1009 494 19 28 0.02285465 
614 653 57 43 0.022852745 
245 226 21 21 0.022843285 
536 89 95 84 0.022836503 
321 132 4 5 0.02283084 
226 429 19 28 0.02282963 
623 186 13 12 0.022827638 
223 231 11 11 0.0228202 
547 149 9 9 0.022803407 
791 172 11 11 0.022783607 
797 63 10 11 0.022765325 
287 119 6 6 0.022746146 
240 181 19 21 0.022739638 
120 188 7 8 0.022736304 
559 7 13 9 0.022734696 
657 28 10 8 0.022733942 
995 76 10 10 0.022712208 
24 175 7 7 0.022702968 
316 132 4 5 0.02269331 
35 247 13 17 0.022692045 
350 141 8 8 0.022662321 
562 118 11 10 0.022646938 
390 28 7 7 0.022630002 
341 139 493 451 0.0226285 
96 435 11 13 0.022618422 
716 0 7 5 0.02258363 
282 144 6 6 0.022577733 
3 589 24 25 0.022574266 
254 178 9 10 0.022573268 
942 657 5 5 0.022569722 
444 128 11 10 0.022566762 
17 203 9 12 0.022563368 
784 175 25 23 0.022562915 
638 347 17 26 0.022552792 
499 36 7 6 0.022547623 
725 171 13 11 0.022538226 
623 161 13 13 0.02253773 
752 102 18 20 0.02252528 
501 206 47 43 0.022514913 
406 141 19 19 0.022510717 
405 78 19 21 0.022509024 
631 79 7 7 0.022506978 
175 175 13 13 0.02249371 
549 143 8 7 0.022486543 
19 185 8 10 0.022479236 
362 243 13 15 0.022452636 
519 227 21 23 0.022427894 
516 29 18 18 0.022419224 
460 90 6 7 0.022419196 
1008 449 10 19 0.022414345 
254 230 11 12 0.022413611 
33 10 47 42 0.022404512 
324 54 12 9 0.022382013 
711 136 7 6 0.022381779 
570 153 10 12 0.022379871 
2 301 21 29 0.022361951 
271 150 4 5 0.022355793 
513 28 5 6 0.02235476 
804 165 12 12 0.02235402 
932 389 24 28 0.022351937 
206 187 49 47 0.022347154 
172 163 7 7 0.022346633 
14 143 6 8 0.022335825 
350 187 8 10 0.022331499 
270 194 18 20 0.022329608 
733 19 10 10 0.022321364 
671 573 96 96 0.02231408 
506 27 6 7 0.022309907 
495 496 47 53 0.022309097 
431 128 22 19 0.022309003 
122 207 19 22 0.022307497 
273 285 45 43 0.022306783 
109 182 6 8 0.022298886 
679 58 8 7 0.022291882 
793 114 7 10 0.022289209 
194 430 18 30 0.022282135 
956 391 12 12 0.022273073 
724 202 14 12 0.022271333 
687 59 9 8 0.022266464 
880 57 9 10 0.022254283 
413 211 12 10 0.022250222 
312 244 22 22 0.022247951 
208 396 26 39 0.022234524 
944 524 12 11 0.022231288 
716 577 23 24 0.022221092 
470 154 21 22 0.022193197 
469 118 19 20 0.022182234 
53 262 49 52 0.022175087 
552 2 12 7 0.022172522 
458 105 9 9 0.022165913 
543 132 7 6 0.0221601 
567 84 8 8 0.02215331 
188 211 12 13 0.022150327 
553 72 10 8 0.02214917 
528 173 11 9 0.022146953 
571 12 13 10 0.022145925 
195 175 8 9 0.022144452 
332 219 9 10 0.022126378 
74 274 46 53 0.022076383 
323 21 11 10 0.022069873 
554 79 9 8 0.022069808 
463 41 13 10 0.022059225 
788 183 6 6 0.022029692 
183 216 47 48 0.022022756 
235 185 10 11 0.02200519 
886 116 13 13 0.022001596 
539 73 7 7 0.022000818 
762 67 18 20 0.021999544 
292 181 10 9 0.021989351 
809 16 22 21 0.02198851 
506 22 6 6 0.021976985 
503 175 11 11 0.021972124 
68 13 10 11 0.021954631 
140 228 24 24 0.021944718 
732 123 10 8 0.021938555 
615 526 9 13 0.021934407 
475 9 7 6 0.021931853 
516 38 10 10 0.021925917 
184 395 19 32 0.021919647 
302 112 6 6 0.02191784 
402 35 6 6 0.021910954 
564 129 96 85 0.02190831 
950 650 4 5 0.021902664 
689 143 8 6 0.021899339 
296 132 5 5 0.021895725 
716 145 8 8 0.021889102 
998 523 14 17 0.021885913 
529 66 7 7 0.021885075 
435 200 9 8 0.021880748 
430 20 8 8 0.021875812 
331 132 6 6 0.021849746 
931 651 3 4 0.021842724 
551 109 12 10 0.021842092 
545 174 18 20 0.021830035 
961 507 42 49 0.021828415 
698 375 25 31 0.021818887 
611 370 10 12 0.021810856 
138 204 48 44 0.021808151 
308 632 5 4 0.021806877 
384 159 9 11 0.021794569 
1005 15 8 8 0.021792945 
454 90 8 7 0.021788081 
250 169 6 7 0.021767369 
517 213 23 22 0.021758545 
5 358 24 30 0.021746762 
413 198 11 11 0.021746442 
853 506 20 22 0.02174489 
862 52 10 10 0.021743245 
99 191 10 10 0.02173615 
-1 497 19 30 0.021706767 
174 155 6 6 0.021697043 
315 138 22 25 0.02169639 
767 163 24 23 0.021693146 
599 402 21 27 0.02167859 
861 92 8 9 0.0216694 
40 19 23 22 0.021667916 
316 155 19 19 0.021666843 
251 151 6 6 0.021665255 
764 511 45 40 0.021665102 
952 26 10 9 0.021648468 
359 42 22 23 0.021647306 
555 184 10 12 0.021643728 
672 2 7 7 0.021638555 
751 83 10 11 0.021633688 
270 169 6 7 0.0216256 
791 203 24 24 0.021623097 
355 652 3 4 0.021615328 
990 327 10 11 0.021612724 
919 461 19 21 0.021610815 
525 121 20 18 0.021610394 
409 21 8 7 0.021604903 
412 105 23 19 0.021584278 
939 79 8 9 0.021577273 
623 119 13 14 0.02156379 
51 169 6 7 0.021561917 
650 128 10 10 0.021538485 
716 212 49 44 0.021529956 
756 152 50 47 0.02152972 
766 14 11 9 0.021525748 
419 219 12 12 0.02152247 
43 266 11 13 0.02151993 
402 163 7 7 0.021517523 
567 294 18 21 0.021505289 
393 314 10 10 0.021500902 
122 211 7 9 0.02149882 
147 157 7 7 0.021487763 
981 657 5 6 0.021486001 
692 186 29 26 0.02148225 
548 302 40 39 0.021462452 
478 46 24 21 0.021437168 
599 433 19 23 0.021429392 
464 57 11 10 0.02142793 
702 144 8 7 0.021418164 
441 326 22 27 0.021408075 
851 91 8 9 0.021405838 
125 187 21 23 0.021392424 
140 52 8 6 0.021389268 
9 428 12 15 0.021386564 
564 81 7 7 0.021385677 
673 240 27 27 0.021356396 
192 230 16 15 0.021353249 
741 109 10 11 0.021348255 
522 154 10 8 0.02134707 
382 135 9 9 0.021333285 
0 475 37 51 0.021328688 
848 466 51 49 0.021321245 
226 224 11 11 0.021317318 
188 267 11 13 0.021316791 
635 160 12 12 0.02130985 
50 408 9 15 0.021297617 
989 45 9 10 0.021288902 
795 109 7 10 0.02128739 
44 391 8 13 0.021286784 
57 197 9 11 0.021279823 
622 45 22 21 0.021278432 
90 213 6 8 0.021272395 
42 2 13 10 0.021258352 
688 260 23 26 0.021254336 
773 60 10 12 0.021253433 
333 361 48 51 0.021248125 
338 112 6 7 0.021244932 
229 138 8 7 0.021227846 
612 509 48 46 0.021215986 
339 147 9 10 0.021212969 
769 6 13 11 0.02120807 
702 155 12 10 0.021204589 
408 117 8 9 0.02119666 
512 98 8 9 0.021187192 
420 91 9 9 0.021174481 
294 107 6 6 0.02117234 
492 650 6 6 0.021171963 
294 111 6 6 0.021166272 
768 93 7 6 0.02116081 
421 202 23 19 0.021158785 
101 294 8 9 0.021148866 
943 554 4 4 0.0211406 
798 66 18 23 0.021135174 
906 38 9 11 0.021126425 
309 120 4 5 0.021108733 
277 137 5 6 0.02110692 
439 57 9 9 0.021103775 
878 252 52 45 0.02109062 
469 134 12 13 0.021090174 
717 131 7 6 0.021085827 
671 77 42 40 0.021081781 
638 8 21 17 0.021081578 
396 209 10 12 0.021077244 
767 124 8 9 0.021072365 
428 99 50 50 0.021064114 
632 50 11 11 0.02104654 
101 422 11 15 0.02104378 
999 33 18 19 0.0210423 
849 24 12 14 0.021038095 
945 44 11 10 0.02102747 
79 415 23 24 0.021015754 
909 56 17 20 0.021007996 
985 346 9 10 0.02100412 
266 210 12 13 0.021003308 
950 483 14 15 0.020998368 
661 320 12 13 0.020995397 
953 13 9 9 0.02097441 
712 50 19 20 0.020955855 
725 125 6 6 0.020936446 
635 17 24 19 0.020934042 
850 14 18 20 0.020933276 
682 79 11 8 0.02092914 
570 389 37 44 0.02091809 
974 657 4 5 0.020888215 
172 163 22 21 0.020886412 
601 1 9 7 0.020875473 
387 81 10 11 0.020873757 
780 206 8 7 0.020873476 
220 249 12 13 0.020864967 
766 219 8 8 0.020859893 
47 411 19 25 0.020849718 
823 64 10 12 0.020841794 
357 118 7 7 0.020822255 
310 180 18 18 0.020821283 
540 163 21 23 0.020819182 
414 20 9 7 0.020815844 
551 138 8 6 0.020796588 
318 8 11 8 0.020780696 
249 231 9 10 0.020761296 
627 74 7 6 0.020749522 
382 203 10 11 0.020744687 
335 653 3 3 0.020743491 
377 136 8 8 0.02074298 
162 157 5 5 0.02074031 
708 238 25 25 0.020739187 
934 6 8 8 0.020722942 
307 149 6 6 0.020715786 
32 155 7 7 0.020712204 
930 656 5 5 0.020707829 
913 87 11 12 0.020706508 
344 16 10 9 0.020703088 
484 189 43 38 0.020702584 
442 29 6 6 0.020702036 
839 243 95 84 0.020691883 
424 44 5 4 0.020684257 
935 656 4 5 0.020666728 
999 305 6 5 0.020665754 
273 181 21 19 0.020663287 
696 123 8 7 0.020660708 
629 346 11 17 0.020657161 
283 112 5 5 0.020648655 
385 20 8 8 0.02064837 
351 9 8 7 0.02064591 
191 251 46 49 0.020645006 
397 185 10 11 0.020636879 
776 44 20 21 0.020629818 
559 97 11 8 0.020621052 
626 206 23 21 0.020603947 
963 25 10 10 0.02060106 
663 1 9 8 0.02059976 
13 148 7 8 0.020597972 
754 213 51 52 0.020596858 
831 102 8 9 0.020590749 
206 449 17 31 0.020589776 
652 22 9 8 0.020578444 
644 12 10 8 0.020572774 
817 101 9 11 0.02056364 
503 175 44 43 0.020556906 
228 245 9 9 0.020532906 
147 182 8 7 0.020515747 
383 48 7 7 0.02051435 
42 444 22 30 0.020511663 
847 104 20 19 0.020507868 
289 260 14 17 0.020504849 
179 170 20 23 0.020504026 
942 89 11 12 0.020503987 
381 108 9 10 0.020499652 
16 167 9 9 0.020497264 
578 277 42 44 0.02049223 
1002 84 10 10 0.020490209 
101 276 8 10 0.020479638 
811 107 18 20 0.020470228 
774 201 8 7 0.020457275 
959 167 43 46 0.02044658 
609 190 15 13 0.020444734 
363 152 10 12 0.020434853 
571 21 15 11 0.020409346 
428 177 24 22 0.020403512 
146 52 8 6 0.020399176 
133 188 7 7 0.020397259 
302 107 5 5 0.020392515 
115 80 7 7 0.020392163 
767 252 27 29 0.02039069 
230 239 21 22 0.020379646 
705 0 7 4 0.020370452 
552 6 13 8 0.0203543 
761 498 7 5 0.020329626 
674 169 23 19 0.02032611 
561 195 27 24 0.020323968 
151 206 11 12 0.020314228 
235 161 8 8 0.020307913 
470 100 20 20 0.020307906 
95 428 11 12 0.02029487 
317 184 11 11 0.020294452 
428 54 22 20 0.020290291 
485 16 8 7 0.020278057 
-2 392 42 67 0.02027201 
144 1 12 10 0.020264043 
141 167 8 7 0.020249486 
918 82 11 13 0.020249156 
368 155 9 10 0.020241784 
622 422 16 21 0.020232761 
125 370 11 18 0.020232575 
125 261 11 14 0.020231718 
531 78 9 9 0.020222466 
277 162 18 21 0.020217622 
791 152 99 86 0.020212907 
26 447 19 27 0.02019354 
433 10 7 6 0.020193323 
16 21 8 8 0.020190638 
959 9 8 8 0.020186607 
474 160 10 10 0.020184552 
218 126 6 6 0.02017845 
23 390 9 12 0.02017293 
-3 662 71 182 0.020163829 
102 157 43 56 0.020159328 
526 102 23 22 0.020147098 
68 7 10 10 0.020142872 
515 129 9 8 0.020136826 
695 161 11 10 0.020129789 
794 439 43 44 0.020124806 
981 7 17 20 0.020124227 
362 200 10 10 0.02011963 
138 60 8 7 0.020117277 
280 174 8 7 0.020111432 
845 91 8 10 0.020110456 
324 7 10 9 0.020105807 
536 42 7 8 0.020104453 
930 465 13 15 0.020101067 
240 203 12 12 0.020095294 
668 228 12 13 0.020092864 
912 227 46 44 0.020092545 
727 514 50 45 0.02009061 
612 299 21 27 0.020087354 
592 123 51 48 0.020086395 
500 5 5 4 0.020084642 
758 37 13 12 0.020081291 
63 409 18 23 0.02007387 
401 29 6 6 0.020071432 
16 410 11 12 0.020068038 
537 174 7 8 0.020063976 
435 54 7 6 0.020062543 
391 96 7 9 0.020060068 
678 205 24 27 0.020052506 
694 76 23 21 0.020048797 
708 245 49 41 0.020026958 
70 8 22 24 0.020026708 
909 391 43 43 0.020014161 
995 96 18 20 0.020011356 
396 22 6 6 0.020010235 
113 171 9 13 0.020008218 
938 52 9 9 0.020004086 
