22_Picnic_Picnic_22_933
153
727 37 155 184 0.9990902 
235 31 174 159 0.997315 
646 192 51 39 0.98839974 
0 483 21 23 0.9837478 
634 410 45 45 0.9808322 
179 543 20 21 0.32414255 
124 559 14 13 0.17199774 
576 459 34 37 0.1464565 
611 581 21 19 0.14226843 
167 526 16 13 0.13278814 
509 572 13 16 0.13162974 
594 227 84 70 0.12539567 
659 288 97 81 0.12447476 
342 600 30 26 0.108467385 
501 573 13 14 0.10842252 
432 617 34 22 0.1059008 
145 546 53 48 0.08105665 
617 199 79 68 0.076564364 
44 537 8 10 0.07243531 
51 549 9 11 0.071665585 
890 96 38 39 0.07067576 
909 600 138 64 0.06272251 
137 555 11 13 0.062068246 
131 556 11 12 0.061813377 
709 475 34 35 0.061764225 
47 541 20 25 0.059069984 
14 511 15 18 0.057645697 
311 603 19 15 0.05548036 
424 602 65 43 0.053332448 
545 592 16 17 0.052480616 
389 590 28 23 0.05176459 
253 482 12 16 0.046854183 
0 515 6 12 0.045690846 
80 513 21 25 0.044426117 
360 580 25 23 0.044305958 
205 569 15 14 0.043528456 
705 298 61 45 0.04340535 
72 603 64 45 0.042934388 
353 595 15 14 0.042433314 
53 555 10 13 0.041840777 
1 534 14 23 0.04152157 
434 607 17 11 0.04151015 
57 539 9 10 0.04034974 
255 575 24 23 0.03911898 
272 595 71 45 0.038921844 
114 209 119 115 0.038783435 
692 311 34 34 0.038779788 
425 604 34 24 0.037924357 
158 530 25 22 0.036661018 
54 544 10 12 0.03650725 
254 564 10 9 0.035912838 
604 585 15 15 0.035548355 
418 600 16 14 0.03508311 
253 569 13 10 0.033694625 
235 576 7 9 0.03327242 
579 432 27 23 0.033094663 
671 181 31 32 0.033024665 
989 621 17 10 0.032976456 
45 556 7 9 0.03248056 
482 583 10 11 0.032462344 
159 548 27 27 0.031240346 
226 571 153 85 0.030737579 
291 513 103 79 0.030280242 
313 625 34 27 0.029779444 
40 576 11 15 0.029541489 
455 608 14 13 0.029531904 
181 521 16 14 0.029332032 
683 314 115 83 0.029200062 
622 452 22 31 0.028458707 
87 612 11 9 0.028287211 
160 543 16 13 0.028280646 
55 533 25 29 0.028023258 
616 256 105 96 0.027909908 
372 575 102 77 0.027838008 
207 546 14 13 0.02772822 
726 377 23 30 0.027568288 
47 593 62 46 0.027528575 
459 587 60 44 0.027522216 
47 579 121 81 0.02670497 
13 485 13 16 0.02652071 
1 539 26 32 0.026493598 
252 566 25 21 0.026205057 
526 557 109 87 0.026077537 
631 251 31 36 0.02573955 
610 424 68 65 0.025729356 
286 568 21 25 0.025629379 
354 590 13 11 0.025464011 
57 532 7 8 0.025447274 
133 551 10 12 0.025302673 
896 3 17 13 0.025059503 
171 530 26 24 0.025045825 
229 570 8 8 0.024965493 
541 595 56 43 0.02494959 
779 531 58 50 0.024772407 
239 588 66 50 0.024703676 
738 343 61 47 0.024501834 
361 593 15 13 0.024485976 
687 396 26 23 0.024282299 
38 556 7 10 0.024129346 
54 582 10 11 0.024080614 
959 460 29 29 0.024072545 
254 558 9 7 0.02399451 
489 600 14 12 0.023873875 
78 612 14 12 0.02385473 
444 606 30 22 0.02381389 
905 33 11 10 0.023768755 
231 566 6 7 0.023683276 
149 567 15 16 0.023682196 
573 434 46 45 0.023594812 
383 584 53 42 0.023441134 
88 521 25 21 0.023369187 
431 612 16 11 0.023271654 
431 582 138 78 0.023240332 
571 411 46 43 0.023153335 
50 539 8 9 0.023122065 
680 221 53 46 0.023071155 
194 499 105 100 0.022935152 
46 551 6 9 0.022909088 
506 564 8 9 0.022744905 
34 531 19 26 0.022723084 
278 568 57 42 0.0227042 
340 581 25 25 0.022267835 
10 523 11 12 0.022218212 
6 465 10 12 0.022157762 
683 384 444 294 0.022149209 
364 571 46 42 0.02202527 
324 611 31 27 0.021989036 
892 366 47 43 0.021986233 
286 535 58 47 0.021981278 
348 601 16 14 0.021924784 
669 196 57 48 0.021897787 
242 570 8 10 0.021701297 
622 535 31 23 0.021692727 
144 550 11 12 0.021690704 
896 10 16 15 0.021677125 
666 66 81 110 0.02140899 
40 568 8 13 0.021359704 
10 472 11 11 0.021023853 
431 602 14 11 0.021008445 
561 467 79 87 0.020930871 
168 554 12 13 0.020865718 
698 282 30 28 0.020845454 
172 518 16 13 0.020706572 
988 616 13 9 0.020583652 
49 488 22 24 0.020530842 
358 606 15 13 0.020507952 
91 605 13 12 0.020482335 
215 423 125 124 0.020460688 
80 596 10 8 0.02044755 
176 553 12 13 0.020349266 
15 478 11 13 0.02018473 
695 359 102 77 0.02005096 
52 527 8 7 0.020022245 
