22_Picnic_Picnic_22_208
487
704 211 82 97 0.99704725 
112 298 70 85 0.9967866 
378 470 33 24 0.15320008 
173 568 52 39 0.124492675 
136 651 5 5 0.090564184 
487 632 5 6 0.08502171 
564 527 12 11 0.081503056 
269 458 55 37 0.08038914 
202 565 43 40 0.070917934 
407 298 8 8 0.06583765 
547 564 38 30 0.06544846 
275 280 8 8 0.06358245 
595 529 158 84 0.06148383 
942 254 7 8 0.060785867 
549 509 9 7 0.05762371 
351 530 34 18 0.054331414 
231 416 4 4 0.05279338 
320 480 7 6 0.051901132 
496 479 17 10 0.04891212 
554 506 10 7 0.04824937 
233 413 3 3 0.047276832 
315 328 6 5 0.046358895 
548 549 6 7 0.046290282 
602 320 6 6 0.045401543 
16 378 4 5 0.04520003 
559 508 14 9 0.045087926 
353 491 15 10 0.045077212 
484 469 31 21 0.04502338 
680 482 36 19 0.04480096 
-3 -119 97 135 0.044619273 
404 696 7 7 0.043881547 
442 645 5 6 0.04328878 
137 649 3 4 0.043030176 
325 484 8 7 0.042185284 
283 627 6 7 0.04197994 
321 -5 141 56 0.041398797 
20 380 4 4 0.040933244 
1000 698 4 4 0.040867876 
213 683 5 5 0.040620867 
624 429 240 157 0.0401572 
266 405 3 3 0.04003955 
124 620 5 5 0.039244708 
546 546 5 5 0.039232336 
239 412 3 3 0.038993068 
325 481 7 6 0.038883753 
226 418 3 3 0.03872212 
445 505 13 7 0.038548287 
616 288 6 7 0.03828537 
641 508 16 10 0.03816928 
458 493 31 17 0.037894566 
326 582 56 36 0.037684586 
0 425 47 57 0.0373862 
88 640 6 6 0.03723996 
550 500 49 40 0.037038956 
28 506 22 26 0.036593217 
226 412 3 3 0.03636849 
578 534 23 25 0.03629255 
128 642 5 5 0.036203314 
343 457 88 64 0.03618 
363 623 3 4 0.03605731 
331 -93 637 350 0.03591208 
141 652 5 6 0.03583923 
320 630 8 9 0.035358973 
464 598 8 8 0.035338648 
309 339 6 5 0.035227884 
298 563 12 6 0.035172943 
459 492 12 7 0.035032753 
435 699 5 6 0.034956668 
611 485 134 76 0.034941662 
957 401 7 10 0.03486962 
258 412 3 3 0.03472614 
331 514 67 44 0.034666065 
540 546 6 5 0.03448045 
215 448 9 7 0.034370027 
490 482 14 10 0.034362216 
530 511 7 7 0.03420058 
585 473 38 20 0.034193452 
220 418 4 4 0.03402095 
311 473 8 7 0.033804435 
130 654 4 4 0.033622634 
384 626 5 5 0.033564053 
8 256 5 7 0.033515178 
662 470 61 39 0.033433605 
454 486 10 6 0.033099633 
905 696 5 6 0.033066932 
252 407 3 2 0.0329729 
932 269 7 7 0.03265864 
496 630 4 4 0.032572027 
219 624 4 3 0.032244936 
785 452 40 49 0.032094836 
417 304 6 7 0.032064185 
583 571 5 6 0.032026418 
929 691 4 5 0.03189219 
385 623 4 4 0.03183233 
75 653 7 6 0.031815246 
195 399 3 3 0.03171659 
446 509 11 7 0.031713776 
28 452 10 12 0.031703703 
239 416 3 4 0.03165811 
390 294 525 343 0.031628042 
35 452 10 12 0.031534333 
316 331 6 6 0.03142105 
383 711 8 7 0.03140475 
546 509 7 7 0.0312565 
999 717 4 6 0.031255245 
129 646 4 4 0.031122189 
451 499 14 7 0.031121753 
23 449 20 23 0.031111274 
394 562 9 11 0.030971838 
457 497 13 7 0.030964468 
201 407 3 3 0.030898502 
287 628 5 6 0.030799212 
253 411 3 3 0.030713808 
334 293 6 6 0.030514197 
942 274 7 7 0.030481137 
220 411 4 3 0.030294199 
373 622 5 5 0.030016307 
245 412 4 2 0.0299201 
27 378 4 4 0.029842215 
519 197 4 6 0.029828442 
247 277 8 10 0.02970689 
957 764 2 3 0.029690506 
487 631 5 3 0.029662827 
492 470 8 6 0.029640967 
619 365 8 7 0.029583894 
319 328 5 5 0.029546836 
125 617 4 3 0.029466389 
1008 698 3 4 0.02943427 
469 697 5 5 0.029411025 
85 267 7 9 0.029406412 
610 305 9 9 0.029389907 
944 770 3 3 0.029362185 
113 483 106 87 0.02934463 
34 378 4 3 0.029327339 
977 285 8 7 0.029283078 
299 282 6 6 0.029208308 
70 268 6 7 0.02889585 
262 615 5 5 0.02888225 
609 299 6 7 0.028867137 
494 473 15 9 0.028825954 
367 508 13 9 0.028813368 
1008 705 3 4 0.028572083 
582 540 9 10 0.028561136 
58 639 7 6 0.028535651 
120 517 51 43 0.028489357 
366 197 5 5 0.028431648 
70 653 6 6 0.028324682 
361 504 13 9 0.028283142 
207 731 4 4 0.028198121 
169 660 5 6 0.028195335 
681 486 12 7 0.028192936 
129 616 4 4 0.028080253 
526 634 5 6 0.02801283 
3 451 25 27 0.027985532 
1008 711 3 4 0.02794401 
175 623 4 4 0.027929246 
258 614 6 6 0.027912747 
208 411 4 3 0.027843932 
208 400 3 2 0.027818259 
188 628 5 4 0.027702052 
589 570 5 6 0.027633958 
207 725 4 3 0.02755704 
436 701 5 6 0.02751103 
393 621 5 4 0.027447242 
698 486 13 8 0.027414987 
173 670 6 6 0.027412698 
246 407 3 3 0.027386956 
16 384 4 4 0.027385633 
313 485 9 7 0.02737807 
480 296 8 10 0.02736137 
426 455 11 8 0.027345628 
259 406 2 3 0.02727744 
168 664 5 6 0.027234444 
282 301 6 6 0.027027404 
128 620 4 5 0.027005443 
155 531 92 73 0.026916517 
543 500 7 5 0.026750335 
607 652 6 7 0.026742704 
214 680 4 5 0.026739236 
445 691 4 6 0.02672528 
506 223 10 10 0.026698092 
226 423 4 3 0.026694454 
1000 710 4 5 0.026691308 
160 653 5 5 0.026639178 
214 431 115 70 0.026617313 
143 647 4 5 0.02654509 
614 272 6 7 0.026471477 
34 255 5 7 0.026470229 
337 562 64 39 0.026399044 
182 616 4 4 0.026297282 
318 483 8 8 0.026263896 
309 648 4 4 0.02617311 
316 535 14 9 0.026156336 
188 464 62 41 0.02615438 
608 331 6 6 0.026084779 
19 262 6 6 0.025990156 
82 658 7 7 0.025918035 
224 585 29 24 0.02587589 
227 666 4 4 0.025836997 
537 197 7 8 0.025826922 
456 747 117 77 0.02582613 
187 622 4 4 0.025824144 
213 417 4 4 0.02581577 
625 511 11 7 0.025809484 
412 472 100 71 0.025657108 
994 711 4 4 0.025634225 
297 286 5 6 0.025358817 
383 664 6 7 0.02535475 
319 332 5 5 0.025349341 
209 445 66 40 0.025300162 
188 634 3 4 0.02528801 
195 633 4 4 0.02528687 
245 645 6 6 0.025192516 
378 364 5 6 0.025140552 
253 634 5 6 0.025052248 
169 617 3 3 0.025021646 
613 300 7 7 0.025005214 
339 294 5 6 0.024975123 
570 508 15 10 0.024948593 
903 172 6 6 0.02491091 
1015 699 3 5 0.02485887 
701 511 137 116 0.024852473 
363 478 9 7 0.024798196 
342 307 5 6 0.024715582 
321 300 5 5 0.024647284 
456 462 55 44 0.024630575 
957 758 3 3 0.024620501 
836 430 109 126 0.024597256 
231 422 5 4 0.024498736 
207 418 4 3 0.02444373 
338 485 10 6 0.024438126 
329 334 5 4 0.024401003 
359 314 5 4 0.024375366 
281 555 15 8 0.024316724 
246 615 5 5 0.024219137 
258 417 3 4 0.024214579 
450 698 4 5 0.024189815 
995 700 4 4 0.02412888 
437 494 51 35 0.02411065 
63 272 7 8 0.024077598 
599 521 10 10 0.024052992 
564 218 5 5 0.0240445 
765 461 4 5 0.02400785 
548 505 28 17 0.02393982 
56 460 7 8 0.023893842 
418 704 5 6 0.023882303 
567 628 3 4 0.023868546 
121 718 6 6 0.023846293 
284 621 4 4 0.023828555 
1013 546 3 4 0.02380132 
948 196 8 7 0.023781195 
342 497 11 7 0.02375006 
560 533 46 44 0.023749473 
957 769 2 3 0.02371187 
446 596 8 7 0.023681015 
1015 702 3 6 0.02368083 
608 294 6 6 0.02368006 
444 711 4 5 0.023663387 
195 622 4 3 0.023634667 
332 480 7 5 0.023595328 
457 192 5 5 0.023573015 
208 422 3 4 0.023526216 
59 262 5 7 0.023524782 
272 617 4 3 0.023520896 
491 479 28 20 0.023514763 
56 464 8 11 0.023455339 
21 383 4 5 0.023446945 
199 409 4 4 0.023432098 
211 411 5 4 0.023413349 
268 555 33 18 0.023409368 
123 653 4 3 0.023378463 
335 290 4 4 0.023361461 
470 497 14 9 0.023270363 
147 653 5 5 0.023257239 
201 417 3 3 0.023229906 
689 486 13 7 0.023203615 
101 679 7 5 0.023199165 
997 361 9 9 0.023180716 
265 411 3 3 0.023180043 
283 631 7 7 0.023154687 
285 717 4 4 0.02314118 
372 536 13 8 0.023105185 
358 319 5 6 0.023026036 
445 497 30 17 0.023017183 
951 764 2 3 0.023015833 
520 648 4 4 0.02301299 
219 628 3 4 0.022991313 
338 481 8 5 0.022944203 
507 484 13 8 0.022938712 
221 423 4 3 0.022910682 
84 287 5 6 0.022860158 
154 661 4 4 0.022854757 
169 628 3 4 0.022848317 
560 516 12 9 0.022825597 
200 398 3 3 0.022810394 
321 314 4 5 0.022792757 
828 494 22 29 0.022790462 
923 174 5 6 0.022782478 
298 504 11 6 0.022780929 
922 178 5 5 0.022764442 
374 645 5 6 0.0227637 
532 507 6 5 0.022761473 
449 679 5 4 0.022752188 
282 560 15 8 0.02273945 
162 639 4 5 0.022736304 
320 476 5 4 0.022722056 
250 627 5 5 0.022721812 
348 198 4 4 0.022679258 
124 647 4 5 0.022626886 
391 536 8 6 0.022623163 
398 622 5 4 0.022598695 
629 483 15 9 0.022562128 
1014 691 3 5 0.022527795 
102 653 5 5 0.022520587 
622 273 6 6 0.022518761 
337 493 10 6 0.02251559 
603 639 5 6 0.022484984 
53 236 5 5 0.022368744 
495 634 5 4 0.022356072 
15 373 3 5 0.022319635 
34 374 4 3 0.022318812 
583 547 9 10 0.02230578 
640 638 6 6 0.022291943 
564 521 26 22 0.022281792 
347 286 4 6 0.022260508 
221 450 13 9 0.02225787 
193 629 5 4 0.022254247 
213 405 3 3 0.02222892 
271 621 4 4 0.022224236 
315 288 6 6 0.02216136 
929 172 5 7 0.02215918 
27 384 4 5 0.022145689 
499 629 5 4 0.022140507 
404 623 4 4 0.02212323 
1000 704 4 4 0.022109037 
58 643 7 7 0.022078654 
340 289 5 5 0.022063902 
366 319 6 6 0.022061 
245 665 4 5 0.0220567 
421 551 56 38 0.022049593 
697 455 6 6 0.022038698 
782 448 75 98 0.022028489 
1015 711 2 5 0.022028156 
59 266 6 8 0.021991123 
315 346 7 6 0.021981325 
445 479 9 6 0.021949574 
84 641 7 5 0.021944985 
4 468 9 12 0.021929683 
346 598 28 28 0.021928355 
643 506 29 20 0.021895897 
312 479 8 7 0.021814274 
500 488 15 11 0.02178474 
451 647 4 4 0.021774793 
830 -118 186 70 0.021761978 
8 633 4 6 0.021757198 
648 704 5 6 0.02174489 
367 339 4 5 0.02170646 
252 455 10 6 0.02170043 
442 705 4 4 0.021667656 
230 646 5 5 0.02165528 
158 670 6 7 0.021640295 
622 299 5 6 0.021619055 
6 467 573 319 0.021616466 
304 506 11 6 0.021606391 
457 659 5 4 0.021605356 
575 525 8 7 0.02159699 
363 534 16 9 0.021594761 
39 639 6 6 0.021574846 
490 472 12 7 0.021556841 
317 510 12 7 0.02154573 
938 770 3 3 0.02152713 
397 547 8 8 0.021498704 
311 507 10 6 0.021490606 
378 311 5 6 0.021484707 
40 249 5 5 0.021443112 
443 680 5 3 0.021434011 
201 423 3 4 0.021430578 
172 666 5 6 0.021423051 
143 642 3 4 0.021312326 
538 505 7 6 0.021279233 
149 615 4 4 0.021243466 
295 312 6 5 0.02123951 
365 622 4 4 0.021185996 
240 408 3 2 0.021171123 
355 502 13 8 0.021170886 
483 484 12 8 0.021165889 
437 654 4 3 0.02110162 
438 647 5 4 0.021099944 
226 647 6 5 0.021070613 
379 623 5 4 0.02105398 
313 338 6 6 0.021047259 
718 408 39 39 0.02104383 
584 555 7 8 0.02098782 
162 628 4 4 0.020967102 
307 306 6 7 0.020966522 
422 447 8 6 0.020950465 
422 458 12 9 0.020945108 
227 444 39 21 0.020944173 
209 634 4 4 0.020940531 
397 209 6 6 0.020936672 
194 405 3 3 0.020934332 
239 313 5 6 0.020926926 
477 725 8 9 0.02091627 
79 448 47 58 0.020908639 
210 450 12 10 0.020905852 
378 223 6 6 0.020894354 
396 628 6 4 0.020882852 
163 424 100 76 0.020877918 
451 640 4 4 0.020862265 
360 253 6 8 0.02085336 
395 645 6 7 0.02084415 
615 514 7 5 0.020837147 
103 642 4 4 0.020829313 
329 237 4 4 0.02078958 
315 292 6 6 0.02077898 
276 620 4 4 0.020762358 
180 641 3 4 0.020756364 
578 270 13 12 0.02074429 
162 636 3 4 0.02072886 
806 471 42 51 0.02068228 
360 618 4 3 0.020666642 
967 293 7 7 0.02064649 
41 254 5 6 0.020638024 
481 204 7 7 0.020630162 
469 589 6 5 0.020622587 
133 495 47 42 0.020618962 
111 642 3 4 0.02060845 
57 585 9 8 0.02060487 
434 666 6 5 0.020600876 
304 511 12 7 0.020572567 
2 243 3 6 0.02056045 
329 244 4 5 0.02054967 
662 474 11 7 0.020515252 
206 405 4 3 0.020513326 
341 503 12 7 0.02048372 
408 296 7 5 0.020481434 
708 511 60 44 0.020475812 
596 339 5 4 0.020470561 
964 758 2 3 0.020458821 
558 224 5 5 0.020454226 
226 430 5 4 0.020447666 
571 729 5 5 0.020434905 
926 301 7 6 0.020420894 
284 616 3 4 0.020414293 
908 299 7 6 0.020405207 
1000 721 4 5 0.020405054 
180 666 5 5 0.020401424 
944 685 3 3 0.020397136 
163 615 3 3 0.020381622 
305 547 14 9 0.020362094 
934 315 6 5 0.020339692 
496 648 5 5 0.02033204 
289 314 5 4 0.020328732 
943 776 3 3 0.020328583 
311 531 13 10 0.0203193 
156 653 3 4 0.020308802 
376 472 11 8 0.0203043 
484 481 50 40 0.020299293 
44 452 9 11 0.020296944 
524 479 8 6 0.02028968 
28 231 4 4 0.020288434 
302 569 11 6 0.020287134 
604 478 18 9 0.020268263 
432 698 4 5 0.020260986 
169 635 3 4 0.020225396 
994 704 4 4 0.020210324 
755 458 24 31 0.020184007 
155 629 3 4 0.020177063 
444 673 4 3 0.02015979 
257 627 5 4 0.020148497 
353 617 6 5 0.020144576 
308 582 35 22 0.02014388 
34 446 21 24 0.020137828 
380 736 4 5 0.020135531 
985 370 9 9 0.0201302 
175 625 4 6 0.020113492 
697 457 56 45 0.020104332 
170 590 35 26 0.02010419 
585 485 14 8 0.02010077 
389 550 7 7 0.02009738 
143 616 4 3 0.020074151 
1018 701 4 8 0.020074056 
138 642 3 3 0.020068083 
347 247 6 7 0.02004283 
129 659 5 5 0.020034418 
615 291 5 6 0.020013217 
297 300 4 5 0.02000338 
