50_Celebration_Or_Party_houseparty_50_189
885
357 149 96 102 0.9995726 
566 565 6 9 0.595508 
493 563 8 10 0.5340331 
524 569 7 9 0.31079164 
577 567 6 7 0.26465648 
586 566 7 8 0.26438025 
535 566 6 8 0.25846648 
597 591 7 9 0.1981037 
504 565 7 9 0.18462792 
597 567 6 7 0.18216588 
578 558 5 6 0.15109022 
576 592 6 8 0.12802252 
556 568 5 9 0.12266664 
608 558 5 6 0.11927198 
553 566 5 8 0.11583089 
514 558 6 6 0.11515254 
638 407 9 12 0.11399159 
563 502 5 7 0.113953955 
910 194 6 7 0.10804869 
632 562 7 9 0.10602615 
1012 251 6 10 0.1058472 
596 547 4 5 0.10524916 
586 591 6 8 0.09975855 
620 425 10 14 0.09555182 
552 509 4 6 0.09191511 
588 558 5 6 0.09113468 
525 558 6 8 0.08938101 
279 387 47 43 0.08913376 
556 558 6 8 0.085959814 
553 490 5 6 0.0844471 
569 558 5 6 0.08171904 
552 503 4 5 0.077025235 
573 491 4 5 0.07632603 
546 563 5 8 0.0747272 
870 173 8 9 0.0717713 
610 548 3 4 0.068294965 
584 534 4 6 0.067773074 
617 564 5 6 0.067391 
641 429 8 9 0.06703984 
575 490 5 5 0.0663966 
495 554 4 5 0.06621428 
565 507 4 7 0.06565768 
957 236 10 12 0.06548159 
610 555 4 4 0.06504581 
507 555 4 5 0.064793915 
598 559 5 5 0.06479363 
659 410 9 11 0.064004555 
896 267 8 12 0.06374043 
514 570 6 7 0.06303671 
552 483 4 5 0.06297618 
604 555 4 4 0.06214541 
514 567 5 6 0.06187239 
585 558 4 6 0.061723012 
-21 -166 179 162 0.05965878 
584 570 5 7 0.058333963 
572 493 4 6 0.057889003 
505 558 5 6 0.0571715 
669 381 10 13 0.05697917 
571 554 5 5 0.0566622 
577 548 4 5 0.0564601 
577 583 4 6 0.056240175 
564 513 5 8 0.05594423 
655 561 8 11 0.05579123 
934 219 8 9 0.055443004 
534 553 5 6 0.05544081 
617 548 4 5 0.054752078 
546 559 4 7 0.054595854 
518 559 5 6 0.05432 
501 553 4 5 0.053956717 
524 509 5 4 0.053819455 
618 560 3 5 0.05305618 
558 554 4 5 0.052798163 
1008 194 21 35 0.052720405 
509 583 9 8 0.052655477 
925 219 9 9 0.052294828 
591 555 4 4 0.051848713 
603 559 5 5 0.05166295 
513 548 4 4 0.051190756 
514 555 4 5 0.050873645 
533 570 6 8 0.050518285 
539 554 4 6 0.050450135 
604 548 3 4 0.0502955 
566 554 3 5 0.049934756 
507 547 4 5 0.04968001 
590 542 3 4 0.04942984 
946 194 7 8 0.049049288 
566 559 5 6 0.048939046 
503 548 4 4 0.047988076 
621 561 4 5 0.0477401 
659 406 9 9 0.04769044 
592 548 3 4 0.0473855 
327 7 5 10 0.04682377 
551 584 5 7 0.046597242 
532 489 5 5 0.04627221 
560 502 4 5 0.0461394 
547 495 4 4 0.04606048 
520 549 4 4 0.04569474 
585 554 4 4 0.04568877 
675 376 9 11 0.045486197 
596 554 4 4 0.04505821 
518 569 6 8 0.044786207 
508 542 3 4 0.044776164 
537 558 5 6 0.044721022 
577 554 5 5 0.044645 
489 554 4 5 0.04454549 
932 251 8 9 0.044545203 
598 569 7 8 0.044452343 
538 577 6 8 0.044396676 
607 564 6 7 0.044394903 
682 181 7 8 0.044328373 
1 372 16 32 0.044297744 
527 554 4 6 0.044263225 
533 497 5 4 0.043508213 
573 534 3 4 0.043385357 
639 423 9 10 0.043350786 
785 240 12 15 0.043328665 
616 554 4 4 0.04293219 
523 509 3 4 0.04288868 
941 256 7 10 0.042814378 
559 547 4 5 0.042795066 
843 156 6 7 0.042707264 
519 566 6 7 0.042655185 
886 162 5 7 0.042291135 
933 262 8 10 0.04227854 
849 218 11 11 0.04215343 
565 548 3 5 0.042069025 
548 490 4 4 0.04171012 
577 484 4 4 0.041614667 
587 583 6 8 0.04137311 
539 542 4 4 0.041252863 
520 554 4 5 0.041026767 
910 199 6 7 0.04068249 
549 579 6 6 0.040614996 
254 76 10 19 0.040599983 
495 548 4 4 0.04040312 
545 578 5 7 0.040054146 
883 187 7 8 0.039938603 
895 230 7 9 0.039911855 
525 576 7 7 0.039868884 
609 589 6 9 0.039715577 
598 583 6 9 0.0396361 
951 194 8 8 0.03961447 
691 239 8 14 0.039583277 
946 182 6 6 0.03953675 
588 579 6 7 0.03942222 
591 536 3 4 0.039221667 
958 225 9 12 0.03912751 
958 275 8 12 0.03906075 
533 549 4 5 0.038934268 
964 558 27 28 0.038697276 
652 405 22 23 0.03852654 
610 543 3 4 0.038354937 
949 175 4 6 0.03826462 
640 432 23 25 0.038132492 
913 210 9 9 0.03795094 
498 559 6 7 0.037939895 
647 418 24 28 0.037805986 
683 385 8 11 0.03760659 
572 547 4 5 0.037483398 
533 558 5 6 0.037439726 
585 549 4 4 0.037399985 
656 390 23 26 0.037311565 
565 490 4 4 0.03717068 
679 568 8 21 0.037115343 
36 229 7 17 0.037046105 
597 543 4 4 0.036987696 
644 582 8 8 0.036924716 
586 540 4 5 0.03692027 
592 510 3 5 0.036897138 
919 260 9 12 0.036813192 
910 187 5 6 0.036781628 
605 179 8 12 0.036669787 
645 434 9 10 0.036643114 
583 578 5 7 0.03650113 
651 389 9 12 0.036407884 
527 490 4 5 0.03621272 
553 559 4 7 0.03614925 
531 577 5 7 0.036105674 
592 515 3 5 0.036060855 
495 542 4 3 0.035979357 
848 193 11 9 0.035785206 
624 537 3 3 0.03577771 
899 260 9 14 0.035594437 
84 11 6 10 0.03542277 
904 205 6 7 0.03541949 
895 225 8 10 0.03539017 
947 250 7 9 0.03538616 
636 422 21 23 0.035289086 
719 568 11 12 0.035268538 
947 206 6 7 0.035121717 
599 179 11 16 0.03509613 
599 161 7 9 0.035070833 
946 198 7 8 0.035057813 
512 579 7 6 0.03497215 
572 542 3 4 0.034936357 
538 497 4 4 0.03489455 
178 447 407 379 0.03484794 
544 553 4 6 0.034838438 
921 223 10 10 0.034688774 
671 386 23 28 0.034633026 
582 502 5 7 0.03460007 
635 553 5 5 0.03446797 
376 53 8 10 0.03436427 
961 174 7 8 0.034316618 
870 162 6 7 0.03424821 
649 397 9 11 0.034224924 
629 554 4 4 0.034099907 
714 566 22 22 0.03407323 
548 485 3 3 0.034039374 
473 567 6 6 0.034038246 
513 542 4 4 0.034019303 
669 399 8 8 0.03388049 
913 200 7 6 0.033851225 
951 389 8 11 0.033802997 
940 262 8 10 0.033770733 
700 582 23 26 0.033585202 
585 584 5 7 0.0335835 
683 470 23 29 0.033476382 
961 168 5 7 0.033454932 
840 257 12 13 0.033338513 
637 398 9 13 0.03331812 
189 485 11 10 0.033155717 
402 53 29 26 0.03296362 
942 175 5 5 0.03290634 
651 422 10 10 0.032845095 
599 579 7 7 0.03278655 
618 391 10 13 0.0327727 
621 555 4 4 0.032503683 
584 508 4 5 0.032470003 
6 374 7 14 0.032344766 
553 548 4 4 0.03233344 
666 402 23 26 0.03229906 
579 503 5 6 0.03229666 
615 193 6 10 0.03229505 
959 559 51 47 0.032270823 
546 541 4 4 0.03223136 
685 379 7 10 0.03210868 
882 181 7 8 0.0321005 
576 524 5 7 0.03188563 
559 527 4 5 0.031813648 
854 -183 259 164 0.03174838 
614 579 6 7 0.03174114 
669 405 8 8 0.031728424 
910 183 5 6 0.031674825 
884 166 7 8 0.031611495 
284 1 4 8 0.031552054 
556 494 4 5 0.031498566 
489 559 5 7 0.031490277 
634 430 7 10 0.031476017 
644 423 10 11 0.03137396 
926 357 8 12 0.031306695 
630 561 5 5 0.031280994 
527 548 4 4 0.031233802 
179 470 28 27 0.031227205 
553 512 4 6 0.03117782 
571 503 4 5 0.03117602 
623 541 4 4 0.031149331 
657 435 25 29 0.03109328 
546 523 3 4 0.031074895 
546 536 3 4 0.03107332 
604 543 4 4 0.031000493 
521 515 4 5 0.030985264 
483 578 10 10 0.030781081 
874 312 7 12 0.030776266 
617 543 3 4 0.030735953 
943 182 5 6 0.030627048 
861 401 10 12 0.030586606 
593 522 3 5 0.030471612 
526 504 4 4 0.030442292 
37 291 7 13 0.030432811 
953 186 6 7 0.030415487 
953 243 10 11 0.030382803 
474 572 6 6 0.030363947 
876 161 6 7 0.030300964 
913 195 7 7 0.030298173 
645 448 9 11 0.030291062 
502 542 4 4 0.030273879 
901 219 8 10 0.030263579 
824 168 7 8 0.03026236 
687 148 6 7 0.030249827 
606 535 3 4 0.030072013 
914 244 8 9 0.029888676 
489 549 4 3 0.029865578 
657 420 10 12 0.02986259 
528 588 9 10 0.029861094 
956 162 5 6 0.029858002 
579 495 5 5 0.029850822 
266 428 16 14 0.02981337 
952 211 7 9 0.02980806 
608 535 4 4 0.029766558 
481 566 5 6 0.029749809 
643 415 11 11 0.02965516 
954 175 6 7 0.029630158 
621 548 4 4 0.029627487 
571 528 4 5 0.029548798 
579 516 4 5 0.029539255 
475 553 6 6 0.029530311 
690 207 7 7 0.029523639 
560 543 3 3 0.029523212 
565 528 5 5 0.029505352 
545 548 4 4 0.029454112 
671 388 9 11 0.029346237 
571 578 5 6 0.029233439 
664 398 8 9 0.029231206 
609 579 6 6 0.029179355 
960 161 6 7 0.02915673 
594 175 9 10 0.029098557 
960 155 6 7 0.02909011 
681 559 5 9 0.029082313 
888 166 6 8 0.029070592 
930 416 11 12 0.029064264 
680 161 5 6 0.029020544 
215 489 8 10 0.028866485 
215 75 9 17 0.028846396 
290 2 4 6 0.028780561 
488 563 8 8 0.028747562 
953 199 7 8 0.028727256 
15 354 4 8 0.028714566 
625 437 8 9 0.028683808 
521 542 3 4 0.028665697 
908 366 9 10 0.028638193 
540 547 4 4 0.028606627 
138 564 9 11 0.028587356 
551 522 4 5 0.028544767 
533 501 5 5 0.028471032 
3 387 9 20 0.028453276 
535 542 3 3 0.028421633 
556 483 4 4 0.028402438 
936 345 7 10 0.02834215 
909 157 5 5 0.028300663 
941 269 7 8 0.028297247 
993 662 28 29 0.028193563 
677 383 9 11 0.028174274 
577 542 4 4 0.028162647 
703 584 8 10 0.02810266 
882 174 7 8 0.028099064 
564 518 5 7 0.028078392 
516 578 7 7 0.028046412 
940 199 7 8 0.028030714 
13 359 6 10 0.028009292 
480 573 6 5 0.027943596 
460 398 29 28 0.027920129 
896 194 6 6 0.027905503 
595 156 7 8 0.027901234 
614 583 5 7 0.027873171 
642 396 46 45 0.02785971 
11 372 6 14 0.027844086 
586 602 8 10 0.027813977 
629 541 4 4 0.027813243 
566 542 3 4 0.027806977 
565 497 4 4 0.02779228 
709 346 42 46 0.027668219 
606 529 3 4 0.027658504 
686 195 7 6 0.02763393 
945 527 25 26 0.027626397 
508 536 3 3 0.02756738 
958 205 8 9 0.027548991 
528 543 3 3 0.027548278 
289 70 7 10 0.027541406 
831 327 7 8 0.027526379 
626 428 19 23 0.02744646 
416 61 13 13 0.027418528 
958 122 8 10 0.027376985 
557 510 4 5 0.02737216 
943 217 8 11 0.027311878 
644 392 20 23 0.027285779 
669 410 8 9 0.027242668 
882 384 9 10 0.027207285 
722 573 22 23 0.027173473 
554 554 3 4 0.027141444 
901 289 6 8 0.027105609 
944 276 9 11 0.027101044 
949 170 4 5 0.027043615 
660 397 8 9 0.027036346 
690 173 6 8 0.026974969 
902 182 6 6 0.026953813 
629 548 4 4 0.026930068 
407 643 34 31 0.02692221 
208 543 12 12 0.026917849 
600 165 8 10 0.026882682 
633 424 7 9 0.026864467 
41 352 6 13 0.026845718 
683 186 8 7 0.026832338 
198 499 10 9 0.026805548 
659 366 44 54 0.026750505 
690 188 5 6 0.026689632 
933 538 23 25 0.026682267 
148 575 9 12 0.026662609 
913 351 7 9 0.026610915 
820 167 7 8 0.026596846 
958 256 9 10 0.02647418 
533 510 4 4 0.026469333 
897 289 6 8 0.026468225 
931 409 9 10 0.026465226 
940 398 6 9 0.02646047 
634 435 8 9 0.026456814 
481 552 6 6 0.02642644 
707 588 10 13 0.02640716 
597 508 3 6 0.026399493 
473 559 6 6 0.02638012 
907 206 8 8 0.026377313 
616 529 3 4 0.026332585 
959 116 8 10 0.026301268 
936 211 7 9 0.026291944 
803 316 11 13 0.026288485 
489 542 4 3 0.026256917 
956 157 5 6 0.026217695 
612 410 7 11 0.026184931 
939 212 8 9 0.026169555 
849 457 25 20 0.026160127 
621 572 5 6 0.026157469 
952 405 7 7 0.026155746 
922 186 7 7 0.026153093 
576 534 4 5 0.026147088 
898 168 5 7 0.02612441 
953 205 7 8 0.02612349 
607 309 29 26 0.026122808 
679 195 7 7 0.02611556 
601 140 8 9 0.026079562 
600 174 9 10 0.02606917 
677 169 6 7 0.026068773 
956 248 9 11 0.026056124 
176 491 11 10 0.026049886 
638 564 6 9 0.026032789 
608 527 5 5 0.025990665 
923 155 5 6 0.02596829 
963 236 7 11 0.025946463 
596 166 7 9 0.025935724 
496 535 4 4 0.025896931 
565 535 3 5 0.025871703 
550 589 6 8 0.025867403 
599 465 9 10 0.025850592 
429 47 6 7 0.0258493 
686 207 7 7 0.025835581 
636 404 19 21 0.025829233 
916 164 5 5 0.025785768 
527 496 4 4 0.025763545 
942 130 5 6 0.025760332 
594 148 7 9 0.025719712 
502 535 3 4 0.025699146 
624 415 10 13 0.025664665 
960 261 8 11 0.0256577 
887 187 6 8 0.025653169 
599 109 9 13 0.025641587 
654 553 4 6 0.025633112 
547 503 4 4 0.025616411 
894 242 8 10 0.025612129 
689 182 6 6 0.025611894 
897 219 7 10 0.025595844 
20 526 4 22 0.02558724 
913 226 7 8 0.025580214 
875 169 6 7 0.02554371 
731 579 10 12 0.025541324 
513 507 5 6 0.025500258 
653 462 6 8 0.025469052 
533 483 5 4 0.025453176 
514 536 3 3 0.025358817 
932 182 7 7 0.025358321 
215 563 11 11 0.025342757 
680 158 5 6 0.025326509 
686 175 6 6 0.025288222 
482 560 5 6 0.025268639 
940 206 7 8 0.025263155 
894 236 8 10 0.025235975 
686 169 5 6 0.025223967 
597 536 3 4 0.025215145 
505 578 7 6 0.025130415 
546 583 6 7 0.025119767 
664 422 9 11 0.025113218 
14 346 4 9 0.025101503 
942 194 7 8 0.02509756 
955 169 5 6 0.025095526 
876 156 6 8 0.02506356 
541 522 4 5 0.02503753 
583 484 4 4 0.025019744 
916 157 5 5 0.025011377 
923 163 5 6 0.02500607 
525 482 4 5 0.024989573 
920 306 9 13 0.02497926 
614 187 6 8 0.024968809 
664 173 8 9 0.02492295 
996 578 25 32 0.024920978 
526 515 4 4 0.024917351 
642 546 5 6 0.024916284 
672 373 8 11 0.024916174 
10 348 18 34 0.0248855 
948 361 6 8 0.024856858 
831 143 5 5 0.024824811 
626 449 8 8 0.024816189 
839 156 7 8 0.02480915 
868 178 10 10 0.024785208 
921 275 8 9 0.024769232 
613 590 6 8 0.024759518 
559 578 4 6 0.024726482 
560 536 3 4 0.024721364 
890 180 6 8 0.024716988 
960 180 6 8 0.024716763 
687 388 11 15 0.024696907 
658 225 5 8 0.024665195 
6 441 6 15 0.024625514 
583 490 4 5 0.024619251 
902 175 5 6 0.024604047 
625 325 25 29 0.024598623 
665 186 8 8 0.024595408 
685 161 5 7 0.024578528 
515 582 8 9 0.024563365 
642 553 4 6 0.024528705 
43 356 7 14 0.024507433 
824 162 6 7 0.024491535 
693 225 5 7 0.024489313 
947 129 6 7 0.024471663 
766 449 10 9 0.024427677 
626 582 8 9 0.024409233 
203 480 8 9 0.02439635 
400 34 27 27 0.02439329 
608 148 8 8 0.024392545 
421 48 7 7 0.024350464 
579 522 4 6 0.024336644 
933 269 7 9 0.024310347 
924 169 6 6 0.02426353 
888 385 9 11 0.024254145 
932 507 24 23 0.024233846 
902 201 6 7 0.024208186 
890 315 6 9 0.0241969 
1018 150 7 12 0.024180254 
650 558 17 22 0.02416607 
516 14 7 8 0.024165211 
521 504 4 4 0.024123289 
909 289 6 7 0.024122043 
928 183 6 6 0.02411216 
687 157 4 6 0.0240547 
658 390 9 10 0.024052152 
412 53 10 10 0.024033904 
631 449 8 9 0.024021298 
836 231 10 10 0.024009407 
935 175 5 6 0.024004279 
648 547 4 6 0.024002621 
987 180 5 9 0.023998292 
311 592 23 23 0.023972364 
926 262 8 10 0.023970436 
218 445 23 24 0.023936564 
474 541 5 5 0.023916814 
561 514 4 6 0.02388864 
541 516 4 4 0.023869332 
563 578 5 6 0.023866711 
914 256 8 10 0.023852797 
636 548 4 4 0.0238233 
975 565 25 26 0.023818184 
893 385 9 10 0.023813387 
491 579 8 7 0.023792412 
554 624 18 36 0.023789335 
987 187 5 8 0.023784636 
547 510 4 4 0.023758752 
545 526 4 5 0.023749232 
644 441 10 12 0.023742506 
414 48 8 8 0.02373671 
946 404 8 9 0.023712609 
579 507 4 5 0.023710016 
540 527 4 4 0.023646543 
540 536 3 4 0.023640601 
875 181 7 8 0.023635173 
889 289 7 8 0.023634894 
652 416 9 10 0.023627361 
327 2 5 9 0.023606997 
629 536 3 4 0.023601588 
619 417 10 14 0.023581445 
581 147 9 11 0.023574168 
617 536 3 4 0.023573544 
588 141 7 11 0.023562234 
946 366 8 9 0.023503907 
610 585 5 7 0.023491299 
668 372 19 23 0.02347962 
0 280 6 17 0.023475345 
932 276 9 11 0.023456212 
574 485 3 3 0.02343369 
461 552 6 6 0.023432843 
525 585 8 9 0.02338322 
920 231 9 10 0.02337305 
596 502 4 5 0.023347987 
619 443 9 11 0.023347372 
951 396 7 9 0.023320623 
137 572 13 15 0.023317719 
858 325 9 14 0.023307424 
741 194 6 8 0.023307359 
535 98 11 13 0.02329441 
926 269 9 10 0.02327708 
1017 251 5 9 0.02327645 
466 552 6 6 0.02325932 
437 515 77 87 0.023253445 
39 345 6 12 0.023247408 
695 313 11 13 0.023243988 
682 380 20 27 0.023212187 
164 478 10 10 0.023207322 
210 482 6 7 0.02320115 
27 533 4 20 0.023175456 
317 73 4 6 0.023139557 
657 383 10 12 0.023125177 
538 503 4 4 0.023107147 
884 289 7 7 0.023088414 
863 174 8 8 0.023083212 
595 135 7 9 0.023082823 
582 609 7 10 0.023062143 
319 603 22 25 0.02304684 
924 238 10 10 0.02301194 
395 574 23 30 0.023011005 
204 477 6 7 0.023007706 
901 168 5 7 0.022995993 
654 469 5 7 0.022994334 
552 541 3 4 0.022959657 
692 162 5 6 0.022955304 
134 610 7 8 0.022955125 
466 546 6 7 0.022918172 
7 363 6 13 0.022857655 
464 381 79 92 0.02285354 
928 186 6 6 0.022848407 
954 181 6 7 0.02283266 
625 441 20 22 0.022822417 
927 169 6 7 0.02280385 
808 157 6 6 0.022803817 
789 194 5 6 0.022801617 
954 276 7 11 0.022789322 
690 568 20 30 0.022783985 
570 508 4 6 0.022772513 
915 236 9 10 0.022766575 
677 173 7 8 0.022739016 
621 198 6 10 0.022736214 
934 198 6 9 0.022727456 
625 529 3 4 0.022687504 
481 548 6 5 0.022683645 
596 485 5 5 0.022680564 
538 490 4 4 0.022679565 
676 402 10 11 0.02267208 
891 175 5 8 0.02265216 
594 142 8 9 0.022618867 
945 186 7 7 0.022615297 
728 238 6 7 0.022609483 
567 251 46 59 0.022595266 
870 307 8 11 0.022593135 
657 341 24 33 0.022591539 
556 598 6 8 0.022586731 
914 276 6 8 0.022562865 
496 530 4 3 0.022551032 
515 516 4 4 0.022543991 
598 529 3 4 0.022536261 
965 169 5 7 0.022497267 
601 129 7 8 0.022471955 
504 588 12 9 0.022460775 
664 433 10 12 0.022445817 
980 161 6 8 0.022429895 
979 193 6 9 0.022423266 
943 417 12 13 0.022414887 
896 174 6 8 0.022411266 
684 237 8 13 0.022406988 
8 636 5 13 0.022403352 
642 542 4 5 0.022402065 
981 168 5 8 0.022395069 
959 211 7 9 0.022394603 
8 379 18 34 0.022392476 
805 167 8 9 0.02236853 
897 189 4 6 0.022367049 
958 199 7 10 0.022361314 
608 137 6 7 0.022353603 
710 522 6 7 0.022335187 
465 514 4 5 0.022334816 
897 162 5 6 0.022321625 
640 558 5 7 0.02230372 
796 439 4 5 0.022231331 
8 247 5 16 0.022230227 
499 579 7 6 0.022214888 
583 527 4 5 0.022201296 
138 422 9 17 0.022154668 
625 454 18 24 0.022148313 
953 314 7 9 0.022102986 
932 195 7 7 0.022091143 
616 151 94 108 0.02208068 
509 516 3 5 0.022057375 
660 470 5 7 0.022003299 
578 479 3 4 0.021985704 
915 269 8 10 0.021982716 
679 185 8 8 0.0219744 
683 369 9 14 0.021973552 
655 570 6 8 0.021946311 
466 564 8 8 0.021939198 
910 175 6 6 0.021935152 
909 284 6 8 0.021934792 
1 440 5 14 0.02192736 
807 162 6 6 0.02192045 
655 221 4 5 0.021901434 
706 307 9 9 0.02189429 
648 427 12 12 0.021866843 
939 251 8 10 0.02185486 
585 176 12 15 0.021841884 
485 572 8 8 0.021825721 
945 289 8 11 0.021783505 
545 515 4 4 0.021777915 
592 179 12 16 0.021773944 
948 398 7 8 0.021761289 
986 168 5 8 0.021753909 
960 218 7 10 0.021753758 
621 411 7 10 0.021735063 
701 358 23 37 0.021718772 
926 558 21 23 0.021716112 
617 434 20 22 0.02171501 
667 452 10 14 0.021704659 
585 515 3 4 0.02170043 
45 347 5 12 0.021686586 
625 522 4 5 0.021681665 
649 333 21 31 0.021659669 
872 377 22 24 0.021658361 
634 446 18 24 0.021656636 
632 461 8 10 0.021649888 
712 194 6 7 0.021646036 
595 488 5 6 0.02164402 
642 579 7 8 0.021642739 
941 170 5 5 0.021620356 
20 540 4 20 0.021617249 
601 474 7 8 0.02160151 
837 360 8 8 0.021600308 
922 151 5 6 0.0215948 
715 596 8 11 0.021588858 
508 522 4 5 0.02157614 
915 187 6 6 0.021560915 
855 279 8 12 0.02155479 
915 169 6 6 0.02152477 
633 460 19 26 0.021513585 
134 423 8 15 0.021497156 
927 377 10 12 0.021487081 
884 282 7 8 0.021470746 
908 244 7 9 0.021470396 
483 584 23 21 0.02143299 
571 584 5 6 0.021430025 
657 432 11 13 0.021422816 
646 468 7 8 0.021410823 
713 588 11 13 0.021385875 
704 498 21 27 0.021369364 
647 476 5 6 0.021368675 
678 352 37 47 0.021366127 
587 160 8 9 0.02131502 
712 579 14 17 0.021314846 
672 457 9 12 0.021314574 
926 395 11 13 0.021312471 
593 601 9 10 0.02130477 
881 252 9 11 0.021267643 
945 604 23 24 0.021258352 
692 377 22 32 0.021254022 
833 155 7 7 0.021251429 
906 270 8 10 0.021246558 
596 515 3 5 0.02124174 
555 585 6 7 0.021231333 
824 156 7 7 0.021224802 
671 415 10 13 0.021221263 
443 635 14 19 0.021221157 
914 403 7 10 0.021210393 
986 161 6 8 0.021196878 
658 442 9 10 0.021191139 
708 595 10 13 0.021180829 
635 591 6 7 0.021163534 
686 145 5 6 0.021162428 
986 173 5 9 0.021135677 
11 445 7 18 0.02113543 
881 199 7 8 0.02112538 
653 409 11 11 0.02111329 
596 522 3 5 0.021113088 
896 180 6 7 0.021105314 
460 559 8 8 0.02108495 
949 163 4 5 0.021084486 
650 402 10 11 0.021084292 
615 396 8 11 0.021065125 
615 185 20 28 0.021050401 
864 149 6 7 0.021049296 
492 591 9 8 0.02103226 
959 193 7 9 0.02098762 
909 151 5 5 0.020973116 
812 333 8 9 0.020966334 
637 543 3 3 0.020938411 
837 245 9 9 0.020936713 
609 455 6 8 0.02092382 
627 410 8 11 0.02092094 
384 44 9 11 0.020901892 
164 186 12 18 0.020898309 
613 448 8 10 0.020892272 
649 434 11 11 0.020889046 
678 389 10 12 0.02088376 
979 199 6 9 0.020876687 
474 547 6 6 0.020865995 
865 162 5 7 0.020856868 
632 567 8 10 0.020856738 
980 180 6 8 0.020854892 
697 379 8 10 0.020850858 
774 194 7 6 0.020849576 
877 186 6 7 0.020847995 
692 169 5 7 0.020826347 
165 204 8 12 0.02082413 
912 359 8 11 0.020810049 
17 385 16 34 0.020806152 
609 571 5 7 0.020797996 
1010 165 8 10 0.02079678 
980 156 5 7 0.020776974 
952 288 7 10 0.020751726 
927 276 9 12 0.020750016 
709 582 9 12 0.02074986 
651 442 10 11 0.020742653 
46 444 6 15 0.020737864 
655 579 5 6 0.020736286 
631 197 20 29 0.020728102 
929 149 5 5 0.020719348 
628 572 6 7 0.020700349 
501 579 20 19 0.020688165 
141 615 6 9 0.020681165 
987 192 5 9 0.020671884 
940 597 8 7 0.02066729 
742 463 8 7 0.020666752 
164 486 10 11 0.020660808 
637 578 19 20 0.020642348 
115 588 22 22 0.02063798 
677 396 10 11 0.020626614 
921 183 7 6 0.020605447 
883 156 5 7 0.020600718 
872 364 15 17 0.020599358 
171 479 10 11 0.020596975 
617 484 4 5 0.02055791 
382 568 24 28 0.02055129 
842 166 8 9 0.020505229 
665 372 8 9 0.02049863 
941 391 7 9 0.020498596 
622 484 4 5 0.020484159 
809 168 8 8 0.020483043 
840 150 5 5 0.020471921 
597 497 4 5 0.020464292 
150 205 13 17 0.020443678 
1014 578 5 7 0.02042591 
903 187 5 6 0.0204197 
951 216 8 10 0.020415453 
305 603 23 23 0.020414703 
882 192 7 8 0.02040538 
20 347 4 9 0.020392336 
679 224 5 9 0.020383462 
909 392 7 9 0.02037771 
942 385 6 9 0.020373316 
468 541 5 6 0.020371394 
846 131 7 6 0.020370185 
811 353 7 7 0.020365736 
678 207 6 7 0.020364748 
539 484 4 3 0.020349456 
167 479 25 24 0.020346485 
896 295 6 8 0.020344803 
537 582 6 9 0.020326816 
647 565 5 7 0.020318035 
837 193 10 9 0.020313365 
443 651 13 16 0.020310158 
947 125 5 6 0.02026341 
942 647 19 25 0.020256232 
639 199 10 14 0.020253688 
907 376 9 13 0.020235563 
692 157 4 6 0.0202318 
396 46 9 11 0.02023152 
622 187 7 8 0.020211635 
979 116 6 8 0.020211274 
953 296 7 9 0.020204835 
746 558 10 10 0.020201394 
914 183 7 6 0.020176787 
895 258 9 12 0.020170933 
415 41 8 8 0.020164223 
234 457 13 13 0.020156354 
692 576 6 11 0.020152234 
633 584 6 7 0.020148192 
668 220 4 7 0.020127947 
545 572 4 6 0.020125957 
540 509 4 5 0.020112814 
456 52 6 8 0.020105792 
719 630 5 7 0.020103604 
746 558 23 22 0.020095538 
612 181 7 9 0.0200943 
50 -158 260 138 0.020092875 
248 331 24 26 0.020089997 
672 195 6 7 0.020089332 
933 396 8 11 0.020086875 
521 530 4 4 0.020075098 
172 488 10 9 0.020047253 
615 385 7 9 0.020046199 
981 174 5 8 0.020038417 
914 318 9 11 0.02001452 
922 252 8 8 0.020012768 
616 617 6 8 0.020004699 
659 583 6 8 0.020003716 
