50_Celebration_Or_Party_houseparty_50_752
44
717 201 80 89 0.9977241 
427 38 118 157 0.99656576 
736 61 63 63 0.99572843 
585 100 86 83 0.85337776 
582 80 27 42 0.30251536 
575 3 51 40 0.13414384 
72 499 101 69 0.13336176 
697 21 86 78 0.12544306 
888 411 182 156 0.11595564 
692 386 44 50 0.10733372 
936 44 67 41 0.09310587 
629 237 80 70 0.06287001 
-20 -171 177 171 0.046398543 
650 262 33 30 0.044187866 
670 16 28 31 0.044004314 
677 -14 397 369 0.043305032 
682 19 59 47 0.038680244 
944 57 36 22 0.03610533 
540 447 32 52 0.032650363 
943 474 80 62 0.03165476 
823 300 342 296 0.030964155 
159 0 22 12 0.02930772 
695 26 25 32 0.027406493 
438 237 112 107 0.027381122 
785 -19 206 145 0.026553301 
754 31 55 56 0.026436428 
610 -4 30 21 0.025757257 
936 38 99 95 0.02553755 
627 128 59 66 0.024982035 
577 517 106 120 0.024710523 
713 4 147 138 0.02396199 
899 458 76 67 0.023942571 
708 58 49 66 0.023870835 
538 -159 453 314 0.02323766 
2 622 217 266 0.023128295 
950 494 16 20 0.023003729 
604 6 31 27 0.022874562 
824 286 112 107 0.02249957 
1003 489 25 30 0.02140158 
763 -135 256 173 0.021169195 
65 -155 243 142 0.021054568 
372 106 42 55 0.020815285 
205 -185 473 295 0.020714786 
146 385 64 108 0.02063391 
