50_Celebration_Or_Party_birthdayparty_50_43
26
625 405 44 55 0.99993324 
353 419 43 51 0.99981946 
207 266 43 56 0.9998165 
486 442 44 53 0.9996959 
753 241 39 47 0.9996289 
774 414 40 51 0.9992654 
396 262 39 44 0.9991266 
299 114 37 43 0.9990269 
640 254 37 43 0.9988193 
200 76 41 44 0.99877113 
520 256 37 42 0.9981192 
462 96 33 42 0.99649894 
582 43 36 39 0.9962842 
714 95 37 39 0.99248886 
396 318 23 25 0.88477665 
623 544 23 26 0.8541477 
792 545 21 24 0.41568092 
196 387 24 23 0.25349814 
590 96 17 17 0.08795929 
360 494 26 25 0.045161113 
466 177 9 12 0.028135289 
565 22 22 23 0.02727563 
765 422 27 34 0.023655891 
534 128 13 14 0.023624344 
523 307 22 23 0.020806355 
119 383 8 10 0.020717524 
