50_Celebration_Or_Party_birthdayparty_50_18
107
233 375 26 32 0.99930835 
848 375 26 33 0.9983177 
718 333 19 27 0.99677676 
334 366 25 27 0.9958609 
640 338 18 24 0.99502534 
612 345 21 26 0.9931972 
807 349 20 20 0.991578 
132 402 30 36 0.990391 
544 354 20 22 0.9752205 
763 398 18 35 0.9592747 
397 370 16 26 0.8392249 
926 379 20 22 0.7019099 
664 396 19 32 0.6354832 
468 355 16 24 0.50915295 
399 212 12 16 0.37147507 
529 443 18 15 0.2641279 
381 372 12 16 0.16067344 
637 262 17 22 0.14364524 
420 429 33 30 0.11718249 
785 294 22 24 0.11007261 
555 314 26 33 0.109888114 
853 365 24 20 0.094841644 
536 204 10 11 0.09355478 
244 192 7 8 0.092110395 
534 213 17 20 0.090524174 
118 411 28 35 0.087927304 
464 365 19 28 0.08663882 
778 410 12 19 0.08430577 
234 213 13 16 0.07884185 
386 199 12 14 0.072114244 
171 250 20 24 0.07063632 
611 225 25 32 0.066312164 
385 369 16 23 0.06597506 
219 405 19 26 0.06409676 
217 217 12 17 0.05853298 
596 231 27 28 0.053704374 
199 227 10 17 0.05273809 
624 340 20 27 0.05212392 
272 202 14 17 0.04897423 
681 413 14 15 0.04890136 
575 201 21 26 0.04796584 
281 191 8 8 0.045606837 
147 412 16 21 0.044899106 
469 382 13 16 0.041572228 
780 311 23 23 0.041410573 
531 218 11 14 0.034789953 
326 190 9 12 0.03298433 
492 403 11 17 0.03124175 
197 213 6 11 0.03116323 
298 204 7 10 0.031090245 
299 197 6 10 0.030749729 
555 427 18 30 0.030711886 
536 436 25 26 0.030622981 
949 354 13 15 0.030472614 
957 342 10 11 0.030454472 
776 302 16 16 0.030436186 
758 397 14 26 0.029349128 
571 240 23 30 0.029202688 
255 218 8 15 0.028455088 
382 284 25 34 0.027909407 
809 383 24 23 0.027795017 
162 387 21 28 0.02731901 
823 341 11 14 0.027015464 
453 361 20 28 0.026952067 
394 352 22 31 0.026395632 
194 210 7 11 0.0260695 
594 211 39 37 0.025629723 
731 279 13 18 0.025500791 
510 377 14 20 0.025193453 
956 383 10 13 0.024862057 
704 297 16 21 0.024806557 
521 439 6 8 0.024592599 
323 205 6 8 0.024155686 
944 348 13 15 0.023740051 
476 372 11 17 0.023703765 
203 221 15 24 0.023480562 
600 341 21 30 0.023370102 
367 248 13 17 0.023225121 
457 350 20 26 0.022973226 
521 436 5 6 0.022960426 
177 214 15 28 0.022939002 
193 192 7 9 0.022828257 
559 351 13 20 0.022681898 
214 417 12 18 0.022220269 
158 214 11 17 0.022083731 
931 459 14 9 0.02202333 
414 404 13 18 0.021948235 
918 355 10 11 0.02184227 
151 406 26 33 0.021842204 
584 211 20 34 0.021681225 
365 197 6 10 0.02146015 
532 232 22 32 0.021347238 
538 207 13 15 0.02120001 
572 215 20 30 0.021171153 
234 223 11 15 0.021122288 
233 221 20 28 0.021050775 
250 215 8 11 0.021001102 
373 196 6 9 0.020921443 
951 381 11 13 0.020772506 
498 384 12 20 0.02068238 
804 427 13 13 0.020652412 
877 346 15 15 0.020639246 
610 299 28 36 0.02045356 
406 375 11 18 0.020416029 
598 459 16 27 0.020245213 
768 340 9 16 0.020244993 
164 212 9 14 0.020188821 
