50_Celebration_Or_Party_birthdayparty_50_196
80
195 330 320 439 0.9998406 
178 1065 80 92 0.98395514 
767 1031 114 106 0.97622424 
294 1652 120 95 0.7537662 
884 1042 73 99 0.42713743 
906 1526 61 111 0.39182034 
367 1643 105 105 0.09172054 
409 1639 14 15 0.061046023 
139 190 62 61 0.046874776 
783 63 10 13 0.044601426 
652 1100 5 8 0.043964654 
138 1065 43 82 0.04228028 
339 14 117 125 0.040184308 
625 1642 181 176 0.03646948 
252 1652 89 105 0.035505213 
285 1759 13 15 0.034988847 
346 1743 61 76 0.034184236 
752 571 12 16 0.034016743 
390 1640 57 58 0.03349782 
603 1113 4 6 0.033165693 
664 1099 6 9 0.03284567 
763 634 18 21 0.032618914 
639 1101 4 6 0.032391038 
628 1113 4 6 0.032273013 
395 1637 16 16 0.032192927 
654 1104 6 10 0.031867888 
728 1145 14 18 0.031841844 
346 1043 181 235 0.030850224 
766 69 9 11 0.030733049 
414 1628 21 27 0.03027513 
-591 15 369 409 0.02929375 
612 1114 4 6 0.02902604 
403 1672 22 28 0.029023008 
662 1086 6 8 0.027987512 
244 1651 45 63 0.027525667 
666 1106 6 10 0.027443673 
263 1087 44 65 0.026486397 
151 257 48 70 0.026426231 
829 601 14 18 0.02572727 
1009 587 10 18 0.02517042 
537 321 41 56 0.025143929 
629 1103 4 5 0.025067067 
602 1123 5 7 0.024918 
391 1645 23 23 0.024889514 
718 1676 48 59 0.024695486 
4 835 94 147 0.024090778 
965 570 13 21 0.02401194 
808 1004 141 167 0.02392427 
371 1768 64 66 0.023862412 
965 1609 12 20 0.023781046 
636 1111 5 7 0.023528688 
237 1079 48 70 0.023387171 
925 579 14 22 0.02330317 
285 1633 15 18 0.023192873 
968 454 203 252 0.023067689 
731 1014 46 71 0.022998672 
694 88 21 24 0.02264703 
913 571 13 20 0.022619547 
742 572 11 15 0.022480132 
118 1639 57 57 0.02237979 
850 1065 59 67 0.0221984 
917 1070 25 42 0.022176523 
965 1544 9 14 0.02204103 
911 606 12 20 0.02192719 
140 1670 57 68 0.02190745 
193 1689 16 17 0.021685326 
907 1054 27 46 0.021380229 
153 1497 54 63 0.02129063 
652 1944 18 22 0.021024905 
881 1782 21 24 0.020951282 
722 515 18 19 0.020860206 
119 2027 6 9 0.020655826 
582 1888 182 215 0.020498358 
279 1747 59 61 0.020409612 
751 634 19 22 0.020307992 
700 1028 89 129 0.02024647 
924 111 12 20 0.020140283 
774 238 14 20 0.020121181 
416 1680 26 35 0.020073285 
796 225 8 12 0.02006535 
