41_Swimming_Swimmer_41_488
61
463 250 117 150 0.9989479 
-19 -164 186 162 0.14666967 
388 461 207 152 0.13724269 
142 134 403 318 0.09310007 
414 515 54 47 0.082980685 
89 277 422 400 0.07977901 
259 453 436 324 0.05020079 
452 153 542 376 0.04875648 
794 -158 288 138 0.046797585 
88 -161 281 138 0.039118495 
605 608 3 4 0.036773603 
421 539 29 27 0.03564944 
430 531 73 55 0.03419558 
598 608 3 4 0.029840497 
154 26 22 26 0.028758002 
469 530 13 15 0.02837656 
645 191 115 66 0.028183505 
498 495 136 97 0.027353315 
834 512 41 44 0.026905924 
690 599 467 337 0.026854275 
578 600 3 4 0.025848728 
933 484 22 19 0.025822468 
146 508 7 8 0.02559086 
493 54 26 23 0.025212104 
493 555 6 6 0.025059214 
611 523 27 30 0.02501019 
604 601 3 3 0.024152806 
590 601 3 3 0.023337662 
305 528 42 53 0.02302306 
424 485 66 50 0.02301847 
137 465 108 78 0.022796102 
152 508 9 11 0.022682214 
169 481 11 9 0.022660121 
698 151 31 30 0.022642998 
-2 455 41 58 0.022384912 
939 512 52 41 0.022360658 
604 610 4 5 0.022228057 
734 162 10 8 0.021963159 
557 524 29 32 0.021859668 
733 227 492 347 0.02172291 
425 668 4 5 0.021627542 
986 473 50 41 0.021499328 
458 536 12 13 0.021460552 
430 658 4 4 0.021407166 
598 602 3 3 0.021389196 
598 611 4 4 0.021354744 
-11 494 493 433 0.021325704 
585 607 4 3 0.021274248 
591 607 3 3 0.021126622 
496 30 28 27 0.020993887 
463 -160 291 137 0.020828098 
233 211 167 90 0.020803586 
458 526 13 12 0.020776138 
153 11 17 15 0.02070178 
837 620 48 54 0.020673148 
478 525 11 13 0.020595523 
489 55 108 97 0.020425785 
490 537 11 14 0.020420305 
505 559 7 8 0.020403717 
586 601 2 3 0.020259874 
97 595 92 96 0.02007508 
