41_Swimming_Swimming_41_730
418
203 98 165 214 0.71995425 
55 225 171 213 0.29839838 
216 547 87 196 0.26392478 
687 286 124 112 0.22572006 
366 119 157 233 0.21839413 
676 252 354 455 0.19559874 
429 167 180 218 0.19406198 
420 271 100 129 0.14235538 
20 79 351 430 0.13079928 
530 208 155 175 0.11770646 
425 377 340 466 0.11758464 
144 -6 52 39 0.10943531 
719 312 57 57 0.107313626 
326 286 154 224 0.10581714 
758 276 51 64 0.08858017 
11 271 140 252 0.083921805 
453 208 51 57 0.07867932 
685 313 43 64 0.07621292 
39 21 49 48 0.07191761 
409 166 100 105 0.07164122 
446 309 53 66 0.0699408 
718 593 74 99 0.067791276 
191 23 360 361 0.06557436 
731 343 57 59 0.063572034 
316 743 10 13 0.06309128 
897 706 196 219 0.06293784 
-4 58 102 107 0.06270049 
575 253 49 66 0.061660662 
938 285 74 116 0.0612538 
676 -84 380 376 0.06103513 
693 215 193 229 0.060658902 
765 -13 212 199 0.058101643 
432 327 11 17 0.05780495 
256 299 96 140 0.057444923 
21 27 113 84 0.057192042 
233 225 170 273 0.05650597 
49 18 28 28 0.056371897 
180 399 263 414 0.0561112 
663 311 90 125 0.055094764 
542 265 45 59 0.05381314 
743 354 24 32 0.05376371 
724 353 28 33 0.05269695 
-5 -127 56 134 0.051529404 
14 23 48 57 0.050267924 
740 638 27 44 0.050200045 
383 341 81 123 0.049102597 
854 761 48 55 0.04899239 
489 740 40 62 0.048916955 
707 350 31 35 0.048727583 
165 271 85 119 0.04851548 
435 101 324 388 0.047917947 
959 152 95 159 0.047180366 
359 418 164 269 0.046542227 
579 230 34 33 0.045760952 
-65 218 302 507 0.044700943 
590 385 98 120 0.044424914 
425 327 52 66 0.042740982 
734 331 29 33 0.042400636 
77 649 90 127 0.042238384 
276 176 60 65 0.042206984 
51 64 82 119 0.041654844 
807 251 104 120 0.041589186 
141 182 183 240 0.041435536 
115 661 47 65 0.041383397 
-38 448 345 542 0.041091423 
855 206 90 120 0.040767178 
516 184 111 113 0.040639892 
109 562 176 224 0.040604904 
792 451 369 450 0.04043382 
485 212 44 54 0.04015021 
443 302 18 27 0.039920203 
599 241 64 64 0.039833505 
903 574 84 110 0.039127544 
779 294 47 60 0.039090417 
583 266 25 38 0.038852256 
887 315 42 64 0.038848173 
71 35 34 33 0.03874177 
-41 -87 385 372 0.03834615 
10 19 191 199 0.037958164 
557 727 41 76 0.037897244 
193 312 43 68 0.03760177 
334 653 98 129 0.037523177 
877 24 103 128 0.037408 
811 358 41 48 0.03607424 
313 201 51 66 0.035846435 
544 300 109 126 0.03563371 
476 322 21 30 0.035579823 
742 238 97 120 0.034978755 
130 46 103 78 0.03458836 
104 60 50 60 0.03454301 
766 367 22 31 0.034348954 
0 21 23 37 0.03420397 
597 258 34 38 0.03361555 
707 336 92 125 0.03322914 
867 203 46 53 0.03302144 
754 359 26 31 0.032857694 
452 342 26 36 0.03279673 
778 303 99 118 0.032600507 
31 21 25 35 0.03246045 
441 360 25 33 0.032168817 
870 691 88 107 0.032165892 
726 268 57 75 0.031876583 
73 44 14 17 0.031799592 
486 460 83 122 0.031235611 
752 329 26 31 0.031160077 
550 215 33 34 0.0310814 
158 623 89 132 0.03082973 
338 212 304 436 0.030581228 
888 735 46 56 0.030330207 
168 757 112 112 0.03014125 
84 110 72 110 0.03013592 
895 55 44 61 0.029995544 
170 478 23 27 0.029478304 
188 426 51 75 0.02946874 
567 85 23 28 0.029445799 
446 322 11 20 0.029335104 
450 320 24 34 0.029282453 
224 733 86 104 0.029198278 
752 365 46 67 0.02909974 
588 249 25 35 0.02908319 
588 272 8 13 0.02877078 
439 333 9 15 0.028766349 
989 546 49 57 0.028763184 
80 16 27 28 0.028662995 
65 28 14 17 0.028592216 
644 377 91 102 0.028361645 
415 299 49 65 0.028228547 
-28 -129 144 187 0.02814618 
567 225 31 29 0.028140126 
564 267 28 35 0.027908955 
440 318 10 18 0.02789677 
901 182 21 24 0.027766015 
754 303 31 44 0.027750872 
528 271 187 299 0.02767152 
730 645 21 35 0.027612556 
573 245 26 31 0.02754314 
299 458 21 29 0.027460627 
191 469 93 149 0.027414413 
841 738 48 55 0.027393417 
125 508 44 55 0.02732654 
228 446 42 66 0.02722805 
851 182 45 48 0.02715478 
83 43 57 56 0.02710439 
747 363 12 18 0.027097793 
820 714 93 106 0.027058965 
432 215 48 73 0.027024532 
126 486 81 113 0.026977705 
866 38 43 54 0.026940178 
832 270 51 57 0.026927149 
92 533 85 130 0.026811065 
556 295 28 43 0.026719525 
623 267 85 131 0.026655104 
770 324 13 19 0.026555493 
712 368 25 37 0.026514137 
897 269 42 69 0.026473917 
351 48 106 99 0.026384544 
282 348 39 59 0.026318036 
543 391 89 118 0.026291039 
896 223 41 64 0.026247622 
123 44 53 49 0.026179837 
433 328 20 30 0.026120996 
72 25 12 15 0.026113773 
811 627 27 35 0.026058393 
476 503 45 69 0.025919925 
574 466 71 125 0.025904771 
608 504 27 42 0.02587287 
410 360 44 65 0.02586757 
268 377 96 118 0.025863688 
701 691 20 28 0.02581967 
327 513 36 67 0.025775356 
636 49 25 27 0.025753224 
429 366 25 33 0.025718527 
303 222 14 17 0.025617199 
456 195 15 20 0.025591748 
741 363 11 16 0.025581885 
191 689 94 118 0.025576893 
741 375 11 18 0.025486529 
718 419 29 44 0.02546043 
817 162 101 98 0.02539017 
832 378 256 232 0.02534891 
656 536 39 60 0.025306104 
658 433 23 28 0.025298735 
431 716 18 31 0.025271546 
454 235 27 35 0.025256569 
451 318 10 17 0.02523799 
757 297 15 24 0.025090082 
114 97 38 58 0.025086384 
764 339 11 16 0.02505536 
837 361 40 50 0.025008157 
515 151 13 20 0.024992146 
967 691 101 128 0.02495624 
671 353 43 76 0.024905434 
611 211 13 15 0.024874162 
309 384 19 30 0.024803754 
814 601 23 27 0.024673961 
907 635 45 53 0.024596952 
293 355 19 31 0.02455146 
709 693 9 12 0.024549887 
769 297 16 21 0.024531087 
778 375 11 20 0.024488777 
726 369 13 17 0.024444873 
894 157 23 25 0.024402767 
291 202 32 36 0.024372945 
402 304 16 33 0.0243496 
783 371 21 30 0.024287146 
287 439 23 32 0.024227442 
459 298 11 19 0.02420997 
612 10 94 106 0.024207084 
690 207 102 131 0.024190575 
918 708 48 60 0.024154415 
447 287 20 33 0.02414451 
751 30 111 127 0.024132775 
460 326 25 35 0.024089377 
654 403 29 36 0.02405456 
328 736 5 5 0.02394895 
704 92 93 100 0.023918558 
758 401 13 20 0.023893446 
979 198 52 80 0.023749331 
650 176 42 63 0.023704056 
211 747 53 56 0.023687731 
604 204 14 15 0.023655033 
325 763 19 26 0.02362657 
938 56 11 17 0.023620872 
181 44 16 15 0.023529239 
223 330 18 33 0.023478474 
554 138 86 91 0.023473432 
896 539 27 37 0.023418091 
893 170 22 23 0.023415942 
15 175 116 122 0.023371782 
368 368 46 92 0.023355823 
299 475 10 13 0.023334479 
633 200 39 63 0.023330638 
752 401 11 18 0.023330607 
457 311 11 18 0.023329439 
442 336 21 33 0.023315258 
639 431 82 117 0.023286026 
407 369 9 20 0.02327838 
469 191 26 37 0.02327239 
17 15 26 32 0.023217743 
457 343 12 17 0.023167495 
79 25 14 14 0.0230726 
420 247 48 80 0.023027303 
105 79 14 21 0.02302144 
697 693 8 12 0.023013817 
791 378 22 32 0.022978416 
202 485 23 30 0.022905122 
779 256 50 68 0.022895196 
770 768 102 116 0.022881737 
557 378 57 67 0.022872234 
-5 657 76 150 0.022833135 
747 374 12 19 0.022832625 
582 289 8 12 0.022823215 
446 233 11 20 0.022822158 
507 212 48 63 0.02277071 
782 285 16 21 0.022733303 
468 293 21 31 0.022704178 
808 572 24 34 0.022677498 
249 646 212 231 0.022664387 
976 596 12 13 0.022641134 
430 7 15 12 0.022615457 
405 433 74 133 0.022613239 
941 265 7 11 0.02260756 
850 223 47 54 0.022593908 
290 98 48 57 0.022573877 
729 393 26 40 0.022537924 
471 711 37 55 0.022476615 
28 29 14 19 0.02236788 
860 293 45 64 0.022363337 
646 74 25 26 0.02233582 
292 459 12 17 0.022330651 
702 693 9 13 0.022325667 
84 44 16 18 0.022301702 
134 -34 100 78 0.022291007 
950 671 23 33 0.022283334 
771 338 11 16 0.022280244 
610 274 26 36 0.022262726 
442 230 22 37 0.022254989 
221 298 20 33 0.022233672 
914 679 21 26 0.022219177 
457 695 24 32 0.022206625 
85 75 15 17 0.02220093 
944 685 37 57 0.022199696 
635 46 46 52 0.022132037 
125 75 47 58 0.022117442 
888 188 20 23 0.022108836 
710 58 43 51 0.022100024 
748 660 26 40 0.022091027 
121 448 46 60 0.022087032 
587 741 20 31 0.022078412 
704 368 46 67 0.02205019 
400 367 11 25 0.022039792 
835 309 94 134 0.022028122 
970 596 11 13 0.022017954 
809 320 48 56 0.021999093 
187 732 55 58 0.021998836 
721 660 20 33 0.021969516 
412 282 22 35 0.021944558 
516 419 35 63 0.02189725 
793 378 8 12 0.021896131 
784 384 9 16 0.021829646 
634 162 40 60 0.021759985 
160 723 53 57 0.021732023 
944 93 50 61 0.021712642 
279 359 19 25 0.02169395 
555 86 22 26 0.021671092 
848 243 12 14 0.021665003 
734 364 11 15 0.021644665 
770 310 14 20 0.021641992 
305 474 10 14 0.021589657 
446 364 11 16 0.02157748 
816 260 23 30 0.021509606 
874 643 22 31 0.02149546 
241 519 23 33 0.021473197 
106 30 47 44 0.021470848 
122 626 37 68 0.021445576 
744 394 13 20 0.021434017 
559 712 26 39 0.021409407 
745 368 28 38 0.021371271 
629 144 12 20 0.02135087 
299 466 10 15 0.021344347 
831 777 53 53 0.02133025 
951 519 11 13 0.021311233 
689 542 22 36 0.02130364 
769 364 13 18 0.021262161 
740 91 10 12 0.021211702 
453 286 10 19 0.021144364 
183 655 40 77 0.021119395 
907 149 24 27 0.021113018 
950 654 25 32 0.02111173 
874 104 110 128 0.021091692 
86 7 26 24 0.02107274 
448 517 89 129 0.021065263 
691 25 94 102 0.021063004 
170 464 45 56 0.02105496 
745 647 13 18 0.021000698 
311 467 21 28 0.020966502 
427 335 11 18 0.020951089 
912 543 21 34 0.02094411 
438 238 13 22 0.020942142 
797 319 12 20 0.020916728 
444 219 13 21 0.020914208 
642 502 70 113 0.020890769 
782 297 16 21 0.020886311 
445 205 24 39 0.020882353 
894 815 22 24 0.020876199 
357 494 36 71 0.020856207 
924 673 43 57 0.02080087 
33 18 15 19 0.020797506 
790 306 13 19 0.02079072 
614 400 46 61 0.020775538 
944 157 47 65 0.020772088 
983 609 24 26 0.020768166 
441 348 10 16 0.020759681 
229 517 22 33 0.02075011 
200 471 46 61 0.020748872 
97 736 47 54 0.020718751 
690 686 21 29 0.020717824 
581 279 10 16 0.020703306 
434 344 10 16 0.020694165 
752 308 13 21 0.020691397 
688 624 94 124 0.02067715 
34 -31 96 83 0.020667 
291 376 11 19 0.020644225 
866 635 14 19 0.020640334 
736 471 20 34 0.020631712 
95 -24 20 24 0.020631418 
776 201 23 33 0.020624626 
461 713 8 11 0.020621806 
454 157 47 61 0.020553175 
924 588 19 30 0.02054204 
615 491 23 33 0.020540347 
925 48 20 32 0.0205122 
288 171 32 41 0.020502612 
302 396 21 34 0.020501852 
739 650 12 18 0.020493675 
563 347 38 58 0.020475104 
279 810 22 25 0.020460552 
134 167 8 13 0.020431055 
751 348 14 18 0.02041319 
209 494 10 13 0.020410687 
734 372 23 38 0.0203904 
79 51 14 15 0.020369895 
249 426 84 131 0.020365736 
445 7 121 100 0.020356294 
597 196 15 18 0.020352548 
837 112 22 23 0.02034877 
694 267 4 7 0.020342916 
112 449 25 27 0.020312216 
273 363 12 19 0.020257507 
431 308 21 30 0.02024396 
517 341 88 117 0.020235144 
122 132 40 65 0.020234773 
953 347 46 61 0.020229176 
565 103 88 73 0.020203954 
424 277 25 34 0.020203255 
510 146 11 18 0.020192776 
947 267 7 8 0.020173764 
589 282 8 12 0.02016946 
447 338 10 16 0.02015712 
459 286 10 19 0.020142231 
-44 334 149 285 0.020140113 
756 645 22 31 0.020134328 
220 353 88 127 0.020132389 
683 344 24 49 0.020130735 
331 593 45 57 0.020118078 
832 54 61 70 0.020099621 
70 193 54 56 0.020097999 
318 398 19 32 0.020080691 
462 187 15 20 0.02007286 
663 447 11 15 0.020068731 
836 234 25 30 0.020067608 
829 303 46 56 0.020063771 
757 380 15 19 0.020056628 
556 205 58 54 0.020052675 
585 627 20 29 0.02002535 
965 44 92 138 0.020012917 
111 73 14 22 0.020006089 
305 250 11 14 0.020005774 
