41_Swimming_Swimmer_41_483
23
418 109 185 267 0.9986022 
255 160 171 185 0.15190433 
-29 -277 508 274 0.09748551 
319 -272 513 284 0.08477234 
785 -246 391 241 0.07360236 
-21 -260 186 184 0.06619911 
125 68 365 345 0.057485133 
454 26 350 381 0.041939948 
302 236 61 66 0.038490217 
329 262 23 25 0.034456275 
161 96 5 9 0.033182234 
-4 408 486 373 0.031886257 
324 419 104 67 0.029574824 
724 446 434 280 0.028732687 
288 2 5 6 0.02636387 
342 266 12 16 0.025926944 
384 427 443 494 0.024868656 
335 272 26 30 0.022258399 
268 27 5 7 0.022167668 
-5 156 155 253 0.021187373 
721 81 23 23 0.020922758 
283 1 5 7 0.02034044 
203 59 103 128 0.0203045 
