41_Swimming_Swimmer_41_704
252
650 114 78 113 0.94876134 
536 111 85 115 0.93998766 
55 350 154 207 0.90197605 
359 300 109 107 0.86442655 
352 522 85 90 0.8004282 
198 426 75 95 0.6525466 
534 269 48 68 0.3327574 
266 357 30 23 0.2952436 
263 292 29 34 0.21533985 
751 149 40 56 0.20765084 
712 104 77 126 0.19135252 
463 253 20 19 0.13560045 
420 189 27 45 0.13055119 
502 151 24 20 0.098617435 
94 -55 348 345 0.09032652 
815 54 10 12 0.0841891 
771 137 18 27 0.07713889 
243 336 38 40 0.07272853 
217 347 26 25 0.0703737 
323 180 161 209 0.06781836 
754 43 52 57 0.06760696 
797 108 41 54 0.06271718 
761 126 38 56 0.06122621 
279 260 22 26 0.05867958 
487 232 46 66 0.0552163 
-10 564 169 283 0.050540943 
723 46 96 125 0.048040707 
727 472 13 9 0.047767635 
23 216 372 349 0.045854006 
413 290 45 62 0.044271745 
593 111 93 107 0.04419605 
356 154 106 100 0.043748874 
254 304 44 50 0.043217357 
472 174 80 112 0.042950027 
695 187 26 39 0.041897587 
458 515 37 63 0.041764624 
-22 -181 193 184 0.041260384 
-5 21 81 85 0.040912762 
481 249 88 99 0.040699802 
109 452 122 133 0.038443252 
224 333 35 42 0.038306296 
522 299 29 34 0.03800391 
809 109 15 15 0.03792054 
292 559 12 19 0.03747726 
563 538 8 9 0.03739295 
612 147 36 51 0.037009254 
618 29 197 195 0.036859587 
239 321 73 75 0.0355044 
513 544 8 8 0.03503959 
0 45 33 29 0.03499288 
133 383 166 167 0.03493308 
793 104 26 27 0.034823008 
777 62 43 65 0.03471597 
677 -77 367 418 0.034368917 
233 309 26 33 0.034181952 
767 -164 257 144 0.03368323 
755 123 77 106 0.033585794 
292 495 159 167 0.033405036 
735 133 7 11 0.03325076 
779 211 21 34 0.032900788 
274 423 17 28 0.032643776 
530 313 32 31 0.032419093 
578 405 9 14 0.031960644 
432 187 45 59 0.03159661 
607 531 9 7 0.03155685 
60 -167 270 146 0.031313162 
733 123 9 14 0.031094424 
643 64 18 26 0.030767344 
785 109 11 16 0.030661302 
624 97 5 7 0.030584857 
22 46 31 29 0.03017161 
17 64 11 12 0.029891087 
817 182 9 17 0.029764099 
385 17 17 27 0.02947713 
424 659 10 11 0.029147457 
770 152 14 21 0.02902947 
721 115 21 34 0.02896928 
36 30 26 28 0.02867444 
534 406 8 13 0.028632754 
456 185 44 60 0.028333673 
779 207 11 17 0.028201262 
-4 509 60 176 0.028193982 
533 258 3 7 0.027718183 
592 23 25 29 0.027584745 
769 95 42 64 0.02741599 
276 295 15 19 0.027369056 
386 480 13 19 0.02724896 
369 488 11 17 0.027214918 
232 550 119 108 0.027178649 
621 13 25 32 0.027150203 
160 370 331 312 0.027148899 
375 510 11 15 0.027064653 
492 583 15 14 0.02706133 
822 128 14 17 0.027013626 
718 160 5 8 0.026783783 
791 142 9 17 0.026526153 
622 102 6 7 0.0263494 
238 294 25 27 0.02630266 
385 109 26 22 0.026273007 
626 537 12 10 0.026210189 
445 485 13 17 0.026070895 
233 414 22 34 0.02602191 
290 649 13 18 0.025912967 
710 161 5 6 0.025790632 
785 142 10 17 0.025661644 
133 527 102 108 0.025627973 
588 130 22 35 0.025586046 
812 182 9 16 0.025461148 
773 174 25 27 0.025416605 
816 178 17 31 0.025415648 
154 390 44 63 0.02538392 
10 67 10 13 0.025379313 
793 114 11 14 0.025299368 
727 132 8 12 0.02520915 
459 254 13 14 0.025205297 
513 557 6 7 0.025117885 
507 281 22 27 0.025107218 
831 0 9 9 0.02510698 
711 154 5 8 0.025092931 
786 264 9 16 0.025048831 
264 431 18 31 0.025037983 
32 59 25 26 0.025036983 
826 -4 20 23 0.025010588 
844 241 9 15 0.024996255 
655 602 14 9 0.024905061 
601 150 7 11 0.024891052 
8 63 25 28 0.024834974 
262 270 28 23 0.024792947 
440 489 19 28 0.024768772 
633 92 11 14 0.024735186 
795 60 23 37 0.024564976 
777 108 14 19 0.024424069 
509 303 27 34 0.024278188 
764 18 84 97 0.024277471 
582 384 6 10 0.024224354 
398 476 25 30 0.02417858 
716 144 8 13 0.024108764 
806 73 20 34 0.024051942 
743 359 5 6 0.023927432 
292 542 11 13 0.023910344 
903 619 28 21 0.023898171 
760 529 15 10 0.023863979 
711 136 19 34 0.023813726 
362 483 11 15 0.02369935 
393 481 13 18 0.02365435 
380 461 13 19 0.023629373 
845 7 6 8 0.023595382 
783 130 20 31 0.023588907 
708 155 4 7 0.023458732 
523 557 7 6 0.023408836 
-20 -277 328 372 0.023328075 
533 262 5 9 0.023283385 
416 481 26 28 0.023279553 
822 75 18 32 0.023272395 
517 595 11 10 0.02319195 
723 194 21 28 0.023102088 
825 0 8 9 0.023065612 
602 161 6 7 0.023004245 
310 194 49 53 0.022972872 
804 170 21 31 0.022971462 
629 95 8 9 0.022840608 
299 571 8 16 0.022747742 
374 469 12 18 0.022735259 
526 289 5 7 0.022733236 
792 59 11 16 0.022633726 
708 100 23 33 0.022616116 
-8 -192 63 155 0.022612793 
532 290 6 8 0.022612102 
439 26 19 24 0.022519547 
251 288 26 26 0.022500167 
797 52 11 16 0.022487609 
712 24 24 32 0.02247404 
569 119 26 37 0.02239051 
176 -193 480 265 0.022364799 
291 660 12 16 0.022356134 
787 120 8 12 0.022287758 
269 424 8 17 0.02226061 
714 97 9 11 0.022222096 
819 0 7 9 0.022185143 
729 138 8 12 0.02215339 
676 23 18 24 0.022059353 
771 383 12 10 0.021903286 
811 -5 20 23 0.021889616 
793 2 7 7 0.021885524 
402 90 22 27 0.021877052 
763 195 69 95 0.02187004 
290 639 15 19 0.021841655 
595 600 11 11 0.02176832 
408 492 22 29 0.021750093 
746 220 10 16 0.021734536 
589 106 26 34 0.021720044 
394 484 86 110 0.021650044 
385 425 90 90 0.021610683 
710 146 6 9 0.021597732 
234 366 23 26 0.021557588 
711 196 20 25 0.021549404 
518 552 7 6 0.021507816 
307 559 20 30 0.021412468 
972 726 94 123 0.021398006 
43 35 11 12 0.02139699 
492 215 27 40 0.021394618 
-49 473 361 456 0.021392524 
701 157 22 28 0.02135018 
246 354 14 21 0.021238044 
380 502 13 16 0.021216841 
965 24 9 16 0.021150768 
522 39 25 29 0.021144181 
29 68 11 12 0.021116307 
192 441 23 28 0.021100812 
624 87 22 24 0.021084411 
405 109 24 22 0.021075463 
8 32 31 26 0.021068392 
386 468 14 20 0.02105389 
862 635 30 25 0.021045107 
563 373 78 100 0.020958409 
692 118 48 71 0.020939963 
255 222 330 297 0.02086515 
592 148 24 32 0.020838292 
283 641 14 21 0.020838214 
251 608 108 95 0.020711226 
278 539 48 62 0.020693813 
823 512 30 20 0.020591818 
628 100 7 9 0.020582654 
829 106 9 14 0.020535039 
508 203 12 17 0.020477006 
651 607 13 9 0.020445487 
594 27 7 7 0.020407917 
504 603 8 8 0.020376895 
540 34 12 13 0.02035355 
805 253 25 36 0.02033467 
375 481 12 18 0.020322401 
436 151 22 26 0.020321768 
786 2 7 7 0.02027421 
609 162 5 7 0.020258838 
619 113 7 11 0.020252196 
822 138 12 14 0.020250622 
788 261 23 33 0.020247852 
311 617 10 16 0.02018228 
828 5 24 33 0.020181809 
813 133 24 34 0.020172257 
551 545 5 7 0.020170607 
824 257 27 35 0.020169288 
257 446 20 30 0.02016894 
717 166 6 8 0.020156858 
514 531 5 6 0.020149877 
517 587 11 9 0.020129437 
447 17 22 25 0.02012843 
801 275 6 9 0.020068381 
210 320 35 46 0.020053161 
369 502 10 16 0.020048944 
340 18 22 31 0.020030208 
798 60 10 15 0.020008817 
