41_Swimming_Swimming_41_243
70
743 236 55 68 0.9995197 
116 734 60 60 0.9991804 
903 248 62 65 0.99750465 
472 762 33 39 0.97830176 
423 756 33 40 0.9762739 
627 874 51 62 0.9738591 
251 643 23 30 0.962515 
508 786 38 50 0.9494434 
82 101 157 117 0.942246 
258 607 19 22 0.5186823 
741 901 57 52 0.4857296 
64 671 21 25 0.45649427 
548 809 36 52 0.40171802 
748 80 29 44 0.39020568 
485 754 29 32 0.24708788 
524 791 45 54 0.19922686 
423 921 62 65 0.18417282 
234 596 19 23 0.15304309 
424 911 30 47 0.1267716 
459 890 57 53 0.11204556 
764 880 56 50 0.07039925 
939 101 23 47 0.0660404 
772 912 43 42 0.06464544 
758 887 31 32 0.062199812 
566 805 28 33 0.053185523 
243 641 17 18 0.0497829 
75 677 20 23 0.0491473 
525 781 30 37 0.039185762 
279 636 16 18 0.039151754 
233 600 42 46 0.039055504 
654 878 53 64 0.038491193 
230 626 41 50 0.033085402 
677 868 31 33 0.032213673 
18 567 13 16 0.031574678 
197 576 14 19 0.031375967 
442 757 29 32 0.030241452 
714 385 32 43 0.030118257 
768 876 34 29 0.02972671 
57 666 16 20 0.028638434 
733 905 31 40 0.028473655 
230 654 27 29 0.028061755 
818 937 25 34 0.028033711 
747 893 92 99 0.027337587 
617 875 33 43 0.026876252 
550 791 29 35 0.026418228 
455 949 37 39 0.025355496 
537 612 14 18 0.025199072 
571 822 33 30 0.024619868 
756 885 19 19 0.024336517 
431 742 29 31 0.023693794 
222 636 30 31 0.02366499 
650 871 38 39 0.02356414 
95 679 11 14 0.023221144 
55 669 39 46 0.023093008 
458 753 27 35 0.022867251 
18 765 40 38 0.022768779 
85 676 13 18 0.022756271 
409 956 102 112 0.021771552 
512 772 27 37 0.021751696 
573 793 32 31 0.021725262 
535 774 20 26 0.02163282 
553 577 29 35 0.021414315 
300 650 14 15 0.021287842 
110 661 11 11 0.020974388 
622 518 10 11 0.02057509 
304 579 18 16 0.02046572 
655 911 58 67 0.02032875 
583 495 11 14 0.020319609 
230 671 18 16 0.020122657 
411 750 24 35 0.020022484 
