41_Swimming_Swimmer_41_883
97
567 270 85 127 0.99924207 
865 45 18 12 0.089607365 
656 76 35 19 0.08278818 
653 67 13 14 0.07778033 
715 76 32 18 0.06871622 
-44 -165 203 166 0.06613573 
673 78 77 35 0.06487896 
598 255 124 84 0.049310997 
909 84 50 32 0.0470464 
635 79 34 22 0.046265114 
686 86 33 18 0.04029796 
738 86 35 19 0.039004784 
723 487 143 78 0.03790606 
675 71 155 76 0.03747834 
607 68 11 14 0.035400998 
667 255 193 159 0.035109468 
808 82 37 20 0.032907967 
88 663 30 25 0.032798637 
713 82 79 33 0.030886183 
957 536 12 10 0.030813022 
1 681 199 249 0.030518105 
815 50 12 9 0.030073345 
783 63 31 22 0.02942855 
730 67 29 19 0.029048795 
659 61 28 19 0.027995298 
399 74 28 23 0.02752736 
251 382 140 85 0.026983919 
676 80 20 13 0.026931692 
640 80 65 34 0.026776327 
308 578 519 348 0.026316117 
969 531 24 22 0.026292754 
699 72 35 19 0.025838196 
294 85 30 22 0.025705269 
694 274 14 18 0.025447331 
684 260 28 33 0.025311776 
36 608 425 516 0.025249884 
705 288 20 30 0.025183031 
794 87 63 36 0.024841705 
882 63 27 28 0.024807366 
708 54 26 18 0.024612334 
662 262 66 53 0.024396395 
841 -151 279 142 0.024286794 
970 536 12 10 0.02418299 
925 44 9 9 0.024169862 
-7 123 48 73 0.023908753 
604 72 21 26 0.023766335 
893 44 12 11 0.023749089 
689 289 12 13 0.023629935 
698 60 26 17 0.023575772 
701 281 13 18 0.02346163 
481 311 37 51 0.023264434 
996 58 27 26 0.023235213 
622 79 16 14 0.023199093 
893 664 13 9 0.022965692 
666 54 26 17 0.022960633 
990 677 12 10 0.022889003 
246 538 27 19 0.02270528 
349 495 12 15 0.022674384 
954 46 9 8 0.022657124 
887 43 11 10 0.022514952 
812 420 27 18 0.022443058 
870 63 23 26 0.022271996 
845 97 7 5 0.022246033 
358 485 8 10 0.022086054 
803 59 27 16 0.021999115 
698 648 503 309 0.021978483 
779 52 26 18 0.02184301 
690 412 25 29 0.021821326 
205 82 29 25 0.021773359 
894 644 12 10 0.02167305 
676 298 11 13 0.021628393 
746 66 28 17 0.021613508 
950 59 27 23 0.021488324 
957 75 13 10 0.021469764 
714 62 30 19 0.02136801 
837 96 8 6 0.021340124 
881 50 22 23 0.02131792 
987 317 15 11 0.021298427 
723 52 26 18 0.021227345 
681 277 15 16 0.021121608 
691 94 35 22 0.021085875 
977 543 27 24 0.021059003 
958 615 24 21 0.02089272 
-5 -144 57 145 0.02086031 
750 76 36 20 0.020857139 
794 69 34 20 0.020846458 
843 90 8 6 0.020806147 
500 -280 404 389 0.020802965 
769 71 35 23 0.02060207 
919 45 12 11 0.020523544 
264 437 124 78 0.020356175 
852 109 6 5 0.020302905 
671 66 27 20 0.02030141 
86 649 26 21 0.02013937 
894 84 32 26 0.02009993 
40 704 14 15 0.020021992 
660 73 20 14 0.020000514 
