41_Swimming_Swimmer_41_380
1310
585 175 12 15 0.96955633 
465 225 18 20 0.8942316 
566 106 10 13 0.8234021 
605 109 9 13 0.8156204 
623 143 10 14 0.6702065 
602 259 12 15 0.54532635 
598 441 11 9 0.39578623 
907 152 12 10 0.35633212 
720 558 11 14 0.3304537 
587 136 8 13 0.27179313 
571 206 12 15 0.2693208 
440 275 17 19 0.2483094 
834 183 30 30 0.2417518 
326 517 8 10 0.24170429 
900 227 10 11 0.2333896 
489 262 15 15 0.22486979 
488 295 20 24 0.19839889 
580 447 8 8 0.18008974 
268 31 378 347 0.17908493 
459 263 14 16 0.17643398 
669 285 14 15 0.16460408 
516 137 9 11 0.16287988 
510 133 11 12 0.15941513 
568 126 11 12 0.15583225 
419 471 12 18 0.14005917 
482 558 13 14 0.13194978 
529 298 13 13 0.12971084 
606 126 8 11 0.1268658 
489 180 5 8 0.12648469 
559 126 10 13 0.12403083 
398 274 20 23 0.12270404 
766 406 220 145 0.12123459 
458 298 24 25 0.12090792 
505 271 14 16 0.11900217 
486 549 8 9 0.11391208 
486 202 6 13 0.11368236 
573 127 11 13 0.11146753 
815 444 55 54 0.11094913 
399 288 19 24 0.10969991 
506 197 9 18 0.108410396 
664 170 7 10 0.10722627 
780 413 107 79 0.10498003 
703 410 55 43 0.104447275 
812 304 51 62 0.098336674 
652 172 9 13 0.09730404 
592 200 13 15 0.09689805 
505 151 8 9 0.09600146 
569 319 6 7 0.094206326 
495 548 7 9 0.09332779 
614 452 15 10 0.0923385 
572 460 11 10 0.09180316 
822 472 125 96 0.09015243 
867 207 14 13 0.089287095 
566 265 9 15 0.0842347 
571 235 7 12 0.08378732 
511 538 6 9 0.08363825 
528 363 46 43 0.08346506 
811 478 32 24 0.08204869 
499 160 5 6 0.08171507 
506 145 9 10 0.0787627 
612 219 13 13 0.07786776 
897 217 19 23 0.07749853 
600 469 12 12 0.07692558 
563 246 9 15 0.07650972 
758 87 17 32 0.07473037 
567 238 10 14 0.07325521 
402 360 43 45 0.07309483 
591 244 11 13 0.07202229 
866 508 30 30 0.071352966 
785 374 65 41 0.07091865 
478 543 21 23 0.07038327 
560 217 9 15 0.06983911 
589 439 22 17 0.06955236 
965 313 62 41 0.06854591 
506 139 10 11 0.067882635 
766 87 8 18 0.067679115 
550 137 8 10 0.067501776 
863 192 21 25 0.06630136 
530 319 50 45 0.066151306 
802 486 27 21 0.06575475 
601 457 10 9 0.06538558 
660 170 7 13 0.06369654 
733 371 64 46 0.06355097 
-2 -226 495 235 0.06353026 
381 299 43 55 0.062966555 
855 196 39 38 0.061872955 
712 11 5 7 0.06104629 
401 350 23 27 0.060800232 
841 490 61 56 0.06021994 
933 221 23 28 0.060199123 
579 461 10 7 0.059103116 
386 380 7 13 0.059024826 
806 156 24 26 0.058820825 
419 308 10 15 0.058472767 
618 439 9 7 0.058181405 
871 409 5 4 0.05808981 
815 172 12 14 0.05802717 
706 541 38 41 0.05742656 
613 441 10 7 0.057318453 
570 480 49 37 0.05725569 
615 247 7 9 0.056789324 
734 409 34 29 0.056782734 
796 168 31 42 0.05674181 
602 128 7 12 0.05639351 
517 508 7 10 0.056122188 
387 500 21 27 0.055871725 
649 271 11 16 0.055602916 
475 300 23 26 0.05537926 
480 532 6 6 0.0550072 
667 272 12 14 0.054994706 
853 401 35 25 0.054918326 
698 389 117 82 0.054725315 
480 564 12 13 0.054675084 
870 428 35 37 0.054565553 
902 449 115 87 0.054273598 
494 333 34 40 0.05426528 
585 236 36 46 0.05423091 
504 537 6 9 0.05410809 
876 536 25 22 0.054009657 
-21 -220 199 177 0.053504154 
931 227 12 15 0.05336451 
605 455 11 9 0.053337224 
564 318 8 8 0.053011335 
573 453 11 8 0.052325644 
852 190 21 28 0.052233383 
566 256 12 17 0.051888563 
587 459 9 9 0.051612712 
737 536 51 49 0.05139171 
870 212 15 15 0.05101162 
872 407 3 3 0.050996583 
791 428 27 23 0.0507408 
928 424 26 31 0.05001929 
824 469 29 27 0.049946405 
521 318 11 13 0.04992549 
747 159 22 28 0.049861208 
462 381 106 88 0.049673893 
585 445 13 11 0.04956159 
494 545 6 7 0.049444113 
506 189 7 15 0.049345054 
565 236 6 10 0.049339157 
651 300 14 12 0.048694834 
453 475 91 92 0.048649464 
876 204 41 37 0.048507687 
470 510 28 24 0.048150692 
397 279 9 12 0.04805152 
499 493 23 30 0.048034396 
493 265 21 19 0.047998223 
380 316 77 85 0.04793786 
495 397 34 28 0.04763592 
751 404 28 28 0.04740423 
750 102 20 34 0.047398373 
599 248 9 10 0.047392193 
571 270 9 13 0.047086224 
669 487 25 31 0.04686794 
862 390 55 50 0.0466335 
566 483 25 23 0.046397075 
408 294 20 24 0.04639605 
485 545 8 7 0.046341304 
854 522 30 30 0.04590352 
396 295 10 14 0.045577347 
486 538 7 7 0.045339182 
811 196 11 13 0.045311287 
497 566 9 10 0.04514119 
872 201 12 13 0.04505823 
831 198 10 10 0.04464852 
766 103 9 17 0.044594593 
806 431 30 26 0.04433583 
468 540 38 41 0.04427427 
568 228 8 13 0.044153184 
551 312 49 40 0.044151325 
883 541 10 9 0.044069115 
882 195 25 25 0.04406123 
879 207 10 13 0.04398082 
419 304 19 26 0.04377306 
976 252 13 13 0.043596346 
599 241 8 11 0.043579508 
879 407 4 3 0.04346547 
581 444 7 7 0.04340243 
547 315 13 14 0.04338188 
878 411 4 4 0.04322352 
597 489 26 26 0.043191243 
861 205 13 13 0.043149017 
907 218 43 38 0.042955752 
722 549 10 17 0.042891223 
538 222 6 9 0.042876642 
817 201 10 9 0.04281047 
867 406 4 3 0.042727076 
613 447 12 8 0.04266167 
808 188 11 13 0.042407874 
576 466 26 21 0.042407256 
861 199 88 77 0.042404417 
521 140 7 8 0.04237555 
756 93 6 12 0.042362396 
570 448 5 5 0.04232661 
567 221 8 12 0.042321634 
1002 328 26 27 0.0421428 
420 353 25 32 0.042096492 
611 107 8 12 0.04207289 
912 227 11 12 0.04196263 
669 169 9 12 0.041863814 
502 359 101 78 0.0418555 
544 313 26 26 0.0418454 
897 149 7 6 0.041796032 
720 382 392 274 0.04176301 
573 471 13 12 0.04170855 
537 327 24 25 0.04156604 
370 -223 515 239 0.04153677 
840 162 16 13 0.0412622 
546 136 5 6 0.0411677 
417 262 6 7 0.041154414 
890 425 5 5 0.04100822 
613 436 10 7 0.04098716 
406 313 21 31 0.040901 
817 192 8 8 0.040883694 
884 416 5 5 0.04085797 
964 330 33 30 0.040825453 
797 417 30 25 0.0408231 
611 131 11 15 0.040769804 
547 139 6 7 0.040671907 
480 536 8 7 0.04061224 
921 467 39 29 0.04045156 
499 536 8 10 0.04040974 
739 346 23 24 0.04020999 
779 435 25 23 0.0401414 
487 531 6 6 0.04012918 
483 410 32 28 0.04008015 
573 320 8 7 0.04001965 
904 230 12 13 0.03999372 
577 484 12 10 0.039970353 
806 493 10 8 0.039814096 
766 221 27 28 0.039651405 
751 360 111 85 0.03955644 
953 302 24 21 0.039548986 
828 488 26 23 0.039491743 
576 465 12 9 0.039483245 
654 164 7 12 0.03940691 
897 152 8 7 0.03928915 
506 540 7 10 0.03913353 
977 307 25 22 0.039066743 
839 525 28 26 0.038985886 
546 503 6 9 0.038791932 
606 102 9 13 0.03868206 
617 495 11 11 0.03851621 
607 242 8 9 0.03848549 
456 531 6 5 0.03846413 
569 316 6 6 0.0384394 
719 378 29 23 0.038422313 
824 202 11 10 0.0384217 
980 339 17 18 0.038313646 
614 338 8 7 0.038281098 
713 388 32 25 0.03828067 
972 293 23 21 0.038239274 
553 454 4 6 0.038208716 
618 138 11 15 0.03820766 
559 373 34 30 0.038147863 
739 430 13 12 0.03809512 
410 274 14 18 0.03806822 
700 273 27 23 0.037923068 
882 422 32 27 0.037900545 
478 524 23 22 0.037767842 
467 530 26 22 0.037698828 
592 436 12 9 0.037680395 
767 50 6 10 0.037675414 
505 517 6 8 0.037553154 
879 528 12 11 0.037545916 
568 459 22 17 0.037519336 
481 549 8 9 0.03746773 
741 352 12 14 0.037305217 
443 370 21 31 0.037249878 
484 502 24 26 0.037240773 
711 197 42 47 0.037209958 
539 313 16 16 0.037177864 
447 267 24 26 0.03716739 
656 273 10 14 0.037124544 
832 314 27 35 0.037082877 
783 329 85 73 0.037025735 
901 426 8 8 0.037014376 
548 306 8 9 0.036956456 
867 163 13 10 0.036917545 
801 437 7 6 0.036882024 
827 196 23 20 0.036875036 
564 242 18 25 0.036865022 
817 159 12 15 0.03681872 
837 208 53 52 0.036691926 
861 493 32 26 0.03658465 
892 275 11 10 0.036541127 
570 456 7 6 0.036415868 
138 160 416 400 0.036356814 
393 296 23 32 0.036353823 
884 424 6 5 0.03629583 
593 478 24 22 0.03617875 
845 536 28 28 0.036114857 
797 471 31 25 0.036112428 
740 115 22 32 0.03610219 
753 548 22 30 0.036041673 
865 429 103 83 0.03594816 
605 234 8 10 0.035858665 
581 445 22 20 0.035841532 
880 196 10 13 0.035814196 
426 332 19 27 0.03577952 
863 178 22 24 0.035741344 
392 314 20 32 0.035714492 
528 314 29 28 0.03567801 
866 411 5 4 0.035607923 
912 156 9 9 0.035550248 
893 435 33 32 0.035534706 
377 561 10 11 0.035491046 
595 137 7 12 0.035397377 
597 152 7 11 0.035392642 
413 441 12 15 0.035312556 
873 177 11 12 0.035311837 
837 465 31 26 0.035281703 
482 387 29 28 0.035279796 
957 296 62 38 0.03516277 
523 401 10 10 0.034982804 
750 420 30 27 0.03494252 
606 248 10 10 0.03492208 
860 518 59 51 0.034917183 
695 514 78 78 0.03488442 
589 401 26 25 0.034875352 
597 483 12 13 0.034856994 
456 528 5 4 0.034790915 
93 456 119 106 0.034785967 
916 165 9 7 0.034781422 
884 413 4 3 0.034757543 
424 312 20 30 0.034644015 
430 371 22 31 0.034627546 
557 455 4 5 0.0346102 
567 231 35 46 0.03460927 
810 181 11 13 0.034590278 
887 530 9 9 0.034502886 
891 412 4 4 0.03442734 
825 198 8 8 0.034365553 
686 244 53 49 0.034359425 
749 100 6 10 0.03435647 
734 350 59 41 0.034342557 
395 344 8 12 0.0342309 
593 466 11 10 0.03422609 
568 447 23 18 0.034176365 
620 125 9 11 0.034161244 
956 314 29 26 0.034158755 
426 457 10 15 0.034148626 
497 418 33 29 0.034086857 
617 254 38 46 0.034040574 
765 51 4 7 0.03401346 
571 444 4 5 0.033962887 
597 389 27 24 0.03392438 
884 406 5 4 0.033776958 
586 473 10 8 0.033765096 
892 418 4 4 0.03364069 
388 479 11 20 0.033629302 
604 503 24 27 0.033544187 
856 542 10 12 0.033503845 
480 554 10 12 0.033481184 
790 182 11 13 0.03345706 
624 130 10 14 0.033453558 
934 274 8 10 0.033452015 
624 447 9 7 0.033434 
481 545 8 7 0.033407573 
412 342 23 28 0.033323225 
560 135 11 15 0.033280186 
547 300 8 8 0.033213545 
658 292 21 19 0.033186067 
496 277 12 14 0.033094622 
554 321 12 13 0.03309173 
577 477 11 10 0.03307891 
769 54 6 11 0.03305797 
870 412 29 25 0.032988243 
487 532 21 22 0.0329556 
685 304 12 13 0.03295153 
938 299 12 13 0.032931205 
449 526 7 5 0.032890987 
653 255 6 9 0.032859012 
866 417 6 5 0.032841083 
541 297 10 10 0.032805458 
563 265 19 26 0.032779258 
563 456 54 43 0.0327349 
658 164 7 11 0.032689095 
604 401 26 24 0.032672122 
398 353 9 14 0.032610677 
559 318 24 21 0.03258 
536 447 86 88 0.032569434 
589 442 11 9 0.03251352 
579 326 26 24 0.03243492 
920 166 8 9 0.032406416 
419 284 9 15 0.032326475 
484 478 29 30 0.03231208 
606 436 24 18 0.032214914 
591 237 21 23 0.03220461 
875 448 35 33 0.03219437 
599 267 13 14 0.03210834 
560 145 9 12 0.03210219 
763 99 20 34 0.03209248 
751 95 5 8 0.032082736 
590 251 21 22 0.03191374 
582 329 11 11 0.031808905 
596 132 7 10 0.031793047 
637 245 37 46 0.031768203 
828 427 9 12 0.0317146 
895 428 8 6 0.03164197 
433 353 47 50 0.03163797 
762 69 5 10 0.03159366 
651 225 17 27 0.031580005 
513 532 5 6 0.031579167 
681 403 50 43 0.03151405 
497 200 16 28 0.031506617 
656 245 9 14 0.031444762 
536 310 12 12 0.031432867 
905 162 12 10 0.031400118 
506 532 4 6 0.031376053 
886 175 26 23 0.031360712 
815 219 47 45 0.031345554 
769 204 25 26 0.03133381 
578 443 7 6 0.031323157 
491 566 11 12 0.031305667 
947 307 103 86 0.031264063 
852 -232 276 178 0.031238563 
609 259 11 14 0.031159492 
762 81 6 14 0.03107332 
771 188 10 11 0.031065898 
731 428 35 33 0.030998891 
481 562 22 24 0.030963894 
922 413 23 29 0.03095859 
561 306 9 10 0.030909484 
746 431 12 11 0.030870859 
764 55 5 9 0.030823333 
898 418 5 4 0.030785492 
706 109 4 7 0.030720465 
572 192 13 15 0.030613301 
494 538 6 7 0.030565515 
632 261 6 9 0.030558739 
537 226 8 12 0.03052334 
759 77 3 6 0.030513681 
957 278 12 13 0.030462027 
761 66 17 37 0.030433591 
456 525 26 20 0.030346384 
501 223 10 16 0.030336505 
514 494 4 6 0.03027758 
728 540 8 14 0.030257666 
617 130 10 13 0.030212715 
704 398 34 27 0.03019333 
728 73 65 93 0.030176975 
501 346 13 16 0.030155163 
394 302 10 14 0.030129444 
417 455 14 18 0.030119158 
724 562 12 17 0.030101053 
520 393 13 14 0.030088916 
872 184 22 27 0.030047096 
893 538 9 8 0.030042313 
508 505 5 8 0.030026227 
414 267 8 11 0.030009387 
515 348 32 34 0.029985642 
551 300 23 24 0.02998548 
582 435 6 6 0.029981023 
892 265 12 12 0.02996717 
835 172 23 24 0.029939296 
818 385 56 46 0.029931016 
861 542 11 12 0.029865453 
657 255 7 10 0.029803662 
555 307 9 11 0.029788 
709 395 9 8 0.029729126 
623 421 24 23 0.029723903 
973 325 18 17 0.029722635 
668 322 228 159 0.029707089 
903 466 36 28 0.02970198 
412 449 14 18 0.029682787 
574 324 9 8 0.029679943 
832 423 29 27 0.029654687 
750 231 23 28 0.029606562 
614 409 8 7 0.029593457 
751 242 11 13 0.029590704 
541 305 11 11 0.029544996 
845 168 14 12 0.029505873 
501 514 5 6 0.029429859 
813 197 21 19 0.029370083 
561 314 9 8 0.02936341 
517 314 22 25 0.029341226 
875 420 8 8 0.029327111 
498 543 7 8 0.029297594 
415 327 86 96 0.029291548 
953 280 9 10 0.029287098 
884 427 7 6 0.029257942 
509 324 40 41 0.029245289 
919 228 12 12 0.029240113 
914 240 11 12 0.029207421 
945 189 10 11 0.029203791 
629 539 24 26 0.029190155 
835 497 29 31 0.029153133 
523 291 42 39 0.029110705 
420 290 20 25 0.02908696 
641 521 26 24 0.02906125 
602 473 15 16 0.02905545 
580 498 29 23 0.029048648 
523 134 5 7 0.029016934 
585 485 14 11 0.028982278 
873 400 4 3 0.028963896 
658 223 9 12 0.028955905 
898 425 5 5 0.028953414 
507 499 6 7 0.028945636 
603 449 21 18 0.028929032 
909 432 25 27 0.028920421 
829 495 13 11 0.028881753 
832 164 7 10 0.02885545 
748 106 7 12 0.02884209 
771 237 28 28 0.028833283 
773 88 6 12 0.028817024 
552 328 12 14 0.028797401 
604 446 10 8 0.02873026 
899 155 13 11 0.028678054 
812 497 25 20 0.028669987 
496 552 8 10 0.028643196 
711 389 9 8 0.028619299 
921 274 25 23 0.028586833 
874 247 12 13 0.028547999 
690 391 26 27 0.028538479 
874 224 12 15 0.028531423 
822 504 10 9 0.028492235 
767 235 8 9 0.028451936 
559 115 5 7 0.028421402 
399 376 20 27 0.028407374 
794 442 8 6 0.028406128 
992 305 30 27 0.028397657 
552 129 6 7 0.028352303 
722 183 24 33 0.028323455 
615 334 8 7 0.02828353 
714 430 33 31 0.02827515 
574 314 9 9 0.028242514 
534 322 14 15 0.028222179 
557 460 5 8 0.02819219 
498 164 6 9 0.028144954 
882 471 31 25 0.028141528 
528 308 13 13 0.028098896 
568 306 8 9 0.028093543 
759 72 3 5 0.028055789 
586 277 9 11 0.02803911 
922 453 33 25 0.028037952 
916 392 26 27 0.028035937 
935 302 29 26 0.028034467 
714 561 14 18 0.028015468 
929 415 7 9 0.027979948 
878 275 27 24 0.027979612 
562 466 7 8 0.02793781 
731 547 23 32 0.027936393 
653 216 7 9 0.02792322 
432 455 11 15 0.027904002 
924 236 27 32 0.027855378 
800 496 23 22 0.027854064 
596 335 12 11 0.027853446 
478 256 12 14 0.027827172 
908 404 28 28 0.027825745 
654 223 7 9 0.0277945 
514 399 27 32 0.02778873 
885 249 25 30 0.027751138 
800 146 22 27 0.027741393 
566 322 11 11 0.027733814 
604 497 11 13 0.027718324 
463 409 29 27 0.027713193 
566 116 11 13 0.02764313 
748 113 7 13 0.027616164 
647 254 18 27 0.027615502 
613 242 18 23 0.027606435 
853 536 11 11 0.027600953 
582 387 28 26 0.027590688 
592 453 12 10 0.027572962 
906 238 11 14 0.027563976 
493 530 6 7 0.02756292 
537 387 30 24 0.027543027 
426 292 11 14 0.02752602 
857 465 27 26 0.027525755 
795 442 33 26 0.027514547 
421 335 9 14 0.027507493 
905 308 20 34 0.027486097 
494 351 21 32 0.027481273 
899 233 13 18 0.027365373 
793 447 9 8 0.027352959 
549 509 9 11 0.02735273 
524 511 8 9 0.027350498 
795 437 7 6 0.02732308 
426 360 13 17 0.027319133 
597 128 6 9 0.027316347 
914 234 11 12 0.027305085 
743 540 21 31 0.027286671 
859 421 32 27 0.027265433 
538 141 6 6 0.027253639 
654 470 92 86 0.027237108 
1013 337 11 13 0.027204633 
758 116 22 33 0.027192155 
392 482 19 31 0.027183693 
635 553 25 24 0.027173039 
501 155 6 6 0.027162995 
448 532 6 5 0.027160065 
539 506 5 6 0.027072858 
609 416 25 22 0.027064016 
778 196 36 41 0.02705776 
681 493 28 28 0.027030185 
582 235 8 10 0.027011577 
402 257 21 21 0.02701097 
880 245 13 15 0.027000166 
734 565 9 13 0.026993914 
601 410 7 7 0.026982399 
830 503 10 12 0.02693254 
623 214 12 11 0.026841665 
863 480 30 25 0.026833782 
461 506 6 6 0.026830383 
727 533 20 29 0.026805818 
487 526 8 7 0.026792323 
566 461 5 5 0.026789894 
432 301 12 16 0.026787749 
618 407 25 24 0.02678711 
860 539 29 33 0.026780242 
567 449 4 5 0.026776154 
744 120 7 11 0.026725166 
944 302 13 14 0.026699109 
592 375 28 25 0.026678236 
266 273 191 186 0.026642706 
759 400 10 11 0.026639733 
747 86 18 28 0.02659302 
840 486 33 28 0.026592871 
592 479 12 10 0.026579991 
394 335 22 32 0.026575735 
489 552 11 13 0.026564058 
997 320 9 8 0.026544522 
468 462 28 26 0.02652295 
392 348 8 11 0.026475457 
570 385 101 80 0.026462816 
769 44 6 9 0.026460744 
614 403 8 6 0.026439877 
500 532 6 7 0.026426602 
772 177 20 23 0.02642314 
556 286 44 45 0.026405022 
971 305 10 9 0.026403537 
841 326 25 38 0.02637484 
692 75 6 8 0.026371358 
488 189 6 10 0.026322292 
990 319 29 25 0.026308604 
529 515 9 9 0.026308103 
794 136 20 24 0.026306212 
984 316 12 10 0.026302828 
558 465 7 9 0.026302602 
768 242 7 10 0.02626418 
573 329 12 12 0.026256979 
603 490 13 12 0.026249304 
624 442 8 7 0.026249157 
568 428 24 26 0.026249114 
627 207 11 12 0.026244527 
914 428 7 8 0.026235864 
752 417 14 16 0.026222479 
460 532 6 5 0.026219394 
894 237 25 33 0.026217122 
548 129 16 21 0.02619461 
889 166 26 20 0.02619098 
925 267 11 12 0.026172189 
964 355 53 49 0.026156923 
653 238 17 28 0.026141947 
983 248 12 15 0.026140234 
621 359 7 5 0.02611865 
912 220 11 13 0.026106777 
440 386 8 12 0.026091922 
704 383 7 8 0.026060702 
498 208 8 14 0.026053533 
420 320 10 17 0.026050411 
646 534 27 25 0.026039548 
821 425 22 25 0.026017373 
892 144 20 19 0.02601733 
641 303 18 14 0.026004804 
819 184 23 27 0.025996627 
536 232 9 13 0.025992088 
498 140 18 21 0.025990138 
631 267 7 9 0.025981288 
746 115 5 9 0.025937134 
500 298 36 43 0.02589403 
593 263 13 15 0.025886808 
499 182 16 29 0.025882341 
933 421 8 13 0.025881577 
919 160 8 8 0.025877107 
752 90 3 7 0.025847344 
905 447 30 29 0.025833573 
636 504 22 24 0.025829017 
464 269 22 24 0.02581087 
626 416 8 7 0.025794616 
894 230 12 14 0.025743643 
657 214 10 12 0.025699018 
700 184 24 27 0.025695572 
617 484 12 10 0.025691494 
517 535 8 13 0.02568082 
544 508 8 11 0.02567978 
447 358 24 27 0.025674393 
531 375 11 13 0.025662037 
519 500 5 7 0.025643816 
664 228 21 31 0.025618697 
932 266 11 12 0.025615249 
763 236 7 9 0.025604883 
796 219 21 28 0.025601214 
826 193 7 8 0.025595771 
570 437 7 6 0.025536293 
494 546 21 24 0.025516136 
622 364 6 6 0.025499789 
564 227 7 10 0.025490528 
619 243 8 9 0.025469564 
806 393 36 27 0.025466304 
739 100 20 31 0.025451232 
734 534 10 15 0.025425786 
949 252 26 26 0.025406746 
56 416 480 422 0.025391161 
756 83 5 8 0.025388278 
546 355 33 33 0.025337156 
749 542 7 11 0.025335062 
513 234 7 12 0.025327098 
986 345 17 19 0.025314622 
518 528 7 11 0.025311353 
455 538 6 6 0.0252961 
618 253 9 10 0.025291514 
513 486 5 7 0.025283452 
789 447 7 7 0.025274348 
655 227 7 11 0.025272507 
608 409 7 7 0.025270505 
698 252 25 29 0.025263106 
501 509 18 22 0.02525085 
452 381 22 31 0.02523302 
671 496 48 48 0.025231436 
774 6 22 18 0.02519835 
800 440 10 8 0.02519217 
905 175 25 25 0.02516751 
-77 215 393 476 0.02516738 
751 398 12 12 0.025164545 
772 26 7 8 0.025145944 
884 365 53 44 0.025138864 
722 391 16 12 0.025133202 
461 499 7 7 0.0251304 
620 348 6 5 0.025088472 
566 432 50 38 0.025087211 
448 520 7 6 0.025086438 
789 443 6 6 0.02505776 
705 392 6 6 0.025025696 
825 156 20 25 0.025021112 
497 161 4 5 0.025019713 
746 403 13 13 0.025007082 
974 317 15 12 0.024995223 
581 244 11 15 0.024993116 
616 346 7 6 0.024987238 
332 521 7 11 0.02498641 
772 416 12 14 0.0249821 
608 396 8 6 0.024972767 
732 555 12 17 0.024967078 
899 534 12 12 0.024914756 
540 136 5 6 0.024907397 
711 19 5 8 0.024894862 
738 126 6 12 0.024892194 
591 330 14 12 0.02486802 
587 326 10 9 0.024836266 
654 199 16 17 0.02483624 
933 407 8 11 0.024822515 
909 436 6 5 0.024820555 
622 352 6 5 0.024811247 
821 168 11 15 0.024808172 
772 95 9 18 0.024799915 
406 353 11 14 0.024787283 
766 542 26 27 0.024773099 
566 444 4 5 0.024765084 
776 390 7 5 0.02476256 
829 445 11 13 0.02474722 
867 223 13 16 0.02474417 
609 252 20 27 0.024741312 
519 130 6 7 0.02471525 
613 251 9 13 0.024699498 
777 386 7 5 0.024689274 
523 385 28 27 0.02468227 
940 235 27 28 0.024675595 
705 224 5 6 0.024672756 
621 246 19 25 0.02466989 
849 326 8 14 0.024635741 
455 521 6 4 0.024610065 
631 332 25 23 0.024609592 
708 253 10 14 0.024587262 
697 228 8 11 0.024567792 
732 168 33 44 0.024549076 
564 329 26 30 0.024541494 
952 272 10 12 0.02454134 
401 382 10 13 0.02453557 
451 361 12 14 0.02452294 
585 419 57 42 0.024505043 
746 413 11 12 0.024496865 
632 447 8 8 0.024496315 
734 122 16 28 0.024481647 
718 246 23 29 0.024470512 
555 511 9 11 0.02446545 
813 513 6 5 0.02443641 
820 437 29 33 0.02442462 
901 193 23 27 0.024413152 
633 422 8 7 0.02441288 
848 207 27 31 0.024408195 
893 182 13 12 0.024398506 
600 185 9 13 0.024393218 
490 478 11 10 0.024351005 
479 262 37 38 0.024347978 
662 226 10 15 0.024341576 
483 232 8 13 0.024331268 
573 237 9 14 0.024322066 
804 173 13 17 0.02430218 
604 510 12 16 0.024300009 
506 487 6 8 0.024294559 
608 403 7 7 0.024280312 
740 546 9 15 0.024251128 
895 262 26 25 0.024249278 
519 491 6 9 0.024214888 
803 363 36 32 0.024214467 
748 536 7 10 0.024212489 
675 228 10 13 0.024208501 
863 244 29 27 0.024201585 
584 479 13 10 0.02420118 
491 525 7 8 0.024186274 
950 300 9 10 0.024182564 
884 323 41 48 0.024131415 
528 395 13 13 0.024130227 
501 524 6 6 0.024125012 
653 305 15 15 0.024112806 
741 128 35 51 0.024108764 
767 117 8 14 0.024098951 
667 383 29 25 0.024096569 
835 490 12 12 0.024095623 
761 241 7 10 0.024055982 
795 253 23 27 0.024044309 
740 68 35 54 0.024031367 
820 510 7 7 0.024029717 
580 320 9 8 0.024013396 
776 218 8 7 0.02399858 
556 408 27 27 0.023992589 
906 427 8 8 0.023983646 
850 239 29 26 0.023925671 
822 444 13 14 0.02391915 
664 182 8 12 0.023888966 
536 408 21 30 0.02385967 
775 173 13 16 0.023859432 
472 424 51 42 0.023858448 
961 327 17 17 0.023835953 
662 243 11 17 0.023831856 
734 438 11 12 0.02382966 
745 107 6 9 0.023822322 
555 314 12 12 0.023814945 
570 306 25 25 0.023804005 
552 458 6 9 0.023774508 
547 293 10 11 0.023770578 
653 247 7 11 0.023769371 
559 509 12 13 0.023769254 
545 147 6 6 0.023739887 
619 120 8 10 0.02372067 
612 509 11 13 0.023709137 
401 483 8 14 0.023704287 
598 423 26 21 0.023701034 
403 499 20 32 0.023698242 
519 479 6 8 0.023687929 
471 392 10 12 0.023666544 
622 520 11 13 0.023647422 
774 222 9 8 0.023645952 
513 504 7 9 0.02362876 
705 219 48 54 0.023604428 
596 145 7 10 0.023590248 
568 486 14 12 0.023569262 
573 400 29 27 0.023556372 
574 264 19 24 0.023548936 
924 401 51 47 0.023527302 
605 121 18 20 0.023524383 
602 396 8 7 0.023520352 
505 475 21 30 0.023517083 
496 372 25 27 0.023509335 
428 488 9 15 0.023506211 
773 49 7 13 0.023497546 
867 258 12 12 0.02349481 
443 279 23 27 0.023491781 
716 562 25 32 0.023470746 
606 141 10 15 0.02344487 
130 485 55 50 0.023436729 
907 159 24 19 0.02342733 
638 228 80 85 0.023410732 
510 225 17 27 0.023407722 
384 356 84 91 0.023390941 
507 361 26 30 0.023388062 
928 405 9 12 0.023384206 
676 217 11 14 0.023383094 
860 558 13 15 0.02336168 
895 221 13 13 0.023354936 
407 308 11 15 0.023304638 
953 234 28 23 0.023302028 
914 437 5 6 0.023300909 
407 489 9 13 0.023292754 
536 512 7 8 0.023290247 
804 435 10 8 0.023288194 
706 115 4 6 0.02328762 
823 208 26 29 0.02327464 
512 228 7 11 0.023263726 
629 367 4 4 0.02325944 
735 129 9 16 0.023244781 
753 408 12 12 0.023240518 
620 416 7 7 0.023237715 
843 166 87 77 0.023226883 
574 305 10 11 0.023223167 
612 491 22 23 0.023221053 
789 488 25 21 0.023219295 
841 185 13 13 0.023215842 
591 209 14 17 0.023194168 
919 268 9 11 0.02319054 
772 111 8 14 0.02318502 
379 429 73 90 0.023179933 
884 222 25 29 0.023176532 
832 192 8 8 0.023149135 
580 312 11 12 0.02314588 
483 420 11 12 0.023098549 
911 185 26 26 0.02309223 
532 401 15 11 0.023089303 
834 407 60 49 0.023086037 
647 264 37 43 0.023065764 
913 442 6 6 0.023051832 
518 524 6 8 0.02304558 
575 368 28 26 0.023005025 
396 463 7 11 0.023002647 
763 62 6 10 0.023001164 
1001 326 12 10 0.022995569 
611 491 14 10 0.022988375 
759 48 17 29 0.022986034 
892 241 14 19 0.022964014 
942 373 14 16 0.022961706 
957 286 12 11 0.022951618 
579 131 10 13 0.022950063 
946 275 8 9 0.022949966 
584 497 14 11 0.022925617 
775 68 5 11 0.022906236 
392 282 5 6 0.022876646 
860 406 5 4 0.022876434 
939 402 9 10 0.022870049 
754 547 9 16 0.022869255 
970 257 14 13 0.022867296 
831 176 8 11 0.022856232 
867 400 5 4 0.022845486 
813 507 7 5 0.022839356 
821 497 13 11 0.022826059 
741 536 8 12 0.022825362 
769 37 6 9 0.022812499 
531 491 7 10 0.022798376 
619 410 8 7 0.022791056 
807 543 8 9 0.022783753 
532 289 21 21 0.02278303 
745 103 5 6 0.02278055 
420 475 20 32 0.022774607 
614 416 7 6 0.022769392 
772 36 7 12 0.022756664 
590 435 8 6 0.022743843 
936 281 7 7 0.022743288 
562 471 8 10 0.0227248 
740 557 10 16 0.022715535 
705 336 123 73 0.022711182 
707 409 12 9 0.022706958 
600 415 9 8 0.022703787 
382 328 4 6 0.022700889 
584 339 27 28 0.022694083 
433 287 21 26 0.022673616 
766 72 7 15 0.02266838 
845 430 31 30 0.022649305 
461 346 20 28 0.022645863 
650 534 13 13 0.022629285 
924 332 30 28 0.022619171 
962 266 27 28 0.022612555 
562 117 9 12 0.022610383 
501 280 12 15 0.02261033 
453 424 100 91 0.022606788 
453 296 11 16 0.022606136 
749 211 24 30 0.022604767 
879 147 25 19 0.022595834 
600 227 18 24 0.022565378 
731 391 30 25 0.0225143 
784 182 11 13 0.02250318 
762 229 7 9 0.022500997 
491 202 7 12 0.022495095 
754 103 10 18 0.022488799 
887 252 11 14 0.022479445 
601 423 8 7 0.0224687 
506 286 88 68 0.022458393 
408 291 206 183 0.022449119 
747 324 32 29 0.022448964 
632 442 8 7 0.022440773 
910 240 25 30 0.022422306 
913 166 24 25 0.022420686 
867 170 13 11 0.022417609 
559 246 8 14 0.02241534 
848 161 44 42 0.022404112 
944 138 13 10 0.022401096 
439 356 9 14 0.022390064 
622 326 24 21 0.022386739 
830 529 54 51 0.022363693 
465 442 27 30 0.022358835 
698 236 23 28 0.022329012 
933 396 6 7 0.02232457 
560 279 23 29 0.022294147 
598 275 13 15 0.02227878 
480 527 6 5 0.022261243 
746 358 28 25 0.02222765 
996 284 26 25 0.022225153 
500 535 17 22 0.022211691 
643 49 11 8 0.022210492 
684 228 8 10 0.022208506 
504 184 7 14 0.02220624 
578 436 6 6 0.022179466 
888 488 34 32 0.022167541 
980 283 25 25 0.02215962 
642 195 11 13 0.022150487 
407 428 21 27 0.022149438 
698 76 6 7 0.022136636 
911 305 43 48 0.022113552 
734 385 10 8 0.022111341 
690 82 7 10 0.022109965 
963 284 25 23 0.022107294 
621 261 7 10 0.022070708 
475 532 6 5 0.022067476 
513 523 6 8 0.022050723 
903 418 6 6 0.022039795 
695 240 11 13 0.022026837 
854 551 13 15 0.022002708 
791 169 10 14 0.021990487 
601 403 8 7 0.021984017 
713 409 13 10 0.021982512 
901 542 9 10 0.021978667 
941 281 6 6 0.021964444 
516 482 18 26 0.02195105 
422 269 20 27 0.021950744 
723 197 74 79 0.021946043 
560 502 12 13 0.021944033 
565 457 4 4 0.021940539 
888 222 11 11 0.02193925 
703 397 7 7 0.021930503 
722 532 10 18 0.021925285 
930 420 6 9 0.021924745 
764 136 11 16 0.0219043 
757 384 31 26 0.021895621 
802 219 11 15 0.021893203 
381 556 9 10 0.021876961 
861 534 13 13 0.021876559 
485 427 10 10 0.021865776 
963 316 13 13 0.021859337 
663 267 12 15 0.0218326 
722 208 9 11 0.021823542 
849 524 11 11 0.021818671 
513 498 6 7 0.021815121 
474 235 12 16 0.02181297 
796 334 11 13 0.02179299 
676 219 21 28 0.021788904 
506 548 6 8 0.021784382 
568 514 23 23 0.021776043 
564 435 6 8 0.021772467 
563 224 17 26 0.021770025 
463 544 6 6 0.021768002 
709 338 55 44 0.021759368 
813 338 35 35 0.021757355 
462 538 5 5 0.021744933 
606 358 99 79 0.021739367 
861 217 13 15 0.02173136 
964 311 11 11 0.021730293 
626 409 9 8 0.021722028 
586 241 11 14 0.021722028 
437 308 13 17 0.02172051 
607 422 8 7 0.021718327 
944 133 13 9 0.021706259 
963 306 10 9 0.021705253 
703 229 8 10 0.021701291 
940 276 8 8 0.021693716 
555 299 9 10 0.021678358 
608 437 7 6 0.02167039 
387 344 20 29 0.021665255 
613 118 9 12 0.021662638 
693 162 10 13 0.021653801 
797 342 11 12 0.021643182 
499 297 12 16 0.021628404 
775 82 5 12 0.021623835 
737 109 5 6 0.021619145 
987 333 17 16 0.021614507 
893 542 8 9 0.021599026 
738 309 29 22 0.021582786 
815 170 22 28 0.021561155 
721 420 13 11 0.021547612 
987 292 26 25 0.021544153 
689 177 20 25 0.021527298 
733 476 13 15 0.021526588 
946 282 7 7 0.021522466 
875 260 11 10 0.021519305 
583 304 25 26 0.021516217 
492 281 21 27 0.021507293 
670 244 11 16 0.02150049 
548 283 22 26 0.021495515 
766 407 25 24 0.021487363 
644 515 10 12 0.021486517 
546 129 4 5 0.021486085 
506 523 5 7 0.021482656 
933 202 9 11 0.021466885 
387 464 9 13 0.021458207 
563 128 19 22 0.021451212 
675 136 12 13 0.02144492 
738 379 29 24 0.021437382 
600 221 73 87 0.021433266 
523 477 7 9 0.021430925 
879 218 13 13 0.021414528 
922 288 7 6 0.021410484 
375 471 33 55 0.021403307 
782 223 24 29 0.021393273 
810 326 9 11 0.021382622 
644 540 12 13 0.02137679 
740 150 20 27 0.021375 
849 235 10 11 0.021374041 
423 261 73 85 0.021366145 
387 465 19 29 0.021363035 
496 165 5 7 0.021341141 
953 288 8 8 0.021335417 
880 435 13 14 0.02133159 
771 30 6 8 0.02130852 
703 248 10 12 0.02130196 
686 545 22 25 0.021298489 
524 473 6 7 0.021289915 
761 371 31 25 0.02128602 
557 470 9 13 0.021284932 
693 210 6 8 0.021276569 
607 416 8 6 0.021267451 
700 212 4 5 0.02125366 
560 327 14 15 0.021230813 
400 340 11 18 0.02122224 
835 148 13 17 0.021210527 
491 427 11 11 0.021208728 
638 415 9 10 0.021206746 
573 290 22 26 0.02120095 
556 504 8 10 0.021195704 
378 319 24 28 0.021188151 
554 451 3 5 0.021180348 
734 400 10 10 0.021169152 
996 300 10 10 0.02116157 
634 128 5 8 0.021160541 
669 160 20 20 0.021156907 
768 247 9 10 0.021153914 
772 59 7 13 0.021152621 
582 430 7 6 0.021135982 
617 225 21 25 0.021132905 
253 535 11 9 0.021129904 
798 531 10 10 0.02112989 
949 269 26 28 0.021128507 
800 487 7 6 0.021126943 
740 566 9 13 0.021126308 
1003 286 11 11 0.021125203 
748 364 9 9 0.021118127 
971 301 9 8 0.021116922 
658 510 9 10 0.021110963 
913 169 11 10 0.021104662 
694 217 5 7 0.021099577 
348 486 4 7 0.02109247 
745 242 21 25 0.021063985 
811 214 24 28 0.02106198 
485 503 10 11 0.021043347 
943 185 6 8 0.021025011 
459 527 6 4 0.021013035 
535 516 9 10 0.020998787 
727 485 11 11 0.02099126 
638 421 9 9 0.020985836 
798 492 8 7 0.020983936 
785 161 22 27 0.020977436 
773 21 7 6 0.020976081 
592 534 11 13 0.020975685 
602 460 24 18 0.02097145 
594 422 8 7 0.020968622 
550 464 8 12 0.020967687 
659 182 39 51 0.020961206 
1003 320 10 9 0.020959288 
558 341 27 33 0.020950112 
824 510 9 9 0.02094047 
592 353 29 26 0.020935602 
684 222 7 9 0.020928891 
858 415 8 7 0.020926222 
822 150 9 15 0.020921962 
543 340 27 30 0.02092054 
411 262 6 6 0.02091794 
830 150 10 14 0.020915357 
621 435 24 21 0.02090728 
648 269 7 11 0.020890186 
500 505 7 9 0.0208883 
877 370 29 30 0.020883827 
860 411 6 4 0.020874284 
810 537 10 11 0.020872723 
727 477 12 13 0.020859012 
651 504 10 10 0.020857058 
492 208 6 11 0.020856904 
720 470 12 14 0.020856636 
749 547 8 14 0.020848967 
392 299 7 10 0.020841643 
721 478 11 12 0.020833837 
383 329 9 11 0.02082051 
503 415 11 10 0.020819804 
687 529 24 24 0.020816596 
416 435 20 27 0.020809775 
455 544 6 6 0.02080086 
627 252 10 13 0.020798365 
683 528 45 48 0.020792805 
512 477 7 9 0.020792743 
740 122 4 7 0.02077578 
466 544 7 6 0.02077012 
927 395 10 11 0.020750644 
684 82 7 10 0.020750225 
829 509 11 13 0.020741433 
768 224 6 6 0.020719653 
687 226 20 25 0.020704225 
612 458 90 89 0.02069558 
509 421 10 10 0.020691287 
771 9 91 96 0.020689538 
901 148 9 9 0.020686267 
848 534 12 11 0.020679059 
520 485 7 9 0.020669827 
657 267 9 12 0.020668088 
776 75 5 10 0.02066778 
772 408 12 13 0.020638857 
612 232 9 12 0.020627625 
552 339 12 16 0.020625005 
596 311 25 25 0.02061944 
894 528 11 11 0.020604236 
933 403 7 8 0.020602733 
904 207 11 14 0.020602357 
861 567 12 13 0.020590022 
664 215 8 12 0.020588879 
860 258 13 14 0.02056581 
929 440 7 8 0.020565247 
611 465 12 11 0.020546533 
838 302 52 52 0.02054051 
780 523 9 9 0.020538267 
836 191 13 12 0.020520695 
633 245 20 29 0.020510864 
977 306 10 7 0.020507291 
407 483 20 32 0.02050213 
538 219 5 7 0.020498758 
499 169 7 12 0.020482237 
643 239 18 29 0.020469481 
553 401 10 10 0.020467402 
869 420 10 7 0.020461567 
852 336 5 9 0.020457216 
949 447 32 31 0.020457199 
403 282 38 50 0.020456493 
493 518 7 7 0.020453647 
779 183 22 24 0.020452939 
792 17 11 8 0.02044377 
660 168 15 22 0.020443663 
607 390 9 8 0.020440018 
752 84 3 5 0.020436676 
836 168 12 12 0.02043268 
469 220 30 40 0.020427065 
522 421 9 12 0.020421764 
475 326 76 85 0.020394925 
996 343 25 29 0.020379478 
885 544 29 28 0.020377602 
868 267 11 11 0.020375635 
705 365 54 40 0.020372223 
690 168 10 14 0.020368684 
394 469 9 14 0.020353572 
524 499 6 8 0.020353416 
606 428 9 8 0.020351155 
619 402 9 8 0.020349076 
839 407 31 28 0.020348672 
712 192 6 6 0.020346018 
818 522 10 10 0.020341987 
609 339 23 19 0.020341953 
602 390 7 7 0.020341331 
388 335 10 14 0.020336144 
748 13 9 6 0.020333478 
887 213 12 12 0.02032902 
769 529 23 25 0.020315746 
482 397 13 16 0.020303978 
793 248 6 8 0.020302325 
645 505 9 10 0.020299625 
897 410 6 6 0.020297747 
725 135 4 5 0.020293228 
922 436 6 7 0.02028737 
716 185 6 8 0.020280074 
861 240 12 13 0.020277763 
867 247 12 12 0.020260477 
585 309 13 14 0.02025611 
806 325 26 31 0.020255074 
753 115 11 18 0.020253064 
900 416 27 27 0.020251282 
735 135 21 29 0.020239113 
914 298 9 13 0.020227702 
687 193 20 30 0.020219814 
455 500 7 7 0.02021058 
534 134 19 20 0.020204794 
816 491 13 10 0.020204037 
611 208 12 13 0.020200597 
684 235 8 11 0.020190287 
656 521 12 13 0.020184897 
644 220 37 48 0.020182958 
656 277 20 23 0.020166894 
824 182 10 12 0.020162608 
873 443 13 15 0.02015628 
802 55 16 14 0.020145396 
672 544 21 26 0.020142147 
909 441 8 7 0.020135429 
522 302 13 14 0.020131728 
435 524 6 7 0.020128151 
520 473 5 6 0.020127509 
880 177 10 10 0.020122306 
914 294 7 8 0.020119585 
934 306 63 45 0.020117205 
811 522 11 11 0.02009992 
588 421 9 8 0.020098662 
633 416 8 8 0.0200836 
634 429 7 6 0.020081932 
811 350 9 11 0.020078931 
767 184 11 12 0.02006746 
767 230 8 8 0.020056412 
881 259 11 12 0.02005496 
703 241 8 11 0.020054761 
527 421 21 32 0.02003936 
527 385 13 14 0.020019362 
