41_Swimming_Swimming_41_283
376
695 182 124 170 0.9902132 
411 503 31 22 0.17610206 
-19 -169 185 158 0.12003172 
37 112 12 12 0.089713685 
593 300 46 48 0.067066126 
565 310 51 44 0.055962615 
403 491 115 68 0.055455692 
708 548 29 23 0.055039473 
461 506 37 27 0.05494789 
432 513 35 22 0.053556442 
321 220 489 408 0.052479286 
882 67 48 44 0.047429558 
639 546 24 20 0.045692928 
541 274 90 85 0.04519119 
943 237 41 38 0.044113744 
646 551 11 8 0.041817456 
108 521 7 6 0.040482685 
541 517 32 28 0.038582727 
942 560 35 24 0.038483825 
857 551 116 64 0.037989832 
511 239 110 78 0.037798733 
-3 149 44 65 0.037478518 
843 -181 287 163 0.035931587 
661 586 20 22 0.035754703 
681 550 30 26 0.035690866 
2 430 65 44 0.034842506 
564 253 15 14 0.034696117 
346 -188 525 245 0.034645975 
541 125 21 18 0.034051094 
557 524 35 26 0.03370525 
485 508 29 27 0.03360542 
886 572 33 23 0.033409096 
44 106 26 22 0.032994743 
526 337 4 5 0.032957856 
121 398 521 416 0.032666817 
457 489 37 28 0.032437097 
893 559 37 26 0.032405324 
523 286 27 25 0.03230913 
314 128 13 10 0.03224911 
428 511 17 13 0.032163855 
508 288 28 24 0.032111913 
978 236 56 42 0.031815704 
26 122 7 9 0.0318039 
337 118 26 16 0.031607073 
274 219 128 74 0.031589646 
668 569 13 13 0.031310096 
697 536 34 28 0.03127602 
94 515 26 30 0.030633876 
35 -188 530 246 0.030437173 
539 300 45 50 0.030121785 
554 273 32 27 0.030067148 
-52 -65 348 439 0.030003877 
449 526 12 10 0.02999973 
713 520 50 36 0.029818548 
425 536 29 22 0.029719023 
320 215 5 6 0.029568445 
321 227 5 7 0.02943579 
702 559 28 22 0.029250102 
322 207 5 6 0.029109206 
519 508 31 31 0.029007317 
41 64 8 11 0.029003872 
784 99 14 13 0.028991135 
1 101 6 12 0.028963352 
541 218 34 27 0.028949797 
1003 180 9 8 0.028847815 
482 338 26 27 0.028832762 
521 225 75 44 0.028797314 
850 214 65 41 0.028782595 
912 241 33 27 0.028751867 
437 325 4 5 0.028663283 
38 313 15 12 0.028544443 
461 317 5 5 0.028381398 
467 328 24 30 0.028274143 
302 209 5 4 0.028161054 
307 208 6 6 0.028108506 
1005 188 7 6 0.028094636 
709 570 14 12 0.027918905 
343 647 11 9 0.02785588 
31 424 31 29 0.027769553 
329 215 5 5 0.027722206 
975 237 28 22 0.027709883 
302 196 5 5 0.027639568 
313 208 6 6 0.027580325 
885 39 29 18 0.027524412 
512 338 6 6 0.027510146 
658 84 11 8 0.027475303 
644 557 13 12 0.027297065 
179 482 7 6 0.027292605 
653 550 26 25 0.02728212 
470 504 70 42 0.027181435 
264 214 5 5 0.027062107 
314 214 6 7 0.026987668 
20 104 7 9 0.026954725 
242 173 31 24 0.026944201 
594 202 8 6 0.026816167 
582 153 9 10 0.026793906 
39 100 24 19 0.026728343 
175 162 27 24 0.026711699 
591 237 10 10 0.02669709 
750 573 28 26 0.026573101 
968 596 11 8 0.026572576 
64 69 14 13 0.02647837 
532 309 7 8 0.026473984 
620 306 25 31 0.026464427 
685 567 22 23 0.026449822 
457 525 13 9 0.026387736 
495 498 14 15 0.0263179 
495 511 13 13 0.026316201 
295 214 5 5 0.026256485 
651 530 28 26 0.026232902 
724 548 28 23 0.026207503 
460 336 5 5 0.026182346 
182 416 13 11 0.026168372 
672 537 33 29 0.026158595 
727 575 12 12 0.025824996 
731 563 13 9 0.025727527 
585 213 30 25 0.025611022 
328 200 30 25 0.02552257 
571 306 11 12 0.025521204 
728 71 14 11 0.02547637 
667 616 12 12 0.025428828 
430 496 36 27 0.025407536 
538 281 32 28 0.02539489 
564 552 30 25 0.025364162 
328 208 5 5 0.025358915 
633 228 549 457 0.025319744 
51 103 16 13 0.02519251 
529 309 21 30 0.025190737 
200 430 29 21 0.025127057 
436 328 5 6 0.02508169 
681 524 99 63 0.025067905 
304 192 24 25 0.02501557 
296 209 5 4 0.024958942 
591 230 12 11 0.024903584 
574 140 9 10 0.024868965 
731 568 13 11 0.024862478 
57 107 18 14 0.024846898 
236 408 10 8 0.02484529 
782 627 15 11 0.024784338 
289 209 5 5 0.02474757 
256 414 6 5 0.024741933 
767 567 28 22 0.02471631 
136 95 13 10 0.024686668 
173 478 6 5 0.024613272 
630 534 28 22 0.024608841 
497 497 27 25 0.024585867 
295 196 6 5 0.02448388 
518 304 8 7 0.02445232 
886 226 31 28 0.024452224 
575 237 27 32 0.024409195 
496 248 35 28 0.024368832 
172 184 25 24 0.02435796 
481 494 116 72 0.024325743 
365 504 31 21 0.024320703 
553 244 33 32 0.024313394 
329 127 16 11 0.024310302 
935 213 8 7 0.024274945 
921 563 38 30 0.024256816 
818 85 18 14 0.024237022 
231 107 13 11 0.024234505 
184 425 29 24 0.024211552 
152 633 10 10 0.024210177 
175 410 24 22 0.024199031 
631 127 12 12 0.024132803 
356 227 24 22 0.024044953 
689 566 11 10 0.024039175 
745 534 97 67 0.024026476 
908 92 24 21 0.023967138 
472 312 29 29 0.023954876 
10 103 6 9 0.023921221 
462 342 4 6 0.02391414 
455 339 6 8 0.023857685 
199 494 7 6 0.023841508 
409 518 28 26 0.02383444 
-83 376 383 421 0.023778126 
469 348 5 6 0.023730317 
161 175 13 11 0.023705086 
463 311 4 4 0.023681426 
261 398 8 7 0.023670148 
426 483 34 27 0.023641018 
569 333 34 27 0.023633523 
319 219 6 6 0.023577467 
288 196 6 5 0.023548383 
178 489 6 5 0.023507925 
175 416 13 11 0.023493016 
192 494 7 6 0.023484599 
594 633 11 10 0.023440009 
692 573 12 12 0.023421878 
226 406 6 6 0.023329737 
475 310 5 5 0.023326183 
251 405 7 6 0.02329845 
179 149 34 29 0.023291089 
426 524 31 22 0.023283986 
720 562 12 9 0.023238413 
173 527 6 6 0.023228357 
638 312 11 12 0.02322209 
270 214 6 5 0.023188083 
179 495 6 5 0.02311411 
221 480 30 21 0.023092438 
110 515 6 5 0.023083229 
334 208 6 5 0.02308243 
6 102 7 12 0.02304435 
152 138 31 26 0.023005005 
892 250 13 12 0.022965442 
956 551 30 21 0.022941483 
296 228 5 4 0.022932684 
184 189 8 7 0.022887697 
767 552 33 24 0.022817837 
580 217 11 9 0.022811636 
552 254 15 15 0.02272515 
290 202 5 5 0.022721818 
808 69 16 13 0.02270172 
684 564 9 8 0.022698196 
598 229 13 11 0.022689376 
562 224 31 29 0.022675715 
475 316 6 7 0.022616949 
610 208 11 8 0.022573166 
931 236 34 23 0.022559183 
255 416 8 8 0.022543103 
61 56 11 12 0.022542967 
709 565 12 9 0.022524172 
240 406 8 6 0.022500316 
646 217 8 7 0.02243583 
337 483 31 29 0.02241895 
695 566 11 9 0.02238356 
438 504 16 13 0.022372235 
533 304 6 7 0.022360481 
463 305 5 4 0.022359148 
2 421 37 30 0.022335904 
829 68 14 12 0.022312915 
176 456 29 23 0.02229019 
778 70 10 10 0.022257455 
739 545 27 25 0.02223878 
963 90 13 10 0.022195304 
274 145 32 31 0.022187976 
941 545 30 23 0.02214994 
427 314 22 25 0.022138705 
697 567 23 23 0.02213353 
672 579 25 27 0.022128314 
978 187 7 6 0.022118373 
499 536 26 26 0.022112165 
476 348 6 8 0.022093754 
244 500 8 8 0.022087686 
615 520 32 26 0.02207883 
790 45 26 18 0.022074861 
27 443 32 26 0.022073919 
437 318 4 4 0.022027869 
420 297 51 49 0.022007437 
984 194 7 6 0.021982936 
468 317 4 5 0.021980768 
718 575 14 12 0.021931734 
522 538 27 26 0.021920178 
525 304 6 5 0.021916991 
536 304 8 8 0.02189122 
457 531 11 9 0.021872692 
632 585 9 9 0.02186844 
167 489 8 6 0.02186674 
637 556 54 47 0.021844579 
731 581 28 23 0.021836694 
317 243 10 10 0.021830877 
456 348 5 6 0.021828942 
125 565 8 7 0.021826327 
962 593 23 17 0.021811128 
574 219 8 7 0.021775514 
315 218 6 7 0.021738673 
907 227 25 24 0.0217191 
262 207 7 7 0.021698399 
626 565 9 8 0.021691859 
952 538 26 21 0.021684848 
988 229 25 17 0.02163012 
545 207 35 21 0.0216267 
116 520 6 6 0.021615276 
880 592 32 25 0.021608053 
128 527 5 6 0.021588475 
324 239 9 9 0.021570696 
456 316 5 6 0.02155389 
226 401 5 4 0.021533903 
461 329 5 7 0.021527313 
26 118 7 8 0.021524956 
525 297 7 6 0.0215237 
279 572 8 7 0.021522803 
451 513 14 10 0.021504102 
276 209 6 5 0.021497471 
738 576 16 13 0.021481026 
174 483 6 5 0.021466466 
531 342 5 7 0.021454405 
536 309 8 9 0.021449134 
473 237 79 48 0.021427102 
662 548 429 458 0.021418205 
595 208 7 5 0.021378273 
624 507 107 74 0.021377806 
947 543 119 95 0.02134574 
533 334 4 7 0.021320902 
483 299 4 4 0.021317651 
295 564 7 7 0.021299917 
37 103 13 12 0.021249171 
900 588 31 26 0.021224797 
173 519 6 8 0.021224068 
302 214 5 5 0.021185404 
962 550 15 11 0.021181885 
261 521 6 6 0.021174364 
315 228 5 6 0.021174056 
421 337 6 6 0.021170119 
577 334 16 15 0.02116706 
500 329 24 30 0.02114287 
249 161 30 25 0.021101736 
695 95 13 11 0.02107648 
258 627 10 10 0.021000464 
468 323 5 7 0.020994874 
942 556 15 14 0.020980678 
899 242 13 14 0.02097205 
643 556 24 21 0.020964319 
49 551 9 9 0.02095378 
275 214 7 5 0.020937992 
520 330 5 6 0.020937834 
720 575 23 23 0.020918509 
601 202 7 6 0.020915827 
574 519 29 24 0.020912439 
473 321 9 11 0.020898242 
904 548 37 25 0.020882111 
12 109 6 9 0.020876598 
696 583 9 10 0.020855794 
726 582 11 11 0.020848438 
262 413 6 6 0.020846378 
322 239 22 21 0.020846274 
551 234 15 14 0.020842288 
464 523 13 10 0.020816127 
306 213 7 7 0.02080926 
345 232 8 8 0.020794004 
581 213 10 8 0.020761639 
100 595 10 9 0.020748135 
205 393 6 5 0.02072095 
350 219 8 8 0.020714609 
394 134 12 10 0.020710511 
325 268 34 25 0.020705465 
248 550 10 9 0.020698186 
523 551 11 9 0.020681823 
449 351 5 4 0.020681694 
631 639 13 11 0.020670092 
188 472 31 23 0.020624673 
625 213 9 8 0.020617751 
334 194 7 7 0.020615976 
920 255 30 22 0.020614503 
656 558 10 10 0.020606361 
251 413 7 6 0.020590605 
974 219 7 7 0.020562507 
262 514 6 6 0.02052288 
327 227 6 6 0.02051806 
543 327 25 29 0.020509476 
307 201 6 6 0.020489072 
395 483 49 37 0.020474676 
455 335 6 8 0.0204724 
305 218 8 8 0.020442199 
229 412 6 5 0.020433173 
296 202 5 5 0.020395279 
445 233 57 45 0.020373559 
236 590 8 8 0.020324903 
457 475 33 21 0.020320954 
314 217 21 25 0.020314258 
296 222 4 4 0.020306224 
182 174 25 20 0.020245485 
903 256 29 24 0.020243151 
289 528 6 5 0.02020392 
963 232 10 8 0.020200562 
204 143 104 68 0.020182468 
225 168 30 25 0.020167945 
625 584 9 10 0.020146275 
928 561 17 16 0.020129869 
300 227 6 5 0.020121703 
347 392 6 5 0.020094188 
375 513 28 23 0.02008078 
95 513 7 7 0.020066475 
657 552 10 8 0.020036357 
429 651 15 11 0.020029126 
242 418 9 9 0.020028846 
633 212 9 7 0.020013535 
