41_Swimming_Swimming_41_238
21
200 498 70 100 0.99733907 
280 103 52 66 0.9905516 
871 81 70 96 0.98606384 
741 548 29 26 0.29575485 
719 548 35 31 0.06718728 
-20 -155 175 160 0.051158577 
913 35 75 97 0.044587065 
333 106 7 9 0.044009455 
340 95 8 11 0.036018886 
541 182 29 32 0.033014312 
537 148 29 35 0.029183872 
740 504 10 9 0.028471313 
753 521 15 13 0.028467482 
571 169 29 31 0.0249854 
567 188 30 31 0.024260737 
530 165 31 38 0.023847897 
337 112 8 11 0.023060037 
745 503 11 10 0.022157092 
508 184 31 32 0.020318015 
302 133 28 30 0.020287722 
205 109 57 42 0.020273022 
