41_Swimming_Swimmer_41_607
101
398 71 116 200 0.98855746 
234 266 343 393 0.6730159 
350 547 63 64 0.20938435 
226 105 10 17 0.12114941 
311 81 8 17 0.0661342 
187 124 9 15 0.054076243 
575 205 10 16 0.0492071 
222 112 9 12 0.043605223 
395 -2 466 491 0.04211496 
296 129 14 18 0.041686125 
289 115 11 17 0.04140828 
246 110 9 14 0.04126622 
181 57 8 11 0.04054157 
259 112 7 12 0.03887186 
284 111 10 17 0.03772101 
252 113 8 14 0.037322074 
232 100 9 15 0.03693726 
904 67 6 10 0.036785614 
518 206 16 20 0.03583765 
258 91 8 13 0.034759432 
260 82 4 7 0.03474697 
880 70 6 9 0.034325846 
239 104 9 17 0.03363743 
247 116 10 16 0.03241414 
901 63 6 11 0.032042474 
55 89 5 10 0.032002367 
952 112 18 27 0.031703074 
213 116 7 8 0.031597342 
272 139 25 34 0.031550337 
86 119 8 12 0.030301306 
264 151 22 23 0.029978339 
545 203 18 23 0.029299794 
31 192 7 10 0.029262533 
861 77 6 9 0.029251145 
21 70 7 12 0.028270047 
189 115 8 11 0.028046614 
854 109 6 8 0.027799282 
590 186 7 8 0.027783332 
193 114 7 9 0.027075937 
267 95 6 9 0.027054602 
257 79 4 7 0.027020589 
837 80 20 30 0.026878672 
217 116 20 28 0.026826613 
644 462 9 12 0.026549142 
958 74 7 11 0.025620667 
263 127 10 14 0.025401812 
614 -51 478 454 0.02532539 
208 119 8 10 0.025167689 
862 73 5 7 0.025109518 
855 103 5 7 0.024946611 
215 129 9 11 0.024852965 
856 91 4 6 0.024818072 
590 190 8 10 0.024777846 
877 71 5 7 0.024703376 
599 192 9 10 0.024697544 
855 81 6 9 0.024616672 
872 88 17 25 0.0243155 
233 125 19 31 0.023766607 
315 90 13 21 0.023571832 
144 38 5 7 0.023543717 
601 199 8 10 0.023515502 
140 38 4 7 0.023389988 
849 83 6 9 0.023284186 
191 132 8 12 0.023015011 
219 140 12 20 0.022915931 
990 12 28 32 0.022893734 
219 130 11 18 0.022712825 
202 42 17 24 0.022674624 
176 60 8 12 0.022458315 
264 113 7 12 0.022195924 
313 102 23 35 0.021857433 
834 98 21 29 0.021842483 
462 671 98 96 0.021799939 
867 77 6 9 0.021715777 
898 87 7 11 0.021672973 
105 62 5 9 0.021593144 
820 108 27 29 0.02147194 
907 80 9 14 0.02132663 
862 89 6 8 0.021318026 
849 90 5 7 0.021304186 
884 70 6 9 0.021272881 
869 72 4 5 0.021113042 
925 75 6 10 0.021038339 
721 4 10 17 0.021008002 
144 46 5 6 0.020967323 
540 535 29 27 0.020882934 
133 83 6 11 0.020800432 
301 127 19 32 0.020744069 
885 88 7 10 0.020656386 
476 78 184 215 0.020625336 
189 61 7 10 0.020576525 
295 119 11 18 0.020474415 
280 119 9 15 0.0204259 
766 6 95 123 0.020408683 
220 119 10 14 0.020391593 
880 81 7 11 0.020292068 
164 43 6 7 0.020280134 
886 82 6 9 0.020247329 
849 104 6 8 0.020147242 
925 70 6 10 0.020097394 
192 120 9 12 0.020008365 
