28_Sports_Fan_Sports_Fan_28_126
241
457 198 88 104 0.9997342 
307 242 81 99 0.99939215 
421 387 61 66 0.9977841 
406 296 24 32 0.99643916 
71 311 12 16 0.8676255 
128 286 9 11 0.6400922 
106 279 8 11 0.4072738 
520 161 9 11 0.268734 
845 298 7 7 0.18401991 
866 295 4 6 0.17778273 
839 299 5 6 0.15438215 
41 290 9 10 0.15167798 
393 608 29 34 0.14536747 
174 287 7 8 0.13533074 
884 302 6 6 0.13071163 
289 279 22 36 0.12617888 
819 302 6 7 0.11833873 
487 156 8 8 0.11380636 
597 298 49 45 0.110897765 
859 303 4 6 0.1049052 
355 159 8 13 0.10073098 
146 303 11 12 0.0990111 
420 161 9 12 0.0948355 
864 293 5 6 0.09307044 
856 318 7 11 0.09154577 
159 146 10 11 0.08721889 
918 300 8 8 0.083683565 
477 464 29 23 0.0807777 
341 156 6 7 0.07340383 
163 151 11 12 0.07218762 
979 298 5 7 0.067626655 
1015 330 9 12 0.06389518 
849 302 6 6 0.0631928 
860 298 4 4 0.06290584 
91 134 11 10 0.06266936 
703 295 6 6 0.06257788 
776 301 5 7 0.06137694 
820 299 6 6 0.06023226 
871 297 4 5 0.059928067 
174 152 11 12 0.059143458 
833 298 5 6 0.057081502 
826 297 6 7 0.05550363 
914 313 7 9 0.05392822 
125 295 12 15 0.05388774 
871 303 5 6 0.052146204 
938 303 7 8 0.051856406 
177 147 8 11 0.05133461 
111 151 13 13 0.050694097 
318 148 6 6 0.050493453 
850 309 6 7 0.05038961 
202 148 11 12 0.050100457 
196 152 13 14 0.049196646 
2 268 8 12 0.049094643 
-1 275 8 17 0.048321467 
897 307 6 7 0.04817138 
849 298 6 6 0.047988612 
171 297 11 14 0.046521254 
964 297 6 9 0.046163917 
828 286 5 6 0.046027243 
113 143 10 9 0.045931447 
777 339 10 11 0.045817684 
808 296 5 6 0.045789294 
240 147 11 14 0.044369586 
75 291 9 12 0.04398132 
885 299 5 6 0.04362108 
962 301 6 7 0.04279119 
831 288 6 7 0.042549066 
852 315 7 9 0.04221595 
382 160 8 12 0.04188859 
401 164 12 13 0.041806776 
145 295 9 9 0.04153348 
359 155 6 10 0.041488517 
63 280 8 10 0.041063722 
75 138 63 41 0.040991735 
305 154 8 11 0.04058809 
903 297 4 5 0.040087175 
170 147 9 10 0.039937094 
428 159 6 10 0.03978937 
55 343 13 13 0.039726384 
691 291 5 6 0.03954414 
872 293 4 5 0.039277893 
844 291 6 6 0.03843973 
709 312 7 9 0.038285427 
354 156 7 9 0.03766806 
954 303 5 7 0.037199344 
462 156 5 7 0.036720116 
118 312 9 11 0.0366416 
839 291 6 6 0.03652117 
795 302 5 6 0.036311448 
64 311 11 14 0.036192156 
904 304 4 6 0.03610365 
813 297 5 6 0.035944633 
864 302 6 7 0.03590439 
999 297 5 5 0.0358243 
79 313 9 13 0.035672963 
807 285 4 5 0.03553299 
71 140 11 10 0.03515555 
468 162 9 9 0.03498348 
165 145 8 8 0.0349596 
1007 303 5 5 0.034923263 
382 587 51 43 0.03486837 
136 152 12 11 0.0348288 
840 350 14 19 0.034530044 
258 157 13 13 0.033778112 
819 307 6 8 0.03316486 
859 309 5 7 0.033158876 
389 543 104 72 0.033090673 
376 157 7 8 0.033061605 
890 297 5 6 0.032993905 
65 270 7 9 0.032990605 
306 149 7 8 0.03292788 
474 156 7 7 0.03287304 
1001 309 6 7 0.032842398 
338 160 7 9 0.032662906 
877 297 5 5 0.0322173 
10 323 18 25 0.032078195 
130 147 53 41 0.03200199 
133 147 12 12 0.03157614 
38 131 7 8 0.03153731 
481 108 10 14 0.03150961 
152 143 20 20 0.031238595 
804 309 7 7 0.03120551 
997 332 8 11 0.031122304 
773 335 7 8 0.031101154 
326 156 8 10 0.031072529 
87 138 13 13 0.030914785 
86 141 22 22 0.030683685 
834 302 4 5 0.030331263 
801 278 4 5 0.030055655 
845 577 237 201 0.029993705 
466 156 23 24 0.029806074 
505 162 7 8 0.029488439 
807 291 5 6 0.029153679 
1000 292 4 5 0.028842015 
1016 269 7 11 0.028710969 
902 308 5 7 0.028497588 
49 274 8 10 0.028369851 
424 114 15 16 0.02834312 
133 338 9 13 0.02833476 
818 284 6 8 0.028272465 
330 160 8 11 0.02820533 
890 303 5 6 0.028176693 
779 302 6 7 0.02773631 
865 309 6 9 0.027674805 
403 576 36 27 0.027665628 
331 156 7 9 0.027512832 
992 297 5 6 0.02749881 
123 287 9 11 0.027347974 
807 280 4 4 0.027234958 
816 303 5 7 0.027171008 
65 139 26 24 0.027155045 
868 308 8 11 0.027040962 
879 304 5 5 0.026987668 
315 146 5 5 0.026965188 
697 292 5 6 0.026929248 
861 294 4 4 0.026889943 
846 307 6 8 0.026869427 
517 160 16 20 0.026518656 
171 144 7 8 0.02649967 
877 293 5 4 0.026464615 
104 147 12 12 0.026245905 
146 291 7 7 0.02607445 
238 279 4 5 0.026072253 
891 309 5 6 0.02602199 
987 298 5 7 0.025835412 
947 304 6 7 0.02578068 
106 130 59 42 0.02571504 
824 301 6 7 0.025084844 
533 162 20 24 0.02501112 
251 284 5 7 0.02494106 
224 277 5 7 0.024633693 
356 536 12 13 0.024632957 
823 310 7 8 0.024607182 
40 278 5 7 0.024540685 
238 284 5 6 0.024517829 
74 114 61 43 0.024431512 
5 275 7 11 0.024293363 
238 148 22 26 0.024264423 
795 272 5 6 0.024204437 
687 285 4 5 0.024055002 
692 286 4 4 0.0240314 
1010 302 6 7 0.024007268 
12 276 8 10 0.023929425 
930 308 5 6 0.023884205 
478 161 9 9 0.023710981 
102 285 9 14 0.023592 
67 277 7 9 0.02357227 
462 161 7 10 0.023528604 
953 341 9 12 0.023510756 
242 144 7 10 0.02350638 
363 156 5 7 0.023475565 
911 315 6 8 0.023339506 
512 157 46 50 0.023272796 
768 327 5 6 0.02319793 
135 143 22 21 0.023191253 
142 147 11 11 0.023132496 
819 289 5 6 0.023031361 
468 157 7 7 0.022936994 
699 343 8 12 0.02286951 
688 291 4 6 0.022763489 
60 112 125 78 0.02274424 
953 308 6 6 0.022735521 
1006 299 5 6 0.022677174 
142 291 7 7 0.022640657 
124 158 30 30 0.022513509 
53 130 5 6 0.022509344 
839 308 6 7 0.022425933 
975 298 5 7 0.022406487 
105 139 22 19 0.022376465 
45 277 6 8 0.022371141 
992 334 8 9 0.022342581 
397 161 23 24 0.022327136 
154 152 10 11 0.022317816 
897 298 5 5 0.022248236 
110 163 27 26 0.02216909 
483 161 13 13 0.021963397 
801 303 5 5 0.02193028 
183 295 8 12 0.021788763 
98 312 13 15 0.021759104 
802 298 4 6 0.02168994 
411 157 19 21 0.021516312 
116 147 11 10 0.02149376 
181 279 4 5 0.021462934 
95 154 26 26 0.021409772 
909 303 6 6 0.02123793 
840 273 4 4 0.021217395 
137 144 10 10 0.021216435 
39 283 7 9 0.021176716 
302 146 4 5 0.021162963 
615 114 6 5 0.02105229 
934 307 6 7 0.020900026 
781 325 7 9 0.02071246 
840 267 4 4 0.020645881 
986 301 6 7 0.020493928 
171 285 17 19 0.020428749 
-1 306 6 12 0.020413682 
780 278 7 7 0.020326992 
986 289 5 7 0.020290589 
160 147 23 23 0.020205496 
910 298 4 5 0.020169308 
372 161 8 9 0.020040324 
