28_Sports_Fan_Sports_Fan_28_835
22
235 308 156 205 0.9990715 
648 351 147 209 0.9979539 
83 576 215 237 0.8887103 
105 1237 7 10 0.054480594 
749 493 233 260 0.05290304 
295 1236 7 10 0.047309063 
235 596 60 66 0.033529505 
256 1275 8 12 0.032949705 
830 724 128 116 0.028750919 
316 1242 7 12 0.02618038 
333 1243 6 11 0.026054442 
915 553 36 44 0.02486916 
297 1228 5 8 0.024843507 
672 633 26 44 0.024758369 
297 1275 7 11 0.023800416 
187 1282 11 17 0.023367394 
895 1218 6 9 0.022852339 
922 1228 8 12 0.021701062 
295 1242 8 12 0.021657595 
104 1251 8 12 0.020722585 
387 205 202 256 0.020136107 
972 566 27 50 0.020040879 
