24_Soldier_Firing_Soldier_Firing_24_644
266
282 172 22 30 0.9798886 
208 153 20 34 0.95385975 
580 280 22 27 0.93854076 
55 101 19 27 0.84144413 
136 98 26 37 0.7559078 
551 280 25 32 0.68736225 
437 284 15 18 0.31571484 
470 198 17 19 0.2933967 
119 144 20 28 0.28223658 
401 193 14 18 0.28192312 
314 188 24 20 0.27692747 
463 208 15 16 0.25040352 
440 208 10 13 0.20552899 
105 358 32 37 0.17385544 
458 213 21 23 0.11144182 
199 325 24 32 0.10978912 
23 79 13 18 0.10847455 
27 70 18 27 0.10149544 
385 199 14 14 0.09432897 
637 283 15 15 0.0868703 
92 92 12 18 0.083306976 
110 105 42 52 0.08325479 
359 304 49 42 0.076963544 
109 85 20 29 0.07675652 
45 97 19 28 0.071785696 
166 297 12 14 0.06937831 
558 276 43 49 0.06739301 
12 86 17 25 0.06708836 
293 163 22 26 0.06655754 
349 180 19 22 0.06544251 
267 174 21 26 0.06498714 
383 252 23 29 0.06390507 
247 176 10 15 0.06355052 
393 197 15 17 0.06273687 
431 203 21 25 0.061996255 
0 238 8 20 0.0613486 
65 97 18 31 0.05881617 
327 196 14 17 0.058160603 
313 345 40 58 0.05714673 
95 131 37 41 0.056790575 
-7 414 405 465 0.0490787 
39 370 10 15 0.048957594 
172 351 40 49 0.048824042 
20 89 20 29 0.048681088 
2 90 20 30 0.046535917 
129 130 37 50 0.046079904 
330 340 19 26 0.045323417 
390 190 34 35 0.045001067 
296 292 9 17 0.044526238 
112 68 63 74 0.04423424 
482 359 108 109 0.04379057 
408 192 34 41 0.043591116 
178 333 29 32 0.043411337 
213 298 24 31 0.042995147 
405 178 16 20 0.042865615 
359 215 83 82 0.04270923 
338 294 41 53 0.042347956 
354 256 83 110 0.041958865 
442 332 34 46 0.041778326 
571 267 23 36 0.04174644 
131 105 66 99 0.041419987 
36 77 20 31 0.04095623 
329 289 21 32 0.039860725 
121 92 25 34 0.039413933 
163 311 76 89 0.039349236 
9 100 18 31 0.038903583 
0 91 8 15 0.03886023 
343 314 10 18 0.03871692 
63 155 22 30 0.03801549 
410 193 14 18 0.03801019 
74 96 20 29 0.037741307 
375 200 25 30 0.03768145 
330 180 20 22 0.03678278 
329 321 21 33 0.03657707 
450 199 21 23 0.03655521 
565 286 13 18 0.0364762 
482 366 60 51 0.036368985 
130 139 14 26 0.036315847 
97 86 38 50 0.036081098 
149 90 13 21 0.03585979 
88 96 20 31 0.035661485 
29 219 8 12 0.034890916 
155 150 22 30 0.0344869 
459 291 23 28 0.034471415 
8 272 17 24 0.033974424 
324 442 463 423 0.03357624 
625 295 14 19 0.033389755 
92 121 24 30 0.03315208 
590 270 13 22 0.032791253 
340 188 22 24 0.032605298 
168 112 35 45 0.03244856 
454 204 8 10 0.032264836 
2 86 13 16 0.032083 
194 339 25 33 0.0320516 
553 511 465 402 0.031803496 
445 204 9 11 0.031661823 
138 97 15 19 0.031487666 
321 298 22 33 0.031415492 
409 221 22 34 0.03133367 
258 307 20 23 0.031143874 
360 176 20 26 0.031085083 
-2 184 17 34 0.031079259 
456 193 36 35 0.030825995 
335 186 175 172 0.030647716 
111 146 15 21 0.030539773 
182 123 39 51 0.030528186 
599 289 11 13 0.030478595 
88 135 22 30 0.030458119 
126 110 13 16 0.030295333 
468 223 14 17 0.030170232 
190 345 12 17 0.030039882 
608 279 7 11 0.029988032 
514 393 23 27 0.029864289 
37 392 8 14 0.029714486 
25 79 62 87 0.02969745 
60 87 14 19 0.0295962 
3 112 17 30 0.029204452 
102 141 15 20 0.029172283 
335 336 11 17 0.029155588 
381 176 25 26 0.028962614 
308 166 12 16 0.028581554 
527 391 19 25 0.02853273 
382 209 45 52 0.028356984 
158 135 36 54 0.028197745 
455 199 7 8 0.028040184 
345 237 39 48 0.027670546 
342 179 13 17 0.027640194 
69 80 10 13 0.027619122 
371 185 23 27 0.027601892 
346 309 21 31 0.027567433 
312 308 23 31 0.027431713 
389 241 40 46 0.027318295 
632 280 12 14 0.027222602 
374 165 25 27 0.027210742 
516 385 59 52 0.027197922 
419 212 22 37 0.027182851 
230 151 21 35 0.02717139 
528 253 61 77 0.02713553 
261 153 65 74 0.027000207 
540 288 23 33 0.026972208 
75 85 74 92 0.026754571 
149 111 35 50 0.026488712 
572 68 57 46 0.026465904 
356 168 83 81 0.026421493 
343 303 8 16 0.026388884 
418 194 13 16 0.026383705 
523 190 9 9 0.026346153 
71 359 23 31 0.026345743 
502 191 10 10 0.026232928 
316 214 72 99 0.026168324 
293 175 32 38 0.026064811 
167 321 27 35 0.026019918 
356 299 24 28 0.026015315 
386 189 14 17 0.025924586 
66 327 28 32 0.02589735 
450 199 6 7 0.025754325 
418 179 12 17 0.025722627 
167 340 25 31 0.025686182 
339 215 25 33 0.025666855 
483 197 9 11 0.025612593 
497 334 45 50 0.025263106 
393 210 13 18 0.025145285 
79 324 27 26 0.0250804 
176 114 16 18 0.025069438 
423 265 39 45 0.024971733 
210 320 23 32 0.0248428 
110 158 23 30 0.024784397 
312 154 75 83 0.024543658 
526 407 26 28 0.024490701 
111 132 14 23 0.024381882 
612 284 10 13 0.024358448 
414 220 42 53 0.024293281 
36 97 10 16 0.02428441 
18 109 10 17 0.024213625 
66 819 5 7 0.024177866 
442 275 15 21 0.024111448 
307 265 24 32 0.02402136 
464 197 13 13 0.023819935 
627 288 15 17 0.023751175 
372 219 28 35 0.023638861 
76 -22 387 330 0.023628142 
520 288 38 49 0.02361537 
332 211 20 27 0.02350695 
398 317 214 202 0.023486564 
28 108 12 18 0.023304056 
448 172 22 24 0.023258552 
221 329 11 17 0.023128068 
86 123 13 18 0.023127655 
620 284 9 12 0.022937872 
431 207 40 44 0.022936044 
541 126 12 11 0.022878539 
14 100 36 54 0.02284805 
324 327 10 16 0.022837779 
89 141 11 16 0.02282264 
541 120 24 24 0.022751816 
162 162 20 30 0.02274958 
75 277 10 14 0.022715556 
609 276 5 8 0.022627866 
178 313 26 29 0.022619888 
310 272 35 49 0.022578498 
220 147 11 24 0.022567134 
84 344 69 67 0.022558037 
420 235 17 28 0.022553649 
34 68 14 18 0.022526948 
115 289 21 36 0.02251872 
568 834 27 31 0.022441864 
442 187 20 25 0.022421792 
305 456 21 24 0.022420969 
318 325 11 18 0.022346064 
488 258 13 16 0.02233414 
282 156 24 29 0.022202656 
430 176 83 83 0.022127442 
325 251 18 27 0.022108082 
305 281 20 32 0.022105567 
333 358 25 32 0.02207629 
111 420 23 28 0.022069788 
472 173 22 24 0.022043698 
196 331 14 21 0.021975812 
4 232 7 18 0.02191348 
303 320 23 33 0.021883922 
227 155 12 21 0.021867575 
305 277 8 13 0.02184419 
309 264 11 13 0.021732062 
131 127 13 20 0.021711363 
317 182 35 40 0.02162093 
605 285 10 13 0.02158716 
197 347 12 16 0.021570623 
43 229 17 32 0.021526735 
366 289 26 32 0.021526337 
466 333 24 31 0.021523396 
367 234 31 40 0.021472868 
374 255 44 52 0.021402957 
105 339 13 16 0.021401368 
164 299 22 28 0.021374343 
218 160 22 34 0.02128633 
388 165 23 25 0.021255407 
337 317 12 21 0.021252697 
299 268 18 28 0.02119859 
9 234 18 30 0.021178463 
124 119 14 21 0.021174213 
92 437 11 15 0.021121427 
476 219 12 14 0.021084296 
182 102 23 28 0.021059988 
555 100 25 25 0.020985102 
75 93 9 16 0.020956697 
459 174 24 25 0.020865649 
6 285 15 20 0.020709703 
219 318 14 18 0.02070323 
474 205 23 26 0.020608867 
2 78 12 15 0.020599375 
307 458 8 11 0.020568874 
379 555 24 35 0.020527631 
74 296 8 16 0.020505173 
143 115 14 22 0.020502884 
419 297 20 34 0.020416953 
36 107 21 32 0.020399965 
387 235 87 103 0.020386072 
313 245 19 28 0.02036488 
58 401 22 33 0.020278579 
477 193 11 13 0.02017155 
386 218 15 18 0.020162685 
117 128 14 22 0.020051101 
568 49 27 33 0.020046726 
339 200 20 27 0.020034503 
413 209 12 20 0.020031339 
553 270 15 21 0.02002326 
