24_Soldier_Firing_Soldier_Firing_24_763
22
400 164 46 52 0.9990151 
553 316 42 57 0.9987619 
809 106 46 49 0.99857795 
123 109 38 57 0.99768794 
490 396 111 96 0.081286594 
428 494 95 74 0.05704179 
605 128 10 17 0.04819842 
-21 -219 186 174 0.037525322 
504 336 28 34 0.037015572 
875 468 9 9 0.031778965 
452 445 93 86 0.028610433 
40 421 19 39 0.026276095 
497 211 28 34 0.024676483 
251 127 28 19 0.02466172 
66 202 44 64 0.024520021 
-4 -242 462 259 0.023933055 
491 415 49 58 0.023661168 
521 429 27 36 0.023564385 
29 243 317 371 0.022424731 
699 271 25 22 0.022393815 
155 24 103 93 0.02102269 
612 136 10 16 0.02094936 
