24_Soldier_Firing_Soldier_Firing_24_812
2109
769 85 78 56 0.48237494 
223 -28 539 432 0.29554486 
-30 266 477 355 0.21404591 
509 186 62 32 0.19025958 
-22 492 418 349 0.18974493 
777 200 86 75 0.17214896 
239 568 63 42 0.16047652 
377 188 34 22 0.13295108 
643 -92 475 363 0.11732686 
-20 -194 201 172 0.11340067 
725 227 30 27 0.10867032 
-32 -212 520 249 0.10621811 
254 -212 545 254 0.09945035 
716 311 38 40 0.096736096 
866 285 113 90 0.09434967 
107 494 114 75 0.08880667 
741 293 23 26 0.0884782 
853 147 12 14 0.086621046 
557 -215 541 256 0.078072056 
126 445 110 89 0.07785419 
210 568 8 7 0.076726645 
798 180 57 60 0.07161263 
385 609 28 23 0.07158868 
832 72 375 361 0.07158847 
167 419 30 26 0.0704866 
308 592 20 23 0.07040018 
749 38 191 146 0.06818306 
178 560 9 8 0.06754576 
974 404 18 14 0.06684221 
814 219 37 35 0.06672161 
818 113 27 23 0.06658085 
814 75 63 47 0.06576552 
199 559 70 46 0.06499094 
733 232 404 361 0.06367797 
542 186 43 23 0.06333928 
204 565 8 8 0.06269992 
617 214 55 44 0.062459994 
717 532 493 357 0.062453717 
665 417 18 34 0.06241045 
917 27 29 24 0.061964005 
874 226 218 161 0.061925493 
182 462 26 25 0.059691742 
696 196 61 45 0.05961518 
624 180 27 19 0.05960497 
176 571 9 9 0.05915723 
841 103 107 88 0.059098326 
769 132 98 99 0.058515597 
661 391 33 55 0.058281753 
876 7 24 22 0.058181643 
220 40 19 26 0.057027433 
699 390 84 113 0.05659102 
145 466 26 22 0.056417864 
185 559 8 8 0.056053687 
809 181 29 33 0.055629086 
764 19 135 86 0.05551812 
178 433 31 23 0.05466387 
397 154 31 23 0.054487623 
876 102 8 5 0.054443277 
608 186 34 18 0.05408796 
163 565 65 46 0.054005127 
179 553 8 8 0.05374965 
962 -6 25 20 0.053717226 
797 238 55 54 0.053640004 
963 12 15 13 0.053491212 
800 106 56 56 0.052724093 
239 577 5 4 0.052616175 
249 197 129 77 0.052459706 
173 485 26 27 0.052419707 
524 175 36 22 0.052222643 
826 234 32 30 0.051509928 
146 438 31 22 0.051372435 
238 580 7 7 0.051209476 
178 548 8 8 0.051196232 
631 175 14 10 0.051023018 
401 609 25 24 0.05087608 
879 104 11 8 0.05079878 
170 461 541 349 0.050759435 
222 44 10 14 0.050614685 
741 223 46 50 0.05046565 
807 90 34 29 0.050430853 
253 74 5 7 0.05010044 
224 60 8 11 0.05000877 
230 45 8 13 0.049905706 
209 574 30 23 0.049861025 
798 146 185 197 0.04910874 
264 579 31 24 0.048891917 
216 573 10 8 0.048802134 
538 157 28 16 0.048771806 
652 420 34 56 0.048761435 
666 409 9 19 0.048253328 
277 591 32 22 0.047996458 
132 459 23 18 0.047975432 
635 170 15 10 0.047763065 
510 179 35 26 0.04770374 
851 267 19 32 0.047626723 
820 48 62 50 0.047513 
183 493 26 27 0.04750359 
119 432 27 21 0.04734464 
611 170 10 6 0.046999946 
286 600 32 26 0.046882022 
659 392 78 111 0.046867702 
211 571 9 8 0.0468632 
96 540 116 102 0.046506997 
736 -1 67 43 0.046453867 
775 201 28 29 0.046404343 
728 297 28 30 0.046217225 
864 100 9 7 0.046007358 
856 114 10 7 0.045711644 
166 581 29 32 0.0456303 
177 565 25 21 0.04560773 
295 585 28 24 0.045490835 
455 1 137 85 0.04548858 
664 487 15 33 0.04516102 
886 83 27 22 0.045082834 
870 145 63 52 0.0450466 
841 79 31 27 0.045016352 
877 125 8 7 0.045004312 
854 85 13 11 0.04479959 
185 556 6 6 0.044712875 
925 18 29 24 0.044682704 
153 497 7 7 0.044602707 
221 57 19 28 0.044524167 
854 18 30 22 0.044473097 
871 20 26 24 0.044122465 
541 162 37 21 0.044087686 
823 158 83 98 0.04403254 
116 397 150 87 0.04370244 
354 169 113 61 0.043516215 
843 113 8 7 0.04348315 
599 181 13 8 0.043451574 
1008 200 23 33 0.04342407 
187 571 12 10 0.043199234 
696 347 40 50 0.043094445 
632 171 26 18 0.043000203 
158 463 25 22 0.04295514 
132 437 26 22 0.042888153 
673 375 35 54 0.04277929 
392 177 34 29 0.04252733 
87 451 24 23 0.042424027 
830 114 10 8 0.042338204 
244 575 36 22 0.04231429 
873 107 7 5 0.042301558 
752 -185 299 135 0.04223076 
612 432 12 15 0.04220397 
197 557 22 21 0.042202648 
587 185 36 24 0.04217344 
114 463 9 8 0.042032752 
503 167 29 20 0.0419974 
236 53 6 9 0.04198819 
865 70 6 5 0.04195511 
192 456 28 24 0.04187185 
765 358 26 33 0.041824587 
552 339 489 452 0.04179523 
206 563 22 20 0.041760787 
870 100 7 6 0.04174608 
230 61 7 11 0.041677993 
495 193 39 26 0.041158136 
471 48 32 23 0.041149933 
86 511 20 21 0.04100543 
714 338 39 48 0.04078109 
940 2 19 13 0.040762905 
897 96 5 4 0.040660966 
882 96 6 4 0.040619563 
876 47 31 26 0.040547073 
878 34 26 25 0.040395413 
926 39 28 27 0.040385354 
527 194 15 11 0.04036873 
594 226 60 48 0.04030855 
157 430 32 24 0.04026904 
876 95 7 5 0.04025124 
171 477 10 9 0.04020459 
127 472 8 7 0.040198334 
977 -7 25 20 0.04016636 
820 185 7 7 0.04015939 
100 596 11 12 0.04006659 
244 69 5 7 0.039996117 
859 272 46 60 0.03997436 
139 492 6 6 0.0399392 
876 106 9 7 0.03991919 
362 614 13 12 0.039863113 
153 503 8 8 0.0398078 
167 500 26 26 0.03977207 
84 589 17 15 0.039729863 
774 233 24 28 0.039702967 
103 470 8 8 0.039678372 
253 70 4 5 0.039628204 
388 596 25 24 0.039624717 
814 224 86 116 0.03960395 
313 598 10 12 0.039599523 
708 327 75 93 0.039590944 
61 576 47 36 0.039574776 
456 174 115 70 0.03946079 
822 114 13 11 0.03938437 
846 107 29 22 0.039282043 
260 591 32 28 0.039255057 
648 176 13 11 0.039216317 
605 171 31 17 0.03916941 
134 541 26 21 0.039062977 
869 95 8 6 0.039033048 
893 22 28 22 0.03900505 
929 124 27 25 0.0390003 
197 48 37 48 0.038918156 
192 474 24 23 0.038901858 
609 447 18 26 0.038791064 
228 406 29 22 0.038744252 
942 196 15 16 0.0387373 
161 448 30 24 0.03867043 
861 113 9 7 0.038668502 
349 52 12 13 0.03864194 
876 120 8 7 0.038594864 
863 108 7 5 0.038441475 
143 546 13 10 0.038362123 
149 498 6 5 0.0383058 
863 94 9 7 0.038200714 
617 190 14 8 0.038115814 
211 562 6 6 0.038081933 
714 20 10 17 0.03807864 
164 497 8 7 0.038045093 
174 510 27 29 0.03796479 
275 209 63 44 0.0379568 
103 489 8 9 0.03790018 
527 -8 29 19 0.037860837 
883 71 28 20 0.03780741 
164 478 9 7 0.03776209 
183 509 9 9 0.037593883 
42 444 287 190 0.037575703 
871 114 6 6 0.03736436 
669 426 38 63 0.03734518 
800 228 33 33 0.03720118 
179 575 28 25 0.037117984 
167 552 24 24 0.037068624 
133 318 22 21 0.03705156 
342 52 24 25 0.03690805 
350 78 10 11 0.036884204 
170 469 11 9 0.036734022 
59 15 46 55 0.036705244 
713 186 34 25 0.036566723 
689 368 40 54 0.036492657 
775 11 31 26 0.036412273 
865 76 5 4 0.036372542 
734 418 23 36 0.036340896 
890 102 5 5 0.03633267 
103 498 12 13 0.036325105 
224 578 9 9 0.036287293 
151 455 25 22 0.03622625 
219 61 6 9 0.036206745 
892 34 28 25 0.03619443 
874 244 20 32 0.036106914 
852 114 8 6 0.03607975 
913 7 68 45 0.03599958 
183 500 11 11 0.03596323 
624 445 18 27 0.035932362 
357 622 28 22 0.03591249 
135 552 29 26 0.035882607 
336 378 31 23 0.035699356 
185 443 31 27 0.035694268 
242 74 6 8 0.035687916 
238 68 5 8 0.035578568 
374 618 30 25 0.03554314 
772 215 32 34 0.03553988 
610 382 161 188 0.035507392 
879 -7 29 21 0.03550661 
719 249 48 50 0.035452068 
135 350 30 28 0.03544891 
242 580 8 7 0.035420194 
231 64 19 28 0.03541783 
624 176 11 8 0.035322316 
211 611 33 22 0.03525501 
387 63 23 27 0.03525486 
166 540 25 23 0.035253894 
189 118 23 22 0.035226975 
893 33 12 12 0.0350945 
183 549 7 7 0.03506943 
133 426 28 22 0.035057697 
717 280 27 26 0.035045993 
629 449 39 56 0.03500073 
349 59 12 12 0.034970168 
100 482 9 10 0.034945752 
617 176 13 9 0.03492244 
874 159 14 15 0.03490997 
144 403 76 45 0.03487071 
164 490 7 8 0.03484872 
190 481 11 11 0.03481223 
769 228 50 56 0.034795735 
589 241 34 28 0.03473079 
102 465 8 7 0.0347024 
176 508 10 10 0.034676544 
883 169 115 99 0.034674793 
825 186 29 35 0.034659762 
191 516 9 9 0.034636088 
839 195 6 8 0.034634747 
271 591 14 11 0.034633968 
355 53 12 11 0.03456575 
227 25 3 5 0.034545213 
280 581 9 6 0.0345226 
218 44 48 51 0.034522157 
648 224 29 30 0.03450826 
775 460 6 13 0.03441331 
858 108 8 6 0.034375105 
628 208 29 28 0.034293238 
890 5 30 25 0.03428474 
883 121 8 6 0.034209136 
480 185 35 24 0.034188814 
248 560 34 21 0.034180254 
233 577 5 4 0.034172792 
158 471 9 7 0.034158714 
758 351 23 28 0.03403663 
947 -5 25 18 0.03394567 
768 450 15 32 0.033903062 
120 471 9 10 0.033852573 
190 469 10 11 0.0338314 
517 11 36 29 0.03373141 
617 136 23 23 0.03371673 
190 496 8 9 0.033707336 
168 570 25 25 0.033670884 
230 551 126 71 0.03364221 
54 464 26 24 0.03363569 
832 112 28 26 0.033632267 
192 522 8 8 0.033631742 
931 192 25 29 0.033630677 
680 187 22 25 0.03357083 
852 118 9 7 0.03355781 
868 210 41 64 0.033553552 
815 70 29 28 0.033546828 
810 207 10 11 0.033545356 
893 96 4 4 0.033534817 
843 142 23 25 0.033445064 
170 468 27 25 0.033418044 
510 -7 27 19 0.03340011 
184 523 8 8 0.03338049 
184 482 9 9 0.033364993 
793 210 32 33 0.033357013 
490 176 33 23 0.033344936 
96 464 7 7 0.03326249 
853 202 4 8 0.03325606 
139 450 27 20 0.0332009 
826 125 22 28 0.033190157 
975 22 11 13 0.03315356 
234 544 34 26 0.033127576 
951 2 111 106 0.033115048 
818 252 26 32 0.03310186 
686 323 38 53 0.033078197 
831 133 10 13 0.033066057 
482 39 27 22 0.033054613 
251 429 15 11 0.03303582 
190 489 8 9 0.033028558 
83 495 9 12 0.033002455 
874 130 10 10 0.032992247 
602 249 37 32 0.032955907 
224 576 7 6 0.032955706 
195 485 24 27 0.032924585 
851 194 6 10 0.032904215 
834 20 77 52 0.03289508 
136 490 7 7 0.03287513 
805 159 27 23 0.03287135 
384 51 22 25 0.032849617 
101 476 9 9 0.03283913 
107 475 8 10 0.032825876 
862 87 8 7 0.032822892 
172 483 8 8 0.0327849 
620 427 72 115 0.03278477 
85 523 57 51 0.032759104 
845 220 25 34 0.032735646 
868 123 26 24 0.03269814 
148 491 8 7 0.03267452 
863 123 10 11 0.032660846 
750 81 6 7 0.03259254 
146 563 30 24 0.032583654 
357 79 10 10 0.032581422 
825 73 11 10 0.03255401 
97 482 7 9 0.032523934 
361 369 27 22 0.03246996 
721 414 11 18 0.03243634 
964 199 11 13 0.032435484 
63 514 56 46 0.032397855 
851 58 6 5 0.03237334 
859 255 21 32 0.03235516 
66 540 27 26 0.032316245 
848 155 13 18 0.032314572 
849 104 54 49 0.032225672 
126 317 9 8 0.032205265 
611 439 41 51 0.03217766 
792 188 10 10 0.032153435 
689 148 24 26 0.032152995 
133 323 9 9 0.03210299 
771 460 20 35 0.032085378 
847 51 6 6 0.032026596 
141 435 69 55 0.032006882 
107 465 9 8 0.031991523 
227 30 3 6 0.031905986 
136 554 65 45 0.031848002 
178 483 9 8 0.0318223 
699 280 75 79 0.031788554 
859 76 7 5 0.031777974 
88 464 23 23 0.031745795 
117 446 26 19 0.03172113 
605 188 14 8 0.03167027 
767 256 26 28 0.031667333 
876 111 8 7 0.03161354 
179 535 59 50 0.031605385 
592 136 27 23 0.031539604 
966 149 9 10 0.031534657 
738 221 28 27 0.0315228 
541 54 24 24 0.031519186 
825 52 8 5 0.031515487 
831 74 9 9 0.031495195 
748 421 18 31 0.031480636 
394 54 11 10 0.031476494 
804 130 27 30 0.03144814 
173 559 10 10 0.031434506 
153 495 28 25 0.031410288 
746 25 31 26 0.031368908 
517 0 31 19 0.031362087 
782 608 7 11 0.031354632 
131 529 30 23 0.03127697 
276 574 29 20 0.031274304 
601 192 32 28 0.03126564 
935 200 50 43 0.03125771 
820 405 96 114 0.031242266 
107 481 9 12 0.03123834 
364 607 29 23 0.031235311 
786 170 30 30 0.031218924 
924 318 14 17 0.031217089 
221 111 24 24 0.03119456 
314 407 33 24 0.031184603 
868 118 8 7 0.031164946 
888 126 7 6 0.031120388 
620 192 30 25 0.031115338 
474 33 24 21 0.031113211 
123 529 64 45 0.03109949 
843 212 9 12 0.031090057 
871 389 83 93 0.031088497 
197 496 9 9 0.031087497 
107 458 10 7 0.031051908 
709 502 10 19 0.03102278 
934 8 29 19 0.03101846 
963 157 24 24 0.030976882 
834 242 41 54 0.030969845 
215 443 12 13 0.030955268 
159 478 9 8 0.030943051 
593 209 32 27 0.030880656 
812 185 10 12 0.030879881 
592 437 10 10 0.030878277 
874 10 73 44 0.030868562 
916 419 8 11 0.03084549 
722 365 27 32 0.03083572 
912 120 32 28 0.030788982 
832 189 8 9 0.030760419 
665 148 22 24 0.030756824 
519 180 19 14 0.030749211 
232 566 29 24 0.03070092 
196 486 12 12 0.030694438 
106 330 10 9 0.03068882 
876 89 7 5 0.030675784 
356 66 11 11 0.030671654 
221 438 9 11 0.030670444 
644 188 11 9 0.030652266 
362 66 11 11 0.030616404 
974 202 23 30 0.030613337 
190 556 8 6 0.030604875 
948 38 26 28 0.030601582 
127 465 8 6 0.030593121 
260 9 97 85 0.030592501 
144 7 10 13 0.030569797 
89 465 7 7 0.030559003 
842 135 11 13 0.03054166 
645 176 26 22 0.030537829 
833 200 28 37 0.030508224 
985 93 57 64 0.030458922 
61 451 25 25 0.03044955 
176 494 11 10 0.030439578 
285 -6 24 20 0.030411221 
857 30 29 21 0.030378716 
889 106 7 5 0.030375035 
282 41 26 39 0.03034651 
677 150 9 9 0.030336907 
860 117 11 9 0.030336369 
871 71 5 4 0.030330308 
186 525 23 25 0.030285213 
273 580 10 7 0.03027852 
363 631 27 26 0.03026966 
841 239 12 13 0.03024537 
176 502 11 10 0.030236386 
206 523 6 7 0.030233966 
837 130 8 11 0.030222427 
942 -2 16 9 0.030218551 
884 39 238 179 0.030212004 
201 62 19 26 0.03019529 
863 81 7 6 0.030173492 
522 45 26 24 0.030164795 
782 185 32 32 0.03015764 
197 542 7 7 0.030138003 
835 122 9 10 0.030137053 
96 489 7 9 0.03012471 
68 436 25 25 0.030107327 
854 237 12 16 0.030106463 
69 483 20 23 0.030086134 
851 107 8 7 0.030080827 
413 181 63 36 0.030079603 
751 85 5 9 0.030051185 
84 477 7 7 0.030041384 
897 223 24 38 0.030030396 
605 142 25 22 0.02998724 
310 580 27 21 0.02998509 
782 57 5 4 0.02996489 
244 61 18 26 0.029946325 
684 150 8 9 0.02993806 
157 523 30 25 0.029935386 
33 489 116 89 0.029930757 
695 161 25 26 0.02992905 
716 180 97 83 0.029915538 
981 10 11 12 0.029891146 
172 504 8 7 0.029884612 
803 206 11 12 0.029878352 
873 166 27 30 0.029870238 
146 310 22 23 0.029867467 
342 59 12 12 0.029865885 
591 225 34 28 0.029845605 
850 68 29 24 0.02983505 
152 316 9 10 0.0298153 
757 427 42 57 0.029809218 
696 488 87 108 0.029780423 
583 439 17 23 0.029762903 
389 621 30 28 0.029756831 
120 523 8 9 0.029722061 
659 506 19 35 0.02967614 
990 3 28 22 0.029657511 
857 220 8 11 0.029651916 
97 472 6 6 0.029632086 
64 465 8 7 0.029613983 
362 53 12 11 0.029612085 
659 447 8 16 0.029602699 
303 606 29 27 0.029600358 
950 343 24 34 0.029577121 
825 183 7 9 0.029538795 
846 583 35 50 0.029499114 
731 204 33 28 0.029498134 
172 496 9 8 0.029493751 
189 528 10 10 0.029442267 
880 453 27 27 0.02942776 
875 311 30 38 0.029423838 
103 484 22 24 0.029414792 
825 79 10 10 0.029408522 
676 149 23 24 0.029407352 
179 542 8 8 0.029385 
880 178 49 71 0.029360572 
871 76 5 4 0.029332072 
245 62 5 7 0.029307308 
919 435 11 15 0.029304702 
649 443 20 34 0.0292959 
682 134 24 26 0.029244633 
151 589 34 32 0.02920809 
83 464 7 7 0.029198878 
501 174 16 11 0.029180583 
883 157 29 26 0.02917422 
523 401 23 21 0.029162413 
210 587 33 26 0.029157957 
666 429 9 17 0.029154824 
518 172 19 14 0.029152585 
191 542 7 7 0.029152248 
171 457 11 9 0.02911051 
172 491 9 7 0.029103687 
847 230 13 16 0.02907621 
394 481 14 11 0.029070038 
880 132 8 7 0.029054154 
741 298 10 12 0.029048147 
851 75 9 7 0.029038332 
139 323 9 9 0.029034797 
689 434 18 33 0.029013377 
612 440 12 18 0.02900614 
685 447 41 71 0.029005572 
468 22 71 46 0.028994648 
307 598 9 9 0.028984053 
749 67 48 57 0.028959958 
139 326 24 21 0.028932624 
158 488 10 9 0.02890437 
395 35 23 19 0.028895877 
203 462 11 10 0.02888422 
219 51 8 12 0.028858904 
728 55 44 60 0.028849699 
298 92 12 10 0.028824432 
771 247 13 17 0.028820973 
77 490 7 8 0.02881444 
83 472 8 7 0.02881378 
349 66 11 11 0.02878872 
837 113 9 7 0.028775617 
233 125 25 24 0.028765922 
149 503 7 7 0.028762765 
849 156 44 57 0.02875878 
828 97 12 11 0.02873971 
305 92 11 10 0.028717874 
69 471 23 22 0.028706638 
150 463 12 9 0.028705655 
755 310 21 30 0.028702032 
66 558 28 22 0.028661683 
680 434 17 31 0.028601093 
756 87 5 7 0.028583026 
139 464 10 8 0.028582642 
83 484 8 8 0.028554201 
823 266 26 31 0.028552484 
304 579 105 78 0.028551636 
16 17 3 5 0.028540451 
796 216 14 16 0.028540345 
966 42 9 9 0.028524945 
67 595 14 15 0.028516727 
625 426 20 28 0.028485313 
575 565 28 24 0.028481944 
212 536 32 28 0.02845919 
237 424 26 20 0.028456962 
171 577 12 12 0.028455617 
823 99 33 26 0.028444728 
321 234 16 18 0.028432753 
190 118 10 9 0.028383346 
101 336 10 8 0.028378733 
1003 27 27 26 0.02837409 
924 416 24 26 0.028356679 
760 426 18 34 0.028338736 
630 141 12 13 0.02833737 
217 490 7 8 0.028336085 
299 99 10 9 0.028327692 
797 188 10 11 0.028308893 
292 273 71 47 0.028299935 
671 150 9 9 0.028289983 
120 316 9 9 0.02828714 
77 484 7 7 0.028276082 
185 542 7 7 0.028272798 
734 189 33 27 0.028265512 
140 337 8 6 0.028243592 
114 475 9 10 0.02823974 
857 68 8 6 0.028236134 
716 24 22 29 0.028233912 
191 581 33 26 0.028212242 
593 433 9 9 0.028206918 
897 76 29 22 0.028192427 
145 316 10 10 0.028189031 
257 585 14 9 0.028186277 
656 182 10 9 0.028180566 
790 588 41 50 0.028174195 
657 190 24 22 0.028173229 
27 426 150 106 0.028165253 
183 515 9 9 0.028163467 
568 190 20 14 0.028158305 
152 303 9 10 0.028156647 
614 421 7 7 0.028123654 
166 612 28 27 0.028116554 
191 549 7 6 0.028098544 
757 562 19 27 0.028084073 
196 502 9 10 0.028074514 
864 221 5 9 0.028062105 
832 51 8 6 0.028060565 
203 495 8 9 0.02806037 
133 482 9 10 0.028057963 
97 477 7 8 0.028032852 
864 215 6 8 0.028008234 
177 478 10 9 0.027989224 
995 3 13 10 0.027988678 
889 119 6 6 0.027988646 
860 509 24 25 0.027982468 
65 527 15 13 0.027968606 
925 320 52 55 0.027966708 
745 75 6 8 0.027962618 
870 99 25 18 0.02795669 
597 187 14 9 0.027921082 
83 514 8 10 0.027920842 
134 304 20 21 0.027907342 
59 506 11 12 0.02790016 
868 87 8 7 0.027878461 
835 100 13 10 0.027875677 
212 553 31 23 0.027868107 
170 465 11 9 0.027850091 
230 37 6 8 0.02784654 
858 207 6 9 0.0278461 
134 471 8 7 0.027839728 
184 489 9 9 0.027816363 
714 28 11 18 0.027799089 
972 149 22 23 0.027769674 
206 66 9 12 0.027735896 
611 183 13 7 0.027715912 
749 75 6 8 0.027704168 
859 -7 27 20 0.02769983 
712 3 11 11 0.027689528 
883 159 17 14 0.02768425 
856 230 10 15 0.02767477 
68 508 21 23 0.027670829 
884 90 6 5 0.027668526 
136 497 6 7 0.02766818 
747 100 51 61 0.027648052 
698 184 5 6 0.02764169 
101 423 25 22 0.027632006 
258 590 14 11 0.027612405 
690 150 9 9 0.027606152 
595 178 34 18 0.027605986 
775 610 8 10 0.027602844 
629 153 24 21 0.027597653 
779 467 6 12 0.027596438 
242 555 9 7 0.027592441 
604 177 14 7 0.027585482 
-2 394 133 95 0.027584786 
810 200 10 11 0.027557362 
891 8 15 13 0.027556952 
630 404 35 51 0.02755687 
304 422 34 27 0.027543837 
140 490 26 25 0.0275328 
968 5 24 21 0.02752635 
879 34 13 11 0.027512789 
177 490 10 8 0.027511097 
196 522 8 8 0.027502013 
98 585 13 13 0.027498841 
945 131 23 22 0.027486 
590 407 42 41 0.027476182 
603 172 7 4 0.02746789 
388 58 11 12 0.027461343 
208 575 15 13 0.027454177 
277 44 3 6 0.027446702 
561 363 55 50 0.02744322 
134 464 9 8 0.027435226 
897 -7 28 20 0.027417585 
461 46 68 45 0.027405985 
890 133 6 6 0.027401794 
389 55 53 49 0.027369902 
933 -14 60 38 0.0273642 
126 323 9 8 0.027355105 
113 483 8 9 0.02734366 
197 514 9 10 0.027342692 
59 355 263 173 0.027305216 
824 57 7 6 0.027277883 
610 168 6 3 0.027265515 
570 173 16 11 0.027265338 
272 585 13 10 0.027248912 
206 529 6 8 0.027216444 
90 516 9 9 0.027201302 
609 214 32 32 0.027189393 
949 192 23 25 0.027182808 
77 530 13 15 0.027166938 
343 78 11 12 0.027163176 
542 47 10 9 0.027147697 
727 25 12 16 0.027133796 
744 318 12 15 0.027117124 
146 303 9 10 0.02710693 
765 225 12 14 0.02710069 
971 156 9 9 0.027084338 
187 565 13 10 0.027081711 
536 61 9 8 0.027076602 
824 68 10 8 0.027049009 
690 157 9 8 0.027045779 
177 469 11 10 0.027040936 
180 556 23 19 0.027037783 
955 322 27 30 0.027037272 
905 140 5 5 0.02702721 
333 557 33 25 0.02701506 
842 107 10 8 0.027009364 
691 60 43 68 0.027002761 
95 336 9 8 0.026992796 
908 416 21 31 0.026990786 
121 504 6 7 0.02698763 
583 553 26 24 0.026986059 
97 519 14 12 0.026978703 
925 165 26 25 0.026957296 
278 17 4 6 0.026956351 
614 168 7 4 0.026951741 
855 124 11 10 0.026942324 
196 533 8 9 0.02694164 
740 414 75 116 0.026933901 
162 455 13 11 0.026926342 
831 84 9 10 0.026900379 
958 187 10 12 0.026888942 
133 317 9 8 0.026871974 
838 200 8 10 0.026844667 
336 58 12 13 0.02683179 
204 571 11 9 0.02682633 
242 78 7 10 0.026825901 
195 464 11 10 0.026821967 
292 99 11 9 0.026790993 
147 298 20 21 0.026772698 
677 161 23 26 0.026730651 
713 508 21 33 0.026704902 
837 73 9 8 0.02669948 
221 582 13 12 0.02667381 
940 17 27 22 0.026664762 
476 175 27 22 0.026662009 
678 26 40 60 0.02666157 
963 130 11 11 0.026650231 
240 27 45 56 0.026650103 
103 527 26 23 0.026646012 
822 323 37 54 0.02663549 
388 580 25 21 0.026634887 
744 81 6 8 0.026633589 
178 112 22 22 0.026618863 
475 68 32 26 0.026618376 
886 27 13 12 0.026613358 
522 32 31 25 0.026607465 
897 100 6 5 0.026600078 
218 67 7 11 0.026599243 
151 478 11 8 0.02659635 
252 57 3 5 0.02658023 
837 59 31 23 0.026579903 
851 213 8 12 0.026564507 
857 199 7 11 0.026558286 
311 92 12 10 0.026551502 
929 428 21 29 0.026547207 
229 104 9 11 0.026529083 
767 377 20 31 0.02652092 
129 472 24 21 0.026519954 
854 236 22 32 0.02651225 
323 392 25 20 0.02648332 
140 484 7 7 0.026475051 
914 4 31 25 0.026475035 
777 446 17 32 0.026470419 
991 17 8 9 0.026461264 
86 66 14 15 0.026452564 
696 157 9 9 0.026447084 
158 502 9 8 0.026440503 
774 267 76 111 0.02643157 
843 117 8 8 0.026430566 
699 179 5 5 0.026424004 
971 325 26 26 0.026411446 
207 556 5 6 0.02640359 
624 135 12 13 0.0264034 
196 105 22 23 0.026403038 
113 523 11 10 0.026391983 
183 532 11 10 0.026389917 
76 464 7 7 0.026389556 
72 568 30 21 0.026380192 
837 13 34 25 0.026379462 
958 42 10 9 0.026363183 
477 328 128 78 0.0263154 
273 439 9 8 0.02630689 
875 249 10 17 0.026301514 
843 195 7 9 0.02629413 
-63 -105 538 371 0.026274463 
684 157 8 8 0.026261628 
158 316 10 10 0.026260171 
431 200 40 24 0.026244046 
157 464 11 10 0.02624108 
897 133 6 6 0.026226291 
832 194 7 10 0.026221016 
671 307 38 53 0.02621873 
651 188 11 8 0.02620028 
820 161 27 30 0.026186408 
398 476 15 11 0.026185745 
88 458 9 8 0.026163047 
87 482 23 25 0.02615936 
867 59 29 26 0.026149318 
854 90 28 23 0.02614007 
194 572 12 9 0.02612095 
857 57 7 6 0.026115792 
872 322 52 62 0.026115447 
237 62 5 8 0.026106123 
631 130 20 23 0.026099619 
191 502 9 9 0.026098305 
787 456 6 12 0.026096012 
664 182 7 7 0.02608902 
925 437 12 15 0.026073106 
177 516 9 8 0.026072048 
890 444 25 24 0.026062362 
851 219 8 13 0.026061326 
134 503 7 7 0.026054937 
917 3 16 12 0.026043342 
819 177 7 7 0.026033191 
759 236 21 28 0.026031962 
962 4 15 12 0.026019445 
112 490 9 9 0.026013084 
96 459 7 8 0.025996048 
97 475 20 24 0.02599028 
710 40 44 59 0.025989003 
86 429 29 24 0.025984788 
678 157 8 8 0.025971564 
664 143 10 10 0.025965266 
346 589 27 21 0.025955746 
969 399 14 13 0.025951862 
962 325 13 16 0.025947118 
236 51 19 28 0.025907064 
510 387 23 23 0.02590066 
533 0 33 21 0.025899407 
558 169 32 20 0.025896987 
708 422 42 65 0.025889369 
251 64 4 5 0.025880892 
921 152 28 26 0.025876055 
82 458 8 8 0.025874427 
303 -7 30 21 0.02587287 
760 417 8 15 0.02586834 
948 220 29 35 0.025867235 
343 67 24 26 0.025865985 
707 433 11 18 0.025844416 
285 566 12 10 0.025843073 
982 20 9 12 0.025838172 
355 59 12 12 0.025827505 
671 143 9 10 0.025824253 
489 30 25 20 0.025817523 
774 544 16 27 0.025812944 
281 574 8 6 0.02581185 
210 443 10 11 0.025811614 
542 60 10 9 0.025810443 
145 310 10 9 0.025806032 
786 203 9 11 0.025794994 
848 303 44 64 0.025793022 
650 499 18 33 0.02578762 
195 476 11 11 0.025778819 
942 180 22 26 0.025774004 
257 537 61 51 0.025764642 
882 112 8 7 0.02572884 
140 497 6 6 0.025724765 
217 568 8 7 0.025723314 
964 13 22 24 0.025722675 
82 488 9 10 0.025721453 
851 51 7 6 0.025709795 
833 58 6 4 0.025703318 
74 526 12 12 0.025702512 
935 178 15 15 0.025701769 
248 278 32 25 0.025682904 
618 184 11 6 0.025672676 
183 468 12 11 0.02565287 
743 -20 141 80 0.025638787 
922 19 16 13 0.025638586 
861 149 9 11 0.025638185 
305 98 11 10 0.025625747 
734 327 25 28 0.02561388 
761 231 10 13 0.025613533 
936 25 16 13 0.025610903 
786 248 23 35 0.025608119 
117 458 24 21 0.02560166 
973 412 19 17 0.025589103 
652 464 21 37 0.025587438 
214 436 10 12 0.02558721 
257 242 471 408 0.025580792 
693 185 5 5 0.02558022 
276 11 4 6 0.025579536 
314 594 8 7 0.025575396 
164 310 10 10 0.025570536 
121 497 6 7 0.025558835 
389 97 26 23 0.025554797 
146 478 9 7 0.02555448 
195 528 9 9 0.02555438 
712 7 46 42 0.025550656 
196 118 10 9 0.025530024 
643 136 54 47 0.025509795 
215 453 12 13 0.025507107 
710 233 25 25 0.025502335 
706 177 29 22 0.025497735 
823 168 13 13 0.025494404 
77 478 7 6 0.025487453 
119 528 11 11 0.025482468 
690 404 20 33 0.025477648 
146 591 10 9 0.025475292 
629 490 39 58 0.025472084 
892 -23 13 11 0.025469836 
882 251 23 33 0.025466586 
410 80 24 21 0.025462285 
231 596 16 12 0.025453988 
212 496 6 8 0.025438605 
592 444 12 20 0.02543759 
885 20 14 13 0.025434388 
891 2 16 12 0.025432363 
657 142 11 12 0.025430076 
140 310 8 9 0.025424553 
249 575 10 7 0.025419097 
152 551 26 24 0.025398562 
1000 190 25 30 0.025388626 
918 35 12 9 0.02538222 
146 336 9 8 0.025371052 
832 107 9 8 0.025366476 
257 70 4 5 0.025364729 
745 348 42 55 0.025356747 
415 92 10 9 0.025355615 
139 471 9 6 0.025352694 
718 417 20 33 0.02535002 
102 459 9 7 0.025335237 
171 309 10 11 0.025332877 
910 306 113 102 0.025331637 
581 172 8 6 0.025327604 
121 490 7 8 0.02532069 
291 384 71 42 0.025318196 
770 359 10 13 0.025306072 
394 59 10 12 0.02529997 
779 457 6 11 0.025290351 
677 144 9 9 0.025284592 
289 281 30 25 0.025284162 
383 59 9 12 0.025258128 
549 406 23 21 0.025249988 
856 137 10 13 0.02524851 
369 50 22 27 0.025247982 
880 261 10 15 0.02524471 
596 173 5 4 0.025237095 
942 13 14 10 0.02523239 
788 470 5 10 0.025231348 
356 60 22 24 0.025225041 
530 61 8 7 0.025219796 
593 177 10 6 0.025203919 
64 471 8 7 0.025185488 
409 54 9 8 0.025172908 
175 531 23 24 0.025159176 
386 80 25 26 0.025148764 
112 585 12 12 0.025145683 
363 78 10 11 0.025144005 
258 64 4 5 0.0251406 
889 139 8 6 0.025137607 
575 214 31 27 0.025131565 
394 41 10 9 0.02513125 
109 4 7 10 0.02511803 
901 445 7 7 0.025112221 
516 42 10 10 0.025111163 
691 164 7 7 0.025109814 
617 142 13 12 0.025108363 
534 46 11 10 0.025098694 
898 90 5 5 0.0250819 
145 323 10 9 0.02507618 
244 55 5 8 0.025075989 
145 603 12 11 0.025075847 
504 18 68 45 0.025074927 
847 58 5 4 0.02507164 
823 127 12 12 0.025069514 
190 112 10 9 0.025057677 
205 514 6 9 0.025053825 
187 576 13 13 0.025025837 
697 164 8 7 0.025017004 
168 608 14 15 0.02500982 
625 441 11 17 0.025007958 
1001 47 28 27 0.025005784 
666 519 7 13 0.024997603 
841 64 6 5 0.024978159 
721 32 10 15 0.024967676 
264 595 15 12 0.024953738 
224 77 7 12 0.024942003 
288 66 26 27 0.024937555 
115 509 8 8 0.024932772 
982 28 8 10 0.024929909 
388 40 11 11 0.024925027 
839 69 7 6 0.024922617 
91 594 14 14 0.024905572 
204 471 8 8 0.024903376 
693 179 5 5 0.024903225 
480 86 27 23 0.024895275 
792 603 8 12 0.024882676 
463 41 26 22 0.024879979 
438 36 29 21 0.02487156 
951 176 10 10 0.024870623 
784 592 7 9 0.02486794 
129 503 7 7 0.024863014 
966 144 8 9 0.02486297 
140 304 8 8 0.024852611 
636 479 73 117 0.024836477 
457 30 23 20 0.024828667 
957 125 21 22 0.024826532 
640 203 8 7 0.02482641 
683 144 9 9 0.024823023 
140 478 7 7 0.024815952 
891 90 7 5 0.024811361 
-7 -208 62 150 0.02480971 
243 576 7 6 0.024803592 
536 401 23 21 0.024794355 
988 315 13 12 0.024765277 
964 186 11 13 0.024763172 
670 135 23 24 0.02476184 
886 192 20 30 0.024742344 
823 61 9 6 0.024739156 
713 53 21 34 0.024735581 
786 189 8 10 0.024734255 
859 113 26 22 0.024732964 
388 47 11 10 0.024726693 
-13 85 147 157 0.024725387 
488 41 15 12 0.024721844 
87 472 8 7 0.02469513 
787 449 7 12 0.024687033 
616 150 25 21 0.024680192 
647 169 14 11 0.024677865 
349 41 24 25 0.024676612 
897 139 7 6 0.024675911 
223 105 9 9 0.02467502 
508 343 24 22 0.024671815 
840 224 14 15 0.024668625 
855 -1 147 86 0.024665557 
311 98 11 10 0.024657402 
775 602 7 12 0.024653107 
164 573 10 9 0.02465045 
305 28 24 30 0.02464336 
325 250 78 45 0.024642754 
263 232 155 83 0.024636637 
836 118 8 8 0.024627794 
182 61 38 44 0.024588548 
981 49 6 7 0.024582073 
118 459 11 8 0.024575774 
139 316 9 9 0.024571579 
341 577 28 22 0.024564754 
503 -188 324 144 0.024553869 
888 232 23 38 0.024553202 
839 51 8 6 0.024546841 
63 291 146 106 0.024544062 
502 181 14 9 0.024532016 
124 71 12 11 0.024515864 
892 -17 13 11 0.024509186 
658 414 10 18 0.024509108 
215 536 67 46 0.024506696 
230 78 7 10 0.024502188 
703 462 20 33 0.024496501 
982 304 25 26 0.02448465 
389 8 130 77 0.024471765 
152 471 10 8 0.024469934 
663 508 9 18 0.024465993 
190 594 31 25 0.024461955 
407 41 12 9 0.024455804 
879 41 12 10 0.024454158 
152 490 10 9 0.02445263 
290 289 14 12 0.02444893 
818 206 11 11 0.024433274 
671 233 7 9 0.024431966 
350 85 10 10 0.024431761 
113 501 9 11 0.0244179 
165 502 8 7 0.024414707 
64 446 8 7 0.024401745 
542 54 10 10 0.024394443 
649 165 10 7 0.024381168 
918 426 10 16 0.024380965 
193 584 15 13 0.02437328 
536 55 9 9 0.024364447 
146 471 9 7 0.024362354 
141 592 8 8 0.024361467 
781 354 21 32 0.024355128 
813 165 14 13 0.024349723 
816 135 9 10 0.024340386 
671 157 9 8 0.024337877 
618 170 10 6 0.024333013 
526 176 17 12 0.024321072 
840 58 7 4 0.02432066 
697 444 18 34 0.024315897 
97 577 15 14 0.024313178 
203 503 8 8 0.024288172 
15 14 3 5 0.024285603 
599 153 26 20 0.024272429 
477 34 14 11 0.024269458 
376 66 8 11 0.024259202 
828 211 14 15 0.024251718 
230 585 38 27 0.024247525 
490 35 11 9 0.02424429 
235 449 10 11 0.02424262 
112 495 9 11 0.024226949 
626 171 9 7 0.024225678 
858 214 7 10 0.024219576 
133 457 10 9 0.02421032 
401 54 10 9 0.024206543 
832 70 8 5 0.024194617 
839 177 22 33 0.024194594 
930 40 13 11 0.024170361 
807 265 28 35 0.024164869 
780 450 6 12 0.024160832 
620 159 8 6 0.024158409 
670 137 10 10 0.024158336 
930 3 16 10 0.024149414 
716 455 21 30 0.024143053 
216 105 9 9 0.024137476 
158 310 10 10 0.02413363 
695 130 10 11 0.024133075 
76 458 8 8 0.02412559 
976 391 26 24 0.02412515 
102 304 7 8 0.02412398 
795 267 13 18 0.02412198 
727 170 160 154 0.024106413 
270 5 6 8 0.024104565 
164 465 11 9 0.024100097 
670 520 8 14 0.024099872 
762 188 8 9 0.024087638 
696 186 27 25 0.024085976 
115 317 8 8 0.024084315 
730 178 30 24 0.024083173 
138 0 18 22 0.024074515 
509 553 22 21 0.024067985 
864 278 23 36 0.024064405 
868 133 14 14 0.024054643 
127 330 8 8 0.024049887 
855 97 11 11 0.024049472 
737 275 26 32 0.024042988 
242 443 29 25 0.024037877 
96 443 25 21 0.02403627 
903 44 29 25 0.024034934 
899 -3 13 8 0.024019793 
530 55 9 8 0.024019219 
831 198 10 12 0.024007902 
236 584 10 9 0.02400039 
548 60 10 10 0.02399297 
861 237 11 16 0.0239892 
724 -8 24 19 0.023984352 
273 -8 20 22 0.023977755 
415 44 26 21 0.023971835 
201 219 130 79 0.023962952 
70 464 7 8 0.023954542 
960 142 20 23 0.023951042 
292 432 126 81 0.02393958 
892 155 14 12 0.023937173 
220 491 26 23 0.023928024 
959 437 9 12 0.023925371 
548 53 11 11 0.023925243 
292 105 11 9 0.02391703 
394 585 13 10 0.023911482 
855 41 32 26 0.0238951 
114 470 9 9 0.023891248 
127 477 10 10 0.023883693 
265 585 12 8 0.023867974 
385 12 62 44 0.023859393 
304 603 11 10 0.023855329 
946 442 22 25 0.023850111 
184 608 28 24 0.023845814 
843 205 8 10 0.02384355 
163 484 7 7 0.02383607 
975 657 68 62 0.023834873 
775 584 8 11 0.023830386 
652 135 21 24 0.023823692 
88 451 9 9 0.02381908 
299 105 10 9 0.023808222 
292 100 23 20 0.023806289 
193 578 14 12 0.023804931 
217 93 19 22 0.023803668 
838 189 6 10 0.023799997 
80 521 9 11 0.023791851 
874 442 22 28 0.023790363 
370 73 9 11 0.023787813 
534 196 16 10 0.02376587 
459 73 26 22 0.023754317 
70 457 7 8 0.023750281 
71 529 26 25 0.023723422 
121 494 22 24 0.023709297 
786 597 7 10 0.023701662 
947 422 19 26 0.023691125 
240 597 14 12 0.023689436 
116 469 22 22 0.023682155 
626 167 48 37 0.023661366 
665 150 9 9 0.023652911 
783 53 5 4 0.023640763 
286 105 10 10 0.023636855 
861 144 9 10 0.023635251 
273 44 3 5 0.023634247 
80 489 18 23 0.023631884 
209 83 20 26 0.02363031 
829 255 12 12 0.023613479 
684 164 7 7 0.023594867 
110 400 24 23 0.023589091 
198 436 24 26 0.023584498 
752 319 12 16 0.02358238 
369 66 10 11 0.023580909 
181 376 30 25 0.023580639 
260 98 11 11 0.023574993 
540 142 25 20 0.023570228 
482 22 24 20 0.023569537 
278 374 144 89 0.023561615 
918 -7 30 19 0.023560505 
113 330 9 8 0.023541477 
948 44 13 14 0.02354065 
394 47 11 10 0.02351771 
961 336 28 24 0.02351156 
209 470 8 8 0.023509989 
367 449 14 13 0.023508828 
984 163 9 9 0.023503913 
134 310 8 8 0.023500336 
464 41 9 9 0.023499832 
130 497 6 7 0.023499114 
526 200 16 12 0.023498751 
101 452 25 20 0.02349866 
120 323 9 8 0.023494978 
113 451 10 8 0.023468476 
517 337 24 22 0.023468068 
726 431 23 35 0.023453983 
383 75 9 10 0.023453524 
80 536 30 24 0.02344924 
983 3 11 9 0.02344573 
141 510 7 8 0.023445178 
209 487 8 11 0.023438165 
240 590 14 11 0.023435134 
76 452 7 7 0.023432253 
128 503 25 25 0.023421004 
187 548 25 22 0.023420565 
695 134 26 29 0.023420446 
196 112 10 9 0.023420312 
812 81 10 8 0.023419453 
77 472 7 6 0.02341037 
97 594 21 27 0.023400668 
863 63 8 7 0.023399983 
690 144 9 9 0.023398373 
683 449 17 37 0.023391698 
903 144 9 8 0.02339123 
747 193 12 11 0.023389842 
133 337 9 7 0.023389297 
971 164 9 8 0.023384042 
852 205 6 10 0.023374215 
830 140 9 14 0.023342913 
696 150 9 10 0.023333797 
598 454 10 16 0.023331322 
723 513 21 32 0.023329405 
246 50 4 6 0.023328345 
611 136 12 11 0.023319395 
199 436 12 13 0.023314595 
638 438 21 33 0.023311686 
438 66 13 10 0.023310231 
707 255 24 27 0.023309465 
926 432 9 11 0.02330821 
615 134 110 84 0.023303553 
874 261 11 17 0.023302482 
647 196 8 6 0.023296949 
923 28 15 11 0.023296751 
850 120 25 26 0.023295777 
940 142 24 25 0.023292996 
229 489 10 9 0.023290696 
940 408 20 28 0.023290558 
102 272 58 48 0.023288986 
696 124 9 10 0.023288833 
585 406 22 22 0.023266295 
159 330 8 8 0.023254406 
665 157 8 8 0.023250576 
897 441 6 6 0.023250084 
548 412 11 9 0.023248015 
211 556 6 6 0.023247901 
383 67 8 9 0.023246715 
107 444 10 10 0.023243885 
965 137 9 9 0.023241108 
713 482 20 28 0.023239383 
804 196 10 11 0.023234652 
171 297 10 9 0.023234371 
121 517 7 6 0.023230957 
211 510 6 8 0.02320581 
144 464 12 8 0.02320253 
643 150 22 22 0.023198647 
187 589 71 48 0.02319676 
429 68 26 21 0.023187041 
201 20 38 46 0.023187041 
907 439 28 29 0.02318636 
762 183 7 8 0.023186339 
969 346 61 48 0.023185313 
277 75 5 8 0.023185063 
241 252 72 42 0.023184638 
403 49 24 22 0.023181727 
120 509 7 7 0.023180353 
509 25 28 24 0.02317986 
528 21 12 10 0.023177769 
140 331 8 6 0.023175033 
702 156 10 10 0.023172176 
591 167 4 3 0.023157854 
376 470 24 23 0.02314141 
703 118 8 9 0.023119368 
81 492 57 50 0.02311928 
873 262 23 33 0.023117881 
274 98 10 11 0.023109524 
703 124 8 10 0.023083454 
221 43 5 9 0.023081962 
123 418 28 21 0.023074824 
706 274 24 25 0.0230584 
965 403 12 14 0.023056835 
307 176 26 24 0.02305055 
182 595 12 14 0.023050038 
123 605 6 8 0.02304816 
184 119 9 8 0.023032494 
856 175 9 13 0.02303087 
845 202 6 7 0.023012497 
613 460 20 27 0.023003513 
493 48 29 25 0.022993244 
386 631 14 15 0.022989327 
867 4 12 9 0.022981994 
924 440 20 27 0.022978313 
526 14 13 11 0.022971889 
652 323 37 47 0.02296953 
126 311 20 20 0.022947213 
988 18 58 55 0.022945957 
227 456 12 13 0.022945406 
637 136 11 12 0.022943322 
177 464 11 8 0.022936665 
106 450 11 10 0.02293186 
362 40 11 11 0.022929378 
515 552 12 11 0.022924997 
361 590 27 23 0.022924263 
210 61 8 11 0.022915652 
235 98 10 11 0.02291195 
68 495 8 10 0.022895185 
305 15 11 10 0.022892145 
605 441 11 15 0.022889456 
746 434 9 14 0.02288371 
225 432 23 24 0.022858785 
318 598 27 22 0.02285688 
62 497 9 8 0.022851037 
718 398 19 28 0.022848032 
689 130 10 11 0.022844208 
767 26 28 22 0.022843126 
873 15 12 11 0.022838524 
695 137 10 10 0.02283848 
536 67 9 9 0.022828268 
219 562 7 6 0.02282688 
729 579 7 8 0.022822382 
197 565 11 10 0.022822171 
765 77 4 5 0.022805128 
737 281 13 15 0.022805039 
767 14 74 49 0.022802742 
466 349 24 23 0.022798413 
825 176 9 9 0.022793224 
678 164 8 7 0.022792634 
123 480 23 25 0.02278281 
638 449 9 14 0.022779126 
254 97 10 12 0.022774262 
233 19 3 5 0.02277309 
228 111 11 10 0.02277168 
203 105 9 9 0.022756431 
135 586 33 28 0.02274125 
431 47 14 11 0.022741007 
870 82 7 6 0.02273685 
279 560 24 21 0.02273181 
651 475 31 52 0.022709407 
303 571 27 21 0.022672724 
977 32 10 12 0.022665866 
773 365 11 13 0.022657841 
317 92 12 10 0.0226301 
842 74 11 8 0.022627898 
889 115 6 5 0.022627871 
149 457 13 10 0.022624774 
890 170 24 26 0.02262165 
776 371 20 34 0.022610636 
510 54 8 9 0.022610562 
589 177 8 6 0.022607882 
969 325 14 15 0.02260463 
862 82 29 22 0.02260422 
832 64 6 4 0.022601712 
939 28 27 27 0.022596972 
235 555 9 7 0.022594415 
689 124 10 10 0.022593675 
208 78 8 11 0.022589823 
792 597 7 10 0.022587944 
741 620 302 171 0.022576278 
165 297 9 9 0.02257431 
839 271 8 11 0.022572216 
382 53 11 11 0.022566797 
879 -23 13 10 0.022565277 
806 188 8 9 0.022561213 
203 111 10 10 0.022558726 
677 137 9 10 0.022556378 
337 85 10 11 0.022551876 
850 125 9 9 0.022545844 
266 434 23 20 0.022543387 
120 325 23 21 0.022536261 
757 81 5 7 0.022533964 
406 100 25 21 0.022524504 
203 118 10 9 0.022515487 
232 24 3 6 0.022514278 
809 220 13 13 0.022513496 
394 590 13 12 0.022508739 
287 99 9 10 0.022508238 
871 232 7 11 0.022501146 
220 429 11 11 0.022492226 
126 311 8 7 0.022483371 
253 50 3 5 0.022467397 
777 254 13 16 0.022466075 
633 202 9 7 0.022462666 
772 237 14 16 0.022460368 
194 454 13 12 0.022459416 
355 382 27 22 0.022457609 
275 575 8 6 0.022454804 
670 130 10 11 0.022452183 
150 413 34 24 0.022450032 
730 0 26 19 0.02244992 
229 99 9 9 0.022442602 
703 163 8 9 0.022442166 
198 549 6 6 0.022432823 
114 10 5 8 0.022422526 
103 312 19 20 0.022422377 
748 61 8 10 0.022422021 
143 450 14 11 0.022420717 
799 180 9 10 0.022414321 
756 76 5 6 0.022409953 
733 192 13 11 0.022408806 
856 186 9 15 0.022388857 
953 418 8 11 0.022378877 
267 -1 17 23 0.022377124 
897 14 15 13 0.022376236 
768 139 7 9 0.02237168 
158 303 10 10 0.0223666 
415 87 11 8 0.022366142 
212 502 6 8 0.022362646 
989 20 24 26 0.022361675 
223 99 8 9 0.02234362 
965 155 10 11 0.022327106 
870 239 7 12 0.022326743 
965 437 9 12 0.022323005 
740 292 10 10 0.022321915 
202 423 23 25 0.022309622 
287 572 10 7 0.02230538 
770 482 5 10 0.022301266 
882 445 6 7 0.022293169 
602 176 99 83 0.022282237 
665 164 7 7 0.02227951 
389 67 9 10 0.022277182 
177 533 11 10 0.022276245 
133 330 9 8 0.022269422 
703 146 27 27 0.022267418 
296 32 92 106 0.0222672 
337 79 11 11 0.022263339 
990 8 11 11 0.022261212 
793 202 9 9 0.022256495 
638 441 9 13 0.022256091 
283 23 4 7 0.022255002 
210 99 8 9 0.022248417 
281 18 4 6 0.022247434 
131 337 26 20 0.022245856 
216 470 8 9 0.022241639 
707 420 11 19 0.022240628 
650 142 11 12 0.022237813 
833 38 32 29 0.022235323 
876 82 6 6 0.022234598 
285 586 10 8 0.022233745 
495 22 12 10 0.022231797 
683 130 10 11 0.022226812 
589 349 50 53 0.022224335 
548 47 10 10 0.022221413 
247 132 23 22 0.022215616 
759 425 11 21 0.022214007 
960 172 21 23 0.022211066 
169 586 14 16 0.0222101 
963 351 12 15 0.022208486 
402 41 10 9 0.022208203 
382 47 11 10 0.022206696 
620 167 7 5 0.022203397 
222 -189 326 146 0.022201126 
459 170 25 20 0.02219977 
864 128 11 12 0.022195304 
452 356 26 25 0.022193437 
219 411 26 24 0.022191634 
315 241 16 16 0.022186292 
667 383 21 35 0.022184877 
253 44 3 5 0.0221842 
545 -7 29 19 0.022184188 
144 597 13 11 0.022180585 
631 450 21 31 0.022175416 
617 459 10 15 0.022165285 
738 4 31 23 0.02215465 
702 130 10 11 0.022154149 
277 49 4 6 0.022153033 
954 430 19 25 0.02215141 
934 229 29 31 0.02214761 
123 600 6 7 0.022147229 
559 182 345 359 0.022146424 
809 591 19 32 0.022140784 
683 137 10 10 0.022136843 
190 291 10 9 0.022129137 
958 363 21 26 0.02212811 
736 420 41 55 0.022127194 
388 73 13 14 0.022125935 
115 17 5 7 0.022124438 
897 312 35 34 0.022103496 
850 277 9 13 0.022095859 
105 585 13 13 0.022091307 
689 137 10 10 0.022088718 
238 568 7 6 0.022076475 
861 467 92 110 0.02207449 
528 61 23 23 0.022066882 
290 572 14 11 0.022065008 
211 529 6 8 0.022064878 
758 219 12 13 0.02205185 
608 388 76 92 0.022051254 
732 298 85 94 0.022047283 
645 158 9 7 0.022036986 
223 490 9 8 0.022034641 
867 52 13 11 0.022033062 
248 -8 20 22 0.022030408 
147 484 9 8 0.02202594 
203 477 10 9 0.02202291 
379 640 15 15 0.022019718 
371 579 58 42 0.022017999 
952 424 9 12 0.022014149 
172 552 10 9 0.02200857 
639 195 9 7 0.02200659 
56 596 47 39 0.022005802 
880 284 34 34 0.022000307 
767 194 8 10 0.021997565 
120 330 9 8 0.021997448 
972 143 8 10 0.021996858 
695 420 11 18 0.021996262 
819 81 10 10 0.021994924 
426 92 13 9 0.021974726 
134 304 7 8 0.02197295 
599 454 21 29 0.02197117 
376 53 10 11 0.021968285 
105 572 13 12 0.021965366 
297 599 11 9 0.02196233 
190 597 11 11 0.021960229 
197 105 9 9 0.021960076 
152 297 9 9 0.021957036 
625 184 11 8 0.02194919 
235 -15 21 22 0.02194863 
221 30 3 6 0.021948066 
127 523 7 7 0.021944443 
749 67 6 8 0.021943502 
767 60 28 24 0.021942964 
182 584 11 12 0.021930374 
422 488 435 499 0.021928487 
265 57 3 5 0.02192651 
720 295 12 13 0.021926275 
657 396 19 34 0.021924663 
278 24 3 6 0.021921517 
777 368 13 18 0.021919113 
228 118 10 9 0.021915738 
409 66 9 11 0.021903578 
363 464 23 24 0.021898411 
779 595 9 12 0.021898355 
154 477 26 25 0.021898013 
425 361 29 27 0.021895545 
77 446 7 7 0.021891322 
150 553 12 10 0.021890946 
122 560 29 34 0.021889156 
957 205 13 14 0.021887342 
664 178 7 7 0.021886762 
646 461 8 14 0.021868017 
869 -1 9 6 0.02186731 
400 73 10 11 0.021866405 
958 47 10 11 0.021866025 
279 567 11 9 0.021863895 
720 245 25 29 0.021857908 
880 4 13 10 0.021857588 
964 312 25 26 0.021854708 
143 0 88 100 0.021853317 
83 451 8 8 0.021849824 
664 136 10 11 0.02184847 
892 262 24 29 0.021847237 
164 316 10 10 0.021847181 
96 496 8 10 0.021843884 
950 15 12 9 0.021835782 
982 155 23 24 0.021829737 
630 469 10 12 0.021826092 
918 312 14 17 0.021824384 
657 189 10 8 0.021817911 
798 207 11 12 0.021816099 
889 586 8 9 0.02181304 
75 462 59 51 0.021810584 
896 445 7 6 0.021808341 
51 476 22 23 0.021797637 
708 195 10 8 0.021793611 
904 8 15 12 0.021781629 
696 143 9 10 0.021780746 
827 243 17 14 0.021778408 
515 33 13 11 0.021777455 
121 311 8 8 0.021776875 
114 323 9 8 0.021775058 
69 471 8 7 0.021766832 
807 75 9 7 0.02175809 
740 467 11 18 0.021751197 
525 344 7 6 0.021747746 
74 458 25 23 0.021743618 
328 416 29 29 0.021742232 
520 217 29 24 0.02174163 
701 432 21 33 0.02173822 
255 79 6 9 0.021735756 
376 38 25 25 0.021733271 
286 580 10 7 0.021731434 
152 326 23 21 0.02173117 
830 181 10 13 0.021730227 
951 187 10 12 0.021726443 
869 26 15 12 0.021703992 
816 111 12 10 0.021702334 
107 506 10 10 0.021700628 
982 35 9 9 0.021697095 
217 99 8 9 0.021696266 
535 10 11 8 0.021690765 
517 350 26 23 0.021685094 
214 429 11 12 0.021680601 
343 65 11 12 0.021675125 
232 616 32 23 0.021674313 
517 62 8 8 0.02167284 
140 598 9 9 0.021668496 
154 383 31 22 0.021665752 
141 477 26 22 0.021662284 
975 604 24 23 0.021658152 
775 547 6 10 0.02165614 
210 105 9 9 0.021655044 
818 51 9 6 0.021654787 
305 105 10 9 0.021644587 
674 421 10 20 0.021638645 
593 124 25 22 0.021634884 
659 429 7 15 0.021632548 
191 507 11 10 0.021628046 
791 280 23 34 0.02161187 
665 171 7 7 0.021603659 
239 443 12 10 0.021593107 
229 126 8 7 0.021579865 
861 278 10 17 0.021579726 
747 293 10 11 0.021577911 
542 67 9 9 0.021577315 
240 429 14 11 0.021569803 
241 548 10 8 0.0215583 
319 197 58 46 0.021553723 
464 37 9 8 0.021553628 
108 304 8 8 0.021551024 
644 478 19 33 0.021546675 
722 530 21 29 0.021544589 
716 410 10 16 0.021543205 
597 442 10 13 0.021542411 
547 40 11 11 0.02152615 
688 357 26 35 0.021525003 
70 446 8 7 0.021516738 
842 128 11 12 0.02151546 
152 331 9 7 0.021512412 
596 167 5 3 0.021510957 
184 415 124 110 0.021506028 
341 621 25 23 0.021505771 
704 112 7 9 0.021503672 
161 392 31 22 0.02150088 
747 259 43 48 0.021491544 
693 203 29 31 0.021487147 
899 450 11 10 0.021486858 
618 149 11 10 0.02148587 
985 43 6 7 0.021479303 
518 54 7 9 0.021474648 
157 590 12 11 0.021473432 
200 409 29 23 0.021470442 
203 117 22 24 0.021468677 
114 -29 23 25 0.02146041 
683 124 10 10 0.021459479 
850 137 10 12 0.02145707 
171 291 10 9 0.02145699 
267 98 10 11 0.021453327 
926 180 15 14 0.02144749 
674 179 5 5 0.021441557 
198 529 22 30 0.021439083 
626 427 11 16 0.021433385 
133 439 10 9 0.021426 
211 523 6 8 0.021425152 
172 599 30 27 0.021424387 
867 9 13 10 0.021423234 
965 163 9 9 0.021420503 
937 34 13 11 0.021413088 
775 474 6 12 0.021411058 
952 -179 117 123 0.021404067 
615 160 7 5 0.021403871 
273 452 10 8 0.02140188 
863 226 7 12 0.02140161 
734 297 11 12 0.02140091 
970 193 10 13 0.021400483 
970 170 11 10 0.021396555 
579 131 26 22 0.021394545 
836 142 9 11 0.021387208 
503 35 12 8 0.02138583 
878 70 6 6 0.021370193 
722 579 7 8 0.021369485 
612 192 14 10 0.021365238 
583 167 5 3 0.021362083 
860 3 28 23 0.021356527 
727 418 9 13 0.021356037 
376 60 9 11 0.021351583 
219 78 6 10 0.02134946 
130 489 7 9 0.02134433 
618 124 22 23 0.021341521 
170 566 12 11 0.021340936 
673 140 97 93 0.021336772 
819 193 9 10 0.021331323 
957 331 12 15 0.021325495 
929 386 24 25 0.02132242 
300 233 35 30 0.021321863 
911 321 13 15 0.021315822 
850 186 8 14 0.021314977 
969 146 92 104 0.021314828 
218 528 8 7 0.02131271 
226 449 12 13 0.021312425 
736 435 11 15 0.02130823 
677 130 9 11 0.021306647 
922 7 17 13 0.021306125 
541 405 12 11 0.021303328 
794 593 5 8 0.021303255 
127 -7 21 21 0.021296214 
184 112 9 8 0.021292081 
922 111 28 23 0.021286257 
251 78 6 9 0.021281188 
171 508 9 9 0.02127798 
585 428 19 21 0.02127715 
983 193 11 14 0.0212688 
770 578 41 49 0.021256134 
605 194 15 9 0.021253936 
57 452 8 8 0.021251451 
89 564 28 25 0.021242717 
108 317 8 8 0.021239018 
84 17 93 90 0.021232793 
680 179 5 5 0.021227183 
590 171 6 4 0.021225652 
676 500 18 33 0.021225486 
395 67 9 10 0.021217594 
981 320 14 13 0.021216564 
243 562 7 6 0.02121521 
880 138 9 8 0.02121496 
497 567 25 21 0.021214811 
238 77 7 11 0.021214148 
964 367 10 14 0.021207346 
510 47 9 9 0.021202726 
190 125 10 8 0.021202661 
338 19 102 97 0.021190528 
650 157 9 9 0.021184368 
57 471 8 8 0.021182606 
114 548 31 24 0.021178108 
612 143 11 10 0.0211771 
678 496 8 19 0.021168988 
775 450 6 12 0.021164991 
863 136 10 11 0.021161072 
774 195 8 10 0.021147823 
669 516 18 31 0.021143865 
726 36 12 18 0.021142725 
715 263 27 28 0.021142129 
377 74 7 9 0.021138567 
639 460 8 14 0.021132609 
893 40 12 11 0.02113187 
608 473 46 61 0.021128545 
219 509 60 41 0.021125665 
711 291 14 16 0.021120958 
121 482 9 10 0.021120057 
869 141 12 12 0.021115014 
731 185 15 13 0.02111256 
279 98 10 11 0.021111159 
576 165 7 5 0.0211089 
128 510 6 6 0.021107879 
672 184 7 6 0.021097858 
235 104 10 11 0.021092298 
363 34 11 11 0.021091389 
401 87 23 21 0.021090915 
997 16 10 10 0.021090254 
224 483 8 9 0.021088202 
503 42 12 10 0.021087572 
902 95 7 6 0.021082956 
530 68 9 7 0.021071715 
110 517 25 24 0.02106738 
777 267 25 30 0.02106318 
291 22 23 31 0.021053925 
152 310 9 9 0.021051196 
956 293 27 30 0.021050699 
599 413 23 22 0.021049585 
142 505 6 5 0.02104675 
81 22 48 51 0.021044055 
806 56 9 6 0.02103861 
949 193 13 14 0.021037888 
905 134 6 5 0.02102881 
763 367 14 19 0.021024693 
722 434 10 17 0.021023648 
594 426 9 9 0.021022901 
964 27 11 11 0.021010356 
522 4 13 9 0.021000993 
636 165 12 8 0.02099602 
688 441 9 17 0.020989232 
626 277 32 30 0.020985428 
542 419 23 22 0.020977315 
192 -6 76 82 0.020966228 
136 510 6 6 0.020966038 
918 326 12 15 0.020964745 
69 483 7 7 0.020958766 
340 398 133 91 0.020958262 
943 210 12 15 0.020957481 
376 47 10 11 0.020949576 
760 209 25 29 0.02094807 
774 426 17 34 0.02093974 
663 452 20 38 0.020934988 
412 462 14 12 0.020928666 
828 118 12 11 0.020918487 
211 53 6 10 0.020918222 
387 475 13 12 0.020917095 
697 196 8 8 0.02091563 
283 593 14 10 0.02090264 
903 15 31 22 0.02090151 
388 451 25 23 0.020899583 
608 401 23 24 0.02089897 
510 46 23 26 0.020889753 
127 337 9 7 0.020888863 
849 186 21 33 0.02088602 
293 16 9 10 0.020883892 
529 419 22 21 0.020879513 
375 469 11 11 0.020879272 
605 137 12 9 0.020877013 
329 58 13 14 0.020876555 
524 55 8 8 0.02087414 
963 210 13 16 0.020874055 
25 557 121 82 0.020862464 
174 491 57 50 0.020861492 
715 38 10 15 0.020861167 
152 336 10 8 0.02085872 
496 35 11 9 0.020853296 
148 562 14 13 0.020844558 
835 156 24 36 0.020841533 
351 92 9 10 0.020839937 
730 337 15 16 0.020837223 
177 309 10 11 0.020834828 
114 599 8 8 0.020833641 
841 89 15 14 0.020829825 
196 512 23 31 0.020826984 
899 27 14 12 0.020825494 
524 62 8 7 0.02081893 
690 460 18 36 0.020815907 
653 449 7 14 0.020814355 
515 -16 27 20 0.020813186 
627 242 38 30 0.020812778 
901 441 6 7 0.0208113 
748 180 25 27 0.020806482 
624 458 12 16 0.020803537 
727 402 22 32 0.020794671 
210 105 22 23 0.020782454 
754 346 10 15 0.02078244 
60 519 14 13 0.020782385 
382 328 137 90 0.020780722 
688 343 13 19 0.020774992 
969 370 12 14 0.020771924 
132 451 11 9 0.020771857 
887 140 29 26 0.020771625 
807 396 19 35 0.020768186 
171 318 24 23 0.020767832 
850 268 10 15 0.020767001 
709 163 9 9 0.02076528 
787 586 6 9 0.020758234 
984 48 6 8 0.020757612 
903 162 24 28 0.020755105 
308 205 26 27 0.020752996 
159 310 22 23 0.020743512 
426 599 10 11 0.020743234 
873 508 25 27 0.02073737 
710 112 8 9 0.020735754 
400 98 12 10 0.020734068 
305 92 23 22 0.02073203 
217 496 7 9 0.020730492 
150 547 10 8 0.020725545 
101 349 9 8 0.020717937 
918 42 14 11 0.020716727 
801 343 20 28 0.02071089 
102 317 7 8 0.02070346 
217 484 7 8 0.020703271 
604 168 5 3 0.020701729 
805 183 8 7 0.020700878 
952 489 9 11 0.020699617 
292 91 11 12 0.020698003 
74 495 8 9 0.020696213 
497 28 11 10 0.020692654 
207 534 6 9 0.020689674 
878 164 15 15 0.020688653 
233 488 26 22 0.020675214 
88 580 27 27 0.020662144 
626 158 9 7 0.02066122 
157 548 11 9 0.020654548 
438 87 12 9 0.020654056 
958 136 10 10 0.02064515 
702 290 8 12 0.020640042 
658 515 9 18 0.02063147 
119 451 12 8 0.020618815 
656 313 165 186 0.020616554 
877 75 6 6 0.020609494 
277 71 5 6 0.020608556 
208 480 22 27 0.020604447 
786 436 19 35 0.02060389 
282 12 5 6 0.020600744 
228 496 10 10 0.020598607 
401 93 10 10 0.020597667 
720 589 11 11 0.020583356 
880 -28 23 19 0.020582894 
579 176 28 23 0.020582221 
971 25 12 14 0.020578135 
299 605 10 8 0.020576214 
686 179 5 5 0.020575332 
437 92 12 10 0.020570507 
633 186 29 22 0.020570496 
174 581 14 16 0.02057014 
646 450 7 13 0.020569488 
43 483 23 24 0.020568557 
696 118 9 10 0.020567143 
698 172 6 6 0.02056592 
172 541 9 8 0.020550635 
710 118 8 9 0.020550562 
474 614 29 22 0.020538317 
177 297 10 9 0.020534212 
951 340 104 107 0.020529712 
898 209 10 18 0.020528268 
779 469 18 33 0.020523705 
775 430 6 13 0.020522753 
980 42 6 7 0.020511646 
255 91 19 24 0.020511461 
3 340 158 97 0.020508962 
640 469 7 12 0.020503523 
394 98 12 10 0.020498862 
129 28 6 8 0.020496983 
529 392 23 22 0.020496069 
720 598 12 12 0.02048842 
666 396 8 17 0.020487798 
679 196 8 9 0.020484433 
964 -2 11 7 0.020482909 
408 86 10 9 0.020470427 
657 193 13 11 0.020469984 
759 454 17 33 0.020468079 
199 447 13 13 0.020465324 
520 200 35 26 0.020454524 
502 34 25 24 0.020451523 
577 233 31 27 0.020450676 
73 22 19 33 0.020450253 
773 206 10 13 0.020448076 
554 46 24 26 0.020447562 
710 106 8 9 0.02044582 
207 589 15 14 0.020445509 
972 49 7 7 0.020445006 
848 306 21 31 0.020444084 
618 130 12 11 0.020441713 
979 163 9 9 0.020440746 
451 73 12 9 0.020438684 
657 170 8 8 0.020438604 
710 124 8 10 0.020437932 
780 192 9 12 0.020429544 
84 554 54 48 0.020428317 
372 574 115 75 0.020417716 
657 524 8 16 0.020409115 
168 11 4 6 0.020408845 
88 510 7 8 0.020399274 
676 124 10 10 0.020398604 
977 193 11 13 0.020388646 
89 316 7 8 0.020388382 
243 568 7 6 0.020365067 
786 617 7 10 0.020356711 
53 474 55 53 0.020350322 
554 411 12 11 0.020349197 
798 609 8 12 0.020343749 
692 172 6 6 0.020342529 
163 564 12 12 0.020341793 
120 592 9 10 0.02034056 
490 29 11 8 0.020335369 
114 516 9 7 0.020333918 
727 585 9 9 0.020333383 
643 202 33 27 0.020333236 
524 41 10 9 0.020332938 
703 286 6 9 0.020325398 
158 297 9 9 0.020318314 
171 516 9 8 0.02031114 
270 80 5 7 0.020307345 
609 161 26 18 0.020298205 
707 521 22 35 0.02029551 
767 433 9 18 0.020288518 
611 130 12 11 0.020287475 
120 336 9 8 0.020283133 
370 30 53 50 0.020280255 
624 462 20 26 0.020279126 
702 277 7 9 0.02027867 
235 548 10 8 0.020277385 
177 522 8 8 0.020270651 
77 583 17 14 0.02026652 
950 53 11 11 0.020263767 
643 141 12 13 0.020253526 
278 561 13 10 0.020252613 
764 374 90 132 0.020252373 
222 111 10 10 0.020249842 
779 63 8 5 0.020248663 
825 135 9 10 0.020242205 
718 74 37 61 0.02024106 
784 50 27 19 0.020232707 
704 171 7 7 0.020229578 
624 148 11 12 0.020226398 
380 450 13 12 0.020219605 
795 323 22 29 0.020211048 
972 370 25 24 0.020209845 
219 503 26 23 0.020198692 
977 -2 10 7 0.020196917 
147 -16 19 22 0.020194484 
1001 31 14 14 0.020194149 
704 190 9 8 0.02019322 
138 438 12 10 0.020192767 
252 25 3 5 0.020184994 
952 436 9 12 0.020183882 
335 254 33 27 0.02017836 
801 56 7 5 0.020173544 
811 131 11 11 0.020171816 
764 255 14 15 0.020170812 
645 164 23 21 0.02016841 
40 468 26 24 0.020166887 
957 193 12 13 0.02016138 
165 330 9 8 0.020160098 
343 611 54 41 0.020158784 
381 621 15 13 0.020156546 
857 48 10 8 0.020148434 
966 34 10 10 0.020147348 
179 119 8 8 0.020147258 
234 118 11 9 0.020147055 
888 144 10 9 0.0201463 
784 259 12 17 0.020143423 
216 118 9 9 0.020141996 
264 75 4 6 0.020140989 
184 125 9 8 0.020137269 
912 -3 13 9 0.020136632 
827 160 15 17 0.020132767 
773 530 10 15 0.020130035 
727 -2 12 10 0.020126443 
672 197 23 26 0.020120438 
134 443 10 10 0.02011805 
861 3 12 9 0.02011272 
861 154 10 13 0.020101182 
930 16 14 10 0.020098643 
247 437 12 9 0.020094827 
923 45 13 13 0.020082353 
888 458 9 9 0.020079087 
706 402 20 32 0.020075563 
643 165 11 8 0.02006785 
631 130 11 12 0.020066762 
547 357 29 26 0.020061728 
903 90 6 5 0.020060413 
881 -2 10 7 0.020058807 
773 189 9 10 0.020058254 
755 336 7 11 0.020058166 
970 42 9 9 0.020056915 
208 44 4 5 0.02005503 
804 448 50 55 0.02005246 
613 425 9 11 0.020052027 
96 319 20 20 0.020051436 
607 419 9 9 0.020051276 
716 84 9 11 0.020050462 
241 98 10 11 0.020049846 
540 399 13 11 0.020044396 
917 413 6 9 0.020042332 
940 124 10 10 0.020037431 
125 438 12 10 0.020027947 
271 16 5 8 0.020025766 
766 554 17 31 0.020019934 
293 86 21 21 0.020019434 
527 9 12 9 0.020009207 
236 43 5 8 0.020008354 
126 304 8 7 0.020006923 
74 502 9 9 0.02000421 
993 200 24 31 0.020001337 
