24_Soldier_Firing_Soldier_Firing_24_133
2852
542 428 30 36 0.37603718 
376 488 29 22 0.18818147 
696 285 186 169 0.18806297 
486 308 44 41 0.17850041 
330 424 14 13 0.16751982 
445 291 15 25 0.13237002 
706 235 5 8 0.12660699 
-20 -191 194 167 0.12554626 
720 370 10 9 0.12510155 
706 243 6 8 0.11997951 
447 275 5 8 0.11552679 
602 398 7 8 0.11293119 
807 225 19 23 0.10647618 
589 161 428 388 0.106379524 
494 268 27 25 0.10609064 
280 90 12 14 0.10521341 
640 479 105 112 0.10499383 
416 261 166 166 0.0949885 
110 214 135 85 0.09110773 
349 163 22 25 0.09075903 
717 230 8 8 0.09047536 
392 473 27 23 0.087257035 
482 292 33 27 0.08607274 
391 393 9 11 0.08472402 
532 399 18 26 0.08373856 
466 267 50 43 0.08329199 
100 216 14 12 0.083101235 
489 390 9 11 0.08296827 
353 364 77 83 0.078856304 
493 478 50 57 0.07879965 
361 489 4 5 0.07862851 
699 392 12 11 0.07463853 
319 172 22 26 0.07334659 
379 543 14 16 0.0730215 
458 346 4 5 0.07170533 
474 325 36 28 0.07113348 
656 518 5 8 0.070687614 
438 243 101 73 0.0701238 
314 424 13 12 0.069602996 
268 310 68 43 0.069507435 
610 471 7 13 0.06931044 
691 219 88 90 0.068766154 
262 362 95 74 0.0664548 
85 437 24 24 0.065879725 
119 98 111 67 0.06543513 
400 373 25 21 0.06504126 
275 340 61 48 0.064966194 
354 443 5 6 0.064339936 
354 455 11 13 0.06382637 
363 459 84 88 0.06317865 
358 448 5 6 0.063002445 
97 477 13 10 0.061702114 
98 219 23 20 0.061611935 
247 261 32 22 0.061405536 
610 462 4 6 0.06095787 
827 -182 285 138 0.060762677 
304 301 52 45 0.060134746 
348 488 5 5 0.059959993 
734 235 8 7 0.0594959 
333 398 27 23 0.059255555 
446 445 21 25 0.05924899 
354 446 6 7 0.05922622 
95 437 9 9 0.059041277 
674 233 9 11 0.057435043 
340 168 35 44 0.057071052 
603 389 5 6 0.05650447 
504 456 26 26 0.05593987 
406 464 27 23 0.05548341 
508 323 13 14 0.054834057 
405 324 20 30 0.054387618 
361 492 4 6 0.054126054 
381 358 44 44 0.05394649 
461 347 5 4 0.0537802 
353 488 4 4 0.053496353 
802 475 5 5 0.053477846 
685 460 5 5 0.052778967 
-4 231 35 70 0.052407444 
751 469 4 5 0.05230082 
261 186 42 46 0.052228745 
710 230 7 7 0.05220513 
508 281 15 15 0.051945247 
155 123 34 30 0.05176514 
391 464 48 46 0.051743995 
457 343 4 4 0.05170905 
381 414 9 10 0.05151337 
544 344 7 12 0.051417362 
724 231 26 29 0.051314246 
595 454 6 9 0.05104024 
613 395 8 9 0.05102251 
624 451 7 12 0.05099184 
343 379 44 53 0.050823513 
-7 538 71 120 0.05067326 
142 455 7 6 0.050653767 
41 215 48 54 0.050567873 
811 224 11 12 0.050309736 
211 268 27 21 0.050131112 
223 364 31 23 0.050110146 
267 183 25 23 0.0499809 
163 263 26 21 0.04961612 
814 475 6 5 0.049468018 
305 362 28 30 0.048835736 
370 399 25 26 0.048801463 
437 294 91 90 0.048652135 
103 444 30 22 0.048564315 
210 269 6 6 0.04851552 
360 480 6 6 0.04834923 
358 444 4 6 0.048319932 
204 281 9 8 0.048225302 
113 16 118 115 0.048156153 
425 295 4 6 0.048129335 
596 402 5 7 0.0481103 
526 -210 526 247 0.04808109 
434 449 24 25 0.04799892 
514 317 22 27 0.047873788 
154 192 5 4 0.047750983 
750 237 7 7 0.047190703 
610 466 6 11 0.04716527 
130 121 30 23 0.047007225 
738 468 5 5 0.046837177 
153 271 131 97 0.046759237 
987 606 5 9 0.046589453 
706 257 6 8 0.046421997 
389 385 25 22 0.04633853 
40 -210 526 247 0.04627553 
216 356 77 48 0.046158846 
199 281 8 7 0.046116937 
221 252 61 39 0.04599498 
202 275 24 20 0.045967873 
388 421 7 8 0.045843534 
130 173 26 22 0.045832336 
707 462 5 5 0.045801576 
408 197 29 24 0.045740355 
416 387 9 9 0.04558472 
139 458 9 8 0.04557493 
723 453 5 6 0.045429528 
855 338 24 25 0.045228254 
813 599 5 7 0.04513855 
89 451 16 16 0.045076102 
229 244 31 26 0.044811316 
113 435 9 7 0.044706494 
85 442 7 7 0.044462476 
215 282 26 19 0.044201672 
741 225 8 7 0.044134002 
27 339 22 25 0.04412971 
741 237 7 7 0.043932844 
604 387 4 5 0.04384264 
299 119 9 10 0.043833945 
215 357 26 21 0.04379762 
362 407 8 11 0.043739688 
600 453 5 8 0.043706782 
296 377 23 27 0.04369298 
807 475 5 5 0.043685563 
143 135 30 25 0.043677233 
174 123 29 26 0.043602467 
818 474 7 6 0.043565277 
755 228 7 6 0.04345413 
645 254 17 22 0.043337543 
176 262 10 8 0.043311052 
578 60 96 96 0.043232054 
387 415 8 8 0.04318431 
314 178 39 50 0.043168966 
171 268 9 8 0.04315638 
331 410 26 24 0.043133322 
58 231 28 25 0.043115802 
352 120 21 27 0.04305283 
200 357 29 25 0.04286379 
485 378 6 8 0.04279408 
349 162 13 14 0.042734936 
353 482 5 5 0.04268649 
655 550 5 10 0.04265635 
826 475 8 6 0.042546056 
706 450 5 5 0.04247508 
347 492 5 6 0.04230908 
341 404 14 14 0.042283423 
649 518 4 7 0.04220173 
471 494 4 5 0.04211235 
285 396 25 25 0.04203888 
504 284 30 36 0.04203562 
493 375 8 11 0.04203397 
742 467 5 6 0.041796755 
748 228 7 6 0.041762173 
73 433 52 36 0.041704785 
254 173 29 26 0.04168845 
186 282 25 20 0.041454334 
693 391 4 6 0.041412365 
25 339 9 10 0.04139068 
416 465 96 95 0.041374736 
284 111 10 12 0.041311316 
393 403 29 28 0.04125633 
843 439 22 26 0.041141424 
401 403 8 8 0.041140582 
459 330 29 23 0.041132804 
365 474 7 9 0.0411324 
442 312 6 9 0.041047912 
450 341 4 6 0.040930238 
352 419 9 10 0.04087965 
698 229 6 8 0.04084925 
363 409 27 28 0.040787544 
763 468 5 6 0.040780537 
254 265 13 11 0.040722944 
388 525 21 26 0.04070185 
271 105 12 13 0.04047567 
386 542 11 12 0.040445745 
64 89 8 9 0.040440265 
49 246 34 31 0.040375065 
376 419 25 27 0.040283214 
144 472 34 22 0.04024603 
496 351 5 5 0.040236946 
399 541 7 8 0.040221803 
426 454 9 8 0.040188093 
379 420 8 9 0.040181007 
501 352 5 6 0.040175438 
742 454 6 6 0.040134765 
442 96 97 100 0.039955035 
469 385 12 13 0.039923236 
436 454 8 9 0.039879434 
358 473 9 9 0.03983908 
368 389 11 16 0.039807253 
671 460 5 5 0.039785296 
346 442 7 8 0.039784193 
348 93 12 17 0.039713934 
706 295 5 7 0.039689824 
410 450 15 10 0.03968261 
163 209 28 21 0.03967596 
77 471 31 20 0.039661594 
347 483 6 4 0.03965954 
462 341 7 6 0.039632313 
601 459 5 8 0.039591253 
103 433 26 21 0.039488725 
767 230 8 5 0.03947845 
220 253 29 25 0.039474998 
417 470 25 30 0.039457995 
396 523 8 11 0.039435547 
831 474 8 7 0.03943078 
447 306 9 15 0.039423518 
706 282 5 9 0.03931387 
365 428 7 8 0.03924546 
306 102 8 8 0.03924404 
761 228 8 6 0.039243847 
406 385 27 26 0.039227884 
475 495 3 5 0.039225042 
468 337 31 26 0.039143234 
392 498 11 10 0.039138086 
323 425 13 12 0.039114684 
266 211 27 31 0.03907795 
706 229 25 30 0.0389539 
222 255 10 8 0.03894146 
706 269 5 8 0.03887425 
331 404 45 50 0.038827393 
667 255 6 10 0.03878933 
470 375 4 3 0.03876625 
259 413 29 23 0.038763676 
183 262 10 8 0.038692906 
791 474 4 6 0.0385497 
291 415 42 42 0.0385432 
728 -2 102 94 0.038497064 
689 513 122 100 0.038486656 
698 257 5 7 0.038485084 
588 106 107 94 0.038461447 
86 438 5 4 0.038457684 
437 326 4 7 0.038410276 
590 304 6 9 0.038391452 
146 138 12 10 0.03823675 
436 289 4 6 0.038236223 
592 456 6 7 0.038224142 
439 457 9 11 0.038218286 
606 397 7 8 0.038212277 
363 317 30 28 0.03818572 
156 248 12 10 0.038149077 
598 399 3 5 0.037992895 
710 465 5 7 0.037972838 
409 402 8 8 0.037813824 
494 347 7 6 0.037775505 
441 273 17 23 0.037685476 
170 254 11 10 0.03755854 
734 240 9 10 0.037557833 
364 487 5 7 0.037534907 
246 232 11 6 0.03752899 
3 354 11 16 0.037441548 
670 456 4 5 0.037424255 
471 363 22 26 0.03740895 
383 428 7 8 0.037377156 
426 459 10 8 0.0373587 
842 338 24 24 0.0372572 
448 325 6 10 0.03725041 
346 415 25 28 0.037166566 
596 467 9 19 0.037162248 
54 93 22 27 0.03715 
359 402 7 9 0.037120078 
143 262 29 22 0.037101977 
247 243 31 22 0.037072863 
481 501 4 6 0.036988698 
724 466 5 6 0.036943488 
494 333 25 31 0.036912255 
104 360 5 5 0.036911197 
156 217 29 21 0.036906645 
424 470 13 11 0.036840618 
339 96 476 432 0.036827285 
464 374 3 3 0.036819153 
805 230 11 10 0.036801588 
121 475 30 21 0.036792137 
567 253 13 11 0.036766768 
333 375 29 31 0.036762975 
390 108 10 12 0.036747806 
336 433 40 48 0.036725633 
50 138 137 78 0.036641464 
187 256 28 23 0.036510453 
652 252 6 9 0.036458526 
447 286 9 14 0.036456697 
142 448 7 6 0.03641811 
384 310 24 29 0.03640296 
606 266 21 25 0.03634178 
385 396 26 25 0.0363337 
157 254 11 10 0.036323536 
471 311 32 28 0.03628643 
490 372 4 5 0.03626725 
718 453 6 6 0.036261838 
697 261 6 8 0.03625141 
391 24 89 92 0.036249995 
940 433 22 25 0.036216196 
234 270 32 22 0.036193117 
137 466 11 9 0.03616751 
422 456 24 24 0.036120627 
573 267 25 25 0.03610779 
136 473 12 10 0.03603909 
752 236 26 29 0.035976216 
415 323 10 18 0.03597534 
397 413 8 9 0.035967473 
151 133 12 10 0.035944927 
283 190 25 27 0.035878625 
78 457 28 22 0.035868544 
797 242 10 9 0.035861373 
6 338 6 7 0.035859637 
494 364 5 6 0.03585876 
181 254 13 10 0.035858024 
20 218 261 141 0.03585789 
350 68 9 9 0.035809062 
443 308 6 8 0.035762932 
398 491 24 29 0.035685886 
266 111 11 12 0.03568149 
163 254 11 10 0.03559519 
500 288 16 16 0.035591833 
347 440 20 24 0.03558211 
207 153 15 16 0.035581864 
228 286 12 9 0.035565082 
221 233 30 23 0.035553858 
169 247 12 11 0.035499994 
596 448 6 7 0.035496995 
626 447 5 9 0.03546516 
738 454 6 6 0.035451278 
14 218 37 56 0.03544392 
337 135 11 16 0.035421226 
733 229 10 9 0.03537107 
730 467 5 5 0.035310943 
687 391 4 5 0.035280615 
318 422 24 23 0.035269998 
737 471 6 7 0.035236835 
201 373 24 25 0.035234526 
493 371 6 8 0.03519029 
171 171 10 9 0.035145458 
-2 85 84 99 0.035139784 
857 433 22 25 0.035074156 
482 378 5 7 0.035069946 
816 474 28 28 0.035062376 
76 319 124 91 0.03500807 
312 101 7 8 0.03500132 
387 472 13 14 0.034970943 
382 402 9 9 0.034961402 
-3 181 39 62 0.03488466 
814 478 6 7 0.034870792 
358 122 8 10 0.034844693 
177 205 8 6 0.03483214 
450 346 4 5 0.03481957 
619 214 80 80 0.034745786 
467 344 8 7 0.034744132 
373 423 5 6 0.034729723 
188 254 13 10 0.034717336 
348 409 13 14 0.0346554 
313 330 31 28 0.034641698 
138 140 11 8 0.0346249 
602 449 4 7 0.034619782 
394 208 31 28 0.03461465 
150 336 120 89 0.034606937 
356 426 9 11 0.034604464 
131 104 29 23 0.034594897 
223 269 8 7 0.034558542 
698 448 7 6 0.034544032 
160 113 30 21 0.034539137 
367 382 26 30 0.034504637 
165 263 9 7 0.034501627 
775 230 8 6 0.034488603 
510 313 11 13 0.034481652 
709 235 6 9 0.034469355 
441 291 10 13 0.034422025 
344 68 9 9 0.03438676 
202 42 11 10 0.03438497 
705 454 6 5 0.034376163 
998 581 37 51 0.034364764 
151 255 10 8 0.03436459 
274 179 9 10 0.034315147 
259 123 12 12 0.034312177 
65 154 61 48 0.034273896 
376 406 10 11 0.034248516 
458 203 26 21 0.034184378 
343 421 8 8 0.03418106 
743 462 5 5 0.034180976 
216 255 9 8 0.03414879 
390 489 15 12 0.034119498 
372 174 19 32 0.034112066 
206 345 29 26 0.034069333 
98 142 6 5 0.034054365 
366 443 5 6 0.034051165 
210 255 8 8 0.034030557 
36 329 25 26 0.033969022 
698 461 6 5 0.033938464 
227 151 11 12 0.033910844 
871 607 5 12 0.033814047 
740 197 10 8 0.033776086 
618 63 26 26 0.033764966 
209 42 10 10 0.03376353 
399 393 11 10 0.033691984 
222 262 9 8 0.033678673 
307 95 6 7 0.033647478 
758 209 27 24 0.03362883 
265 150 12 13 0.03362804 
49 152 234 128 0.033618238 
149 103 16 15 0.033572737 
364 420 7 9 0.033568848 
250 235 12 8 0.033545185 
108 434 9 8 0.033536814 
624 443 4 5 0.033491097 
882 250 7 7 0.03348925 
593 421 9 11 0.033405777 
280 362 32 27 0.033395454 
375 394 9 11 0.03335302 
110 455 32 21 0.0333312 
284 448 42 44 0.033305816 
189 366 61 48 0.033281226 
84 424 25 20 0.033272147 
240 235 28 18 0.033261444 
295 168 38 42 0.033214368 
483 373 3 4 0.03320332 
227 351 28 23 0.03315677 
528 323 11 17 0.03314849 
976 690 26 24 0.033110555 
515 320 10 10 0.03309861 
474 378 5 6 0.03309155 
697 247 6 9 0.033083424 
443 206 25 20 0.033044025 
827 478 8 7 0.033043686 
668 459 4 7 0.033021785 
401 408 8 8 0.03295916 
636 244 19 26 0.032927804 
179 125 110 78 0.032917354 
390 406 9 10 0.03286672 
338 115 7 9 0.03286239 
475 374 4 4 0.0328556 
523 325 9 12 0.0328388 
272 195 13 14 0.032830387 
829 433 23 27 0.03281635 
267 294 34 29 0.032795366 
299 106 9 9 0.032782376 
234 150 12 12 0.0327707 
829 476 28 30 0.03273025 
659 252 20 29 0.032722067 
212 216 7 6 0.03271952 
163 247 26 23 0.032716695 
72 250 26 25 0.032683462 
595 409 7 10 0.032680303 
353 435 6 7 0.03258275 
-30 108 348 399 0.03257784 
146 459 8 7 0.03256606 
234 157 12 11 0.032562304 
487 354 20 25 0.032558136 
709 463 5 5 0.032544162 
293 387 9 10 0.03252813 
683 91 54 47 0.03251811 
586 274 22 25 0.032504044 
363 402 8 10 0.032501996 
364 467 7 8 0.0324757 
163 164 13 10 0.032463994 
957 74 12 10 0.032447737 
765 237 9 7 0.032437745 
395 298 9 11 0.032425687 
154 198 6 5 0.03242068 
567 235 12 9 0.032412607 
476 368 4 4 0.032391734 
972 399 45 67 0.03237023 
247 180 87 85 0.03229547 
352 401 25 28 0.0322898 
211 265 6 5 0.03225443 
191 233 115 71 0.032253508 
686 457 4 4 0.03224115 
306 379 32 30 0.032234658 
304 140 9 9 0.032227427 
378 519 24 21 0.032205727 
121 179 7 6 0.03220571 
118 434 10 7 0.032199554 
389 430 7 7 0.032197177 
108 162 5 4 0.032190565 
120 429 10 6 0.032172944 
873 596 3 6 0.032172553 
509 295 13 16 0.03214157 
313 96 7 7 0.0321199 
739 233 25 31 0.03211094 
6 346 8 8 0.032108992 
366 449 4 5 0.03208376 
330 157 23 29 0.03207189 
682 460 4 5 0.03206131 
163 188 25 20 0.032044396 
480 505 6 9 0.031999897 
433 477 8 11 0.0319983 
721 234 8 8 0.03198281 
344 130 20 28 0.03198164 
221 156 12 12 0.03197571 
614 460 4 7 0.0319493 
439 285 42 49 0.03194163 
495 360 5 5 0.031922173 
438 320 4 6 0.031841055 
699 269 4 6 0.031832803 
156 241 12 10 0.031812694 
492 497 9 10 0.031760328 
569 286 21 27 0.0317389 
849 413 10 12 0.031738415 
276 481 9 8 0.031731647 
180 30 14 12 0.031722665 
349 123 11 14 0.031714566 
995 350 13 10 0.03171353 
599 477 20 33 0.031688105 
181 73 25 23 0.031607993 
463 367 4 4 0.03159881 
88 203 10 10 0.031577364 
664 236 6 8 0.03156578 
369 67 11 10 0.031564943 
358 434 6 8 0.031544145 
134 154 8 6 0.03153894 
290 174 14 15 0.03153428 
309 487 5 4 0.031526353 
516 297 21 34 0.031487945 
274 189 11 10 0.03148293 
398 534 8 11 0.03147027 
360 119 12 15 0.031442318 
877 516 17 40 0.031438388 
267 133 9 10 0.031437356 
401 316 11 16 0.031435072 
697 465 6 7 0.03143448 
735 197 9 8 0.031393416 
350 371 25 28 0.031391513 
179 198 6 5 0.031391226 
387 290 11 13 0.0313752 
342 148 10 16 0.031356964 
204 37 22 21 0.031353448 
45 216 104 89 0.031352624 
262 265 32 29 0.03134569 
353 494 4 4 0.031332612 
197 421 50 47 0.031331837 
17 291 109 99 0.031322796 
444 277 7 10 0.031298254 
169 241 12 10 0.031280756 
331 62 8 9 0.031219443 
442 325 6 8 0.03121927 
283 96 13 14 0.031190785 
773 239 29 30 0.031178048 
407 455 28 19 0.031145219 
171 263 9 7 0.031135608 
430 464 11 11 0.0311289 
528 253 26 26 0.031116204 
279 105 11 12 0.031113071 
673 246 6 11 0.031089533 
501 383 20 30 0.031082172 
390 420 27 25 0.031066757 
616 467 5 8 0.031062808 
136 273 31 23 0.03106148 
386 334 88 91 0.031037701 
495 281 17 16 0.031013662 
417 373 20 27 0.030990547 
112 439 10 8 0.030983245 
258 502 4 3 0.03095503 
717 366 9 8 0.030952053 
666 249 6 9 0.03095156 
445 209 11 11 0.03094137 
981 182 14 12 0.030937104 
128 155 7 5 0.030934565 
384 435 8 8 0.030920073 
958 440 9 10 0.0309199 
151 461 32 20 0.030908495 
306 158 8 12 0.030897692 
52 293 49 51 0.030868713 
629 73 30 28 0.03086855 
458 351 4 5 0.030859066 
336 142 13 19 0.030818092 
293 106 8 10 0.030816322 
275 474 7 6 0.030796263 
616 455 4 7 0.030789118 
542 448 26 27 0.030783372 
563 247 24 21 0.03078003 
496 333 14 15 0.03077106 
394 292 9 11 0.03076484 
436 330 5 10 0.0307613 
30 355 12 13 0.030733695 
164 222 12 9 0.030717766 
323 285 33 34 0.030700574 
579 254 11 10 0.03069736 
420 60 12 11 0.03066981 
383 462 25 28 0.030666968 
53 118 57 54 0.030651402 
788 231 6 5 0.030649887 
346 453 7 8 0.030643148 
182 155 13 13 0.030627698 
338 440 9 9 0.03062219 
561 248 11 9 0.03060004 
230 138 24 25 0.03058905 
487 260 27 22 0.03057944 
595 275 7 7 0.030550316 
335 428 12 14 0.030542437 
648 251 6 9 0.030540712 
514 287 15 18 0.030503182 
213 217 26 24 0.03047364 
200 290 32 21 0.030466827 
114 459 56 36 0.030463638 
361 167 22 31 0.030441534 
382 348 33 26 0.030440435 
757 468 5 6 0.03043858 
725 451 4 4 0.030428277 
465 249 24 23 0.030423647 
84 102 6 6 0.030420696 
763 461 5 6 0.030406244 
291 410 24 25 0.030404935 
268 198 9 9 0.030403264 
947 446 21 25 0.03038741 
442 317 5 9 0.030372987 
74 133 12 13 0.030317465 
702 119 12 11 0.030303312 
658 197 24 22 0.030289525 
878 331 7 9 0.030276023 
89 440 9 8 0.030273186 
544 339 7 10 0.03026472 
276 404 24 28 0.030253243 
119 440 12 8 0.030237217 
429 308 6 9 0.030228464 
109 166 7 6 0.03022713 
105 212 12 11 0.030222196 
229 255 10 9 0.030205969 
345 146 20 26 0.030171681 
181 239 29 24 0.030161818 
165 268 10 7 0.030160267 
706 465 5 7 0.0301561 
327 514 5 5 0.030151749 
294 119 9 10 0.030135214 
716 361 21 18 0.030131998 
437 398 4 5 0.030117424 
499 345 8 8 0.030081881 
424 328 19 36 0.030078832 
147 447 7 7 0.030062266 
647 90 25 20 0.030053044 
216 217 6 6 0.030032573 
187 149 14 13 0.03002956 
838 254 5 6 0.030021187 
46 320 60 53 0.030009678 
426 239 11 12 0.030005133 
347 215 26 26 0.030003263 
12 355 9 14 0.02997828 
275 264 16 13 0.02997262 
471 499 4 7 0.029966785 
343 63 10 9 0.029963985 
466 338 11 9 0.029948456 
742 240 7 9 0.02993073 
371 414 8 9 0.029923353 
177 269 9 7 0.02991224 
162 227 29 23 0.029910123 
293 113 9 10 0.029908296 
391 198 25 26 0.029875346 
973 62 15 11 0.029863464 
413 216 26 27 0.029853176 
170 228 11 9 0.029849727 
364 68 10 10 0.02984498 
358 115 8 9 0.029841367 
151 193 5 4 0.029841036 
463 352 4 5 0.029811665 
455 484 7 9 0.029800083 
394 383 11 10 0.029794812 
599 392 3 4 0.0297869 
467 291 30 31 0.029767694 
242 131 10 11 0.02975222 
420 247 10 12 0.029742682 
684 466 7 6 0.029740043 
883 511 6 13 0.029731097 
156 120 14 11 0.029705904 
812 491 7 9 0.02968583 
202 254 10 9 0.029685505 
777 467 5 6 0.029679094 
496 369 21 25 0.029666005 
157 209 12 10 0.02966499 
958 446 9 10 0.029654851 
479 250 26 22 0.029647866 
393 47 11 12 0.029621623 
474 498 4 7 0.029621296 
454 379 7 6 0.029605674 
732 191 24 22 0.029583579 
215 248 10 9 0.02957433 
711 473 5 7 0.029570889 
397 421 8 7 0.029569896 
703 241 21 31 0.029561931 
90 142 7 5 0.029549763 
687 396 5 7 0.029533902 
318 370 31 30 0.02953039 
252 389 53 46 0.029529488 
163 136 34 31 0.029527768 
537 400 6 8 0.029512046 
59 90 6 7 0.029509116 
317 130 74 81 0.029508004 
236 273 11 8 0.029502952 
358 412 10 12 0.029491128 
575 308 10 15 0.029481687 
314 348 29 30 0.029460821 
594 265 22 26 0.029460514 
710 447 7 6 0.029450115 
450 527 26 28 0.029447505 
724 473 6 6 0.029442774 
161 157 15 11 0.029409232 
145 235 10 9 0.029403303 
348 401 11 11 0.029403303 
466 157 48 47 0.029381532 
650 500 3 6 0.029381035 
209 178 10 9 0.029367704 
152 235 10 9 0.029367229 
719 466 5 6 0.029366916 
548 401 10 11 0.029364157 
351 138 44 45 0.029359793 
213 240 27 24 0.029353369 
339 117 21 24 0.029350918 
63 101 9 10 0.029349469 
286 126 8 9 0.029343288 
36 355 12 13 0.029336393 
174 267 30 21 0.029327592 
278 126 10 9 0.029316125 
767 467 5 7 0.0293127 
881 496 7 14 0.029298164 
731 341 6 5 0.029232603 
694 266 103 115 0.029229125 
205 264 6 5 0.029215962 
355 424 44 49 0.029204076 
521 329 39 46 0.029199965 
259 157 43 48 0.02919416 
695 222 9 10 0.029193675 
96 429 9 7 0.029181305 
487 544 6 8 0.029173203 
952 439 9 11 0.029161587 
362 134 12 18 0.029154733 
606 284 23 27 0.02914558 
738 539 110 104 0.029141467 
544 404 8 10 0.029134 
356 395 8 11 0.029123828 
237 183 30 22 0.02912382 
267 139 10 11 0.02912331 
642 256 6 9 0.029108435 
426 201 26 25 0.029092394 
835 451 12 12 0.029079717 
850 344 10 9 0.029062314 
308 411 25 24 0.029059999 
469 516 6 9 0.029048054 
402 306 8 9 0.029043783 
147 205 8 6 0.029031064 
343 428 7 8 0.029025402 
470 511 5 9 0.029011091 
433 468 23 29 0.029010018 
482 495 4 5 0.02900243 
593 399 3 5 0.029002056 
228 144 11 12 0.02900052 
217 236 8 7 0.02899765 
659 260 7 14 0.028980214 
969 66 14 11 0.028979214 
73 246 12 11 0.028972931 
311 435 12 14 0.02896822 
344 167 12 16 0.028936824 
651 203 9 8 0.028933112 
380 430 5 6 0.028931303 
103 351 5 6 0.02892411 
37 346 28 24 0.028920228 
79 162 30 28 0.02891716 
121 173 7 6 0.028914249 
273 171 10 10 0.028889753 
330 147 12 15 0.0288854 
368 381 10 13 0.028880801 
151 248 10 9 0.028877636 
397 406 9 9 0.02887308 
337 80 9 11 0.028868744 
155 162 14 11 0.028868055 
344 56 9 9 0.028863555 
256 513 7 4 0.028839465 
264 263 14 11 0.028823204 
221 248 10 9 0.028822646 
861 229 25 22 0.02881417 
86 445 13 12 0.028796345 
523 441 25 31 0.028793966 
440 41 25 21 0.028783737 
750 461 5 6 0.028783215 
280 395 52 42 0.028758049 
748 454 6 7 0.02875084 
697 455 8 6 0.028750053 
407 393 10 9 0.028749721 
693 605 12 11 0.028732637 
339 63 9 9 0.028731626 
520 399 4 6 0.028714666 
415 336 10 17 0.028710933 
141 138 84 48 0.028702985 
123 448 30 20 0.028700499 
761 246 9 11 0.028668597 
692 243 7 8 0.028665446 
315 489 4 4 0.028660716 
355 461 12 13 0.02865733 
729 230 9 8 0.028647317 
349 520 4 4 0.028641835 
115 313 26 23 0.02863322 
406 458 14 11 0.028629016 
349 114 9 10 0.028614702 
280 119 10 10 0.028613279 
514 277 13 14 0.02860107 
851 243 6 5 0.028590064 
443 373 4 5 0.02858096 
471 503 4 9 0.028580133 
119 210 10 9 0.028578246 
337 432 22 25 0.028561234 
803 472 24 31 0.028560776 
755 346 5 6 0.028549612 
200 493 5 6 0.02854575 
691 395 5 7 0.028530201 
849 445 10 12 0.028508607 
548 241 10 9 0.028494896 
114 109 30 23 0.028494412 
448 331 24 27 0.028449168 
370 404 10 13 0.028445425 
698 363 9 9 0.028445244 
875 42 50 57 0.028443437 
362 369 10 12 0.02843963 
459 383 7 6 0.028438533 
168 279 30 23 0.028437296 
478 375 18 22 0.028422179 
354 63 43 49 0.028417327 
441 247 24 26 0.028409056 
844 420 21 25 0.028406855 
249 146 26 26 0.028401425 
977 703 24 24 0.02839805 
385 438 12 11 0.028396025 
141 283 7 6 0.028394256 
762 455 5 7 0.028387398 
854 521 36 65 0.028383024 
351 471 21 23 0.028372932 
361 458 7 10 0.028366202 
596 442 5 9 0.028356293 
150 441 29 21 0.028339222 
164 210 10 8 0.028333317 
300 372 9 8 0.02830455 
381 286 22 27 0.028301772 
504 385 38 48 0.028285962 
172 274 9 7 0.028274272 
336 124 9 14 0.02826464 
178 274 9 7 0.02826298 
380 328 11 12 0.028262084 
89 152 11 8 0.02825261 
230 375 16 13 0.028246252 
295 441 23 28 0.02822924 
311 131 9 10 0.028228428 
188 136 13 14 0.028224688 
226 163 13 12 0.028219236 
305 145 9 10 0.028215641 
477 336 13 10 0.028208686 
540 341 16 25 0.02820838 
482 368 4 4 0.02820785 
619 395 8 9 0.02820581 
730 454 6 5 0.028204698 
341 405 85 92 0.028195444 
-10 285 70 101 0.028188711 
293 100 9 10 0.028179165 
645 209 22 23 0.02817412 
658 455 5 8 0.028170945 
450 351 4 6 0.028170828 
337 261 79 91 0.028160542 
427 248 9 10 0.028148383 
149 458 55 42 0.028141169 
482 360 5 5 0.028125344 
91 423 67 42 0.028119622 
403 301 6 8 0.028117368 
500 300 15 15 0.028109951 
429 303 20 26 0.028106553 
601 223 10 9 0.028096708 
669 185 22 21 0.02807481 
241 139 11 11 0.028074386 
358 419 9 10 0.028063063 
475 359 5 5 0.028060194 
272 122 22 21 0.02805803 
423 388 7 8 0.028050987 
260 131 9 10 0.0280492 
457 235 12 12 0.028047048 
232 293 12 9 0.028036423 
221 52 23 22 0.028032767 
856 371 10 10 0.028002976 
329 122 19 27 0.027993679 
850 338 9 10 0.027989611 
252 99 12 12 0.027988886 
422 254 8 10 0.027968984 
305 112 9 12 0.027968664 
353 505 87 77 0.02796833 
180 297 25 18 0.02796758 
348 530 4 6 0.02794704 
354 520 4 4 0.027944649 
257 507 5 4 0.027944643 
197 125 10 9 0.027894083 
733 223 10 8 0.027884709 
67 442 113 67 0.027872419 
18 351 23 25 0.027861038 
845 242 6 6 0.027855303 
672 391 6 8 0.027854517 
726 527 481 335 0.027830822 
509 306 44 48 0.027829675 
389 459 8 10 0.027809737 
412 397 23 27 0.027809653 
104 133 72 48 0.02780704 
616 403 23 26 0.027794044 
316 494 4 4 0.027785724 
715 165 10 9 0.027783073 
745 341 5 4 0.027777594 
396 317 10 15 0.02777607 
688 449 4 5 0.027773947 
422 262 8 9 0.027761176 
352 474 8 7 0.027755616 
823 495 10 13 0.027753541 
448 272 4 5 0.027737837 
354 512 4 5 0.0277292 
222 287 12 9 0.0277279 
65 84 7 6 0.02770403 
325 467 20 23 0.027694765 
446 272 3 4 0.027692076 
586 254 11 10 0.027685909 
610 456 4 5 0.02768042 
674 40 55 50 0.027672485 
481 352 7 6 0.027672075 
700 222 19 26 0.027657947 
400 246 12 12 0.027652241 
86 220 52 47 0.027650116 
230 262 9 8 0.027646566 
486 335 12 11 0.027646247 
194 144 13 14 0.02763245 
400 466 14 14 0.027620206 
167 187 6 5 0.027615195 
615 391 6 7 0.027602972 
357 344 8 8 0.027589247 
435 351 5 8 0.027571112 
145 256 9 7 0.02755687 
209 100 10 11 0.027555674 
800 214 24 22 0.027551968 
276 142 14 15 0.027543873 
348 527 4 4 0.027520265 
177 209 10 8 0.027517624 
200 277 6 5 0.027515367 
415 438 28 25 0.027498363 
417 397 8 8 0.027489282 
428 262 7 8 0.027482528 
228 275 11 8 0.027468527 
829 451 11 12 0.0274618 
631 55 25 25 0.027432067 
373 215 27 28 0.027429333 
229 114 22 21 0.02742624 
415 262 9 9 0.027421476 
613 476 7 11 0.027412456 
435 484 8 11 0.027392516 
728 63 10 8 0.027392237 
464 227 13 12 0.02739213 
400 386 12 11 0.027390989 
651 190 10 9 0.027386997 
555 243 10 8 0.027385747 
75 228 10 11 0.027382737 
750 471 5 7 0.02738053 
817 496 9 11 0.027368167 
820 249 7 7 0.027362818 
130 147 32 23 0.027356107 
432 290 3 4 0.027353005 
187 200 28 24 0.027347859 
307 153 8 9 0.027347079 
725 340 6 6 0.027338995 
838 243 6 5 0.027330672 
360 499 4 5 0.027316308 
522 260 12 11 0.0273149 
338 57 9 8 0.027311958 
151 210 11 9 0.027309088 
787 209 27 23 0.027296092 
173 205 7 6 0.027292069 
407 246 11 12 0.027292017 
421 382 9 11 0.027266333 
437 393 3 4 0.02726331 
188 88 12 10 0.027262146 
941 550 38 50 0.027257076 
208 192 24 23 0.027254865 
234 62 12 11 0.027232269 
313 454 7 8 0.027232217 
373 441 6 7 0.027232142 
799 232 8 6 0.027229413 
509 272 25 27 0.027221886 
977 557 72 90 0.027204862 
207 380 32 27 0.027199168 
802 469 5 5 0.027185217 
900 452 10 10 0.027184058 
456 491 46 53 0.027174387 
158 263 9 7 0.027168406 
901 459 9 9 0.02716234 
468 359 5 5 0.027150234 
812 219 9 8 0.027148305 
284 153 23 25 0.027128378 
102 147 7 6 0.027122853 
138 181 26 21 0.027121393 
567 248 12 10 0.027119176 
436 292 5 8 0.02711226 
863 344 9 9 0.027106218 
794 352 5 6 0.027102714 
334 476 24 25 0.027083825 
366 435 5 7 0.02707957 
894 452 10 10 0.02707849 
490 367 4 4 0.02707334 
91 135 6 6 0.027070684 
888 453 9 9 0.027069539 
141 443 7 5 0.027061915 
420 375 9 12 0.027056763 
101 159 8 7 0.02705181 
391 256 25 25 0.027050322 
171 209 10 8 0.027048942 
153 282 8 6 0.027041065 
246 126 11 11 0.027041037 
358 69 9 9 0.027039237 
414 44 46 48 0.027034307 
151 241 27 23 0.027027665 
389 381 10 10 0.027023533 
115 161 6 5 0.027017636 
191 276 9 6 0.02701492 
415 254 9 10 0.027013188 
388 465 9 10 0.02701306 
208 285 12 9 0.027001088 
354 508 3 5 0.026995579 
753 240 7 8 0.0269914 
181 246 14 12 0.026968641 
502 329 16 19 0.02695071 
155 423 46 38 0.026950054 
464 234 12 12 0.026949842 
573 260 12 11 0.026949298 
229 268 11 8 0.026948297 
190 262 10 8 0.026934603 
265 125 11 11 0.026929555 
522 232 115 96 0.026918512 
391 400 9 10 0.02690591 
387 103 19 23 0.026887903 
149 199 6 5 0.02687006 
339 68 8 9 0.026864408 
716 240 8 10 0.026863895 
113 180 29 24 0.026855709 
242 262 10 9 0.026846703 
468 368 4 4 0.026837181 
432 239 12 14 0.0268363 
812 496 8 11 0.026836136 
77 102 7 7 0.026833346 
360 214 24 24 0.026828399 
749 479 5 7 0.026828157 
360 113 22 26 0.026817886 
794 232 7 5 0.0268119 
192 124 25 24 0.02680741 
519 403 4 7 0.02680048 
418 154 93 85 0.026793063 
348 499 5 5 0.026783297 
850 369 11 10 0.026779436 
149 442 6 6 0.02676874 
370 473 7 9 0.026764996 
68 256 11 9 0.026750108 
444 341 5 6 0.026743416 
503 375 10 12 0.02673163 
54 117 28 31 0.02671154 
736 478 7 9 0.026707051 
98 178 26 26 0.026702143 
780 461 5 7 0.026692664 
226 363 13 10 0.026691305 
344 76 8 8 0.026684992 
291 198 13 15 0.026684646 
869 338 10 9 0.026677415 
216 242 8 8 0.026676096 
696 120 11 9 0.026675416 
430 261 20 28 0.026672488 
221 61 12 12 0.026659166 
315 298 15 12 0.026652705 
658 204 9 8 0.026652392 
693 256 5 7 0.026652392 
385 395 9 9 0.026646918 
123 424 25 19 0.026644202 
67 43 107 91 0.026638415 
386 515 12 11 0.02663795 
429 398 5 5 0.026632018 
332 128 10 16 0.026630072 
431 519 4 7 0.026626764 
342 131 11 15 0.026614575 
856 420 10 11 0.026614567 
330 80 10 12 0.026611667 
693 560 26 25 0.026611386 
513 397 5 10 0.026610376 
888 446 9 10 0.02659838 
672 239 9 13 0.026593441 
134 174 7 6 0.026592517 
217 231 7 6 0.026591888 
406 259 22 27 0.026578905 
310 501 4 4 0.026575634 
262 251 27 25 0.026569434 
734 63 9 8 0.026557984 
698 235 5 8 0.02655651 
113 167 7 6 0.026552245 
-6 -205 59 149 0.026538704 
305 127 10 10 0.026537022 
735 184 9 8 0.026535938 
230 428 28 22 0.026518768 
506 365 6 7 0.02650854 
716 448 6 6 0.026506651 
264 134 23 23 0.026506249 
511 370 7 8 0.02649652 
576 263 89 99 0.026492687 
168 142 14 15 0.026491651 
70 238 15 14 0.026486449 
98 346 7 7 0.026480515 
259 406 14 12 0.02647983 
845 472 28 32 0.026475102 
488 538 4 7 0.02646982 
663 190 10 9 0.026466487 
842 445 11 12 0.026461389 
838 359 8 8 0.026454719 
95 71 8 7 0.026454229 
429 444 44 50 0.026450323 
823 452 11 11 0.026447667 
727 50 10 9 0.026441677 
472 344 9 7 0.026436491 
781 473 5 6 0.026433907 
478 216 11 9 0.026427142 
767 347 6 6 0.026411172 
157 268 10 8 0.026409686 
173 223 88 49 0.026408345 
201 263 23 21 0.026408292 
119 323 28 25 0.026405495 
817 478 7 7 0.02640487 
294 132 22 23 0.026399229 
293 202 23 32 0.026378049 
735 191 9 8 0.026371125 
373 430 6 6 0.026370231 
209 248 9 9 0.026368218 
403 413 8 9 0.026368212 
222 242 9 8 0.026364783 
313 89 7 8 0.026362153 
172 199 27 20 0.026346339 
376 531 24 23 0.026345633 
456 374 4 4 0.026338413 
285 118 10 11 0.026334865 
80 363 12 14 0.026329217 
429 295 4 6 0.026325122 
158 223 11 8 0.026318913 
149 426 28 22 0.026317986 
677 191 9 8 0.026311817 
877 337 8 10 0.026307875 
364 492 5 6 0.026288616 
852 359 8 7 0.0262886 
432 240 24 26 0.026282951 
800 298 113 102 0.026280878 
493 505 8 9 0.026278784 
627 443 4 6 0.026271105 
306 89 8 8 0.02625927 
223 236 8 7 0.026256396 
856 338 10 10 0.026251901 
698 276 5 6 0.026244234 
719 462 5 5 0.02623374 
254 132 9 10 0.026233377 
346 338 26 22 0.02622702 
127 91 30 23 0.026215948 
667 390 8 10 0.026215538 
178 85 26 20 0.026189849 
847 452 22 24 0.026187126 
416 49 9 8 0.026162371 
423 397 7 7 0.02616134 
901 472 9 9 0.02615501 
464 360 4 4 0.026149 
235 68 11 10 0.026148759 
67 93 9 9 0.026139714 
350 63 9 9 0.026137272 
278 183 9 11 0.026134105 
719 193 6 5 0.026127566 
522 464 11 13 0.026118785 
428 176 47 44 0.026116004 
227 170 12 11 0.026114972 
-17 0 81 146 0.02610709 
126 181 8 5 0.026097862 
154 205 7 6 0.026096735 
728 57 9 8 0.026095603 
121 161 6 4 0.02607579 
479 380 8 10 0.026073154 
740 191 10 8 0.026065163 
216 55 11 10 0.02605383 
186 314 65 49 0.026048066 
217 224 7 6 0.026040813 
715 84 53 46 0.026034242 
125 428 10 7 0.02603192 
316 501 3 4 0.02602012 
93 148 9 6 0.026004164 
463 494 4 6 0.026003584 
354 205 21 24 0.026002629 
441 302 20 30 0.025989832 
247 112 11 11 0.025978668 
310 495 4 4 0.025976414 
398 579 28 25 0.025972927 
147 269 8 7 0.02596941 
55 114 12 16 0.025968753 
344 50 10 9 0.025967697 
677 179 24 22 0.025959503 
376 63 9 9 0.02594969 
225 231 6 6 0.025933329 
268 384 30 29 0.025932213 
254 126 11 10 0.025931153 
901 465 9 9 0.025925716 
435 343 6 11 0.025921352 
562 260 23 23 0.025917482 
710 453 6 6 0.025914107 
293 126 9 10 0.025913376 
441 232 24 25 0.02590944 
157 235 12 9 0.025909044 
578 456 5 6 0.025908537 
216 185 9 8 0.025906162 
251 278 29 28 0.025878716 
76 219 11 12 0.0258726 
894 445 10 11 0.025869198 
275 308 37 26 0.025857918 
855 445 11 11 0.02584971 
427 447 9 8 0.025849547 
396 519 8 8 0.025840603 
243 495 6 4 0.025838224 
680 393 4 5 0.02583719 
208 170 12 11 0.025835568 
422 267 7 9 0.0258306 
461 379 6 5 0.02582732 
395 503 8 9 0.025820784 
399 430 29 25 0.025815539 
58 94 7 9 0.025810031 
338 352 27 24 0.025803413 
215 170 12 11 0.02579567 
895 459 9 9 0.025771998 
477 324 12 11 0.025770333 
764 241 6 7 0.025763245 
551 398 7 7 0.02576139 
333 632 6 6 0.025758311 
691 228 8 11 0.02575798 
596 283 5 6 0.02575739 
311 508 3 3 0.025755595 
896 472 7 9 0.025745517 
412 233 23 26 0.025726298 
302 486 7 6 0.025690196 
913 305 100 105 0.025687337 
447 472 21 29 0.025682017 
140 154 9 7 0.02567628 
429 390 5 6 0.025671892 
963 45 24 22 0.025671424 
659 222 70 93 0.025652442 
659 250 5 7 0.025642743 
194 155 14 13 0.025635721 
875 351 9 8 0.025635106 
156 216 13 10 0.025631346 
344 81 8 10 0.025630604 
710 127 23 20 0.025619088 
546 399 6 6 0.025614558 
580 306 9 12 0.025609773 
370 372 7 7 0.025607252 
595 479 8 14 0.025605874 
711 376 7 8 0.025600446 
383 105 9 11 0.025598358 
517 391 6 8 0.025598163 
291 188 12 16 0.025585212 
254 139 9 10 0.025578832 
99 466 11 9 0.025574535 
611 53 26 23 0.025574457 
114 173 8 7 0.02556297 
70 83 7 6 0.02556265 
338 275 31 28 0.025551194 
471 210 11 9 0.025543217 
849 439 10 12 0.02552859 
163 217 12 9 0.025528308 
789 590 5 5 0.025527151 
793 477 6 8 0.025524203 
583 286 20 26 0.02552238 
670 191 10 8 0.02551169 
427 254 9 10 0.025506107 
238 231 8 6 0.025503429 
601 268 8 9 0.025478631 
195 247 12 10 0.025470931 
750 341 5 5 0.025452767 
482 474 27 36 0.025452761 
386 246 12 12 0.025445966 
227 168 32 26 0.025442833 
812 468 8 7 0.0254381 
352 75 7 9 0.025436297 
437 312 5 8 0.025431303 
449 218 25 26 0.025425619 
812 485 7 8 0.025422852 
645 198 22 21 0.025418093 
350 49 10 10 0.025417449 
284 189 12 15 0.025415478 
396 278 9 12 0.025410652 
895 466 8 8 0.02540619 
258 496 4 3 0.025401812 
256 219 5 5 0.02540058 
369 80 20 25 0.025394242 
261 144 12 13 0.025390126 
429 506 5 9 0.025388796 
672 449 4 5 0.025382916 
420 233 12 14 0.025366113 
250 239 14 10 0.0253626 
878 512 7 11 0.025357272 
723 462 6 5 0.025349254 
334 120 6 9 0.0253482 
40 88 48 51 0.025341857 
399 496 12 13 0.025333578 
141 257 7 6 0.02533343 
153 268 9 7 0.025332604 
221 98 13 13 0.025323953 
742 472 6 7 0.02532193 
561 243 11 8 0.025313381 
829 467 11 8 0.025310608 
91 162 14 11 0.025302665 
413 415 12 15 0.025299473 
350 136 10 15 0.025284033 
893 261 5 6 0.025283916 
-1 277 36 60 0.025279317 
405 383 14 13 0.025276033 
316 436 21 24 0.025272805 
96 395 55 43 0.025268158 
497 378 10 13 0.025266958 
810 485 22 30 0.025261026 
906 264 3 5 0.025260722 
887 439 11 10 0.025255252 
573 266 11 10 0.025255231 
180 107 25 23 0.025254834 
837 474 9 7 0.025254834 
441 480 7 8 0.025250115 
855 451 10 12 0.025245633 
363 114 9 11 0.025242897 
82 143 25 21 0.025241135 
488 296 81 91 0.025236666 
613 261 9 9 0.025226332 
825 484 9 9 0.025221374 
331 42 9 10 0.025218064 
494 307 15 15 0.025209712 
421 495 8 14 0.025203265 
424 298 5 8 0.02519544 
150 81 12 11 0.025192248 
738 462 5 5 0.025190443 
228 242 10 8 0.025176875 
256 190 26 24 0.02517168 
247 139 10 10 0.025168333 
298 199 12 15 0.025160104 
849 433 10 11 0.025158795 
209 242 9 8 0.025154801 
113 358 31 22 0.025151132 
347 283 32 34 0.025150534 
842 405 11 14 0.025150055 
830 223 24 23 0.02514705 
153 435 7 5 0.025146129 
309 570 30 23 0.025141638 
958 452 10 11 0.025137858 
156 153 12 10 0.025113514 
599 406 8 11 0.025109274 
683 114 10 8 0.025104228 
29 403 566 338 0.02510254 
330 320 29 27 0.025093889 
433 247 10 11 0.025092097 
215 177 11 10 0.02509022 
503 312 12 13 0.025090113 
111 231 12 14 0.025079818 
496 319 13 12 0.0250587 
242 230 55 44 0.025053337 
151 107 26 22 0.025048107 
117 446 14 9 0.025039682 
952 432 9 12 0.025038375 
291 93 11 10 0.025029758 
742 320 8 6 0.025028512 
299 144 10 11 0.0250285 
606 468 15 26 0.02502089 
456 241 13 12 0.025015784 
402 255 8 9 0.025011439 
260 91 11 13 0.025010023 
225 225 6 5 0.02500654 
349 394 9 9 0.02500389 
107 429 7 5 0.02500275 
714 125 13 12 0.024996372 
239 234 16 9 0.02498686 
292 86 12 11 0.024984863 
834 103 110 93 0.024983682 
368 129 11 18 0.02498316 
396 550 8 9 0.024982696 
608 281 7 8 0.024976911 
884 605 6 14 0.024975969 
464 215 14 10 0.024974842 
555 261 10 9 0.024967495 
217 332 29 29 0.024966856 
311 140 9 9 0.024964882 
890 360 6 6 0.024959952 
454 279 6 10 0.024956387 
6 359 50 47 0.024955912 
438 372 4 6 0.024950309 
289 409 7 9 0.024932416 
435 255 7 8 0.02492162 
324 101 9 10 0.024917705 
165 171 10 9 0.024917409 
417 185 27 25 0.02491618 
651 197 10 9 0.024913257 
718 197 7 7 0.024908679 
850 426 9 11 0.024894439 
362 363 9 10 0.024893913 
729 179 8 7 0.024893235 
655 50 22 20 0.024886731 
425 291 3 4 0.02488543 
598 408 22 29 0.024877597 
133 242 9 8 0.024877096 
897 352 6 7 0.024875728 
670 253 7 11 0.024869539 
303 451 24 24 0.0248692 
783 251 12 12 0.02486419 
64 481 32 20 0.024856508 
358 74 8 10 0.024852753 
580 260 10 10 0.024851635 
365 117 43 45 0.024847949 
154 430 7 5 0.024833575 
173 199 6 5 0.024829477 
332 57 8 9 0.024829049 
412 475 49 53 0.024822274 
197 88 10 10 0.024818406 
501 543 23 24 0.024810536 
408 254 9 10 0.024807433 
75 255 10 9 0.02480274 
412 482 22 33 0.024797363 
44 114 8 10 0.024789048 
145 196 29 23 0.024778668 
479 345 9 7 0.024778454 
237 494 8 5 0.024775626 
396 337 26 30 0.024775317 
744 327 6 5 0.024770852 
146 249 9 8 0.02476914 
148 281 32 21 0.024763256 
455 330 86 108 0.024749028 
319 101 9 9 0.024739107 
102 346 6 7 0.02473851 
261 139 10 11 0.024738211 
729 343 8 7 0.024737164 
101 421 9 7 0.024732012 
256 227 6 4 0.024731545 
251 507 6 4 0.024731115 
663 184 10 9 0.02472814 
590 471 6 12 0.024726687 
416 280 19 29 0.024717534 
320 453 7 8 0.024711616 
285 182 11 13 0.02470139 
656 531 5 10 0.02470012 
122 169 6 5 0.024697108 
154 178 28 23 0.024692038 
950 591 3 5 0.024682455 
507 553 6 5 0.024677817 
741 44 9 8 0.02467496 
221 137 11 13 0.024673278 
331 445 9 11 0.024672737 
842 413 11 12 0.024665365 
616 484 6 9 0.024663782 
815 439 25 28 0.024662198 
706 308 6 10 0.024660496 
239 247 16 12 0.02465775 
474 321 9 8 0.024656123 
312 125 39 48 0.024650905 
434 211 24 26 0.02464828 
229 220 25 21 0.024647491 
401 278 9 12 0.02463988 
328 121 5 8 0.024635002 
212 213 6 5 0.024630122 
844 353 7 6 0.02462637 
333 116 6 7 0.024614519 
562 261 10 10 0.024613334 
210 235 8 8 0.02460178 
286 132 8 10 0.024598876 
316 394 31 26 0.024595026 
389 279 9 11 0.024593968 
448 478 8 11 0.024589088 
522 275 8 9 0.024588317 
133 234 10 10 0.024583673 
216 100 11 11 0.024578819 
856 426 10 11 0.02457488 
264 118 11 12 0.024571395 
168 205 7 6 0.02456541 
696 191 8 7 0.024564592 
326 62 9 10 0.024557075 
244 434 26 23 0.02455441 
478 209 12 9 0.024547545 
694 379 23 24 0.02454583 
100 428 9 6 0.024544165 
787 461 6 6 0.024543678 
377 435 23 23 0.024543619 
278 133 11 10 0.024538895 
504 352 7 8 0.024538504 
593 403 4 5 0.024533318 
341 487 7 7 0.024531199 
850 420 10 11 0.024526436 
249 68 8 8 0.02452422 
856 352 8 8 0.024522103 
952 445 10 11 0.024521276 
731 473 5 7 0.024519563 
152 263 10 7 0.0245132 
863 318 23 25 0.024512576 
884 598 6 13 0.024511952 
338 51 9 8 0.02451089 
83 110 7 6 0.024506485 
320 133 7 9 0.024496365 
607 481 7 12 0.024494234 
438 282 4 6 0.024492308 
529 309 8 13 0.024491182 
837 250 6 7 0.024486875 
161 486 28 22 0.024481364 
258 236 10 8 0.024476262 
666 231 5 6 0.024456749 
789 469 5 5 0.024456738 
856 600 7 11 0.024455734 
172 180 9 7 0.02445237 
746 37 12 8 0.024435109 
183 274 10 7 0.024434416 
430 512 5 7 0.024432717 
897 361 6 5 0.024410779 
991 344 24 22 0.02439496 
495 246 58 44 0.0243927 
250 213 6 5 0.024389517 
798 493 6 8 0.024383575 
602 275 7 8 0.024382936 
473 350 8 7 0.024377266 
830 358 7 7 0.024371166 
727 222 11 8 0.024367215 
958 433 9 11 0.024363821 
383 466 9 10 0.024363045 
260 113 11 10 0.024361525 
62 105 11 13 0.024361102 
513 405 7 14 0.024354149 
217 263 7 7 0.024343358 
982 56 24 21 0.024341004 
598 53 58 53 0.02433853 
138 146 11 9 0.024337739 
165 281 8 7 0.024323048 
274 86 12 14 0.024313325 
856 331 10 10 0.024304157 
131 460 12 9 0.024300745 
413 235 12 12 0.02429916 
641 499 5 8 0.024297634 
620 265 21 27 0.024295984 
724 479 6 8 0.024287893 
567 267 11 10 0.024267092 
97 455 13 14 0.024264792 
18 338 11 11 0.024253653 
264 496 4 3 0.024250926 
785 34 471 413 0.02424736 
730 185 7 6 0.024237974 
606 228 9 9 0.024234636 
872 601 4 9 0.02423422 
600 396 18 26 0.0242322 
440 248 9 9 0.02422595 
990 626 26 28 0.024223946 
542 240 11 10 0.024219936 
692 448 124 116 0.02421952 
126 242 9 9 0.02421918 
555 397 9 8 0.024213001 
127 205 9 8 0.024208287 
505 383 10 12 0.024204524 
485 385 18 21 0.024203803 
539 349 7 10 0.024202436 
197 263 9 7 0.024199795 
847 393 13 14 0.024198296 
421 318 6 12 0.024187502 
438 240 12 12 0.02418373 
720 356 12 11 0.024179539 
79 443 6 6 0.024178134 
842 457 11 13 0.024176195 
188 303 28 21 0.0241702 
231 413 28 24 0.024166172 
414 60 11 12 0.024158336 
320 120 8 10 0.024156833 
111 446 13 11 0.024151921 
156 129 15 13 0.02414798 
-87 -281 355 452 0.024132855 
250 227 6 4 0.02411679 
367 159 23 28 0.024112716 
234 164 12 11 0.024108928 
354 270 31 27 0.024108779 
900 446 10 10 0.0241078 
882 522 7 17 0.024106445 
523 302 11 17 0.024098737 
227 137 12 13 0.024092617 
202 242 9 8 0.0240856 
415 267 8 9 0.024085207 
789 468 26 28 0.02408329 
107 110 63 46 0.02408003 
655 469 4 5 0.02406083 
777 462 5 6 0.024060482 
664 258 9 14 0.02405379 
116 430 7 5 0.024053587 
864 352 7 7 0.024051761 
143 170 28 23 0.024047531 
169 101 25 21 0.02404619 
778 473 4 6 0.02403918 
600 260 9 10 0.024034532 
788 493 6 8 0.024011815 
961 -141 105 118 0.02401035 
251 496 4 3 0.024009148 
891 257 5 6 0.024004318 
320 94 8 9 0.024000848 
332 76 8 9 0.023998005 
91 437 7 6 0.023997558 
297 500 5 4 0.023994153 
516 313 9 10 0.023988284 
181 143 14 14 0.023977885 
730 450 5 5 0.023963671 
352 428 8 9 0.023959748 
233 385 14 13 0.023959495 
962 183 14 11 0.02395869 
105 438 12 11 0.02394451 
626 46 24 23 0.023938391 
260 421 10 8 0.023934513 
200 501 5 5 0.023931747 
771 273 12 12 0.023930596 
863 426 9 11 0.023924615 
222 184 10 9 0.023922581 
643 251 4 6 0.023907404 
673 224 5 7 0.02389914 
844 325 8 9 0.023895403 
363 455 6 7 0.023895346 
456 226 13 13 0.02389275 
167 168 32 26 0.023886206 
109 155 6 5 0.023884745 
626 229 8 9 0.023883581 
318 170 13 16 0.02388353 
716 352 8 7 0.02387833 
522 267 10 11 0.02387649 
366 499 5 6 0.02386955 
579 248 23 22 0.02386898 
858 421 20 24 0.023867644 
876 630 10 9 0.023864847 
607 261 8 9 0.023863535 
346 474 6 7 0.023840953 
850 331 9 9 0.023840714 
202 207 24 22 0.023830535 
692 448 6 5 0.023823714 
130 431 29 19 0.02382171 
183 467 9 9 0.023820266 
982 202 13 11 0.02381822 
420 74 12 9 0.0238178 
263 513 5 4 0.023813197 
284 515 4 3 0.02380373 
84 287 44 45 0.023798196 
383 497 25 28 0.02379743 
292 437 12 14 0.02379658 
669 231 17 25 0.023796273 
438 358 4 7 0.023795724 
138 235 11 9 0.023795431 
32 227 25 31 0.023793736 
300 297 34 27 0.02378757 
654 568 6 10 0.02377901 
217 192 8 7 0.023776686 
118 153 27 22 0.023775192 
816 452 11 10 0.023774803 
832 354 6 5 0.023769116 
758 229 26 21 0.023767186 
467 351 7 6 0.023764683 
363 98 22 25 0.023762625 
884 359 6 6 0.023739655 
234 363 11 8 0.023737438 
806 478 6 7 0.02373007 
735 90 9 7 0.023729865 
483 284 15 13 0.023724966 
977 716 24 24 0.023721447 
747 243 10 13 0.02371749 
369 377 7 9 0.023716109 
221 144 11 12 0.023715071 
294 396 7 8 0.02370863 
524 318 9 11 0.023691623 
343 455 22 24 0.023691544 
190 81 11 10 0.023691209 
435 401 6 7 0.023688473 
196 177 11 9 0.023688467 
843 432 10 12 0.023682294 
693 456 6 5 0.02367926 
141 269 6 7 0.023677563 
697 472 6 8 0.02367506 
893 438 11 12 0.023673255 
350 74 20 27 0.023673188 
758 153 13 11 0.023668401 
31 338 9 10 0.023663463 
160 205 8 7 0.023660462 
576 77 48 53 0.023648772 
58 100 7 9 0.023647688 
62 352 50 44 0.02364613 
728 37 10 8 0.023631696 
349 514 3 4 0.023629516 
348 506 4 6 0.023627395 
305 119 20 23 0.023623673 
594 267 9 9 0.02362272 
141 174 7 6 0.023621785 
254 144 10 11 0.02360701 
722 186 7 6 0.023603994 
232 231 6 5 0.02360335 
242 64 10 8 0.02360083 
148 437 7 4 0.023592362 
344 470 42 48 0.023587694 
410 307 6 8 0.023582533 
531 328 19 27 0.023580218 
735 483 23 28 0.023574399 
437 385 4 5 0.023562096 
795 485 6 8 0.023553114 
836 466 11 10 0.023551678 
414 407 12 13 0.023550387 
296 494 6 5 0.023545275 
244 212 6 6 0.023544278 
157 458 13 9 0.023538243 
441 470 8 12 0.023537656 
170 464 26 22 0.023536386 
513 336 27 31 0.023523008 
687 402 5 6 0.023520932 
327 126 6 9 0.023513809 
293 132 8 9 0.023510788 
81 249 10 11 0.023505168 
704 62 15 11 0.023503093 
128 460 27 21 0.023501735 
567 241 12 9 0.023495976 
284 148 11 14 0.023495952 
395 284 9 12 0.023495566 
403 337 44 55 0.023494555 
246 144 12 11 0.023493562 
210 223 8 7 0.023493268 
162 228 14 10 0.023490483 
339 107 7 9 0.023483431 
203 88 11 11 0.023482531 
146 262 8 7 0.02348034 
91 473 14 10 0.023476044 
732 335 5 4 0.023473874 
370 332 26 29 0.023470912 
37 177 7 9 0.023468176 
470 241 12 11 0.023467794 
702 126 11 10 0.0234626 
369 49 11 10 0.02345929 
718 473 5 7 0.023458103 
275 468 6 6 0.023452124 
220 70 22 25 0.023450995 
896 262 4 5 0.023448458 
346 435 6 7 0.023447948 
214 287 13 9 0.02344573 
12 350 9 10 0.02344343 
737 451 6 5 0.0234431 
127 319 10 8 0.023440672 
535 267 25 24 0.02343752 
10 372 27 25 0.023436472 
339 445 8 10 0.023433272 
986 173 51 54 0.023431748 
376 517 12 11 0.023423664 
768 227 6 4 0.023421274 
573 315 10 16 0.023419648 
862 451 10 12 0.023418713 
31 347 11 13 0.023417253 
692 386 5 6 0.023413487 
94 202 10 11 0.023402255 
1006 594 5 8 0.023398383 
146 127 10 9 0.023388917 
312 145 8 10 0.02338615 
793 235 9 7 0.023385856 
85 233 23 25 0.023383461 
716 146 11 8 0.02337736 
650 263 21 33 0.023376217 
144 229 27 22 0.023375008 
729 101 9 7 0.023374585 
631 285 7 11 0.02336554 
735 57 9 8 0.023360755 
116 142 7 5 0.023356732 
689 158 11 10 0.02335392 
368 405 46 50 0.023338005 
169 503 12 9 0.023336686 
817 468 8 7 0.02333117 
258 164 12 12 0.023324493 
139 453 25 22 0.023314878 
693 361 40 49 0.023314292 
470 379 5 4 0.023312831 
104 403 29 18 0.023311762 
102 142 7 5 0.023310125 
376 526 13 12 0.02330337 
503 497 12 12 0.023302624 
371 467 7 8 0.023301044 
836 439 11 12 0.023298683 
268 191 9 9 0.023295311 
27 334 6 7 0.023293117 
453 484 20 30 0.02329073 
458 478 8 11 0.023287922 
554 279 24 26 0.023284126 
698 35 20 14 0.023279438 
366 513 6 7 0.023266695 
445 345 4 6 0.023266403 
685 484 7 11 0.023260681 
600 481 9 13 0.023257894 
695 151 11 11 0.023257801 
14 334 25 23 0.02325299 
335 412 14 11 0.023252515 
425 520 4 6 0.023252336 
670 184 9 9 0.02324963 
577 302 6 7 0.023247771 
505 369 8 9 0.023245873 
242 374 33 27 0.023245635 
350 55 10 9 0.023245174 
408 262 9 9 0.023242783 
801 478 6 6 0.023241708 
699 293 5 8 0.023232497 
786 236 8 6 0.023232374 
705 271 23 30 0.02322576 
63 125 9 11 0.023224747 
228 100 22 22 0.023220088 
551 243 23 20 0.023218488 
695 455 23 29 0.023207562 
724 230 127 106 0.023201138 
362 375 11 13 0.023200022 
159 193 6 5 0.023198288 
143 100 15 12 0.0231978 
290 521 4 3 0.023189995 
228 282 30 24 0.023188056 
756 454 7 8 0.023184106 
177 165 11 9 0.023176907 
95 75 8 7 0.023176288 
263 447 7 8 0.023171457 
427 487 11 15 0.023169253 
241 323 75 48 0.023163985 
325 68 8 9 0.023161108 
477 221 13 11 0.023143793 
54 219 12 15 0.023141174 
430 299 5 8 0.023140386 
862 445 10 11 0.023132574 
457 367 4 4 0.02313016 
387 174 24 29 0.02312852 
386 506 13 13 0.023127865 
140 250 8 7 0.02311271 
290 407 13 15 0.02311254 
364 63 10 9 0.023108426 
671 466 7 7 0.0231057 
182 211 10 7 0.023105003 
355 361 12 13 0.02309913 
237 355 35 26 0.023089945 
832 238 6 6 0.023085086 
487 345 8 8 0.02308408 
784 260 10 9 0.023080854 
165 287 9 7 0.023079662 
128 167 7 6 0.023076076 
1007 590 4 6 0.023074888 
726 144 13 10 0.023070699 
798 235 11 9 0.023070201 
427 74 11 9 0.02306962 
449 485 6 9 0.023066817 
641 528 6 10 0.023065824 
734 50 9 8 0.023063714 
381 261 10 8 0.02305879 
81 456 13 13 0.023055764 
280 -184 313 140 0.023054846 
511 376 8 10 0.023050347 
473 210 26 21 0.023048192 
568 280 9 9 0.023047462 
452 469 11 15 0.023044083 
848 457 12 13 0.023043143 
694 132 12 11 0.023042174 
184 137 28 29 0.023041429 
242 267 11 9 0.023036737 
285 157 10 11 0.023036491 
158 179 9 7 0.023033578 
619 229 9 9 0.023026902 
264 508 4 3 0.023024073 
304 418 16 15 0.023022287 
219 293 30 23 0.02301832 
665 242 6 9 0.02301576 
991 638 8 10 0.023004208 
210 114 25 22 0.022989834 
301 495 5 4 0.022989731 
448 331 5 8 0.022986488 
223 275 9 7 0.022977393 
682 457 4 4 0.022975123 
670 407 11 10 0.022973312 
985 414 9 13 0.022962155 
430 269 6 7 0.022957869 
332 68 8 9 0.022951918 
703 298 27 37 0.02295096 
116 154 8 5 0.022945695 
839 353 7 6 0.022941926 
387 533 11 12 0.022920722 
863 420 9 11 0.02292018 
404 183 26 24 0.022907572 
230 236 9 8 0.02290463 
0 220 29 39 0.02287819 
215 139 11 12 0.022875696 
216 113 10 10 0.022870328 
141 181 6 5 0.022865986 
152 455 10 7 0.022855962 
228 63 23 21 0.02285226 
833 242 6 7 0.022852233 
868 491 18 29 0.02284987 
586 260 11 10 0.022834908 
203 294 10 7 0.022832848 
312 119 9 10 0.022830656 
735 44 10 8 0.022828942 
169 200 5 4 0.022817027 
293 487 7 6 0.022812078 
309 540 4 4 0.022810671 
337 152 12 18 0.02280756 
355 330 26 24 0.022805994 
199 270 7 5 0.022795703 
845 239 6 5 0.022790866 
596 288 5 6 0.022790251 
675 476 22 28 0.022782627 
353 500 4 5 0.02278118 
331 436 11 13 0.022778835 
285 171 12 12 0.022776153 
530 261 10 10 0.02276342 
620 261 9 10 0.022763293 
729 192 7 6 0.022763206 
236 262 10 8 0.022759274 
581 267 9 9 0.022757115 
325 42 9 10 0.02275644 
316 416 11 11 0.022756236 
356 352 8 8 0.022752285 
320 487 5 5 0.022750676 
299 438 9 11 0.022748856 
757 460 6 7 0.022746755 
91 129 6 6 0.022745186 
277 521 4 3 0.022741193 
112 211 9 9 0.022739476 
363 384 12 17 0.02273381 
285 399 86 78 0.02273351 
583 289 6 7 0.02272641 
52 113 9 10 0.02272355 
99 178 66 42 0.022714064 
288 404 6 7 0.022712015 
97 339 8 8 0.02271099 
133 455 10 7 0.022707969 
966 559 24 32 0.022707669 
412 531 5 7 0.022702761 
231 225 6 5 0.022701006 
434 331 22 32 0.02270049 
431 279 20 28 0.02269943 
179 229 10 8 0.022698304 
707 86 13 11 0.022695748 
843 426 10 12 0.022685047 
472 228 27 24 0.02267924 
274 460 8 8 0.022677472 
62 341 24 22 0.022673715 
318 152 24 30 0.022673156 
655 185 23 20 0.022673147 
367 309 13 15 0.022665635 
237 212 6 6 0.022658754 
641 517 5 10 0.022657132 
368 188 39 44 0.022654502 
424 312 6 11 0.02265446 
372 433 6 8 0.022649443 
729 240 9 9 0.022644667 
250 247 15 11 0.022643568 
4 351 20 26 0.02264245 
693 460 5 6 0.0226413 
314 88 20 24 0.022639569 
380 302 14 15 0.02263246 
830 496 11 13 0.022631625 
424 306 6 9 0.022631548 
641 513 17 30 0.02263038 
132 414 27 20 0.022627007 
944 419 22 27 0.022624906 
748 356 8 9 0.022622144 
848 325 23 24 0.022621486 
494 342 45 59 0.02262084 
443 377 5 5 0.022620546 
390 453 24 24 0.022617798 
776 215 28 24 0.022617655 
594 223 10 9 0.022612512 
770 176 15 12 0.022611847 
613 229 9 9 0.022611253 
114 273 26 28 0.022610284 
677 184 9 9 0.022609865 
91 430 6 5 0.02260632 
465 220 25 24 0.022603754 
202 137 11 13 0.022598747 
790 477 5 8 0.022597963 
648 95 13 10 0.02259791 
656 197 10 9 0.022587884 
318 126 9 10 0.02257862 
488 351 6 6 0.022578161 
536 248 10 9 0.02257531 
415 68 24 21 0.02257386 
108 342 65 45 0.02257061 
284 376 14 12 0.022566393 
486 -185 317 141 0.022563946 
722 179 8 7 0.022561977 
600 287 7 8 0.02255848 
705 325 6 9 0.022555504 
206 493 6 6 0.022555474 
152 161 32 25 0.022554751 
693 263 5 7 0.022549154 
498 370 8 10 0.02254222 
196 1 96 94 0.02254076 
141 166 8 7 0.022534594 
279 165 9 10 0.022533176 
805 468 6 6 0.02253206 
344 87 11 15 0.022531686 
249 205 8 6 0.02253074 
305 424 21 24 0.022522718 
299 93 9 9 0.022521328 
189 177 12 9 0.02250831 
170 235 11 10 0.022505198 
443 285 8 11 0.02250124 
638 216 9 9 0.022499733 
762 478 5 8 0.022486875 
293 480 8 7 0.022484139 
284 520 3 4 0.022480743 
48 306 14 17 0.02246929 
485 239 25 23 0.022468818 
849 493 11 16 0.022465639 
209 273 9 8 0.022461059 
186 93 14 11 0.022456346 
510 304 11 13 0.022447562 
865 282 68 104 0.02244686 
715 152 12 9 0.022444736 
502 487 13 15 0.022433434 
168 195 5 3 0.02243116 
275 424 25 25 0.022430519 
584 456 4 6 0.022424951 
410 302 5 7 0.02242004 
139 204 9 8 0.02241216 
951 426 11 12 0.02240466 
297 82 10 9 0.022399291 
164 275 9 6 0.022394516 
506 558 8 8 0.022389991 
183 165 12 9 0.022389416 
231 213 6 5 0.022383701 
599 386 4 5 0.02238099 
260 156 26 26 0.022380024 
856 413 9 11 0.022379987 
416 536 6 8 0.022366611 
355 387 11 13 0.02236536 
847 255 5 6 0.02236433 
329 208 24 31 0.022363307 
764 346 5 6 0.022359075 
522 280 9 10 0.022356788 
65 350 8 9 0.022356214 
855 324 11 11 0.02235097 
856 439 10 11 0.022346495 
152 275 9 6 0.022343913 
170 287 11 8 0.02234334 
592 467 4 9 0.022340389 
290 508 4 4 0.022336628 
394 301 22 26 0.022334447 
743 450 5 5 0.022332724 
185 186 8 6 0.022329528 
105 457 14 12 0.022326201 
14 351 109 87 0.022324745 
828 451 24 25 0.022321107 
324 93 10 11 0.022320917 
411 72 47 46 0.022310065 
251 501 5 4 0.0223084 
280 171 9 9 0.022307292 
453 353 24 27 0.022299666 
196 82 9 9 0.022296896 
556 236 10 7 0.022291731 
308 482 7 5 0.022289911 
338 388 11 11 0.0222828 
300 103 20 25 0.022281531 
246 150 13 12 0.022272693 
133 160 9 6 0.022268202 
473 262 30 28 0.022266483 
707 113 11 11 0.022262478 
616 383 5 7 0.022262426 
209 106 10 11 0.022255044 
394 272 10 12 0.02225075 
658 210 9 8 0.022249179 
357 80 8 11 0.022245504 
306 74 9 10 0.022237504 
132 438 58 41 0.022234356 
248 106 12 11 0.022226052 
165 449 11 7 0.022223102 
105 450 13 12 0.022220887 
698 443 6 6 0.022220217 
445 205 10 9 0.022218404 
746 50 10 8 0.022216316 
991 645 9 9 0.022215657 
599 58 11 9 0.022213291 
161 94 25 20 0.022212889 
201 150 13 13 0.02221263 
210 185 9 8 0.022211429 
225 150 32 28 0.02221048 
574 274 10 9 0.022206614 
514 246 26 27 0.022203248 
295 179 12 16 0.022197058 
78 97 6 6 0.02218229 
270 508 4 4 0.022180282 
372 492 8 9 0.022173574 
989 62 12 10 0.022170516 
665 204 9 8 0.022170119 
204 396 31 29 0.02216992 
535 399 4 7 0.022165371 
634 223 8 7 0.022160616 
693 253 18 27 0.02215332 
889 459 8 9 0.02215319 
721 119 12 12 0.022149734 
95 421 9 7 0.022133509 
956 590 3 5 0.02213065 
68 220 12 13 0.022128785 
656 500 4 7 0.02212824 
219 348 14 13 0.022124112 
394 237 25 27 0.022116456 
619 466 6 9 0.022114377 
275 427 9 9 0.022112414 
513 366 5 7 0.022111883 
245 118 12 11 0.022111094 
260 426 26 24 0.022109913 
311 104 9 12 0.022098994 
775 227 6 5 0.022096852 
193 494 5 5 0.022094594 
984 637 10 11 0.022094222 
22 345 14 16 0.022091072 
81 235 9 11 0.022090493 
370 106 9 11 0.022084555 
93 395 28 20 0.02208161 
214 36 12 10 0.022080518 
709 165 10 9 0.022074223 
725 335 5 4 0.022070434 
351 81 8 11 0.022069613 
707 107 11 10 0.022066463 
145 210 10 9 0.02206567 
322 438 11 12 0.022063088 
81 255 11 11 0.022062935 
383 269 21 27 0.02205269 
362 344 9 9 0.02205 
614 273 8 10 0.022049213 
260 415 11 9 0.022047661 
556 268 9 8 0.0220419 
740 184 10 8 0.022039602 
216 50 11 9 0.022039074 
325 85 10 13 0.022037085 
422 349 6 10 0.022037014 
140 135 9 6 0.022035342 
601 491 7 11 0.022033168 
548 237 10 8 0.022032183 
425 224 24 27 0.022030301 
440 61 11 10 0.022023708 
823 236 9 9 0.022023302 
498 468 29 36 0.02202279 
642 245 5 6 0.022022778 
680 253 6 10 0.022016875 
355 135 12 17 0.022015154 
221 129 23 25 0.022013647 
870 358 9 8 0.022008117 
94 244 12 15 0.022005925 
339 192 23 30 0.02199852 
663 177 10 10 0.021997463 
75 125 29 25 0.021995217 
791 452 54 47 0.021994825 
787 227 26 20 0.021986142 
223 131 11 12 0.021986078 
37 99 23 28 0.021983085 
449 372 27 22 0.021981899 
202 178 11 9 0.021978853 
450 373 4 4 0.0219753 
645 204 9 8 0.021974685 
320 460 7 7 0.021972844 
293 76 10 8 0.021969777 
477 444 53 52 0.02196223 
742 172 9 7 0.02196201 
413 247 11 12 0.02196161 
638 250 46 52 0.021961587 
195 171 12 10 0.021959301 
856 433 10 10 0.021957673 
704 222 8 8 0.021949064 
691 485 7 9 0.021948839 
549 336 9 12 0.021941224 
221 119 13 10 0.02193937 
87 48 27 20 0.02193903 
159 188 7 5 0.021938499 
202 235 9 8 0.021936903 
823 458 11 11 0.021928508 
53 350 27 23 0.02192725 
371 487 7 8 0.021926258 
203 185 9 7 0.021920057 
106 254 11 13 0.02191877 
351 -3 92 96 0.021912929 
317 75 10 10 0.021909233 
327 487 5 5 0.021908682 
429 317 5 9 0.021901105 
670 177 10 10 0.021894535 
846 251 6 5 0.02187964 
511 559 8 7 0.021876365 
418 300 5 7 0.021875039 
145 466 11 8 0.021874532 
529 254 11 10 0.021873394 
594 301 7 10 0.021872588 
677 114 9 8 0.021866955 
72 435 25 23 0.021866329 
122 183 8 7 0.021864966 
644 197 10 9 0.021858638 
263 502 4 4 0.021858308 
688 128 22 19 0.021854972 
281 464 27 23 0.021848843 
389 271 10 12 0.021846302 
585 456 30 46 0.021834401 
428 401 6 7 0.021834224 
431 284 4 5 0.02182939 
169 508 172 90 0.021826949 
57 108 10 12 0.02182482 
300 133 9 9 0.021824682 
869 330 21 26 0.02181896 
274 282 30 27 0.02181853 
133 166 8 6 0.021816757 
447 187 22 24 0.02181236 
317 334 86 81 0.02181165 
190 122 9 7 0.021810295 
638 229 9 9 0.021807883 
591 410 6 8 0.021806302 
878 522 6 14 0.021803688 
126 210 11 9 0.02180123 
639 210 8 8 0.021799712 
51 88 7 8 0.021796623 
716 245 28 31 0.021793347 
388 451 9 12 0.021791974 
352 530 5 7 0.021791913 
270 513 4 4 0.021789469 
136 257 5 6 0.021789309 
423 200 17 14 0.021785108 
660 231 5 6 0.021782357 
361 350 9 10 0.021776682 
250 219 5 5 0.021776665 
164 81 23 21 0.021775493 
191 512 7 5 0.021770207 
333 453 6 8 0.021768145 
132 205 10 8 0.021757405 
416 19 48 48 0.021753727 
805 447 8 8 0.02175161 
158 274 9 7 0.021748351 
384 389 9 9 0.021748334 
212 44 25 21 0.021747736 
235 198 25 21 0.021745183 
261 155 11 12 0.021744987 
114 254 9 11 0.021742953 
331 38 10 9 0.02174266 
599 209 10 9 0.021742513 
699 281 5 7 0.021740835 
658 209 21 24 0.021738363 
202 171 11 10 0.021731902 
663 170 10 9 0.021716822 
536 304 8 13 0.021705346 
781 347 5 5 0.021702614 
717 224 9 7 0.02169922 
590 292 49 52 0.021698717 
379 433 6 7 0.021698574 
691 479 7 10 0.021698087 
79 240 12 13 0.021696027 
825 242 9 8 0.021691922 
218 199 6 6 0.021691065 
145 76 22 20 0.02168698 
619 297 9 12 0.021682026 
669 455 24 27 0.021681055 
417 275 6 7 0.02167786 
64 132 10 13 0.02167629 
145 483 29 20 0.021676002 
188 -291 520 533 0.021674182 
873 220 24 21 0.02167116 
62 211 11 15 0.021667581 
816 218 10 8 0.021655798 
196 373 9 7 0.021655384 
215 268 8 7 0.021649636 
210 56 9 9 0.02164961 
304 545 4 5 0.021649187 
734 244 11 13 0.021648992 
324 446 9 10 0.021645572 
127 250 7 8 0.021643488 
788 227 6 5 0.021639759 
377 56 42 47 0.02163603 
648 245 5 6 0.02163324 
945 432 10 12 0.021632705 
656 504 5 9 0.021632371 
693 466 5 7 0.021630798 
100 416 9 6 0.021626644 
484 311 13 12 0.021621723 
881 245 8 6 0.021618923 
222 282 10 8 0.021616274 
561 321 18 27 0.021615362 
140 159 10 7 0.021612598 
805 255 8 9 0.021611355 
869 352 9 8 0.021611067 
159 124 19 12 0.021607708 
338 395 11 10 0.021600574 
209 230 9 8 0.02160017 
584 302 5 6 0.02159969 
292 371 11 10 0.021598577 
370 478 7 9 0.021595022 
235 255 11 10 0.021593127 
705 472 6 8 0.021589471 
876 343 9 11 0.021588158 
254 129 43 44 0.021587882 
649 529 5 9 0.021582443 
423 356 6 10 0.021581486 
641 480 6 8 0.021578541 
194 163 13 11 0.021577694 
489 360 5 5 0.021575762 
541 235 11 10 0.021566147 
641 511 5 9 0.021563983 
800 461 7 7 0.021561775 
718 340 6 5 0.021561405 
371 61 25 22 0.021554185 
676 177 10 9 0.0215522 
607 390 5 6 0.021547085 
290 553 29 24 0.021539278 
734 202 22 23 0.021525208 
286 166 10 9 0.02152078 
952 451 10 12 0.021491816 
438 232 13 14 0.021488642 
716 107 10 9 0.021485403 
382 67 13 12 0.021484265 
333 473 5 6 0.021478552 
388 541 19 23 0.021477224 
232 98 13 13 0.021472663 
559 441 12 15 0.021472339 
312 158 8 12 0.021471187 
624 289 20 29 0.021467391 
603 63 29 31 0.021465013 
139 242 10 9 0.021463495 
394 311 11 13 0.02145834 
982 138 62 58 0.02145551 
307 446 7 10 0.021454656 
378 384 6 8 0.021452688 
590 383 19 26 0.021447858 
191 185 8 7 0.02144779 
427 481 22 31 0.021441834 
52 94 7 9 0.021440137 
966 647 98 102 0.02143943 
434 70 10 8 0.021436673 
693 276 5 7 0.021432482 
64 184 6 8 0.0214323 
836 388 48 47 0.02142444 
863 471 20 26 0.021420365 
882 540 6 15 0.02141827 
607 497 6 11 0.021415545 
103 365 8 8 0.02141163 
527 399 4 5 0.02140985 
857 243 8 7 0.021400189 
743 479 6 8 0.021398164 
545 249 63 50 0.021397276 
313 461 8 7 0.021392083 
224 219 6 5 0.021379648 
743 86 14 11 0.02137909 
849 325 11 10 0.021378838 
126 173 7 7 0.021378182 
476 463 5 6 0.021372268 
305 459 9 9 0.021371013 
192 282 8 6 0.021369565 
687 233 19 25 0.021369155 
246 191 11 8 0.021368409 
322 292 14 11 0.021366315 
120 248 10 11 0.021364344 
654 581 7 11 0.02135884 
311 49 12 12 0.021357823 
195 288 10 8 0.021346522 
614 267 8 10 0.021342415 
515 334 10 11 0.021337457 
121 319 10 8 0.021331131 
976 70 22 19 0.02132919 
435 337 6 10 0.02132652 
297 361 13 12 0.021322208 
688 386 4 5 0.021312062 
306 371 9 9 0.02131074 
536 254 10 9 0.021310527 
174 465 13 11 0.02129235 
842 369 10 10 0.021290459 
675 126 12 9 0.021287732 
693 268 5 6 0.021287281 
652 210 9 8 0.021284355 
449 493 6 8 0.02128257 
334 460 5 7 0.021279102 
85 414 24 19 0.021278149 
464 241 12 12 0.021275463 
356 49 10 10 0.021275107 
46 341 13 14 0.02127292 
451 256 23 25 0.021272881 
252 232 9 6 0.021268312 
882 446 9 10 0.021267258 
270 521 5 3 0.02126509 
718 63 22 19 0.021261932 
584 430 20 30 0.02126098 
654 561 7 13 0.021255227 
326 453 7 8 0.02125341 
272 162 12 12 0.02125295 
303 539 4 4 0.021250622 
320 87 8 9 0.02124742 
507 267 15 15 0.021242995 
396 452 9 10 0.02124295 
601 293 6 8 0.02124106 
148 430 7 5 0.021232558 
863 380 13 13 0.021232434 
730 462 5 5 0.021231761 
748 197 10 9 0.021229902 
289 539 6 4 0.021229723 
777 480 4 6 0.021225754 
656 487 3 6 0.021216318 
637 204 22 21 0.021215066 
212 500 6 5 0.021214277 
477 228 12 11 0.021201523 
281 403 9 9 0.021201035 
300 378 9 9 0.02120025 
444 353 3 5 0.021197284 
163 106 12 11 0.021195093 
659 224 7 7 0.021194974 
794 236 25 25 0.021192862 
238 291 27 24 0.021189895 
909 301 4 8 0.02118459 
594 228 9 9 0.021182546 
112 297 28 26 0.021175122 
752 246 9 11 0.021174196 
879 532 6 14 0.021171812 
361 465 20 23 0.021171583 
591 296 4 5 0.021168394 
741 56 9 9 0.02116549 
443 332 5 8 0.02116497 
502 443 25 25 0.02116466 
158 172 10 8 0.021163806 
669 171 21 21 0.021153733 
793 468 6 6 0.021149943 
159 442 8 6 0.021149602 
728 352 9 8 0.021148091 
274 422 9 8 0.021143628 
835 399 13 14 0.021138765 
805 454 9 8 0.021137988 
60 260 25 27 0.021137668 
522 284 12 15 0.021136032 
708 245 7 11 0.021131441 
139 275 8 7 0.021129636 
744 345 7 7 0.021129305 
374 495 16 12 0.02112921 
433 60 11 10 0.021129064 
426 67 11 10 0.02112289 
143 249 27 23 0.02112035 
361 463 50 46 0.021119554 
711 410 7 7 0.021117976 
376 123 10 17 0.021117453 
199 506 6 5 0.021115469 
328 507 4 5 0.021111358 
433 189 22 23 0.021109413 
998 612 25 29 0.021107255 
460 276 26 33 0.02110635 
441 321 21 31 0.021103589 
788 446 6 8 0.021103133 
694 360 23 25 0.021100692 
105 324 10 12 0.021097079 
316 473 22 24 0.021096408 
545 293 20 26 0.021089822 
346 624 14 10 0.021088833 
53 336 12 13 0.021088684 
764 272 13 12 0.021084087 
254 151 12 11 0.02108143 
598 419 9 13 0.021081029 
719 335 4 5 0.021075737 
734 37 9 8 0.02107423 
286 396 8 8 0.02107418 
727 69 11 9 0.02106841 
635 217 23 23 0.021065952 
467 195 26 20 0.021060241 
144 473 12 9 0.021059792 
284 83 23 19 0.021059042 
432 276 4 6 0.021055128 
161 199 6 4 0.021054912 
447 247 10 10 0.021047832 
779 235 9 7 0.021044657 
383 274 8 8 0.021039281 
419 295 4 6 0.02103661 
179 195 6 4 0.021035902 
224 212 6 5 0.021034151 
881 439 10 10 0.021028828 
472 483 20 31 0.021026833 
202 36 11 11 0.021026444 
737 320 6 6 0.021024736 
664 198 9 8 0.021024562 
401 325 12 18 0.02102167 
869 344 9 9 0.021020034 
503 411 65 77 0.02101738 
500 398 20 32 0.02101701 
629 409 14 16 0.021016559 
332 57 42 49 0.021012632 
428 384 6 8 0.021012079 
638 197 9 8 0.02100752 
205 274 8 7 0.021007475 
12 338 9 9 0.021004828 
759 184 12 9 0.021000836 
277 156 11 12 0.02099958 
302 159 7 9 0.020996278 
273 99 11 12 0.020995904 
287 69 24 21 0.020994833 
811 246 9 10 0.020992478 
542 315 39 48 0.020988373 
813 255 8 9 0.020987568 
619 389 8 9 0.020974742 
398 429 9 8 0.020973397 
121 263 29 27 0.020973379 
415 502 9 13 0.020966267 
383 286 9 12 0.020960798 
626 223 8 8 0.020959409 
598 412 8 11 0.0209584 
245 406 27 24 0.020956745 
944 419 11 13 0.020954806 
794 226 7 5 0.020952431 
58 207 24 30 0.020945199 
736 102 8 7 0.0209407 
716 112 10 10 0.020933297 
249 263 9 8 0.020932516 
248 198 9 7 0.020928152 
649 485 4 7 0.020922717 
842 389 12 12 0.020921223 
779 601 7 7 0.020916943 
313 152 7 10 0.02091499 
717 479 6 8 0.020912288 
401 356 10 9 0.02090806 
457 209 13 10 0.0209073 
305 468 9 7 0.020903537 
890 326 6 8 0.020902477 
517 474 23 29 0.020895375 
850 362 11 9 0.020891823 
226 267 107 73 0.020891385 
437 363 5 8 0.02088845 
762 220 6 5 0.020881968 
658 267 9 16 0.020868924 
368 518 9 9 0.020868886 
786 224 53 41 0.02086694 
210 372 10 9 0.020866372 
587 267 10 9 0.020865776 
423 525 4 6 0.020859893 
345 114 8 9 0.020856306 
363 449 22 25 0.020854771 
590 282 6 6 0.020854743 
82 199 20 20 0.020853115 
378 227 28 30 0.020848308 
713 41 24 21 0.020842575 
271 139 75 81 0.020841707 
543 395 21 21 0.02084087 
132 287 9 8 0.020837903 
361 551 5 6 0.020833515 
244 226 6 4 0.020831745 
228 68 11 10 0.02083081 
479 313 10 10 0.020828424 
708 255 7 10 0.02082067 
411 478 14 16 0.020813225 
568 274 9 9 0.020813221 
173 480 8 7 0.02081127 
402 309 22 28 0.020809395 
363 49 11 10 0.020808926 
720 179 24 22 0.02080657 
711 480 6 7 0.020805528 
606 490 7 11 0.020801071 
976 392 14 14 0.020800777 
718 187 6 5 0.020798543 
100 164 10 8 0.020794677 
650 482 3 5 0.020792682 
184 179 10 7 0.020791724 
299 444 9 13 0.020786183 
92 168 12 11 0.020786023 
380 109 20 28 0.02078554 
929 378 26 24 0.020783173 
697 121 22 19 0.020781422 
255 120 10 10 0.02078063 
418 531 5 7 0.020777125 
588 275 8 8 0.020766925 
430 341 8 15 0.020762248 
733 131 14 11 0.020762062 
794 348 5 5 0.02075911 
101 155 7 6 0.020756014 
345 120 10 11 0.02075452 
270 150 22 23 0.020753969 
505 404 8 17 0.020747826 
431 349 6 11 0.02074334 
658 566 7 12 0.02074241 
757 341 4 4 0.02073969 
863 433 9 10 0.020736717 
805 205 24 22 0.020734694 
402 292 8 11 0.020729335 
858 139 59 47 0.020729322 
11 196 8 11 0.020728992 
326 460 6 7 0.02072831 
458 360 3 4 0.020727118 
181 224 12 9 0.020726413 
757 221 5 4 0.020726286 
421 503 7 12 0.02072495 
162 448 30 20 0.020715857 
633 229 8 8 0.02071203 
197 185 9 7 0.02070955 
213 162 14 13 0.02070587 
84 96 7 7 0.020705486 
328 500 5 5 0.020703902 
105 207 24 22 0.020690395 
869 426 10 11 0.020689087 
437 429 27 31 0.02068885 
407 80 27 24 0.02068106 
954 403 37 55 0.020680098 
726 132 13 10 0.020679573 
702 351 10 9 0.020679487 
813 504 7 9 0.020678429 
274 76 44 46 0.020678272 
68 265 11 11 0.020674367 
745 335 5 4 0.02067431 
703 165 9 9 0.020672446 
735 465 22 30 0.020670386 
899 439 11 11 0.02067033 
209 85 11 13 0.020668933 
936 389 24 22 0.020663882 
341 569 27 24 0.0206609 
210 99 22 24 0.020659756 
491 489 10 12 0.020658296 
542 254 11 10 0.02065463 
777 583 25 25 0.020653507 
128 198 8 7 0.020647634 
778 348 4 4 0.020644385 
387 256 10 9 0.020643165 
440 491 20 28 0.020637728 
299 143 21 27 0.020635078 
134 128 9 7 0.020634519 
228 184 11 9 0.02063144 
138 229 11 9 0.020628035 
976 597 3 5 0.020627225 
152 126 11 9 0.020616781 
697 384 8 9 0.020616217 
268 447 7 9 0.020614704 
862 338 10 10 0.020614112 
208 36 12 11 0.020612603 
862 439 10 10 0.020608544 
543 235 21 20 0.0206042 
476 119 28 21 0.020602925 
90 463 15 11 0.020594208 
196 42 11 11 0.020593788 
261 241 62 46 0.020591855 
134 181 6 5 0.020586519 
838 479 8 7 0.020584837 
1015 488 10 16 0.020580634 
159 288 9 6 0.020579884 
457 157 13 9 0.020578813 
206 372 7 7 0.020578079 
228 248 10 9 0.020577794 
184 205 7 5 0.020576632 
870 440 21 24 0.020573504 
57 83 6 6 0.020572824 
334 100 20 23 0.020572428 
591 484 19 32 0.020567346 
626 235 8 9 0.020567277 
865 385 17 14 0.020565256 
735 95 9 8 0.020560691 
145 230 10 7 0.020559244 
599 254 23 23 0.020559048 
252 110 12 12 0.020551026 
240 363 11 8 0.02054475 
737 327 5 5 0.02054451 
799 217 9 8 0.020544281 
567 306 9 11 0.02054285 
805 247 8 8 0.020541096 
563 316 8 12 0.020538576 
807 492 6 9 0.020535473 
342 482 5 5 0.020531144 
698 486 6 8 0.020528201 
945 426 10 12 0.020522516 
590 448 15 23 0.020521093 
721 172 9 7 0.020515917 
659 548 7 11 0.020515626 
377 261 48 55 0.020513168 
842 420 11 11 0.020513104 
337 87 9 11 0.020512827 
685 241 6 9 0.020507457 
658 472 6 8 0.020501954 
595 293 6 7 0.020497637 
763 449 5 6 0.020495767 
412 226 14 14 0.020495001 
176 240 13 11 0.020494651 
669 101 11 8 0.020492721 
452 323 9 12 0.020490345 
285 83 11 10 0.02048701 
632 63 10 9 0.020484509 
842 464 11 12 0.020484382 
313 181 10 13 0.020480309 
844 339 8 8 0.02048025 
705 480 6 8 0.020474369 
906 276 4 6 0.020473802 
644 121 9 7 0.020472694 
983 398 12 13 0.020463167 
448 443 9 9 0.020462217 
714 83 11 9 0.020461315 
333 469 5 6 0.020456769 
418 452 13 10 0.020453082 
497 497 11 12 0.02045267 
718 224 26 22 0.020452231 
725 444 5 4 0.020451574 
252 393 13 12 0.020438762 
650 494 18 33 0.020437608 
127 162 74 44 0.020429967 
627 70 10 8 0.020428373 
694 241 17 24 0.020423995 
868 452 10 10 0.020422362 
504 352 21 28 0.020421993 
69 165 9 10 0.020419043 
216 67 10 11 0.020416925 
927 420 22 26 0.020414256 
292 108 43 51 0.020412883 
565 422 67 91 0.020410433 
597 376 18 25 0.020406494 
336 70 78 79 0.020404788 
898 597 5 7 0.020403344 
394 240 13 13 0.02040158 
947 595 4 7 0.020401299 
141 437 7 5 0.020400794 
129 160 6 6 0.020400634 
841 357 25 20 0.020399451 
297 467 10 9 0.020397259 
423 275 6 7 0.02039593 
297 509 4 3 0.020394871 
234 499 9 6 0.020394662 
140 441 21 19 0.020384043 
231 494 8 5 0.020382402 
754 357 8 8 0.020381108 
76 95 25 24 0.020380849 
489 262 15 12 0.02037776 
394 459 10 10 0.020376151 
252 407 13 11 0.020362148 
286 430 12 14 0.02035876 
685 262 5 8 0.02035471 
680 467 6 6 0.020351551 
575 280 9 8 0.020351334 
163 114 13 11 0.020350346 
199 291 62 49 0.020339556 
608 294 7 8 0.020337768 
657 467 7 8 0.020335976 
844 337 52 48 0.020332733 
818 485 8 9 0.020331424 
295 113 19 21 0.020330762 
705 444 5 4 0.020329647 
326 38 9 9 0.020329062 
670 203 10 9 0.020329047 
745 195 27 23 0.020328896 
727 447 23 23 0.020328296 
264 85 12 14 0.02032714 
874 364 10 8 0.020319724 
477 203 13 9 0.020318462 
693 583 6 7 0.020318177 
443 256 6 6 0.020305373 
747 185 11 8 0.020302506 
406 505 21 34 0.020299705 
325 132 8 11 0.020292556 
683 234 7 10 0.020292403 
191 210 8 7 0.02028697 
875 433 10 10 0.020284958 
456 276 4 7 0.020284396 
782 493 6 7 0.02028439 
528 295 9 17 0.020282868 
357 63 9 8 0.02027842 
192 501 5 5 0.020275632 
285 126 21 23 0.020274675 
274 433 10 10 0.020271908 
119 423 11 7 0.020270787 
376 389 8 10 0.020267833 
320 105 9 11 0.020264106 
958 458 10 11 0.020258807 
835 426 12 12 0.020255325 
532 453 23 28 0.020255288 
311 111 9 12 0.020254584 
254 415 10 9 0.020253617 
529 248 11 10 0.020252451 
106 416 25 18 0.020251451 
268 474 24 21 0.020247487 
728 356 10 9 0.020240994 
217 499 7 6 0.020239385 
519 407 7 11 0.02023907 
108 410 8 6 0.020238692 
657 94 10 9 0.020238234 
620 428 8 9 0.020235153 
377 90 21 26 0.02023171 
63 37 25 21 0.020228015 
451 368 3 3 0.020227026 
307 466 24 23 0.02022636 
174 148 15 14 0.020223701 
644 216 9 8 0.02022356 
420 488 10 14 0.020223353 
951 400 11 12 0.020221999 
282 415 7 9 0.020210246 
154 189 5 4 0.020204185 
256 450 25 24 0.02020417 
338 76 21 25 0.02020373 
626 297 9 13 0.020202776 
883 446 21 23 0.020201286 
44 93 9 11 0.02019959 
401 262 9 8 0.020198409 
375 510 13 12 0.02019476 
869 433 9 10 0.02019429 
506 533 27 24 0.020193249 
198 513 7 5 0.020192284 
379 440 8 9 0.020190105 
336 180 12 18 0.020188944 
692 396 23 25 0.020188913 
710 461 23 28 0.020186106 
112 483 30 22 0.020185363 
123 256 7 8 0.02018503 
299 75 10 9 0.020179177 
123 189 29 24 0.020177359 
560 450 10 14 0.02017181 
717 444 4 5 0.02016686 
294 381 9 10 0.020166606 
227 113 12 11 0.02016468 
146 242 9 8 0.02016135 
694 126 12 10 0.020156872 
805 245 25 26 0.020145003 
765 279 12 11 0.020140426 
166 179 8 7 0.020137936 
579 235 11 9 0.020135164 
171 281 9 7 0.020133115 
481 493 26 33 0.020131573 
441 485 6 8 0.020130608 
292 469 12 10 0.020122724 
436 447 6 7 0.020116894 
786 554 8 10 0.020114271 
475 503 5 9 0.020111475 
931 509 79 90 0.020111311 
140 129 10 7 0.020106092 
414 74 11 10 0.020100351 
425 23 14 11 0.02009638 
516 358 24 27 0.020090625 
329 373 13 15 0.020083552 
411 538 5 7 0.020081652 
338 619 27 19 0.020077238 
851 249 6 6 0.020076135 
165 499 8 6 0.020075036 
104 101 29 23 0.020072503 
375 260 28 23 0.020070815 
581 275 9 8 0.020069007 
159 429 9 6 0.020060286 
383 112 9 11 0.020057613 
756 479 5 7 0.020050101 
186 194 5 5 0.020046758 
257 212 6 6 0.020044899 
452 203 11 10 0.020042164 
858 597 5 6 0.020039773 
69 345 9 8 0.020039106 
156 464 15 11 0.020037066 
247 91 12 14 0.020036245 
618 416 22 28 0.020035852 
593 260 10 10 0.020033086 
44 108 8 9 0.02003297 
132 429 9 6 0.020026414 
620 267 8 10 0.020019826 
188 131 11 11 0.020017305 
698 480 6 8 0.020016761 
211 192 7 7 0.02001436 
991 632 9 10 0.020010412 
690 474 21 29 0.020008523 
398 542 20 24 0.020006998 
150 96 13 11 0.020002326 
