20_Family_Group_Family_Group_20_835
457
181 267 30 38 0.99877924 
740 267 37 46 0.997357 
67 332 36 58 0.97864425 
4 282 29 45 0.90956944 
840 307 37 47 0.533784 
799 119 15 17 0.39351365 
687 164 12 21 0.2624398 
691 125 13 14 0.2416968 
154 310 27 43 0.14263485 
587 423 25 21 0.14048126 
516 571 8 8 0.10636061 
777 183 13 15 0.1018965 
859 119 53 50 0.09101102 
545 403 56 38 0.08742702 
546 430 108 78 0.08584913 
657 130 4 6 0.082703896 
711 138 8 13 0.07762121 
317 126 9 9 0.068112254 
507 439 170 169 0.06681236 
572 411 52 41 0.060956087 
827 124 14 13 0.059094336 
333 131 11 11 0.05774896 
658 135 6 9 0.05330148 
852 285 42 46 0.05327704 
323 110 10 9 0.05176108 
530 575 10 8 0.05126418 
572 564 5 6 0.05099638 
871 125 28 27 0.050877575 
284 141 5 7 0.048278876 
656 135 4 8 0.047832068 
604 368 42 42 0.046914745 
-20 -163 181 164 0.046907872 
771 175 23 28 0.046340913 
0 346 7 16 0.04602224 
354 451 5 5 0.04600393 
651 141 15 27 0.045978423 
579 347 4 4 0.04373814 
808 115 91 105 0.041819762 
750 140 78 91 0.04048989 
885 8 13 14 0.040140297 
368 54 25 26 0.040077247 
738 543 18 23 0.039869938 
823 121 12 11 0.039436307 
616 534 26 24 0.039416574 
636 133 5 9 0.039023332 
791 113 32 37 0.038856853 
876 111 33 29 0.038659703 
408 473 22 24 0.038620766 
316 462 4 5 0.038483374 
518 392 99 76 0.038401183 
823 127 23 29 0.038331658 
774 295 19 30 0.037479516 
21 296 12 17 0.03724851 
338 205 11 16 0.037193738 
328 458 5 5 0.037117235 
657 139 8 12 0.0368616 
577 360 4 5 0.03634613 
546 475 49 57 0.036232658 
703 30 31 28 0.035945464 
-16 84 331 413 0.035706304 
402 479 9 10 0.03567367 
837 105 9 12 0.035558816 
819 109 21 20 0.03535854 
346 123 7 7 0.034701563 
384 435 8 9 0.034606963 
591 539 4 7 0.034434486 
565 454 29 29 0.034423333 
414 478 10 11 0.034351774 
733 127 24 29 0.034161445 
322 458 4 5 0.033996668 
384 443 7 7 0.03393468 
315 451 5 6 0.03392744 
581 367 6 7 0.03391075 
117 412 63 45 0.033901047 
322 126 9 9 0.03366089 
407 479 11 10 0.03364049 
294 141 25 23 0.033342715 
352 460 6 7 0.033245202 
588 423 10 9 0.033040784 
361 452 4 4 0.03277166 
518 411 12 13 0.032762032 
353 458 5 5 0.03273914 
506 334 196 182 0.032573435 
646 293 11 12 0.03252174 
731 165 22 24 0.03236942 
322 451 5 5 0.03222905 
321 462 5 5 0.032227863 
372 556 13 17 0.032098353 
859 92 5 5 0.032092236 
584 355 4 5 0.03206771 
578 362 26 28 0.032016322 
323 493 25 20 0.03187493 
574 570 8 8 0.03160974 
582 360 4 5 0.03149099 
833 120 12 13 0.031463314 
444 596 22 25 0.03134808 
783 139 41 51 0.031344086 
579 437 30 27 0.0312284 
308 463 5 5 0.031170662 
578 366 5 7 0.031144049 
573 361 4 5 0.030932073 
591 361 5 4 0.030886602 
499 398 28 25 0.030698778 
602 373 5 6 0.030671604 
857 96 33 35 0.03067122 
541 454 25 27 0.030539064 
833 161 47 51 0.030479036 
730 148 39 48 0.03045459 
606 379 8 10 0.030402394 
313 434 109 82 0.03036432 
330 497 12 9 0.030334545 
720 180 13 16 0.030318921 
595 367 6 6 0.030217465 
567 621 8 9 0.030031426 
372 443 7 7 0.029900631 
654 141 6 10 0.029746508 
520 437 61 56 0.02967167 
576 457 32 37 0.029645508 
107 387 57 50 0.029538628 
347 451 5 5 0.029398445 
583 347 4 4 0.0292543 
309 459 4 4 0.029136386 
339 139 8 9 0.029079236 
294 147 9 8 0.029055756 
582 407 30 25 0.029012986 
803 121 45 51 0.028962614 
604 380 5 7 0.0289333 
534 512 10 10 0.028857952 
377 443 8 7 0.028854975 
590 367 6 6 0.028847255 
597 580 10 10 0.028804574 
308 450 6 6 0.028792387 
330 123 20 21 0.028789548 
701 333 27 33 0.02871779 
595 376 22 30 0.028623529 
372 451 6 5 0.028617136 
396 454 9 9 0.028535983 
300 144 7 6 0.02848792 
731 152 23 24 0.02834657 
882 53 12 12 0.02829329 
855 -179 255 165 0.028254647 
381 467 11 9 0.028121581 
316 125 6 7 0.028069641 
306 149 8 7 0.027937839 
367 451 5 5 0.027901888 
831 110 8 9 0.027897988 
491 504 9 12 0.02786081 
855 314 44 47 0.027787443 
315 459 5 4 0.027709022 
402 473 10 10 0.027611898 
559 441 29 27 0.02758376 
596 379 7 8 0.027415024 
654 145 7 14 0.027361067 
625 539 9 9 0.027341176 
879 85 92 106 0.027315978 
369 435 10 9 0.02729282 
528 578 13 12 0.027279356 
566 368 4 4 0.027223606 
795 125 15 19 0.0272058 
439 584 18 25 0.027156495 
647 547 12 14 0.027061846 
794 163 22 28 0.027031098 
699 16 31 22 0.027030788 
595 372 6 7 0.02678418 
301 503 22 21 0.026722364 
517 488 46 52 0.026655631 
407 473 11 10 0.026613692 
372 455 6 7 0.02659434 
328 451 5 5 0.026584346 
297 458 4 5 0.02658397 
489 416 54 45 0.026583532 
328 433 27 27 0.026513314 
331 141 9 10 0.026500544 
582 557 6 7 0.026479501 
847 146 10 12 0.026464472 
890 117 47 59 0.02642558 
888 135 24 29 0.026364446 
698 51 29 23 0.026324391 
578 370 6 7 0.026323004 
365 456 5 6 0.02631176 
345 21 89 99 0.026303938 
590 392 7 6 0.026262306 
828 114 47 50 0.026200473 
345 442 8 8 0.026020052 
853 98 5 5 0.025982948 
395 472 22 23 0.025969809 
490 43 26 26 0.02589939 
595 361 5 5 0.02582568 
823 128 13 15 0.025808267 
582 370 6 8 0.02578876 
342 441 25 27 0.025733318 
624 544 27 22 0.025677482 
578 343 4 4 0.02567152 
376 435 9 10 0.025620209 
328 461 5 5 0.025589196 
343 434 11 10 0.025563765 
519 539 7 8 0.02552761 
845 139 8 11 0.025521573 
330 122 9 8 0.02551853 
385 450 6 7 0.02535329 
880 125 16 15 0.02532845 
481 436 54 49 0.025289927 
320 110 21 20 0.025264418 
848 188 25 28 0.025252366 
842 125 10 14 0.025232678 
554 352 84 87 0.025170445 
683 167 5 9 0.025165351 
338 123 8 8 0.025126806 
824 111 8 8 0.025124606 
376 455 7 7 0.025077065 
307 467 6 6 0.025063239 
707 86 31 24 0.02503489 
526 509 23 27 0.024927456 
571 366 5 6 0.024900027 
689 111 78 92 0.024784142 
350 493 26 19 0.024749579 
919 402 12 11 0.024741666 
604 383 7 9 0.02471018 
791 131 11 14 0.02469144 
334 451 6 5 0.02468578 
340 451 6 5 0.024675293 
692 164 17 25 0.024665436 
835 97 19 23 0.024656478 
394 447 12 11 0.02458833 
961 98 6 7 0.024525171 
809 124 24 27 0.024523763 
303 459 4 4 0.024510445 
322 115 8 9 0.02444624 
834 112 11 13 0.024440628 
830 138 12 15 0.024420882 
835 123 19 26 0.024388729 
632 629 25 25 0.024349282 
907 77 7 8 0.024344252 
396 463 8 7 0.024333581 
586 451 33 28 0.02430246 
926 414 11 12 0.024206497 
847 98 5 6 0.02418174 
590 372 5 6 0.02417469 
335 458 5 5 0.024114108 
541 519 8 9 0.024111647 
774 146 8 11 0.024058087 
882 135 12 13 0.024044788 
350 123 6 7 0.024027962 
37 290 77 95 0.024014456 
219 38 18 28 0.02398709 
578 559 5 6 0.02398079 
781 136 23 25 0.023935696 
577 356 4 4 0.023921993 
290 457 5 5 0.023829248 
389 442 9 9 0.023812661 
740 172 11 13 0.023732113 
842 287 23 35 0.023729164 
915 117 23 32 0.023668373 
808 410 94 85 0.023650486 
852 41 28 22 0.02364105 
651 137 35 51 0.023600271 
573 561 4 5 0.023581602 
838 139 21 26 0.023561819 
351 442 9 8 0.023558477 
838 458 28 29 0.023516893 
432 588 11 19 0.023462113 
276 469 113 77 0.023444364 
566 362 3 4 0.023383958 
835 143 11 14 0.023357702 
330 368 48 51 0.023355521 
856 23 31 24 0.023310028 
389 454 9 8 0.02330639 
338 442 9 8 0.023278048 
659 402 9 10 0.023182767 
538 603 7 6 0.023172874 
407 486 10 10 0.023171471 
558 372 5 5 0.023153288 
541 31 12 18 0.023140889 
567 470 13 16 0.0231024 
759 151 9 14 0.023101248 
361 457 5 5 0.023083454 
932 134 7 10 0.023079714 
649 148 4 8 0.023075957 
343 203 9 12 0.023040561 
572 349 4 4 0.023033278 
814 136 23 29 0.023019452 
822 139 11 15 0.023011604 
834 106 5 5 0.022984121 
501 49 26 29 0.022945128 
653 403 8 9 0.022932304 
676 155 19 26 0.022889841 
690 27 24 26 0.022845063 
296 138 5 5 0.02283219 
647 152 6 10 0.022797648 
568 460 12 12 0.022786073 
662 104 4 4 0.02278466 
547 27 13 16 0.022760758 
590 355 4 4 0.022749184 
348 472 12 13 0.022744356 
635 152 8 13 0.022719843 
933 140 7 11 0.02268067 
501 31 21 22 0.022673488 
787 133 9 11 0.02266097 
364 468 8 9 0.022648519 
872 290 41 54 0.022622084 
984 400 12 17 0.022621155 
871 98 7 6 0.02253589 
830 149 21 27 0.022527715 
338 435 10 9 0.022480235 
578 380 5 5 0.022463398 
297 154 11 10 0.022431154 
841 103 9 10 0.02242637 
294 449 7 8 0.022403209 
573 569 23 23 0.022384208 
572 463 13 14 0.02236583 
322 503 30 22 0.022362592 
760 145 8 12 0.02233286 
692 646 46 51 0.022331228 
656 126 3 4 0.022320047 
865 91 6 6 0.02230917 
858 171 25 31 0.022307847 
606 423 35 30 0.02230494 
846 169 15 15 0.022299144 
620 386 28 39 0.022296224 
854 433 108 114 0.02225568 
296 464 5 6 0.022255141 
570 380 5 5 0.022239238 
615 549 9 10 0.022239096 
192 279 16 19 0.022192474 
588 380 7 7 0.022164036 
347 118 5 7 0.022114167 
770 50 25 19 0.02211359 
566 372 4 5 0.022091059 
365 443 7 7 0.022080934 
553 464 29 34 0.022058316 
650 143 4 6 0.022023631 
301 449 7 7 0.022013297 
531 602 8 8 0.022009091 
566 381 4 4 0.021999488 
344 133 10 10 0.021999031 
534 517 11 11 0.021957181 
558 368 4 5 0.021937814 
89 162 5 7 0.021932222 
767 151 9 15 0.021887403 
867 140 27 35 0.021885801 
377 451 6 6 0.02187256 
933 146 8 11 0.021867903 
332 442 8 8 0.021849642 
494 413 31 25 0.02182976 
852 92 5 5 0.021820933 
773 152 8 10 0.021782584 
313 469 6 6 0.021770386 
888 143 14 15 0.021733 
566 356 3 3 0.021661354 
935 71 91 103 0.021639584 
781 141 9 11 0.021629244 
112 113 12 11 0.02162763 
377 461 7 7 0.02160617 
639 131 4 7 0.0216 
390 421 55 44 0.021593116 
625 370 32 29 0.02158799 
689 180 10 16 0.021512438 
780 148 95 133 0.021480246 
596 385 7 8 0.021470867 
423 459 96 119 0.021456216 
573 355 4 4 0.02144881 
325 134 8 9 0.02141263 
771 95 25 27 0.021412078 
654 410 6 8 0.0214104 
569 372 6 6 0.021403467 
669 35 9 12 0.021341894 
926 121 7 11 0.02133935 
599 530 25 28 0.021338755 
319 146 10 11 0.021329923 
689 152 8 10 0.021326967 
361 461 5 6 0.021326594 
687 155 6 7 0.021309128 
184 489 85 84 0.021290502 
615 236 6 12 0.021285458 
299 486 26 25 0.021265913 
454 670 15 18 0.021230135 
888 38 9 10 0.021226618 
567 395 32 26 0.021226116 
593 411 10 9 0.021176621 
301 137 6 6 0.021164834 
767 171 9 12 0.021151917 
303 467 5 6 0.02114478 
944 136 4 6 0.021126617 
920 396 10 11 0.021106591 
542 529 8 11 0.021106564 
780 41 195 191 0.021105876 
912 401 12 13 0.021089671 
318 140 22 22 0.020991076 
294 144 7 6 0.020936593 
317 118 4 6 0.020913254 
572 452 14 15 0.02089225 
535 572 7 6 0.020888751 
611 547 5 5 0.020885479 
584 379 6 7 0.020870136 
313 474 7 8 0.020830365 
543 513 7 7 0.02081864 
746 474 22 24 0.020812754 
759 163 10 15 0.020780463 
950 124 4 6 0.020750074 
765 143 22 28 0.020742273 
609 374 5 7 0.020728199 
943 149 5 7 0.02072213 
343 101 10 10 0.020712549 
516 392 24 25 0.02070531 
903 179 42 47 0.020699548 
357 433 55 48 0.02067224 
888 305 39 52 0.020653028 
650 136 3 6 0.020652108 
847 92 6 5 0.020636713 
865 99 6 6 0.02062425 
926 402 11 11 0.020613614 
540 362 3 5 0.020612067 
340 461 5 6 0.020606972 
345 127 8 10 0.020599654 
111 107 23 23 0.020584485 
848 149 23 29 0.020582316 
610 540 5 6 0.020568276 
427 597 21 33 0.020527938 
655 105 4 4 0.02052361 
630 544 11 11 0.020518692 
845 488 24 29 0.020514967 
475 496 15 15 0.020513365 
589 318 12 16 0.020512348 
395 442 11 9 0.020471986 
312 450 22 23 0.020471288 
560 458 14 15 0.020432144 
364 44 47 52 0.020417558 
341 458 4 5 0.020414492 
-4 299 36 67 0.02037635 
549 479 9 12 0.020332497 
767 113 22 27 0.020330805 
743 528 6 6 0.020330524 
349 134 8 8 0.02032501 
142 73 13 15 0.020309122 
483 509 12 14 0.020299822 
616 540 6 7 0.02028822 
484 404 31 25 0.020273814 
284 139 5 5 0.020230986 
340 127 21 22 0.020220205 
532 346 44 54 0.020198965 
461 494 33 33 0.020190766 
363 460 7 7 0.0201835 
793 121 10 12 0.020154055 
363 434 10 10 0.020153308 
634 111 4 6 0.0201495 
880 143 14 14 0.02014586 
602 366 6 7 0.020143196 
288 139 5 4 0.020131938 
611 394 22 29 0.020119134 
557 362 4 4 0.020111533 
490 490 9 13 0.02010789 
869 133 12 11 0.020096093 
844 150 10 14 0.020094823 
304 333 27 24 0.020093994 
292 115 23 24 0.020040609 
52 264 4 6 0.020013662 
284 132 5 4 0.020007517 
