20_Family_Group_Family_Group_20_360
20
388 225 61 65 0.9995105 
728 270 74 89 0.99948776 
486 312 53 61 0.99945956 
530 261 65 78 0.99611366 
508 287 62 68 0.09793316 
179 121 8 13 0.062399365 
258 80 13 14 0.046826094 
212 248 5 8 0.035077535 
26 524 6 8 0.029278463 
121 530 6 8 0.026082091 
90 529 5 7 0.023851754 
186 170 8 10 0.02344753 
598 284 10 18 0.02268658 
205 1 5 5 0.021423196 
212 20 7 10 0.020974064 
149 126 6 7 0.020779997 
162 42 7 10 0.020773448 
213 231 5 6 0.020700697 
222 95 27 27 0.020560531 
264 155 24 27 0.020413425 
