20_Family_Group_Family_Group_20_101
21
970 55 48 58 0.99974245 
38 64 41 50 0.99969757 
382 28 38 48 0.9996778 
783 275 45 58 0.9995759 
732 73 43 55 0.9994867 
842 93 42 58 0.999483 
227 63 39 48 0.9993622 
561 240 39 53 0.9993345 
895 294 49 61 0.99923515 
665 260 46 60 0.99909604 
137 89 36 46 0.9990382 
69 264 48 61 0.99896026 
638 74 37 47 0.9989267 
493 52 37 46 0.9988458 
204 211 49 67 0.99867296 
555 73 34 44 0.9957417 
714 625 90 81 0.13492505 
326 46 7 9 0.09729391 
483 57 27 34 0.03702374 
496 19 8 10 0.026190465 
530 56 8 13 0.020503033 
