20_Family_Group_Family_Group_20_663
968
337 239 43 62 0.9998155 
778 257 41 53 0.9997899 
236 291 43 54 0.9997702 
525 182 51 62 0.999713 
541 319 45 59 0.9996755 
654 193 39 44 0.99915874 
476 293 40 44 0.9942338 
574 14 9 9 0.62957084 
996 603 9 9 0.4659696 
401 149 10 17 0.43846074 
695 19 9 10 0.41617954 
1004 589 9 9 0.37030292 
975 581 6 7 0.30977246 
698 82 7 8 0.2905235 
82 690 12 12 0.20765653 
664 96 9 10 0.189934 
988 587 9 10 0.18625708 
589 1 7 6 0.18405774 
283 154 21 20 0.18171276 
58 512 8 9 0.16967736 
150 164 12 11 0.16519573 
999 569 6 7 0.16431968 
370 103 8 9 0.16185826 
691 85 7 8 0.16008933 
676 20 8 10 0.15884906 
79 564 5 6 0.14074339 
568 32 10 10 0.13290599 
978 684 9 9 0.13041385 
712 11 7 8 0.12975888 
706 409 26 40 0.12821046 
638 26 8 8 0.1268284 
608 20 7 6 0.12341074 
3 134 11 12 0.12284545 
660 46 8 9 0.12245542 
605 39 9 7 0.12192739 
149 355 38 28 0.12052563 
747 114 12 12 0.11942337 
727 70 7 9 0.11822354 
593 1 9 5 0.1168578 
653 13 6 7 0.11513259 
569 0 7 6 0.11466873 
12 525 10 9 0.11060444 
70 570 6 6 0.11015541 
683 4 10 9 0.10987182 
331 161 22 24 0.10900248 
170 350 26 21 0.10672659 
1004 584 9 9 0.10626168 
702 96 8 8 0.10498703 
638 30 8 10 0.10367535 
731 2 6 7 0.101801455 
68 582 8 7 0.097957075 
976 578 7 8 0.097758524 
956 622 9 8 0.09714594 
645 74 8 9 0.09706297 
658 16 8 9 0.096165396 
970 589 7 8 0.09364011 
1012 654 9 9 0.09241154 
582 7 7 7 0.09182124 
119 554 7 5 0.09049358 
620 40 8 7 0.08956598 
964 579 6 6 0.08815255 
984 723 6 7 0.08811431 
109 570 7 8 0.083452195 
352 159 10 12 0.08341164 
496 166 22 28 0.08329285 
4 518 6 8 0.08200125 
643 1 8 8 0.08173759 
599 63 9 10 0.08165446 
654 27 7 8 0.080505736 
1005 619 8 8 0.07990575 
724 64 7 8 0.078811325 
1012 74 5 5 0.077906206 
121 557 6 5 0.07746714 
693 13 7 7 0.07661091 
13 208 9 10 0.076134086 
608 44 8 7 0.07595712 
610 25 7 7 0.07558434 
755 2 9 7 0.07476414 
589 76 8 8 0.074451126 
20 706 8 12 0.07358421 
627 51 8 7 0.0733152 
1016 462 7 9 0.07252467 
601 34 9 7 0.07247008 
599 20 9 7 0.07236336 
128 559 5 4 0.07202795 
606 2 7 6 0.07175081 
335 153 11 13 0.0714763 
1 673 5 8 0.07016295 
734 2 7 7 0.06980206 
621 5 8 9 0.06942224 
40 180 13 14 0.06900338 
1018 577 5 5 0.06746417 
102 569 8 8 0.067443185 
672 0 8 8 0.06719044 
377 89 7 8 0.06644701 
48 689 9 9 0.066272646 
549 26 9 8 0.06612586 
734 34 6 7 0.066068105 
696 6 8 8 0.06582944 
928 533 7 7 0.06396258 
955 626 10 9 0.06389421 
296 147 15 12 0.063375995 
307 146 15 15 0.06332594 
100 564 8 8 0.06302333 
714 8 7 7 0.062922776 
116 556 7 6 0.0628516 
594 8 9 6 0.062826574 
556 8 8 6 0.06281409 
576 123 22 21 0.062642165 
762 52 6 7 0.062479183 
585 31 10 8 0.06201506 
950 609 9 7 0.061974306 
581 37 9 9 0.06194316 
582 33 9 7 0.06190082 
1018 589 6 7 0.061384242 
670 42 8 8 0.061311815 
774 46 9 8 0.060905788 
382 120 9 9 0.060845997 
741 1 6 7 0.06081796 
1018 634 7 8 0.060506303 
651 44 8 8 0.060044724 
7 525 6 8 0.05982054 
697 38 8 8 0.059528355 
572 1 8 6 0.058720395 
964 715 8 10 0.058617514 
722 74 8 9 0.05844091 
640 36 8 9 0.05840303 
538 1 8 6 0.05773542 
64 319 9 8 0.057380687 
672 23 10 12 0.057182584 
95 540 5 5 0.057047624 
626 19 7 8 0.056887127 
438 168 26 31 0.056756552 
363 116 11 10 0.056324735 
542 0 9 7 0.056225263 
652 8 7 6 0.056030113 
965 582 6 6 0.055947118 
672 30 8 10 0.055565353 
535 12 8 9 0.055272553 
196 299 9 9 0.054911476 
0 536 5 8 0.054787826 
702 7 6 8 0.05475904 
999 566 6 6 0.05452027 
600 59 9 9 0.05360646 
607 6 6 6 0.05342773 
695 1 8 6 0.053369325 
973 602 7 6 0.053281214 
972 563 8 7 0.052993882 
592 33 9 7 0.05294133 
745 54 11 11 0.05287321 
554 12 8 7 0.05282686 
658 8 7 7 0.05281584 
562 1 9 7 0.052671485 
971 653 10 9 0.052560836 
499 37 10 10 0.05255205 
748 27 7 7 0.052496508 
805 1 8 6 0.052380003 
561 7 9 7 0.052139886 
583 1 7 6 0.051946472 
934 714 8 9 0.051731806 
86 249 23 24 0.05165677 
12 520 8 8 0.051648896 
599 25 8 7 0.05155192 
724 1 7 6 0.05139654 
959 590 7 8 0.05115078 
857 623 11 11 0.051052168 
109 556 6 7 0.050999094 
960 582 7 6 0.050904874 
1012 719 7 8 0.050788347 
913 532 6 6 0.050646465 
671 12 7 8 0.050604537 
651 39 7 8 0.05038703 
664 107 8 11 0.050284524 
538 8 7 7 0.05007371 
687 1 11 9 0.05003374 
632 19 7 7 0.049988713 
25 137 10 12 0.049844015 
943 641 7 8 0.049771693 
344 138 12 15 0.049158532 
89 578 6 6 0.049018916 
44 119 12 11 0.048733905 
188 293 13 12 0.0487265 
890 597 6 7 0.048695523 
194 131 14 13 0.048092764 
992 578 6 6 0.04794577 
857 605 5 6 0.047828294 
648 13 7 7 0.04781936 
693 107 10 10 0.04775849 
42 188 12 14 0.047751594 
740 56 10 9 0.047507603 
643 32 8 8 0.047341567 
788 442 6 6 0.04732552 
358 100 8 8 0.047040746 
100 700 9 8 0.047004644 
594 12 9 8 0.046775702 
290 299 10 13 0.04659701 
376 103 9 9 0.046428658 
88 588 9 8 0.046297103 
748 70 10 10 0.046285275 
731 91 23 22 0.046225373 
510 39 10 10 0.046149496 
575 8 8 7 0.04610488 
979 564 7 7 0.04605908 
79 561 4 4 0.04602358 
45 595 8 9 0.045889653 
765 23 10 9 0.045812216 
720 88 7 10 0.04569436 
1010 647 8 7 0.0451734 
628 76 8 8 0.045169346 
933 625 9 9 0.045093905 
820 0 6 6 0.045051273 
676 119 13 11 0.04481676 
844 588 7 7 0.044760175 
851 591 6 6 0.04446483 
510 120 8 9 0.044392403 
662 50 9 9 0.044383183 
343 215 21 24 0.044373233 
0 626 6 10 0.04420266 
114 539 6 6 0.04416538 
644 37 8 9 0.043575097 
3 128 10 11 0.043478396 
84 547 5 5 0.043437 
382 103 7 8 0.04340544 
959 608 8 7 0.043080717 
396 130 7 8 0.04303536 
663 12 8 10 0.04284069 
116 545 6 5 0.04260372 
728 14 7 7 0.042446367 
120 565 7 6 0.04241504 
621 52 7 6 0.042412776 
38 525 7 6 0.04238973 
303 132 9 9 0.04207283 
129 564 5 5 0.04203544 
734 37 6 10 0.04199194 
975 719 5 7 0.041530702 
614 57 9 9 0.041408833 
592 45 9 7 0.041337173 
367 111 11 11 0.041111775 
664 91 7 8 0.04109926 
12 118 11 13 0.041015174 
787 26 7 8 0.040989302 
710 64 6 6 0.04094867 
536 56 8 9 0.040918063 
567 27 9 8 0.04090765 
373 107 10 11 0.040904194 
737 76 7 8 0.04085554 
993 606 9 8 0.04079417 
983 653 10 8 0.040780403 
599 1 8 6 0.040708013 
666 1 8 6 0.040700305 
694 103 10 10 0.040686175 
726 59 7 7 0.04027459 
594 58 10 10 0.040268026 
90 487 7 7 0.04017067 
328 130 15 12 0.040099982 
606 15 7 6 0.03988442 
46 493 6 6 0.03986922 
139 559 3 5 0.03986821 
1018 72 5 7 0.03982776 
1007 564 5 6 0.039550714 
1011 609 9 7 0.039432567 
531 2 6 6 0.039391443 
38 678 7 8 0.039381437 
747 46 8 7 0.039175734 
589 13 8 7 0.039143756 
652 2 6 6 0.039087657 
695 89 9 8 0.03894059 
70 578 7 7 0.03886414 
853 595 5 6 0.03881924 
712 71 6 7 0.03859099 
997 615 9 8 0.038516324 
985 566 5 5 0.03844826 
613 52 7 6 0.0384147 
678 5 9 9 0.03839101 
554 18 9 9 0.038326982 
957 684 8 7 0.038251497 
959 699 7 6 0.038207408 
615 117 12 14 0.038138077 
71 566 5 5 0.038009603 
764 0 10 8 0.037940383 
886 513 5 7 0.037917662 
506 17 12 11 0.037845723 
531 16 9 9 0.037730932 
561 84 8 8 0.037674118 
1000 583 7 8 0.037673134 
0 708 8 12 0.037557483 
716 64 7 6 0.03753337 
889 601 6 8 0.037415795 
594 25 9 7 0.03724817 
391 103 7 8 0.037131242 
1006 549 8 8 0.037045486 
6 515 5 5 0.03703382 
491 1 8 6 0.03702909 
972 620 8 7 0.036985572 
1010 616 8 7 0.03698141 
692 79 6 5 0.036875438 
785 31 8 8 0.036784485 
357 145 9 12 0.03676368 
993 571 6 5 0.036714602 
89 583 7 8 0.036631953 
960 644 9 8 0.036606118 
567 95 7 8 0.036515642 
769 13 8 7 0.036502603 
556 125 14 13 0.03643918 
659 1 7 6 0.03643712 
125 356 11 10 0.03638806 
43 617 11 11 0.036365684 
130 555 4 3 0.036326937 
946 529 10 10 0.036250744 
561 114 10 10 0.036181558 
1001 606 10 9 0.03607276 
788 18 7 9 0.035958923 
971 628 7 7 0.035796758 
965 608 8 8 0.035777543 
51 26 5 7 0.0357008 
555 2 8 6 0.035672102 
40 202 11 13 0.035548598 
38 520 7 7 0.035504833 
717 108 9 11 0.03539585 
614 1 7 6 0.03522121 
685 109 8 7 0.03502019 
115 306 8 9 0.034950294 
978 719 6 7 0.034930274 
600 88 9 10 0.034898166 
639 22 7 6 0.034827933 
813 615 9 10 0.034748554 
448 102 6 7 0.034739982 
84 577 6 6 0.034695305 
1012 603 8 7 0.034684964 
9 24 10 12 0.034660075 
105 557 6 7 0.034603313 
966 565 6 6 0.03445832 
16 182 11 12 0.03441467 
574 55 11 10 0.034340184 
541 7 7 7 0.034325115 
978 590 6 7 0.034298684 
425 128 10 11 0.03419059 
122 547 5 4 0.03407525 
903 528 7 6 0.034072496 
750 20 6 7 0.033695526 
824 2 7 5 0.033689827 
113 569 7 9 0.033652294 
588 7 9 7 0.0336134 
523 26 9 9 0.033595126 
677 13 7 7 0.03353936 
349 141 12 16 0.033520672 
863 615 8 9 0.03350659 
572 35 12 11 0.03350246 
677 102 7 8 0.03347267 
89 564 7 7 0.033343595 
749 32 7 7 0.033233486 
383 108 7 8 0.033194184 
1010 564 5 5 0.03314132 
640 102 8 10 0.033089183 
966 612 10 9 0.03302085 
707 193 12 13 0.03297454 
372 90 7 8 0.03296813 
675 44 8 8 0.032947138 
670 5 9 8 0.032924946 
778 14 7 8 0.032843664 
59 545 5 5 0.032827735 
971 691 8 7 0.032705054 
1014 578 5 5 0.032683026 
104 539 7 7 0.03261911 
632 14 6 7 0.03261339 
866 607 6 6 0.03255182 
736 14 5 7 0.032539938 
29 134 9 11 0.03253945 
986 718 6 7 0.03251612 
645 87 9 10 0.032372102 
743 70 9 10 0.03224009 
395 96 8 8 0.03223578 
137 565 5 5 0.032178346 
744 34 6 6 0.032174245 
292 70 9 7 0.032169692 
627 100 10 9 0.03211742 
975 553 5 5 0.03207008 
31 320 8 10 0.0320495 
625 63 8 8 0.032011483 
30 570 9 9 0.031988926 
976 614 9 8 0.031974766 
799 33 7 7 0.031942654 
529 26 7 8 0.03194197 
565 32 8 8 0.031873226 
47 49 7 8 0.031871084 
910 512 7 6 0.031833462 
43 46 8 9 0.031826008 
24 614 8 9 0.031750962 
711 60 5 5 0.03167962 
13 693 6 8 0.031663686 
856 615 8 9 0.031607803 
644 26 7 7 0.031581618 
89 547 5 5 0.031539332 
52 558 7 7 0.0312212 
25 596 9 8 0.031194983 
76 332 15 11 0.031155847 
821 591 6 6 0.03108605 
1 523 5 8 0.031017624 
4 682 7 9 0.031001369 
256 136 8 9 0.030993024 
1017 621 7 8 0.030942198 
549 20 8 8 0.030918159 
835 612 9 11 0.03089173 
110 161 14 15 0.030792493 
17 519 8 7 0.030757723 
807 28 7 8 0.030754833 
571 190 38 51 0.030752791 
617 512 29 24 0.03072251 
919 587 9 8 0.030652385 
772 1 9 7 0.03060288 
142 517 9 9 0.030578684 
722 14 7 7 0.030571038 
669 100 9 9 0.030547984 
68 684 10 9 0.030542823 
610 39 10 8 0.030531453 
683 12 7 7 0.030510107 
888 540 9 6 0.030487183 
807 209 8 9 0.030289246 
960 705 6 6 0.030173067 
988 602 6 6 0.030141652 
17 266 11 13 0.030126281 
588 19 9 7 0.030122468 
974 558 6 6 0.03008923 
976 610 8 7 0.030078227 
799 19 7 7 0.030042043 
659 494 23 26 0.029980624 
524 7 8 8 0.02997126 
84 551 5 5 0.029883582 
738 82 11 11 0.029863793 
747 39 8 7 0.029852474 
530 8 8 6 0.029845105 
524 12 9 9 0.029844003 
361 132 8 10 0.029711517 
593 40 8 6 0.029678453 
709 95 8 9 0.02965374 
6 124 7 8 0.029652543 
926 639 6 7 0.029618084 
490 122 8 9 0.02959148 
772 18 9 9 0.029492576 
541 13 7 7 0.029477797 
775 50 9 9 0.029465878 
753 34 7 7 0.029462395 
19 575 8 8 0.029449683 
970 633 9 8 0.029449288 
1016 615 7 7 0.029418657 
704 115 7 9 0.029372884 
1014 486 11 11 0.02929146 
262 148 8 9 0.029272629 
647 43 8 9 0.029216949 
761 48 6 5 0.029181523 
986 578 5 6 0.029153531 
583 27 8 6 0.02913421 
632 7 7 8 0.029126214 
72 541 4 4 0.029105902 
822 595 6 6 0.029041866 
900 714 9 11 0.029018601 
115 705 10 8 0.02890643 
238 136 12 13 0.02887982 
677 107 8 9 0.028859967 
918 545 5 7 0.028846318 
212 317 13 16 0.028748548 
8 531 5 7 0.028602071 
787 455 5 5 0.028538045 
1011 67 4 5 0.028521735 
70 534 5 5 0.028510759 
45 590 8 7 0.028510552 
1017 604 7 7 0.028495487 
564 26 7 7 0.028440401 
962 711 6 7 0.028434914 
569 -2 7 5 0.02842876 
293 126 10 10 0.028357945 
82 559 5 6 0.028354922 
456 111 11 12 0.028312366 
633 88 8 8 0.028257405 
911 509 5 5 0.028219124 
701 44 9 9 0.028146673 
355 138 11 13 0.028105602 
799 26 6 7 0.028011221 
605 58 9 8 0.02799311 
498 1 9 6 0.027945356 
803 6 10 7 0.02789946 
77 570 6 6 0.027871871 
139 569 6 8 0.0278591 
624 1 9 10 0.027845202 
562 78 9 8 0.027784023 
560 12 8 8 0.027780594 
709 114 8 10 0.02774171 
1020 573 4 5 0.027695106 
341 153 10 10 0.027672036 
595 69 9 10 0.027635667 
965 594 9 8 0.027604967 
1008 585 7 5 0.027579753 
383 84 6 8 0.027557438 
720 111 12 13 0.027496303 
770 52 7 7 0.027494755 
92 397 27 25 0.027482007 
769 45 7 7 0.027471691 
771 24 8 8 0.027471457 
720 76 5 7 0.027413238 
579 17 8 9 0.027401425 
977 552 6 5 0.027353685 
825 609 7 8 0.027340714 
791 1 8 7 0.027329393 
600 45 10 7 0.027311867 
874 540 9 7 0.027232958 
762 56 8 8 0.027232813 
465 2 8 6 0.027225954 
263 140 8 8 0.027181095 
71 545 5 5 0.02717563 
44 501 8 8 0.027165769 
806 16 9 10 0.027159983 
922 715 7 10 0.027143849 
574 69 7 8 0.027097173 
715 94 8 10 0.027092136 
3 206 11 11 0.02707051 
966 705 6 5 0.0270649 
951 703 7 7 0.02702631 
473 1 9 7 0.02701423 
494 11 14 10 0.026990369 
817 49 8 9 0.026976913 
724 495 27 29 0.026893409 
925 589 7 7 0.026887314 
247 138 9 10 0.026880324 
749 1 7 7 0.026862513 
652 50 8 9 0.026853353 
997 548 8 8 0.026853293 
884 578 6 6 0.026835686 
272 167 10 11 0.026797619 
682 31 7 8 0.026793268 
744 27 6 7 0.02678246 
907 526 7 7 0.026764374 
756 -3 7 5 0.026740313 
812 576 7 6 0.026650144 
637 116 8 9 0.026641991 
71 501 6 6 0.026635459 
386 145 9 13 0.026604913 
744 39 6 7 0.026604416 
548 30 9 10 0.026550002 
934 602 8 6 0.026529819 
952 583 7 7 0.02650759 
114 674 7 6 0.026500419 
780 28 7 7 0.02646122 
985 556 7 8 0.026335506 
593 82 9 9 0.026334548 
48 26 5 6 0.026309434 
960 694 6 5 0.026268398 
910 603 7 7 0.026222687 
965 603 8 6 0.02620208 
923 698 6 7 0.026198942 
550 8 8 6 0.026174186 
34 470 6 6 0.026154721 
664 6 8 8 0.026152994 
944 651 9 9 0.02615087 
129 519 5 6 0.02611114 
981 559 5 5 0.02609626 
49 47 8 8 0.026094463 
594 -2 8 4 0.02608131 
762 20 9 9 0.026078071 
569 18 9 8 0.026012551 
754 26 7 7 0.02598165 
638 243 12 15 0.025971308 
117 490 4 4 0.025954772 
525 1 7 7 0.02593819 
33 692 7 6 0.025920667 
561 19 8 8 0.025910681 
790 6 9 9 0.025859077 
391 95 7 8 0.025818603 
624 46 9 8 0.025815655 
697 42 9 9 0.025757808 
283 147 14 12 0.025750278 
763 308 13 17 0.02574849 
681 116 10 9 0.025705293 
912 620 8 9 0.025703274 
999 559 6 6 0.025697684 
987 571 4 5 0.02568785 
93 535 3 4 0.025687028 
877 611 9 10 0.025667755 
593 58 19 19 0.025661562 
56 716 7 8 0.02564385 
946 723 9 8 0.02563802 
145 305 8 8 0.02561888 
232 272 24 26 0.02560849 
14 191 15 17 0.02560577 
790 12 9 10 0.025601327 
786 599 6 7 0.025592145 
120 569 7 9 0.025591183 
75 578 6 6 0.02557555 
961 571 6 5 0.025563776 
58 319 8 7 0.025521701 
821 168 11 14 0.025459275 
854 604 5 5 0.025411014 
918 507 11 8 0.025408302 
660 85 6 7 0.025405651 
656 29 8 10 0.025397895 
965 571 6 5 0.025396895 
731 244 37 44 0.02537867 
593 51 9 8 0.025341991 
953 578 8 7 0.025334384 
439 115 10 12 0.025333608 
626 25 7 7 0.025331052 
792 33 8 8 0.025298828 
882 594 8 9 0.025288824 
490 387 38 32 0.025257677 
524 38 8 8 0.025244426 
1005 653 8 8 0.025235223 
1002 570 6 7 0.025234466 
1004 647 8 7 0.02521441 
1 450 4 6 0.025210591 
601 52 8 7 0.025155516 
403 3 14 11 0.025131324 
168 164 11 11 0.025128651 
295 292 20 25 0.02509691 
1009 641 7 7 0.025087373 
26 23 12 14 0.025065122 
523 19 9 9 0.025046686 
608 71 8 9 0.025013197 
362 101 9 8 0.024997415 
584 101 8 9 0.024963891 
14 414 7 9 0.024960473 
947 704 7 8 0.02495313 
78 541 4 4 0.024942242 
760 13 9 8 0.02493483 
116 709 12 8 0.024923991 
562 151 27 27 0.024901401 
642 71 7 9 0.024900945 
980 713 5 5 0.024899203 
703 121 8 10 0.024868473 
644 107 10 10 0.024854513 
40 698 7 6 0.024844898 
46 195 10 12 0.024824305 
614 7 7 7 0.024808414 
16 488 4 6 0.024786366 
134 724 7 6 0.024781583 
744 45 7 7 0.024737619 
13 684 6 7 0.024714699 
18 20 13 15 0.02468945 
820 -1 5 3 0.024687232 
503 13 13 10 0.02467279 
64 565 5 6 0.024651188 
773 7 8 8 0.024646286 
1005 636 6 6 0.024622895 
177 289 26 24 0.024621824 
657 120 8 8 0.02455569 
402 97 8 8 0.024548799 
783 442 6 6 0.0245463 
194 160 12 9 0.024445018 
1013 573 5 4 0.02441093 
842 277 11 11 0.024355723 
45 711 8 7 0.024337448 
709 100 8 10 0.024313297 
888 525 7 6 0.024310626 
106 554 4 5 0.024310164 
1018 539 6 6 0.02428661 
800 589 6 6 0.024264026 
1006 70 5 7 0.024179125 
633 1 6 7 0.024169879 
750 50 9 9 0.0241634 
873 589 10 8 0.024149414 
976 652 11 9 0.024127098 
645 21 7 7 0.024118416 
548 38 7 8 0.024085643 
248 191 11 12 0.024069117 
737 88 13 12 0.024029354 
831 633 7 7 0.024019312 
948 588 8 9 0.024013858 
810 12 9 11 0.023987899 
117 138 11 13 0.023976922 
50 39 7 8 0.02394068 
666 32 7 8 0.023933055 
971 609 9 8 0.023924459 
51 584 6 6 0.023918025 
742 13 6 8 0.023879224 
695 510 30 23 0.0238722 
677 98 6 7 0.023857994 
826 70 8 8 0.023845037 
664 68 8 9 0.02380077 
1 415 6 9 0.023799276 
909 589 9 7 0.023796026 
557 39 8 9 0.023733448 
625 12 7 9 0.023731448 
1005 612 20 17 0.023709716 
871 585 8 6 0.023695815 
973 571 7 6 0.023679161 
846 596 5 6 0.02364645 
110 565 5 6 0.023639724 
1019 694 5 6 0.023626784 
1003 628 8 7 0.023599224 
14 406 5 6 0.023593416 
733 5 6 7 0.023588452 
73 560 4 5 0.023574553 
665 26 7 9 0.023559991 
966 692 7 6 0.023540689 
997 576 7 7 0.02353868 
651 121 9 8 0.023530478 
879 122 10 10 0.023517301 
938 610 9 7 0.023513073 
396 145 10 15 0.023510395 
992 617 7 7 0.023494193 
451 33 10 8 0.023492983 
30 183 22 24 0.023476789 
650 88 8 9 0.02346365 
126 178 10 11 0.023445036 
929 584 6 6 0.023435585 
71 595 9 9 0.02336857 
790 24 9 10 0.023361987 
877 526 7 6 0.023350095 
38 693 6 6 0.023341855 
962 641 9 8 0.02331153 
606 51 9 7 0.02330855 
64 691 7 7 0.023266288 
621 11 8 8 0.023264838 
64 545 4 5 0.023249075 
410 57 7 8 0.023238298 
702 34 6 8 0.023236655 
910 584 7 6 0.023230772 
939 589 8 7 0.023222603 
13 507 5 5 0.023205752 
965 700 6 5 0.02320224 
760 31 8 7 0.02319913 
93 602 8 11 0.02313796 
659 88 7 8 0.023129899 
86 541 4 4 0.023125427 
734 72 7 8 0.023122894 
924 681 11 9 0.023112183 
812 1 7 5 0.023067348 
946 687 8 7 0.023061704 
503 41 11 12 0.023061108 
683 104 8 7 0.023045782 
1 425 5 6 0.022974977 
1015 166 9 16 0.02293832 
105 402 29 27 0.022931749 
619 26 7 8 0.022923306 
774 32 7 7 0.022913173 
292 131 11 11 0.022909552 
748 14 6 7 0.022878144 
691 112 10 10 0.022872953 
82 37 9 10 0.02286512 
757 4 10 8 0.02284777 
1021 565 4 5 0.02283278 
543 19 8 7 0.022826828 
1 677 6 10 0.022811815 
349 113 10 10 0.022790307 
958 614 9 8 0.02278089 
892 590 6 6 0.02275236 
335 128 11 9 0.022739995 
669 51 8 8 0.022738548 
322 127 14 13 0.022728628 
625 89 9 8 0.02270908 
864 594 8 8 0.022702305 
5 627 7 8 0.022692023 
433 115 9 10 0.022678185 
945 646 8 8 0.022646228 
478 0 10 7 0.022637142 
12 160 7 11 0.02262398 
882 590 7 7 0.022620438 
0 209 8 10 0.022610135 
979 570 5 6 0.022604015 
857 596 5 6 0.022570368 
824 12 9 8 0.022562265 
716 488 22 31 0.022543997 
13 426 5 5 0.022540115 
31 501 6 6 0.022529924 
723 50 6 7 0.022529764 
1012 58 5 7 0.022522015 
640 4 8 9 0.022498734 
803 457 4 4 0.02249006 
754 21 6 6 0.022472987 
292 1 9 7 0.022462053 
79 546 4 4 0.02246108 
265 134 10 10 0.022437403 
267 171 11 11 0.022435924 
813 572 7 6 0.022427762 
653 18 8 8 0.022422671 
702 12 7 8 0.0224001 
10 165 9 12 0.022396613 
761 40 6 6 0.022388361 
104 544 5 6 0.022386232 
341 159 10 11 0.022355957 
714 18 8 8 0.022326952 
362 124 12 12 0.022297017 
64 540 5 5 0.022272086 
755 446 5 7 0.022264523 
630 72 9 8 0.02226367 
135 569 6 8 0.022241719 
620 32 7 7 0.02223909 
1010 636 6 6 0.022225669 
47 688 6 6 0.022218721 
632 47 8 7 0.022208713 
309 156 13 13 0.022176746 
716 104 8 9 0.022163318 
742 6 7 7 0.02214339 
604 63 9 9 0.022137925 
62 674 7 6 0.022130229 
818 8 7 7 0.022120725 
1007 67 4 6 0.022111474 
122 491 5 3 0.02210625 
53 22 5 5 0.02209793 
150 712 9 8 0.022080546 
901 530 7 7 0.02207101 
536 25 7 8 0.02205902 
31 708 10 11 0.022004202 
567 82 9 9 0.022002883 
841 591 5 6 0.021997664 
953 699 7 7 0.0219936 
959 604 7 7 0.021985974 
966 628 7 7 0.0219599 
510 1 8 7 0.021952601 
113 302 8 7 0.02194211 
108 533 6 6 0.02193513 
298 127 10 12 0.0219114 
8 424 5 6 0.02190538 
50 577 6 6 0.021899486 
665 128 8 8 0.021889932 
882 600 8 9 0.02187219 
586 135 14 13 0.021856824 
66 245 16 19 0.021849677 
722 47 6 7 0.021849249 
978 640 9 8 0.021839943 
90 679 8 7 0.021836927 
940 691 10 9 0.021826604 
395 89 8 8 0.021823881 
1018 639 7 8 0.02181955 
67 534 4 5 0.02179141 
567 176 23 32 0.021763183 
440 109 8 9 0.02176116 
833 1 6 5 0.021757182 
739 106 11 11 0.021754809 
989 724 6 7 0.021752195 
298 172 9 10 0.021742562 
32 525 6 6 0.021730978 
984 642 8 7 0.021717377 
36 321 8 8 0.021707412 
0 455 5 6 0.021703817 
622 20 7 7 0.021641966 
1018 627 7 9 0.021637535 
422 84 7 9 0.021577103 
690 95 9 9 0.02155823 
82 572 6 5 0.021554101 
746 65 9 9 0.02154515 
746 101 10 11 0.021507056 
939 711 7 8 0.021504523 
524 32 8 8 0.021493165 
385 207 13 14 0.021487368 
2 506 5 6 0.02147394 
89 550 5 6 0.0214566 
1018 79 6 7 0.021444125 
836 225 8 6 0.021441568 
768 8 8 6 0.021436986 
701 79 7 7 0.021428455 
545 25 8 8 0.021421382 
728 53 7 6 0.02141823 
639 64 7 8 0.021411182 
86 333 9 8 0.021363787 
502 32 10 9 0.021340696 
896 519 6 7 0.021322487 
578 50 13 12 0.021285478 
610 31 9 8 0.021281665 
1005 641 7 6 0.02127562 
961 565 5 6 0.021239543 
413 49 9 12 0.021220416 
419 115 8 8 0.021209134 
519 6 6 8 0.021206053 
443 103 7 7 0.021185558 
686 88 7 8 0.021182606 
427 101 9 9 0.02117597 
103 722 8 8 0.021172917 
575 -3 6 4 0.021163277 
14 409 7 8 0.021154394 
36 38 9 10 0.021147627 
895 602 6 7 0.021131169 
127 308 9 8 0.021119706 
516 38 7 8 0.021117799 
340 166 12 14 0.021117141 
581 107 9 10 0.021115279 
781 109 7 8 0.021106072 
1004 579 6 5 0.021103729 
582 -2 6 3 0.021081848 
989 550 8 8 0.02108092 
702 2 6 6 0.021073109 
1003 692 7 6 0.021057332 
310 1 9 6 0.021032939 
418 121 9 10 0.021031136 
755 65 7 7 0.02102747 
753 38 7 6 0.020998748 
7 662 4 6 0.020988312 
498 146 9 10 0.02098823 
489 26 10 8 0.020987825 
779 8 6 7 0.020986557 
720 491 9 13 0.020970173 
992 566 5 5 0.020968942 
58 564 6 7 0.020964054 
780 40 7 6 0.020956796 
952 711 8 8 0.020955425 
589 -2 6 4 0.020954523 
563 -4 7 5 0.020953208 
43 39 8 8 0.020944314 
342 36 10 10 0.020938631 
390 129 8 9 0.020916065 
145 558 6 6 0.02091423 
970 597 8 6 0.020880984 
115 356 26 21 0.0208748 
657 39 8 7 0.02087204 
767 40 9 7 0.02086524 
74 582 8 7 0.020815708 
974 700 6 5 0.020788288 
485 5 29 20 0.02078244 
703 397 6 9 0.0207771 
847 603 5 6 0.020773554 
638 88 7 9 0.020758452 
175 190 11 10 0.020755997 
110 371 17 14 0.02073283 
707 121 8 8 0.02071959 
663 84 7 8 0.020700721 
681 125 10 11 0.020687787 
549 45 7 8 0.020639751 
664 123 7 7 0.020622531 
9 452 4 4 0.020571284 
17 696 8 9 0.02056965 
401 129 7 9 0.020555928 
337 0 10 8 0.020542433 
284 141 25 21 0.020502057 
879 567 4 4 0.020499097 
159 62 8 10 0.020498872 
960 558 6 5 0.020460242 
882 525 7 7 0.020452017 
240 86 11 11 0.020436622 
671 92 6 6 0.020423038 
390 84 6 7 0.020411346 
690 133 8 9 0.020406066 
226 281 6 8 0.020393057 
126 375 31 26 0.020391801 
744 94 11 11 0.020385241 
111 520 4 5 0.020383526 
902 545 6 6 0.020336272 
702 111 7 7 0.020316426 
688 120 11 12 0.020301683 
304 77 9 8 0.020300578 
518 1 6 7 0.02029227 
576 -1 20 15 0.020278081 
391 91 7 7 0.020275302 
1010 215 6 9 0.020267898 
8 287 12 11 0.020246161 
63 516 8 9 0.020237552 
836 626 9 9 0.020228084 
18 397 5 6 0.0202119 
901 520 6 5 0.020202551 
839 595 5 5 0.02019675 
484 32 11 8 0.02015295 
-17 -165 200 192 0.020140622 
408 83 6 8 0.02013879 
466 81 9 9 0.020124674 
915 632 8 11 0.020119766 
914 520 8 6 0.020110546 
1003 659 9 8 0.020107446 
813 439 4 4 0.02010685 
718 387 12 13 0.020086722 
6 456 5 5 0.020079574 
618 71 8 8 0.020075437 
846 111 7 7 0.020055795 
100 334 9 10 0.02005346 
869 592 10 9 0.020051844 
583 96 8 9 0.020031434 
44 661 6 6 0.020023067 
279 151 13 13 0.020018604 
946 717 9 9 0.020018604 
886 583 5 5 0.020012224 
752 46 8 7 0.02000949 
909 520 6 5 0.0200085 
