20_Family_Group_Family_Group_20_109
58
290 158 58 78 0.99752325 
177 34 63 78 0.99717134 
400 89 63 85 0.99127454 
448 160 47 49 0.9045356 
96 620 9 15 0.13923201 
502 297 21 28 0.09874556 
377 207 27 40 0.091997325 
67 608 28 36 0.0887156 
14 631 14 17 0.08404527 
423 115 72 74 0.053981207 
845 648 9 10 0.051281422 
-21 -169 185 163 0.04318291 
54 635 4 6 0.04233035 
793 536 9 13 0.041838203 
418 307 72 63 0.03981341 
812 536 12 11 0.03821489 
549 308 45 49 0.036895137 
79 615 13 15 0.034520682 
849 515 13 12 0.03402083 
450 188 36 32 0.031474385 
925 672 9 9 0.030236498 
87 618 9 13 0.029943429 
554 220 27 32 0.027391767 
0 652 9 21 0.027377378 
945 495 27 29 0.027191544 
12 609 20 24 0.026897527 
829 514 12 12 0.026639707 
791 523 11 15 0.0266312 
33 616 5 7 0.026609797 
28 571 5 7 0.025346454 
54 632 3 6 0.025063919 
38 605 4 6 0.025024312 
6 633 7 10 0.02481974 
59 610 21 27 0.024298586 
920 469 92 82 0.023914339 
940 497 10 15 0.023817893 
245 459 33 39 0.023599297 
189 581 10 14 0.023364302 
869 629 7 7 0.022597052 
912 520 9 10 0.022490198 
24 620 8 10 0.02239665 
934 499 8 11 0.021913173 
933 491 8 10 0.021910463 
184 604 9 12 0.021464601 
967 653 7 8 0.021415478 
57 637 4 5 0.021409465 
561 243 10 12 0.021379724 
92 618 18 28 0.02104287 
944 500 12 15 0.02094635 
25 617 6 7 0.020821972 
519 293 21 27 0.02080316 
4 626 8 10 0.02078615 
875 539 6 9 0.02042569 
920 518 10 11 0.020340785 
845 512 11 10 0.020280134 
628 599 25 26 0.020279413 
528 292 11 16 0.020232655 
926 491 24 29 0.020103298 
