45_Balloonist_Balloonist_45_186
118
470 220 160 319 0.9915149 
945 515 14 19 0.11601154 
210 194 494 542 0.0927113 
901 609 110 160 0.08120425 
955 519 20 27 0.059543755 
419 72 13 18 0.057647526 
874 539 11 16 0.057429023 
580 1223 12 16 0.051197097 
449 0 8 10 0.05013247 
197 844 119 150 0.04950889 
813 602 60 81 0.047919326 
430 56 10 10 0.045613647 
525 1279 10 17 0.044445235 
625 1255 13 14 0.04177191 
922 551 15 22 0.041053336 
150 768 450 555 0.04082295 
937 540 14 19 0.039399553 
567 515 388 476 0.038772322 
392 57 13 11 0.038561568 
831 1018 125 181 0.037000388 
756 618 106 121 0.035948835 
580 938 428 543 0.035050087 
-120 423 513 560 0.03498132 
776 1070 138 186 0.03476723 
449 37 10 14 0.03339727 
926 544 24 33 0.032905992 
810 1225 13 14 0.03269531 
62 13 138 152 0.031817023 
653 1115 124 160 0.030698363 
276 883 212 265 0.030657375 
856 570 51 59 0.03037304 
688 629 33 42 0.030025365 
740 1217 6 8 0.029548503 
423 56 9 9 0.029144367 
555 181 391 573 0.029078115 
902 535 8 10 0.029071746 
449 5 7 11 0.028990427 
958 1103 12 21 0.028939866 
1004 5 279 236 0.02865238 
869 538 21 30 0.028524922 
477 39 11 15 0.028485518 
463 62 10 11 0.027959926 
827 569 99 118 0.026819032 
189 446 8 11 0.026580634 
431 50 9 9 0.02642488 
864 549 16 22 0.026291851 
547 659 110 120 0.026281523 
881 538 14 21 0.026258122 
813 604 10 15 0.025945611 
420 719 470 523 0.025896125 
691 1224 9 12 0.025716886 
743 1212 5 7 0.024988504 
212 427 8 15 0.024851052 
718 630 12 16 0.024822459 
742 1201 5 8 0.024778437 
736 676 131 131 0.02449305 
-82 14 208 252 0.0244851 
754 1231 9 12 0.024441173 
749 1210 6 9 0.024204042 
89 931 10 12 0.024137951 
683 689 9 13 0.024124878 
386 47 11 9 0.024124233 
850 671 14 20 0.024098985 
734 1209 5 7 0.023814036 
927 504 7 10 0.023637505 
868 941 10 13 0.02362746 
746 1258 12 13 0.02339299 
912 533 9 12 0.023355585 
844 1069 219 310 0.023327671 
383 615 8 11 0.023315448 
768 1210 12 18 0.023038372 
462 56 10 11 0.022882316 
101 826 122 129 0.02286655 
626 1215 11 13 0.022830699 
905 525 25 30 0.022754563 
449 12 8 16 0.022713196 
496 39 10 9 0.022628605 
114 914 12 15 0.022588452 
447 44 9 11 0.022577727 
439 56 11 12 0.022536023 
732 1192 6 9 0.022524009 
724 1192 8 10 0.022451047 
947 526 16 22 0.022322241 
69 564 99 140 0.022136588 
50 426 17 35 0.022080595 
734 1204 5 7 0.0220259 
905 1186 106 154 0.021840345 
383 64 30 31 0.021814045 
786 1230 9 15 0.021751905 
885 580 29 44 0.021567695 
464 49 9 11 0.02154084 
843 573 10 15 0.02153744 
925 511 9 11 0.021474862 
130 899 27 31 0.021254484 
820 688 11 13 0.021218464 
341 1288 9 12 0.021217633 
817 319 413 538 0.021188209 
857 611 37 45 0.021127272 
720 622 10 13 0.02104671 
902 528 6 9 0.02103501 
205 2 10 19 0.020998748 
877 506 225 294 0.02081928 
614 79 32 35 0.020755017 
594 1210 8 10 0.020744098 
749 1232 9 11 0.0207276 
609 637 51 59 0.020708466 
900 540 12 16 0.02066284 
372 48 10 10 0.020618321 
829 810 442 544 0.020560756 
814 597 9 14 0.020521404 
1007 1095 8 14 0.020485282 
804 604 10 15 0.020418514 
803 697 30 35 0.020394279 
644 642 28 43 0.02031843 
888 540 26 39 0.020267932 
487 650 118 160 0.020232525 
471 1286 8 12 0.02022997 
246 924 124 128 0.020136917 
