45_Balloonist_Balloonist_45_369
362
769 214 63 107 0.99265105 
306 330 57 56 0.9923936 
240 223 59 73 0.89935243 
-16 -172 180 161 0.1171159 
391 65 177 131 0.07025532 
195 213 47 54 0.06506828 
867 139 28 28 0.05222649 
837 70 27 26 0.04848894 
904 65 23 27 0.047553048 
864 62 54 54 0.046558827 
932 65 9 10 0.044320315 
9 74 15 48 0.042679768 
184 0 463 365 0.041540984 
911 90 12 14 0.0393553 
683 381 7 9 0.03653379 
616 105 105 98 0.036513958 
838 88 25 26 0.036352634 
823 35 25 23 0.03589754 
923 60 20 23 0.035833366 
446 85 33 32 0.035256263 
895 81 25 30 0.035122618 
890 145 24 28 0.03492641 
924 480 21 32 0.03454017 
848 76 13 13 0.03450868 
184 239 39 52 0.034189183 
946 103 9 13 0.034188334 
237 359 498 454 0.03398037 
77 426 5 7 0.033905882 
803 223 92 92 0.033771258 
886 73 24 31 0.03367898 
951 109 7 11 0.03348551 
926 71 20 24 0.033428453 
847 140 28 27 0.03339231 
911 481 20 29 0.033157524 
585 106 28 28 0.033133686 
888 83 10 13 0.03311747 
939 78 9 12 0.03251781 
491 227 58 52 0.032361843 
871 151 7 7 0.0319647 
861 155 26 25 0.03189155 
895 91 8 10 0.03187146 
931 76 10 13 0.031711083 
614 387 10 8 0.031664703 
939 72 8 10 0.031504035 
884 177 22 26 0.031425536 
905 426 33 59 0.03130117 
895 83 9 12 0.031252254 
607 376 66 49 0.031238412 
898 465 4 7 0.031045925 
925 43 21 24 0.03103223 
892 165 24 24 0.030877575 
928 90 21 24 0.0307482 
165 430 9 11 0.030662354 
910 52 7 11 0.030631935 
912 90 19 25 0.030507244 
419 318 124 109 0.030397205 
860 216 52 51 0.030241271 
901 93 9 10 0.03016615 
540 71 121 84 0.030150585 
921 96 20 26 0.030008316 
667 370 4 5 0.029860249 
654 384 24 22 0.029801218 
929 68 8 9 0.029446676 
911 54 21 27 0.029133867 
920 66 8 10 0.029126385 
851 73 22 28 0.02911501 
855 74 9 10 0.029070642 
53 406 5 7 0.028978767 
879 465 5 7 0.028976684 
650 271 23 25 0.028953899 
638 403 36 34 0.028937481 
945 82 16 24 0.028874543 
835 43 23 21 0.028861625 
896 100 7 9 0.028733457 
850 35 23 24 0.028668096 
395 421 20 30 0.028645676 
481 388 24 18 0.028585382 
640 369 26 22 0.028520713 
940 96 17 25 0.028429441 
871 158 6 6 0.028100604 
916 48 6 8 0.028070744 
903 48 18 26 0.027973168 
366 408 45 52 0.027881 
932 70 10 12 0.027864477 
862 163 7 7 0.027863901 
561 151 23 22 0.027847804 
845 53 7 9 0.027795944 
849 84 10 10 0.02755023 
133 316 26 38 0.027436048 
910 65 12 15 0.027381936 
674 388 11 14 0.02727901 
509 112 118 92 0.027258385 
806 122 31 39 0.02725478 
685 373 7 7 0.027108992 
939 34 20 25 0.027014636 
247 46 23 24 0.026962275 
846 100 23 26 0.02684519 
588 394 29 26 0.026656812 
261 46 24 26 0.026592616 
848 92 10 9 0.026563967 
-26 395 451 550 0.026503671 
666 375 6 6 0.026492005 
920 60 7 8 0.026423411 
870 111 9 11 0.026304873 
561 637 25 24 0.026278704 
849 97 10 11 0.026266593 
886 42 19 23 0.026163172 
606 238 24 25 0.026120162 
913 58 9 13 0.026112609 
870 138 9 8 0.026017403 
908 48 8 10 0.02599156 
881 75 11 15 0.02592508 
901 98 9 10 0.025913313 
862 42 24 23 0.025845507 
504 252 23 25 0.025807418 
939 90 11 14 0.025747284 
945 79 10 12 0.025698356 
877 159 7 6 0.025683388 
655 384 13 13 0.025646843 
888 101 25 31 0.025507094 
240 -188 510 250 0.025504613 
839 355 100 100 0.025465386 
125 438 4 7 0.025416745 
242 66 9 9 0.025392886 
677 381 7 8 0.025315389 
953 500 7 11 0.025303692 
939 67 8 8 0.025293224 
903 474 20 28 0.025176663 
584 86 31 28 0.02517065 
687 371 5 5 0.025111983 
74 426 4 7 0.025101108 
522 257 11 11 0.025090735 
248 66 9 9 0.025009146 
241 72 9 9 0.025002135 
355 576 2 4 0.024941651 
936 77 19 24 0.024905603 
664 379 9 9 0.024890428 
693 362 6 7 0.024872627 
116 307 24 32 0.024801452 
818 146 92 74 0.024781115 
624 258 24 26 0.024763055 
660 363 5 5 0.024685208 
945 105 19 31 0.024618516 
865 159 6 6 0.024596523 
952 114 7 12 0.024573613 
921 55 5 7 0.02456958 
869 81 27 29 0.024569418 
68 468 8 13 0.024540728 
679 375 6 6 0.024491299 
929 62 6 7 0.02447552 
857 128 29 27 0.024445849 
542 163 23 22 0.024437059 
671 381 7 8 0.024419352 
306 542 39 82 0.024362093 
881 84 11 13 0.024353366 
918 83 10 12 0.024324724 
638 257 22 26 0.024310593 
674 574 25 26 0.024205346 
669 385 12 14 0.024173383 
84 424 5 9 0.024137806 
863 99 8 10 0.024137031 
235 72 10 10 0.024065237 
921 102 9 14 0.02404227 
605 60 62 47 0.024010494 
874 66 24 30 0.023963174 
190 190 24 23 0.023931755 
900 137 21 28 0.023854379 
911 454 39 53 0.023841374 
53 412 5 8 0.023838257 
185 66 21 24 0.02380081 
539 448 30 28 0.023701044 
221 52 22 22 0.023619618 
870 143 9 9 0.023585882 
79 420 5 7 0.023580402 
940 486 7 12 0.023564817 
944 95 9 14 0.02353633 
453 65 24 25 0.023518385 
209 52 11 11 0.02347152 
857 143 9 9 0.023440331 
510 156 9 8 0.023389243 
938 100 10 16 0.023380987 
918 77 9 11 0.023380041 
911 54 45 45 0.023336397 
605 258 25 26 0.023289982 
656 141 98 83 0.023285104 
834 72 93 88 0.023271365 
656 412 28 30 0.023198377 
888 91 9 11 0.023179958 
855 163 10 8 0.023177495 
876 143 9 10 0.023157781 
969 -137 92 121 0.023142174 
869 129 10 10 0.023118865 
880 469 5 8 0.023085 
966 103 40 69 0.023064861 
889 75 9 15 0.023008918 
57 424 6 10 0.022983205 
853 159 7 6 0.022971211 
830 163 24 23 0.02296793 
747 33 24 26 0.022956643 
881 458 20 29 0.022913137 
577 94 25 27 0.022901691 
76 430 6 9 0.02289463 
97 431 7 13 0.022884035 
947 71 9 11 0.022873294 
890 469 21 29 0.022865366 
181 334 74 113 0.022844324 
72 420 5 7 0.022800978 
603 135 61 55 0.022774879 
863 152 8 7 0.022732519 
883 470 6 8 0.022688303 
848 47 23 27 0.022620065 
67 424 19 28 0.022550145 
919 90 9 13 0.022531275 
843 28 21 21 0.022412784 
891 28 20 21 0.02237629 
867 106 21 28 0.022337819 
947 494 6 11 0.02227612 
932 485 10 16 0.022271551 
884 457 6 9 0.022203574 
933 105 10 15 0.022199487 
74 438 9 13 0.022160927 
563 144 8 8 0.022127576 
241 52 11 11 0.022125533 
370 287 110 108 0.022086525 
692 367 8 8 0.022078637 
931 89 11 14 0.02201165 
204 48 23 21 0.021992898 
241 78 10 10 0.02196647 
680 356 21 22 0.021922138 
190 206 25 31 0.02192158 
840 72 45 47 0.02192067 
908 144 23 29 0.021915443 
948 61 6 8 0.021902472 
793 175 105 89 0.021885993 
824 130 44 42 0.021845393 
899 36 22 24 0.021821644 
841 114 24 26 0.021802194 
578 217 110 104 0.021795614 
869 99 8 9 0.021767339 
522 270 11 11 0.0217582 
917 402 41 58 0.021711363 
947 66 9 9 0.021708997 
878 489 7 9 0.02168213 
903 105 19 27 0.02167364 
899 172 28 29 0.02165721 
872 163 6 7 0.021634787 
57 431 7 12 0.021618212 
958 100 20 30 0.021612313 
942 56 5 6 0.021577103 
640 528 30 27 0.02157579 
554 143 21 22 0.021562811 
932 497 9 15 0.021548968 
911 81 13 15 0.021526746 
235 78 9 10 0.021480452 
474 247 62 57 0.021474168 
909 97 9 12 0.021437623 
10 652 2 5 0.021429261 
152 239 9 9 0.021406988 
153 245 8 8 0.021393767 
945 496 19 31 0.021387892 
885 465 5 7 0.021387385 
599 632 25 23 0.02137167 
688 362 4 5 0.021361789 
504 232 24 26 0.021347368 
530 157 7 7 0.021338446 
441 65 23 26 0.021332806 
413 411 24 27 0.021328505 
876 136 10 10 0.02132651 
870 104 7 9 0.021307575 
-18 -196 493 245 0.02130013 
855 59 22 29 0.021280924 
888 174 12 16 0.021272624 
890 100 7 7 0.021255892 
1 15 16 42 0.021253634 
947 112 9 15 0.021238552 
850 -186 265 159 0.021209614 
812 43 6 6 0.02116722 
524 -195 516 254 0.021135487 
573 631 25 24 0.021129452 
604 409 12 11 0.021122554 
562 162 9 9 0.021122506 
940 62 6 6 0.021120435 
353 534 5 7 0.021099884 
877 163 7 6 0.021063484 
944 66 19 22 0.021058226 
516 251 22 23 0.021052899 
605 276 24 26 0.021051649 
85 384 75 108 0.021033643 
690 371 10 10 0.02101831 
889 58 7 11 0.020983323 
865 53 22 26 0.020982824 
615 47 28 24 0.020959662 
608 107 29 28 0.020944193 
926 25 21 25 0.020921223 
876 150 9 8 0.020914994 
862 115 10 14 0.020912878 
514 136 26 25 0.02090681 
890 431 19 37 0.020905493 
516 458 61 47 0.020894574 
933 97 9 12 0.020883251 
619 386 32 27 0.020874498 
908 114 10 15 0.020857278 
913 110 10 13 0.020835042 
866 205 13 13 0.020829324 
226 371 24 35 0.020827234 
899 82 11 14 0.020788481 
516 257 10 11 0.020775396 
862 90 8 11 0.020755865 
235 46 22 22 0.020747758 
118 328 84 111 0.020729378 
961 33 20 27 0.020709822 
658 395 28 27 0.020708414 
875 95 27 28 0.02070762 
908 492 8 12 0.020706734 
347 522 5 7 0.020706628 
469 214 112 106 0.02066616 
935 56 5 6 0.020661397 
954 515 5 9 0.02064428 
628 510 81 86 0.02064169 
451 349 5 6 0.020624751 
604 547 4 6 0.020597275 
347 529 5 7 0.02058848 
880 38 84 82 0.020579655 
552 106 25 23 0.020545106 
873 472 21 26 0.020537972 
898 458 4 7 0.020536264 
618 392 9 8 0.020528758 
892 458 4 7 0.020514172 
526 138 6 7 0.020506836 
848 158 24 22 0.020453306 
855 102 9 11 0.020446524 
893 62 21 28 0.020432476 
692 298 6 7 0.02041849 
887 402 61 108 0.020413065 
660 369 5 5 0.020401124 
153 252 7 8 0.020396689 
511 163 8 8 0.02039656 
676 276 10 12 0.020344876 
683 390 11 14 0.020338537 
453 374 9 8 0.020326426 
425 85 73 59 0.020306665 
613 64 27 28 0.020292621 
854 89 10 12 0.020248398 
665 590 26 25 0.020248286 
280 248 10 14 0.02021331 
119 323 27 39 0.020210652 
931 115 24 34 0.020194352 
903 470 5 8 0.020185899 
662 563 24 29 0.02017436 
954 26 19 25 0.020164082 
836 606 23 23 0.020163504 
425 428 4 5 0.020150784 
637 353 23 26 0.020111078 
592 391 15 12 0.020103535 
622 568 85 80 0.02010278 
46 413 5 7 0.020089565 
853 89 22 26 0.020073138 
416 348 6 7 0.020067492 
52 418 5 9 0.020025743 
637 276 24 27 0.020020036 
425 343 5 5 0.020013226 
85 420 4 8 0.020005872 
