45_Balloonist_Balloonist_45_118
48
528 201 52 69 0.99940383 
714 84 74 89 0.9981634 
448 258 56 82 0.9934077 
324 219 82 99 0.986283 
201 286 64 90 0.9549132 
846 146 41 49 0.8374519 
366 339 63 100 0.8227731 
500 99 15 20 0.39078292 
652 204 17 31 0.25167212 
153 24 11 17 0.18338974 
432 215 45 54 0.13824572 
956 382 17 24 0.12774543 
985 176 30 50 0.08292755 
913 206 11 14 0.08291898 
311 355 142 172 0.07571062 
552 103 11 16 0.06861768 
657 216 22 30 0.0662564 
629 269 32 35 0.055341013 
661 228 28 28 0.04742391 
375 229 77 105 0.041403346 
190 27 7 12 0.041343875 
63 13 9 15 0.034166712 
285 323 81 111 0.033919677 
613 304 88 86 0.033602975 
1011 510 20 35 0.030396577 
976 229 20 38 0.028934253 
145 0 12 13 0.026567226 
900 128 26 40 0.026312869 
48 4 16 24 0.026264776 
528 138 18 32 0.025921239 
651 22 13 17 0.025801722 
888 203 10 16 0.02566864 
67 16 9 12 0.025055945 
295 248 64 53 0.024574002 
113 28 12 14 0.023865985 
544 103 9 15 0.023812976 
597 322 60 45 0.02377133 
718 429 65 86 0.023596663 
651 6 21 28 0.023450851 
408 446 58 51 0.023124104 
98 24 6 13 0.02233432 
551 140 24 34 0.021931618 
831 474 46 48 0.020888556 
849 352 103 98 0.020862369 
795 469 41 58 0.020671293 
546 108 17 28 0.020380404 
660 241 22 27 0.020231228 
1007 143 19 30 0.020114586 
