16_Award_Ceremony_Awards_Ceremony_16_361
154
465 111 110 171 0.9992818 
667 1089 15 23 0.11088563 
367 690 49 104 0.0998037 
676 1095 9 17 0.09102175 
678 41 14 24 0.081105456 
421 400 131 178 0.07260644 
650 1090 19 23 0.06086868 
925 339 19 21 0.050807375 
1084 -4 351 339 0.050316162 
927 861 13 16 0.049138386 
-261 43 203 285 0.04784196 
384 308 219 358 0.04539641 
1022 805 457 727 0.044945616 
564 593 35 51 0.03810318 
399 691 6 12 0.037810132 
935 862 12 14 0.037453905 
655 52 19 19 0.03725966 
681 605 5 8 0.036529396 
946 333 14 21 0.036371134 
409 645 56 100 0.035651065 
436 595 14 19 0.035408564 
456 746 510 733 0.035120197 
558 109 473 679 0.035028018 
250 1122 291 442 0.034661975 
1016 54 446 731 0.034501188 
681 616 9 17 0.03399671 
688 1097 8 12 0.03351453 
269 125 459 608 0.032270603 
1009 1086 8 14 0.032216452 
406 447 62 99 0.03148077 
239 1109 33 34 0.030066904 
660 40 26 31 0.030036679 
703 1093 16 18 0.029886542 
444 470 44 55 0.029505048 
-291 1099 229 506 0.028752813 
686 617 10 16 0.028707305 
940 403 488 780 0.028625796 
920 854 16 19 0.028544286 
219 577 33 41 0.027901415 
441 675 29 46 0.027554663 
685 51 11 19 0.027279906 
927 676 34 41 0.027185299 
392 690 5 11 0.02714842 
421 674 18 24 0.026800493 
457 668 9 15 0.026729733 
958 863 15 15 0.026521562 
240 569 30 40 0.02643099 
699 618 9 14 0.026414484 
441 691 15 26 0.02637199 
393 683 52 95 0.026250865 
663 603 6 10 0.026225341 
462 667 11 16 0.026101595 
463 873 137 187 0.026060164 
257 1086 34 39 0.02605416 
404 690 9 15 0.025867704 
402 558 127 204 0.025861233 
464 685 11 19 0.025650892 
901 1124 32 37 0.02558468 
325 670 99 183 0.025548896 
463 606 12 19 0.025363011 
947 862 15 15 0.02535019 
694 1080 31 33 0.02485883 
437 455 10 17 0.024792483 
398 680 6 12 0.024717145 
434 692 29 51 0.024651792 
453 686 11 18 0.024628421 
554 617 37 46 0.024568602 
478 460 16 20 0.024531301 
399 697 7 14 0.024297059 
985 340 15 16 0.024262542 
644 1106 19 24 0.024111094 
457 678 28 46 0.024106456 
544 634 30 43 0.023816375 
260 567 30 41 0.023722801 
429 680 17 25 0.023722231 
865 1051 143 163 0.023651728 
482 668 10 16 0.023645002 
947 1119 32 43 0.023609228 
656 1051 157 165 0.023512343 
453 716 12 19 0.023494855 
662 610 7 16 0.023434706 
425 739 7 10 0.023319012 
212 1125 16 15 0.02329788 
472 618 9 15 0.02323186 
116 620 33 38 0.0230649 
455 677 11 18 0.023056751 
278 568 30 40 0.022991462 
180 1124 11 15 0.022962227 
481 573 123 198 0.022954429 
445 619 8 13 0.02292191 
397 669 7 12 0.022847923 
436 445 11 16 0.022834104 
517 681 130 201 0.022823907 
515 1000 70 96 0.022812458 
457 703 27 42 0.022792306 
738 1096 10 14 0.022759335 
458 452 16 21 0.022645922 
421 739 4 9 0.02258038 
154 627 10 14 0.022536756 
511 702 13 22 0.022489022 
600 698 9 14 0.02237992 
487 631 6 12 0.022272455 
583 626 33 38 0.022097427 
276 1084 33 38 0.02208011 
617 646 10 17 0.021953814 
716 1080 10 12 0.021779414 
494 698 8 15 0.021775708 
621 657 10 16 0.02175341 
652 708 9 15 0.021503083 
677 905 143 208 0.021498093 
764 1084 78 82 0.021409005 
228 588 15 18 0.021388462 
625 711 35 53 0.021296613 
474 484 36 38 0.021278538 
268 1065 33 38 0.021269923 
418 731 6 9 0.021239465 
919 1068 8 10 0.02122484 
968 1221 33 41 0.021213466 
419 748 6 10 0.021202805 
487 458 16 21 0.021169094 
492 441 12 17 0.021150582 
680 610 8 14 0.02110549 
663 624 29 56 0.020997303 
249 1126 12 13 0.020955227 
437 619 8 13 0.020905443 
199 1127 11 12 0.020869615 
200 577 31 41 0.02086889 
417 682 13 19 0.020854065 
387 746 32 56 0.020849902 
179 1117 10 13 0.020841775 
433 593 26 39 0.020801429 
916 1132 18 20 0.020800268 
940 859 9 9 0.020798828 
903 851 36 33 0.020754574 
919 373 14 20 0.020679241 
602 677 33 50 0.020654785 
-84 489 587 841 0.020651745 
407 653 32 47 0.0205252 
967 1193 32 42 0.02050973 
889 92 32 41 0.020493051 
444 607 10 17 0.02048024 
547 598 111 177 0.020429488 
168 630 11 12 0.020405283 
217 1099 33 36 0.020391487 
909 363 14 20 0.02037735 
498 795 14 25 0.020372244 
456 657 10 16 0.020352509 
997 862 9 14 0.020259243 
285 765 140 210 0.020239556 
393 667 106 176 0.02018439 
406 727 8 15 0.020126758 
965 338 11 13 0.020124687 
517 614 59 98 0.020070465 
427 611 8 12 0.020040968 
