16_Award_Ceremony_Awards_Ceremony_16_317
195
216 103 38 52 0.99975306 
842 113 32 46 0.9943592 
597 130 32 49 0.94692713 
149 527 30 23 0.19566832 
307 111 16 11 0.115481116 
353 131 28 19 0.08110667 
171 165 43 53 0.08075473 
433 113 9 7 0.07323353 
606 303 3 3 0.07280732 
299 114 10 9 0.069245234 
376 118 12 8 0.06788955 
393 120 11 8 0.06405668 
600 591 39 43 0.0614646 
344 118 13 9 0.059756752 
592 302 3 4 0.05970383 
605 297 2 3 0.055770617 
592 296 3 4 0.053934973 
478 370 24 24 0.052659523 
164 107 23 12 0.049567617 
359 374 22 23 0.04952258 
611 297 2 3 0.046830345 
471 567 32 34 0.046558034 
299 109 9 8 0.044896882 
-22 -171 182 158 0.0441586 
148 123 20 22 0.042322878 
403 114 8 6 0.042278636 
591 306 4 5 0.04166257 
315 132 21 26 0.04144448 
177 130 28 30 0.041394766 
591 567 15 19 0.04104891 
417 115 14 8 0.040912937 
396 115 9 5 0.040764306 
598 296 2 3 0.040710997 
481 121 6 5 0.040590547 
270 115 7 7 0.039952382 
662 417 3 4 0.039839704 
478 388 23 25 0.039519943 
518 121 8 6 0.039337736 
371 113 9 7 0.039172765 
270 657 27 35 0.03904704 
597 303 3 4 0.038379326 
378 113 14 9 0.038263228 
402 133 16 10 0.03765312 
592 290 3 3 0.036878075 
632 284 2 3 0.036525577 
606 308 3 3 0.036479384 
522 362 9 10 0.03538162 
624 285 3 2 0.034929287 
561 135 14 17 0.034311727 
470 542 59 47 0.034215882 
347 113 16 9 0.03319863 
391 130 16 11 0.033165462 
284 111 5 4 0.032621924 
509 544 24 25 0.032491066 
400 119 10 7 0.032364216 
625 295 3 4 0.032333557 
465 370 23 24 0.032329544 
707 461 96 90 0.03199769 
617 367 2 2 0.031471506 
617 296 3 3 0.03145273 
386 114 10 7 0.031350072 
418 119 15 10 0.031277105 
371 112 24 17 0.031020302 
178 252 391 388 0.030812522 
372 110 7 6 0.030625664 
490 387 24 26 0.030278014 
597 307 3 5 0.029791668 
387 124 16 11 0.0294527 
406 120 9 6 0.029321559 
501 120 6 6 0.029245391 
407 115 8 5 0.029047016 
347 380 8 11 0.028940583 
598 290 2 3 0.028857155 
611 284 2 3 0.028726462 
529 353 15 12 0.028681204 
668 102 25 26 0.02851615 
524 570 32 24 0.028251408 
445 113 12 9 0.028070249 
157 111 14 10 0.028016089 
504 121 8 6 0.027582366 
610 303 3 4 0.027445886 
270 118 10 8 0.027329372 
611 361 3 3 0.027243389 
274 111 6 5 0.027224649 
368 375 11 14 0.027200999 
270 111 6 5 0.027187767 
618 290 2 3 0.026952595 
604 282 3 3 0.026711905 
618 284 2 3 0.0265957 
194 185 31 32 0.026566079 
636 233 3 3 0.026425444 
118 451 81 105 0.026354108 
390 110 7 5 0.026170287 
611 290 2 3 0.026074957 
617 374 3 3 0.02601685 
624 399 2 3 0.025981843 
422 463 207 185 0.02595034 
285 114 8 6 0.02593422 
488 565 31 34 0.025923863 
657 480 2 4 0.025915856 
465 388 22 25 0.025896449 
815 282 36 31 0.025818978 
485 122 6 5 0.025711583 
616 360 3 3 0.025683163 
491 365 23 23 0.025678387 
604 290 3 3 0.025652446 
397 110 6 4 0.025436947 
475 122 5 5 0.025374454 
643 596 3 5 0.02524179 
649 400 3 3 0.025081625 
421 110 8 5 0.024998879 
371 69 7 7 0.024931837 
655 582 24 28 0.024849989 
610 308 3 4 0.02484628 
356 378 14 15 0.02477709 
661 411 3 4 0.02460137 
476 117 4 3 0.024409195 
611 366 2 3 0.02436377 
361 386 14 18 0.024303604 
482 118 4 3 0.024253901 
342 122 17 13 0.024146164 
430 110 7 6 0.02400606 
656 399 3 3 0.023879202 
286 636 9 9 0.023701087 
377 82 6 6 0.023631752 
578 114 26 21 0.023626218 
593 283 2 3 0.023565596 
404 110 6 5 0.023554552 
666 416 3 6 0.023514291 
263 113 7 8 0.023470549 
476 446 111 90 0.023256445 
619 323 29 30 0.023158966 
747 531 35 33 0.02308086 
493 528 57 45 0.023037512 
502 117 4 4 0.02302197 
279 658 15 17 0.023011098 
624 289 3 4 0.022955328 
415 81 8 8 0.022876596 
372 121 15 12 0.022848003 
437 113 24 17 0.022829957 
605 361 3 3 0.022829805 
447 389 20 25 0.022779271 
376 109 10 7 0.02264292 
287 109 5 5 0.022628704 
865 119 23 39 0.022518435 
641 231 3 4 0.022504449 
376 379 9 11 0.022484757 
602 315 4 5 0.022377176 
631 397 2 4 0.02237389 
173 114 17 13 0.022200627 
445 380 12 11 0.022198325 
644 544 2 4 0.022157528 
428 389 21 24 0.022121593 
508 383 25 29 0.022103218 
598 282 2 3 0.022085415 
478 127 9 6 0.021875855 
156 110 28 19 0.021800943 
505 117 6 4 0.0217928 
645 541 2 2 0.02170371 
282 112 7 7 0.021596383 
650 602 3 5 0.021510342 
662 423 3 4 0.021458253 
616 303 4 4 0.021388631 
630 453 3 6 0.021371499 
629 233 3 3 0.021302527 
673 502 101 83 0.021285862 
610 313 5 6 0.021200359 
365 69 7 7 0.021065237 
415 87 8 9 0.021038285 
432 118 12 8 0.020992221 
415 56 8 7 0.020959679 
585 307 3 5 0.020947896 
371 82 7 7 0.02094038 
655 418 3 4 0.020857353 
413 107 24 18 0.020855526 
354 114 29 19 0.020832656 
604 296 26 26 0.020797448 
359 88 7 7 0.020760478 
345 75 6 7 0.0206394 
679 427 6 6 0.020630777 
315 124 15 14 0.020469902 
642 600 4 6 0.020457046 
616 307 5 5 0.020456778 
618 293 24 25 0.020451248 
365 83 7 7 0.020450067 
349 110 11 7 0.020411428 
624 395 2 2 0.020353174 
592 593 24 26 0.02026106 
292 644 9 11 0.020256586 
824 229 7 10 0.020237586 
407 389 23 26 0.020237362 
630 429 3 4 0.020198518 
610 354 3 4 0.02017499 
650 231 2 3 0.020140938 
446 371 21 23 0.020032575 
