16_Award_Ceremony_Awards_Ceremony_16_64
33
433 191 219 323 0.99980086 
103 756 14 30 0.2341046 
94 780 10 22 0.07042812 
141 799 7 14 0.06227081 
97 739 36 83 0.051482182 
103 774 13 26 0.05049543 
116 749 23 50 0.039528117 
1021 398 434 640 0.03692563 
1023 -83 408 588 0.035404626 
48 1144 47 94 0.034608234 
96 760 15 29 0.032710258 
122 759 12 28 0.03112297 
114 841 5 10 0.029144028 
137 795 5 12 0.028971545 
87 772 45 102 0.027171317 
77 1142 22 44 0.026839409 
110 778 11 23 0.026050147 
91 773 8 20 0.025959838 
134 785 7 15 0.025833901 
-211 0 151 363 0.025738059 
131 759 7 15 0.024787253 
112 791 9 19 0.024692867 
143 842 4 9 0.024473406 
91 779 22 49 0.023492677 
142 847 6 12 0.023455 
141 789 6 11 0.023187827 
126 803 5 11 0.022859422 
100 800 6 12 0.02260572 
124 779 9 20 0.022493582 
125 795 6 13 0.021114293 
99 816 4 8 0.020840337 
104 783 21 45 0.02075077 
-5 539 308 600 0.020016287 
