49_Greeting_peoplegreeting_49_923
43
541 154 53 68 0.9992436 
392 148 54 76 0.9989242 
496 129 51 69 0.9966254 
597 277 58 66 0.993948 
658 72 54 87 0.99310005 
368 219 31 50 0.11861034 
636 375 42 39 0.089992985 
234 83 8 16 0.08540676 
446 275 31 39 0.050333768 
653 235 47 54 0.047293805 
443 382 8 10 0.04500611 
218 234 6 8 0.044170618 
425 364 4 6 0.042707134 
443 396 7 9 0.042551905 
294 233 9 16 0.041964788 
506 216 42 42 0.039495815 
415 356 5 8 0.0392823 
286 231 10 18 0.035509612 
276 178 5 9 0.03283826 
289 472 12 16 0.030729996 
419 366 4 4 0.028705157 
430 361 4 5 0.027958203 
996 30 31 33 0.02634867 
402 314 5 8 0.026011689 
399 312 4 7 0.025656024 
429 365 4 5 0.025519622 
687 396 80 124 0.025364108 
970 366 18 26 0.024629898 
270 108 8 13 0.024535283 
366 390 6 7 0.024458643 
100 -1 18 27 0.024203038 
428 393 5 6 0.023895636 
385 385 4 5 0.023621392 
622 131 26 37 0.023601448 
399 309 4 6 0.023402741 
502 294 4 6 0.023347104 
148 27 13 17 0.022934567 
430 378 4 5 0.022867188 
877 102 36 54 0.021570776 
165 6 8 11 0.021035811 
131 9 12 20 0.02095027 
586 308 39 37 0.020634845 
397 394 4 4 0.020367669 
