49_Greeting_peoplegreeting_49_153
23
495 311 377 496 0.9923949 
176 74 390 586 0.8512296 
-39 134 413 609 0.18662651 
377 18 413 627 0.1575561 
308 1239 250 263 0.14790812 
102 638 495 568 0.12071142 
220 1118 438 521 0.07346513 
375 818 540 656 0.07285928 
877 603 122 150 0.06052741 
310 344 190 271 0.04353469 
221 909 183 161 0.042182337 
475 986 214 154 0.03722478 
-25 1139 412 569 0.03584253 
68 1407 28 54 0.033483297 
501 270 152 162 0.030991077 
465 921 173 144 0.028945347 
17 1278 221 310 0.028772643 
557 336 81 89 0.026856307 
392 873 165 144 0.023646768 
-284 3 234 385 0.022848304 
751 -11 264 161 0.020890575 
470 -3 266 166 0.020556591 
270 931 90 79 0.020386666 
