49_Greeting_peoplegreeting_49_456
21
92 273 116 144 0.9996983 
236 203 125 147 0.9993899 
376 312 116 158 0.9988563 
855 308 109 162 0.9970585 
96 188 93 99 0.62822664 
481 90 83 166 0.460024 
772 257 70 89 0.39965606 
384 594 107 71 0.08963343 
532 18 13 12 0.081789255 
512 25 13 12 0.07534569 
816 268 50 53 0.052520324 
993 678 44 65 0.042169895 
492 137 146 184 0.040673338 
363 172 85 106 0.031634964 
794 266 88 124 0.028376088 
32 183 147 186 0.027298674 
884 169 24 30 0.023289004 
764 200 16 16 0.023202376 
4 419 17 34 0.023123091 
878 164 58 51 0.021639446 
400 126 133 174 0.02021015 
