49_Greeting_peoplegreeting_49_656
67
428 266 107 127 0.99585164 
316 727 70 109 0.116304785 
120 592 531 1001 0.056772906 
512 581 76 121 0.053606234 
241 38 13 27 0.045431633 
359 736 64 94 0.04514878 
379 586 134 190 0.043251246 
420 615 44 59 0.04168304 
97 422 114 231 0.040244725 
315 708 37 63 0.033880204 
672 720 34 56 0.031962324 
626 914 131 221 0.03183111 
295 590 61 96 0.031011289 
456 548 141 232 0.030845055 
57 18 10 14 0.030807426 
390 759 54 90 0.030342344 
702 337 34 65 0.03007319 
357 653 65 93 0.029744664 
372 687 101 161 0.029106168 
431 1181 67 116 0.028863285 
-294 -3 204 424 0.028099637 
1119 21 234 412 0.02774715 
481 1239 68 97 0.02767418 
186 107 152 200 0.02707076 
53 1542 6 8 0.025997642 
62 1543 5 8 0.025433637 
172 482 14 28 0.025241641 
278 402 440 639 0.025180124 
119 -11 468 847 0.024997028 
290 635 110 162 0.024959965 
280 687 30 51 0.024485953 
844 1218 73 89 0.024480116 
453 667 28 62 0.024199143 
644 281 36 69 0.02406885 
668 289 71 109 0.02379418 
276 13 37 49 0.023610648 
320 720 16 26 0.023492143 
421 39 455 819 0.02332235 
219 1240 158 166 0.023285374 
340 601 27 60 0.022722224 
671 1113 33 42 0.02271248 
466 708 25 47 0.022346126 
299 702 34 53 0.022240013 
198 35 21 30 0.02223767 
296 714 7 15 0.022154331 
671 265 41 76 0.022139933 
205 662 36 75 0.021800088 
206 575 28 51 0.021767104 
427 708 54 98 0.021710044 
88 553 11 24 0.021490736 
140 40 17 29 0.021418236 
275 168 60 100 0.021398274 
801 713 139 191 0.021369819 
543 798 51 77 0.021356078 
502 868 70 102 0.021351218 
4 423 4 9 0.02123388 
163 331 148 184 0.021227479 
641 717 65 102 0.02115213 
44 1552 8 12 0.021021614 
71 1069 9 15 0.020782718 
347 628 30 56 0.020780113 
178 17 9 19 0.020643676 
113 974 120 203 0.020591276 
355 506 113 177 0.020419624 
251 1284 76 85 0.020181833 
295 705 8 15 0.02011417 
590 1059 124 175 0.020071657 
