5_Car_Accident_Accident_5_460
654
111 314 22 23 0.99647266 
62 313 14 16 0.83633167 
235 307 13 14 0.7600394 
866 364 16 16 0.7600208 
466 144 11 13 0.67947847 
307 139 15 17 0.67827535 
271 315 10 14 0.52712524 
128 291 15 16 0.49503747 
211 110 16 17 0.49306548 
387 143 10 13 0.4660846 
216 96 9 11 0.45740262 
3 295 12 19 0.43861887 
387 129 9 10 0.4103431 
416 146 9 12 0.38547057 
183 313 12 14 0.36187306 
158 307 12 18 0.34528363 
342 595 16 17 0.34439993 
338 143 12 17 0.32855502 
299 356 12 19 0.2960433 
209 312 11 13 0.27603358 
224 312 9 12 0.2692591 
252 107 9 10 0.26570252 
286 318 9 11 0.25854826 
216 101 11 14 0.22223832 
894 368 15 13 0.18707882 
318 114 7 9 0.18553007 
202 107 13 13 0.1773108 
458 151 10 12 0.17238368 
424 136 6 9 0.17160042 
379 151 14 13 0.16895093 
37 329 18 15 0.16728984 
919 353 12 11 0.15784489 
182 321 13 18 0.1514233 
343 114 7 9 0.14914724 
421 150 10 12 0.14484456 
202 339 20 28 0.14146082 
307 346 9 12 0.13134035 
153 309 10 15 0.12577754 
318 320 6 8 0.12467823 
318 330 7 11 0.12159863 
245 125 21 19 0.11007518 
114 389 28 27 0.10104062 
15 362 14 20 0.09805648 
921 401 24 24 0.09591422 
0 363 8 15 0.092125386 
426 140 8 11 0.09057758 
254 319 10 13 0.08190939 
202 330 11 15 0.07961035 
325 115 7 8 0.07954683 
889 377 22 22 0.078796096 
47 80 11 15 0.07705293 
16 352 12 18 0.07488954 
700 210 31 27 0.072004884 
973 352 9 10 0.070622474 
989 649 25 24 0.070041694 
463 136 7 8 0.067807056 
16 337 12 15 0.06592961 
751 212 33 20 0.06571377 
93 380 58 47 0.06522853 
246 119 13 14 0.065032616 
0 401 6 14 0.06478591 
47 68 11 13 0.064673446 
89 550 13 13 0.06324302 
253 112 10 12 0.06271271 
325 340 6 7 0.061960585 
422 140 8 11 0.061182052 
554 577 9 9 0.060082722 
920 359 20 21 0.060021784 
725 641 123 64 0.059373137 
859 370 22 21 0.05909261 
301 337 8 9 0.058834407 
522 216 12 17 0.05844387 
726 524 9 11 0.058299948 
892 358 13 10 0.058133412 
923 369 20 19 0.057423927 
999 435 30 24 0.053616937 
767 407 37 34 0.05349109 
627 212 27 23 0.05281071 
211 342 22 28 0.05250861 
320 337 6 9 0.052212495 
178 329 13 20 0.05200841 
250 138 13 13 0.051828723 
142 289 6 8 0.051590938 
305 338 8 9 0.05133065 
230 307 10 13 0.051159367 
418 388 93 92 0.050727308 
622 566 7 7 0.050058044 
809 387 30 30 0.049898196 
316 328 6 9 0.04868599 
101 348 23 25 0.048450984 
497 128 12 10 0.048248015 
469 272 29 33 0.047947675 
245 379 26 26 0.047830347 
347 640 117 71 0.047736786 
8 328 14 15 0.047588207 
317 130 11 15 0.04724054 
385 164 199 150 0.047142584 
260 317 10 14 0.046780277 
982 412 16 15 0.04674192 
425 172 10 13 0.04668862 
559 544 500 281 0.04597472 
125 340 24 26 0.04498545 
173 636 116 72 0.043633997 
441 147 9 10 0.043436497 
904 372 14 10 0.04324611 
281 318 8 11 0.043158926 
445 317 44 45 0.042868406 
526 138 15 14 0.04196098 
106 14 231 166 0.041731592 
172 293 9 10 0.04167581 
248 115 11 11 0.041464016 
842 646 128 73 0.04138727 
136 292 11 12 0.041141804 
659 -117 547 328 0.04097573 
914 355 12 12 0.0409252 
798 593 134 90 0.04023602 
87 332 22 21 0.040147588 
552 581 7 8 0.039963227 
97 634 123 80 0.03992865 
41 333 20 21 0.03967801 
427 348 26 27 0.03950032 
247 632 103 73 0.03932508 
468 633 117 72 0.039295617 
250 513 586 341 0.039211944 
849 376 26 23 0.0391203 
279 374 14 19 0.038949985 
458 157 11 14 0.03882606 
974 356 12 13 0.038790584 
730 448 95 85 0.038715478 
561 498 27 30 0.038669102 
238 313 12 16 0.03855027 
852 202 8 11 0.03844494 
787 394 34 26 0.03837307 
41 314 18 19 0.03816596 
259 57 230 149 0.03789834 
327 348 6 6 0.03779452 
296 629 53 44 0.037743263 
571 520 122 87 0.037637264 
312 127 11 12 0.0373954 
393 139 10 12 0.037168555 
375 509 52 50 0.036543842 
314 339 7 9 0.036384992 
319 347 7 7 0.03638125 
204 318 11 14 0.036281634 
586 158 25 28 0.036225606 
341 113 6 6 0.03618558 
852 194 6 6 0.03591499 
425 553 25 29 0.03588467 
849 433 28 33 0.03577003 
268 360 19 31 0.035684653 
291 422 41 50 0.035495188 
680 233 53 41 0.03522985 
214 315 12 15 0.035164095 
15 378 20 25 0.035158332 
457 264 12 16 0.035004668 
338 347 7 8 0.034907416 
45 65 9 10 0.03484543 
296 343 18 26 0.034763437 
379 328 24 24 0.034757417 
423 312 8 10 0.034754653 
413 666 67 42 0.03457143 
0 317 9 14 0.034471527 
859 453 12 16 0.03441672 
422 301 7 7 0.03434877 
452 247 96 90 0.03432801 
324 333 6 8 0.034257106 
454 643 61 43 0.03425692 
337 359 9 10 0.034132913 
698 583 23 19 0.033927586 
405 505 47 50 0.033686157 
235 120 10 11 0.03363526 
315 644 59 46 0.033453017 
561 314 50 47 0.033422522 
342 119 10 12 0.033403173 
246 312 11 13 0.033390157 
344 330 9 12 0.033310626 
799 408 28 27 0.03314112 
636 564 12 9 0.032888696 
938 385 127 89 0.032733425 
175 467 12 11 0.032679 
320 318 5 6 0.03264057 
974 348 7 8 0.032564744 
385 158 12 13 0.03252484 
353 310 5 6 0.03251595 
650 191 13 12 0.032451972 
311 612 50 44 0.03235566 
561 616 45 42 0.032194298 
634 547 8 7 0.032093387 
587 158 523 356 0.032054815 
488 661 32 22 0.03203381 
422 297 7 7 0.032004613 
948 472 116 80 0.0318816 
331 348 7 8 0.03162068 
14 414 12 12 0.03151227 
49 309 17 23 0.031507432 
207 317 16 22 0.03136109 
568 198 42 42 0.031179203 
807 165 5 4 0.031113096 
630 223 110 81 0.03110219 
452 280 45 49 0.03106422 
415 588 12 12 0.031058706 
862 382 23 23 0.031042319 
97 480 5 8 0.03102145 
357 134 10 9 0.031014355 
600 180 10 9 0.030957473 
905 365 25 21 0.030804854 
467 248 9 10 0.030733703 
147 289 5 7 0.030704554 
749 336 54 46 0.030698836 
633 211 17 13 0.030500757 
894 383 39 36 0.030452406 
141 312 19 22 0.030444786 
541 501 25 27 0.030340374 
214 343 42 45 0.030268228 
136 474 7 8 0.03023264 
513 492 119 94 0.03020415 
82 294 12 18 0.030201105 
831 401 46 46 0.030199602 
393 581 11 11 0.030100994 
286 575 10 10 0.030073397 
425 306 87 85 0.029990353 
324 328 7 9 0.029665772 
349 324 8 12 0.02963372 
4 279 8 14 0.029606521 
64 487 5 7 0.029552253 
380 589 10 10 0.029499784 
871 370 16 16 0.029479021 
23 338 10 13 0.02946352 
158 664 69 42 0.02943355 
0 385 5 10 0.029274525 
114 343 23 27 0.029242419 
481 625 55 49 0.029240428 
969 342 21 22 0.029224332 
333 399 7 8 0.029114174 
351 314 6 8 0.02900321 
572 489 23 29 0.028871635 
255 589 9 8 0.028864022 
605 570 8 8 0.028808417 
11 342 11 14 0.028709747 
418 303 17 21 0.028690329 
416 526 46 48 0.02862404 
978 410 8 9 0.028591348 
405 369 21 29 0.028555408 
248 319 11 13 0.028533403 
293 336 10 12 0.028474431 
260 536 49 42 0.028263286 
260 371 21 28 0.028224276 
674 93 51 45 0.028118877 
198 324 11 14 0.028094305 
409 341 86 97 0.028074294 
121 491 12 14 0.028066747 
258 385 11 15 0.028058022 
588 144 23 26 0.028051866 
582 175 30 28 0.028007863 
333 361 7 7 0.027890243 
622 569 7 7 0.0278714 
418 350 46 52 0.0278547 
-1 663 68 188 0.027838962 
794 165 5 4 0.027748493 
820 425 49 49 0.027709786 
291 596 10 9 0.027692892 
620 558 8 7 0.02767077 
324 592 43 35 0.027666101 
592 527 65 48 0.02763925 
97 499 7 10 0.02757288 
327 414 26 28 0.02749738 
740 530 43 51 0.027481684 
773 216 17 12 0.027475951 
0 332 9 12 0.027416449 
246 323 17 24 0.027401932 
615 601 12 11 0.027320985 
343 350 10 13 0.027318144 
74 327 19 20 0.02719058 
339 353 8 8 0.027141202 
400 339 24 24 0.02708234 
393 129 9 10 0.02705294 
207 -54 427 307 0.027045472 
470 151 9 11 0.02702032 
906 391 9 10 0.02700692 
219 529 52 47 0.026985502 
498 123 10 8 0.026984876 
774 483 26 31 0.02696928 
741 554 26 21 0.026958706 
400 140 11 12 0.02692631 
1011 269 15 17 0.02691771 
926 382 27 25 0.02690238 
967 358 8 9 0.026826698 
346 315 6 8 0.026782041 
409 299 42 48 0.026760474 
7 268 5 8 0.02674711 
635 549 11 10 0.026706629 
457 653 28 23 0.02669528 
104 449 5 8 0.026636126 
335 629 58 46 0.02660496 
203 100 36 29 0.026600381 
645 225 54 41 0.026554044 
377 141 11 12 0.026553206 
448 238 15 16 0.026544875 
875 408 25 25 0.02654057 
857 417 40 43 0.026532114 
34 338 16 20 0.026453756 
527 128 14 10 0.026414555 
391 320 26 27 0.026401658 
160 287 6 9 0.026390642 
758 423 33 34 0.02635199 
524 501 56 44 0.026337128 
309 321 6 8 0.026304854 
224 634 55 43 0.026278036 
345 291 22 27 0.026267031 
4 334 12 13 0.02626152 
206 118 21 20 0.026241831 
446 479 27 28 0.026190015 
170 635 60 46 0.026175885 
478 648 29 27 0.026164355 
332 341 6 7 0.026140451 
450 619 57 47 0.026134446 
589 556 24 21 0.026000842 
804 440 95 95 0.025881875 
622 629 50 45 0.025797026 
510 318 444 346 0.02578048 
358 490 53 51 0.025766077 
617 281 129 95 0.025741348 
434 503 29 26 0.0256991 
7 404 24 24 0.025691332 
467 300 50 54 0.025661834 
576 281 47 52 0.02563924 
788 168 5 5 0.025614396 
294 206 222 169 0.025541374 
0 269 4 11 0.025465192 
513 550 105 86 0.02545681 
477 503 29 26 0.025442567 
410 147 9 10 0.025379768 
727 533 26 22 0.02534988 
456 474 105 88 0.025338113 
699 191 12 11 0.025323272 
256 578 6 6 0.025267486 
986 646 14 17 0.025261305 
308 327 6 8 0.025258366 
325 298 94 92 0.02525736 
110 443 6 7 0.025069077 
289 331 17 23 0.024938956 
636 568 14 11 0.024930406 
337 348 21 24 0.024889018 
864 440 9 12 0.024879588 
286 330 37 44 0.024878882 
299 614 11 9 0.024878714 
735 152 7 5 0.024877954 
651 355 227 173 0.02487451 
-15 218 162 198 0.024829695 
604 594 22 23 0.024822274 
1000 359 24 30 0.02477659 
616 570 6 6 0.024766205 
396 613 108 81 0.024764022 
179 479 23 22 0.024720196 
270 516 53 46 0.024611669 
484 205 28 22 0.024603097 
525 265 110 101 0.024587493 
277 609 56 46 0.024564786 
700 109 51 43 0.024543287 
599 138 14 13 0.024487626 
832 379 41 39 0.024423227 
549 591 10 10 0.024379171 
414 230 48 41 0.024376292 
196 128 10 10 0.024366757 
53 337 14 16 0.0243497 
660 528 28 23 0.02434489 
856 193 7 7 0.024344062 
857 395 22 26 0.024336474 
109 108 19 11 0.024301443 
613 552 10 8 0.024287976 
594 510 28 28 0.024272516 
888 362 14 13 0.024258276 
168 312 18 22 0.024241706 
252 596 13 12 0.024233047 
830 365 28 27 0.024221107 
632 557 11 9 0.024176633 
291 581 22 20 0.024169918 
973 406 7 8 0.024112638 
627 548 24 22 0.024108266 
721 348 55 48 0.024106698 
624 565 27 22 0.02408197 
753 400 88 81 0.024058675 
11 371 45 50 0.024041496 
243 108 8 10 0.024035433 
128 530 32 21 0.024023673 
338 133 11 13 0.023968833 
296 607 112 83 0.023966286 
54 353 18 25 0.023960976 
122 480 7 8 0.023937969 
611 97 45 41 0.023863748 
437 93 5 5 0.023852728 
818 170 6 5 0.023792498 
331 391 8 9 0.023763614 
275 585 9 7 0.023695098 
81 56 53 45 0.023692312 
980 636 49 44 0.023686307 
357 348 96 99 0.023678351 
319 120 8 10 0.023657465 
782 177 5 4 0.023657372 
327 359 8 8 0.023646146 
783 183 4 4 0.023638068 
607 549 25 20 0.023629013 
911 424 5 7 0.023584088 
2 355 10 14 0.023575222 
732 531 11 10 0.023567775 
89 494 7 8 0.023554288 
695 187 23 21 0.023547852 
354 333 45 47 0.023537086 
334 558 12 9 0.02351679 
582 237 25 23 0.023495248 
-1 402 16 25 0.023487262 
-3 -171 95 148 0.023485186 
290 580 51 46 0.02342191 
4 493 8 11 0.0234026 
790 217 13 10 0.023401456 
768 159 5 4 0.023393784 
984 387 11 12 0.023318471 
433 459 49 49 0.02331032 
319 351 8 8 0.023262609 
362 382 47 48 0.023257183 
418 314 6 7 0.023255657 
85 349 25 30 0.023252053 
318 355 41 44 0.023243377 
474 481 24 26 0.023234263 
141 463 6 7 0.02323036 
755 157 6 4 0.023209354 
674 488 50 51 0.023203868 
11 449 27 30 0.023200888 
933 413 10 12 0.023162093 
599 563 10 10 0.02314211 
879 232 5 5 0.023139816 
562 559 111 101 0.023092976 
864 407 21 26 0.023088232 
96 495 6 8 0.023068398 
760 560 132 92 0.023050016 
497 314 30 35 0.023032306 
545 341 50 43 0.023012454 
503 654 10 9 0.023004273 
139 469 10 9 0.023002423 
331 340 19 23 0.022963598 
457 303 12 14 0.022887792 
221 118 11 12 0.022849087 
491 661 13 10 0.02281873 
866 427 10 13 0.022704992 
340 323 17 22 0.022699809 
417 301 6 7 0.022673886 
615 558 7 6 0.02263955 
616 189 53 45 0.022616452 
335 345 45 46 0.022562852 
409 520 27 24 0.022555485 
642 373 49 43 0.022549087 
906 435 7 10 0.022541642 
261 585 6 7 0.02253216 
494 137 14 12 0.022532016 
196 317 11 14 0.022516074 
800 165 6 4 0.02248532 
333 666 65 42 0.022471856 
449 532 13 12 0.022464864 
958 394 9 11 0.022435648 
489 494 27 22 0.022430867 
149 287 4 4 0.02242401 
552 566 4 5 0.022411218 
29 -159 312 135 0.022395417 
405 306 10 10 0.022391262 
452 293 24 26 0.022388184 
813 170 6 4 0.022377364 
505 646 29 23 0.022371758 
409 658 32 24 0.022369297 
546 567 4 4 0.022334404 
101 473 7 11 0.022313122 
492 506 51 44 0.022291197 
850 472 8 8 0.02225899 
932 398 13 13 0.022253968 
485 481 9 8 0.022229746 
394 455 101 98 0.022225754 
619 552 10 8 0.022224344 
868 390 43 39 0.022217626 
557 223 40 47 0.022213725 
975 378 20 23 0.022191439 
369 330 21 27 0.022171164 
493 346 46 47 0.022152215 
813 165 5 4 0.022146987 
301 435 5 7 0.022107165 
646 93 50 46 0.02210256 
138 477 9 11 0.022092367 
581 223 30 23 0.022082604 
347 311 5 6 0.022075411 
697 181 7 7 0.022041697 
802 371 27 27 0.022041125 
983 370 18 26 0.022028306 
314 245 93 87 0.022027615 
738 633 56 44 0.022017285 
331 391 41 43 0.021996723 
316 112 6 7 0.021970058 
725 508 47 54 0.021954248 
626 551 8 7 0.021944514 
278 570 23 21 0.021938154 
499 655 9 8 0.0219205 
839 451 25 28 0.021911202 
825 422 27 27 0.021905301 
436 430 106 93 0.021883707 
668 308 132 96 0.021878574 
508 114 13 10 0.021870932 
785 418 31 33 0.021838313 
109 448 5 9 0.021830754 
346 321 8 11 0.021819849 
757 559 25 26 0.021800637 
437 97 6 7 0.02179934 
486 661 10 7 0.021798208 
426 661 30 22 0.021790186 
1009 409 16 13 0.021779966 
194 457 14 14 0.021757305 
630 638 26 26 0.021751992 
552 594 11 12 0.021724071 
585 227 47 43 0.021715505 
286 571 9 9 0.021715438 
128 318 13 15 0.021712137 
52 91 117 72 0.021710258 
24 398 10 11 0.021678874 
487 655 7 6 0.021668572 
833 295 273 170 0.021628052 
445 457 28 26 0.021619553 
81 507 46 43 0.02160404 
229 493 51 42 0.021589436 
302 432 5 6 0.021582322 
893 355 22 20 0.021491485 
209 326 20 31 0.021479454 
271 347 38 42 0.021478362 
379 48 5 4 0.021468533 
755 322 101 92 0.0214516 
276 329 20 25 0.021448905 
761 522 49 56 0.021440338 
768 213 55 41 0.021438813 
932 388 12 12 0.021408284 
178 487 9 9 0.02137884 
295 562 13 11 0.02136447 
919 417 10 12 0.021353511 
358 327 7 8 0.02134604 
899 387 12 14 0.021332853 
1008 342 12 14 0.021325843 
587 147 12 13 0.021312442 
989 359 9 10 0.021309616 
134 481 8 9 0.021303123 
763 158 5 4 0.02128213 
984 404 11 12 0.02122287 
794 168 6 4 0.021208268 
781 169 6 4 0.021206407 
500 131 14 12 0.021177664 
477 454 33 30 0.021177493 
729 205 105 77 0.021154784 
1002 343 21 25 0.021147005 
815 221 15 11 0.02111945 
358 236 50 47 0.02109382 
615 591 24 23 0.021093572 
809 195 11 12 0.021074548 
138 486 9 11 0.021062171 
878 539 14 11 0.021041567 
857 234 7 7 0.021031803 
788 165 6 3 0.021023741 
390 620 54 48 0.021018304 
912 376 10 10 0.02101495 
807 168 6 5 0.021013968 
196 633 12 9 0.021011896 
1005 658 13 10 0.021008857 
358 308 6 8 0.020989398 
90 353 43 43 0.020974241 
985 252 5 5 0.020943247 
318 390 8 8 0.020938488 
394 561 11 11 0.02092379 
342 311 3 5 0.020915156 
913 678 63 45 0.020878855 
632 562 10 9 0.020856036 
791 485 25 27 0.02084457 
7 264 4 7 0.020840017 
371 295 44 43 0.020813754 
467 662 8 6 0.020813078 
654 622 108 76 0.020809459 
959 402 8 9 0.020804968 
721 520 18 20 0.020787323 
122 476 6 7 0.020786108 
104 444 5 6 0.020783732 
466 661 29 22 0.020775272 
29 397 24 28 0.020764241 
587 339 46 40 0.02076404 
611 515 30 30 0.020763732 
588 570 8 8 0.020761365 
1001 422 15 11 0.020745298 
871 392 13 16 0.020745074 
884 613 5 3 0.020728653 
300 321 7 9 0.020713327 
732 -148 286 116 0.020703971 
618 539 69 45 0.02070287 
398 302 20 21 0.020701414 
582 553 8 8 0.020699218 
42 366 11 16 0.02069268 
970 417 10 8 0.020689024 
914 423 6 8 0.020682497 
785 365 10 9 0.020681221 
288 604 7 6 0.020677714 
592 552 11 9 0.02067095 
687 581 53 45 0.02067034 
746 109 56 47 0.020667408 
763 454 28 28 0.020645482 
178 481 9 8 0.020641342 
16 340 34 40 0.020610444 
71 383 100 103 0.02060537 
649 531 15 13 0.020551164 
312 121 9 11 0.020545783 
593 180 12 10 0.02054014 
562 578 6 7 0.020537483 
597 150 23 26 0.020534186 
490 215 90 99 0.0205252 
927 399 11 11 0.020517623 
767 656 145 79 0.020503106 
473 661 7 5 0.020473374 
875 356 21 20 0.020442026 
465 578 96 92 0.020418862 
413 376 10 15 0.02038779 
387 340 23 23 0.02038422 
990 373 9 14 0.020371208 
297 427 3 4 0.020359926 
66 483 4 6 0.020353211 
888 376 13 13 0.020306379 
25 403 99 109 0.020301318 
556 573 7 8 0.020276587 
407 110 9 7 0.020270186 
240 392 26 27 0.02026885 
978 416 11 10 0.02025575 
329 520 50 45 0.020232486 
441 92 6 6 0.020222595 
846 196 4 4 0.0202151 
951 185 11 9 0.020208936 
143 473 9 8 0.02020765 
714 506 22 27 0.020190585 
46 323 14 16 0.02018355 
374 313 21 25 0.020174613 
302 334 17 21 0.020173907 
603 183 11 11 0.020154791 
1006 5 14 12 0.020134741 
856 631 68 51 0.020125892 
540 117 23 19 0.020120468 
405 311 21 25 0.020114206 
320 411 90 103 0.020111768 
587 545 9 7 0.02009477 
713 112 119 96 0.020085474 
938 408 12 14 0.020080587 
170 472 45 41 0.020068543 
412 162 18 22 0.020064887 
187 518 53 42 0.020044707 
8 316 19 21 0.02004354 
982 353 9 9 0.02002967 
342 154 11 16 0.020022169 
177 340 12 18 0.020012863 
394 356 46 50 0.020008354 
