5_Car_Accident_Car_Crash_5_492
954
898 49 27 45 0.9857971 
752 -36 342 444 0.25790974 
635 220 172 188 0.23960492 
315 287 20 31 0.16892125 
956 68 97 83 0.12478827 
628 309 87 105 0.12386206 
262 610 544 392 0.112386346 
985 104 52 51 0.109811634 
799 10 29 33 0.1065445 
763 18 56 62 0.10285678 
489 227 385 426 0.09776994 
706 322 437 431 0.09607665 
996 297 40 55 0.096067674 
956 11 96 92 0.08826011 
224 337 23 30 0.08732511 
624 238 111 94 0.082068935 
1000 43 24 36 0.08133661 
216 342 38 47 0.07648057 
238 755 45 51 0.075572275 
267 323 44 58 0.074958205 
366 766 107 69 0.07431359 
553 633 93 91 0.07252947 
260 492 41 48 0.06848506 
651 753 23 33 0.067773946 
758 730 50 63 0.06718491 
93 48 449 463 0.06664564 
30 276 10 18 0.06634835 
881 66 22 34 0.065608315 
614 626 49 60 0.06512208 
703 548 34 41 0.0631631 
920 307 42 55 0.06262307 
355 344 56 56 0.061540402 
262 710 38 49 0.06071885 
477 754 122 80 0.060158458 
919 34 23 36 0.05995044 
222 364 36 48 0.05917211 
909 301 81 103 0.058419615 
965 359 19 24 0.05791949 
729 627 70 105 0.05753991 
832 625 78 115 0.05719081 
202 363 21 32 0.057126094 
1008 272 13 17 0.05474086 
582 24 94 100 0.05384829 
379 -86 527 476 0.05378224 
270 460 21 32 0.053379398 
1008 189 21 41 0.052641377 
297 763 49 50 0.051994573 
277 733 24 32 0.051538635 
301 672 70 93 0.050784953 
890 309 42 55 0.049987562 
403 340 47 46 0.049901444 
673 534 81 86 0.049304817 
250 342 88 103 0.048102587 
873 489 94 107 0.04786352 
697 565 88 107 0.047528435 
377 753 47 45 0.047510408 
660 439 19 30 0.047072165 
862 172 191 296 0.04699641 
960 10 49 54 0.046573542 
1003 627 21 36 0.0462377 
303 375 107 112 0.04615641 
595 77 88 105 0.045817494 
740 265 24 36 0.045724127 
903 168 117 119 0.04565616 
1014 733 12 19 0.045148425 
8 531 33 56 0.04506923 
762 298 7 11 0.04506222 
706 170 113 118 0.044976234 
782 539 21 39 0.044799782 
613 757 101 74 0.044720802 
282 100 95 100 0.044506937 
896 657 90 125 0.044255327 
171 791 52 43 0.044086218 
137 480 11 20 0.04379404 
394 93 86 98 0.0430489 
759 366 84 101 0.042792983 
246 337 19 28 0.04261614 
312 397 44 53 0.042550195 
337 684 46 61 0.042414892 
86 351 49 56 0.042307768 
40 620 45 63 0.04230323 
953 304 80 115 0.04220263 
269 317 24 31 0.04199123 
-5 -110 112 127 0.041790996 
213 361 23 32 0.04167495 
323 350 51 54 0.041466348 
382 367 30 36 0.041460227 
159 430 419 455 0.041426487 
864 567 46 52 0.04135603 
203 251 87 96 0.041280087 
348 359 118 105 0.04117116 
785 303 10 15 0.04077062 
227 277 203 196 0.04072099 
139 360 42 55 0.040712018 
228 292 46 54 0.04070946 
688 419 17 25 0.039953616 
765 176 10 16 0.03994531 
266 756 49 54 0.03973927 
447 677 115 109 0.039696183 
282 82 5 9 0.03944644 
883 758 42 54 0.03922301 
857 635 30 42 0.039117437 
379 378 51 48 0.03908703 
234 326 41 47 0.038668234 
630 722 48 56 0.03850524 
270 312 13 18 0.038411804 
0 736 10 19 0.038324796 
571 751 45 50 0.038309216 
213 596 21 29 0.03821979 
740 417 9 15 0.038189698 
687 264 65 71 0.037874904 
474 453 449 426 0.03749093 
931 353 50 68 0.037465185 
288 385 43 51 0.03746016 
254 365 21 33 0.037362818 
205 305 80 90 0.03731159 
599 6 10 12 0.037268486 
955 30 28 39 0.037254393 
643 367 92 131 0.03714548 
616 14 5 8 0.036995903 
640 793 60 43 0.036933262 
362 7 42 45 0.036811475 
372 413 48 48 0.036797244 
585 666 83 102 0.036794074 
724 595 48 55 0.03657818 
171 352 22 30 0.036512528 
390 580 82 94 0.036510255 
416 398 105 118 0.036399778 
194 371 19 31 0.036380146 
271 403 42 56 0.0363508 
879 544 54 61 0.036073226 
264 281 79 92 0.036007233 
299 443 47 71 0.03588148 
216 202 90 95 0.035841968 
621 6 6 7 0.03583026 
322 38 5 7 0.03581983 
912 373 96 122 0.035742346 
324 722 48 57 0.035638534 
966 669 10 19 0.03559814 
797 316 10 15 0.03551902 
730 254 20 34 0.035488356 
771 298 46 60 0.035427805 
49 572 9 17 0.035340708 
744 39 20 30 0.03533609 
936 425 44 59 0.035247084 
803 286 8 10 0.03524113 
398 686 90 96 0.03511273 
430 434 23 24 0.035011776 
402 289 22 35 0.0349975 
308 328 21 33 0.034956235 
175 144 96 122 0.034887303 
939 659 22 33 0.034839623 
269 581 77 110 0.034698676 
801 670 19 31 0.034310553 
789 463 10 15 0.034143098 
931 528 49 62 0.03412624 
202 381 74 104 0.03410723 
372 651 41 56 0.034084916 
669 588 50 51 0.034078505 
931 13 44 48 0.03407218 
259 440 42 55 0.034032587 
751 13 5 7 0.033866916 
105 619 90 111 0.033791266 
954 65 21 30 0.033774253 
185 382 19 31 0.03375409 
705 745 54 61 0.033704482 
666 112 87 99 0.03367855 
361 297 18 24 0.03352151 
16 554 20 29 0.033259112 
279 447 27 34 0.033176452 
720 317 22 23 0.033162363 
8 276 12 23 0.03315469 
413 391 26 28 0.033149496 
706 326 18 26 0.03313527 
930 669 20 32 0.03307974 
516 462 85 104 0.033049554 
404 473 107 102 0.033039395 
657 366 30 33 0.032957476 
591 285 187 254 0.032949712 
793 292 8 10 0.03268812 
856 462 47 54 0.032669835 
633 643 47 58 0.03247697 
713 413 13 20 0.032401033 
1007 273 21 32 0.032371517 
283 726 49 51 0.032353505 
294 438 23 32 0.032184735 
1 212 20 44 0.032108516 
32 704 21 35 0.032099273 
785 402 78 105 0.03206348 
977 504 44 51 0.032053925 
949 341 26 36 0.03198994 
253 717 24 28 0.03194837 
-4 759 73 173 0.0319108 
693 434 7 10 0.031812206 
261 393 92 117 0.03181046 
3 598 22 43 0.0317342 
835 475 45 47 0.031695772 
178 277 11 12 0.031672407 
241 386 21 28 0.03164345 
990 547 20 28 0.03163295 
320 771 50 51 0.03157781 
784 522 23 37 0.031546436 
596 472 208 221 0.031469684 
693 -19 239 236 0.031452123 
957 276 23 35 0.031311452 
358 737 45 51 0.031306017 
254 473 80 86 0.031256124 
547 55 90 106 0.031236026 
168 653 20 26 0.031204613 
904 459 51 56 0.03118086 
772 158 50 61 0.031099454 
838 704 20 34 0.031046528 
719 72 103 116 0.03102784 
797 295 20 24 0.03099255 
451 597 104 104 0.030976817 
602 504 90 111 0.030968325 
505 692 106 104 0.030911958 
225 551 6 8 0.030909574 
563 591 95 90 0.030889409 
596 744 55 56 0.030884275 
964 336 11 14 0.030866574 
241 365 49 56 0.030809943 
344 199 99 114 0.030752586 
421 750 56 50 0.030737698 
82 570 9 16 0.030704768 
326 650 54 63 0.030699572 
162 743 43 48 0.030561794 
947 327 23 30 0.0305251 
320 718 24 37 0.030497156 
677 340 92 104 0.03042292 
350 393 48 47 0.030288504 
721 413 10 13 0.03028041 
780 276 22 26 0.03021253 
10 605 38 61 0.03020948 
773 306 8 12 0.0301945 
277 454 13 19 0.030177386 
243 472 23 27 0.030080115 
848 514 10 14 0.030040862 
152 697 8 10 0.030032566 
667 299 66 67 0.030011483 
271 327 12 16 0.029926356 
761 695 42 67 0.029909015 
723 123 51 60 0.029863339 
761 238 48 60 0.02985857 
353 720 28 32 0.029742792 
772 275 11 14 0.029700276 
382 715 11 16 0.029697098 
939 235 76 105 0.029676866 
327 142 99 105 0.029552594 
799 27 28 37 0.029534629 
708 239 60 66 0.029478714 
663 651 38 53 0.02945375 
290 281 24 28 0.029409569 
749 291 46 58 0.029407099 
799 240 25 34 0.029395636 
414 735 119 89 0.029377764 
268 475 27 35 0.029321378 
870 -108 143 59 0.029274201 
404 41 49 59 0.029223422 
633 759 28 32 0.029197987 
297 763 24 30 0.029186169 
659 421 45 62 0.02917571 
134 433 43 59 0.02915975 
793 229 21 30 0.029138094 
164 436 17 27 0.02911206 
788 455 84 105 0.02906588 
885 237 90 121 0.029004222 
246 594 22 27 0.028997375 
917 89 116 128 0.02896535 
258 322 18 25 0.028907903 
867 513 11 14 0.028850947 
278 468 10 17 0.028826008 
298 330 48 57 0.028823229 
-84 391 449 451 0.028772678 
236 609 43 64 0.0287691 
729 460 8 11 0.0287458 
319 569 217 228 0.028734101 
125 635 17 28 0.028698435 
266 364 22 38 0.028692858 
303 295 24 34 0.028678706 
62 522 9 15 0.028678454 
159 407 8 12 0.028618345 
264 294 12 17 0.028602833 
767 242 23 31 0.028601043 
14 523 21 30 0.028596349 
167 345 67 109 0.028543092 
267 34 96 104 0.028539358 
290 304 93 100 0.028536182 
758 253 23 34 0.028412923 
294 105 45 54 0.028412888 
792 304 20 27 0.028375164 
384 722 42 47 0.02834995 
728 313 41 48 0.028303746 
701 421 10 16 0.028253527 
720 469 199 249 0.028186832 
408 19 43 48 0.02816532 
976 647 12 19 0.028076546 
385 628 44 60 0.028072545 
268 682 41 54 0.02803512 
869 505 47 62 0.027868094 
30 215 7 12 0.027860975 
726 716 20 28 0.02780197 
849 720 21 32 0.02779761 
971 491 79 101 0.027795276 
689 381 10 15 0.027778456 
358 773 52 45 0.027764482 
177 658 9 12 0.027756259 
790 232 11 19 0.0277531 
652 741 52 56 0.027714225 
218 408 14 20 0.027701648 
957 335 11 15 0.027664248 
173 492 41 58 0.02763031 
289 463 23 29 0.027602758 
876 720 8 13 0.027435428 
343 751 23 28 0.027428214 
-11 -4 58 116 0.027403684 
244 359 22 31 0.027356118 
505 146 8 13 0.027324405 
892 698 22 34 0.027265294 
419 628 43 52 0.027250143 
171 359 36 54 0.02724833 
325 294 44 51 0.027232118 
9 735 38 67 0.027217887 
293 458 89 101 0.027211491 
150 436 11 19 0.027198236 
804 276 24 27 0.027182696 
300 706 23 31 0.027175402 
26 586 17 28 0.027160564 
989 129 45 58 0.027123187 
87 600 17 26 0.027066793 
276 572 28 42 0.027001673 
958 520 43 61 0.026974086 
995 444 13 19 0.026958076 
574 459 43 53 0.026939252 
591 85 4 5 0.026936453 
835 4 9 11 0.026933867 
686 684 92 110 0.026911393 
950 56 63 59 0.026867535 
726 425 10 15 0.026859615 
152 446 42 61 0.026841385 
701 41 10 19 0.02681068 
152 425 17 28 0.026800035 
149 628 38 53 0.026798528 
845 4 8 11 0.026797373 
926 649 26 34 0.026792249 
359 290 46 54 0.026776724 
970 302 23 30 0.026768412 
796 596 10 16 0.02672993 
902 199 38 41 0.026655722 
13 739 21 32 0.026654178 
766 276 20 28 0.026634105 
34 595 20 31 0.026610939 
287 372 24 30 0.026602602 
790 432 20 27 0.026595319 
730 542 51 67 0.026584335 
869 530 9 12 0.026566092 
950 669 8 14 0.026531413 
853 395 92 111 0.026495172 
135 562 39 49 0.02648675 
948 319 14 20 0.026449362 
606 5 8 11 0.026417486 
853 754 95 90 0.026328037 
954 140 41 55 0.0263212 
648 562 82 112 0.02629865 
219 645 5 8 0.026275437 
260 334 9 14 0.026272567 
14 764 18 32 0.026247744 
879 328 90 137 0.026230603 
245 285 25 34 0.026207313 
768 784 46 51 0.026207032 
887 549 8 11 0.02618537 
881 548 8 12 0.02618031 
320 319 45 54 0.026172373 
384 507 47 50 0.026152404 
261 210 427 407 0.026118465 
114 592 11 15 0.026108693 
12 649 19 28 0.026077706 
205 705 6 8 0.026039898 
167 671 5 8 0.026020873 
623 560 43 59 0.026015192 
357 390 24 27 0.026005872 
312 706 24 38 0.025968825 
709 414 37 50 0.025932014 
183 425 17 28 0.02592306 
715 160 27 33 0.025913522 
807 13 40 47 0.025912847 
139 686 23 25 0.025892224 
777 182 11 15 0.025835663 
139 661 46 59 0.025823046 
851 563 6 10 0.025778782 
326 775 23 26 0.02576847 
894 488 45 52 0.025766892 
932 403 25 31 0.025763499 
638 608 44 65 0.025693199 
737 231 99 125 0.025679572 
41 571 16 26 0.02566584 
190 402 19 29 0.025633713 
143 391 84 117 0.025611022 
916 306 27 30 0.025565345 
760 286 7 12 0.025553932 
838 704 84 108 0.025550144 
263 340 22 31 0.025545383 
775 96 86 114 0.025526103 
164 -158 527 417 0.025519995 
862 714 9 15 0.025458233 
962 525 16 30 0.02544789 
248 553 63 97 0.025440404 
117 614 12 18 0.025412908 
94 509 7 12 0.025390714 
280 484 25 34 0.025377385 
342 279 11 16 0.025341418 
278 322 12 16 0.025339872 
133 61 93 104 0.025339024 
756 299 6 9 0.025336398 
204 452 21 31 0.025279745 
642 358 51 72 0.025238765 
226 355 14 21 0.02523004 
650 758 11 16 0.025218459 
744 671 23 32 0.025160238 
890 541 6 10 0.025154652 
782 677 92 112 0.02514203 
782 239 25 35 0.025129661 
858 741 24 38 0.025105936 
945 179 45 54 0.025053216 
320 372 27 29 0.025030646 
340 31 6 9 0.025012365 
711 303 23 25 0.024995241 
870 529 20 28 0.024993595 
747 486 77 113 0.024943078 
481 527 103 105 0.024941314 
664 30 47 59 0.024925416 
151 531 10 15 0.024917463 
286 82 6 9 0.024901131 
550 488 88 113 0.02489844 
319 497 45 54 0.024869813 
241 342 11 15 0.024864677 
255 488 27 33 0.02484294 
165 664 7 11 0.024824986 
342 741 9 12 0.024818808 
326 382 49 47 0.024818165 
231 366 14 20 0.024806544 
286 607 43 59 0.024800733 
970 533 10 16 0.024773415 
999 50 8 12 0.0247637 
396 183 94 104 0.024730321 
779 8 31 33 0.024725089 
213 370 11 19 0.024692455 
163 381 21 29 0.024689741 
135 335 40 43 0.024687171 
923 646 50 73 0.024679601 
857 529 45 62 0.024662998 
794 360 46 62 0.02465055 
917 734 10 13 0.02462083 
829 174 40 54 0.024620563 
745 573 89 120 0.024601437 
807 721 45 67 0.02457794 
271 513 47 57 0.024576997 
568 500 39 52 0.024565624 
767 288 7 10 0.024556588 
714 285 9 12 0.024528632 
337 756 9 12 0.024499346 
774 285 8 11 0.024493972 
108 554 8 15 0.024492735 
908 654 18 32 0.024491979 
868 427 43 57 0.024467092 
550 436 81 99 0.024424056 
873 514 11 14 0.02441305 
702 476 12 17 0.024410166 
140 691 6 7 0.02439829 
521 290 87 122 0.024394073 
326 5 92 108 0.024374407 
71 733 20 27 0.024367223 
95 579 9 13 0.024365522 
191 372 9 16 0.024358334 
959 426 17 26 0.024349248 
135 734 24 30 0.024317797 
73 746 11 15 0.024292706 
-2 358 30 63 0.024278482 
363 326 26 29 0.024267545 
812 672 18 35 0.02425757 
611 161 26 30 0.024254892 
841 501 45 50 0.024238864 
805 528 23 31 0.024235195 
325 568 99 110 0.024195619 
1009 382 10 18 0.024193048 
256 415 21 29 0.024192568 
81 232 105 101 0.02416613 
765 730 89 99 0.024161825 
29 554 18 33 0.024144402 
861 505 20 25 0.024123479 
28 722 22 34 0.024111751 
582 767 21 27 0.024107758 
927 702 8 11 0.024104178 
371 50 92 103 0.024079511 
730 267 51 63 0.024072425 
742 331 6 8 0.024068706 
417 714 7 10 0.02405212 
174 709 5 8 0.0240411 
455 454 102 108 0.024031598 
149 565 10 13 0.023999227 
171 395 8 13 0.023985188 
326 680 28 32 0.023977786 
895 671 21 38 0.023970937 
213 339 22 32 0.023964511 
-8 402 68 130 0.023961985 
175 424 16 27 0.023956887 
258 348 10 14 0.02394587 
409 631 83 93 0.023926975 
875 530 9 13 0.02388761 
834 686 44 63 0.023885986 
333 330 24 29 0.023884704 
728 722 9 14 0.02388422 
926 48 10 16 0.023871914 
114 579 19 27 0.023867624 
389 696 7 11 0.023867501 
953 309 22 32 0.023865934 
802 691 4 8 0.023822429 
16 612 16 31 0.023794774 
828 26 22 30 0.023773074 
737 318 19 27 0.02376134 
960 334 25 33 0.023753615 
184 96 51 59 0.023748983 
55 751 10 17 0.02374895 
240 685 44 53 0.023690488 
70 740 46 54 0.02368296 
870 632 45 68 0.023680134 
921 387 47 67 0.023677943 
969 275 26 35 0.023676759 
506 132 5 8 0.02367 
741 470 10 14 0.023669675 
160 343 21 29 0.023654591 
452 17 9 10 0.023649018 
782 640 21 33 0.02364759 
917 731 50 62 0.023636395 
876 539 20 30 0.023609174 
42 551 16 29 0.023602773 
836 726 8 13 0.023582088 
388 703 8 10 0.023548158 
525 792 69 44 0.023541765 
992 543 43 56 0.023539618 
388 710 9 11 0.023523202 
720 283 26 28 0.023519028 
47 669 22 31 0.02350119 
716 638 51 63 0.023438046 
828 721 21 29 0.023436647 
80 18 96 110 0.023416499 
144 449 17 26 0.023407418 
866 697 19 29 0.02336845 
993 359 18 33 0.023363324 
504 6 17 28 0.023353327 
240 412 43 58 0.023335569 
36 592 10 17 0.023323013 
210 426 23 33 0.023267496 
969 530 20 27 0.02325779 
171 430 9 14 0.023242606 
864 713 19 29 0.023238916 
193 311 45 56 0.023222513 
720 406 11 13 0.023200419 
480 639 121 108 0.023180064 
761 422 41 54 0.023178726 
755 649 26 34 0.023165163 
107 566 17 24 0.023111258 
792 450 8 12 0.023071675 
967 418 18 27 0.023070868 
152 456 9 14 0.023066118 
183 431 9 15 0.023061326 
152 693 7 7 0.023054421 
950 335 12 17 0.02304627 
873 734 11 16 0.023039132 
758 293 16 27 0.023019798 
200 477 43 56 0.023016136 
583 284 80 116 0.023015816 
629 451 83 113 0.023013694 
102 161 100 112 0.0230125 
881 447 45 57 0.02300479 
288 567 44 70 0.02300419 
831 733 8 13 0.022976283 
773 294 8 10 0.022974078 
316 357 11 15 0.022972232 
188 336 22 30 0.02296224 
766 293 8 13 0.022953812 
982 336 20 32 0.022928992 
101 558 9 14 0.02292717 
137 742 47 56 0.022920487 
845 696 22 30 0.022910442 
606 531 47 62 0.022907952 
759 292 80 127 0.022883452 
787 248 43 58 0.022863192 
881 707 21 32 0.022860035 
826 637 43 55 0.022846904 
320 82 7 9 0.022845687 
923 77 40 49 0.02284367 
833 124 38 52 0.022840725 
537 447 36 48 0.022833 
298 363 22 29 0.02281766 
500 94 94 111 0.02281647 
-1 75 33 59 0.02280778 
872 512 22 28 0.02279176 
134 689 7 9 0.022772135 
332 702 7 9 0.02277041 
337 692 26 30 0.022733685 
752 260 8 14 0.022722332 
779 300 7 10 0.02270713 
782 296 19 26 0.022706565 
709 462 8 12 0.022687603 
762 38 29 35 0.022680596 
98 656 48 63 0.022678932 
342 335 29 30 0.022671338 
270 720 12 16 0.022666322 
113 593 19 27 0.02266142 
722 311 9 10 0.022640355 
68 580 11 17 0.022630008 
715 389 24 28 0.02262163 
366 287 21 26 0.022602744 
747 426 87 105 0.022602558 
1002 91 31 38 0.022578023 
160 599 22 31 0.022559023 
129 660 20 25 0.022554338 
998 656 22 32 0.022524219 
974 427 18 29 0.022512611 
638 154 55 55 0.022506505 
720 543 27 34 0.022498699 
809 432 21 31 0.022481162 
340 317 12 15 0.022456111 
278 408 10 13 0.022455744 
988 444 13 18 0.022454752 
123 586 21 27 0.022449706 
216 313 22 30 0.022442402 
931 647 12 15 0.022401726 
290 639 47 59 0.022399781 
683 718 52 62 0.022372743 
776 637 41 59 0.022366405 
737 31 6 8 0.022356885 
749 306 6 9 0.022345169 
74 784 39 47 0.022345157 
165 500 19 32 0.022337468 
69 697 22 32 0.022334255 
886 740 20 29 0.022331795 
745 419 10 14 0.022327846 
962 208 19 23 0.022327414 
978 129 28 31 0.022307666 
632 436 22 34 0.02229864 
385 295 41 49 0.02229203 
172 527 23 36 0.022283392 
267 441 20 31 0.022278005 
654 231 59 58 0.022267168 
738 331 5 7 0.022256127 
85 539 9 18 0.022251837 
968 176 23 27 0.022249028 
762 124 47 61 0.022233756 
29 576 10 17 0.022231055 
108 496 9 14 0.022220137 
273 336 11 13 0.022220079 
477 29 10 12 0.022215802 
82 610 10 15 0.0222033 
849 497 10 14 0.022188324 
950 412 23 29 0.022187652 
784 445 21 28 0.022167964 
31 189 7 13 0.022158032 
734 406 9 11 0.022131773 
720 423 19 28 0.022065433 
299 88 8 10 0.022048345 
357 307 10 15 0.022040376 
140 536 6 9 0.022032522 
295 90 8 10 0.022030776 
363 374 28 35 0.022020863 
714 458 9 15 0.022013934 
235 547 44 59 0.021998357 
780 304 8 12 0.021984767 
840 496 23 29 0.021981638 
130 414 11 19 0.021959707 
156 197 184 212 0.021953844 
10 656 42 72 0.021945067 
492 146 7 12 0.021944862 
224 554 7 11 0.021941 
341 339 13 16 0.021940371 
344 702 8 10 0.021933172 
307 590 23 28 0.021922003 
641 511 42 58 0.021917967 
287 471 8 11 0.021910451 
250 302 22 33 0.021901391 
728 319 9 10 0.021900032 
728 414 8 10 0.021896254 
775 439 42 53 0.021889301 
798 442 20 28 0.021881318 
651 252 30 36 0.021880522 
812 503 7 11 0.021879887 
278 724 11 14 0.021877717 
803 26 14 17 0.021876901 
179 483 19 32 0.021872276 
942 88 56 55 0.021865519 
882 516 8 11 0.021849308 
781 176 21 27 0.021837983 
798 292 10 12 0.02183712 
248 173 100 96 0.02179227 
766 173 18 26 0.021787314 
284 91 43 45 0.021782584 
807 157 42 52 0.021775575 
140 476 38 47 0.021770936 
94 548 8 14 0.02176381 
770 274 7 12 0.021755366 
962 647 92 118 0.021754742 
294 94 9 12 0.021723924 
620 13 6 8 0.02171331 
948 292 21 30 0.021704404 
468 16 8 12 0.021704197 
816 532 10 15 0.021683421 
779 351 9 16 0.021682808 
350 349 29 27 0.02167605 
736 414 8 12 0.021675546 
28 677 20 32 0.021668052 
81 742 7 10 0.021653198 
235 495 20 26 0.0216407 
733 424 9 14 0.021637455 
335 739 22 26 0.02160916 
400 707 41 46 0.021601493 
279 381 22 27 0.02159913 
743 14 5 6 0.021598509 
818 326 25 29 0.021596197 
155 646 7 9 0.021595411 
1002 546 10 15 0.021587217 
211 89 7 11 0.021580108 
787 293 8 9 0.021577943 
294 314 22 30 0.021560425 
786 734 9 12 0.021558542 
688 433 19 28 0.021557305 
506 380 82 108 0.021556951 
691 419 9 13 0.021535046 
754 115 8 8 0.02152898 
806 326 23 29 0.021528823 
297 410 23 32 0.021516256 
562 371 76 115 0.021513557 
210 116 8 10 0.021505358 
842 720 10 17 0.021489728 
177 358 12 16 0.021489482 
785 275 11 15 0.021481633 
93 635 22 34 0.021476708 
346 318 24 27 0.021476386 
869 546 7 12 0.02147208 
0 552 9 21 0.021462694 
309 370 22 27 0.021458108 
683 555 500 496 0.021452265 
947 430 19 31 0.021443725 
965 545 7 13 0.021436434 
627 340 26 36 0.02143605 
46 601 73 108 0.021424158 
26 525 20 31 0.021423234 
745 483 19 26 0.021422915 
319 601 8 9 0.021421185 
927 631 24 29 0.021418814 
758 270 9 18 0.021410659 
729 691 46 65 0.021401634 
830 25 38 49 0.021389578 
710 286 8 12 0.021386005 
868 364 22 48 0.021376565 
815 542 20 29 0.021374103 
25 200 7 13 0.021365328 
115 629 20 29 0.021361852 
1013 246 13 14 0.021359865 
504 345 45 59 0.021356521 
776 688 21 36 0.021354347 
774 299 7 10 0.021348195 
980 531 22 31 0.021346522 
80 742 18 27 0.021344192 
615 6 5 7 0.021340506 
746 451 10 14 0.021315403 
835 55 38 50 0.021314679 
921 673 8 15 0.021314545 
384 17 21 28 0.021301527 
602 136 105 103 0.021299653 
848 5 10 12 0.021296589 
754 291 8 13 0.021296132 
873 624 22 32 0.021291047 
267 267 45 51 0.021286111 
611 565 20 28 0.021275401 
597 58 5 7 0.021268385 
788 288 21 26 0.021245925 
74 740 10 13 0.02124061 
59 567 16 28 0.021239156 
776 107 6 8 0.02123494 
147 686 6 7 0.021227768 
54 607 20 31 0.021226162 
607 11 6 10 0.021223733 
721 419 11 15 0.021223418 
222 402 24 35 0.021203576 
139 698 8 11 0.021199668 
225 18 92 105 0.021179978 
754 19 98 137 0.021177322 
945 3 27 34 0.021174323 
40 753 38 58 0.02117234 
227 702 70 91 0.021159148 
372 727 11 16 0.021144083 
87 451 10 14 0.021143936 
918 210 39 40 0.021135045 
258 435 11 15 0.021128496 
258 478 11 14 0.021120656 
863 518 21 29 0.021116776 
48 522 38 54 0.021113105 
760 253 7 12 0.021098567 
-13 476 68 115 0.021095749 
148 781 94 80 0.021077175 
954 668 20 31 0.021072099 
760 260 7 13 0.021069348 
216 462 40 52 0.02106395 
53 409 11 19 0.02106031 
538 434 6 11 0.021041362 
284 782 46 48 0.021041024 
584 53 4 5 0.021005943 
756 485 7 10 0.021001158 
316 314 22 30 0.0209944 
777 730 26 31 0.020992706 
48 669 41 58 0.020979857 
318 355 23 32 0.020976407 
883 685 21 33 0.02095472 
94 675 8 13 0.020946613 
646 714 26 34 0.02092724 
819 678 8 15 0.020917779 
362 294 10 13 0.020895023 
794 539 23 34 0.020891871 
619 17 7 10 0.020887757 
914 744 23 30 0.020868251 
324 296 19 29 0.02086721 
209 450 77 94 0.020866087 
874 786 43 45 0.020863632 
900 648 18 30 0.020862943 
578 344 46 67 0.020861793 
151 646 20 28 0.0208596 
494 218 209 245 0.020857077 
991 528 24 33 0.020855151 
285 464 10 13 0.020852474 
862 535 20 30 0.020852072 
248 656 44 56 0.0208384 
964 284 8 12 0.0208347 
329 318 20 27 0.020832581 
682 458 8 11 0.02083095 
297 582 11 16 0.020828048 
194 442 19 33 0.020801255 
814 1 23 30 0.020797167 
183 467 20 33 0.020794526 
960 670 8 15 0.02077886 
936 723 12 15 0.020776497 
755 406 20 28 0.020772146 
658 413 9 11 0.020768955 
436 315 100 119 0.020763008 
198 434 43 67 0.020757874 
285 393 11 13 0.020749874 
773 268 9 13 0.02073143 
180 101 6 8 0.020722387 
806 687 7 11 0.020719565 
51 624 24 31 0.020719351 
588 491 27 37 0.020713707 
785 158 8 11 0.02070131 
127 536 17 27 0.020688232 
92 591 12 18 0.020684792 
100 516 38 56 0.020677848 
293 100 10 14 0.020675097 
912 327 29 36 0.020671979 
299 349 9 13 0.020664982 
85 552 7 14 0.020644607 
626 390 8 9 0.02063393 
148 771 50 47 0.020631434 
627 6 6 8 0.02062884 
68 501 17 28 0.020617548 
110 719 42 49 0.020611519 
62 550 9 17 0.020608036 
303 767 12 15 0.020607768 
940 303 23 30 0.020603193 
43 584 18 28 0.020581963 
50 559 17 27 0.020581594 
780 294 7 9 0.020573184 
329 708 24 33 0.02055563 
543 253 44 78 0.020545447 
810 33 12 14 0.020537801 
812 295 21 24 0.020521622 
191 533 44 61 0.020504009 
231 84 5 7 0.020497045 
812 461 42 51 0.020494685 
503 217 40 54 0.020493502 
641 402 45 60 0.020491589 
989 53 25 36 0.020489242 
786 227 9 13 0.020474818 
518 370 49 63 0.020469844 
275 89 6 8 0.020465147 
882 621 65 104 0.020455275 
855 709 10 16 0.020446854 
346 625 47 54 0.020443432 
640 282 26 32 0.020435588 
295 408 13 20 0.020431388 
300 340 23 34 0.020423016 
716 319 7 9 0.020419106 
220 379 11 18 0.020416876 
381 314 87 86 0.020415986 
225 544 5 7 0.020411804 
257 603 10 13 0.020411309 
640 680 49 59 0.02040963 
130 677 20 25 0.020409375 
871 665 22 29 0.020405922 
136 399 14 17 0.020404356 
722 371 42 52 0.020393489 
285 747 21 27 0.0203846 
402 717 8 10 0.02038407 
775 612 89 118 0.020383177 
794 129 7 10 0.020380821 
369 705 38 44 0.020379975 
726 305 22 25 0.020349212 
766 444 8 12 0.020342872 
798 28 12 14 0.020342728 
326 25 6 8 0.020327577 
810 299 11 15 0.02032721 
610 177 48 52 0.020315861 
88 586 9 13 0.02031532 
308 19 6 7 0.020313168 
810 150 19 25 0.020311486 
636 441 47 59 0.020308234 
671 402 22 29 0.020293325 
15 181 18 32 0.020290935 
207 756 49 51 0.02028864 
225 274 31 34 0.020286985 
836 410 43 55 0.02028649 
791 308 11 16 0.020282166 
792 276 9 13 0.020269845 
142 666 21 27 0.020252382 
761 392 46 53 0.020251323 
84 466 12 18 0.020245174 
907 655 8 16 0.020244626 
622 495 44 63 0.020240285 
749 300 6 9 0.020214552 
826 771 23 30 0.020214451 
184 492 9 15 0.020211479 
316 306 13 20 0.020205144 
95 697 44 53 0.020186983 
138 707 10 14 0.020183854 
590 78 4 6 0.020167798 
171 388 7 12 0.02016753 
1005 74 27 33 0.020142144 
61 613 11 18 0.020141704 
253 481 12 14 0.020135546 
198 344 21 30 0.020124607 
560 779 59 49 0.020123636 
787 685 6 8 0.020120785 
692 443 8 13 0.020105073 
247 352 12 15 0.020101653 
379 314 25 32 0.020094931 
87 750 9 16 0.020092089 
228 550 7 10 0.020081019 
938 746 19 26 0.020072443 
381 697 10 13 0.020069309 
743 297 20 26 0.02005751 
158 699 7 7 0.020056168 
578 46 4 6 0.020040646 
771 261 22 30 0.020033011 
868 503 10 12 0.020032275 
327 757 22 30 0.020020455 
178 492 8 14 0.020006167 
