5_Car_Accident_Accident_5_576
1460
442 638 63 38 0.3905992 
180 327 487 331 0.25056195 
584 657 26 27 0.2291077 
573 130 131 72 0.19804294 
715 270 115 79 0.19727443 
-32 -42 506 343 0.19694534 
296 555 42 27 0.17952397 
874 480 127 83 0.17479931 
470 105 109 77 0.15870535 
100 362 31 25 0.15836023 
673 365 115 75 0.14831282 
682 499 33 21 0.13856475 
126 570 9 9 0.13494872 
655 505 61 43 0.1311157 
308 51 196 155 0.12598634 
617 16 527 304 0.12549168 
359 46 119 82 0.12123234 
558 327 119 82 0.11670418 
157 36 252 172 0.11617916 
640 157 129 74 0.11530662 
521 237 280 153 0.110090025 
-72 419 517 279 0.10777708 
158 513 29 27 0.106459424 
607 359 510 314 0.10576324 
349 1 107 75 0.10468584 
814 -38 220 135 0.10131244 
714 308 110 92 0.09870003 
336 401 60 44 0.09797785 
545 136 238 133 0.0971389 
363 570 28 23 0.09573606 
883 103 131 100 0.09420358 
376 280 131 83 0.09312052 
373 8 16 15 0.092159115 
638 494 55 40 0.091338165 
333 251 544 293 0.08701656 
779 193 132 89 0.086304806 
554 660 36 26 0.085146934 
754 363 62 54 0.08508361 
821 225 30 26 0.08139538 
534 99 114 79 0.081154935 
619 78 245 155 0.08052635 
117 141 471 346 0.07884728 
780 358 131 82 0.078289166 
141 515 17 12 0.076626875 
447 290 111 74 0.07650192 
811 520 144 99 0.07585507 
526 302 117 75 0.07576622 
660 217 131 93 0.07552056 
792 449 134 84 0.074461214 
510 251 52 43 0.07441939 
230 399 142 96 0.073725335 
426 -3 30 21 0.07342282 
804 110 51 43 0.07274644 
524 323 253 143 0.07233056 
566 558 44 46 0.071885824 
504 321 62 46 0.07149233 
710 128 107 79 0.06998215 
288 566 112 75 0.069461256 
585 662 49 36 0.069433495 
458 345 131 84 0.069282696 
408 395 27 22 0.06812501 
737 164 36 32 0.06788036 
792 405 111 85 0.06773216 
-4 -140 95 143 0.0676288 
650 497 131 100 0.06674876 
374 580 11 9 0.06611225 
616 599 128 84 0.0653749 
864 588 134 87 0.065037504 
356 21 51 45 0.064717345 
395 -2 32 19 0.06462195 
378 3 18 13 0.06437612 
34 349 125 98 0.06434112 
212 514 126 75 0.064173155 
236 480 7 6 0.063389316 
0 301 238 192 0.06318997 
228 478 10 7 0.06312875 
420 385 124 64 0.062760085 
626 87 10 8 0.062605746 
175 473 52 40 0.062118042 
367 370 63 48 0.061874382 
141 698 4 5 0.0612875 
719 359 59 47 0.061173644 
546 143 32 26 0.06102266 
412 76 127 88 0.060464647 
782 68 33 33 0.059801586 
643 457 52 48 0.059757255 
618 392 125 97 0.059511226 
391 324 7 6 0.059503086 
707 554 28 24 0.059482887 
282 -18 231 142 0.058906958 
453 29 25 36 0.05860681 
929 15 75 43 0.05833607 
144 532 30 28 0.0582039 
370 238 120 81 0.05795279 
522 646 60 45 0.05760155 
432 249 116 72 0.057090953 
669 471 55 44 0.056996528 
611 449 101 84 0.05626971 
503 62 113 74 0.05624356 
371 401 155 92 0.05596375 
858 95 33 33 0.0558984 
358 321 106 88 0.055658363 
304 372 109 82 0.055470444 
1012 645 8 8 0.055360753 
590 637 56 45 0.055087585 
436 115 512 291 0.05472038 
297 438 59 49 0.054624584 
770 561 137 86 0.054562002 
376 586 8 7 0.054539815 
462 152 29 22 0.054506756 
208 483 13 11 0.054466125 
123 480 13 9 0.0542564 
581 77 96 75 0.054215886 
242 -125 512 311 0.05371458 
660 421 30 24 0.05370733 
733 290 44 29 0.053552914 
878 28 133 93 0.053264875 
398 176 140 89 0.052948553 
835 333 9 8 0.052919462 
44 509 122 96 0.052499615 
811 235 49 39 0.05225286 
787 118 102 86 0.052235894 
691 591 144 87 0.0519296 
809 17 116 87 0.051713943 
360 3 13 12 0.05167719 
292 458 599 332 0.051574264 
145 497 58 41 0.051505145 
176 613 123 73 0.051211987 
771 489 110 71 0.05117565 
94 345 9 7 0.050909776 
110 350 12 8 0.050623674 
427 142 24 21 0.05048054 
891 92 32 27 0.050425008 
553 582 47 51 0.050409283 
89 482 7 5 0.05010578 
723 544 118 84 0.05005903 
902 511 69 45 0.049850475 
596 97 13 11 0.0498132 
838 93 112 73 0.04966027 
794 67 60 43 0.04963217 
770 458 43 48 0.049312714 
647 613 32 31 0.049097408 
762 339 26 29 0.049077205 
579 426 228 137 0.048631344 
422 0 17 14 0.04847439 
336 487 55 46 0.04845359 
404 449 133 89 0.048434343 
598 568 10 11 0.04833183 
203 477 60 42 0.048265956 
121 582 7 6 0.048242606 
572 120 29 29 0.048119098 
364 17 29 28 0.0480495 
74 500 24 22 0.047855146 
962 659 29 24 0.047843736 
702 532 29 28 0.047802616 
882 639 123 68 0.04748522 
8 669 12 12 0.047324102 
158 501 30 22 0.047184482 
81 490 10 10 0.0471295 
801 134 49 48 0.04711477 
710 644 68 41 0.04710817 
135 481 27 21 0.047099948 
627 374 38 28 0.047076467 
718 565 5 5 0.047030836 
457 89 65 50 0.046941653 
834 241 30 22 0.046938792 
741 339 28 32 0.04687075 
239 460 126 77 0.0468218 
557 156 9 9 0.04674001 
947 141 62 52 0.04673954 
266 426 65 49 0.046692017 
554 81 59 42 0.046537984 
987 230 33 29 0.046372302 
805 552 36 30 0.046327047 
712 540 31 26 0.04616568 
110 551 66 47 0.04605868 
465 80 29 34 0.046002857 
667 376 6 7 0.045972634 
373 496 20 24 0.04577277 
671 372 7 6 0.045709334 
748 170 67 44 0.045691513 
381 259 55 42 0.045587584 
378 124 68 51 0.045574516 
439 3 28 25 0.04524685 
93 490 14 10 0.045242734 
369 573 13 12 0.045181245 
754 -104 264 119 0.044954773 
671 -151 478 295 0.044921782 
244 511 66 43 0.04491227 
415 606 104 79 0.04486443 
348 555 31 27 0.04477548 
95 479 10 7 0.04470929 
126 554 11 9 0.04469417 
552 159 6 6 0.044084914 
328 127 128 106 0.044015944 
786 473 56 46 0.04397066 
532 46 229 136 0.043857664 
464 246 64 39 0.04376825 
715 481 30 30 0.043758333 
208 444 55 43 0.04373226 
756 374 32 28 0.043701205 
169 457 45 36 0.043680523 
151 698 4 5 0.04351238 
264 494 65 45 0.043408606 
878 99 32 27 0.04340584 
223 479 9 6 0.043324318 
114 484 122 79 0.043274738 
-2 -97 284 163 0.043251112 
629 52 107 79 0.04316162 
125 16 60 47 0.043120656 
96 476 27 19 0.043078087 
718 507 33 28 0.04307244 
763 258 33 27 0.043054085 
43 449 7 5 0.042981848 
345 466 49 43 0.042981397 
132 582 9 8 0.042717572 
435 7 16 15 0.042681053 
837 387 126 86 0.04253837 
437 34 105 79 0.042508304 
88 488 30 21 0.042441107 
374 514 52 48 0.042399455 
611 544 125 93 0.04236293 
579 537 26 32 0.04229915 
394 320 8 7 0.04226103 
774 549 27 30 0.042258218 
238 484 7 7 0.042238303 
78 473 26 21 0.04205386 
90 347 7 5 0.042043727 
476 210 58 41 0.04204223 
364 336 7 7 0.042016752 
464 287 65 42 0.04196801 
392 315 6 5 0.04193977 
371 587 8 7 0.04190781 
920 414 62 47 0.04187364 
724 551 7 6 0.041649632 
777 117 59 49 0.041645933 
716 361 32 30 0.04161978 
166 367 121 85 0.041608952 
705 491 29 26 0.041601434 
521 300 64 45 0.041515253 
724 174 128 82 0.041515026 
942 56 61 52 0.04148737 
713 185 68 51 0.041433472 
185 561 62 40 0.041279517 
331 103 6 7 0.041222706 
841 67 49 41 0.041187562 
740 250 37 25 0.041186847 
122 549 23 21 0.041084614 
260 461 64 43 0.04097487 
659 288 252 146 0.040970933 
772 440 262 164 0.0409349 
574 388 27 27 0.040864345 
580 133 11 9 0.040862605 
308 418 102 89 0.040771633 
680 493 67 44 0.04075006 
745 98 61 53 0.04070307 
565 355 62 46 0.04045808 
902 418 120 101 0.040432855 
672 93 120 85 0.040416285 
522 138 62 56 0.04033224 
157 556 8 8 0.040253572 
360 32 25 27 0.04021695 
204 482 23 21 0.040083524 
366 483 54 50 0.039870597 
31 -8 139 105 0.03985709 
510 222 119 81 0.039706767 
313 -1 29 21 0.039643362 
780 557 65 51 0.039543383 
382 3 32 20 0.039538626 
82 495 11 12 0.039247405 
223 628 36 21 0.039209854 
312 97 51 51 0.03919034 
249 11 119 109 0.039187092 
353 581 31 29 0.039162673 
722 554 29 22 0.039142195 
780 155 58 46 0.039115984 
239 411 66 46 0.039108653 
383 333 7 6 0.039086837 
236 479 60 43 0.03905394 
428 139 130 84 0.039004482 
269 397 64 52 0.03888697 
950 303 109 99 0.038728867 
832 386 64 45 0.03865924 
789 220 56 42 0.0385724 
754 246 121 79 0.038391452 
147 519 16 12 0.03826727 
376 156 27 25 0.038217038 
845 247 16 12 0.03819717 
821 321 99 75 0.03815884 
333 383 8 7 0.038153928 
120 472 10 7 0.03810066 
270 163 111 104 0.038085684 
912 89 34 27 0.038069516 
107 324 53 40 0.037990265 
979 219 35 27 0.0379862 
353 555 7 9 0.037955582 
503 93 30 24 0.03794597 
838 535 29 24 0.037917748 
982 103 50 43 0.037768465 
376 430 62 46 0.037766438 
687 36 111 85 0.03775172 
366 347 6 6 0.037746996 
114 590 6 6 0.037713535 
121 589 6 6 0.037689473 
912 372 59 52 0.03756846 
357 344 8 6 0.03755933 
420 127 60 46 0.03755205 
989 630 52 47 0.037527014 
730 489 54 48 0.03740733 
635 485 30 33 0.03736091 
902 633 67 44 0.037351657 
767 81 32 30 0.03733885 
342 562 56 42 0.037328772 
717 557 7 6 0.037278436 
98 483 13 9 0.037245873 
75 485 22 21 0.03724471 
279 441 11 8 0.0372422 
127 534 27 27 0.03724115 
493 358 69 48 0.03723618 
372 510 6 7 0.037120588 
378 510 6 7 0.03708192 
88 486 8 6 0.03697643 
98 346 31 19 0.036973488 
359 55 7 8 0.036947373 
685 218 70 49 0.03690722 
581 606 10 10 0.036872946 
815 503 34 25 0.036864717 
622 81 24 22 0.03685481 
1012 642 6 6 0.03664606 
404 510 130 96 0.036629386 
641 316 29 31 0.03658297 
604 413 36 26 0.036505096 
652 545 59 49 0.036489222 
373 328 5 4 0.036465693 
106 337 10 7 0.036446907 
351 351 7 6 0.036427643 
103 477 14 10 0.036418065 
935 602 122 87 0.036386527 
660 486 31 32 0.03635875 
637 26 51 42 0.03616844 
352 185 28 26 0.03616499 
208 639 69 38 0.03611892 
165 587 59 37 0.03611597 
782 39 58 51 0.036106657 
287 433 9 7 0.036104217 
726 382 102 89 0.036057003 
526 415 55 44 0.036028914 
129 582 7 7 0.035995364 
89 473 7 5 0.035887573 
384 327 6 5 0.035865247 
120 593 7 8 0.035860516 
237 25 31 22 0.035834786 
539 609 58 50 0.035808966 
782 575 5 6 0.03575086 
602 501 54 42 0.03571534 
240 305 10 7 0.035707492 
307 499 62 46 0.03562445 
768 354 31 29 0.035590477 
750 25 244 147 0.03558635 
500 551 98 83 0.035566114 
374 180 29 29 0.035519715 
218 583 156 97 0.0355174 
145 442 54 43 0.035493396 
807 425 55 44 0.0354683 
367 319 55 46 0.035448484 
416 400 15 12 0.03537097 
138 698 4 4 0.035361122 
732 59 105 84 0.035250593 
242 481 6 5 0.03518009 
664 514 19 14 0.035126235 
34 555 620 327 0.035082273 
543 339 27 28 0.03502921 
788 259 28 24 0.03497975 
355 0 12 11 0.034954645 
595 606 55 47 0.034928642 
135 517 32 28 0.034925733 
99 350 11 8 0.03472776 
838 237 18 14 0.034683373 
637 -57 261 165 0.03459329 
470 181 66 46 0.03458526 
556 409 55 49 0.03458327 
268 434 8 7 0.034579642 
339 576 120 84 0.034558866 
25 599 146 102 0.034498952 
83 487 7 6 0.034495443 
961 212 94 86 0.034490287 
139 469 13 9 0.034432933 
389 434 11 10 0.034337502 
395 256 263 140 0.034269746 
45 454 8 6 0.034209803 
344 374 10 8 0.034197398 
346 365 7 5 0.03412149 
483 491 119 84 0.034114793 
667 373 5 5 0.034112092 
547 601 30 31 0.034037672 
365 350 8 7 0.03396066 
558 505 45 42 0.033944316 
384 505 5 7 0.033914223 
618 94 10 8 0.033855233 
577 665 17 16 0.033850074 
4 418 134 102 0.03383 
294 314 6 5 0.033793695 
542 448 54 51 0.03377763 
306 388 8 7 0.03376087 
160 557 135 85 0.03373913 
367 328 4 3 0.03373839 
191 454 27 24 0.03366343 
374 440 27 25 0.03363981 
327 261 114 94 0.033583783 
579 580 25 32 0.033569913 
119 464 13 10 0.03348682 
509 647 9 6 0.033477195 
234 98 123 127 0.03346847 
641 664 35 26 0.03339862 
147 11 142 103 0.03332713 
87 349 8 7 0.033321943 
282 39 65 58 0.033312034 
3 468 10 13 0.03327197 
364 635 54 42 0.033244926 
561 159 32 28 0.033181634 
539 162 6 5 0.03314508 
678 353 260 174 0.03311424 
400 393 62 40 0.03307596 
364 567 11 9 0.033071663 
658 537 29 27 0.03305324 
417 38 64 53 0.033005647 
942 631 33 25 0.03300436 
101 548 124 85 0.03298523 
735 453 55 48 0.03296974 
676 468 28 29 0.032914642 
596 421 28 31 0.032894596 
137 484 15 11 0.032861136 
198 510 27 25 0.0328006 
337 343 59 51 0.032771114 
96 474 7 6 0.032647025 
471 641 67 44 0.032600217 
847 360 30 28 0.032593448 
185 451 9 8 0.032543626 
900 101 34 28 0.03253625 
812 136 148 97 0.03252825 
956 649 5 4 0.03247787 
259 543 100 70 0.032464024 
724 565 6 5 0.032384098 
311 462 57 46 0.032342736 
835 346 30 30 0.03232936 
292 431 11 8 0.032320805 
669 562 29 29 0.03231216 
291 176 11 11 0.032308973 
831 313 47 45 0.03230537 
443 481 31 33 0.032215327 
891 339 123 99 0.03218604 
281 422 27 19 0.03217754 
823 519 34 24 0.03215375 
649 294 53 44 0.032095835 
719 399 31 27 0.032031924 
231 483 7 7 0.032017384 
144 259 13 9 0.03201098 
426 -1 232 161 0.031967364 
601 581 8 9 0.03192509 
321 556 32 25 0.03191572 
500 402 118 91 0.03179334 
660 662 40 28 0.031748448 
332 107 6 6 0.031744365 
562 575 110 88 0.031738754 
586 379 30 31 0.03173351 
483 249 13 9 0.031721797 
801 253 26 23 0.03171662 
282 292 134 111 0.031662583 
545 282 74 45 0.031649858 
357 357 9 9 0.03164176 
346 441 120 92 0.031637315 
139 506 31 20 0.03160515 
527 386 53 44 0.031589914 
949 649 35 24 0.03158265 
221 474 11 7 0.031369645 
944 92 64 57 0.031346474 
77 491 8 8 0.03134606 
362 47 13 13 0.031277236 
214 479 10 8 0.0312737 
852 485 34 27 0.031260565 
560 153 11 9 0.03126026 
376 0 12 9 0.03125326 
198 472 28 20 0.031241428 
793 390 9 8 0.031219436 
304 606 67 55 0.031207127 
513 366 31 22 0.03117105 
953 351 50 50 0.03116244 
341 372 7 6 0.03109005 
372 477 30 28 0.03104984 
382 338 9 7 0.031029252 
583 100 31 27 0.031004913 
1003 640 26 27 0.030971106 
364 580 11 9 0.030905504 
592 593 10 11 0.030867565 
20 27 258 171 0.030844547 
865 323 5 4 0.030844355 
107 267 10 10 0.030834459 
349 557 13 14 0.030796463 
325 493 108 92 0.030727142 
201 720 3 4 0.030725801 
544 635 66 46 0.030701544 
378 504 7 9 0.030647604 
390 333 8 6 0.030549455 
132 553 25 21 0.030545231 
416 419 63 46 0.030540885 
852 253 12 9 0.030506356 
712 246 63 51 0.03049733 
134 497 16 11 0.030479055 
370 -1 57 42 0.03046072 
433 314 67 49 0.030393945 
384 499 6 8 0.030377321 
227 474 22 17 0.0303713 
633 618 59 45 0.030322729 
188 699 3 3 0.030284697 
801 0 26 19 0.03028307 
234 476 8 6 0.03027977 
478 244 30 22 0.030261898 
827 -138 192 79 0.030255781 
396 500 50 46 0.030237509 
395 324 8 7 0.030234069 
717 521 33 30 0.030190285 
573 597 29 27 0.030067103 
366 163 27 28 0.03005747 
190 720 3 4 0.030045578 
371 295 63 49 0.030027991 
272 433 10 8 0.02996038 
843 109 30 30 0.029952861 
775 19 47 43 0.029926466 
573 436 50 53 0.029914068 
282 164 53 54 0.029903583 
556 380 54 51 0.029889416 
591 366 67 48 0.02984606 
786 80 18 18 0.029809086 
233 448 61 45 0.029764062 
384 510 5 7 0.029753156 
773 159 32 28 0.029750636 
298 191 11 10 0.029726766 
603 59 56 52 0.029724788 
38 447 8 6 0.02969556 
26 442 6 6 0.029668054 
824 236 12 13 0.029651433 
271 219 13 11 0.029649677 
278 591 66 47 0.029631266 
994 247 29 34 0.02961666 
759 484 31 33 0.029588772 
156 475 11 9 0.02958821 
372 568 14 13 0.029580817 
76 508 12 12 0.02956322 
726 515 11 11 0.029530898 
95 564 6 5 0.029462857 
217 525 61 43 0.02943955 
739 480 32 31 0.029404275 
219 485 10 8 0.029386368 
971 163 31 32 0.02938247 
379 325 5 5 0.02937247 
91 339 28 20 0.02935708 
846 506 65 49 0.029351342 
722 157 35 31 0.029339846 
721 615 69 50 0.029336458 
364 586 9 9 0.029335415 
887 533 66 48 0.02929902 
334 502 23 29 0.029296106 
116 409 111 80 0.029213421 
551 154 8 7 0.029182576 
132 486 12 7 0.029099042 
615 95 7 7 0.029081494 
695 423 108 90 0.029043669 
86 347 26 22 0.028998194 
642 516 40 28 0.028983623 
274 661 32 24 0.028949259 
766 196 65 45 0.028945152 
385 607 13 11 0.02894347 
655 580 63 46 0.02894028 
350 19 27 29 0.028935969 
652 142 36 32 0.028935155 
349 49 9 9 0.028916884 
598 285 59 43 0.028850753 
562 478 47 51 0.028824951 
913 77 66 49 0.028821105 
74 271 108 94 0.028725063 
343 162 30 33 0.028715655 
378 345 6 6 0.028679967 
183 492 12 8 0.028610894 
909 97 16 15 0.028609816 
599 46 29 27 0.028606785 
754 228 29 22 0.028605847 
332 580 33 25 0.02855148 
970 230 32 27 0.028548805 
384 449 7 7 0.028504407 
169 698 3 4 0.028504353 
312 388 8 7 0.028445294 
151 34 60 48 0.028419508 
664 363 27 24 0.028417097 
371 161 66 51 0.02840033 
772 376 34 28 0.028390499 
322 485 29 26 0.028371118 
182 465 14 12 0.02836368 
980 381 60 53 0.028361497 
152 548 10 9 0.02835234 
118 10 12 10 0.028349752 
642 643 118 61 0.02832953 
750 253 15 10 0.028322157 
107 348 62 46 0.028287495 
385 322 6 4 0.028270926 
687 388 11 8 0.028267115 
570 513 16 12 0.028241588 
114 368 15 12 0.028234996 
867 701 3 3 0.028214566 
340 376 8 7 0.028166924 
69 516 10 9 0.028144393 
815 445 64 52 0.028063107 
555 32 95 83 0.028049987 
840 252 15 11 0.02802358 
371 472 9 8 0.027998319 
716 550 8 7 0.027992908 
115 475 26 18 0.027984511 
359 2 23 24 0.027980734 
115 531 7 6 0.027932797 
576 612 10 9 0.0279152 
974 437 55 49 0.027872304 
750 242 39 22 0.027864896 
140 562 7 6 0.027861971 
859 346 30 33 0.027832726 
130 480 13 8 0.02782289 
112 336 11 8 0.027781993 
588 558 9 11 0.027764147 
120 572 10 10 0.027753545 
306 526 30 29 0.027715562 
144 279 57 48 0.02769217 
346 506 6 6 0.027689632 
214 720 3 3 0.027655527 
400 358 62 43 0.027644515 
387 339 9 7 0.027619582 
132 464 54 41 0.02754645 
477 25 28 21 0.027539603 
864 112 42 27 0.027509747 
582 129 8 8 0.027494306 
338 565 16 13 0.027478514 
576 162 37 27 0.02747431 
382 488 29 26 0.027474297 
875 320 59 46 0.027460026 
281 458 28 25 0.027451815 
358 351 7 7 0.027448814 
983 412 57 45 0.02744715 
951 7 40 19 0.027441826 
133 467 26 17 0.027433518 
523 493 60 46 0.02742423 
482 241 13 9 0.027424142 
835 621 58 46 0.027389197 
360 328 4 4 0.02738334 
476 277 36 31 0.027368018 
387 229 30 28 0.027366308 
302 308 5 5 0.027359689 
142 294 118 96 0.02733226 
805 224 26 27 0.027308295 
313 195 48 47 0.027294599 
161 456 132 81 0.027267432 
100 345 10 7 0.027259177 
861 701 3 3 0.027242435 
920 541 35 27 0.027235756 
324 389 9 7 0.02723429 
883 79 30 30 0.027213529 
999 670 14 12 0.027196353 
548 539 591 357 0.02719505 
138 480 12 9 0.027193302 
599 667 20 16 0.027192699 
623 331 32 30 0.027147816 
289 75 61 60 0.027135866 
-5 475 122 98 0.027113216 
605 474 25 31 0.027109819 
194 484 16 12 0.027102208 
786 369 34 29 0.027098455 
332 513 60 49 0.027097529 
209 466 10 9 0.027087871 
520 264 66 48 0.02707856 
951 377 116 97 0.027068587 
640 344 32 27 0.027040811 
865 558 4 4 0.027033605 
604 31 54 46 0.027026568 
409 0 33 29 0.02702289 
690 327 30 28 0.027013103 
497 281 63 45 0.02700632 
387 567 11 12 0.026999667 
712 327 26 28 0.02699388 
441 154 58 43 0.02699009 
812 272 29 24 0.026969042 
128 586 9 9 0.0269546 
544 537 55 48 0.026942784 
410 526 46 44 0.02693139 
347 511 5 7 0.02692027 
831 159 7 9 0.02691971 
486 77 37 25 0.0269168 
412 479 23 29 0.026907045 
434 405 35 28 0.026901105 
367 505 22 28 0.026894554 
329 112 58 52 0.02688605 
933 524 68 49 0.02687031 
668 298 62 58 0.026842587 
33 448 7 6 0.026794823 
170 484 11 8 0.026773954 
359 339 6 6 0.026752876 
819 240 8 9 0.02675017 
320 390 8 6 0.026747538 
148 509 16 11 0.026730357 
396 333 29 26 0.026717875 
194 700 3 3 0.026687313 
308 209 111 101 0.026685717 
752 325 25 31 0.026655661 
250 652 29 25 0.026631817 
108 515 25 23 0.026628075 
520 149 129 82 0.026600987 
273 671 10 9 0.026590504 
924 504 36 22 0.026579844 
690 512 19 15 0.0265769 
328 28 52 46 0.026531467 
117 350 11 8 0.026514519 
555 130 36 31 0.026513118 
379 334 7 5 0.0264908 
779 91 31 30 0.02648748 
813 235 7 7 0.026460642 
454 -1 26 22 0.026432397 
288 429 9 7 0.026394052 
141 575 8 7 0.026388492 
195 491 27 24 0.026349664 
162 677 5 5 0.026343402 
102 338 8 6 0.02633985 
125 560 11 10 0.026331736 
353 55 6 8 0.02633066 
346 350 8 7 0.026283467 
695 515 28 28 0.026275741 
284 671 15 10 0.026267778 
345 359 6 6 0.026265154 
140 557 8 8 0.026247222 
840 728 3 2 0.026223075 
412 161 32 27 0.026220152 
742 237 65 48 0.02619893 
326 340 7 5 0.026184099 
107 345 10 7 0.026181746 
759 551 28 27 0.02617191 
47 464 137 90 0.026161607 
845 551 6 5 0.026144328 
710 564 7 6 0.026142966 
445 149 30 23 0.026113749 
395 621 9 8 0.026102852 
115 580 8 8 0.026082393 
394 313 9 8 0.02607376 
805 163 65 53 0.026067257 
281 71 119 106 0.026062924 
806 198 65 47 0.026060114 
774 357 8 8 0.026054665 
607 323 33 36 0.026052523 
190 272 141 103 0.026038365 
423 340 4 4 0.026020473 
729 23 59 48 0.026015425 
312 448 8 7 0.026013624 
332 400 32 25 0.02601338 
752 444 79 89 0.026010795 
617 493 32 31 0.026009176 
97 339 7 5 0.025993416 
294 423 9 6 0.025973288 
801 498 31 25 0.025945775 
660 396 76 47 0.025932726 
288 399 27 21 0.025931917 
873 513 30 27 0.025930773 
126 350 11 8 0.025909925 
986 378 26 26 0.025906695 
797 581 9 10 0.0258651 
354 497 22 28 0.025858233 
872 701 3 3 0.025828734 
797 473 27 25 0.025818378 
870 322 6 5 0.025812838 
654 382 12 10 0.025807662 
950 385 55 50 0.025798243 
525 374 30 24 0.025796892 
813 230 7 7 0.025787428 
662 363 8 8 0.025783498 
546 323 33 30 0.025777917 
-2 717 71 182 0.025757426 
620 354 34 30 0.025754325 
20 -138 181 84 0.025745675 
100 459 27 19 0.025730038 
287 0 33 18 0.02571677 
575 621 28 27 0.025712864 
718 570 6 5 0.025687942 
483 235 13 10 0.025681898 
326 377 6 6 0.025622556 
694 359 32 31 0.025621902 
342 4 11 10 0.025612177 
495 401 59 39 0.025598228 
232 465 28 23 0.025594737 
92 536 58 45 0.025591278 
40 442 6 5 0.025582967 
991 534 15 12 0.02556342 
854 701 3 3 0.025560696 
143 479 15 12 0.025558408 
347 534 26 34 0.02547657 
360 485 12 10 0.025474215 
342 9 11 10 0.025472218 
809 605 126 92 0.02545317 
381 574 29 26 0.025452785 
961 649 6 4 0.025433253 
559 377 105 95 0.025425725 
323 78 54 50 0.025414526 
325 563 17 14 0.025397135 
359 448 54 44 0.025389357 
299 422 8 6 0.025354603 
298 401 11 11 0.025330301 
590 267 122 89 0.025319578 
378 330 27 22 0.025319505 
436 18 33 30 0.02531172 
949 420 60 51 0.025293695 
624 3 51 41 0.025245503 
83 473 7 6 0.02524197 
789 576 32 30 0.025241684 
893 727 3 3 0.025225863 
600 514 284 155 0.025212971 
774 363 7 7 0.025204392 
626 469 30 31 0.025183074 
660 271 53 42 0.025171617 
394 332 10 8 0.025157223 
88 468 27 20 0.025143238 
263 435 7 5 0.025136346 
684 307 29 26 0.025121393 
651 91 62 45 0.02511894 
967 325 54 53 0.025099512 
430 451 27 23 0.025091626 
872 559 5 4 0.025089245 
661 34 54 48 0.02506173 
588 525 48 50 0.025048481 
1007 377 25 29 0.025044236 
154 432 27 22 0.025041904 
500 222 59 51 0.025034806 
656 430 57 53 0.025023555 
678 320 30 28 0.025007283 
851 551 6 5 0.025006093 
369 3 12 12 0.02500036 
463 375 74 42 0.024990236 
380 575 12 10 0.024984483 
436 460 31 24 0.024976661 
141 703 4 5 0.02496125 
378 323 6 4 0.024960276 
589 599 9 9 0.024946379 
108 588 10 9 0.02494364 
352 363 8 7 0.024917906 
800 266 28 23 0.024917725 
428 179 32 25 0.024906835 
569 346 32 34 0.024906794 
310 450 25 26 0.02489668 
692 469 27 28 0.02487949 
852 541 28 23 0.024877252 
326 594 31 32 0.024874052 
343 2 25 23 0.024856035 
966 258 29 28 0.024846733 
444 151 10 9 0.024840655 
943 416 36 22 0.024831127 
453 406 47 20 0.024827719 
558 531 82 87 0.02481379 
806 256 7 6 0.024806833 
697 450 28 27 0.02480482 
156 491 13 10 0.02479123 
302 314 5 5 0.024776803 
208 719 3 4 0.024773 
592 553 9 11 0.02475618 
623 387 32 29 0.024746187 
141 570 6 5 0.024733748 
777 47 28 35 0.024726324 
888 529 10 9 0.024720846 
382 609 24 22 0.024712538 
494 642 33 23 0.024706595 
265 428 25 18 0.024697633 
683 394 13 10 0.024695061 
775 577 5 4 0.024694739 
658 316 28 28 0.024677644 
131 415 55 43 0.024655234 
622 672 13 12 0.0246392 
864 552 6 5 0.024603091 
829 251 12 11 0.024591394 
1 319 4 8 0.024576528 
237 225 15 12 0.024564218 
377 498 8 10 0.02455153 
715 301 24 28 0.024543537 
76 495 10 10 0.02452676 
709 556 8 7 0.024499873 
583 329 33 29 0.024499703 
341 511 6 7 0.024490459 
150 703 4 5 0.024487773 
316 533 62 47 0.024480633 
350 49 25 26 0.024478355 
548 401 30 24 0.024478117 
791 83 31 31 0.024477674 
264 240 114 107 0.024461418 
190 39 64 51 0.024452103 
789 201 31 24 0.024440743 
157 540 13 13 0.02441766 
371 332 6 6 0.02441546 
836 260 11 9 0.024413401 
496 43 59 46 0.024373773 
273 191 10 8 0.024369128 
205 528 28 24 0.024337763 
338 358 9 7 0.024318043 
610 531 56 52 0.024315152 
15 670 12 11 0.024310196 
200 488 15 12 0.024295878 
617 101 11 9 0.024293115 
227 482 24 23 0.024276217 
130 245 119 90 0.024270693 
655 370 25 25 0.024270665 
196 451 11 10 0.024261251 
185 459 10 9 0.024254981 
120 522 24 25 0.024249056 
385 441 7 7 0.02424543 
352 510 6 8 0.024211824 
706 504 12 10 0.024201911 
536 458 25 34 0.02419447 
268 197 9 8 0.024183007 
140 310 62 49 0.024182677 
890 97 16 15 0.024150234 
1009 8 11 11 0.024135763 
424 401 11 9 0.024130264 
634 343 14 11 0.024127144 
979 65 59 51 0.024104603 
883 536 8 7 0.024081197 
828 266 32 27 0.02407314 
318 165 49 50 0.024072276 
671 545 27 28 0.02406751 
599 578 28 25 0.024046099 
688 192 41 28 0.024035998 
391 -1 18 12 0.024031105 
803 0 14 10 0.024030311 
582 601 8 7 0.02402611 
247 306 8 6 0.02401543 
-17 632 95 93 0.024004607 
788 6 44 37 0.023997303 
48 453 12 8 0.023983832 
336 400 13 9 0.023975478 
132 470 12 8 0.023972316 
846 701 3 3 0.023961673 
369 478 10 7 0.023953136 
110 486 30 20 0.023944989 
454 50 29 35 0.023940958 
6 427 9 9 0.023938602 
539 437 97 97 0.02390725 
308 308 6 5 0.023905491 
98 355 13 11 0.02388959 
783 245 59 46 0.023886705 
864 325 6 6 0.023885671 
682 152 39 27 0.023883712 
333 378 6 5 0.023883427 
786 316 32 26 0.023859529 
347 595 30 32 0.023849333 
931 174 107 87 0.02384359 
441 222 67 45 0.023820983 
271 426 13 9 0.023819724 
681 495 16 15 0.023817351 
695 544 27 24 0.023811216 
198 296 6 5 0.023795642 
658 519 18 13 0.023795597 
33 442 5 5 0.02379171 
812 594 31 30 0.023781382 
236 136 251 184 0.023780638 
115 593 6 7 0.02377061 
723 544 8 7 0.023768337 
189 722 5 5 0.023762507 
192 424 58 42 0.0237598 
568 529 11 10 0.023755489 
559 621 5 5 0.023748213 
130 699 5 5 0.02374082 
813 256 6 6 0.023732854 
482 79 14 14 0.023720926 
771 560 9 9 0.023715049 
750 247 16 10 0.023695804 
774 -4 101 83 0.02369301 
840 700 5 4 0.023692032 
118 568 21 18 0.023690334 
333 371 7 7 0.023678955 
747 435 28 28 0.023664858 
284 666 12 9 0.02366183 
406 401 13 11 0.023658762 
822 587 10 8 0.023651892 
306 395 9 7 0.023645865 
928 30 28 23 0.023619145 
112 345 11 7 0.023614211 
700 432 28 26 0.023600386 
764 393 30 27 0.023599975 
688 450 59 50 0.023583917 
199 464 13 11 0.023554115 
665 297 20 15 0.023553716 
6 442 6 7 0.023537546 
1000 215 27 31 0.023523962 
486 167 6 5 0.023510087 
774 498 32 32 0.023494229 
221 632 13 10 0.023488007 
375 466 11 9 0.023472691 
886 547 30 25 0.02345193 
780 363 8 7 0.023448896 
726 333 25 30 0.023433898 
111 479 11 7 0.02342218 
274 436 28 19 0.023408825 
672 601 70 46 0.023404343 
611 658 29 30 0.023390163 
641 673 15 11 0.023384158 
163 503 16 11 0.023373226 
250 30 14 10 0.023368947 
681 361 14 12 0.02335302 
314 37 32 28 0.023337327 
266 671 11 9 0.0233339 
219 16 52 44 0.023322754 
783 184 34 26 0.023311181 
829 244 13 12 0.02331034 
458 28 12 16 0.023269685 
221 218 27 18 0.023265805 
563 331 32 30 0.023261625 
732 516 12 10 0.023259003 
1007 424 16 12 0.023253253 
178 448 24 21 0.023253012 
647 514 18 15 0.023243504 
402 326 7 6 0.023230573 
438 487 59 45 0.023229113 
386 312 25 23 0.023207625 
366 509 7 9 0.023196941 
1007 238 13 16 0.023194041 
260 31 29 24 0.023169324 
598 314 33 29 0.02316427 
779 559 9 9 0.023163436 
267 144 10 10 0.023161944 
403 358 8 6 0.0231556 
354 358 6 6 0.02315557 
120 493 28 21 0.023154091 
896 103 17 15 0.023126723 
153 515 16 13 0.023121316 
799 262 8 6 0.02311957 
363 427 30 27 0.023107389 
635 372 14 12 0.023105316 
113 486 9 6 0.023096472 
130 8 33 22 0.023066863 
162 530 27 28 0.023038005 
711 384 5 6 0.023023982 
273 666 10 9 0.023006411 
479 144 32 26 0.02299277 
811 377 12 8 0.022990424 
753 149 36 26 0.022988904 
84 482 6 6 0.022973672 
296 136 52 55 0.022956837 
457 17 56 51 0.0229538 
1006 652 7 6 0.022953227 
591 565 22 23 0.022950798 
676 370 9 7 0.022948219 
101 333 8 7 0.02293834 
180 699 4 4 0.022931151 
99 362 14 11 0.02291891 
179 461 7 5 0.022895431 
364 551 30 33 0.02289518 
635 671 55 39 0.022893209 
202 449 13 11 0.022888303 
132 515 14 10 0.022876736 
183 484 12 10 0.022859363 
384 433 24 24 0.022851925 
302 441 24 22 0.022839496 
713 443 27 26 0.022839274 
566 520 14 10 0.022837788 
688 385 9 7 0.022830322 
834 82 32 33 0.022817286 
446 194 65 43 0.022798812 
987 567 55 46 0.022795837 
192 719 4 4 0.022793358 
370 347 7 5 0.022766251 
455 582 58 41 0.022748046 
338 40 25 26 0.022742787 
602 586 9 9 0.022742216 
118 345 12 7 0.022730486 
996 386 28 31 0.022716748 
420 384 31 23 0.022697302 
131 573 8 8 0.02268622 
930 621 33 24 0.022680866 
158 528 12 11 0.022677004 
986 311 22 26 0.02267427 
614 668 16 15 0.022655593 
127 503 11 9 0.022652376 
834 328 6 4 0.02265199 
784 231 28 25 0.022629337 
125 363 10 8 0.022626765 
533 353 30 28 0.02261775 
503 258 35 25 0.022607485 
587 481 47 48 0.02260251 
668 304 21 18 0.022602303 
368 491 10 10 0.022589728 
333 340 7 4 0.022581257 
172 389 8 6 0.022572309 
858 688 127 95 0.02256645 
961 653 60 45 0.022560852 
825 247 9 9 0.022552658 
322 50 50 51 0.022531785 
674 349 70 52 0.02252709 
314 91 25 27 0.022526419 
124 334 29 20 0.022500178 
120 446 9 7 0.022499623 
402 332 8 6 0.022497673 
780 358 8 7 0.022492997 
147 555 9 9 0.022485077 
867 496 33 29 0.02246887 
674 356 31 25 0.022463618 
78 717 7 7 0.02244806 
470 0 24 20 0.022447562 
926 618 72 47 0.022438679 
508 273 35 26 0.022433689 
344 62 54 49 0.022429423 
534 28 52 45 0.02242493 
739 248 13 9 0.022417963 
806 262 7 6 0.022414207 
411 443 29 25 0.022397486 
318 585 27 25 0.022394614 
312 396 8 7 0.02237617 
469 414 70 39 0.022372246 
767 218 8 6 0.022370808 
894 524 10 8 0.022349402 
557 148 8 7 0.022334026 
113 333 10 7 0.022328045 
353 344 7 6 0.022326743 
118 516 11 8 0.022323538 
337 593 9 8 0.022310719 
286 395 8 7 0.022308376 
313 365 7 6 0.022303669 
188 474 15 13 0.02230304 
587 631 27 26 0.022302099 
403 7 16 12 0.022296496 
738 253 14 11 0.022280207 
608 382 29 29 0.022275845 
364 193 25 24 0.02225038 
327 108 6 6 0.02224385 
466 632 35 27 0.022233108 
410 130 6 5 0.02221986 
78 306 48 45 0.02221284 
55 550 33 25 0.022188004 
1006 358 24 32 0.022181334 
333 494 6 5 0.022175334 
458 132 11 9 0.022167362 
328 221 46 45 0.02213612 
436 43 32 31 0.02212806 
371 503 7 11 0.022112887 
202 478 13 11 0.022097396 
376 594 7 7 0.022091862 
384 344 8 7 0.022086747 
585 400 28 27 0.022036957 
257 500 31 35 0.02202845 
729 371 17 16 0.022014692 
812 261 7 7 0.021993298 
209 469 275 176 0.021988949 
508 438 62 48 0.021949101 
843 478 71 47 0.02194001 
155 484 13 10 0.021927582 
249 478 9 7 0.02192415 
552 622 5 5 0.02189886 
378 550 6 6 0.02189619 
1006 233 23 30 0.021895427 
761 126 31 23 0.021891274 
240 34 15 12 0.021887854 
362 146 23 30 0.021872748 
822 127 27 32 0.021863058 
777 412 34 30 0.021855524 
654 619 16 16 0.021846224 
835 600 9 10 0.021845862 
348 586 12 10 0.021840638 
983 353 53 52 0.021840543 
667 386 13 12 0.021825613 
639 131 40 29 0.021807432 
411 506 5 5 0.021781797 
253 476 12 9 0.021772055 
546 161 6 5 0.021771526 
843 564 8 6 0.021770822 
374 483 12 11 0.02176039 
309 430 13 11 0.021759994 
773 571 30 34 0.021741655 
301 249 28 24 0.021739827 
387 164 11 11 0.021736877 
454 125 32 23 0.02173197 
631 381 12 10 0.02172627 
806 235 7 7 0.021717653 
257 367 5 4 0.021700364 
974 669 12 11 0.021690577 
352 505 7 8 0.021686459 
945 640 8 6 0.021676237 
402 572 30 22 0.021669652 
786 389 8 7 0.021665245 
812 268 8 7 0.021655792 
642 619 14 12 0.021655656 
712 396 4 7 0.02165349 
773 569 7 7 0.02165322 
406 454 29 29 0.021650454 
608 90 31 26 0.021636732 
409 147 275 163 0.0216335 
729 349 29 33 0.021630311 
444 181 33 22 0.021628214 
717 382 8 8 0.021623699 
375 491 10 11 0.021621717 
778 387 11 10 0.021618702 
428 655 36 27 0.02160553 
800 218 7 6 0.021599038 
148 471 15 11 0.02159662 
347 394 33 24 0.021580318 
812 224 8 7 0.021580227 
793 218 7 6 0.021571644 
870 551 6 5 0.021565048 
435 501 26 35 0.02155648 
337 484 28 26 0.021531135 
478 614 35 22 0.02151951 
919 656 36 26 0.021517288 
396 279 64 47 0.021508036 
169 267 58 49 0.021506226 
780 371 8 7 0.021504132 
514 389 33 22 0.021494582 
927 55 130 109 0.021471573 
133 562 8 7 0.021466926 
228 30 9 9 0.0214589 
473 190 34 27 0.021455856 
858 377 6 6 0.021445654 
168 14 54 46 0.02144532 
375 478 10 9 0.021436423 
735 376 17 15 0.02142958 
828 523 63 49 0.021423072 
368 484 11 10 0.021417854 
984 261 30 31 0.021395843 
357 581 10 9 0.021390537 
107 334 9 6 0.021388112 
758 206 30 25 0.021387165 
902 79 32 27 0.021383895 
320 358 6 6 0.021378051 
191 543 27 27 0.021375535 
908 295 51 41 0.021367233 
412 248 33 29 0.021365244 
367 517 5 8 0.021358179 
729 271 34 31 0.021356318 
482 9 27 24 0.021354362 
675 527 28 32 0.021350015 
380 183 13 14 0.021340935 
597 104 13 11 0.02133585 
794 665 117 92 0.021332083 
390 322 29 23 0.021328565 
718 367 16 15 0.02132842 
774 403 8 8 0.021327931 
110 498 13 9 0.021322552 
858 552 6 4 0.021316715 
552 203 61 44 0.021309944 
311 384 9 7 0.021309566 
470 505 35 26 0.02130904 
534 597 29 28 0.021306582 
132 461 9 7 0.021301404 
558 628 7 5 0.021296386 
774 396 8 8 0.021287138 
787 2 28 23 0.021285757 
294 587 26 28 0.02127887 
770 248 34 22 0.021273004 
370 627 27 31 0.021272019 
468 309 40 29 0.021261595 
146 491 29 21 0.02125936 
183 497 11 8 0.021249395 
362 488 22 28 0.021245586 
320 395 8 7 0.021231424 
112 465 27 19 0.021223517 
552 628 5 5 0.021215852 
990 297 23 29 0.021210277 
701 378 25 27 0.021201253 
379 544 5 6 0.0211948 
625 382 10 9 0.021193651 
-24 327 126 137 0.021171281 
565 613 31 25 0.021162003 
343 200 50 52 0.021152074 
145 286 10 8 0.02114526 
178 147 125 103 0.021137254 
165 443 8 6 0.02113624 
707 470 28 28 0.0211256 
587 127 11 9 0.021119839 
214 632 13 10 0.021107916 
514 175 5 4 0.021102041 
717 389 6 8 0.021094356 
643 628 14 11 0.021086367 
176 698 4 5 0.021084411 
147 570 7 6 0.021083316 
1010 650 11 11 0.021079516 
368 563 12 11 0.021078255 
806 217 8 7 0.021072129 
570 175 31 27 0.021062916 
455 10 14 14 0.021053605 
104 331 29 18 0.021039417 
267 659 8 8 0.021036651 
201 713 3 3 0.021034706 
89 155 7 6 0.021017745 
13 442 6 6 0.021015154 
437 359 29 21 0.0210139 
781 568 7 7 0.021002874 
121 556 9 7 0.02100156 
194 713 3 3 0.020997256 
776 584 4 5 0.020995682 
228 492 8 8 0.02099299 
45 459 8 7 0.020982346 
318 378 8 6 0.020974696 
325 346 8 7 0.02097402 
245 475 6 5 0.020972434 
674 137 38 27 0.020969229 
338 588 8 7 0.02096775 
806 230 7 6 0.020963559 
363 497 10 13 0.020953791 
418 6 14 13 0.020952461 
166 388 9 7 0.020947423 
665 194 33 27 0.020943552 
220 489 10 10 0.020934833 
733 539 33 27 0.020933527 
849 544 8 6 0.020917393 
800 209 32 23 0.020901684 
150 719 3 3 0.020889083 
691 564 62 53 0.020888027 
850 564 7 5 0.020884844 
267 38 11 9 0.02088398 
880 386 62 51 0.02088376 
284 172 24 22 0.020880073 
428 558 122 80 0.020874565 
836 557 29 23 0.02086469 
211 339 6 5 0.020856133 
393 496 26 25 0.020855151 
688 558 29 28 0.020850798 
158 369 8 6 0.020846615 
373 323 5 4 0.020845719 
412 135 5 4 0.020838639 
603 345 33 34 0.02082944 
335 122 26 29 0.020826189 
844 544 8 6 0.02081725 
959 220 30 29 0.02081235 
995 367 27 31 0.020809485 
354 622 28 31 0.02080647 
214 722 3 4 0.02080547 
558 312 34 33 0.020797683 
418 341 5 5 0.020794366 
364 595 7 6 0.020783266 
793 384 8 6 0.020782903 
986 351 26 27 0.02077103 
325 370 8 8 0.020769568 
371 339 6 5 0.020763919 
157 548 10 10 0.020759873 
746 134 35 22 0.020759165 
955 198 52 42 0.020754028 
194 11 29 24 0.020738056 
586 350 11 9 0.020729639 
207 714 3 3 0.020724311 
240 639 33 23 0.02072244 
534 375 12 11 0.020722043 
774 336 32 31 0.020709332 
409 395 9 8 0.020709237 
398 506 6 6 0.020697199 
749 56 56 51 0.020697063 
124 181 55 54 0.020676406 
650 12 31 24 0.020673128 
386 315 5 4 0.0206631 
766 355 9 10 0.020661835 
807 581 31 25 0.020647908 
53 533 13 10 0.020645835 
585 565 12 15 0.020645494 
782 583 6 6 0.020635812 
398 512 5 5 0.020624336 
332 345 7 6 0.020623889 
838 128 29 32 0.02061617 
138 0 12 8 0.020606637 
735 142 37 25 0.020604638 
362 555 9 9 0.0205974 
825 253 8 9 0.02059348 
446 508 33 32 0.020592643 
577 518 14 14 0.020589827 
735 563 7 6 0.020572381 
711 391 5 5 0.02056844 
577 608 8 8 0.020563217 
343 406 11 10 0.020560494 
517 102 17 14 0.020555785 
593 571 52 52 0.020548718 
824 281 8 6 0.020532575 
776 408 13 13 0.020529496 
742 564 6 5 0.020528115 
113 493 10 7 0.020527141 
178 466 11 9 0.020519827 
464 10 11 12 0.020516826 
791 108 28 30 0.020512287 
569 614 8 7 0.020511815 
48 446 30 20 0.020510757 
207 214 14 10 0.020504655 
60 497 26 25 0.020500995 
636 387 14 12 0.02048049 
744 188 31 27 0.020478193 
560 499 25 26 0.020471921 
681 487 14 15 0.02045627 
354 561 14 14 0.02045394 
858 314 28 23 0.020447962 
218 508 21 24 0.020436618 
330 351 9 7 0.020426033 
799 383 35 21 0.020419428 
800 224 7 7 0.020419214 
361 334 5 5 0.020412156 
118 509 26 21 0.020409856 
847 258 13 10 0.02039347 
985 395 29 30 0.020383753 
488 502 32 24 0.02038194 
520 407 13 9 0.020370571 
381 470 12 12 0.020369576 
437 390 33 25 0.020368695 
7 664 24 23 0.0203673 
13 454 5 7 0.020364014 
949 375 29 27 0.02036325 
937 332 51 49 0.020333918 
864 199 140 98 0.020310087 
169 65 60 49 0.020299459 
375 535 25 29 0.020290406 
385 602 58 44 0.020281732 
518 647 7 5 0.020280814 
414 390 9 8 0.020275569 
734 557 8 7 0.02025712 
715 143 36 24 0.020256972 
800 256 7 6 0.020247955 
340 520 25 30 0.020246077 
655 216 64 44 0.020243708 
588 436 25 25 0.020224351 
89 339 7 5 0.020223988 
191 300 8 5 0.02022355 
443 13 13 14 0.020222679 
597 113 36 28 0.020219062 
893 541 12 9 0.020214353 
518 458 29 33 0.020207498 
142 502 14 10 0.020190597 
73 514 12 10 0.020189056 
316 429 24 22 0.020188011 
512 311 35 30 0.020183183 
339 71 5 6 0.020171598 
325 625 71 51 0.020169336 
587 348 32 34 0.020165179 
127 492 9 7 0.020165037 
110 0 14 9 0.020158568 
660 349 29 26 0.020145714 
777 351 65 50 0.020141441 
865 124 15 11 0.020140622 
110 356 15 10 0.020136252 
772 370 10 9 0.020123502 
668 381 11 10 0.020120254 
142 -5 57 41 0.02011942 
860 322 5 4 0.02011832 
351 122 8 8 0.020117939 
529 132 41 31 0.020116592 
612 462 25 30 0.020106068 
220 450 30 21 0.020098343 
984 670 9 9 0.020090075 
806 225 7 6 0.020083101 
190 490 12 10 0.020083036 
131 549 10 10 0.020080587 
331 387 11 8 0.02007732 
311 320 61 55 0.020073086 
229 300 24 18 0.020060608 
150 713 2 3 0.020056842 
171 558 24 27 0.020052027 
439 -12 33 24 0.020045882 
751 194 14 12 0.02003531 
100 494 30 20 0.020034693 
715 373 11 11 0.020024806 
1004 422 27 25 0.020013152 
110 558 6 5 0.020006554 
758 92 30 29 0.02000334 
157 534 14 12 0.02000145 
