5_Car_Accident_Car_Crash_5_475
1661
334 254 19 27 0.97258365 
199 0 53 41 0.38203508 
857 319 51 56 0.27202597 
599 192 12 11 0.16549318 
360 240 428 370 0.13146386 
219 4 37 20 0.12982085 
589 384 49 52 0.12577218 
148 580 607 345 0.10083435 
680 335 50 52 0.09520763 
833 48 5 5 0.0882719 
559 36 4 4 0.08519895 
485 8 6 7 0.08456589 
188 4 86 82 0.08170457 
57 42 7 6 0.07893625 
869 313 31 33 0.07334584 
723 275 113 72 0.07216956 
78 -121 559 377 0.07216654 
187 3 36 26 0.071662664 
232 23 33 31 0.071134456 
623 366 43 56 0.06984357 
495 215 3 4 0.06859254 
549 615 540 324 0.06702631 
827 42 4 4 0.06675455 
337 367 119 80 0.06610398 
8 119 466 347 0.065802276 
775 321 59 43 0.064821914 
64 40 7 6 0.064193584 
111 365 15 15 0.062673666 
359 11 4 4 0.06204985 
558 31 4 3 0.06099374 
580 353 47 59 0.06098627 
571 50 5 3 0.060501687 
89 24 5 5 0.05988889 
861 55 4 4 0.059106693 
386 190 3 3 0.058742896 
419 210 2 3 0.058207527 
107 183 43 39 0.05771155 
527 90 49 34 0.057449907 
392 44 4 4 0.05700359 
50 48 7 6 0.056627966 
887 50 4 4 0.05639452 
65 36 6 6 0.05573716 
45 142 28 27 0.0550891 
840 54 4 4 0.053873993 
628 16 6 5 0.05379915 
916 37 5 5 0.053480193 
565 36 4 4 0.05326777 
176 11 218 172 0.053201895 
190 38 96 113 0.053068087 
496 211 3 2 0.052788686 
367 11 4 5 0.052731954 
616 22 5 5 0.052240964 
234 40 31 27 0.05186115 
678 43 8 6 0.0515772 
793 211 52 46 0.0513818 
24 9 7 8 0.051364187 
394 303 145 91 0.050913904 
360 16 5 4 0.05049652 
615 27 6 6 0.05028597 
196 10 17 13 0.05010214 
56 9 7 5 0.049998306 
585 42 5 4 0.049932837 
386 21 4 6 0.049873695 
673 8 7 5 0.049826086 
367 200 5 7 0.049711466 
571 54 6 5 0.049689505 
369 196 3 5 0.049393848 
941 216 27 27 0.049097065 
349 10 3 4 0.04906506 
33 16 6 6 0.048917044 
58 28 7 6 0.048821982 
341 453 590 361 0.048787627 
565 79 113 68 0.048621822 
88 27 6 6 0.048332967 
709 336 44 46 0.04828487 
825 159 27 23 0.048247907 
859 61 5 4 0.04824296 
437 209 3 4 0.047777332 
539 11 4 4 0.047693446 
411 63 4 4 0.047530483 
121 42 7 7 0.047459017 
863 60 5 5 0.04709046 
833 43 4 3 0.046885684 
838 49 5 4 0.04640071 
325 256 13 20 0.04636729 
554 29 3 4 0.046329103 
89 42 5 5 0.0462722 
392 45 4 6 0.046177834 
367 2 4 5 0.046084225 
673 4 7 5 0.046010856 
500 11 6 5 0.045940805 
453 86 487 358 0.045895997 
957 211 12 11 0.04568268 
408 -185 620 354 0.045619875 
821 49 4 4 0.045406643 
199 35 6 6 0.04531851 
829 39 3 3 0.045292065 
828 49 4 4 0.045206133 
32 21 6 5 0.044997323 
572 43 4 3 0.04477998 
373 29 3 4 0.04474205 
855 56 4 3 0.044664286 
69 36 6 5 0.04442192 
751 202 4 5 0.044385593 
510 598 59 43 0.044281796 
391 21 4 5 0.044186506 
378 9 4 4 0.04406613 
589 42 5 4 0.044065606 
69 41 6 5 0.04394016 
738 25 3 4 0.043930396 
565 43 4 3 0.0437556 
158 41 7 8 0.043706644 
361 22 5 5 0.04367591 
406 63 3 3 0.043658238 
62 28 7 5 0.043626796 
491 216 2 3 0.04348014 
346 343 42 42 0.043358725 
616 19 4 3 0.04334177 
317 8 6 6 0.04328919 
518 318 86 84 0.04327913 
810 161 50 40 0.043083537 
839 318 5 5 0.04272488 
52 40 6 5 0.04269085 
500 215 3 4 0.042664688 
860 324 4 5 0.042613536 
58 24 6 5 0.042576004 
611 28 5 5 0.042502046 
534 11 4 4 0.042460807 
609 23 6 4 0.042409305 
824 44 3 3 0.042356975 
577 38 5 3 0.04234969 
345 16 6 6 0.04231132 
509 217 2 2 0.042282555 
355 10 4 4 0.042272225 
924 106 4 4 0.04202898 
386 316 26 27 0.041998714 
924 67 5 5 0.04195835 
489 210 3 2 0.041938815 
366 16 4 4 0.041844238 
563 10 6 5 0.041830957 
195 48 4 5 0.041777916 
553 24 4 4 0.041767936 
838 332 92 84 0.041751087 
751 150 45 43 0.041603018 
334 118 4 6 0.041580666 
380 18 3 4 0.041358594 
420 216 2 3 0.041233532 
577 43 4 3 0.041230425 
498 21 7 7 0.04122931 
744 73 40 37 0.041217156 
373 10 4 4 0.041189518 
321 4 6 4 0.04104463 
751 221 5 4 0.04103352 
98 48 5 5 0.04097844 
97 23 5 4 0.040884312 
510 103 50 36 0.040832393 
651 4 8 5 0.040755652 
944 229 31 25 0.040583238 
553 10 3 4 0.04050666 
560 11 5 4 0.040491432 
40 48 5 5 0.040396336 
478 81 28 26 0.0403889 
910 62 4 4 0.04023806 
469 112 6 6 0.04013164 
566 48 3 4 0.04009149 
501 211 3 2 0.040031634 
382 393 55 42 0.040019598 
387 197 3 2 0.03997512 
546 25 4 3 0.039912436 
386 75 4 5 0.039900787 
28 22 5 5 0.03976039 
686 16 6 5 0.039745238 
126 42 7 6 0.03972793 
559 41 4 4 0.039695438 
951 219 10 11 0.039680373 
577 48 4 4 0.039673563 
620 23 6 5 0.03952719 
393 61 4 6 0.039495386 
546 11 4 4 0.039488543 
368 36 4 5 0.03945703 
393 19 4 4 0.03941948 
960 213 15 15 0.03939726 
404 335 7 6 0.03936924 
553 17 3 4 0.039344396 
486 14 5 5 0.039337285 
368 668 60 41 0.039317943 
365 22 4 5 0.03931465 
884 301 45 54 0.039309077 
834 54 4 4 0.03923115 
373 24 3 4 0.039164923 
415 645 128 79 0.038903754 
50 15 8 5 0.038778592 
585 240 45 41 0.038738504 
635 9 5 5 0.038689636 
185 33 8 9 0.03867078 
168 33 6 8 0.038660347 
738 29 5 4 0.038622133 
5 35 5 7 0.03860047 
897 69 4 4 0.038488247 
199 48 4 4 0.038464673 
511 569 61 48 0.038452018 
373 17 3 4 0.03844181 
500 15 6 5 0.03828951 
77 21 5 6 0.038261916 
406 216 3 4 0.038223036 
570 36 4 3 0.038205214 
879 29 6 6 0.038107075 
844 329 5 6 0.03802096 
903 69 4 5 0.0379946 
83 41 7 7 0.037883177 
699 71 47 39 0.037861496 
744 216 3 4 0.03777164 
392 106 4 6 0.037619587 
771 56 4 3 0.03747399 
509 222 3 4 0.03742588 
437 215 3 4 0.037398014 
29 48 4 5 0.03727259 
57 45 8 7 0.03725005 
919 63 4 4 0.03724572 
483 216 3 3 0.03711383 
909 110 6 7 0.037108812 
489 4 4 4 0.036937177 
467 104 7 7 0.036925096 
398 62 4 4 0.03680128 
52 37 6 5 0.036738575 
690 577 43 36 0.036594465 
518 596 140 91 0.03656834 
853 325 4 4 0.0365679 
616 37 5 4 0.036558352 
954 203 49 40 0.036532667 
883 5 5 4 0.036487747 
685 43 7 5 0.03647194 
852 244 51 42 0.036461774 
372 3 4 4 0.036385182 
758 215 3 4 0.0363822 
381 197 2 3 0.036282778 
138 112 3 5 0.036269087 
-2 -172 94 145 0.03623833 
897 250 53 45 0.036194827 
419 205 3 2 0.03618924 
53 23 6 5 0.03612016 
413 216 3 4 0.03607838 
869 359 34 32 0.036060996 
835 318 4 4 0.03604262 
109 54 6 6 0.036040254 
680 257 50 39 0.035989363 
56 382 22 23 0.03596458 
39 21 6 5 0.035931062 
469 627 140 82 0.035854526 
70 48 7 5 0.035734817 
238 49 7 6 0.035723645 
129 12 5 4 0.03571321 
173 39 7 7 0.035664085 
723 -149 292 120 0.035656214 
534 4 4 3 0.035620634 
873 643 122 83 0.03559777 
559 16 4 4 0.035568547 
381 31 3 3 0.03553233 
76 48 7 5 0.03550152 
553 4 4 4 0.035454128 
316 5 6 4 0.03544643 
550 570 56 43 0.035377778 
381 22 3 4 0.035346285 
554 36 3 4 0.03531817 
564 24 5 4 0.0352632 
400 196 2 3 0.035212774 
559 50 3 4 0.035093334 
755 221 4 4 0.035091836 
495 192 3 3 0.035063457 
191 25 26 25 0.035038672 
467 109 22 23 0.035005424 
394 197 2 3 0.035000104 
896 37 4 4 0.03496745 
193 35 7 7 0.034953516 
545 74 46 36 0.034846675 
496 17 5 5 0.034827802 
379 201 4 5 0.034808308 
785 315 106 78 0.034789663 
931 200 28 28 0.034775473 
479 101 27 24 0.034745 
367 0 4 4 0.034736242 
585 388 5 6 0.03469643 
383 191 2 2 0.034674987 
407 221 4 6 0.03464917 
801 4 5 5 0.034635495 
489 192 4 3 0.034603305 
611 19 4 3 0.03458792 
313 384 40 43 0.034529705 
565 30 4 4 0.034484 
336 379 12 15 0.034413997 
599 222 27 32 0.034342557 
12 26 5 7 0.034304988 
886 53 4 4 0.034298323 
481 3 5 4 0.034267757 
127 203 233 194 0.034257594 
319 302 41 46 0.03423432 
332 358 40 42 0.034201086 
-3 655 73 197 0.03414926 
-87 500 580 356 0.034126975 
115 15 6 5 0.03409837 
120 28 6 7 0.03409554 
815 305 5 4 0.034076028 
408 336 8 6 0.034070715 
833 308 42 50 0.034052595 
232 48 5 6 0.03401133 
393 36 4 4 0.034000646 
136 39 13 12 0.033998065 
329 113 4 5 0.033957966 
399 54 5 5 0.033938117 
168 115 6 7 0.033898104 
828 315 27 29 0.033882756 
559 54 3 4 0.033875406 
27 29 5 5 0.033867884 
240 649 127 76 0.033863988 
172 33 8 8 0.033857226 
597 48 119 76 0.03381966 
595 361 6 8 0.033778984 
476 216 3 3 0.03376832 
584 48 5 4 0.03374445 
639 9 7 5 0.03372074 
521 10 4 5 0.03371983 
672 22 6 5 0.033717163 
2 59 10 11 0.03370203 
861 51 3 3 0.033679575 
495 221 4 5 0.03366916 
680 601 57 49 0.03366651 
463 341 64 41 0.033662144 
84 36 5 5 0.03361721 
190 115 9 8 0.03353487 
473 117 7 8 0.033519488 
746 91 46 39 0.033412248 
8 21 5 7 0.03340755 
809 318 27 28 0.033378214 
956 139 110 92 0.033372905 
411 158 4 3 0.033349533 
557 364 43 48 0.03328371 
9 115 14 14 0.033268698 
878 17 5 5 0.03325773 
560 4 3 4 0.033181254 
795 15 5 5 0.0331757 
334 114 4 4 0.033174045 
620 28 6 5 0.033154592 
777 216 3 4 0.03314622 
763 56 4 3 0.033098076 
917 87 5 4 0.03309113 
626 22 7 5 0.033082698 
368 190 3 5 0.03303659 
510 63 50 45 0.033030193 
393 386 13 8 0.033008654 
689 29 7 6 0.03291076 
424 163 4 4 0.03290584 
394 190 2 3 0.032896962 
505 11 5 4 0.03289671 
827 55 4 4 0.032852743 
501 204 3 3 0.03280872 
565 55 3 4 0.032736123 
53 9 6 5 0.03269998 
456 143 11 9 0.03269154 
876 633 52 38 0.03266195 
91 56 4 5 0.032623526 
494 10 5 4 0.032610044 
471 53 12 9 0.032577887 
400 191 2 3 0.03255517 
774 138 44 41 0.032520045 
918 67 5 5 0.03248287 
368 30 3 4 0.032453075 
744 220 3 4 0.03245151 
677 21 9 6 0.032423727 
399 101 3 4 0.032388117 
763 183 4 5 0.032383442 
707 555 50 37 0.032337468 
854 50 4 4 0.03233711 
751 217 4 3 0.032331202 
395 378 31 20 0.032325946 
905 5 3 3 0.032316882 
692 128 520 385 0.032314997 
788 131 100 75 0.032280833 
783 228 4 4 0.03226365 
765 62 4 4 0.032256454 
194 41 5 5 0.032245502 
539 4 3 3 0.03222008 
771 219 49 48 0.032170217 
352 16 5 5 0.032164127 
513 223 4 4 0.032148745 
470 132 6 6 0.032106277 
713 217 46 43 0.032104056 
44 23 6 5 0.032092046 
565 75 4 4 0.0320395 
41 79 10 10 0.03196818 
62 336 104 91 0.031923056 
424 203 3 3 0.031899918 
641 230 99 77 0.031889122 
386 150 4 4 0.03186126 
400 215 3 3 0.031834643 
46 48 5 5 0.031829823 
410 164 5 4 0.031755887 
527 11 4 4 0.031699825 
186 39 8 7 0.031616777 
399 107 4 5 0.03161531 
361 4 3 4 0.03159292 
829 185 48 46 0.03156494 
386 371 12 11 0.031525284 
520 4 3 4 0.03150676 
665 3 7 5 0.031503223 
99 42 4 4 0.03150314 
412 177 3 3 0.0314482 
386 29 3 4 0.031440303 
374 301 277 162 0.031428482 
98 37 4 4 0.03141455 
97 9 6 6 0.03137902 
482 209 3 3 0.031316936 
753 314 31 24 0.03130654 
465 346 28 23 0.031303573 
405 68 3 4 0.031290997 
629 69 4 4 0.031275753 
467 99 7 6 0.031261306 
393 215 3 3 0.031214874 
368 53 5 6 0.031214187 
433 210 2 3 0.031155568 
479 122 7 7 0.031125832 
234 8 18 10 0.031101227 
786 651 110 72 0.03107913 
735 196 6 6 0.031033585 
724 305 53 43 0.031018337 
911 68 4 4 0.031012269 
731 200 7 6 0.031004593 
393 210 3 3 0.031001085 
28 54 4 5 0.030983318 
704 296 25 25 0.030981455 
746 203 93 89 0.030954733 
879 50 4 4 0.030942082 
6 300 230 195 0.030933177 
469 117 6 6 0.030923983 
666 9 7 5 0.030919516 
566 386 4 6 0.030891716 
385 18 5 5 0.030885052 
907 372 43 48 0.030870104 
634 17 6 5 0.030862708 
386 78 4 5 0.030846601 
765 215 3 4 0.030811222 
324 378 23 28 0.030782888 
605 409 39 34 0.030774806 
770 215 3 4 0.03077247 
64 24 5 5 0.030761372 
361 158 3 4 0.030744303 
874 10 3 4 0.030734967 
880 5 5 5 0.030704604 
547 4 3 4 0.030698687 
854 62 5 3 0.03067861 
326 4 5 4 0.030674407 
670 239 28 21 0.030668018 
205 41 7 7 0.030614829 
838 322 6 5 0.03061128 
884 229 53 38 0.030603204 
116 11 5 4 0.03059018 
731 207 7 5 0.030554978 
874 472 103 93 0.030499259 
674 43 6 5 0.030485557 
962 228 13 12 0.030483833 
411 221 4 5 0.03048125 
897 49 4 4 0.030469809 
405 198 3 3 0.030405823 
206 46 5 5 0.0303431 
683 243 11 8 0.030324522 
181 110 3 5 0.030320238 
168 26 7 9 0.030314172 
763 50 4 4 0.0302966 
873 17 4 4 0.030288642 
841 633 52 42 0.030269476 
986 171 6 5 0.03021864 
370 355 49 41 0.030186245 
744 326 11 9 0.03018597 
802 23 5 5 0.030088669 
496 4 4 3 0.030087853 
401 85 8 10 0.030083185 
540 16 3 3 0.030065946 
569 30 5 4 0.030061439 
360 29 4 5 0.030043924 
104 36 4 4 0.03002281 
922 87 6 5 0.030020744 
404 55 3 4 0.03001548 
959 236 33 23 0.030010816 
801 311 6 4 0.030004987 
513 233 5 6 0.029915085 
71 53 7 6 0.029856734 
666 282 57 42 0.029856002 
668 23 6 5 0.029846158 
905 10 3 3 0.029818844 
946 222 11 12 0.029814713 
846 318 4 4 0.029795503 
44 28 6 6 0.029758386 
212 48 5 5 0.02973175 
522 94 28 22 0.029711977 
417 163 4 4 0.029708399 
518 618 68 46 0.02965293 
217 54 5 5 0.029648168 
756 201 4 5 0.029621998 
956 237 12 10 0.029611249 
836 168 9 8 0.029611016 
489 196 4 4 0.029596483 
558 24 4 4 0.02956526 
56 14 8 6 0.02955831 
501 4 4 3 0.029537149 
560 67 4 4 0.029522153 
500 27 5 5 0.029517574 
736 321 27 25 0.029497007 
610 48 5 4 0.029487997 
400 329 9 7 0.02944746 
453 137 8 6 0.029424854 
817 228 35 27 0.029418698 
60 160 48 43 0.029346438 
797 4 4 4 0.029340765 
805 138 47 38 0.029317789 
80 341 50 43 0.029309697 
411 184 4 3 0.029299939 
508 210 3 3 0.029295955 
743 209 4 4 0.029262805 
40 53 5 5 0.029258812 
759 113 48 42 0.029257609 
852 329 5 5 0.029233048 
410 235 116 84 0.029227689 
554 42 3 4 0.02918525 
168 111 5 7 0.029176524 
424 159 3 4 0.029154895 
597 54 4 4 0.029146168 
490 222 2 3 0.029133117 
763 189 3 5 0.029122412 
483 100 46 38 0.029113675 
783 235 3 4 0.029113216 
433 216 2 3 0.02911021 
806 22 5 5 0.029074855 
367 150 3 5 0.02900687 
844 55 6 4 0.028987944 
317 335 45 46 0.028977476 
856 351 28 36 0.028954681 
33 49 4 4 0.028951118 
730 604 54 44 0.028924886 
546 16 4 4 0.0289228 
89 47 5 5 0.028920507 
413 210 3 3 0.028915918 
400 203 2 3 0.02890882 
979 170 7 5 0.028898166 
699 75 5 3 0.028897284 
807 311 5 4 0.028894018 
45 15 7 5 0.028892392 
177 39 8 7 0.028881462 
200 41 5 5 0.02888004 
822 324 4 4 0.028857214 
970 60 90 95 0.028852426 
901 39 47 43 0.028846717 
482 197 4 3 0.028837536 
386 37 3 3 0.028836032 
399 37 3 4 0.028820345 
52 29 6 4 0.028810214 
279 133 3 3 0.028808778 
327 10 5 4 0.028792374 
834 65 6 6 0.02879032 
622 41 6 5 0.028771603 
575 55 6 5 0.028767189 
473 557 136 97 0.028757313 
33 29 5 5 0.028744258 
27 35 5 5 0.028733814 
153 307 111 110 0.028704567 
864 323 5 7 0.028696496 
399 48 5 5 0.028695745 
108 153 54 50 0.028691247 
592 350 27 34 0.028686982 
400 67 3 4 0.028681908 
930 93 4 4 0.02867213 
398 22 4 5 0.028642142 
360 54 4 4 0.028623223 
741 29 6 5 0.028610226 
381 54 7 8 0.02859136 
513 227 4 5 0.028590638 
696 238 49 42 0.028551824 
677 16 8 6 0.028549612 
121 33 6 6 0.028546024 
623 17 5 4 0.028545517 
460 136 7 7 0.028541587 
404 264 48 36 0.028520549 
283 399 44 48 0.028461719 
791 313 31 26 0.028456079 
52 4 6 5 0.028417403 
536 348 46 45 0.028414343 
685 233 6 5 0.028411219 
403 48 5 5 0.028409624 
890 10 5 4 0.02840513 
494 112 14 13 0.02839296 
684 22 8 6 0.028392449 
479 117 9 9 0.028385924 
511 542 62 49 0.028382516 
206 10 16 14 0.028355462 
59 35 6 5 0.028318089 
822 312 3 3 0.028275922 
195 68 4 4 0.02827536 
546 29 4 3 0.028269347 
373 36 3 4 0.028250515 
885 42 5 4 0.028217293 
313 324 87 89 0.028216895 
372 0 4 4 0.028215999 
243 49 8 8 0.02820984 
936 106 4 4 0.028209796 
821 306 4 3 0.02820604 
-8 159 60 111 0.02818562 
84 16 5 5 0.028176768 
437 203 4 4 0.028133597 
538 23 5 4 0.028090302 
469 125 5 5 0.028088506 
86 23 5 4 0.028073845 
348 161 5 6 0.028070055 
38 35 6 5 0.028068453 
892 36 5 5 0.02805176 
515 210 3 3 0.028048454 
406 164 4 4 0.028039908 
399 18 3 4 0.028020179 
775 308 30 22 0.027995424 
102 48 6 6 0.027966153 
488 23 4 5 0.027961358 
176 39 46 53 0.027944217 
903 72 4 5 0.027935734 
683 46 7 6 0.027904227 
834 81 4 3 0.027889015 
674 29 6 5 0.027880765 
129 14 5 5 0.02787872 
237 53 9 7 0.027869567 
974 185 47 41 0.027852003 
628 35 7 6 0.027851755 
482 202 4 4 0.027819939 
561 102 52 38 0.027818799 
400 380 14 9 0.02781542 
386 70 42 44 0.027812121 
386 185 3 4 0.027806785 
929 117 5 7 0.02778497 
680 87 57 40 0.027767982 
450 351 128 84 0.027764665 
379 118 4 5 0.027758623 
816 49 4 4 0.027732503 
297 107 4 4 0.027725697 
482 223 3 3 0.027707472 
413 204 2 3 0.027688365 
764 221 4 4 0.027683072 
332 11 5 4 0.027669173 
399 30 3 4 0.027658239 
635 206 25 21 0.027648732 
22 28 4 5 0.027618406 
153 29 46 47 0.027613206 
914 210 45 40 0.027579643 
393 30 3 4 0.027577518 
438 158 24 22 0.02755757 
136 118 5 5 0.027555464 
623 75 4 4 0.027529199 
927 67 5 5 0.027502509 
916 28 5 5 0.027484434 
399 111 4 4 0.027461158 
461 197 4 4 0.027456682 
119 54 9 9 0.027454866 
394 324 13 13 0.02741313 
594 610 69 48 0.027411923 
828 318 4 4 0.02739798 
155 104 4 6 0.027390905 
740 216 4 3 0.027370458 
624 196 15 12 0.027368233 
399 210 3 4 0.02736108 
503 59 99 74 0.027350161 
923 63 5 5 0.027345842 
568 408 2 4 0.027330883 
845 324 5 5 0.027324056 
802 106 4 4 0.027312677 
925 73 5 5 0.027284278 
439 150 8 7 0.02726885 
911 56 4 4 0.027256534 
413 260 15 11 0.02725135 
560 592 65 50 0.02722002 
514 216 3 3 0.02720494 
985 175 27 22 0.027202766 
905 118 5 6 0.027170807 
567 395 3 4 0.02717048 
200 68 4 4 0.027165582 
822 269 28 25 0.027160414 
690 47 6 5 0.027150234 
412 57 3 3 0.02715003 
411 111 5 6 0.027133362 
307 99 5 5 0.027123231 
279 138 3 4 0.027103748 
373 151 3 4 0.02706841 
795 112 4 5 0.027064495 
58 55 7 5 0.02706414 
514 10 4 4 0.027057873 
939 192 11 11 0.027044524 
929 88 4 4 0.027036807 
201 62 4 4 0.027029654 
845 62 5 4 0.027029283 
125 349 41 39 0.02702744 
692 230 5 4 0.027022678 
392 66 4 5 0.026999922 
77 17 5 4 0.026982725 
213 55 5 4 0.026981758 
354 371 24 29 0.026976319 
489 203 3 3 0.026975602 
788 227 6 6 0.026974773 
796 11 4 4 0.026927982 
386 67 4 5 0.026904812 
998 177 7 5 0.026902929 
393 11 3 3 0.0268919 
50 52 8 6 0.026890645 
327 397 7 9 0.026871437 
392 202 3 3 0.026870683 
455 111 6 7 0.026867185 
405 157 5 4 0.026856193 
131 67 5 5 0.026839409 
380 378 28 21 0.026832761 
604 22 5 5 0.026828602 
560 62 3 4 0.026819434 
400 42 4 5 0.026810853 
794 41 6 5 0.026781816 
998 181 8 7 0.026760537 
797 107 3 3 0.026759058 
958 223 28 23 0.026727883 
181 108 4 4 0.026674263 
474 163 5 6 0.026671369 
353 21 5 6 0.026659565 
563 15 6 5 0.026639832 
85 9 4 5 0.026621586 
945 211 9 9 0.02661997 
392 151 3 4 0.026598198 
103 42 6 5 0.026594294 
417 144 5 5 0.026593627 
796 23 5 5 0.026590098 
401 74 3 4 0.026584739 
424 210 3 3 0.026581027 
331 384 10 13 0.026579868 
487 234 4 4 0.02655686 
226 54 5 6 0.026555035 
78 36 5 5 0.026545333 
411 151 4 4 0.026541648 
377 79 5 6 0.026537336 
405 107 3 5 0.026534418 
752 227 3 5 0.026481932 
137 99 4 5 0.026468663 
858 338 6 9 0.02646768 
977 205 60 44 0.02646087 
494 29 4 4 0.026445873 
402 344 30 26 0.026443621 
444 71 82 79 0.02643722 
196 2 10 8 0.026429407 
791 24 4 3 0.026385825 
11 48 6 6 0.026368132 
986 174 7 7 0.026367128 
797 233 9 14 0.026366478 
489 0 3 3 0.02636033 
304 100 3 4 0.026345618 
455 125 7 5 0.026345003 
666 263 100 80 0.026324416 
608 56 5 4 0.02629875 
925 219 102 78 0.026291776 
378 367 24 20 0.026281917 
593 331 30 30 0.026275406 
484 338 28 28 0.02626619 
922 41 6 6 0.026265007 
342 10 4 5 0.026219202 
40 29 6 5 0.026216067 
801 50 5 4 0.02620105 
801 9 5 5 0.026199616 
294 7 9 7 0.026186764 
464 44 25 22 0.026178367 
391 54 5 5 0.026170282 
898 42 3 3 0.02613647 
806 41 6 5 0.0261322 
991 176 6 5 0.026128598 
883 8 6 4 0.02612641 
924 101 3 4 0.02612341 
259 22 9 7 0.026092403 
344 19 8 7 0.026088875 
216 66 6 6 0.02607871 
244 13 11 8 0.026060663 
955 220 13 13 0.02605969 
368 49 3 5 0.026055621 
78 41 7 5 0.0260519 
201 55 4 5 0.026046542 
404 42 5 5 0.026042745 
379 647 65 44 0.02602978 
582 559 51 41 0.026027074 
455 118 5 5 0.026005227 
610 42 6 5 0.02600371 
935 94 4 3 0.025986778 
63 46 8 6 0.02597407 
619 172 115 86 0.025972249 
427 101 6 10 0.025963314 
54 96 100 96 0.025962252 
472 312 35 21 0.025950534 
853 172 55 50 0.02595042 
480 130 7 8 0.025948716 
368 145 3 4 0.025935413 
627 29 7 5 0.02587365 
20 22 5 6 0.025841666 
833 39 3 3 0.025833573 
496 204 3 3 0.025824063 
182 28 10 10 0.02581609 
745 202 5 4 0.025809597 
824 280 45 47 0.025799964 
289 379 98 88 0.025762329 
839 63 5 4 0.025757648 
154 43 8 10 0.025744038 
158 337 50 50 0.025733909 
499 222 4 4 0.025727376 
572 213 97 79 0.025719102 
82 45 8 7 0.025715934 
405 79 5 6 0.025711263 
272 156 59 50 0.025700474 
120 299 48 49 0.025700266 
392 124 5 5 0.025685702 
943 230 14 15 0.02568172 
560 102 26 23 0.025676971 
822 105 4 4 0.02567574 
875 5 3 4 0.02567104 
858 195 6 6 0.025660297 
801 16 5 4 0.025656378 
628 75 4 4 0.025647521 
622 397 33 33 0.025631903 
97 30 4 4 0.025594926 
974 170 6 6 0.025594441 
668 42 29 23 0.025586663 
950 202 23 24 0.025576249 
173 9 6 5 0.025566002 
734 25 4 3 0.025557553 
658 3 8 5 0.025552956 
113 378 24 23 0.025535736 
477 109 12 11 0.025519118 
521 16 4 4 0.025464674 
780 218 25 28 0.025442 
871 63 5 4 0.025441432 
106 373 20 23 0.025435144 
392 390 34 21 0.025399461 
834 88 4 3 0.025388032 
419 182 3 4 0.025386479 
742 25 5 4 0.02538413 
340 387 56 44 0.025375063 
840 312 4 4 0.02537269 
103 30 5 5 0.025364392 
758 209 3 4 0.025354976 
405 29 5 5 0.025342697 
418 57 3 4 0.025321737 
27 41 5 5 0.02532017 
745 197 4 4 0.025295835 
743 228 4 5 0.025290044 
482 30 4 4 0.025277235 
615 48 5 4 0.025276704 
207 56 4 4 0.025267158 
604 333 605 425 0.025262412 
185 15 26 25 0.025259737 
879 34 4 5 0.025225518 
414 117 7 9 0.025224164 
736 209 5 4 0.025216393 
404 23 5 5 0.025211984 
886 351 29 32 0.025211519 
789 110 51 44 0.025208319 
905 43 4 4 0.025198033 
405 341 7 7 0.025193958 
891 60 5 6 0.025184307 
488 37 4 4 0.02515162 
778 337 32 23 0.025145542 
132 22 7 8 0.025126105 
33 55 4 4 0.025122708 
254 22 10 8 0.025112333 
404 110 5 6 0.025104536 
106 187 110 76 0.025096927 
37 71 8 8 0.025093378 
835 312 3 3 0.025076928 
438 91 9 10 0.025066381 
405 74 4 5 0.02506343 
446 160 10 11 0.02504445 
380 49 4 5 0.025042485 
824 214 31 27 0.025026176 
470 215 3 3 0.025019087 
641 117 127 96 0.024999358 
892 43 4 4 0.024979712 
38 16 7 5 0.024971511 
343 16 5 6 0.024968969 
420 233 51 43 0.024968008 
807 35 5 6 0.024960969 
406 190 2 3 0.024953501 
938 613 14 10 0.024927856 
71 141 48 45 0.024922797 
495 0 4 3 0.024918048 
649 68 4 4 0.024910364 
897 60 5 5 0.02489283 
355 4 3 4 0.024891434 
891 54 4 5 0.024886899 
564 105 7 7 0.024886737 
630 11 4 4 0.024884718 
188 53 5 6 0.024872761 
762 176 6 6 0.024864228 
905 61 4 4 0.024854694 
391 79 4 5 0.024848485 
475 124 6 6 0.024841996 
554 55 3 3 0.024833223 
410 169 5 4 0.024831593 
596 355 5 7 0.024821898 
404 99 5 5 0.024812134 
138 105 3 5 0.02480672 
844 334 6 7 0.02479725 
879 22 6 5 0.02479649 
678 248 31 23 0.02479261 
75 379 21 22 0.024790252 
63 54 8 6 0.024790172 
330 395 11 12 0.024787452 
476 178 102 101 0.024760302 
380 151 3 4 0.024756256 
361 35 4 5 0.024748234 
630 194 27 20 0.024745747 
331 412 8 9 0.024738165 
597 187 23 19 0.024708385 
63 9 7 4 0.024706151 
917 49 5 5 0.02469017 
654 558 54 43 0.024686713 
368 175 3 5 0.024679154 
500 196 4 3 0.02467809 
484 108 14 13 0.02466337 
342 249 13 16 0.024645895 
122 16 5 5 0.024629554 
978 183 26 24 0.024619695 
418 61 3 4 0.02461845 
331 15 6 7 0.024614215 
511 341 26 28 0.024602093 
405 170 4 4 0.024600564 
58 4 6 4 0.024582079 
481 36 5 5 0.024577398 
298 384 24 26 0.024570595 
989 222 28 23 0.02456389 
489 30 4 3 0.024542758 
777 48 4 4 0.024533909 
864 364 8 10 0.02453297 
368 41 3 5 0.024530785 
902 296 29 33 0.024528712 
795 49 5 4 0.024527663 
373 42 3 4 0.02452757 
797 102 3 3 0.02452698 
64 15 6 5 0.024524754 
757 227 3 4 0.024512723 
822 37 4 4 0.024510534 
852 215 54 44 0.02450258 
122 22 6 5 0.024502246 
99 242 118 87 0.024497082 
387 202 4 4 0.02448888 
577 68 6 5 0.02448711 
845 50 5 4 0.024479767 
500 36 4 4 0.024479017 
165 373 45 45 0.024475796 
933 158 45 48 0.02446662 
406 203 3 3 0.024465749 
393 145 3 4 0.02445665 
528 5 3 3 0.024456087 
293 342 40 42 0.024445573 
466 123 21 23 0.024439862 
992 171 7 5 0.024431512 
663 199 11 8 0.024423363 
115 45 8 7 0.024415161 
194 63 4 4 0.024389597 
379 130 4 5 0.024378723 
423 295 30 27 0.024374 
418 221 3 4 0.02436904 
801 306 5 4 0.02435199 
349 158 4 5 0.024331369 
359 196 4 5 0.024306148 
887 612 52 40 0.024304168 
693 373 28 31 0.024291316 
472 111 9 8 0.024263248 
603 18 5 4 0.02426187 
937 182 4 5 0.024240736 
457 291 59 37 0.024234463 
352 78 5 6 0.02423049 
387 377 11 9 0.024223903 
475 2 6 5 0.024223035 
769 83 4 3 0.024193425 
788 53 5 6 0.02416912 
535 669 67 46 0.024148969 
469 348 11 9 0.024147434 
373 131 4 5 0.024147091 
271 144 4 5 0.024146687 
319 48 9 7 0.02411229 
596 49 5 4 0.024105536 
857 66 6 5 0.024103235 
937 233 49 43 0.02410131 
394 392 11 8 0.024100713 
484 115 11 11 0.024097653 
589 37 5 4 0.024094982 
917 93 5 4 0.024085475 
47 42 4 4 0.02407408 
62 280 107 94 0.02407068 
697 43 5 4 0.024047162 
560 74 4 4 0.024044197 
770 659 55 41 0.024018563 
470 222 3 3 0.024012685 
879 62 5 5 0.024011511 
589 47 6 5 0.024008607 
270 76 6 7 0.023994433 
575 530 56 44 0.02398368 
526 23 4 4 0.02397176 
352 29 5 6 0.023968684 
564 62 4 4 0.023953239 
928 73 5 5 0.023944374 
476 223 3 2 0.02394374 
504 15 6 6 0.023943372 
616 56 5 4 0.023932721 
184 501 56 54 0.023930151 
321 146 4 3 0.023927834 
879 9 5 4 0.023917668 
219 84 6 7 0.023909777 
931 106 4 4 0.023903701 
774 236 99 85 0.02389897 
91 37 4 4 0.023880553 
591 362 5 6 0.023873702 
409 49 5 4 0.02386055 
628 40 7 6 0.02384545 
354 151 3 4 0.023843784 
784 82 4 3 0.023832755 
917 618 51 43 0.02382926 
809 306 4 3 0.023828074 
525 41 5 6 0.02382448 
351 66 5 7 0.023816269 
892 66 5 6 0.023805503 
349 59 44 44 0.023804238 
814 123 6 6 0.023803141 
1004 214 9 8 0.023797404 
70 3 5 4 0.02379496 
97 15 6 5 0.023793228 
200 18 12 10 0.02378098 
648 4 6 5 0.023778379 
841 175 10 9 0.02377241 
942 101 4 3 0.023770986 
169 99 3 4 0.023768952 
116 21 6 6 0.023766495 
153 34 8 7 0.02375497 
9 27 5 6 0.023748346 
879 41 4 5 0.023729727 
335 107 3 4 0.023704344 
783 75 4 3 0.023702731 
213 26 29 35 0.023702402 
501 192 4 3 0.023701519 
391 75 4 5 0.023699466 
417 158 5 4 0.023685643 
831 161 10 8 0.0236843 
554 50 4 4 0.023660302 
476 209 3 3 0.023655748 
611 37 4 4 0.023652611 
131 94 3 4 0.023649681 
833 171 22 21 0.023640854 
108 46 7 7 0.023635218 
128 23 7 6 0.023628073 
692 233 5 4 0.023623401 
66 4 5 4 0.023617573 
849 606 53 45 0.023617255 
775 229 4 4 0.023610704 
707 390 3 5 0.02360651 
634 66 5 5 0.023599183 
367 158 3 4 0.023596251 
583 56 5 4 0.02358267 
384 289 55 45 0.023582023 
440 118 6 7 0.023581391 
913 63 25 21 0.023567129 
797 29 102 88 0.023558194 
565 4 4 4 0.023555394 
408 339 10 8 0.023550415 
380 208 4 5 0.023539837 
228 57 33 29 0.023528572 
346 29 6 6 0.02352112 
110 22 6 5 0.023520764 
868 213 27 23 0.023520468 
431 190 3 4 0.023513515 
270 139 5 4 0.023509365 
22 36 4 4 0.023500947 
378 4 5 5 0.023496868 
355 144 3 5 0.023478488 
156 156 5 6 0.023476673 
469 352 12 11 0.023468316 
966 194 7 8 0.023464898 
469 157 5 5 0.023451924 
424 221 3 4 0.023448747 
210 27 9 9 0.023443481 
757 49 4 3 0.023437826 
1003 207 10 7 0.023435863 
685 11 5 5 0.023425268 
662 63 4 3 0.02341832 
759 184 3 4 0.023415245 
906 1 3 2 0.02341505 
361 61 5 6 0.023414362 
892 4 4 3 0.02340516 
549 367 23 30 0.023399008 
911 41 5 5 0.02339676 
365 99 6 7 0.023391662 
813 42 5 5 0.023382965 
752 208 3 3 0.023370637 
464 324 34 28 0.023365786 
70 59 9 7 0.023353951 
217 48 6 6 0.023353234 
406 209 3 3 0.02334897 
324 350 22 26 0.023344021 
127 54 7 7 0.023333747 
146 371 23 21 0.02332953 
622 55 6 5 0.023328548 
219 81 5 5 0.023326717 
542 337 31 31 0.023326641 
46 646 134 88 0.023320623 
442 131 5 5 0.023317257 
822 54 4 4 0.023316834 
473 50 8 7 0.023311721 
853 341 4 7 0.02331073 
852 319 4 4 0.023308689 
594 364 8 10 0.023302948 
103 123 7 7 0.023293616 
122 11 5 4 0.023263454 
355 626 127 82 0.023255741 
296 359 20 27 0.023234235 
90 16 5 5 0.023227736 
570 68 5 4 0.023214055 
591 367 5 6 0.023207113 
758 301 34 25 0.023203624 
170 20 9 9 0.02319766 
418 98 5 7 0.023194803 
194 54 4 4 0.02319176 
395 184 2 3 0.023190329 
348 79 5 5 0.02318863 
33 551 125 92 0.023186484 
884 61 5 6 0.02318254 
225 49 6 6 0.023179933 
932 188 24 25 0.023177054 
630 602 12 11 0.023170607 
931 101 3 3 0.023141637 
764 75 4 3 0.023135193 
469 196 6 5 0.023134638 
782 341 13 11 0.023115933 
787 106 4 4 0.02309633 
495 36 4 4 0.023092685 
571 60 5 5 0.023079677 
205 29 8 7 0.02307446 
384 100 5 5 0.023058522 
659 200 9 7 0.02305723 
186 68 5 5 0.023048729 
657 8 8 6 0.023047915 
641 5 6 5 0.023047125 
801 41 6 5 0.023039853 
630 48 6 4 0.02303267 
448 31 25 22 0.023029525 
353 43 4 4 0.023029344 
968 175 7 7 0.023028212 
333 60 5 5 0.023023436 
622 48 5 5 0.023022428 
684 200 12 9 0.023007957 
999 170 6 5 0.023004256 
354 48 3 4 0.023000842 
777 55 4 4 0.022999711 
562 242 6 4 0.022982916 
424 215 3 4 0.02297905 
768 623 56 46 0.022969745 
776 83 4 3 0.02295703 
370 200 5 7 0.022955611 
649 73 4 4 0.02294777 
448 166 8 8 0.02294175 
590 55 5 4 0.022940163 
454 130 7 6 0.022932902 
373 139 3 4 0.022925418 
44 9 23 18 0.022923833 
105 54 5 5 0.022920286 
732 197 5 5 0.022918576 
342 106 4 4 0.022916676 
782 48 6 5 0.02291227 
651 230 29 24 0.022906153 
534 23 4 4 0.022902375 
855 330 25 35 0.022899413 
770 62 5 4 0.022895744 
443 203 5 4 0.022876363 
653 200 7 6 0.022875054 
308 95 4 4 0.02287276 
443 155 12 11 0.0228708 
739 221 4 4 0.022870433 
369 57 6 8 0.022869445 
514 17 4 5 0.02286919 
109 42 7 6 0.022860404 
897 10 4 4 0.022848826 
961 195 6 7 0.022839742 
76 55 6 5 0.022834215 
782 238 5 6 0.022833262 
585 38 4 3 0.022829853 
716 303 7 7 0.02282796 
398 327 28 21 0.022821847 
386 112 5 6 0.022815006 
413 336 10 7 0.02280471 
393 178 3 3 0.022801446 
508 227 4 4 0.022800284 
406 330 10 7 0.022799376 
470 203 4 4 0.022793995 
758 196 3 4 0.02277887 
45 53 6 6 0.022770505 
917 74 5 4 0.022766374 
810 130 27 22 0.022756208 
322 113 4 4 0.022755574 
786 235 24 29 0.02275534 
871 7 25 24 0.022753064 
822 94 4 4 0.022725377 
298 207 7 6 0.022722678 
897 54 4 5 0.022719886 
254 141 112 105 0.02270786 
865 86 5 5 0.022692088 
925 438 54 48 0.022691444 
453 130 22 22 0.022687146 
355 158 3 5 0.02268266 
783 216 5 4 0.022678435 
462 348 7 6 0.02266986 
209 41 8 8 0.022651462 
777 401 50 48 0.022619447 
933 231 8 8 0.022619061 
203 52 51 57 0.02260681 
151 25 9 9 0.022603208 
527 255 4 4 0.022600979 
361 93 4 5 0.02258356 
579 234 4 5 0.022562739 
559 225 48 47 0.0225587 
1003 131 30 26 0.022534834 
536 530 63 49 0.022528846 
732 37 4 3 0.022514034 
623 166 243 153 0.022508122 
605 106 42 25 0.02248498 
583 61 5 4 0.022479393 
922 111 5 5 0.02247694 
262 78 6 6 0.02246769 
347 180 6 7 0.022464933 
822 100 4 4 0.022463122 
604 56 5 3 0.02246028 
424 150 4 4 0.022443313 
373 120 4 4 0.022440488 
795 311 6 5 0.022437545 
361 163 3 5 0.022433106 
924 93 3 4 0.022428228 
984 185 10 9 0.02241379 
942 106 4 4 0.022398176 
429 61 5 5 0.022388805 
973 163 24 21 0.022379762 
51 70 8 9 0.022373503 
443 209 4 4 0.022372127 
-135 264 554 379 0.02237206 
652 221 8 7 0.02236562 
836 161 8 7 0.02236262 
454 160 28 31 0.02234856 
651 207 9 7 0.02234634 
967 221 14 14 0.022343434 
515 5 4 4 0.022336092 
794 35 7 6 0.022331141 
335 4 4 3 0.022324134 
761 395 112 98 0.022316618 
463 99 6 7 0.022310054 
614 198 42 39 0.022305291 
66 0 4 3 0.022302557 
445 97 24 24 0.022277508 
429 91 5 7 0.022267874 
607 540 9 8 0.022250129 
621 35 6 5 0.022248916 
678 28 8 6 0.02224857 
565 381 5 6 0.022247333 
264 95 4 4 0.022246303 
7 40 5 5 0.022245722 
457 111 50 50 0.022233117 
504 20 7 7 0.022228884 
188 48 5 6 0.022228438 
0 107 8 12 0.022227947 
28 59 5 7 0.022220263 
271 61 4 4 0.022212619 
111 15 5 6 0.02220664 
917 54 4 5 0.022198003 
481 47 7 6 0.022187507 
796 29 5 5 0.022187363 
364 71 8 9 0.022178838 
481 79 6 6 0.022175195 
373 190 2 4 0.022163784 
464 115 97 79 0.02215001 
398 46 47 49 0.022139154 
777 44 4 4 0.022133356 
911 17 4 4 0.022125417 
899 72 4 5 0.022113774 
250 101 6 5 0.022100013 
156 130 4 6 0.022089886 
419 178 4 4 0.022073267 
619 8 45 37 0.022066154 
815 102 4 3 0.02205762 
218 73 5 6 0.022056684 
495 42 4 5 0.022053152 
595 43 5 4 0.022049928 
329 108 4 3 0.022047734 
70 30 5 5 0.022038862 
806 48 5 5 0.022034576 
615 596 13 11 0.022023503 
972 174 6 6 0.022021417 
952 205 8 9 0.022010535 
645 213 9 7 0.02200021 
327 42 6 5 0.021999398 
143 15 93 92 0.02199787 
685 34 8 5 0.021994356 
381 158 3 4 0.021987595 
361 49 3 4 0.021979917 
811 219 9 7 0.021975305 
796 61 5 5 0.02197103 
417 258 31 20 0.021961628 
170 126 4 6 0.02196028 
834 63 4 4 0.021960208 
771 50 4 3 0.021959424 
44 10 6 4 0.021956025 
795 226 24 28 0.021955734 
187 9 7 7 0.02195525 
500 42 4 5 0.02192906 
667 29 5 4 0.021921752 
948 134 27 27 0.021910936 
97 54 5 4 0.021907061 
492 71 7 7 0.021906141 
117 33 6 6 0.021900248 
883 35 6 5 0.021889986 
801 53 5 5 0.021883247 
57 58 9 7 0.021880968 
835 322 5 5 0.021880787 
941 113 4 5 0.021871084 
519 512 124 85 0.021856844 
604 43 5 4 0.021853935 
566 67 4 4 0.021850813 
628 569 55 42 0.021848867 
546 36 4 4 0.021846257 
473 168 5 7 0.021840626 
668 49 5 3 0.021838436 
129 105 5 5 0.02183099 
78 29 5 5 0.02181961 
175 111 4 6 0.021815028 
450 196 4 4 0.021799028 
483 0 4 3 0.021797031 
845 341 6 7 0.021783656 
379 75 5 5 0.02176735 
316 145 4 3 0.02176235 
436 72 46 49 0.021758018 
283 138 3 3 0.021757238 
448 338 27 24 0.021756385 
768 350 117 92 0.021755645 
517 417 53 46 0.021750001 
190 10 13 12 0.021743516 
731 43 5 4 0.021742208 
805 9 6 5 0.021740247 
942 94 4 3 0.021736518 
400 82 21 24 0.02173195 
406 185 3 3 0.021729052 
128 318 25 24 0.021725722 
353 55 5 5 0.021710793 
687 190 105 95 0.021695042 
704 81 5 5 0.021693097 
200 1 13 9 0.021679603 
368 138 3 4 0.021674324 
495 96 23 25 0.021667127 
826 257 31 25 0.021643808 
928 36 7 5 0.021642378 
777 222 3 3 0.021641195 
799 327 9 8 0.021630717 
364 65 7 7 0.021627825 
385 48 5 5 0.02161433 
154 98 5 6 0.021608427 
786 316 8 6 0.021606699 
805 656 7 6 0.021598453 
342 628 66 53 0.021595385 
371 402 35 24 0.021591006 
814 107 4 3 0.021590145 
374 126 3 3 0.021584114 
334 182 4 5 0.021583455 
129 99 4 5 0.02157015 
522 348 29 30 0.021560663 
176 108 3 4 0.02155289 
143 45 10 9 0.021552177 
495 233 4 5 0.0215334 
898 0 4 3 0.021533133 
859 327 5 7 0.02152601 
633 30 8 6 0.021525314 
392 157 4 5 0.021522481 
669 44 4 3 0.021515094 
166 46 7 7 0.02151505 
580 342 27 35 0.021501068 
657 196 26 21 0.021497764 
479 72 7 6 0.021493515 
431 196 3 3 0.021489568 
853 349 4 6 0.021489331 
21 14 5 7 0.021478932 
433 221 3 4 0.021478374 
208 76 25 25 0.02147818 
248 284 48 50 0.021465527 
424 170 4 4 0.021461422 
715 309 9 9 0.02143344 
15 131 104 85 0.02143178 
796 255 26 26 0.02142977 
413 668 59 42 0.02142431 
543 194 8 7 0.021423727 
896 101 5 4 0.021423161 
935 101 4 3 0.02142268 
758 609 9 8 0.021420067 
470 229 3 3 0.021420022 
302 501 131 96 0.021416584 
802 112 4 4 0.02138693 
671 240 7 6 0.021382898 
177 628 122 91 0.02137995 
609 61 5 4 0.021379825 
980 162 7 6 0.021378402 
566 400 4 5 0.021371908 
482 86 7 7 0.021365955 
35 66 8 7 0.021362815 
898 4 3 4 0.02136178 
678 35 8 5 0.02135758 
777 75 4 3 0.021352144 
545 200 6 6 0.021339562 
789 113 4 5 0.02133727 
71 16 6 5 0.021336643 
859 348 5 7 0.021333644 
361 100 5 5 0.021319875 
399 80 4 5 0.021302823 
444 215 4 4 0.021299765 
7 47 7 8 0.021292843 
71 22 5 4 0.021287462 
809 136 10 8 0.021280091 
51 41 21 17 0.021277726 
585 566 121 85 0.021275707 
165 89 22 23 0.021274133 
805 28 6 6 0.021265123 
872 224 14 10 0.021258347 
391 350 24 26 0.021254774 
827 312 3 3 0.021249615 
207 62 4 3 0.021244008 
827 298 4 4 0.021242484 
425 196 3 3 0.021242425 
124 82 3 4 0.02124045 
604 37 5 3 0.021231897 
88 124 9 8 0.021223383 
379 36 3 4 0.021221178 
247 53 9 7 0.021220664 
385 158 4 5 0.021219863 
879 0 4 3 0.021206636 
666 16 7 5 0.021205595 
813 16 5 5 0.021200566 
949 63 3 3 0.021198452 
719 94 4 4 0.021185108 
487 41 5 5 0.021179434 
325 273 75 76 0.021175293 
372 144 4 5 0.021174513 
648 0 5 3 0.021169387 
186 94 127 115 0.02116873 
949 118 4 5 0.021162704 
636 6 5 4 0.021160653 
923 54 6 5 0.021158312 
388 391 12 9 0.021155376 
805 209 94 72 0.021149961 
962 503 116 101 0.021146357 
141 112 4 5 0.021140916 
91 385 46 43 0.021132223 
758 178 4 4 0.021131838 
204 34 8 7 0.021130074 
386 105 4 6 0.021122193 
177 59 25 29 0.021114325 
418 171 4 4 0.02111255 
21 41 4 5 0.021101216 
723 532 48 39 0.021086771 
654 197 6 4 0.02108547 
690 16 6 5 0.021081509 
959 186 21 23 0.021080915 
547 632 70 49 0.021067291 
693 75 4 3 0.021059705 
677 17 23 18 0.021056937 
368 131 3 5 0.021052212 
863 346 7 10 0.021050649 
960 243 15 11 0.021026792 
127 46 7 7 0.021024546 
559 387 3 5 0.021018928 
772 321 9 7 0.021001386 
174 98 5 5 0.020997265 
380 139 3 3 0.020988613 
461 91 24 24 0.020982403 
700 390 4 4 0.020974373 
436 221 4 4 0.020972354 
690 23 6 5 0.020967955 
691 243 6 4 0.020967286 
206 42 26 29 0.020962078 
484 121 10 10 0.020958902 
534 0 4 3 0.020947313 
372 49 4 5 0.020945521 
908 364 25 29 0.020937335 
798 226 9 11 0.020920835 
232 54 6 5 0.020907464 
102 61 8 6 0.020905448 
322 139 4 3 0.020902345 
879 54 4 5 0.020899627 
480 14 6 6 0.020898877 
363 150 3 4 0.020895265 
642 217 27 23 0.020894837 
31 204 111 89 0.020881243 
788 215 5 5 0.02087597 
411 144 5 5 0.020867836 
508 359 55 46 0.020863881 
488 229 3 3 0.02086371 
757 235 4 4 0.02086361 
862 328 8 14 0.020855987 
431 129 85 93 0.02085329 
429 65 5 6 0.020850329 
487 49 5 5 0.020843191 
627 56 5 4 0.02084149 
441 124 5 6 0.020824434 
392 132 4 4 0.020824317 
198 -9 36 27 0.020815033 
347 150 4 4 0.020813642 
315 208 6 5 0.020809999 
851 183 6 5 0.020803908 
1 6 6 11 0.020802597 
786 172 55 45 0.020801516 
452 146 24 25 0.02078505 
478 47 44 42 0.020778017 
348 5 3 4 0.020776153 
714 624 61 43 0.020773409 
379 106 4 5 0.020769954 
962 206 13 13 0.02076538 
979 228 14 14 0.020763135 
151 106 3 4 0.020759964 
123 86 4 5 0.020755861 
885 267 33 28 0.020745195 
826 323 5 5 0.020742435 
854 67 5 4 0.020741811 
425 183 3 3 0.020740801 
135 361 16 13 0.020740107 
463 104 6 7 0.020739658 
770 221 3 4 0.020735204 
40 42 5 4 0.02071528 
923 175 86 79 0.020713065 
834 113 6 5 0.020712407 
686 229 5 4 0.020705957 
353 35 4 4 0.020704405 
949 68 3 4 0.020702979 
826 137 7 6 0.02069886 
743 233 5 6 0.020697756 
132 333 10 10 0.02069675 
241 39 10 9 0.020687865 
930 136 5 6 0.020675242 
557 362 5 6 0.020671558 
179 28 21 21 0.020665213 
812 21 6 6 0.020662298 
137 138 48 52 0.020661468 
190 17 12 11 0.020654362 
386 11 4 3 0.020650273 
553 11 121 96 0.020645352 
590 67 5 4 0.020633372 
764 228 3 4 0.020632593 
263 75 6 5 0.020614596 
596 62 5 4 0.020610163 
128 26 7 8 0.020583749 
751 197 4 4 0.020582356 
667 36 4 3 0.020582007 
674 48 6 4 0.020580448 
482 191 3 4 0.02057474 
778 321 30 25 0.020572303 
88 112 7 7 0.020566272 
720 572 52 42 0.0205612 
346 145 4 5 0.020559845 
935 237 7 8 0.020555811 
350 60 6 6 0.02055443 
399 185 2 3 0.020553643 
705 583 15 13 0.020544019 
655 532 51 42 0.02053706 
171 59 8 7 0.020521702 
585 392 4 6 0.020515496 
468 167 8 9 0.02051389 
341 381 27 25 0.020509351 
603 48 5 4 0.020507991 
394 397 11 8 0.020507472 
540 0 3 3 0.020506373 
942 63 4 4 0.020498706 
696 581 10 9 0.020494277 
379 145 3 4 0.020484908 
737 34 6 4 0.02048215 
361 201 3 5 0.020478033 
363 387 29 25 0.020474372 
892 48 4 5 0.020470543 
327 402 7 10 0.020469654 
787 101 5 4 0.020467704 
910 73 5 5 0.02045997 
606 352 29 36 0.020457372 
700 81 5 4 0.020439738 
44 4 6 4 0.020436903 
568 105 8 7 0.020436177 
907 122 7 7 0.020420006 
631 34 9 7 0.020405779 
437 118 5 6 0.020403577 
61 339 43 36 0.020400757 
385 125 4 5 0.020400705 
380 42 3 4 0.020396994 
387 42 3 4 0.0203903 
424 191 3 3 0.020381583 
117 58 8 9 0.020375049 
97 401 15 15 0.020361904 
527 29 4 4 0.020361086 
776 240 4 4 0.020356255 
97 61 5 5 0.02035104 
167 40 6 7 0.020350598 
438 191 4 3 0.020349141 
379 113 4 5 0.020323517 
578 60 5 4 0.020321472 
789 42 5 4 0.020319737 
367 85 6 7 0.020316156 
904 47 5 5 0.020311562 
485 369 34 31 0.020310258 
341 4 4 4 0.020305319 
354 94 3 4 0.020300552 
651 213 9 7 0.020290213 
912 11 4 3 0.020285968 
476 235 4 3 0.020282408 
197 28 9 8 0.020281505 
626 597 58 47 0.020280976 
918 106 4 4 0.020280853 
764 82 4 4 0.020280525 
535 176 95 82 0.020275906 
792 226 8 9 0.020273639 
331 403 9 10 0.020273406 
665 2 24 18 0.020268966 
839 230 25 24 0.020261694 
147 22 8 7 0.0202568 
320 15 6 5 0.020254973 
327 68 6 5 0.020254547 
807 119 4 5 0.020231191 
488 8 22 20 0.020230519 
788 427 46 45 0.020224031 
474 157 5 6 0.020220343 
342 114 3 4 0.020213377 
756 45 4 3 0.020212406 
255 55 6 5 0.020206438 
691 43 6 4 0.020200562 
513 33 6 6 0.02019626 
423 144 4 5 0.020193145 
352 99 5 5 0.020187944 
650 6 10 8 0.020185888 
386 87 4 5 0.020180956 
78 0 5 3 0.020172384 
178 48 6 6 0.020172263 
192 132 5 5 0.020171598 
131 325 12 11 0.020163475 
725 357 49 52 0.020160984 
346 48 5 4 0.020147448 
222 423 10 9 0.020136977 
589 197 42 42 0.020133434 
449 47 7 6 0.020128593 
871 84 6 6 0.020108672 
615 41 5 5 0.020104798 
367 163 3 5 0.020089617 
763 194 4 6 0.020089077 
819 110 50 41 0.020085279 
482 234 4 4 0.020084713 
480 170 5 5 0.020073315 
400 374 12 9 0.02006737 
711 35 4 5 0.020060223 
914 309 10 10 0.020057602 
435 280 28 26 0.020040177 
770 211 3 4 0.020039221 
322 42 6 5 0.020037321 
201 191 42 35 0.020032857 
514 191 4 4 0.02003189 
717 104 6 5 0.020025631 
667 0 5 3 0.02002389 
873 22 4 4 0.020017998 
474 98 8 7 0.020005899 
