5_Car_Accident_Accident_5_474
559
241 120 20 25 0.9981183 
800 141 20 25 0.98789585 
553 137 17 21 0.97726667 
590 151 17 24 0.948764 
348 143 16 19 0.89570683 
609 150 15 20 0.85951716 
621 140 20 25 0.6752206 
623 128 15 16 0.56077605 
353 19 13 13 0.30478796 
305 150 12 14 0.27918178 
706 128 23 23 0.26748982 
104 615 18 28 0.25108823 
143 108 11 11 0.21540895 
173 99 17 14 0.20749831 
336 28 25 24 0.20700498 
125 108 7 8 0.2065947 
407 119 7 12 0.19243124 
540 164 14 19 0.18023223 
837 144 14 18 0.17584844 
628 133 22 25 0.1733065 
106 287 25 25 0.16890962 
500 127 19 24 0.1643961 
298 145 13 12 0.15602611 
901 276 12 14 0.15529282 
616 265 11 12 0.15487422 
145 102 9 9 0.13498624 
455 80 16 15 0.13445325 
696 132 21 24 0.13094214 
694 142 13 18 0.12969999 
508 127 10 13 0.12575838 
353 11 14 13 0.124488436 
460 81 25 21 0.11872037 
81 317 30 29 0.11641865 
503 121 10 8 0.10964425 
107 440 16 13 0.1080755 
437 541 4 4 0.1071283 
795 93 38 50 0.10695888 
387 669 15 14 0.09373531 
837 251 19 22 0.09215482 
135 116 14 15 0.091411315 
768 242 13 16 0.08829085 
158 103 8 7 0.08737764 
962 187 6 7 0.086947165 
431 542 4 3 0.08478009 
309 141 9 10 0.07980118 
172 114 26 23 0.07679173 
169 96 15 12 0.075115725 
110 263 25 27 0.0748551 
421 118 13 16 0.0732903 
156 110 10 10 0.07280265 
533 281 23 23 0.072431155 
780 284 21 30 0.071028695 
84 176 15 17 0.06963273 
189 99 8 7 0.06944576 
86 160 10 10 0.06829045 
978 0 19 10 0.06619629 
813 257 20 23 0.06610396 
117 127 14 16 0.06554167 
282 142 10 9 0.06524028 
100 117 7 8 0.061962266 
701 127 15 14 0.06074834 
537 281 11 10 0.060009185 
459 284 17 15 0.05888214 
583 138 16 14 0.057513177 
502 142 12 17 0.056621373 
190 102 8 8 0.056479637 
147 99 6 7 0.05591366 
161 128 13 12 0.055216525 
854 236 10 14 0.054341782 
153 102 7 7 0.054180156 
439 538 2 2 0.053986683 
425 542 4 3 0.053464077 
97 458 14 14 0.05330537 
909 50 9 14 0.053217463 
829 294 29 34 0.053216096 
145 452 12 11 0.05255925 
766 260 14 18 0.05209125 
903 242 12 15 0.051488984 
653 335 5 6 0.051110018 
86 345 27 35 0.050299603 
639 131 13 16 0.049016934 
568 545 6 6 0.048479866 
859 329 7 8 0.047762632 
718 137 13 18 0.047503456 
289 169 23 25 0.04707657 
56 168 8 10 0.046981163 
461 77 16 13 0.046541095 
419 543 3 3 0.04640941 
432 538 3 2 0.046208043 
453 71 13 12 0.045970067 
10 604 68 61 0.045696225 
196 103 7 8 0.045619313 
580 143 21 23 0.04440827 
329 650 29 26 0.043975286 
58 125 8 8 0.04368891 
962 182 4 5 0.042668194 
962 177 3 4 0.042316105 
339 146 11 13 0.04226932 
99 623 40 45 0.04218276 
832 234 8 11 0.041821472 
423 547 5 4 0.041734576 
182 97 12 9 0.0416931 
771 146 12 14 0.041435976 
959 627 44 44 0.04140434 
706 327 6 9 0.041308038 
402 145 11 14 0.041023117 
829 149 13 17 0.040915813 
321 342 21 25 0.040823687 
124 448 10 9 0.04073373 
329 73 23 23 0.040513743 
203 108 7 8 0.040227752 
425 515 4 4 0.040199067 
988 287 16 11 0.04015686 
791 469 44 46 0.03988915 
800 71 28 35 0.03977544 
85 165 13 13 0.039772272 
664 270 6 8 0.03973341 
510 386 8 9 0.039726034 
425 537 3 3 0.039645795 
940 4 17 13 0.03948857 
593 223 22 26 0.038961906 
967 182 5 5 0.038926296 
819 439 55 43 0.03859478 
0 437 26 31 0.038582675 
695 339 10 9 0.038252376 
596 272 13 15 0.03822339 
66 172 15 14 0.038078748 
133 455 10 10 0.03786808 
988 282 14 9 0.037612285 
435 545 6 6 0.037268486 
833 432 30 21 0.036405947 
480 18 16 14 0.036354363 
341 24 16 15 0.036123738 
841 525 125 103 0.036035217 
715 198 10 11 0.035954833 
171 92 12 9 0.03591354 
824 313 6 10 0.0358459 
122 270 12 15 0.035636313 
488 321 12 10 0.035266448 
996 658 23 28 0.035225052 
799 418 27 29 0.0351914 
69 161 10 9 0.03516621 
949 282 12 8 0.03507709 
620 256 8 9 0.035000086 
844 144 15 14 0.034788143 
165 101 11 9 0.034761813 
990 277 10 8 0.034583338 
806 281 85 88 0.034559228 
350 135 11 12 0.034497198 
890 557 118 98 0.03441672 
106 288 12 12 0.034300048 
956 176 4 5 0.034273237 
322 198 23 24 0.034221597 
13 307 18 16 0.0340708 
634 289 5 7 0.034054022 
664 204 9 9 0.033836924 
475 151 21 27 0.033739794 
831 467 57 47 0.0336624 
824 318 7 10 0.033585142 
855 340 12 14 0.0335287 
689 363 29 26 0.03349207 
852 302 6 7 0.033240102 
432 547 4 4 0.033196032 
375 144 10 14 0.033142984 
135 534 121 100 0.033021316 
844 491 54 49 0.033014406 
857 319 8 8 0.032962084 
418 547 4 4 0.032905117 
860 332 8 9 0.032644995 
505 112 6 6 0.032417852 
265 293 10 12 0.032394856 
751 518 132 102 0.032384504 
77 508 24 25 0.03218504 
845 289 25 30 0.03210435 
-5 412 82 114 0.03203043 
171 105 14 12 0.032021478 
144 99 5 5 0.031877164 
564 140 11 15 0.031599052 
764 189 12 13 0.031421944 
419 537 3 3 0.03136026 
353 384 13 11 0.031341102 
138 443 12 9 0.031267 
101 287 10 10 0.031233463 
832 163 26 34 0.031215895 
211 118 6 7 0.03119943 
153 100 6 5 0.031173987 
535 267 11 13 0.031139271 
775 422 53 45 0.031113803 
827 312 25 27 0.030926688 
832 327 7 8 0.030865505 
954 182 5 5 0.030785235 
506 385 7 8 0.030682178 
990 0 16 9 0.03064941 
30 271 22 23 0.030625988 
615 235 13 18 0.030584518 
379 166 13 15 0.030542461 
463 446 57 41 0.030510861 
772 267 39 41 0.030462977 
155 123 25 22 0.030291542 
390 336 26 22 0.030282997 
577 545 5 6 0.030114396 
86 499 28 24 0.030060306 
422 553 7 6 0.03002273 
152 121 10 10 0.030000573 
213 478 49 44 0.02997732 
600 371 11 11 0.02995645 
413 542 3 3 0.029906122 
425 521 4 4 0.02988901 
832 321 8 9 0.029843437 
729 200 8 8 0.02984323 
14 253 42 49 0.029826157 
961 283 15 10 0.029706072 
469 402 12 9 0.029704878 
125 111 10 12 0.029670866 
332 33 14 17 0.029617744 
884 620 107 76 0.029563028 
705 322 5 6 0.029554678 
968 300 13 13 0.029533835 
961 143 4 6 0.029515276 
593 16 26 24 0.029448073 
221 127 8 8 0.02944693 
71 238 5 6 0.029418815 
161 99 6 6 0.029336853 
864 222 6 10 0.029194234 
71 533 7 7 0.029189613 
804 137 10 12 0.029187704 
524 252 9 14 0.029019382 
57 514 44 51 0.028939819 
291 269 27 22 0.028927058 
858 513 60 52 0.028922822 
294 158 23 23 0.028908862 
564 264 15 12 0.028779203 
864 230 8 12 0.028765429 
510 136 10 15 0.028693931 
701 387 23 26 0.028508777 
499 116 9 8 0.028459841 
1008 83 14 13 0.028434098 
66 622 48 58 0.02830568 
988 260 3 5 0.028202241 
50 172 11 12 0.028186537 
1008 282 14 8 0.028157633 
75 530 10 10 0.028152734 
960 3 18 12 0.028068382 
498 127 12 14 0.027998975 
490 135 23 27 0.027981933 
718 194 24 24 0.027948141 
527 270 23 24 0.027885724 
77 576 13 12 0.027872253 
123 105 6 6 0.027703658 
964 192 7 9 0.02769158 
341 5 24 25 0.027651358 
451 148 17 26 0.027651291 
649 260 9 10 0.027352756 
466 263 10 9 0.02735082 
474 92 14 14 0.027348697 
403 124 8 13 0.027322693 
642 217 18 28 0.027149716 
776 165 11 13 0.027139908 
661 220 10 13 0.027139334 
915 213 5 8 0.027087806 
142 117 13 14 0.026991162 
766 442 46 42 0.02693667 
287 584 116 106 0.026905539 
68 167 11 11 0.026803343 
360 19 12 12 0.026802208 
482 114 38 42 0.026723007 
401 132 9 14 0.026695354 
429 551 7 7 0.026683662 
48 148 43 44 0.026653515 
821 333 9 11 0.026585653 
799 106 12 15 0.02656598 
823 298 8 12 0.02653359 
630 259 11 11 0.02644232 
874 56 11 12 0.026355831 
850 309 6 7 0.026294876 
211 554 109 81 0.026294233 
500 111 6 7 0.026253877 
600 282 10 13 0.026178984 
570 544 5 3 0.026174186 
411 474 117 76 0.02617375 
70 538 7 7 0.026146425 
94 393 219 194 0.026127685 
954 186 5 7 0.026097253 
36 173 11 11 0.026063554 
593 304 13 15 0.02597219 
450 0 23 22 0.025797099 
984 265 6 6 0.025755282 
817 331 19 23 0.025687968 
212 225 31 27 0.025683144 
634 302 5 9 0.025666194 
606 330 9 15 0.02559448 
418 515 4 3 0.0255739 
405 150 11 14 0.025568612 
545 228 21 26 0.02547908 
305 379 12 9 0.025466803 
812 52 18 16 0.025409449 
171 299 22 26 0.025406048 
419 554 5 5 0.025381176 
302 230 23 26 0.025300547 
152 127 12 13 0.025250206 
119 638 64 52 0.025219584 
902 646 57 41 0.025219468 
639 143 13 16 0.025201548 
876 257 21 24 0.025169738 
507 116 9 9 0.025166668 
297 404 124 83 0.025140425 
546 158 11 15 0.025070224 
968 178 4 4 0.02503448 
843 333 8 8 0.024926597 
837 326 9 10 0.024823554 
611 369 11 10 0.024765665 
1011 254 9 10 0.024763009 
167 259 23 22 0.024747225 
878 54 18 25 0.024730105 
131 148 10 11 0.024657505 
960 199 6 8 0.02463823 
841 316 25 27 0.024605894 
804 118 10 13 0.024594039 
263 202 19 22 0.024576927 
634 365 8 11 0.02456423 
168 183 41 47 0.024521662 
886 526 57 52 0.024481785 
586 378 8 9 0.024471367 
40 285 16 16 0.024421373 
580 159 20 24 0.02441183 
113 630 11 16 0.02434643 
0 318 10 18 0.024314048 
210 232 43 42 0.024313338 
334 646 15 14 0.024294911 
73 178 24 25 0.024256159 
229 343 9 10 0.02424153 
37 494 46 57 0.024212748 
842 318 9 11 0.024206419 
491 440 13 10 0.024199594 
19 534 49 49 0.024174461 
461 140 45 50 0.024145918 
994 223 24 25 0.024144242 
956 143 4 5 0.024095612 
949 176 4 5 0.024085186 
415 121 9 12 0.024064535 
652 272 9 12 0.024057684 
229 549 11 11 0.024042005 
474 45 24 25 0.024030661 
28 176 12 12 0.02398916 
766 289 42 47 0.023957107 
397 145 9 13 0.023934092 
293 354 30 25 0.0239223 
823 260 19 22 0.023896948 
196 440 55 46 0.023864146 
753 411 52 46 0.023848625 
51 306 70 83 0.02384818 
8 591 30 36 0.02382772 
236 531 8 8 0.023823738 
170 649 51 40 0.023778679 
530 288 10 10 0.023750758 
411 536 4 3 0.023749769 
762 315 53 49 0.023718726 
707 180 26 27 0.023710888 
355 498 62 46 0.023695515 
428 113 22 24 0.02365187 
767 273 22 31 0.023644933 
850 314 7 9 0.023631373 
656 362 12 9 0.023612702 
950 182 4 6 0.023612617 
108 96 44 44 0.023607394 
1004 257 9 8 0.023591034 
975 305 10 12 0.023585081 
910 330 5 6 0.023547161 
908 321 7 8 0.023466285 
961 191 6 9 0.023419673 
126 454 11 10 0.023398058 
110 302 16 16 0.02336204 
698 159 21 24 0.02336131 
925 264 7 7 0.023342267 
482 36 26 27 0.023337267 
638 258 11 13 0.023303319 
168 582 58 45 0.023292406 
479 424 10 8 0.023272213 
396 338 8 7 0.023256015 
71 527 7 8 0.023183154 
559 484 13 9 0.023165988 
196 100 7 6 0.023133032 
145 108 19 18 0.023094933 
340 136 34 35 0.02304219 
468 19 24 22 0.023027932 
758 255 33 36 0.023011876 
76 550 9 8 0.022976687 
423 0 20 22 0.022972703 
818 295 21 31 0.022949245 
498 253 82 79 0.022939347 
81 506 9 10 0.022929383 
229 229 28 26 0.022890085 
908 333 6 8 0.022872375 
899 162 11 14 0.022770464 
441 541 5 4 0.022718098 
737 328 51 43 0.02270495 
694 369 15 12 0.022666257 
856 280 11 12 0.022663422 
1002 277 11 8 0.0226449 
557 272 7 7 0.02263275 
113 280 13 14 0.022631535 
733 357 102 67 0.022616696 
422 540 24 23 0.022600647 
836 263 13 15 0.022589462 
488 384 24 21 0.02255688 
922 175 4 6 0.0225313 
464 71 43 42 0.022528984 
503 192 27 26 0.022514468 
299 137 10 9 0.022504408 
505 341 25 24 0.022500724 
338 616 5 7 0.022484014 
48 162 22 24 0.022473672 
189 106 10 11 0.022422228 
243 492 23 30 0.022415033 
504 314 10 9 0.022409987 
558 546 6 6 0.02240961 
998 258 7 6 0.022403166 
937 584 113 102 0.022345759 
71 177 15 15 0.02234385 
327 356 12 12 0.02232151 
157 443 12 13 0.022310691 
181 106 13 12 0.022301028 
702 168 23 25 0.022272913 
844 326 8 10 0.022260511 
792 454 28 37 0.022215301 
694 343 13 11 0.022181693 
549 276 9 9 0.0221796 
615 520 7 7 0.02216817 
72 234 4 5 0.022156818 
507 4 14 14 0.022156762 
255 463 7 8 0.022154408 
273 253 9 12 0.02215068 
556 487 8 7 0.022144193 
845 309 7 8 0.022131156 
80 529 12 12 0.022127893 
133 447 11 10 0.022109723 
24 459 8 11 0.022064611 
117 442 11 9 0.022034358 
69 156 22 22 0.022031028 
513 36 15 14 0.021982038 
809 489 53 50 0.021981927 
347 171 20 22 0.021973532 
193 442 16 11 0.021969207 
227 459 127 91 0.021967523 
653 361 8 7 0.0219476 
787 395 60 41 0.021931734 
132 104 20 23 0.02193081 
514 128 20 23 0.021924019 
24 467 7 10 0.021921944 
824 416 54 39 0.021885669 
557 483 7 5 0.02187107 
463 390 10 8 0.021866005 
978 279 43 38 0.021847667 
836 435 15 11 0.021842435 
272 232 11 14 0.021807747 
874 268 10 12 0.02180402 
0 342 11 23 0.021789778 
773 428 92 80 0.021773513 
800 282 7 11 0.021750186 
310 235 12 14 0.02172181 
418 128 14 17 0.021712698 
650 358 26 22 0.021701043 
451 390 536 339 0.021668596 
969 271 11 8 0.021637632 
560 224 11 12 0.021631757 
122 293 15 17 0.021614587 
85 248 4 4 0.02160123 
521 242 21 29 0.021576814 
538 262 22 25 0.021567356 
826 328 7 9 0.021550287 
436 193 51 48 0.021549998 
744 348 15 14 0.021541009 
140 306 24 27 0.021534218 
244 265 5 7 0.021523101 
62 359 50 59 0.021482412 
266 545 31 28 0.021472782 
215 148 9 12 0.021467831 
680 179 15 17 0.021440424 
241 537 12 12 0.021424191 
429 515 5 4 0.021424007 
392 338 6 5 0.021422822 
306 373 12 8 0.021377394 
899 262 22 26 0.02136111 
855 297 10 12 0.02135806 
967 289 26 22 0.021304544 
38 532 23 29 0.021283079 
274 0 19 21 0.021279642 
956 254 4 4 0.021261627 
332 480 62 40 0.021245018 
345 665 13 12 0.021244496 
90 583 89 92 0.02123383 
155 138 23 24 0.021225207 
425 512 3 3 0.021224389 
673 204 23 24 0.021221347 
25 283 27 23 0.021218581 
570 140 20 23 0.021202685 
76 538 9 9 0.021195544 
531 276 11 11 0.021192975 
211 469 24 24 0.021135787 
377 154 17 21 0.021134127 
397 388 26 19 0.021118851 
301 172 15 15 0.021061456 
563 214 25 27 0.021055482 
439 368 101 78 0.021022465 
427 602 16 10 0.021017507 
819 319 7 9 0.020999664 
-9 624 83 100 0.020983418 
962 275 14 9 0.020953165 
237 528 6 7 0.020940542 
691 335 9 8 0.020918597 
82 515 12 13 0.020851968 
83 164 40 38 0.020850195 
565 543 5 4 0.02084853 
819 328 8 9 0.0207914 
891 244 19 25 0.020744503 
497 327 9 10 0.020729689 
507 11 15 14 0.020720499 
398 340 11 9 0.02069386 
462 23 13 13 0.020684967 
17 171 12 13 0.020666324 
545 283 12 12 0.02063228 
479 62 72 93 0.020606015 
150 415 105 106 0.020600917 
104 451 15 13 0.020593746 
656 39 12 11 0.020593172 
44 267 24 23 0.020577032 
798 291 9 15 0.020576775 
853 44 39 39 0.02056794 
7 303 41 55 0.02054392 
41 271 14 13 0.020540094 
22 206 20 25 0.020538542 
358 5 14 13 0.020511448 
263 226 21 24 0.02050619 
599 377 11 11 0.020503527 
846 263 14 15 0.020461984 
25 451 22 30 0.020399824 
192 448 27 24 0.020384807 
80 560 13 13 0.02037926 
793 103 21 30 0.020367563 
170 549 53 48 0.020357225 
626 260 9 11 0.020352157 
356 197 21 22 0.020330297 
464 147 19 27 0.02032882 
515 154 13 16 0.020299088 
168 126 14 12 0.020293837 
292 151 13 13 0.020291172 
105 243 25 37 0.020289887 
485 406 10 7 0.020288875 
294 458 123 81 0.020273732 
413 548 4 4 0.0202286 
196 119 10 13 0.02021988 
233 531 23 22 0.020214064 
987 265 48 37 0.020185249 
983 293 13 10 0.020182688 
951 279 11 6 0.020119727 
474 424 25 21 0.020114234 
131 660 31 23 0.020083029 
137 452 14 12 0.020075755 
993 259 5 5 0.020029394 
