5_Car_Accident_Accident_5_77
198
574 66 24 33 0.99992955 
288 77 23 29 0.99988806 
627 60 23 33 0.9997918 
184 76 23 28 0.99976593 
376 61 22 31 0.9997429 
886 56 27 37 0.9997304 
811 52 25 33 0.99968326 
653 60 22 29 0.999595 
490 68 20 27 0.9995815 
718 65 21 32 0.9995443 
757 34 27 35 0.9995364 
540 78 21 24 0.99952555 
231 69 20 25 0.99952495 
113 89 20 24 0.99893826 
690 70 25 31 0.9982492 
445 86 23 22 0.99554056 
929 52 39 41 0.9937303 
589 45 18 22 0.990442 
872 58 13 17 0.9818124 
711 8 12 16 0.9786349 
439 53 23 30 0.9682986 
978 45 21 30 0.96321714 
793 21 13 16 0.9597675 
739 26 10 13 0.95894575 
519 39 16 19 0.95285016 
31 9 14 14 0.93750644 
796 56 18 20 0.8675675 
328 77 11 18 0.5411662 
678 28 11 12 0.4509158 
20 27 15 16 0.41492516 
81 64 21 35 0.36474165 
4 1 10 13 0.36076918 
393 0 11 10 0.28795302 
316 17 27 34 0.2749582 
476 36 20 26 0.20914833 
738 54 12 15 0.19633833 
22 359 45 45 0.16773166 
620 3 6 8 0.15712616 
391 60 19 28 0.12719376 
661 448 31 23 0.12590455 
318 79 11 16 0.12194823 
542 12 11 16 0.117926985 
60 8 30 27 0.103135794 
882 46 12 15 0.10312242 
910 54 20 30 0.10125236 
404 52 17 27 0.09990624 
688 401 21 32 0.099845886 
807 15 10 14 0.09875379 
568 8 11 13 0.08602544 
32 39 12 15 0.084267385 
312 1 28 25 0.083068974 
686 184 34 27 0.08242967 
718 28 17 24 0.08185884 
0 112 10 18 0.08098368 
671 28 10 11 0.07848655 
77 16 23 23 0.077875555 
616 1 6 7 0.07239744 
173 11 15 13 0.0688966 
612 55 14 20 0.068628624 
441 217 45 49 0.066228986 
650 432 34 32 0.066109836 
627 4 6 7 0.062956154 
968 49 14 19 0.06232858 
558 13 20 23 0.06059222 
93 13 14 17 0.06049527 
107 398 35 29 0.06048464 
699 29 15 18 0.059011772 
167 54 9 13 0.058634296 
639 22 11 13 0.05828272 
487 39 12 16 0.05790534 
725 346 36 31 0.05688761 
413 52 11 17 0.05355979 
129 85 20 25 0.053081986 
1 43 24 25 0.052495804 
689 3 7 9 0.050718334 
442 48 16 17 0.050371356 
399 0 8 9 0.04968989 
994 268 20 23 0.04968129 
424 218 24 31 0.049215868 
747 64 17 24 0.04809258 
594 27 11 13 0.047498975 
613 11 7 9 0.04732256 
660 4 8 9 0.047225464 
887 577 63 44 0.046244673 
945 39 25 30 0.046147216 
701 36 18 24 0.045743585 
204 69 11 17 0.044909284 
850 32 9 13 0.0446722 
620 18 9 11 0.04391174 
908 600 19 21 0.043455727 
815 4 6 8 0.04298018 
878 57 18 27 0.042748243 
876 578 30 34 0.04185162 
473 4 11 13 0.041503664 
646 6 7 7 0.04105048 
64 74 33 34 0.040998604 
766 23 12 14 0.040981933 
815 1 6 7 0.040198866 
665 25 9 10 0.039625596 
570 25 12 14 0.039529547 
504 12 9 15 0.039461184 
560 9 11 13 0.03890244 
83 116 25 28 0.038633958 
555 15 12 14 0.03804039 
463 39 23 25 0.037318204 
639 10 8 8 0.0363568 
393 39 13 13 0.035971414 
788 42 19 26 0.03596576 
635 6 6 8 0.035855055 
50 14 12 12 0.03511915 
66 413 20 35 0.03496397 
50 26 10 12 0.03491249 
685 3 7 10 0.034882654 
629 33 17 24 0.034876626 
378 29 8 10 0.03458652 
70 45 14 15 0.033524934 
810 12 8 10 0.03320257 
430 90 18 26 0.033186134 
996 66 12 15 0.03292185 
742 43 18 25 0.03258414 
432 62 13 18 0.032526728 
644 10 8 8 0.032431994 
599 25 9 12 0.032294404 
580 313 10 15 0.03223412 
536 11 9 12 0.032228105 
205 3 15 10 0.031991873 
602 53 17 24 0.031709947 
423 30 7 10 0.03169844 
839 22 8 10 0.031666484 
861 74 17 23 0.031377617 
397 41 22 26 0.03116813 
217 63 18 27 0.031011991 
650 3 8 9 0.030171877 
859 471 28 31 0.030009227 
508 12 11 15 0.029643396 
127 374 38 26 0.029128289 
636 0 5 6 0.029115273 
776 41 18 26 0.028549137 
612 16 10 12 0.02852673 
560 75 12 18 0.027776945 
617 33 13 13 0.027633699 
42 9 12 11 0.027303519 
905 528 15 13 0.027134495 
6 26 22 25 0.027069 
936 502 30 28 0.026980113 
165 0 17 10 0.026825914 
831 412 19 23 0.02676605 
821 28 24 30 0.026720837 
177 373 27 23 0.026709538 
641 1 5 5 0.026545834 
861 561 66 51 0.026370076 
582 3 9 11 0.026167693 
640 7 6 6 0.02610308 
66 85 46 45 0.02605691 
714 37 14 19 0.026032886 
62 406 88 108 0.025402518 
456 57 14 16 0.025193453 
34 23 11 11 0.024824165 
885 585 15 18 0.024671998 
49 5 11 11 0.024594275 
135 76 20 26 0.024452016 
904 525 31 22 0.024314484 
835 462 31 32 0.024103498 
675 502 96 80 0.024099749 
358 171 8 13 0.023520948 
619 355 12 15 0.02334984 
552 70 13 17 0.023054658 
939 322 13 14 0.023016142 
932 491 8 9 0.02282613 
67 60 24 29 0.022761436 
66 431 12 19 0.022692045 
653 211 26 28 0.022501208 
407 20 11 12 0.022497496 
147 111 21 25 0.02246874 
438 70 24 32 0.022282721 
50 3 26 26 0.022263922 
628 11 6 8 0.022247892 
136 185 20 25 0.022246951 
225 168 57 47 0.022174612 
646 417 27 23 0.022096273 
640 373 26 31 0.022057744 
521 100 22 24 0.021922529 
729 27 17 21 0.021907676 
785 21 12 14 0.021832181 
231 111 24 25 0.021526983 
754 389 96 73 0.021482898 
919 498 7 7 0.021434898 
719 8 10 14 0.021275334 
927 600 25 20 0.021122875 
609 3 18 23 0.02090235 
670 29 17 19 0.020652954 
888 550 30 33 0.02065059 
920 527 18 14 0.020615231 
915 94 21 28 0.02057609 
997 124 35 52 0.020296171 
772 90 28 34 0.020151025 
834 57 12 17 0.020123944 
91 59 14 27 0.02007342 
