5_Car_Accident_Accident_5_244
250
650 204 18 27 0.9947659 
707 188 19 24 0.98491573 
840 202 25 37 0.97892946 
491 208 25 26 0.9771622 
920 188 17 25 0.9624046 
798 196 22 24 0.95467436 
465 301 24 27 0.93256253 
995 189 39 53 0.83672523 
569 189 19 23 0.7763696 
632 316 38 40 0.41755337 
726 190 12 18 0.38607654 
893 207 12 20 0.38254705 
226 295 12 16 0.30023694 
507 208 16 18 0.28789046 
760 203 18 23 0.28713092 
764 219 26 36 0.27549443 
753 200 10 14 0.2455621 
696 12 42 43 0.23963743 
770 199 13 19 0.23167175 
435 238 10 16 0.22987902 
551 654 53 36 0.18862528 
455 44 22 23 0.15386748 
221 300 18 25 0.12046358 
466 251 37 48 0.10966784 
125 319 88 121 0.10849971 
260 277 20 28 0.09774719 
41 123 11 12 0.09350358 
591 195 21 21 0.09324232 
852 204 29 32 0.084243156 
490 215 42 44 0.08147331 
490 203 15 17 0.07568168 
633 210 9 15 0.07468981 
772 194 24 27 0.07427175 
61 119 14 17 0.06681542 
481 197 14 13 0.06662606 
715 215 12 17 0.06497625 
580 189 20 27 0.06479037 
984 196 28 38 0.06395889 
956 194 19 31 0.0582658 
477 295 25 32 0.05643683 
914 221 12 19 0.056274623 
165 343 24 33 0.054679807 
325 335 41 67 0.054561798 
969 89 20 37 0.05208089 
667 189 14 17 0.051239602 
0 182 8 19 0.050948557 
620 558 140 87 0.050920453 
270 279 11 14 0.04888717 
557 220 10 14 0.048521116 
495 223 15 16 0.048399087 
611 348 29 31 0.04723919 
836 187 22 37 0.04596955 
607 324 49 47 0.04571551 
131 166 76 91 0.04557461 
70 189 24 42 0.045497812 
266 275 9 12 0.043124042 
435 356 36 38 0.042897567 
152 259 56 43 0.042840797 
628 184 17 14 0.042346437 
56 0 6 6 0.04036084 
245 274 42 44 0.040251166 
667 203 17 25 0.039883323 
252 118 25 34 0.039692443 
127 262 106 95 0.039546352 
175 349 13 16 0.039435033 
169 325 22 30 0.039050654 
145 334 51 63 0.03898645 
82 0 8 5 0.038353514 
514 205 14 16 0.038077638 
560 194 10 14 0.038042963 
1011 117 20 31 0.037584428 
491 558 33 34 0.037537836 
639 183 16 14 0.03708427 
548 140 9 10 0.036584534 
754 213 19 25 0.03656873 
555 570 26 36 0.035097145 
911 194 19 31 0.034114957 
171 395 55 62 0.034004018 
916 209 22 32 0.033647355 
0 260 8 17 0.03312558 
868 153 7 10 0.032824617 
611 216 16 24 0.03214891 
753 188 16 21 0.03211059 
820 461 9 11 0.032055806 
655 179 11 16 0.03192962 
211 231 6 7 0.03190387 
834 179 4 7 0.03174979 
247 280 21 26 0.03159924 
694 366 97 104 0.03107441 
540 299 37 50 0.030489858 
892 402 19 24 0.03048388 
67 199 47 63 0.03047295 
951 211 34 46 0.030276895 
857 320 30 30 0.0301519 
605 516 115 80 0.029819438 
934 191 13 18 0.029731512 
746 144 2 4 0.029314173 
78 0 7 5 0.029190777 
435 44 29 30 0.029181186 
870 208 25 27 0.02908645 
96 213 118 102 0.02904344 
-1 597 9 21 0.028950775 
836 182 8 13 0.028873889 
484 216 21 27 0.028655656 
158 317 24 31 0.028542355 
338 330 23 34 0.028428724 
949 189 16 29 0.028400369 
458 315 11 15 0.027980754 
255 285 9 13 0.027950397 
954 52 4 6 0.027907334 
193 404 27 34 0.02787614 
172 170 29 36 0.027750662 
164 346 13 19 0.027619058 
563 121 7 8 0.027500339 
674 193 12 18 0.027297758 
481 232 45 56 0.026945591 
526 419 32 28 0.026833314 
219 279 38 43 0.026824143 
898 201 17 28 0.026667468 
821 117 5 6 0.026523272 
406 366 34 35 0.026259214 
578 184 11 16 0.025989423 
65 0 7 6 0.025983315 
617 183 16 23 0.025876125 
548 290 12 17 0.025853828 
698 470 99 100 0.025691742 
244 167 5 6 0.025629925 
469 571 101 75 0.025513984 
381 142 10 20 0.025477031 
554 141 7 9 0.025327755 
676 197 17 24 0.02530216 
242 291 11 13 0.025225854 
0 501 91 101 0.025151607 
580 345 53 52 0.025102073 
969 104 4 7 0.025008356 
739 144 3 4 0.024988161 
765 217 14 21 0.024966648 
0 605 15 29 0.02494839 
355 218 31 29 0.02483994 
499 327 27 31 0.02481596 
980 195 82 89 0.024773046 
71 0 7 6 0.024668638 
831 460 7 9 0.024562564 
523 63 42 40 0.024463587 
794 210 23 28 0.024363233 
813 198 13 18 0.024224505 
519 641 67 44 0.024202848 
966 40 6 7 0.02408394 
966 44 6 8 0.024029039 
460 34 25 21 0.023906738 
553 591 27 30 0.02387237 
249 280 10 14 0.023710612 
472 108 224 212 0.023692131 
163 330 12 15 0.023691623 
211 311 23 29 0.023638705 
85 534 131 92 0.02363339 
136 201 30 32 0.023463335 
149 299 29 28 0.02337209 
833 175 4 5 0.023322986 
966 187 35 45 0.023309113 
3 187 10 14 0.023233673 
181 280 84 92 0.0231903 
360 241 30 30 0.0231396 
432 51 47 45 0.023064092 
49 296 199 180 0.023054184 
967 451 95 88 0.02304611 
567 556 23 34 0.023018748 
947 51 6 7 0.023000412 
712 203 19 24 0.022986792 
722 264 126 114 0.022847144 
800 477 108 122 0.022761954 
0 169 17 29 0.022726556 
557 190 8 13 0.022522584 
87 107 26 29 0.022430507 
771 38 85 82 0.022425411 
750 145 4 4 0.022395147 
752 149 3 4 0.02237046 
575 278 86 88 0.022304812 
158 335 11 13 0.022289589 
544 295 21 29 0.02227624 
549 126 7 8 0.022244394 
160 198 23 27 0.022240441 
540 193 4 6 0.022204585 
177 364 21 38 0.022141643 
241 291 21 25 0.022117212 
956 47 4 6 0.022108546 
758 183 10 12 0.022083241 
964 107 3 3 0.022073893 
82 159 40 39 0.022073101 
338 139 24 25 0.022071522 
2 163 13 18 0.021964433 
458 545 56 47 0.021920977 
953 57 5 7 0.021850744 
179 264 54 49 0.021840606 
608 189 19 26 0.021789672 
511 566 24 29 0.021765038 
946 103 6 9 0.021737032 
660 208 15 22 0.021717789 
988 489 33 30 0.021695614 
497 613 33 23 0.021673748 
157 529 64 54 0.02165798 
512 184 6 8 0.021652384 
938 96 19 29 0.021581814 
484 231 24 30 0.021507878 
973 101 7 12 0.021506008 
447 202 16 25 0.021484768 
84 138 26 26 0.021415373 
504 544 30 31 0.02138428 
519 364 59 47 0.021359785 
671 594 69 47 0.021350384 
196 288 45 45 0.021349635 
931 416 79 89 0.02134163 
473 473 15 11 0.02133958 
182 323 13 15 0.02133749 
169 323 12 15 0.021287244 
545 192 5 7 0.021283368 
1012 125 7 11 0.021209624 
165 202 12 14 0.021171248 
493 408 52 38 0.02088921 
903 38 5 8 0.02088601 
930 85 4 6 0.020846106 
215 308 12 17 0.020845557 
611 576 67 50 0.020817822 
667 622 60 44 0.020779967 
172 195 23 25 0.020768581 
373 234 23 27 0.020741938 
-1 94 9 18 0.020722682 
194 387 9 15 0.020691402 
943 189 11 17 0.020663029 
611 277 30 35 0.020622045 
619 176 10 14 0.020606015 
949 403 32 29 0.020557623 
473 172 6 9 0.020495944 
688 195 11 15 0.020490699 
553 295 11 15 0.020383049 
100 189 57 57 0.020315463 
738 149 3 4 0.020299867 
222 284 13 16 0.020278618 
961 44 6 8 0.020271162 
434 479 480 519 0.02023826 
567 208 11 13 0.02019192 
837 453 22 30 0.020144988 
467 29 17 13 0.020095533 
224 310 21 27 0.020061294 
660 193 20 26 0.020060927 
552 99 4 5 0.020046076 
156 298 13 13 0.020041058 
182 361 10 17 0.020038128 
598 471 83 89 0.020022245 
804 204 23 27 0.020011926 
