33_Running_Running_33_475
1834
618 154 39 61 0.18482304 
-20 -171 189 162 0.1323046 
562 197 13 10 0.10211287 
620 276 440 230 0.09172712 
702 156 71 41 0.070431136 
563 221 15 11 0.06381506 
82 41 17 14 0.06349932 
619 374 26 22 0.06298536 
615 46 7 7 0.060016327 
175 307 15 9 0.057599153 
715 170 30 17 0.05720066 
134 178 31 21 0.05657526 
605 74 9 11 0.056060914 
747 159 10 8 0.055622168 
660 135 98 81 0.055476774 
588 258 6 7 0.055382308 
618 46 9 8 0.05534567 
370 164 47 38 0.05511025 
645 65 10 10 0.054606833 
532 219 16 13 0.054109633 
554 212 9 9 0.05381302 
588 72 7 7 0.053760383 
613 175 20 35 0.0531444 
602 71 9 8 0.052715447 
383 165 11 9 0.052516267 
848 -184 277 158 0.05250674 
671 165 47 50 0.052436765 
377 149 17 12 0.0522055 
822 202 15 11 0.051482927 
854 230 15 10 0.051262204 
734 167 30 22 0.0505383 
571 57 11 10 0.049702052 
640 129 227 147 0.049603138 
140 179 17 11 0.049181957 
599 47 7 5 0.04824585 
594 51 9 8 0.048158582 
996 15 29 19 0.048020985 
372 301 25 19 0.04782771 
542 212 10 9 0.04751352 
78 65 20 18 0.04747053 
998 59 28 21 0.04742945 
608 57 7 8 0.047333103 
709 158 12 9 0.047300335 
599 51 9 9 0.04682129 
323 157 56 37 0.046570454 
378 384 7 8 0.046172537 
726 147 28 20 0.04583425 
64 58 21 23 0.04539116 
570 262 6 7 0.044623163 
581 219 17 14 0.04417831 
177 336 28 24 0.0441617 
578 189 16 13 0.043824844 
620 59 8 8 0.04340437 
498 629 22 22 0.0432923 
549 223 9 10 0.043072086 
600 56 10 9 0.04282042 
842 158 14 11 0.042790797 
632 20 8 6 0.042682666 
361 12 54 48 0.042665944 
551 51 14 11 0.04262023 
994 213 30 21 0.04256415 
581 72 8 7 0.04234194 
601 178 23 26 0.04216029 
609 46 6 6 0.041969925 
579 87 11 11 0.04188155 
164 314 31 20 0.041719154 
427 142 15 11 0.041707687 
556 198 11 8 0.04135486 
998 44 28 20 0.041258134 
740 154 11 8 0.041222945 
639 64 8 9 0.041168388 
699 38 16 14 0.04113656 
605 179 11 10 0.04099976 
77 145 14 13 0.040859103 
629 39 6 7 0.04079746 
632 63 8 9 0.040689845 
384 170 27 18 0.040657554 
566 193 10 10 0.04060249 
399 141 14 9 0.040408853 
450 190 15 12 0.0403103 
723 176 34 23 0.040216774 
401 296 9 8 0.040205456 
572 87 12 11 0.040074572 
568 70 10 8 0.040060844 
235 357 11 9 0.040060595 
549 199 9 7 0.040021833 
197 174 10 7 0.03997512 
144 166 10 8 0.03991818 
574 219 10 9 0.03980568 
214 -197 532 254 0.03977959 
567 77 11 8 0.039475996 
505 520 7 5 0.039459124 
569 258 6 6 0.039410807 
624 62 10 10 0.03939006 
586 88 9 10 0.03933452 
734 628 23 23 0.039271917 
560 44 10 9 0.039209872 
624 75 9 10 0.039147645 
715 195 34 22 0.039124288 
557 56 13 12 0.03905447 
719 646 24 26 0.03887188 
595 364 31 25 0.038866445 
160 306 59 36 0.038841445 
620 39 7 6 0.038822815 
181 104 20 23 0.038798675 
231 354 7 6 0.038788572 
634 39 7 7 0.038755678 
613 50 8 8 0.038674347 
632 140 7 9 0.03864458 
502 248 12 12 0.038636394 
773 606 31 32 0.038618796 
675 90 121 92 0.038582332 
129 163 26 20 0.038439307 
633 25 8 7 0.038419813 
547 205 10 8 0.03838432 
569 53 10 8 0.038353316 
132 345 10 9 0.03803301 
175 312 14 9 0.037945293 
737 154 26 19 0.037941895 
138 173 14 10 0.037925992 
601 173 12 10 0.03791856 
635 139 23 28 0.03785381 
706 193 96 96 0.037738807 
145 347 23 21 0.037678767 
184 180 10 9 0.03754018 
140 91 29 23 0.03749126 
176 89 24 20 0.037439194 
286 367 33 23 0.03740249 
164 314 11 7 0.037264697 
618 87 9 10 0.037171926 
582 77 8 7 0.037137996 
593 86 10 12 0.037106685 
328 154 33 18 0.037069608 
990 36 46 40 0.037060287 
574 208 29 22 0.03705678 
579 230 25 26 0.037004407 
105 214 24 22 0.036933806 
387 390 12 10 0.036858805 
740 138 27 21 0.03685553 
349 268 13 10 0.036799744 
631 146 10 14 0.036766596 
606 53 8 7 0.036701754 
624 286 65 99 0.036677845 
144 320 68 42 0.036654428 
273 195 26 21 0.036626942 
607 64 7 8 0.0366084 
626 46 8 8 0.036472354 
556 217 9 9 0.03633405 
617 75 10 11 0.03631714 
587 65 7 8 0.036301047 
151 100 24 24 0.03629572 
638 26 8 7 0.036238074 
975 79 25 21 0.03608192 
259 35 26 21 0.03606587 
702 233 40 53 0.03597636 
364 185 26 18 0.035967346 
511 629 22 22 0.03595356 
598 82 9 11 0.03593182 
659 26 12 11 0.03575868 
632 57 8 9 0.035755686 
369 51 103 102 0.03574691 
-82 -110 516 473 0.035679493 
588 76 7 8 0.035673942 
539 216 12 10 0.035670277 
400 146 13 9 0.035649795 
976 207 70 48 0.03560285 
739 147 12 9 0.035562843 
624 27 9 7 0.035558216 
556 223 9 9 0.035546962 
547 211 11 9 0.035544753 
593 257 8 8 0.035458174 
594 40 8 7 0.035454847 
505 211 24 17 0.035408087 
124 106 13 12 0.03539622 
546 -196 534 254 0.035331767 
538 216 24 22 0.03530893 
638 72 11 13 0.035272144 
595 77 6 8 0.035264168 
573 72 9 7 0.035186913 
495 319 14 12 0.03509827 
163 172 25 23 0.03502276 
182 325 28 22 0.034970153 
144 161 10 8 0.03494525 
513 526 8 7 0.034941774 
87 36 99 94 0.03491185 
581 252 19 23 0.034874164 
538 201 21 19 0.034858435 
256 364 9 8 0.03478131 
95 185 10 8 0.03468347 
632 87 10 12 0.034658622 
231 358 8 7 0.03451644 
-34 437 551 402 0.034443747 
126 170 58 42 0.034429356 
693 178 31 30 0.034428846 
575 375 34 23 0.034370564 
586 95 11 11 0.034360755 
331 1 94 94 0.03433086 
746 146 13 10 0.034290273 
305 390 26 21 0.034262914 
28 7 96 108 0.034244157 
839 125 50 47 0.03422611 
589 342 27 25 0.034187555 
633 33 7 7 0.03405251 
553 45 12 9 0.03404227 
528 267 12 11 0.034029502 
752 156 10 7 0.03402459 
146 629 21 20 0.034017473 
261 618 23 20 0.03401117 
267 370 8 8 0.033992283 
661 81 56 50 0.033940364 
816 160 13 9 0.033895142 
741 187 27 25 0.033883415 
771 134 28 22 0.0338448 
203 315 28 19 0.03383362 
174 307 29 19 0.03382963 
152 318 28 20 0.03380534 
796 152 25 23 0.033792865 
618 102 22 24 0.033760607 
197 139 12 11 0.033726778 
136 63 15 11 0.033724643 
138 331 11 9 0.033683 
280 634 9 8 0.033664454 
613 353 25 24 0.033652928 
785 203 11 10 0.033583798 
935 75 63 45 0.03358159 
975 127 14 11 0.033573393 
580 185 29 21 0.033567943 
122 186 29 25 0.03356643 
158 352 10 9 0.033537935 
739 140 13 10 0.03352128 
755 166 28 24 0.033494577 
592 250 26 24 0.03347844 
339 194 25 24 0.033468153 
633 45 8 8 0.03345649 
369 379 23 22 0.033424325 
977 622 23 22 0.033377234 
181 302 13 8 0.03332687 
125 345 11 10 0.03332262 
291 389 26 21 0.03332113 
273 618 24 21 0.033319835 
633 45 23 26 0.03326667 
732 141 12 9 0.033262026 
520 540 37 23 0.033261303 
723 138 24 18 0.0332602 
650 26 9 8 0.03324165 
363 377 10 8 0.033188857 
707 157 25 17 0.03313096 
739 159 14 9 0.033116136 
779 17 105 97 0.033054546 
723 107 26 19 0.032989647 
613 70 8 9 0.03297144 
331 365 10 7 0.032893565 
752 209 28 22 0.03283471 
258 231 584 334 0.03283037 
932 63 14 10 0.03276326 
625 100 11 14 0.032761585 
609 236 74 94 0.03274897 
634 27 27 27 0.032746535 
740 639 24 26 0.032719437 
559 257 19 23 0.032707058 
656 23 22 21 0.032687157 
554 205 11 8 0.0326813 
266 389 13 10 0.032634787 
474 171 16 10 0.03262181 
751 167 11 9 0.032616597 
593 56 9 9 0.032581743 
808 160 24 21 0.03253346 
987 3 46 38 0.03246502 
561 38 10 9 0.032396834 
844 44 23 21 0.03239281 
980 342 55 37 0.032392062 
183 185 11 10 0.032386295 
138 92 16 13 0.032383747 
161 92 25 23 0.0323727 
254 633 10 10 0.032329418 
552 217 23 21 0.03221513 
724 600 487 318 0.03218131 
286 634 9 8 0.032164 
138 309 31 19 0.032158576 
996 33 29 19 0.032138865 
592 94 11 12 0.032107275 
267 600 23 19 0.03208297 
506 34 94 89 0.032056514 
856 427 214 102 0.032034893 
633 75 8 10 0.032027937 
346 155 30 17 0.032010138 
528 227 23 23 0.03200026 
768 210 13 11 0.03192251 
935 229 13 11 0.031900696 
195 345 11 9 0.031844568 
698 26 43 44 0.031798523 
566 31 13 10 0.031789605 
601 65 8 8 0.03177193 
633 50 46 46 0.031759787 
573 101 12 11 0.03175426 
744 123 29 23 0.031744715 
195 177 12 11 0.031737838 
377 390 8 8 0.03172829 
778 173 26 23 0.03171564 
638 21 8 6 0.031711213 
523 628 24 23 0.03170845 
131 193 28 30 0.031704485 
514 521 6 5 0.031684767 
164 358 10 9 0.0316758 
435 464 29 19 0.031670503 
811 166 12 10 0.03165966 
613 83 9 10 0.031629954 
708 138 27 21 0.031563785 
121 149 7 5 0.031530734 
618 115 11 10 0.03146223 
190 174 10 8 0.031460043 
109 70 53 45 0.031450965 
408 159 26 19 0.03145009 
134 628 21 20 0.031445585 
627 146 81 93 0.031426758 
629 344 36 52 0.031422034 
595 388 30 23 0.031409577 
481 520 33 20 0.031407863 
549 229 9 9 0.03140756 
583 195 16 12 0.03139574 
800 94 18 13 0.031391677 
812 146 25 20 0.03136904 
-6 -187 57 152 0.03134349 
586 101 12 11 0.03128411 
130 106 26 22 0.031278342 
617 122 11 12 0.031238664 
809 188 14 12 0.03123722 
559 211 11 9 0.031188393 
394 148 13 8 0.031177666 
638 57 9 9 0.031175846 
376 429 11 7 0.031164939 
614 65 7 7 0.031142758 
401 384 10 8 0.031127961 
628 146 18 28 0.03111851 
450 524 29 20 0.03111041 
709 150 9 6 0.03109923 
517 520 7 5 0.03108909 
829 165 11 10 0.031051042 
174 180 23 21 0.031044662 
387 161 11 8 0.031026136 
247 633 11 10 0.030985156 
106 159 9 9 0.030983346 
118 159 9 9 0.030973196 
595 46 8 7 0.030968003 
615 41 6 5 0.03093571 
962 82 12 9 0.03091944 
556 193 10 8 0.030915601 
647 20 8 7 0.03089901 
579 57 10 9 0.030820718 
733 154 12 9 0.030810261 
399 304 11 12 0.030799873 
217 359 7 7 0.030782364 
754 139 27 22 0.03073427 
241 633 10 9 0.030732092 
376 379 8 7 0.030717727 
750 372 470 244 0.030679801 
752 176 14 14 0.030668145 
547 217 10 9 0.03066382 
620 31 10 9 0.030645005 
817 152 12 10 0.03064266 
569 243 22 23 0.030638812 
152 352 9 9 0.030629389 
113 345 10 9 0.03060069 
448 505 142 72 0.030581146 
152 633 9 9 0.030573044 
202 346 11 9 0.030572342 
491 180 11 8 0.030559849 
640 65 21 22 0.030536607 
150 112 13 12 0.030530868 
911 50 15 10 0.030463284 
209 640 10 9 0.030457197 
612 185 10 16 0.030438699 
273 627 10 8 0.030373547 
271 385 12 11 0.030367523 
135 161 9 7 0.030355921 
216 542 27 22 0.030331817 
747 165 11 9 0.030328963 
587 56 9 9 0.030278813 
139 633 10 9 0.030274348 
299 634 10 8 0.030255765 
818 646 9 9 0.03023958 
381 425 10 6 0.030236358 
624 68 10 12 0.030236252 
275 564 9 6 0.030219005 
555 206 24 20 0.030215042 
510 222 16 11 0.030189492 
801 210 12 10 0.030171892 
949 66 28 21 0.030154452 
80 344 12 11 0.030151859 
509 529 10 8 0.03013795 
589 52 8 8 0.030101527 
165 329 30 23 0.030081954 
262 361 70 41 0.030077612 
543 186 7 7 0.03006379 
822 165 12 11 0.030013591 
762 148 30 24 0.029964529 
560 499 12 9 0.029944802 
600 217 10 10 0.029907463 
317 515 26 19 0.029854648 
293 634 9 8 0.029836662 
889 68 18 14 0.029813189 
367 416 492 377 0.029812485 
744 346 46 25 0.029799044 
376 634 9 8 0.029785348 
732 589 83 86 0.02978278 
460 496 78 40 0.029776484 
158 346 10 8 0.02976322 
235 363 10 10 0.02976099 
618 70 10 10 0.029759338 
248 629 21 20 0.029752756 
235 353 9 7 0.029747125 
707 173 15 9 0.029743068 
679 226 45 52 0.029741965 
568 46 9 7 0.029712396 
108 155 7 8 0.029695848 
163 93 14 12 0.029687213 
625 50 8 9 0.02968137 
216 640 10 9 0.029667407 
112 186 11 9 0.029659728 
983 604 25 22 0.029650679 
350 385 8 7 0.029644404 
113 333 8 7 0.029614467 
818 639 10 10 0.029605657 
580 37 9 9 0.029509595 
202 174 9 6 0.029477675 
804 136 27 22 0.029475275 
590 226 24 25 0.029467488 
727 146 13 9 0.02943951 
537 236 20 23 0.029434053 
371 190 27 25 0.029433748 
114 339 9 9 0.029432759 
153 340 8 8 0.029426351 
746 136 13 9 0.029405758 
405 136 26 20 0.029403485 
485 526 10 7 0.029396806 
636 82 10 12 0.02939169 
642 46 13 13 0.02936649 
370 384 9 7 0.029360717 
357 378 9 7 0.029355323 
646 26 8 7 0.02934888 
109 149 6 6 0.029329278 
593 281 8 11 0.02929527 
928 347 76 47 0.029293705 
649 62 11 10 0.029260563 
961 -131 105 114 0.029217077 
830 160 11 9 0.029216921 
273 633 10 9 0.029203128 
145 633 10 9 0.029187856 
68 131 21 21 0.0291824 
108 333 8 7 0.029177416 
157 358 11 9 0.029176699 
983 664 26 25 0.02917612 
337 371 11 7 0.029142875 
188 487 29 24 0.029127132 
633 77 42 51 0.029124595 
266 366 8 7 0.029123267 
203 640 10 9 0.029115666 
209 346 10 8 0.029110624 
611 98 11 14 0.029086191 
139 345 9 9 0.029079637 
256 371 8 8 0.029023558 
502 532 10 7 0.029021315 
717 149 8 7 0.02900386 
361 185 52 49 0.028998172 
484 628 23 21 0.02899581 
162 105 25 24 0.028982129 
588 266 9 12 0.028974941 
254 385 9 8 0.02897015 
599 269 24 29 0.028966092 
419 473 31 19 0.028961984 
625 82 8 10 0.02895908 
581 53 8 7 0.028935404 
119 345 11 10 0.028919034 
192 548 23 18 0.028909905 
538 535 452 474 0.028888855 
548 546 33 22 0.028861148 
638 40 9 8 0.028860481 
183 158 11 11 0.028858678 
574 46 9 7 0.028858235 
382 634 10 8 0.028854087 
600 32 9 8 0.028846331 
274 211 31 26 0.028829323 
261 370 9 9 0.028820187 
210 634 9 8 0.028819634 
619 39 21 22 0.028816558 
705 160 9 8 0.028777586 
-8 357 96 166 0.028777007 
775 124 26 21 0.028768722 
120 155 7 7 0.028723463 
942 86 16 12 0.028715948 
379 142 13 10 0.028707705 
202 340 25 21 0.028697398 
400 152 13 9 0.028644476 
383 276 11 8 0.028622894 
163 309 11 7 0.028621295 
601 220 27 24 0.02860474 
600 62 41 50 0.02859474 
584 261 7 9 0.02859322 
579 63 11 10 0.02859115 
996 51 12 10 0.02858917 
593 163 27 22 0.028579703 
143 76 26 20 0.028577361 
626 32 8 8 0.028563228 
804 165 12 11 0.028558344 
594 66 7 7 0.02855439 
916 69 14 11 0.028553238 
399 135 13 9 0.028526327 
607 217 9 9 0.028521113 
388 396 10 10 0.028508376 
371 430 28 19 0.028470347 
608 41 6 5 0.028470172 
600 40 7 6 0.028439391 
589 539 7 6 0.028427426 
91 428 199 92 0.028425923 
640 463 93 80 0.028423764 
114 367 23 21 0.028420934 
274 378 9 8 0.028382914 
656 63 10 10 0.028367965 
565 272 22 23 0.028336685 
401 390 10 8 0.028307004 
149 90 13 10 0.028292743 
388 383 10 8 0.028275767 
751 27 26 19 0.028270572 
286 618 24 20 0.028266888 
215 532 29 20 0.028253645 
589 525 6 5 0.028246662 
663 70 10 9 0.028220998 
197 640 9 9 0.028220909 
184 153 10 10 0.028216334 
822 157 26 22 0.028208159 
163 353 11 9 0.02819536 
298 521 24 19 0.02818881 
388 147 25 18 0.028186237 
389 425 9 6 0.028185675 
149 320 14 10 0.028173324 
375 424 10 7 0.028170746 
369 378 9 7 0.028165327 
165 633 9 9 0.028134063 
340 174 29 25 0.02812829 
628 112 26 27 0.028106272 
535 248 10 11 0.028105851 
315 376 13 9 0.028094124 
132 633 11 10 0.028072525 
382 282 13 9 0.028039742 
280 629 22 20 0.028037991 
366 154 27 19 0.02799435 
554 38 10 9 0.027990803 
855 51 103 97 0.027986122 
146 617 23 20 0.02796404 
474 185 14 11 0.02795236 
316 359 27 20 0.027952055 
136 17 105 99 0.027948387 
773 181 9 7 0.027924167 
314 14 45 46 0.02791945 
190 154 10 9 0.027918065 
490 185 13 10 0.027900483 
699 149 8 6 0.027895639 
596 352 26 24 0.027869115 
154 178 14 11 0.027866764 
539 29 15 12 0.027863972 
57 34 47 54 0.027858146 
645 58 9 9 0.027846437 
369 639 10 10 0.02783909 
106 134 106 77 0.02782183 
133 340 9 8 0.027814968 
587 83 8 9 0.027809348 
119 483 138 91 0.027766323 
812 638 23 25 0.027756285 
626 271 20 35 0.027753582 
595 72 6 6 0.027738847 
542 242 11 11 0.027724532 
285 347 27 20 0.027716361 
556 244 19 23 0.027715128 
995 74 15 11 0.027706588 
543 193 7 7 0.027699145 
528 248 11 11 0.027674986 
811 161 11 8 0.027667632 
383 378 9 7 0.027667558 
148 162 24 23 0.027666222 
175 320 13 8 0.027665222 
492 534 10 6 0.027646776 
156 90 13 9 0.027609223 
596 526 5 5 0.027597759 
829 69 27 19 0.027577123 
350 640 10 8 0.027574502 
262 546 22 19 0.027542701 
356 640 10 9 0.02754268 
158 633 9 9 0.027541915 
738 166 13 9 0.027539974 
969 663 24 25 0.027528286 
203 634 10 8 0.02752223 
223 359 8 7 0.027510466 
805 160 10 9 0.027485661 
406 294 11 9 0.027483027 
234 378 10 9 0.02745193 
161 321 15 10 0.027439661 
413 142 11 8 0.027438631 
986 224 32 23 0.027431654 
197 634 9 8 0.027408084 
816 146 14 11 0.027406337 
254 377 9 9 0.02739911 
573 204 11 9 0.027380202 
994 184 30 20 0.027366536 
306 374 28 21 0.02736639 
169 358 12 10 0.02736354 
367 266 15 11 0.027349101 
607 88 9 11 0.02733533 
983 34 26 20 0.027324127 
659 37 11 11 0.027307268 
369 634 10 8 0.027302077 
526 195 13 12 0.027295765 
186 332 13 10 0.027275907 
969 609 25 23 0.027241353 
78 223 24 19 0.027240394 
622 278 40 52 0.027239876 
394 390 10 9 0.027230877 
119 633 11 10 0.027224483 
740 633 11 10 0.027201392 
222 640 10 9 0.02719728 
363 391 22 22 0.0271839 
252 242 14 10 0.027180187 
208 183 15 11 0.027151145 
195 332 11 9 0.027126225 
337 634 10 8 0.027110005 
529 243 20 22 0.027075723 
501 525 25 19 0.027059296 
209 23 27 20 0.027057115 
589 252 6 7 0.02704978 
738 220 24 25 0.027026663 
101 147 8 7 0.027019253 
961 158 16 12 0.027011074 
96 533 22 20 0.027004186 
229 425 8 5 0.027003212 
362 640 11 9 0.0269917 
629 137 6 7 0.026990984 
627 20 8 6 0.026969217 
143 332 26 23 0.026965952 
145 340 9 8 0.02693235 
336 383 11 9 0.026917173 
188 311 30 20 0.026910821 
617 116 24 22 0.026898094 
155 301 12 8 0.026896125 
593 262 8 10 0.026888926 
331 383 10 9 0.026873711 
566 195 24 21 0.026873594 
184 294 53 36 0.026855674 
363 629 22 19 0.026845803 
737 112 15 12 0.026834395 
744 229 29 28 0.026824335 
203 358 9 9 0.026819794 
-68 257 484 341 0.02681323 
356 371 10 7 0.026806878 
133 332 9 8 0.026788183 
722 123 25 20 0.02678735 
606 169 10 8 0.026757991 
268 360 7 6 0.0267387 
638 49 10 10 0.026737487 
185 350 26 24 0.026732577 
650 31 9 9 0.02672376 
629 138 47 55 0.026700713 
95 185 92 95 0.02669756 
653 53 54 49 0.026692403 
498 544 29 18 0.0266861 
619 107 11 11 0.02668537 
544 579 17 14 0.026681494 
214 298 44 39 0.026681457 
759 128 11 9 0.026679534 
116 149 6 5 0.026666295 
168 73 14 13 0.026663743 
248 599 23 19 0.026658216 
748 112 25 21 0.026657183 
351 629 22 19 0.026641779 
991 277 25 18 0.026628248 
784 128 14 11 0.02661705 
592 163 12 10 0.02661678 
104 184 12 9 0.02660914 
358 385 8 7 0.026582193 
983 43 14 10 0.026580308 
567 211 10 8 0.026555244 
344 640 9 9 0.026545096 
99 256 92 86 0.026543003 
567 82 13 11 0.026538888 
518 515 7 5 0.026531365 
387 429 13 7 0.026511988 
447 515 9 6 0.026504226 
58 -171 300 138 0.02649936 
357 634 9 8 0.026491975 
391 135 26 19 0.02648675 
363 372 10 7 0.026471611 
764 136 13 11 0.026460517 
386 412 28 23 0.026448814 
369 164 26 21 0.026438022 
389 410 9 9 0.026421929 
958 79 10 7 0.0264148 
144 133 11 10 0.026398519 
818 633 9 9 0.026388988 
834 166 25 21 0.0263743 
210 359 9 7 0.026373664 
173 112 22 24 0.026363125 
763 75 16 12 0.026359703 
159 339 10 8 0.026337873 
363 633 10 9 0.026333572 
990 203 33 19 0.026330225 
600 85 83 101 0.026329817 
248 385 9 8 0.0263223 
594 326 79 87 0.026303217 
734 163 61 48 0.026291033 
322 377 10 7 0.026289871 
943 93 30 24 0.026284406 
210 352 9 8 0.026260667 
701 171 32 22 0.026247494 
229 365 8 8 0.026232027 
326 365 9 7 0.02622731 
216 365 9 9 0.026219098 
503 537 11 7 0.026210958 
132 317 28 21 0.026192168 
407 390 11 9 0.026174802 
216 634 9 8 0.026172318 
743 209 61 48 0.026170235 
197 13 49 49 0.026169335 
359 316 27 22 0.02616564 
427 135 12 9 0.026159104 
373 159 14 9 0.026150197 
275 559 8 6 0.02614973 
407 282 11 7 0.026148254 
721 628 24 23 0.026147278 
196 358 10 9 0.026094912 
574 257 7 7 0.02608939 
267 627 10 8 0.026043413 
262 521 22 18 0.026034884 
555 229 9 10 0.026029576 
299 639 10 10 0.026022587 
746 172 13 10 0.026013004 
152 358 9 9 0.02601118 
504 640 23 25 0.026006471 
569 252 6 7 0.02599756 
550 194 8 6 0.025967866 
190 295 11 8 0.025965119 
655 191 39 50 0.025963252 
299 400 25 20 0.025959343 
152 346 9 8 0.025946816 
292 639 10 10 0.025914617 
748 245 51 49 0.025908912 
197 153 11 9 0.0259089 
241 378 9 9 0.025907785 
388 634 10 8 0.025906144 
765 171 11 10 0.025891064 
997 298 29 20 0.025880598 
644 79 12 13 0.025871098 
566 258 4 5 0.025870921 
183 295 11 8 0.025865726 
382 391 9 7 0.025855234 
375 372 10 7 0.025852747 
1002 37 14 9 0.025851475 
600 25 10 9 0.025836367 
392 120 15 11 0.025835507 
381 435 12 8 0.025834367 
369 646 10 9 0.025828656 
580 180 10 9 0.02582679 
305 634 10 8 0.025784103 
375 639 11 10 0.02577653 
169 335 15 12 0.025762437 
261 633 9 10 0.025732001 
282 338 16 9 0.025702134 
433 633 10 9 0.025697071 
704 194 25 25 0.025694447 
337 639 10 10 0.025676003 
342 384 10 8 0.025657399 
577 169 6 5 0.025655491 
909 276 28 18 0.025647912 
785 638 10 12 0.025644183 
535 236 11 11 0.025624689 
117 143 6 6 0.025620693 
420 634 11 8 0.02561795 
280 628 9 7 0.025607606 
150 81 13 10 0.025601516 
514 545 13 7 0.025595132 
139 340 9 8 0.025593905 
812 646 9 9 0.02556898 
126 352 10 8 0.025564192 
516 529 10 8 0.0255561 
712 154 13 9 0.025543353 
387 133 13 10 0.02553818 
474 178 15 10 0.025531853 
657 75 11 10 0.025523415 
984 627 10 9 0.025517734 
197 159 10 9 0.025516136 
286 639 10 10 0.025504915 
803 204 12 11 0.025503693 
497 537 11 7 0.025495822 
759 166 11 10 0.025495507 
772 159 29 24 0.025495308 
794 176 15 12 0.025490884 
394 384 10 8 0.025474148 
382 404 10 8 0.025467254 
704 155 9 7 0.025464993 
180 296 26 18 0.025439579 
576 173 7 7 0.02543528 
139 128 11 9 0.025435226 
439 634 10 8 0.02542058 
223 366 8 8 0.025417622 
145 352 10 9 0.025414636 
543 199 9 8 0.025407268 
407 639 10 10 0.02540606 
256 361 8 6 0.025400529 
440 634 22 20 0.025393588 
349 371 10 7 0.025388421 
119 538 11 9 0.025369659 
217 532 9 7 0.025369199 
351 300 30 19 0.025357189 
710 143 8 6 0.025356123 
695 424 44 60 0.02534922 
579 93 11 12 0.025347311 
650 138 22 26 0.025343705 
426 634 11 8 0.025336256 
164 288 11 8 0.025335442 
521 222 13 11 0.025333125 
741 135 10 8 0.025329549 
401 282 10 7 0.025326356 
108 325 9 9 0.025326356 
638 32 8 8 0.02532285 
746 183 12 11 0.025321843 
547 205 49 44 0.025317512 
347 215 14 12 0.025315953 
261 201 31 22 0.025314957 
395 634 9 8 0.025314875 
413 164 14 10 0.025313959 
112 173 9 8 0.025313068 
125 340 10 9 0.025312642 
338 366 10 6 0.025302108 
138 639 11 10 0.025288595 
995 90 14 10 0.025282865 
717 251 40 52 0.025276626 
101 154 9 8 0.025267346 
561 70 11 9 0.025265496 
408 629 25 20 0.025262203 
605 99 12 15 0.025252143 
165 282 10 9 0.02524615 
171 180 10 9 0.025232648 
247 363 10 9 0.02521456 
765 111 26 24 0.025213726 
374 166 14 11 0.025194472 
138 401 27 20 0.025191199 
573 262 8 9 0.025190186 
380 170 14 10 0.025185918 
242 385 8 7 0.02518112 
450 566 144 80 0.0251787 
567 498 12 10 0.025171954 
344 634 9 8 0.025159191 
505 527 8 5 0.025157532 
355 185 12 10 0.025155928 
655 83 30 30 0.025146917 
703 149 8 6 0.02514564 
542 236 10 11 0.025144981 
990 590 25 23 0.025127469 
152 639 9 10 0.02511435 
164 639 10 10 0.025102464 
400 396 11 10 0.025102388 
824 639 10 10 0.025091443 
142 59 55 44 0.025065789 
360 201 14 14 0.025063409 
572 195 12 12 0.025057156 
131 296 26 17 0.025053112 
140 411 9 6 0.025044069 
363 187 13 11 0.025028555 
265 495 26 21 0.02502742 
112 180 9 8 0.025008667 
184 169 23 19 0.024969494 
363 646 10 9 0.024941882 
809 144 14 12 0.024940273 
199 216 13 10 0.02493226 
458 525 12 8 0.02492916 
386 107 52 44 0.024924777 
548 228 22 24 0.024924038 
566 36 12 10 0.024894677 
606 81 9 11 0.024894353 
407 397 11 10 0.024893334 
177 152 21 22 0.024891093 
413 639 11 10 0.02488767 
651 35 26 25 0.024881698 
202 338 11 10 0.024880953 
267 633 10 9 0.02487092 
229 333 10 8 0.024868293 
524 48 15 12 0.024866188 
666 159 28 40 0.024863143 
947 82 16 11 0.024844432 
235 618 23 19 0.024834108 
642 129 26 25 0.024830272 
148 276 11 10 0.024825597 
873 94 107 115 0.024817921 
151 133 11 10 0.024815394 
718 187 59 47 0.02481475 
451 514 30 17 0.024812004 
130 524 14 8 0.024809118 
407 135 11 7 0.024802266 
747 627 23 24 0.024795203 
983 682 29 27 0.024783015 
407 384 12 8 0.024771877 
708 104 28 24 0.024768487 
382 411 8 7 0.024763837 
141 67 16 12 0.024754524 
785 632 10 11 0.0247526 
753 128 11 8 0.024750005 
281 560 8 5 0.02474744 
127 128 10 8 0.024747077 
974 265 23 20 0.024736807 
696 213 10 10 0.02473532 
542 255 10 10 0.024732845 
603 258 27 26 0.024727492 
628 82 21 24 0.024721477 
547 166 10 9 0.024716768 
196 365 10 9 0.024710571 
228 639 11 10 0.024694877 
856 646 10 9 0.02468956 
387 324 13 12 0.024687478 
324 377 24 19 0.024668831 
569 187 7 7 0.02466439 
164 89 51 43 0.024660548 
760 153 11 10 0.024653291 
664 76 11 10 0.024652883 
163 126 12 12 0.024652619 
139 155 10 8 0.024644664 
998 72 27 21 0.024623197 
350 634 10 8 0.024615848 
261 361 8 6 0.024613392 
486 534 9 6 0.024604155 
746 633 11 10 0.024598015 
126 155 8 7 0.024595756 
222 371 9 9 0.024592651 
401 634 10 8 0.02457275 
224 354 7 6 0.024562115 
548 91 436 296 0.024561968 
268 628 22 21 0.024536496 
701 127 14 10 0.024535775 
824 645 10 10 0.024535168 
152 180 28 27 0.024520323 
381 639 11 10 0.02451733 
132 639 11 10 0.024509022 
745 114 14 11 0.024505528 
332 378 9 7 0.024505256 
637 189 25 38 0.024503395 
312 634 9 8 0.024499543 
769 141 13 11 0.0244992 
184 76 12 9 0.024496375 
279 639 10 10 0.024496263 
557 320 51 44 0.02448875 
595 174 10 9 0.024480129 
173 326 17 12 0.024479965 
360 130 16 14 0.0244797 
386 141 12 8 0.024475232 
951 655 23 25 0.024473839 
390 299 22 21 0.024465814 
607 274 10 11 0.024465272 
598 223 11 10 0.02446446 
608 282 8 9 0.024448242 
732 233 11 13 0.024445891 
573 94 11 11 0.02442858 
522 267 12 12 0.024423657 
981 45 25 21 0.024421904 
408 634 9 8 0.02440804 
566 226 26 25 0.024390737 
790 209 12 11 0.024381084 
598 286 22 28 0.024379862 
530 457 109 86 0.024379518 
618 94 10 12 0.02436406 
524 363 127 84 0.02434287 
997 664 26 25 0.024341535 
564 56 21 17 0.024337707 
373 234 14 12 0.024337202 
257 418 176 91 0.024326166 
599 233 26 25 0.024315683 
348 230 13 11 0.02431194 
235 628 21 20 0.024311338 
990 85 25 19 0.024308885 
736 178 15 11 0.024305131 
117 191 11 8 0.024303798 
235 331 11 9 0.024299173 
366 280 15 11 0.024295883 
158 639 10 10 0.024287937 
115 156 7 6 0.024285903 
446 640 10 9 0.024283446 
932 632 11 11 0.024282554 
248 378 9 9 0.024280915 
730 200 31 24 0.02426834 
576 187 9 9 0.024259033 
553 532 9 7 0.024238424 
235 370 9 10 0.02422027 
799 223 12 10 0.024206148 
235 633 10 9 0.024197238 
159 288 9 8 0.024192724 
695 128 26 20 0.024173697 
554 539 9 7 0.024168415 
385 384 26 23 0.024157258 
356 646 10 9 0.024142746 
691 148 8 8 0.02414157 
172 192 27 23 0.024140615 
414 634 10 8 0.024133416 
448 25 24 19 0.024131753 
331 634 9 8 0.024121376 
562 187 8 7 0.02411912 
586 32 9 8 0.024104113 
562 180 8 7 0.024098737 
554 499 11 9 0.024092723 
923 298 28 18 0.024083247 
131 505 13 9 0.024072586 
248 372 8 8 0.024064919 
658 223 79 101 0.024055205 
984 633 10 10 0.024050739 
733 633 11 10 0.024036411 
102 143 6 6 0.024033898 
746 192 12 11 0.02402279 
305 629 23 20 0.024021158 
166 158 21 23 0.024006985 
414 134 10 8 0.024006985 
970 724 25 23 0.023986695 
404 307 31 22 0.023974992 
132 352 10 9 0.023964206 
521 242 12 12 0.023958188 
451 531 12 9 0.023957174 
989 50 13 10 0.023956215 
216 371 9 8 0.023953628 
394 410 11 9 0.023951417 
646 56 25 23 0.023936331 
126 358 10 9 0.023925109 
261 391 10 7 0.023922801 
882 225 26 19 0.023918124 
347 365 12 8 0.023914788 
190 639 10 10 0.023912303 
166 297 27 18 0.02390606 
78 170 13 14 0.023885615 
413 390 13 10 0.0238732 
381 135 11 8 0.023867045 
191 558 25 18 0.023865357 
771 135 12 10 0.023863768 
663 53 13 13 0.023860581 
106 315 12 8 0.023842564 
408 145 26 21 0.023834983 
654 407 48 63 0.023831883 
628 68 20 23 0.023829814 
665 50 28 24 0.023826065 
322 391 13 11 0.02382083 
594 250 9 9 0.023820316 
105 313 64 49 0.023814524 
401 639 10 10 0.023811832 
324 367 27 18 0.023803772 
350 378 8 7 0.023802655 
162 172 10 9 0.023802204 
990 627 10 9 0.023795709 
525 525 32 20 0.023784518 
145 346 10 8 0.02378023 
810 52 52 48 0.023778811 
766 214 25 22 0.023778783 
382 397 10 8 0.023777101 
326 38 28 19 0.023776758 
319 634 9 8 0.023769649 
238 552 25 21 0.02376107 
959 72 9 7 0.023749512 
407 646 11 9 0.023748962 
197 628 9 7 0.023722349 
580 212 12 8 0.023716545 
541 228 11 11 0.02369422 
325 633 9 9 0.023683175 
355 249 15 10 0.023683032 
619 378 14 12 0.023673896 
71 5 18 13 0.023656866 
203 159 11 9 0.023655029 
459 519 10 6 0.02365288 
202 179 11 9 0.02364734 
400 402 11 11 0.023646792 
683 18 26 19 0.023639023 
674 38 46 47 0.023626888 
622 359 7 8 0.02362328 
764 185 14 12 0.023603722 
181 274 15 10 0.023599694 
394 639 11 10 0.023599619 
534 499 12 9 0.023596702 
918 288 27 20 0.023595328 
490 647 23 26 0.023592304 
849 646 10 9 0.023586437 
440 515 9 6 0.02358452 
386 101 15 10 0.023584025 
299 628 9 7 0.023580194 
260 386 10 8 0.023579653 
918 325 80 42 0.023578458 
133 353 22 21 0.023575375 
388 377 11 8 0.023565928 
822 185 12 10 0.023561006 
241 370 9 10 0.023555674 
228 371 9 9 0.023547973 
350 646 10 9 0.023545023 
112 167 10 8 0.02354043 
385 179 52 45 0.023536494 
387 200 11 9 0.02352833 
579 101 12 11 0.02352234 
375 645 11 10 0.023521872 
986 151 33 20 0.023520896 
601 282 8 10 0.023515228 
363 406 9 7 0.023503367 
625 94 11 12 0.023502963 
926 644 10 12 0.023502328 
186 552 449 464 0.023500144 
247 638 11 12 0.023499172 
367 135 48 39 0.02349182 
439 639 11 10 0.02348137 
579 358 30 22 0.02346652 
990 645 10 10 0.023462756 
119 340 10 9 0.023456512 
611 333 24 28 0.023453439 
757 181 14 15 0.023447547 
132 128 11 9 0.023447108 
230 346 8 7 0.02344647 
229 394 23 20 0.02343012 
944 77 14 9 0.023426522 
152 325 12 10 0.023417262 
267 378 9 8 0.023404818 
555 236 9 10 0.02339929 
607 33 7 7 0.023393825 
559 230 50 48 0.023389602 
990 633 10 9 0.023384245 
390 418 8 6 0.023377765 
786 145 25 23 0.023367934 
571 65 45 44 0.02335665 
143 122 24 21 0.023350997 
536 199 8 8 0.023338703 
109 144 5 5 0.023328226 
395 629 23 21 0.023322556 
203 646 10 9 0.02331527 
562 65 25 19 0.023313306 
656 69 11 11 0.023311308 
149 167 10 8 0.02330372 
582 540 7 6 0.023294328 
873 623 23 24 0.023294127 
191 634 8 8 0.023292819 
613 358 9 8 0.0232824 
491 525 10 6 0.023264246 
528 236 11 11 0.02325472 
563 252 7 7 0.023250109 
165 627 9 8 0.023243817 
293 628 9 7 0.023240322 
978 57 10 9 0.023237217 
621 275 7 10 0.023232467 
94 147 10 10 0.023229571 
121 628 21 20 0.023226883 
229 633 9 9 0.023223255 
477 525 11 8 0.023217808 
823 179 10 9 0.023215422 
771 164 13 11 0.02321177 
316 294 12 9 0.023209196 
561 505 11 9 0.023205502 
521 236 12 11 0.023200503 
260 377 8 8 0.023193171 
209 646 10 9 0.023188028 
831 179 10 9 0.023181176 
434 300 12 8 0.023179682 
721 148 11 8 0.023179367 
209 365 9 9 0.02317554 
305 639 10 10 0.023172194 
513 216 54 44 0.023171565 
322 67 97 97 0.023165751 
260 639 10 10 0.023165708 
126 633 10 10 0.023159182 
388 639 10 10 0.023152078 
660 142 22 29 0.023151709 
145 639 10 10 0.023149993 
254 639 10 10 0.023147386 
568 243 9 10 0.023136836 
779 608 50 57 0.023134662 
608 289 7 9 0.023127278 
113 632 11 11 0.023125323 
136 341 24 20 0.023124015 
990 639 10 10 0.02310319 
196 352 10 9 0.023101646 
407 403 10 10 0.023095822 
121 143 7 6 0.023086762 
542 500 10 8 0.023071803 
102 187 27 23 0.02306979 
527 212 15 10 0.023068419 
515 248 13 12 0.023063771 
792 638 9 12 0.023054017 
342 287 13 9 0.02304698 
432 639 12 10 0.02304304 
336 401 25 20 0.023042856 
248 346 9 8 0.023041282 
312 639 10 10 0.023041004 
824 633 10 9 0.023026727 
150 127 12 11 0.02302388 
452 634 10 8 0.023016311 
376 630 22 19 0.02301491 
658 70 28 24 0.023008766 
669 221 26 30 0.023001993 
222 634 10 8 0.022998832 
414 646 10 9 0.022991864 
393 400 26 25 0.022989834 
815 223 16 10 0.022987667 
627 354 7 7 0.022986112 
184 633 9 9 0.022977877 
617 26 19 18 0.02297708 
964 621 23 22 0.022970606 
171 627 10 9 0.022968894 
124 94 12 10 0.022958282 
452 640 10 9 0.02295746 
208 323 14 10 0.022953818 
324 384 10 9 0.022950575 
132 367 24 23 0.022945758 
625 56 21 24 0.022921635 
957 86 31 22 0.02291705 
139 82 12 9 0.022913123 
563 222 93 80 0.022911543 
804 153 11 10 0.022911455 
324 373 9 7 0.02291064 
293 628 22 21 0.022907514 
130 103 11 10 0.022899471 
931 89 14 12 0.022897504 
554 242 10 11 0.022891743 
196 563 13 8 0.022888811 
246 185 12 9 0.022887072 
363 384 9 8 0.02288424 
305 138 14 13 0.022882702 
209 160 10 8 0.022875393 
197 646 9 9 0.022864407 
481 506 31 21 0.02286017 
216 646 10 9 0.022860082 
599 122 9 8 0.022851504 
423 107 22 19 0.022845346 
395 418 9 6 0.022845212 
931 68 13 10 0.022837104 
642 29 48 45 0.022835666 
813 640 8 9 0.022832984 
153 307 11 7 0.022821307 
600 256 10 10 0.022816077 
241 638 11 12 0.022815347 
400 616 28 19 0.022814928 
273 639 10 10 0.02281133 
926 633 11 10 0.022808412 
299 645 10 10 0.02280339 
513 212 14 9 0.022801192 
188 350 11 10 0.022799939 
255 391 8 7 0.022797031 
202 351 10 9 0.022765113 
359 156 14 8 0.022761881 
570 173 7 7 0.02275437 
465 518 12 8 0.022740105 
150 314 12 8 0.022732202 
432 308 12 8 0.02271309 
369 372 10 8 0.02271255 
818 652 9 10 0.022711517 
157 283 23 18 0.022704475 
920 633 9 10 0.022699486 
990 262 10 9 0.022670295 
370 147 11 9 0.022664895 
969 84 12 8 0.022659523 
568 217 24 20 0.022658212 
331 373 9 6 0.022655783 
973 52 23 20 0.02265185 
580 173 8 8 0.02264428 
651 355 20 40 0.022640215 
221 333 11 9 0.02263661 
611 343 11 13 0.022633556 
567 264 4 5 0.022604546 
790 130 30 22 0.022599963 
957 683 107 103 0.022598067 
732 651 13 13 0.022597814 
190 159 10 9 0.022596389 
177 179 11 10 0.022595381 
146 358 9 9 0.022590896 
143 108 14 12 0.022590432 
310 123 25 24 0.022588464 
689 137 26 22 0.022585802 
964 711 24 24 0.022577371 
932 644 11 12 0.022563864 
3 633 17 38 0.022544054 
402 289 8 7 0.022540838 
590 203 24 25 0.022534057 
588 38 8 8 0.022524796 
440 629 9 7 0.022523668 
648 114 27 29 0.022522409 
513 229 23 21 0.0225159 
600 211 8 9 0.02251244 
200 352 25 22 0.022509402 
147 411 9 6 0.022504516 
752 651 12 13 0.022500128 
585 272 21 28 0.022499204 
185 175 9 7 0.022489112 
664 35 11 12 0.02248274 
779 199 12 10 0.022480113 
138 627 11 9 0.022468941 
203 628 22 20 0.022467492 
849 639 10 10 0.022454778 
582 167 7 7 0.022449896 
274 362 30 21 0.022447309 
157 127 12 11 0.022443585 
133 617 23 20 0.02244063 
230 355 24 22 0.022437586 
382 645 10 10 0.02243618 
542 280 10 11 0.022433689 
141 317 15 11 0.022428133 
945 71 12 8 0.02242263 
524 532 10 7 0.022418128 
414 395 12 11 0.022412887 
588 160 11 9 0.022405379 
926 638 10 12 0.022383906 
862 646 11 9 0.022382168 
740 128 11 8 0.02237801 
630 106 12 13 0.022375215 
130 184 19 11 0.022374699 
606 268 12 10 0.022362635 
701 82 11 9 0.022359027 
622 258 19 31 0.022350414 
419 639 12 10 0.022342997 
326 195 58 43 0.022327993 
672 452 47 53 0.022326639 
574 313 13 15 0.022322647 
705 123 26 20 0.022319831 
209 154 10 8 0.022316199 
125 539 11 8 0.022311796 
602 91 43 49 0.022307247 
170 56 13 10 0.022299979 
267 639 10 10 0.022296447 
329 204 28 24 0.02228571 
434 295 11 7 0.02228294 
753 639 24 27 0.022281667 
119 187 10 8 0.022276107 
235 384 9 8 0.022270108 
433 629 10 7 0.022269968 
628 256 6 10 0.022261662 
92 157 13 13 0.022250783 
835 217 13 10 0.022247147 
216 353 8 6 0.022245737 
138 114 12 10 0.022244245 
323 458 183 98 0.022238722 
134 405 7 6 0.022226194 
75 313 46 51 0.022221444 
234 423 11 7 0.022202872 
824 105 13 13 0.02219085 
163 365 11 9 0.022190709 
196 325 11 9 0.022189328 
426 633 24 21 0.022187311 
424 412 30 25 0.02218158 
764 156 15 13 0.022181561 
720 226 13 12 0.022167033 
101 181 12 8 0.022163024 
184 639 10 10 0.022161543 
318 639 10 10 0.022149377 
511 513 8 6 0.02213805 
426 639 11 10 0.022132723 
586 107 12 12 0.022132508 
187 326 12 9 0.022129936 
234 599 24 20 0.022120675 
621 354 7 7 0.022116683 
126 639 10 10 0.02210684 
969 676 26 25 0.02210464 
591 221 13 12 0.022100292 
350 281 26 19 0.022081444 
370 391 9 8 0.022076838 
991 417 10 7 0.022060558 
714 123 11 8 0.02205491 
129 112 12 12 0.022052225 
639 168 25 39 0.022050858 
796 185 25 21 0.022045739 
86 344 12 11 0.022045717 
792 632 9 10 0.022045394 
989 76 12 10 0.022044985 
406 159 13 10 0.02203921 
249 392 8 6 0.022036655 
777 173 61 48 0.022035627 
561 243 9 10 0.022034915 
518 263 22 21 0.022020599 
317 365 10 8 0.02202022 
7 649 91 182 0.02201796 
286 399 25 19 0.022014538 
406 322 51 37 0.022011768 
401 645 10 10 0.02200279 
391 168 14 11 0.02199463 
157 296 11 7 0.021978032 
489 119 14 11 0.0219775 
274 372 10 7 0.021975541 
583 158 23 21 0.021957103 
574 212 9 7 0.021931447 
533 16 49 48 0.021925746 
159 12 51 53 0.021923423 
181 357 13 12 0.021922512 
919 645 11 11 0.02191578 
581 46 7 7 0.021909377 
157 352 25 22 0.021889329 
195 309 13 8 0.021880869 
446 634 9 8 0.021862583 
279 600 24 19 0.021860704 
139 352 9 9 0.02185196 
932 638 11 12 0.021849746 
298 62 29 25 0.021849653 
578 497 14 11 0.021843825 
720 396 37 58 0.021842862 
516 248 22 22 0.02184221 
618 256 9 10 0.02183653 
658 55 10 11 0.021815987 
604 377 29 26 0.0218115 
279 645 11 10 0.021808093 
519 202 100 84 0.021802327 
706 652 24 23 0.021797016 
615 34 7 6 0.0217966 
600 94 10 12 0.02179001 
331 639 10 10 0.02178328 
140 90 106 95 0.02177741 
582 251 8 8 0.021776842 
407 290 10 7 0.021762624 
222 645 10 10 0.021748751 
297 133 13 11 0.021733066 
133 167 10 8 0.02173147 
228 645 11 11 0.021728905 
394 645 11 10 0.021720352 
799 621 8 9 0.021701582 
605 190 14 18 0.021689758 
286 628 9 7 0.02168522 
957 97 29 24 0.021680584 
600 268 9 10 0.021649212 
156 109 12 12 0.021645335 
799 633 8 9 0.021639507 
783 114 25 21 0.021636827 
745 220 14 12 0.021629404 
131 94 12 10 0.021629129 
563 175 7 6 0.02161895 
132 358 10 9 0.021618644 
591 154 12 11 0.021617759 
378 256 106 83 0.021615641 
606 358 10 9 0.021613166 
151 627 11 9 0.021613032 
937 58 13 9 0.02161218 
507 538 33 20 0.0216113 
171 639 10 10 0.021593899 
419 295 10 8 0.021593083 
433 645 11 10 0.021586938 
459 634 23 20 0.021581305 
382 199 10 9 0.021581074 
202 332 11 10 0.021552812 
177 632 10 10 0.021548543 
234 347 9 8 0.021548243 
427 629 9 7 0.021544067 
955 20 100 76 0.021540083 
297 255 13 11 0.021538405 
597 143 14 15 0.021538027 
733 645 11 12 0.021533359 
759 195 12 13 0.02153222 
203 365 9 9 0.021530492 
394 424 11 7 0.021530014 
261 186 22 20 0.021528477 
708 82 11 10 0.021524612 
798 192 10 10 0.021520844 
188 308 12 7 0.021517426 
170 364 11 10 0.021515297 
106 537 12 10 0.021513144 
593 268 8 10 0.021512127 
938 652 22 23 0.02150302 
458 532 33 20 0.021500843 
188 115 14 17 0.021500641 
643 39 10 11 0.021496508 
970 177 13 12 0.021492394 
197 168 9 7 0.021489352 
125 120 12 11 0.021485304 
624 113 12 12 0.02148013 
340 144 29 20 0.021479413 
171 633 10 9 0.021469524 
420 645 11 10 0.02145624 
253 553 25 20 0.021452371 
210 371 9 9 0.021450559 
728 135 10 7 0.02145046 
128 135 8 8 0.02143936 
761 229 28 23 0.02143526 
152 611 24 19 0.021426039 
758 651 12 13 0.021421608 
273 645 10 10 0.02141893 
196 652 10 10 0.021418544 
626 359 8 8 0.02141025 
131 180 15 9 0.021405356 
146 392 24 20 0.021404855 
752 98 27 21 0.021402573 
517 640 23 25 0.021396438 
937 106 35 24 0.021391477 
719 169 15 9 0.02137714 
611 376 13 11 0.021376397 
794 151 13 12 0.021375982 
621 346 8 9 0.021374667 
324 639 11 10 0.021372518 
393 153 13 9 0.021368593 
913 644 11 13 0.021368004 
856 652 10 9 0.021363951 
221 339 11 9 0.021354541 
195 313 14 10 0.021349795 
298 352 12 8 0.021340942 
139 645 10 10 0.021330828 
514 614 28 22 0.021329856 
292 645 11 10 0.021322759 
157 120 22 22 0.021320255 
792 621 9 9 0.021313505 
994 171 29 20 0.021307185 
419 94 13 11 0.021305755 
809 204 11 10 0.021302303 
298 397 11 9 0.021297356 
200 526 27 20 0.021294614 
650 81 12 12 0.02129347 
746 651 11 13 0.021287551 
169 352 12 11 0.02128029 
388 645 10 10 0.02127382 
426 645 11 10 0.021268524 
926 64 12 8 0.021253122 
618 69 19 23 0.02124868 
856 640 10 9 0.02123622 
886 631 24 28 0.02123549 
363 410 11 7 0.021224817 
988 39 12 9 0.02121622 
601 274 8 11 0.02121261 
752 645 12 12 0.021212183 
14 300 4 10 0.021210533 
995 30 14 10 0.021194862 
189 358 11 11 0.021188498 
686 179 17 20 0.021184327 
356 652 10 9 0.021180581 
579 242 11 11 0.021175213 
145 627 10 9 0.02116712 
799 628 8 9 0.02116194 
568 514 9 7 0.021158671 
615 503 23 29 0.02115426 
120 333 8 7 0.021147594 
737 172 14 10 0.021142619 
919 651 22 24 0.02114153 
791 627 10 9 0.021138126 
217 313 26 17 0.021134483 
350 652 10 9 0.021133063 
920 638 10 12 0.021132529 
170 159 12 11 0.021127801 
963 79 11 7 0.021125095 
722 142 10 7 0.021120278 
977 737 25 23 0.021117147 
553 95 13 11 0.021110648 
856 107 25 20 0.021110097 
509 204 12 10 0.02111007 
989 390 12 10 0.0211043 
914 632 9 11 0.021093613 
675 250 43 57 0.021092238 
343 646 11 9 0.021087317 
710 89 10 9 0.021074995 
216 384 10 8 0.021070471 
274 552 9 6 0.02106817 
121 136 8 7 0.021065392 
393 402 12 11 0.021063726 
170 125 12 13 0.021058492 
583 39 78 95 0.02105518 
463 524 14 10 0.021054333 
189 193 11 9 0.0210507 
714 224 26 27 0.021049803 
977 627 10 10 0.021041598 
619 133 8 9 0.021040052 
133 539 10 7 0.021035815 
91 28 16 13 0.021035455 
715 115 26 21 0.021013103 
358 391 8 8 0.02101149 
602 382 15 12 0.021007426 
369 652 10 10 0.021006845 
505 545 11 8 0.021005513 
605 222 12 10 0.021004844 
548 236 10 11 0.021002868 
376 404 9 8 0.021002179 
412 14 27 20 0.020998944 
938 140 11 10 0.020995632 
363 652 10 9 0.020993214 
523 200 26 23 0.020986445 
812 652 9 9 0.02098262 
353 209 14 13 0.020981958 
987 52 26 25 0.02097023 
163 346 11 8 0.020969301 
503 267 11 12 0.020965137 
384 126 24 20 0.020964853 
286 645 10 10 0.02096152 
177 638 11 11 0.020957083 
376 397 9 8 0.020956546 
367 71 26 19 0.020955253 
234 639 11 10 0.020954829 
751 203 12 11 0.020951692 
305 645 10 10 0.020951552 
216 346 10 8 0.0209513 
458 634 11 8 0.020947283 
348 190 15 14 0.02094655 
675 149 13 16 0.020940168 
561 40 23 20 0.020931551 
143 325 12 10 0.020927014 
699 154 7 7 0.020920241 
177 627 10 9 0.020913858 
376 314 26 22 0.020912316 
327 122 25 24 0.0209123 
940 99 119 84 0.020904262 
350 432 28 21 0.020878784 
196 294 11 8 0.020875145 
914 140 48 55 0.020873737 
181 173 50 40 0.020872552 
421 141 11 9 0.020871973 
184 148 10 8 0.02087177 
202 203 12 9 0.020863486 
753 633 10 10 0.0208625 
599 248 11 11 0.020862114 
162 80 14 12 0.020860715 
120 128 9 8 0.020859761 
765 194 13 13 0.020859133 
555 506 10 8 0.020858325 
163 166 10 10 0.020858033 
884 68 50 48 0.020855252 
188 184 12 11 0.02085294 
619 177 9 16 0.020852694 
988 58 55 45 0.020851616 
589 514 8 7 0.020849582 
600 288 8 10 0.020846909 
304 126 14 12 0.020845858 
374 281 12 9 0.02083825 
200 511 25 21 0.020832524 
726 657 13 13 0.020829353 
645 88 10 11 0.020823635 
821 82 25 19 0.020817185 
120 384 9 8 0.020816674 
170 346 28 25 0.020816162 
491 538 9 5 0.020813657 
727 645 11 12 0.020807618 
599 351 11 11 0.020795919 
106 380 25 21 0.020795116 
602 116 23 23 0.020794932 
228 384 10 8 0.02079025 
962 651 23 25 0.020784482 
234 430 27 18 0.02077266 
575 179 9 8 0.02077208 
374 179 15 11 0.020772016 
617 248 11 12 0.020771546 
598 241 11 12 0.020769523 
873 635 25 28 0.020764839 
774 174 9 7 0.020763246 
779 203 25 21 0.02075335 
420 313 29 18 0.02074428 
560 532 26 23 0.020731028 
121 354 22 20 0.02073083 
562 183 22 21 0.020724868 
642 346 5 9 0.020724563 
209 532 10 7 0.020722615 
516 539 11 7 0.020720903 
287 392 9 7 0.020713713 
210 127 10 10 0.020712303 
105 189 14 11 0.020707455 
984 413 27 19 0.02070067 
536 205 9 8 0.020694565 
550 186 8 7 0.020677604 
203 371 9 8 0.020675832 
596 540 6 5 0.020674935 
676 205 27 29 0.020669594 
228 378 10 9 0.020665927 
586 328 26 26 0.020661764 
621 364 9 8 0.0206609 
906 653 22 27 0.020659812 
717 326 51 47 0.020656511 
191 167 9 8 0.020656195 
221 417 11 7 0.020652639 
644 229 46 54 0.020650927 
177 153 11 10 0.0206455 
173 166 23 23 0.0206412 
152 645 9 10 0.020628372 
670 71 11 9 0.020623239 
956 89 13 9 0.02062264 
241 345 10 9 0.020620381 
630 20 24 22 0.020619096 
611 217 11 12 0.020613233 
241 627 10 9 0.020608567 
563 279 9 12 0.020604244 
927 59 25 18 0.020603456 
465 639 11 10 0.020602085 
977 632 10 11 0.020590788 
606 351 11 11 0.020590248 
801 172 12 11 0.02058812 
151 332 11 9 0.020580914 
669 33 10 9 0.020571705 
510 235 12 11 0.02056809 
547 248 10 11 0.0205648 
118 202 27 25 0.020559398 
983 56 12 10 0.020554448 
274 360 8 5 0.020547727 
739 645 12 12 0.020543024 
406 165 13 10 0.020541701 
254 611 23 20 0.02054064 
84 192 22 20 0.020540137 
867 153 13 10 0.020538751 
312 46 45 45 0.020536525 
746 645 11 12 0.020536438 
145 645 10 10 0.02052493 
978 15 26 19 0.020524228 
976 249 12 9 0.020523144 
239 212 14 10 0.020522743 
188 302 11 7 0.02051481 
351 121 50 41 0.020509074 
829 153 11 8 0.020506397 
827 147 13 9 0.020500463 
300 155 27 19 0.020498913 
158 282 9 8 0.020495282 
346 216 27 23 0.020489205 
98 60 15 14 0.02048265 
567 234 11 13 0.020476546 
176 364 11 10 0.020463122 
841 47 15 13 0.020445397 
146 367 23 23 0.020438995 
191 628 21 20 0.020436121 
176 71 10 9 0.020431021 
699 161 7 7 0.020430071 
631 -5 92 89 0.02041354 
105 196 13 12 0.020411035 
630 114 12 12 0.020403692 
509 540 10 7 0.0204012 
133 134 10 9 0.020400891 
811 153 11 9 0.020400228 
279 385 10 8 0.020398077 
592 235 13 13 0.020392878 
778 639 11 11 0.020390373 
96 323 120 82 0.02039026 
154 188 14 14 0.020384993 
176 106 13 14 0.020376211 
420 146 14 11 0.02037586 
184 140 10 10 0.020375853 
0 619 32 82 0.020365452 
714 128 11 9 0.02036516 
604 129 10 9 0.020363407 
366 154 13 8 0.020354033 
708 191 11 10 0.02035345 
426 648 25 25 0.020346243 
413 153 12 10 0.02034406 
397 346 55 42 0.02033344 
692 468 26 28 0.02033087 
267 645 10 11 0.02032967 
728 128 11 8 0.020328453 
722 225 49 54 0.020328173 
579 202 13 11 0.020326478 
659 115 59 54 0.020324651 
609 519 6 9 0.020320427 
591 147 24 23 0.020316068 
184 645 10 10 0.020315846 
597 70 18 19 0.020309893 
209 394 24 22 0.020307586 
108 345 9 10 0.020303458 
740 639 11 11 0.020299466 
209 339 11 9 0.020297354 
190 645 10 10 0.020296965 
813 633 8 9 0.020289462 
813 182 25 20 0.020287847 
182 124 13 14 0.020286096 
945 632 10 11 0.020285059 
343 652 11 9 0.020285042 
544 194 22 18 0.020283306 
89 186 10 8 0.020280976 
299 622 9 7 0.020278635 
131 530 13 9 0.020275792 
177 645 11 11 0.020275773 
947 14 59 43 0.020275414 
587 173 9 8 0.02027388 
368 324 12 11 0.020273574 
598 160 10 9 0.020256342 
164 267 13 11 0.020255387 
465 634 10 8 0.020249657 
640 14 24 19 0.020244433 
848 209 14 12 0.020244403 
765 128 11 9 0.020244332 
241 645 11 11 0.020236814 
331 629 22 20 0.02023255 
133 127 22 21 0.020231076 
877 287 63 40 0.020228267 
126 160 9 8 0.02021781 
977 749 25 23 0.020211115 
496 518 11 7 0.020208487 
210 174 10 6 0.020204298 
139 140 9 10 0.020204104 
234 645 11 11 0.020201596 
584 233 14 14 0.020199696 
538 613 28 23 0.020198762 
781 180 10 9 0.020198667 
990 659 10 9 0.020196535 
285 170 114 79 0.020194765 
577 162 6 7 0.020193871 
260 370 25 23 0.020190332 
598 180 15 14 0.020187449 
316 80 41 36 0.020181036 
625 355 24 28 0.020181006 
104 199 26 24 0.020178583 
170 132 11 12 0.020178322 
556 180 8 7 0.020176563 
957 37 12 11 0.020170046 
975 376 15 11 0.020170001 
982 741 12 11 0.020161275 
309 365 12 9 0.020160588 
471 627 23 21 0.020157969 
829 186 11 8 0.020157758 
939 215 127 89 0.020155167 
606 212 9 9 0.020152498 
324 645 11 10 0.020147098 
203 629 9 7 0.020142421 
187 342 13 11 0.020141788 
741 234 10 13 0.020141521 
305 308 10 7 0.020136155 
580 267 11 13 0.020132467 
563 514 9 7 0.020125655 
222 384 10 8 0.020123217 
637 92 11 14 0.02012209 
616 50 22 22 0.02011946 
363 159 16 10 0.020112975 
262 354 7 5 0.020111006 
739 657 12 13 0.02010582 
452 525 10 8 0.020104311 
414 640 26 23 0.020104209 
343 22 49 53 0.020096479 
976 729 12 11 0.020094516 
134 399 7 6 0.020094234 
560 227 12 11 0.020091536 
100 164 12 11 0.020085435 
157 167 10 10 0.020082109 
1 626 5 15 0.020071028 
287 384 10 7 0.020070776 
399 383 27 21 0.02006978 
125 407 28 20 0.020068489 
682 145 11 14 0.020068102 
230 439 29 18 0.020067476 
823 652 11 10 0.020065608 
625 130 23 23 0.02006228 
100 345 10 10 0.0200582 
607 162 8 8 0.020053642 
204 539 8 6 0.020044312 
589 47 7 6 0.020041423 
790 109 13 11 0.020041315 
441 13 49 50 0.020040905 
106 174 11 8 0.020033525 
765 621 26 29 0.02002989 
734 136 10 7 0.020026632 
594 106 21 23 0.020019863 
458 645 11 10 0.020018192 
382 274 25 17 0.020017827 
284 509 26 17 0.020005604 
810 113 13 11 0.020003116 
