33_Running_Running_33_209
319
600 146 110 148 0.99927515 
119 2 106 69 0.31017113 
251 175 26 27 0.09546449 
165 25 35 30 0.07955216 
75 3 52 41 0.06544977 
68 2 100 76 0.06429451 
355 56 12 17 0.06265002 
822 297 23 30 0.05855548 
351 129 29 22 0.055307828 
181 16 60 47 0.05201076 
341 169 28 25 0.051730245 
246 38 13 18 0.05172129 
159 14 32 25 0.04821057 
493 141 28 25 0.047743354 
345 270 10 11 0.04551053 
158 14 103 93 0.043578375 
183 43 28 24 0.04300648 
405 51 11 16 0.042976327 
474 354 25 24 0.042684402 
466 370 27 27 0.042382784 
232 169 12 16 0.042029593 
82 2 30 22 0.04178675 
304 300 13 20 0.041059364 
426 321 107 94 0.04089549 
208 17 30 26 0.040891524 
114 54 32 29 0.040271766 
55 12 12 16 0.040002108 
559 275 29 28 0.03997838 
781 514 44 45 0.03981653 
267 180 21 25 0.039797336 
356 253 10 11 0.03958393 
40 10 11 13 0.039577205 
310 276 13 15 0.03956242 
216 47 24 25 0.03890282 
421 204 11 15 0.038850408 
125 41 12 13 0.03847055 
103 43 26 26 0.038279496 
99 268 13 18 0.03782498 
98 2 17 13 0.037612908 
365 208 24 28 0.036978085 
260 230 13 15 0.036950976 
349 139 50 41 0.036809314 
468 115 25 34 0.036310583 
780 490 24 28 0.036286306 
444 227 12 14 0.03622336 
211 30 28 29 0.03609169 
39 92 12 15 0.03581461 
121 102 22 24 0.03541047 
225 202 16 17 0.03513334 
-31 -129 189 181 0.035102095 
189 75 22 25 0.03507861 
396 146 24 27 0.034850053 
350 300 12 13 0.034721278 
433 187 86 91 0.03457622 
343 206 12 13 0.034565017 
205 45 21 27 0.034233414 
404 348 14 18 0.034096234 
299 253 12 15 0.033915915 
460 265 11 15 0.033807945 
452 243 12 15 0.033326674 
250 159 22 21 0.03329025 
375 81 18 26 0.033278957 
387 33 12 14 0.033127602 
107 26 25 26 0.03305368 
291 115 14 15 0.033028737 
434 170 10 11 0.03302543 
345 183 24 25 0.032886885 
89 116 25 30 0.03268605 
162 53 26 24 0.032676104 
360 76 11 15 0.032480236 
669 363 380 404 0.032263927 
140 142 23 29 0.03199657 
437 246 11 13 0.03191049 
239 42 14 19 0.03179984 
381 252 10 14 0.03170584 
400 21 12 13 0.031519115 
240 33 13 17 0.031466905 
407 230 13 15 0.031444438 
434 226 10 13 0.031343807 
845 307 46 51 0.031070065 
402 324 11 19 0.03102337 
411 94 29 38 0.031021507 
369 22 11 14 0.030931292 
152 21 24 25 0.03087927 
461 83 13 16 0.030861786 
106 10 28 28 0.030701643 
378 221 21 23 0.030628337 
341 150 15 15 0.03062167 
401 188 24 26 0.030595753 
316 298 12 17 0.030490227 
434 148 22 28 0.030488806 
373 58 12 19 0.030430967 
454 60 23 30 0.030392133 
200 42 51 47 0.03038636 
433 166 19 23 0.030280925 
374 187 25 26 0.030279255 
452 208 12 13 0.030252049 
345 151 25 22 0.030103182 
460 283 11 13 0.030045746 
428 95 29 33 0.030008983 
451 163 19 25 0.029599227 
231 45 14 19 0.029509962 
508 62 12 17 0.029398067 
383 137 16 16 0.029256744 
4 272 23 33 0.02916738 
401 316 11 16 0.029067842 
196 167 24 22 0.029061912 
446 238 11 15 0.028968556 
369 260 10 13 0.028921902 
145 463 11 11 0.028884986 
402 158 25 29 0.028864838 
88 26 26 31 0.028467959 
386 112 13 15 0.028387547 
128 19 24 30 0.0281591 
128 38 25 29 0.02801279 
394 170 24 26 0.027880535 
77 227 27 30 0.027795691 
330 211 13 16 0.027735922 
306 99 22 21 0.027708571 
226 154 13 15 0.027680825 
393 29 20 24 0.02762901 
356 191 26 30 0.027519818 
137 45 12 16 0.027511127 
223 61 23 30 0.027476707 
386 202 25 28 0.027459368 
180 10 33 32 0.027451206 
508 308 14 22 0.02708679 
465 218 27 29 0.02704238 
395 239 10 13 0.026980324 
122 33 13 15 0.026972715 
97 18 14 13 0.026754377 
155 36 30 26 0.026604714 
348 97 16 19 0.026561027 
394 65 10 16 0.026531162 
109 -1 25 19 0.02643805 
361 136 29 24 0.026311088 
410 370 19 30 0.02616263 
336 259 10 10 0.026158346 
48 25 24 28 0.02614148 
122 192 12 15 0.02607336 
304 281 19 24 0.02598182 
468 135 20 29 0.025875453 
61 29 10 13 0.025871802 
490 167 13 14 0.025833935 
59 18 12 16 0.025684055 
336 112 13 16 0.025652973 
22 82 13 15 0.025649713 
122 128 23 23 0.025609238 
496 225 12 16 0.025577165 
358 277 11 12 0.025344206 
128 109 24 27 0.02518209 
403 111 26 28 0.025176646 
39 118 13 15 0.02517588 
445 269 11 15 0.025111487 
149 3 27 22 0.025095906 
57 35 23 24 0.02507439 
2 388 121 108 0.025038019 
478 385 12 14 0.02502562 
34 20 23 27 0.025016202 
497 291 21 30 0.025014466 
143 67 25 26 0.024961127 
885 331 27 31 0.024825359 
138 36 12 16 0.024726996 
477 202 14 19 0.024691885 
258 40 11 17 0.024681319 
49 5 51 51 0.024603257 
127 3 28 21 0.024562199 
238 57 14 18 0.02455729 
54 91 18 26 0.024494115 
421 182 11 14 0.02449289 
386 225 10 13 0.024445506 
132 91 24 27 0.024343595 
373 222 15 17 0.024315089 
281 185 13 17 0.024209654 
346 239 11 13 0.024180276 
463 284 26 26 0.0239806 
820 320 28 31 0.023980515 
439 163 10 12 0.023953065 
200 38 15 16 0.023903977 
-6 -13 93 96 0.02389827 
174 56 28 27 0.023885323 
85 56 26 28 0.023881035 
256 328 22 27 0.02387908 
461 384 26 25 0.023853246 
252 83 26 32 0.023847302 
351 120 105 86 0.023772646 
276 287 22 30 0.023754286 
328 129 13 15 0.023721362 
51 45 25 25 0.02371542 
159 451 11 11 0.023674142 
839 295 24 30 0.02365153 
404 81 22 28 0.023473619 
832 327 28 36 0.023415497 
402 308 9 14 0.023361191 
371 264 179 209 0.023348616 
527 262 12 15 0.023332704 
67 25 25 29 0.023315694 
297 273 11 11 0.023224818 
79 47 24 25 0.023209598 
-5 -144 59 144 0.023187546 
176 108 12 15 0.023161419 
194 30 16 17 0.023161065 
387 22 11 13 0.023133526 
483 199 22 31 0.023120442 
111 78 22 26 0.023119647 
361 220 23 30 0.023119032 
771 520 26 35 0.02311339 
136 58 24 24 0.023089083 
490 72 12 14 0.023069616 
132 40 12 15 0.02301287 
515 58 11 16 0.022898043 
778 533 28 35 0.022893986 
335 161 22 23 0.022892129 
998 386 28 23 0.02288213 
435 249 108 104 0.022834502 
417 13 24 25 0.02279033 
189 53 16 13 0.022781609 
901 367 29 33 0.02275358 
493 269 23 27 0.022685573 
83 168 15 17 0.022505652 
329 262 23 21 0.022461314 
185 127 15 17 0.022418287 
7 -2 12 10 0.022414738 
271 269 21 28 0.022376278 
342 274 12 15 0.022322975 
266 273 10 17 0.022310866 
204 189 22 21 0.022294156 
788 527 19 24 0.022251006 
27 31 14 19 0.022237362 
325 268 13 14 0.022220915 
62 124 20 28 0.02220862 
399 292 11 16 0.022207089 
30 46 11 13 0.022172084 
433 256 11 16 0.022121906 
124 16 15 13 0.022101022 
66 159 12 16 0.022095334 
47 129 12 16 0.022087712 
443 255 22 25 0.022052845 
356 207 11 14 0.022048322 
407 253 13 15 0.021991298 
308 8 91 81 0.021961495 
420 233 11 15 0.021938043 
392 135 15 15 0.021898726 
415 148 26 27 0.02186924 
382 15 11 13 0.021819957 
340 54 13 15 0.021810627 
761 493 45 58 0.021807054 
244 96 25 25 0.021772379 
863 354 61 58 0.021770243 
433 158 11 13 0.021764994 
406 43 10 13 0.02175911 
728 427 211 211 0.021720387 
86 277 19 27 0.021681756 
471 162 10 14 0.021669284 
450 224 27 30 0.02166554 
155 57 15 17 0.021634866 
68 68 114 97 0.021626016 
502 60 12 16 0.021607822 
459 151 8 10 0.021607358 
904 361 16 19 0.021587668 
454 335 10 14 0.021572467 
470 79 12 15 0.021552097 
44 54 13 15 0.021506436 
362 259 11 13 0.021462658 
22 26 12 18 0.021461783 
77 100 23 30 0.021446906 
362 199 12 15 0.021412728 
162 142 20 27 0.02140618 
157 142 13 19 0.021362098 
340 162 102 95 0.021295263 
468 60 23 27 0.021288691 
452 353 12 20 0.02128532 
401 239 10 13 0.021256633 
439 265 12 16 0.021241246 
355 196 13 17 0.021202594 
49 11 11 14 0.02116528 
426 163 11 14 0.02116324 
1008 406 23 30 0.021142237 
471 356 12 14 0.02108511 
839 306 90 89 0.021084389 
549 334 43 58 0.021055833 
472 295 28 32 0.021032417 
139 459 11 10 0.020973008 
478 256 20 27 0.020963429 
438 291 9 15 0.020941498 
910 377 14 17 0.02092979 
397 215 21 26 0.020895012 
40 34 12 15 0.020821372 
411 27 22 26 0.020815047 
399 76 74 75 0.02078511 
487 235 22 26 0.020762602 
413 241 22 30 0.020756746 
810 308 25 32 0.020724064 
266 98 24 26 0.020706179 
397 131 28 28 0.020684445 
346 199 14 17 0.02068112 
34 40 12 14 0.020673491 
334 303 10 13 0.020646201 
410 29 81 82 0.020639231 
90 71 24 25 0.020517115 
405 33 11 14 0.020510664 
492 64 19 24 0.02048355 
504 248 22 25 0.020482382 
413 248 11 14 0.020465702 
343 261 11 11 0.020454584 
369 244 12 13 0.020447083 
160 696 8 9 0.020412857 
226 31 14 18 0.020398356 
49 40 12 15 0.020359393 
758 302 94 111 0.020239227 
336 49 11 13 0.02023354 
83 -97 249 160 0.020225633 
482 279 24 30 0.02013339 
401 7 51 48 0.02012765 
398 233 19 24 0.020109123 
432 181 12 15 0.020077785 
321 303 20 24 0.020046841 
541 137 11 13 0.020036792 
455 121 24 31 0.020008793 
