33_Running_Running_33_266
160
872 194 44 59 0.9998148 
241 221 41 58 0.999734 
483 248 48 64 0.99973124 
612 120 41 57 0.9996555 
795 91 41 59 0.99945587 
360 252 51 74 0.9990563 
94 258 48 66 0.99898046 
183 175 43 44 0.99860066 
768 268 48 66 0.99844813 
746 214 43 48 0.99821824 
392 134 41 43 0.99662244 
-2 166 44 49 0.9946926 
810 206 45 46 0.98361224 
281 208 42 39 0.9818224 
511 175 46 49 0.9798171 
887 131 39 48 0.9794789 
250 157 45 56 0.97291553 
38 166 29 39 0.96440965 
662 197 46 38 0.9539897 
479 146 29 38 0.8835722 
128 189 35 36 0.8304926 
920 103 32 47 0.75157356 
393 218 32 44 0.23215875 
0 623 7 14 0.17252135 
269 131 21 32 0.16211775 
991 205 43 50 0.13715094 
57 145 27 41 0.13593927 
449 131 18 27 0.12986204 
936 120 36 49 0.10251976 
68 216 40 43 0.101911485 
228 154 20 30 0.08810356 
173 611 9 13 0.08162467 
368 18 7 8 0.07939678 
408 0 7 7 0.07824218 
102 96 11 17 0.07768961 
383 0 7 6 0.0694559 
121 150 30 27 0.064498544 
499 151 38 46 0.062213924 
256 201 46 53 0.059179988 
524 592 11 10 0.056161378 
901 598 9 11 0.055293426 
366 0 6 6 0.047998857 
602 132 9 18 0.046879116 
111 193 38 45 0.045789827 
267 175 46 59 0.044095706 
304 42 10 10 0.04364261 
293 66 8 10 0.04250233 
629 306 42 45 0.041208964 
343 111 14 16 0.040691182 
672 35 9 12 0.040358476 
109 152 25 27 0.040177103 
103 193 23 36 0.040040176 
49 185 38 51 0.03958304 
86 200 37 49 0.039375596 
853 591 8 11 0.039093576 
384 41 7 8 0.038744573 
151 149 29 33 0.038715445 
350 1 7 10 0.038560838 
405 0 6 7 0.037504513 
344 95 8 12 0.0366979 
300 34 8 9 0.03652943 
112 122 24 28 0.036088087 
358 8 7 9 0.035344955 
367 155 23 31 0.034903754 
42 144 26 37 0.034609757 
147 180 26 31 0.034220435 
456 118 14 23 0.033961985 
380 0 5 6 0.032982253 
540 322 43 56 0.032531045 
304 10 8 8 0.032420292 
891 108 27 42 0.03150134 
370 3 6 8 0.031116324 
105 172 27 38 0.031060608 
324 159 34 47 0.03105076 
109 103 20 26 0.03089514 
415 11 7 10 0.030428981 
79 173 36 53 0.030371891 
612 1 29 24 0.030337786 
1 374 23 35 0.029777888 
300 98 8 13 0.029149773 
88 155 21 29 0.028805135 
131 138 25 25 0.028762957 
377 2 7 8 0.02868017 
287 159 25 28 0.028598744 
760 233 41 49 0.028555106 
734 44 25 37 0.02821841 
384 18 6 7 0.028046835 
175 154 18 31 0.027676165 
2 100 14 18 0.027503885 
650 275 28 25 0.027116312 
305 161 24 33 0.026954181 
339 59 8 10 0.026925292 
390 3 7 7 0.026922632 
103 79 7 9 0.026817536 
267 73 7 8 0.026669288 
405 16 7 8 0.026651705 
32 203 37 56 0.026600033 
447 128 11 18 0.026296606 
490 91 16 27 0.026220731 
329 41 15 12 0.025964063 
148 137 23 25 0.02548994 
262 62 6 6 0.025292134 
865 617 7 9 0.025135938 
301 47 8 9 0.025071843 
437 140 22 27 0.025044085 
384 22 7 9 0.025000356 
493 155 16 21 0.02493379 
357 29 7 8 0.02465027 
500 141 25 32 0.024636997 
665 15 7 9 0.02438487 
344 116 21 27 0.024257842 
275 62 7 7 0.024217963 
268 48 9 9 0.024217492 
628 364 31 29 0.024117429 
418 37 6 8 0.024054673 
268 93 9 9 0.024041718 
380 123 21 30 0.023759348 
415 329 41 57 0.023691481 
279 67 7 9 0.023663905 
304 34 10 11 0.023589581 
325 69 10 9 0.023486525 
287 10 8 7 0.023474613 
112 161 30 34 0.023416756 
375 190 40 42 0.023395637 
134 168 14 13 0.023283122 
696 598 11 13 0.0230039 
402 43 8 9 0.022910822 
414 634 11 17 0.02272946 
397 4 6 6 0.022703031 
281 28 9 9 0.022474304 
262 56 7 7 0.022342782 
755 616 15 13 0.022261253 
246 47 9 10 0.022111665 
389 0 6 6 0.022086347 
71 152 23 32 0.02206241 
264 69 5 6 0.02199942 
958 610 9 9 0.021878941 
223 156 37 55 0.021865524 
283 143 13 20 0.021796215 
325 10 7 7 0.021664275 
111 570 10 13 0.021249989 
954 331 85 79 0.021235893 
617 315 73 77 0.021233395 
306 29 8 8 0.021217912 
638 143 23 39 0.021049516 
404 11 6 7 0.021029713 
929 623 12 12 0.020983825 
107 158 14 17 0.020978497 
855 595 9 13 0.02089314 
696 181 24 35 0.020888604 
311 98 8 10 0.020876713 
353 68 7 8 0.0206583 
417 42 7 10 0.020628007 
268 87 8 8 0.020617764 
778 209 37 51 0.020570258 
117 201 12 17 0.020409163 
127 55 9 7 0.020275787 
149 124 19 15 0.020153679 
628 7 14 15 0.020071028 
406 43 8 9 0.020005615 
