33_Running_Running_33_286
3663
483 290 48 73 0.9998196 
920 472 6 8 0.24605465 
856 592 9 14 0.24232805 
725 1064 5 8 0.17180163 
824 487 7 7 0.16402054 
405 508 36 37 0.13848387 
714 475 12 13 0.13538492 
847 471 11 13 0.11815201 
692 1004 4 6 0.11355937 
23 486 11 12 0.11000571 
926 671 5 7 0.10696831 
909 674 4 5 0.103445806 
921 684 4 7 0.09893209 
793 644 6 9 0.09488656 
1002 362 18 32 0.094693296 
694 478 11 12 0.094431385 
1 391 10 20 0.09154067 
426 393 32 43 0.08767387 
962 651 5 6 0.08632919 
85 485 7 10 0.086256705 
961 646 4 6 0.08597808 
1009 665 5 8 0.08576964 
743 473 7 7 0.08568982 
776 481 8 8 0.085369125 
310 631 6 7 0.08473663 
703 1072 6 9 0.08437683 
819 474 7 7 0.081996836 
1010 577 5 7 0.08098475 
71 494 7 11 0.080501005 
902 674 4 5 0.079964384 
39 492 7 11 0.079771556 
2 488 7 10 0.0791509 
721 1077 7 9 0.07889409 
951 717 6 10 0.078850314 
921 681 3 6 0.078805685 
881 625 5 7 0.07850415 
913 672 4 6 0.07843217 
901 474 5 8 0.07810336 
715 1057 6 9 0.07636623 
743 470 6 6 0.07535601 
923 699 4 7 0.07516306 
669 486 9 9 0.07328173 
622 699 5 7 0.071670115 
667 1063 6 8 0.06880811 
934 694 4 6 0.0688077 
923 672 4 5 0.068750754 
749 1076 7 11 0.06860496 
914 712 4 6 0.06832213 
699 1058 4 7 0.06737409 
1001 719 6 8 0.06700125 
678 474 6 7 0.06689723 
23 482 9 10 0.066689946 
661 469 5 6 0.06668501 
681 1064 5 7 0.06620045 
892 747 5 6 0.06607628 
692 1066 4 6 0.06605738 
547 1051 6 8 0.065725334 
1009 587 8 11 0.0656519 
960 697 5 8 0.064868554 
895 707 3 6 0.06468369 
1017 618 4 8 0.06414732 
920 713 4 6 0.06407604 
936 698 4 7 0.06370464 
759 481 10 7 0.06325759 
894 673 4 6 0.06318381 
291 633 4 6 0.06296241 
919 719 5 6 0.06280658 
723 638 5 7 0.06278684 
663 1064 6 7 0.062686585 
770 469 7 6 0.062497694 
715 1052 6 7 0.06229397 
984 666 4 7 0.06222227 
791 479 7 9 0.06166968 
220 481 10 9 0.061474666 
912 706 5 8 0.06140307 
867 754 4 7 0.061242566 
677 1063 5 8 0.06122208 
675 1076 6 9 0.061156638 
926 576 7 9 0.060980655 
934 619 6 6 0.0608846 
933 622 6 7 0.060851425 
960 692 5 8 0.060832247 
894 653 4 6 0.060618125 
640 485 9 9 0.060611054 
436 1072 6 8 0.060459815 
810 567 10 12 0.06042922 
1015 623 5 9 0.06022387 
755 468 7 6 0.06016552 
885 741 5 5 0.060096674 
914 698 4 8 0.059800133 
916 638 4 6 0.059796825 
751 469 6 6 0.059597425 
1009 670 4 7 0.059374887 
206 493 10 8 0.05914646 
941 639 5 6 0.058780488 
5 499 7 10 0.058768034 
5 480 6 8 0.058276583 
894 742 4 5 0.058270916 
1002 579 5 6 0.058253452 
872 684 6 8 0.058179755 
1008 642 6 9 0.058016397 
864 983 5 6 0.05800259 
968 700 5 7 0.057898138 
698 474 9 9 0.05760627 
725 983 4 6 0.057413645 
716 655 9 12 0.057358675 
697 999 4 5 0.056835007 
715 1064 6 8 0.056711778 
765 1073 6 8 0.05669911 
1009 582 7 9 0.05666058 
756 1074 6 8 0.056598756 
901 741 4 5 0.056186195 
630 700 4 7 0.056083124 
1017 597 5 8 0.056075677 
296 637 5 7 0.0560081 
979 1076 7 12 0.05598669 
880 604 5 6 0.055579294 
785 488 8 9 0.05542842 
769 476 8 6 0.05534764 
936 686 4 6 0.055211402 
804 603 5 7 0.055201627 
753 965 5 5 0.05490146 
792 476 6 7 0.054844227 
331 572 5 6 0.054795135 
914 693 4 7 0.05466852 
941 619 5 7 0.054404054 
884 626 5 7 0.054355137 
878 751 5 7 0.054334197 
669 1076 7 9 0.054319043 
915 679 4 6 0.05397568 
873 680 4 7 0.053966124 
546 1072 6 9 0.053769287 
956 698 4 7 0.05372745 
736 1064 7 9 0.05347154 
1014 691 6 9 0.053410493 
755 477 8 6 0.053343993 
887 643 6 8 0.053066976 
881 629 6 8 0.05304356 
635 1076 6 8 0.053011134 
875 645 5 7 0.052971337 
762 469 7 6 0.052810613 
472 955 110 126 0.052723523 
936 639 4 5 0.05261704 
730 481 8 8 0.05260959 
738 470 5 6 0.052576922 
418 577 5 9 0.052487627 
900 752 4 6 0.052475307 
389 595 6 8 0.052472644 
762 477 7 6 0.052420493 
851 637 6 9 0.052404813 
718 631 4 5 0.052383956 
952 711 6 9 0.052369 
195 481 13 11 0.0523425 
927 619 4 6 0.05223685 
776 469 7 6 0.052196525 
1013 576 5 7 0.052174874 
894 665 5 6 0.052133925 
709 1064 6 9 0.052063897 
695 1004 5 6 0.051999897 
661 1077 7 10 0.051968724 
769 480 9 8 0.05187461 
875 700 4 5 0.051851165 
432 1071 6 9 0.05177313 
691 1073 5 6 0.05163518 
839 420 6 6 0.051516794 
909 678 3 5 0.05144401 
866 479 7 9 0.05144218 
303 606 4 4 0.05136786 
1014 630 6 10 0.051354688 
987 568 6 9 0.051202245 
434 1058 4 7 0.051000424 
928 720 5 6 0.050927177 
887 652 5 7 0.05082984 
1007 596 7 8 0.05079391 
953 706 5 7 0.05078907 
901 748 4 6 0.050672747 
648 486 8 8 0.050405852 
964 685 4 8 0.050303806 
885 629 5 8 0.050134942 
700 666 3 5 0.05009658 
867 971 5 5 0.050085135 
929 623 4 6 0.049983934 
1011 407 5 9 0.04997525 
1009 726 5 9 0.049718156 
447 1072 4 7 0.049698643 
999 711 6 7 0.04947653 
704 1059 4 7 0.049407244 
724 1051 5 6 0.04928048 
268 609 5 9 0.049262363 
859 628 6 9 0.049213614 
551 695 7 11 0.049209394 
976 624 5 8 0.049020126 
888 472 6 8 0.04899492 
924 592 11 12 0.048992235 
926 602 6 8 0.048956543 
446 1065 4 8 0.04894638 
660 642 6 7 0.048874337 
791 469 7 7 0.04887104 
1001 582 5 8 0.048713878 
986 770 63 139 0.048674826 
671 469 5 6 0.048534416 
534 690 8 12 0.048525758 
882 739 4 6 0.048458718 
879 645 5 7 0.048432715 
707 1071 7 10 0.048428256 
704 666 3 6 0.04840706 
732 972 4 5 0.048394836 
922 612 4 5 0.048328426 
696 673 5 7 0.04819303 
738 473 5 7 0.04810508 
677 469 4 6 0.04810449 
751 481 8 7 0.048076943 
939 700 5 7 0.048060674 
928 679 4 7 0.047957778 
921 638 5 6 0.047936115 
873 733 5 7 0.04793566 
782 476 7 7 0.047877703 
811 562 8 10 0.04780337 
832 665 5 6 0.0477721 
724 676 7 8 0.047564793 
924 473 6 8 0.04753164 
992 697 6 9 0.047483057 
866 700 5 5 0.047402654 
371 604 6 8 0.047364455 
732 999 5 5 0.047316153 
291 636 5 7 0.047194663 
845 746 4 6 0.04719131 
304 631 5 6 0.047183022 
852 653 5 7 0.047112133 
730 1031 5 7 0.04698109 
718 626 4 5 0.046958398 
983 698 5 7 0.046905246 
730 983 5 6 0.04683242 
437 672 26 36 0.046830706 
745 985 4 6 0.04675311 
734 1073 8 10 0.046703126 
508 896 11 16 0.046642724 
892 751 6 9 0.046614084 
1002 724 6 10 0.04660597 
776 587 6 10 0.046552017 
929 685 3 7 0.04650676 
692 1001 4 5 0.04645881 
862 983 4 6 0.046311297 
894 944 4 6 0.046311088 
705 632 4 6 0.046287406 
769 378 43 50 0.046200864 
704 1065 6 8 0.046142757 
147 482 11 14 0.046142727 
934 673 5 6 0.046073988 
256 482 6 5 0.046034407 
717 985 5 6 0.04600056 
723 633 4 5 0.04599425 
987 665 5 8 0.045987602 
724 625 4 5 0.0459653 
732 626 4 5 0.04596399 
975 725 6 11 0.045960575 
750 476 7 6 0.045886166 
311 577 4 6 0.045862958 
739 965 4 4 0.045837756 
751 986 4 6 0.04580888 
886 603 5 7 0.045797653 
617 686 4 6 0.04576315 
879 407 7 7 0.04571722 
936 679 4 7 0.04566303 
940 678 4 7 0.04559866 
724 992 4 6 0.045574762 
709 860 115 127 0.045470264 
1011 402 4 5 0.04545805 
715 643 6 7 0.045427434 
294 633 5 6 0.045354065 
641 1072 7 8 0.045311823 
968 640 5 5 0.0452663 
709 475 8 8 0.045263335 
956 651 4 5 0.045226388 
913 603 5 8 0.045224406 
1016 698 5 8 0.045219842 
947 689 6 9 0.0451236 
663 919 103 115 0.045089252 
50 488 8 9 0.04507754 
902 618 4 6 0.045002926 
776 476 8 7 0.044994403 
1014 407 5 10 0.044910144 
69 481 7 9 0.044892393 
855 979 4 5 0.0448195 
732 979 5 5 0.04474882 
697 1042 6 8 0.044654083 
438 1076 6 10 0.044624258 
880 720 4 6 0.04462058 
692 699 4 8 0.044584494 
914 720 4 6 0.04455617 
957 647 3 5 0.044486977 
872 752 5 8 0.04446978 
820 711 4 8 0.04438568 
656 659 5 6 0.044365097 
838 666 5 7 0.044341188 
744 490 7 6 0.044290695 
113 486 8 11 0.044224486 
902 625 4 6 0.044171665 
778 1065 5 7 0.044094782 
875 986 4 6 0.04403595 
1016 809 3 6 0.044029817 
323 605 5 6 0.0440158 
717 990 5 6 0.044015422 
725 972 5 5 0.043963864 
922 705 4 7 0.04392534 
881 726 4 6 0.043901756 
888 616 5 7 0.043897822 
312 600 5 5 0.043862283 
996 711 5 8 0.043851815 
244 493 9 7 0.04374281 
53 493 9 9 0.043712858 
704 1006 4 5 0.043702222 
725 964 5 5 0.04367877 
860 734 4 5 0.043677613 
943 720 4 6 0.043594506 
311 603 5 5 0.04357925 
129 617 124 115 0.04354132 
978 672 4 7 0.04353044 
719 980 4 5 0.04352554 
740 360 10 15 0.04351014 
888 721 3 6 0.043505397 
894 602 6 7 0.04349234 
668 474 6 7 0.043427303 
438 1056 5 9 0.043427087 
962 639 4 5 0.043405265 
642 1066 7 7 0.04337666 
853 672 4 6 0.043337915 
880 692 5 6 0.0433254 
510 779 99 126 0.043280452 
949 700 4 6 0.043223396 
854 746 4 7 0.04318323 
421 1072 9 9 0.043126225 
934 633 5 5 0.04310838 
1002 664 5 7 0.04310022 
738 977 4 6 0.04308186 
895 713 4 6 0.04307311 
946 672 5 7 0.04303753 
810 483 6 7 0.04303612 
926 633 5 6 0.042984936 
315 603 5 6 0.04295612 
886 761 5 7 0.04290212 
384 591 6 9 0.042868193 
865 628 6 9 0.042848654 
928 726 5 7 0.042810414 
1008 603 5 7 0.042798623 
738 985 4 6 0.04279633 
879 986 4 5 0.04276389 
663 464 4 5 0.04273012 
16 1034 10 15 0.04271292 
433 1066 5 6 0.042665903 
539 686 5 9 0.04265069 
839 602 6 9 0.042631146 
731 476 5 6 0.042616908 
926 698 4 8 0.042535454 
731 1004 6 7 0.042468295 
923 693 3 6 0.04242281 
453 1072 5 8 0.042366453 
896 767 4 6 0.04235776 
-21 508 477 419 0.0422751 
804 475 6 7 0.042139683 
276 645 4 8 0.04210861 
949 606 4 6 0.042055856 
888 939 4 4 0.042048972 
867 980 4 4 0.042033877 
780 480 9 9 0.042026967 
554 1064 6 8 0.042023737 
308 591 6 6 0.04200685 
722 643 6 8 0.04191727 
910 706 4 7 0.0419036 
980 1061 8 11 0.04189548 
630 704 5 8 0.041892946 
43 487 9 11 0.04188238 
1000 590 6 10 0.041836455 
635 711 6 9 0.04183189 
717 1073 5 8 0.04180718 
698 1054 4 6 0.0417685 
678 645 4 5 0.04174171 
875 391 10 11 0.04172649 
885 665 5 7 0.041726343 
1006 614 6 10 0.041702542 
899 612 5 7 0.04167775 
661 1073 6 8 0.041656792 
900 733 5 7 0.041646715 
839 415 6 6 0.041621618 
1009 719 5 8 0.04153469 
954 664 7 8 0.04151851 
683 1075 5 6 0.041518386 
708 587 7 8 0.041439254 
429 734 11 14 0.041414514 
677 998 5 6 0.04136059 
941 691 5 7 0.04135692 
946 639 5 7 0.04135644 
812 590 6 8 0.041333392 
865 684 5 7 0.041326225 
534 685 6 9 0.04131833 
915 632 4 6 0.04130191 
874 651 5 6 0.041299667 
624 796 125 119 0.04126133 
736 656 6 9 0.04123192 
886 672 5 6 0.041203726 
941 672 5 7 0.041139986 
892 617 5 6 0.041085865 
823 469 7 8 0.041078273 
65 480 7 8 0.04105536 
881 651 4 7 0.040999174 
810 487 7 8 0.040994696 
930 693 3 6 0.040963486 
879 707 4 5 0.040961295 
925 612 5 6 0.04092674 
698 993 4 5 0.040921304 
702 1043 6 8 0.04087914 
915 740 5 7 0.040858515 
953 1072 6 8 0.04085228 
874 625 6 8 0.040821493 
437 1066 5 7 0.040818054 
184 933 123 121 0.040807907 
745 973 5 5 0.040767148 
1014 411 7 11 0.040750306 
954 624 6 6 0.040747117 
1009 657 5 9 0.040712208 
587 1070 5 9 0.04061849 
795 475 7 9 0.040604 
902 678 4 6 0.04053792 
955 632 5 6 0.04051936 
887 694 4 6 0.04051811 
900 470 5 7 0.040494233 
674 481 8 10 0.04046841 
933 716 6 8 0.04045163 
915 646 5 6 0.04042912 
942 633 5 6 0.040428475 
894 658 4 6 0.040332556 
968 692 4 7 0.04029995 
191 578 102 110 0.040266976 
938 1065 6 7 0.04025725 
909 712 4 6 0.040252574 
879 687 4 6 0.040242143 
826 596 5 6 0.040180452 
999 657 6 9 0.04017527 
886 598 4 6 0.040160526 
934 1065 6 8 0.04015861 
961 711 4 8 0.040156074 
310 584 5 6 0.040147327 
745 964 4 5 0.040106997 
867 707 4 6 0.040106688 
847 637 6 9 0.040085174 
935 705 4 7 0.04007222 
821 633 4 5 0.040044613 
719 620 4 5 0.039988086 
753 972 4 5 0.039951596 
1001 691 6 9 0.03992419 
897 600 7 10 0.039918054 
867 680 5 6 0.039901465 
980 607 9 12 0.039877992 
873 728 5 5 0.039842717 
847 998 4 6 0.039841637 
704 1000 4 4 0.03977207 
893 645 3 6 0.039751753 
941 686 4 7 0.039708737 
874 707 4 5 0.039691333 
955 637 5 7 0.039687507 
872 628 6 8 0.039666366 
669 694 4 6 0.039662484 
873 615 5 8 0.039662026 
732 658 5 8 0.039654873 
982 693 5 6 0.03964084 
861 755 4 6 0.039640386 
812 1011 6 6 0.039633866 
840 916 118 123 0.039628513 
961 658 5 7 0.039595716 
855 741 4 5 0.03950824 
364 557 4 5 0.039469574 
875 604 5 6 0.039454203 
709 632 4 6 0.039450776 
784 469 7 6 0.03941637 
880 679 4 6 0.03939322 
730 964 5 5 0.03936523 
119 494 7 9 0.03935129 
1001 741 5 7 0.039327063 
993 732 5 8 0.039320238 
889 708 3 5 0.039307754 
805 482 6 7 0.03929639 
18 482 7 8 0.039292164 
859 719 5 6 0.03927055 
4 124 5 19 0.03923205 
896 719 4 5 0.039221648 
978 602 6 8 0.039212514 
854 678 5 7 0.03921223 
1021 597 4 9 0.039195392 
848 666 4 6 0.039162084 
1010 699 4 7 0.039086476 
743 483 6 6 0.03907824 
894 631 4 7 0.03902849 
864 900 54 54 0.03902175 
290 626 4 5 0.03902138 
634 705 6 9 0.039012507 
818 470 7 7 0.038955856 
309 615 7 9 0.038950324 
7 494 7 10 0.038928792 
823 604 7 8 0.038920056 
226 637 26 30 0.038898773 
745 958 4 5 0.03888986 
969 704 5 8 0.038886547 
48 842 112 130 0.03887375 
920 741 4 6 0.038862556 
901 631 4 6 0.038859934 
968 713 6 9 0.038829204 
696 1067 4 5 0.03880432 
751 958 4 5 0.038801413 
880 946 4 4 0.03878189 
866 638 6 8 0.038775556 
697 1018 5 6 0.038721707 
888 685 5 6 0.03871608 
950 706 4 6 0.038708158 
852 667 4 6 0.03868442 
860 973 4 4 0.03867483 
679 993 4 5 0.038660668 
1016 671 4 7 0.038657743 
738 973 4 5 0.038646277 
758 465 5 4 0.03864229 
879 713 4 6 0.038609777 
939 665 5 8 0.03859854 
812 633 5 6 0.038587086 
962 382 11 13 0.03858474 
771 464 6 5 0.038583435 
890 748 3 5 0.038578372 
862 684 4 7 0.038564567 
650 733 4 7 0.038557213 
941 644 5 7 0.038553864 
411 570 4 6 0.038495913 
409 683 38 63 0.038493343 
792 639 6 7 0.038484972 
662 665 5 6 0.038460784 
910 720 4 6 0.038460646 
739 633 3 5 0.03844347 
859 583 6 7 0.038423836 
981 659 4 6 0.038369715 
916 685 3 6 0.038358897 
755 487 10 8 0.038338073 
716 1037 6 9 0.038325787 
670 686 5 6 0.03830073 
684 1005 5 4 0.038274825 
899 479 7 9 0.03824393 
190 819 99 110 0.038196944 
747 489 9 7 0.038127445 
804 487 8 8 0.038126532 
731 645 4 7 0.03811752 
724 621 4 4 0.038113263 
806 599 5 6 0.038110126 
785 652 4 6 0.038088236 
669 1011 6 6 0.0380878 
846 421 6 5 0.038078316 
-94 702 405 599 0.038071275 
812 1005 5 6 0.038070526 
941 704 4 7 0.038048528 
432 706 26 31 0.038045578 
879 615 6 8 0.038034048 
820 724 4 8 0.03802628 
703 671 4 7 0.03801685 
872 475 6 8 0.038011022 
892 760 6 7 0.037998542 
652 1064 9 11 0.03799124 
809 580 10 11 0.03794416 
860 713 4 6 0.03793358 
732 632 4 6 0.037928645 
858 637 6 8 0.037842713 
949 611 4 5 0.037837133 
920 604 5 6 0.03782518 
697 1073 4 7 0.037796896 
873 971 5 5 0.037794936 
866 653 5 6 0.037792508 
789 658 6 7 0.03778793 
811 658 6 7 0.037781604 
866 413 7 9 0.037734274 
1002 672 4 6 0.037638806 
987 565 6 7 0.037615705 
746 632 4 6 0.037603766 
648 638 7 6 0.037590146 
859 741 4 6 0.037586838 
923 618 4 5 0.037572272 
979 597 7 9 0.037535198 
657 640 5 5 0.037502207 
687 1017 6 6 0.03749366 
410 597 6 9 0.03748562 
315 598 5 6 0.037474 
837 432 7 8 0.03747122 
681 999 5 6 0.03744973 
888 713 4 5 0.03744622 
842 747 4 5 0.037391055 
731 1076 8 10 0.03739042 
691 1059 4 6 0.037372608 
846 686 4 8 0.037341524 
715 1031 6 7 0.037323855 
661 660 5 6 0.03731995 
405 620 6 10 0.037306026 
968 651 4 6 0.03729779 
935 612 5 5 0.037293095 
927 732 6 8 0.037251938 
1010 1064 6 13 0.03724562 
877 399 8 9 0.03722244 
1010 571 4 6 0.03715691 
764 970 5 6 0.037151996 
908 631 4 5 0.037123986 
744 1072 6 8 0.037111133 
715 670 7 8 0.03711029 
751 464 5 5 0.0371066 
794 648 7 10 0.037103668 
941 714 4 6 0.037102014 
540 721 5 7 0.037095763 
922 632 4 6 0.037013434 
974 740 5 7 0.03701102 
554 1072 6 8 0.0370077 
806 591 5 6 0.03698569 
302 575 5 6 0.036981527 
810 603 5 8 0.036957666 
824 405 8 8 0.03691983 
785 528 21 19 0.03690515 
868 713 5 6 0.036873065 
398 631 5 8 0.03679665 
893 678 5 7 0.03678511 
920 649 5 8 0.036768135 
9 402 10 19 0.036733773 
784 658 6 7 0.03671773 
847 652 5 7 0.03671507 
660 709 31 55 0.036708534 
926 636 5 7 0.036694944 
213 476 23 20 0.036665753 
587 710 6 10 0.036646783 
859 674 4 5 0.036639478 
1015 402 5 7 0.036636785 
861 699 4 6 0.0366316 
908 651 3 6 0.03662614 
951 684 6 9 0.036617536 
841 707 4 7 0.036612675 
712 1012 4 5 0.036606174 
895 733 5 6 0.036577195 
473 813 6 9 0.036544487 
601 1072 6 9 0.036526494 
845 711 4 7 0.03652512 
874 692 5 7 0.03650529 
439 694 479 522 0.03647397 
725 1046 5 6 0.036470264 
859 679 4 7 0.036421686 
811 475 6 6 0.036414325 
299 606 4 4 0.036413237 
297 564 5 5 0.036404118 
847 742 3 5 0.036396895 
704 991 4 5 0.036391556 
867 644 5 8 0.036360975 
831 564 6 7 0.03634254 
824 414 8 8 0.03632805 
180 644 7 8 0.036303475 
331 574 6 9 0.036295574 
688 1013 5 5 0.036279794 
901 935 5 8 0.036279712 
276 623 5 7 0.0362633 
578 882 48 54 0.03623989 
406 578 5 7 0.036149528 
300 639 5 6 0.03612928 
409 617 7 10 0.036120947 
712 659 4 7 0.036108114 
730 1039 5 6 0.036088664 
867 734 4 5 0.036060784 
881 672 4 6 0.03604265 
831 468 6 6 0.036036562 
718 971 5 5 0.036025822 
768 1065 7 7 0.036002472 
750 1037 6 8 0.036001008 
874 938 5 5 0.036000315 
894 469 5 7 0.03597334 
209 660 5 5 0.035964362 
1003 782 4 6 0.03596209 
987 712 5 8 0.035945207 
690 479 8 9 0.035943117 
950 713 4 7 0.035943 
969 645 4 6 0.035928875 
283 625 5 5 0.035906043 
811 470 5 6 0.035849355 
647 644 7 7 0.03584914 
801 704 4 8 0.035843305 
725 456 4 6 0.035785623 
756 1063 6 8 0.035775144 
893 939 5 5 0.035772823 
952 1076 8 12 0.035752933 
894 626 4 6 0.03572294 
778 464 6 5 0.035706237 
870 759 5 8 0.035686377 
848 734 4 6 0.035673395 
738 991 4 6 0.035667602 
819 422 6 6 0.035656147 
878 700 5 6 0.03564408 
261 645 4 7 0.03564186 
1001 787 6 9 0.03564067 
859 980 4 5 0.035606273 
817 591 5 8 0.03559225 
893 700 4 5 0.03555106 
947 1071 7 8 0.035525627 
853 734 4 6 0.03550238 
919 645 5 7 0.03549007 
844 690 5 11 0.03547948 
155 632 57 63 0.03547623 
1014 666 4 8 0.035358172 
738 1000 4 5 0.03534247 
215 693 135 116 0.035340402 
978 39 26 28 0.03531077 
1016 780 4 7 0.035251364 
880 638 5 8 0.03523614 
844 435 6 7 0.035233893 
208 560 3 4 0.035232104 
1013 1063 8 18 0.035228487 
295 626 5 6 0.035228435 
762 1046 6 6 0.035181247 
737 652 5 8 0.035174027 
908 646 3 6 0.035160765 
392 544 4 5 0.035152704 
887 592 5 6 0.035143033 
749 1062 7 10 0.035141308 
1001 707 5 7 0.035138167 
319 647 4 5 0.035133515 
44 482 7 9 0.03510772 
711 1059 5 7 0.035091575 
710 1050 5 7 0.035076436 
901 639 4 6 0.03506938 
193 485 11 10 0.035047542 
743 1033 5 6 0.034983464 
6 487 8 10 0.03497117 
987 1064 6 10 0.034961555 
925 581 10 11 0.034960438 
976 719 5 8 0.034943655 
909 667 4 5 0.034918565 
736 358 8 13 0.03491455 
447 688 28 35 0.034907028 
679 488 9 10 0.034903795 
968 441 7 7 0.034900967 
861 653 4 5 0.034893826 
907 625 4 6 0.034891516 
651 1055 9 10 0.03488699 
906 754 5 6 0.034886602 
653 1052 8 8 0.034881625 
641 714 6 8 0.034853615 
941 610 5 6 0.03484461 
897 1064 9 10 0.034843035 
63 779 104 121 0.034835715 
755 495 9 7 0.034828514 
855 468 8 9 0.03482411 
748 494 8 7 0.034802597 
255 494 6 6 0.03477492 
819 487 7 7 0.034772005 
966 672 5 6 0.034769714 
649 698 5 8 0.034758184 
954 659 6 7 0.034729175 
284 632 4 6 0.0347289 
282 574 96 114 0.034728423 
880 950 4 5 0.03471532 
1010 692 5 7 0.034695815 
932 570 7 7 0.03468705 
792 461 23 24 0.03466794 
79 908 98 104 0.034635894 
745 977 4 5 0.03462767 
736 1032 5 6 0.034592137 
391 714 45 57 0.03456231 
696 471 6 6 0.03456153 
807 637 5 8 0.03455518 
927 666 5 6 0.03455485 
894 694 3 5 0.034533333 
825 1018 5 6 0.034533232 
942 482 5 6 0.034523908 
243 639 5 6 0.034490004 
974 712 5 8 0.03448481 
825 401 6 6 0.03446451 
983 706 5 7 0.034463353 
1010 775 4 5 0.03444514 
1002 571 5 5 0.03444069 
927 570 7 7 0.03443355 
717 640 4 6 0.034428876 
739 959 4 4 0.034391195 
933 380 7 7 0.03438254 
1003 408 4 6 0.03437282 
899 766 5 7 0.034356833 
871 480 6 8 0.034355015 
533 679 5 7 0.034342036 
1006 610 6 9 0.034338534 
670 698 4 7 0.034328952 
881 939 5 5 0.034326743 
941 651 5 7 0.034312446 
615 1072 5 7 0.034307078 
219 486 11 10 0.034286413 
630 490 6 6 0.034284063 
740 337 9 13 0.034278285 
703 616 6 8 0.034270164 
724 998 5 6 0.034268934 
882 599 4 5 0.034260266 
654 482 9 8 0.034210775 
682 536 31 23 0.03420915 
393 623 5 8 0.034193102 
975 664 4 7 0.034175064 
331 605 5 6 0.034175046 
789 598 5 7 0.03416165 
786 647 4 6 0.03415629 
887 657 5 7 0.03414942 
853 422 5 6 0.034121554 
819 659 5 7 0.034116432 
346 558 4 5 0.03406548 
1 576 10 21 0.03405966 
995 717 5 8 0.034058344 
741 368 10 16 0.03404437 
692 667 4 5 0.03403645 
691 694 4 6 0.0340222 
867 673 4 5 0.034013614 
398 550 5 6 0.03401127 
801 566 20 25 0.03400829 
751 990 5 6 0.034004185 
89 693 132 127 0.034001876 
946 643 5 7 0.033970438 
874 979 4 5 0.033946596 
913 618 5 7 0.033931807 
702 471 6 6 0.033908334 
323 647 4 6 0.033903334 
661 730 6 10 0.033864126 
839 610 6 8 0.033858787 
502 894 21 30 0.033843115 
982 686 4 6 0.03384226 
403 591 6 8 0.033830132 
726 959 4 4 0.03382469 
629 917 4 6 0.033801045 
888 945 4 5 0.033798505 
915 650 5 7 0.033790067 
844 577 6 7 0.033773568 
844 707 4 7 0.03377061 
821 639 4 5 0.033761807 
453 1066 4 6 0.033755925 
385 643 6 9 0.033751976 
633 698 6 8 0.0337486 
981 670 6 8 0.033737253 
832 434 7 7 0.033728052 
774 485 10 10 0.033679213 
825 420 6 7 0.033673003 
732 621 4 4 0.03367192 
399 606 5 6 0.03365428 
873 739 4 6 0.03365228 
947 679 5 7 0.03364293 
960 706 5 7 0.03361741 
66 494 7 10 0.033583682 
946 632 5 5 0.03357891 
966 1068 8 12 0.03356526 
255 635 6 9 0.033530753 
107 943 51 58 0.033509314 
502 901 10 17 0.033505272 
934 645 5 6 0.033495355 
742 1063 7 9 0.033491742 
626 717 6 8 0.033487823 
732 638 4 6 0.03347388 
868 719 5 6 0.033460524 
676 693 5 6 0.0334532 
954 693 5 7 0.033409078 
997 656 5 8 0.033408005 
914 668 3 5 0.03338022 
872 397 9 11 0.033376884 
1001 396 5 6 0.033362422 
962 671 5 6 0.033354454 
906 742 4 6 0.03334786 
835 714 3 6 0.033340704 
867 616 6 8 0.033325117 
811 547 9 11 0.033298258 
820 686 4 7 0.033295758 
913 624 5 7 0.033284303 
636 716 7 10 0.033277344 
421 728 43 52 0.033272985 
902 646 4 6 0.033272985 
48 497 10 12 0.03327043 
812 596 6 8 0.033266943 
1003 698 4 7 0.033260003 
313 577 6 8 0.033256643 
643 698 6 8 0.033256337 
995 692 6 9 0.033253793 
738 625 5 6 0.03325246 
601 725 6 8 0.033233486 
934 483 5 5 0.03322756 
254 490 7 6 0.033224188 
627 1072 6 9 0.033205394 
834 707 4 5 0.033183213 
990 739 6 9 0.033154555 
764 464 5 5 0.033137653 
749 632 5 6 0.033132695 
758 958 5 5 0.033132367 
881 761 5 7 0.03312221 
648 1069 8 11 0.033107463 
684 640 3 4 0.033104297 
696 676 5 9 0.033084925 
582 704 5 10 0.0330839 
847 672 5 7 0.033076644 
830 420 8 7 0.03306001 
434 1053 4 7 0.033049144 
580 1065 5 8 0.0330448 
711 978 5 5 0.033028778 
614 1065 6 8 0.03301866 
636 915 4 6 0.03301739 
826 700 4 7 0.033008754 
392 550 5 5 0.03299558 
681 1045 6 7 0.032993782 
888 726 3 5 0.032986905 
946 652 5 7 0.032972027 
867 747 4 6 0.032962732 
723 1072 5 7 0.032955848 
954 679 5 7 0.032941386 
768 487 10 9 0.032898325 
4 138 5 18 0.0328976 
51 483 7 7 0.03289466 
756 969 6 7 0.0328858 
976 659 4 7 0.03285526 
847 993 4 5 0.032849886 
708 1046 6 8 0.03282555 
986 669 6 8 0.03282277 
832 603 5 7 0.032802872 
250 621 3 4 0.032802295 
656 665 5 7 0.032794368 
823 620 77 112 0.03279244 
886 678 6 7 0.032779273 
494 931 5 6 0.03277163 
716 679 6 8 0.032760855 
988 706 5 7 0.032758124 
919 727 5 6 0.032748014 
796 583 6 8 0.03273294 
956 671 5 8 0.032721974 
500 930 5 7 0.032715328 
724 1060 5 7 0.032714494 
1017 612 5 6 0.032695953 
1010 780 5 6 0.032693528 
900 713 4 6 0.032684393 
665 720 5 9 0.032665834 
980 614 7 10 0.032655954 
710 470 6 6 0.032653444 
904 590 7 9 0.03265241 
703 584 6 8 0.032635763 
155 409 12 14 0.032629717 
888 752 5 7 0.03260418 
628 712 5 8 0.032567758 
896 728 4 5 0.032564804 
1008 624 5 8 0.03254637 
317 651 4 6 0.032531764 
690 640 4 5 0.032522656 
602 1066 5 8 0.03251389 
867 740 4 7 0.032502197 
840 577 5 7 0.032500464 
701 575 7 8 0.032497738 
291 593 4 5 0.032478314 
699 640 3 4 0.032441553 
873 768 5 6 0.03243393 
906 618 4 6 0.032416794 
947 1065 7 9 0.032403212 
332 611 4 6 0.03240127 
899 728 5 6 0.032385413 
821 698 4 7 0.032380346 
215 659 5 5 0.03237826 
852 692 4 7 0.032367907 
813 713 4 7 0.032350197 
817 983 6 7 0.03233775 
269 606 4 6 0.03232359 
771 502 25 22 0.032315627 
630 694 5 5 0.032313783 
207 667 7 8 0.032312367 
847 721 3 6 0.032311276 
662 625 6 5 0.03229293 
750 1058 7 10 0.03229143 
399 590 5 7 0.03227446 
723 980 5 5 0.032263458 
167 665 29 34 0.032256693 
391 524 5 5 0.03224826 
990 734 5 7 0.03224476 
1010 630 6 9 0.03223025 
642 646 6 6 0.032218434 
922 666 4 6 0.03219694 
689 584 7 7 0.032178115 
745 465 4 5 0.032175 
955 726 5 7 0.032160684 
840 998 5 7 0.03215355 
729 993 5 5 0.0321422 
885 373 87 110 0.032130606 
681 471 5 5 0.032091375 
557 677 12 16 0.03205377 
900 930 6 8 0.03204773 
274 985 6 6 0.032042343 
127 748 50 55 0.032030016 
702 611 6 8 0.032022994 
204 565 3 4 0.031991534 
895 598 6 7 0.031974766 
559 671 7 10 0.031970486 
733 471 4 5 0.031941935 
699 693 4 7 0.031930935 
946 657 6 8 0.031928774 
678 641 3 4 0.031918976 
406 624 24 39 0.031911038 
179 496 5 6 0.03190946 
894 685 4 7 0.031906337 
901 707 3 5 0.031903584 
907 640 4 5 0.031892568 
500 937 5 6 0.031883694 
860 706 5 7 0.031878617 
1008 788 5 7 0.031872842 
354 623 7 9 0.03186787 
835 719 3 6 0.031861812 
827 361 10 15 0.031853322 
961 633 4 6 0.03185178 
257 618 4 5 0.031843383 
283 646 4 6 0.031829737 
656 644 6 6 0.031828556 
906 761 6 8 0.031823076 
682 645 4 5 0.03182105 
908 686 3 6 0.031821005 
959 730 6 9 0.031817798 
801 604 5 6 0.031816732 
654 704 5 7 0.031816114 
711 986 5 5 0.031798568 
840 685 5 8 0.031783096 
541 1071 6 7 0.031777695 
940 606 5 6 0.031735852 
837 473 9 10 0.03172549 
839 721 4 5 0.031712733 
906 746 4 6 0.031712078 
743 352 7 9 0.031699724 
622 694 4 6 0.031671356 
854 998 4 6 0.03167013 
916 734 4 7 0.031669106 
724 1013 4 5 0.031642504 
880 612 5 7 0.031638667 
810 998 5 6 0.031631663 
1016 734 4 7 0.031626917 
769 494 9 8 0.031616915 
956 731 5 8 0.031616755 
2 941 9 18 0.031609297 
881 773 5 7 0.031607922 
962 679 4 7 0.031600103 
903 596 8 10 0.031599075 
830 415 8 8 0.031589895 
710 971 4 5 0.0315857 
243 625 4 5 0.03157896 
946 594 7 9 0.031563118 
947 665 5 8 0.031547416 
853 684 4 7 0.031534385 
1017 776 3 5 0.031531293 
989 679 5 7 0.031530213 
893 638 4 7 0.03152789 
710 1006 4 5 0.031518824 
634 1065 5 7 0.031516377 
417 596 5 7 0.03151108 
348 601 6 8 0.031508774 
711 999 4 5 0.031499438 
406 1067 5 7 0.031494346 
191 477 25 19 0.03146569 
820 663 5 8 0.03145945 
857 744 6 8 0.031437688 
85 477 6 7 0.031432513 
947 589 6 8 0.031422984 
995 666 5 6 0.031420253 
779 654 5 5 0.03141458 
350 558 3 4 0.031371824 
698 633 4 5 0.031368233 
681 1077 6 8 0.031358115 
865 658 6 7 0.031354394 
617 700 4 6 0.031354148 
710 1017 5 7 0.031343576 
660 651 6 8 0.031341318 
668 1059 5 8 0.03131753 
833 659 4 6 0.031307563 
697 1024 5 7 0.03130607 
852 631 6 7 0.031296298 
587 838 114 117 0.03128877 
854 753 4 7 0.031288452 
605 909 6 7 0.031265594 
654 700 4 7 0.031265393 
1016 602 5 8 0.031264864 
684 1017 6 7 0.031263728 
690 476 6 7 0.031256024 
647 476 7 6 0.03125307 
884 481 7 9 0.031249018 
834 692 5 8 0.031244071 
789 603 5 8 0.031235427 
398 610 5 6 0.031218866 
900 719 4 6 0.031218115 
180 610 5 7 0.031215968 
854 714 3 5 0.03121444 
839 645 5 7 0.031214174 
716 1045 5 7 0.031203074 
282 599 4 5 0.031202516 
995 400 7 8 0.031191561 
743 318 7 9 0.031189948 
616 712 5 8 0.031186003 
622 915 5 7 0.031179214 
839 469 7 7 0.031174608 
310 627 6 6 0.031160459 
888 986 4 5 0.031149775 
778 422 6 5 0.031141466 
874 748 5 6 0.031137763 
690 1044 5 7 0.031130604 
706 638 3 6 0.031128969 
724 1031 5 6 0.031104043 
684 699 5 7 0.031071223 
806 659 5 6 0.03106763 
691 992 4 5 0.031050919 
704 1052 5 7 0.031049125 
243 631 5 6 0.031039972 
999 1063 7 11 0.0310357 
262 469 5 6 0.031031972 
934 728 5 7 0.03102482 
877 417 7 8 0.03102268 
318 592 5 6 0.031019494 
862 758 4 7 0.031006187 
683 666 5 6 0.031005709 
181 481 7 7 0.03098783 
788 894 99 129 0.030984564 
883 406 8 8 0.030984046 
114 918 4 5 0.030980382 
692 673 4 7 0.030978752 
759 984 4 6 0.030954914 
617 692 4 6 0.030945979 
947 586 5 6 0.030945586 
648 713 5 7 0.030942325 
879 361 21 27 0.030919716 
873 639 5 8 0.030890763 
838 638 5 8 0.030867279 
620 712 6 8 0.03085994 
880 970 4 6 0.03085614 
901 666 4 6 0.030856097 
919 478 8 10 0.030852435 
948 432 21 27 0.030851962 
846 677 5 8 0.030846382 
385 544 5 5 0.030836312 
969 665 5 7 0.030826952 
168 407 13 15 0.030823775 
997 1057 6 8 0.030815072 
969 659 4 6 0.030813891 
697 603 6 8 0.03080803 
784 422 6 6 0.030803666 
620 686 4 6 0.030792082 
926 740 5 6 0.030785933 
565 695 7 10 0.0307831 
958 362 11 13 0.030740542 
901 651 4 6 0.030737871 
337 576 85 121 0.030730166 
967 726 6 9 0.030729042 
952 592 6 7 0.030716322 
257 645 5 6 0.030695472 
892 611 6 7 0.030692209 
743 493 8 8 0.030681893 
383 616 6 9 0.030671882 
1009 679 4 6 0.030670313 
787 610 5 8 0.030668117 
413 652 39 61 0.030666573 
181 606 4 4 0.030660974 
398 597 5 7 0.030654697 
880 958 5 6 0.030642826 
958 665 6 8 0.030636283 
541 712 5 6 0.030624207 
854 719 4 6 0.030623058 
946 477 6 6 0.030600155 
212 481 10 8 0.030599793 
593 1066 5 8 0.030598637 
821 735 3 5 0.030578418 
237 488 11 8 0.030577388 
140 750 116 106 0.030575674 
302 599 4 4 0.030575385 
480 902 22 32 0.030562928 
840 755 4 5 0.030554425 
142 488 8 7 0.030550944 
804 469 7 7 0.030548867 
1013 369 10 21 0.030543149 
913 610 4 7 0.030540558 
981 677 5 8 0.030538328 
920 733 4 7 0.030533712 
674 1017 6 7 0.030515572 
825 664 5 7 0.030497778 
757 397 90 110 0.030489873 
927 652 4 7 0.030488774 
748 351 6 8 0.030467499 
276 632 4 7 0.030398956 
282 612 5 6 0.030370943 
258 601 48 59 0.030338375 
759 979 4 5 0.03033834 
798 658 5 7 0.030333353 
642 638 7 6 0.030330814 
977 599 5 7 0.0303291 
1018 713 5 8 0.030327307 
993 739 6 9 0.03031455 
174 482 5 5 0.030310063 
977 611 5 7 0.030276071 
796 488 7 9 0.030273221 
715 651 8 10 0.030265724 
1009 712 4 7 0.030265719 
644 734 5 6 0.030265532 
881 666 4 7 0.030241214 
903 384 48 57 0.030238349 
752 624 4 6 0.03023832 
641 653 6 6 0.030224202 
378 671 81 110 0.03022251 
947 617 5 7 0.030206233 
552 680 11 16 0.030197056 
711 640 4 5 0.030195761 
791 427 8 7 0.030188816 
447 743 26 32 0.03018586 
969 625 4 7 0.03018011 
648 468 5 5 0.030171596 
704 1011 5 6 0.030138656 
292 597 3 5 0.030127328 
882 768 4 6 0.030126834 
695 1031 6 7 0.030114526 
728 368 21 37 0.030110974 
636 488 6 7 0.030100025 
547 695 7 10 0.030061828 
731 1011 5 6 0.030048177 
975 693 5 6 0.030047104 
966 453 9 9 0.030020997 
731 959 4 4 0.030020103 
859 1064 8 10 0.029977812 
985 609 8 12 0.029974442 
931 576 7 8 0.02996355 
830 568 7 7 0.029959984 
662 605 6 5 0.029956687 
446 759 29 34 0.029919326 
929 713 4 7 0.02990324 
492 901 21 31 0.029900005 
481 869 18 29 0.029892996 
968 731 5 8 0.029892445 
773 693 5 7 0.029888809 
297 599 4 4 0.029886458 
826 734 4 6 0.029882733 
720 659 9 12 0.029873405 
880 980 5 4 0.029854773 
332 558 4 5 0.029853808 
396 624 5 8 0.029832788 
927 705 4 7 0.029828835 
699 965 117 129 0.029827287 
874 658 5 8 0.029824654 
748 502 10 8 0.029821156 
911 598 6 9 0.0298022 
812 653 5 7 0.029799648 
806 1012 5 5 0.029788285 
872 380 24 27 0.029786676 
820 708 4 6 0.029784199 
824 395 6 6 0.029765368 
1002 401 4 6 0.029758325 
256 614 4 5 0.029734481 
81 915 4 7 0.029731045 
831 638 5 7 0.029724672 
752 478 25 20 0.02971832 
1009 768 3 6 0.02971184 
641 470 7 6 0.029711077 
874 960 4 4 0.029705673 
805 1004 6 6 0.029705428 
667 1052 6 7 0.029698417 
420 571 4 6 0.029689591 
883 401 8 8 0.029685002 
763 1051 6 7 0.029674128 
249 623 5 6 0.029672824 
800 559 10 12 0.029660463 
159 599 6 6 0.029652627 
413 486 30 37 0.029650383 
792 614 5 9 0.029646894 
668 658 7 8 0.02964049 
840 409 6 6 0.029628433 
947 747 5 7 0.02961999 
284 619 4 6 0.029616974 
968 739 5 7 0.029615976 
826 705 4 8 0.029615436 
640 632 7 6 0.029595207 
535 713 5 6 0.029591154 
392 505 4 4 0.02958606 
390 609 5 8 0.029570855 
905 469 6 7 0.029567584 
690 1053 4 6 0.029559348 
997 707 4 7 0.029548293 
398 544 4 5 0.029531553 
961 719 5 8 0.029523218 
973 697 6 9 0.02952225 
818 616 6 8 0.029514441 
622 480 6 7 0.029512228 
318 571 4 5 0.029510316 
690 677 5 7 0.02950919 
933 604 7 7 0.029506331 
681 493 9 9 0.029501157 
833 698 4 8 0.029499456 
528 882 5 8 0.029488128 
523 849 83 100 0.029485086 
459 1065 5 8 0.029479137 
423 1065 7 8 0.029474135 
502 914 6 9 0.029466996 
874 945 5 5 0.02946637 
110 482 7 9 0.029461 
1014 645 6 9 0.029441116 
890 407 7 8 0.02944105 
582 699 5 9 0.029440789 
976 686 4 6 0.029438168 
845 377 76 96 0.029430961 
310 646 5 6 0.0294056 
758 619 5 6 0.029384306 
680 591 8 7 0.029382117 
967 680 4 6 0.029380383 
152 591 5 6 0.02937627 
249 639 5 6 0.029374583 
728 362 9 14 0.02937204 
19 486 8 10 0.02934598 
840 991 4 5 0.0293288 
642 280 19 29 0.029326264 
0 492 5 9 0.029322205 
684 1025 6 7 0.029300416 
818 415 7 7 0.029297527 
895 986 4 4 0.029293878 
793 590 4 6 0.029282534 
877 475 6 7 0.029280705 
988 693 6 8 0.02927894 
547 1038 6 8 0.029237512 
745 952 4 5 0.02923002 
968 469 6 7 0.029228607 
787 492 10 11 0.029216759 
729 1045 5 7 0.029208098 
509 668 81 119 0.029193357 
629 685 5 7 0.029192457 
861 416 5 5 0.029189656 
646 951 50 60 0.029174283 
534 975 57 64 0.029174108 
321 610 6 7 0.02915596 
638 872 101 116 0.02914581 
134 498 5 5 0.029144784 
331 597 5 7 0.029139213 
314 616 6 8 0.029131958 
744 624 5 6 0.02912415 
796 616 6 8 0.029119 
892 415 7 7 0.029115079 
757 964 6 7 0.02909322 
772 577 5 6 0.02908607 
173 807 6 6 0.029085802 
1003 601 6 8 0.029082598 
428 640 74 99 0.029081494 
827 908 54 61 0.02907777 
651 727 4 7 0.029070713 
934 651 5 7 0.029065581 
312 652 4 5 0.029063527 
4 110 5 20 0.029058252 
960 454 7 9 0.02904032 
777 430 6 5 0.029039728 
722 1039 5 7 0.02903957 
859 727 4 6 0.029035065 
709 663 6 8 0.029020887 
650 695 4 5 0.029015338 
736 371 7 12 0.029014397 
742 1077 8 10 0.029014114 
823 712 5 8 0.02900717 
739 453 57 56 0.028999006 
413 591 5 7 0.028981455 
691 703 5 9 0.028978817 
410 611 6 7 0.028969856 
925 481 6 7 0.02896873 
778 646 5 6 0.02895449 
589 1067 4 7 0.028951032 
405 610 5 8 0.028940897 
856 992 3 4 0.028933749 
92 476 6 7 0.028929953 
855 972 4 5 0.028910812 
290 619 4 6 0.02891056 
711 569 12 9 0.028888693 
879 1010 6 8 0.028882895 
312 559 4 4 0.02888266 
795 421 9 9 0.028871544 
742 323 7 11 0.028871346 
862 595 7 11 0.028866868 
826 632 4 6 0.028859343 
851 658 5 7 0.028856851 
809 542 9 10 0.028849805 
833 616 5 7 0.028848408 
9 389 8 19 0.028843887 
310 635 6 8 0.028840775 
235 633 5 5 0.028829722 
1002 744 5 9 0.028825806 
786 615 5 9 0.028824205 
702 572 6 6 0.028818658 
807 411 26 29 0.028816957 
975 706 4 8 0.028815331 
649 625 5 6 0.028812213 
1003 768 5 6 0.028800081 
744 1038 6 6 0.02878824 
386 611 5 8 0.028783984 
742 427 7 7 0.028782886 
838 594 6 11 0.02876918 
874 673 4 5 0.028766716 
445 730 9 11 0.028757287 
656 739 5 9 0.02874887 
906 491 50 51 0.028747216 
867 693 4 5 0.028741486 
226 481 27 21 0.02873955 
874 963 4 6 0.028737461 
339 604 4 6 0.02873486 
558 886 22 31 0.028733827 
549 874 5 7 0.028712206 
729 673 6 8 0.028703436 
390 605 5 6 0.02869526 
732 651 5 7 0.028693326 
825 615 7 9 0.02869233 
717 959 5 5 0.028681738 
567 711 6 9 0.028675782 
459 1031 7 8 0.02865612 
1003 687 5 7 0.02865093 
629 666 5 6 0.02864755 
909 966 4 5 0.028630676 
172 491 6 6 0.028627254 
853 435 6 7 0.028626071 
996 769 4 6 0.028621301 
622 703 5 9 0.028618624 
988 557 6 6 0.028617935 
862 399 26 25 0.028613903 
982 400 23 32 0.028607955 
995 407 6 8 0.02860183 
72 924 4 6 0.028599635 
303 626 5 6 0.028592056 
549 709 6 9 0.028591422 
664 693 4 6 0.028581113 
547 685 6 10 0.028578749 
960 625 4 6 0.028578207 
959 459 8 9 0.028574992 
23 475 7 7 0.028558211 
675 931 55 61 0.028557898 
865 624 6 9 0.028548978 
765 980 4 5 0.028534647 
882 383 10 12 0.028532596 
89 481 7 9 0.028529437 
676 666 5 6 0.028522594 
853 699 4 7 0.02851768 
996 685 5 7 0.02851324 
166 482 6 6 0.028498556 
671 465 4 4 0.0284938 
844 416 6 6 0.028492749 
393 537 4 5 0.02847824 
866 665 5 7 0.028477263 
5 477 5 6 0.028462617 
716 863 60 59 0.028461726 
223 634 4 3 0.028461607 
712 643 4 7 0.028460361 
708 478 10 12 0.02845927 
717 965 4 4 0.028449077 
961 571 7 6 0.028448667 
273 978 6 6 0.02844761 
791 630 5 8 0.028441822 
715 470 8 8 0.028436238 
831 393 6 8 0.02843425 
474 918 25 33 0.028427338 
376 977 5 6 0.028425826 
662 633 6 5 0.028421395 
390 557 5 6 0.028416332 
539 677 7 9 0.028413896 
737 643 5 7 0.028413014 
178 651 8 8 0.02841081 
663 1012 5 6 0.028396012 
791 611 5 9 0.028376259 
1010 803 4 6 0.028360894 
656 468 6 6 0.028359784 
983 748 4 5 0.028351976 
865 468 5 7 0.028348263 
219 475 9 8 0.028343614 
954 1065 6 8 0.028341388 
671 705 5 7 0.028331805 
798 387 26 31 0.028316004 
752 977 4 5 0.02828672 
424 724 25 28 0.028285466 
688 602 7 8 0.028281124 
701 564 8 6 0.028275307 
763 617 5 7 0.028270934 
310 613 5 6 0.028269857 
921 626 4 5 0.028249275 
639 475 8 7 0.028245404 
793 739 5 7 0.028245151 
362 602 6 8 0.028237253 
819 1013 4 5 0.028234405 
887 978 5 5 0.028225997 
877 432 7 9 0.028225837 
298 560 4 4 0.028211614 
640 703 7 10 0.028211534 
198 467 10 8 0.028203718 
820 394 4 6 0.028202116 
356 617 7 8 0.028201077 
887 613 5 6 0.028195433 
903 582 8 9 0.028178528 
830 475 7 8 0.028178107 
867 727 5 6 0.028170664 
138 497 6 6 0.028161125 
616 926 3 4 0.028124085 
201 665 6 7 0.028114578 
677 1046 5 6 0.028114388 
623 678 4 6 0.02810908 
971 362 9 14 0.02810567 
773 957 5 6 0.028097255 
370 558 4 5 0.02809303 
198 460 24 21 0.028081555 
407 879 102 108 0.028077899 
675 686 5 7 0.028077176 
819 483 6 6 0.028073598 
955 584 6 6 0.028066456 
35 480 8 10 0.028063849 
882 392 8 9 0.028060364 
575 1066 6 7 0.028058881 
846 644 5 7 0.028053796 
377 593 8 11 0.02804927 
296 644 5 6 0.028040718 
392 644 5 9 0.028039126 
378 973 4 5 0.028033609 
859 422 5 6 0.028027544 
608 657 6 6 0.028021686 
230 633 3 4 0.028021334 
772 448 27 24 0.02801992 
881 735 4 5 0.028008476 
763 1039 6 6 0.027984217 
976 379 23 27 0.027980529 
656 730 5 8 0.027974777 
832 686 5 8 0.027973957 
546 1066 5 7 0.027973661 
866 950 6 6 0.027971908 
901 980 5 5 0.027969653 
712 654 5 5 0.02796521 
838 457 24 25 0.02796089 
845 428 6 6 0.027956318 
939 441 21 26 0.027955022 
770 645 6 6 0.02795405 
873 719 4 6 0.027951976 
416 691 18 30 0.027932758 
738 639 4 6 0.02793025 
996 1064 6 9 0.0279136 
770 556 7 6 0.027907638 
1017 738 5 8 0.027903602 
635 653 6 6 0.027899362 
806 632 5 7 0.02789566 
655 632 6 5 0.027885826 
426 715 72 99 0.027874148 
921 597 6 8 0.027866893 
301 616 6 8 0.027862636 
862 590 7 10 0.027859729 
8 477 7 7 0.02784246 
1008 739 5 8 0.027832666 
404 602 7 8 0.02782217 
263 475 5 5 0.02781033 
623 1073 5 7 0.027797248 
865 602 6 9 0.027797144 
743 1004 6 7 0.027784016 
754 522 11 9 0.027782973 
824 377 8 11 0.0277812 
661 997 6 7 0.027768388 
888 699 4 6 0.02776474 
973 594 19 24 0.027756352 
634 693 5 6 0.027747905 
1 1061 11 13 0.02774082 
276 639 4 6 0.027735755 
531 536 11 15 0.027723877 
996 370 67 117 0.02770861 
596 931 3 5 0.02770402 
24 434 7 9 0.027699647 
772 437 6 4 0.027699463 
877 480 7 9 0.027696978 
310 572 4 5 0.02769605 
830 642 6 9 0.027695172 
621 896 5 7 0.027685747 
1018 787 4 5 0.027681865 
259 482 7 7 0.02767591 
951 392 9 14 0.027666682 
960 591 39 63 0.027664633 
695 1076 6 9 0.02766129 
884 1010 8 8 0.027654335 
450 724 24 32 0.027652077 
743 435 6 6 0.027636582 
805 1020 5 4 0.027636398 
295 985 6 6 0.027633738 
260 638 5 8 0.027631355 
914 724 4 8 0.02763033 
375 605 6 7 0.027618686 
927 434 6 7 0.027608585 
23 896 104 138 0.02760692 
174 477 6 5 0.027606042 
784 427 6 6 0.027605852 
67 924 4 5 0.027593879 
768 1071 8 10 0.027593175 
729 686 7 9 0.027590124 
321 306 380 361 0.027581563 
1003 773 5 6 0.027573097 
667 664 7 8 0.027567696 
1017 768 3 5 0.027562907 
759 1045 6 6 0.02755975 
378 964 5 6 0.02753894 
876 368 13 18 0.027537996 
627 903 5 6 0.027530795 
752 1033 5 6 0.02752374 
706 641 42 53 0.027521005 
804 608 6 9 0.027518898 
814 544 9 9 0.027510777 
853 426 6 7 0.027504062 
685 1013 4 6 0.027487047 
284 639 4 6 0.027484514 
683 993 4 5 0.02748197 
908 602 6 8 0.027462741 
701 1018 7 7 0.027459355 
933 371 8 10 0.027457211 
952 605 6 7 0.027452607 
90 453 8 10 0.02745249 
406 596 6 8 0.027446905 
968 434 6 9 0.027442317 
324 571 4 6 0.027422182 
623 674 4 6 0.027422056 
741 502 9 9 0.02741162 
422 1057 7 8 0.02740145 
737 360 19 30 0.027397007 
738 605 5 5 0.027394617 
86 916 4 7 0.027393304 
947 625 5 6 0.027390134 
639 1051 7 8 0.027387349 
939 489 6 7 0.027381232 
691 964 4 5 0.027368745 
710 625 4 6 0.027358048 
593 1070 6 8 0.027354518 
846 755 4 5 0.027348591 
674 731 24 33 0.027332501 
699 662 3 5 0.027330589 
64 476 7 8 0.027318858 
921 380 5 6 0.027318517 
262 456 6 6 0.027310722 
748 1045 6 7 0.027310448 
224 627 3 4 0.027309675 
669 679 6 7 0.027303817 
756 1038 6 6 0.027296038 
651 703 5 8 0.027292317 
299 612 4 5 0.027287146 
670 1007 5 4 0.027286 
828 638 4 6 0.027282562 
680 480 7 9 0.027279822 
838 660 5 6 0.027278742 
811 395 26 29 0.027278014 
206 652 6 7 0.027276743 
330 617 6 8 0.02727504 
155 599 4 6 0.027272651 
997 596 6 8 0.027265508 
796 553 10 14 0.0272544 
347 926 125 140 0.027253656 
614 901 6 8 0.027250553 
607 474 5 6 0.027250193 
1002 643 5 8 0.027234202 
416 738 8 12 0.027232697 
787 538 13 13 0.027232118 
1010 807 4 7 0.027231347 
710 992 5 5 0.027227733 
813 1020 5 5 0.027222656 
92 469 6 7 0.027220815 
427 518 12 12 0.027219357 
648 719 5 7 0.027215835 
907 937 4 6 0.02721565 
544 886 25 34 0.027210487 
371 608 7 9 0.027208997 
639 1057 7 9 0.027200883 
976 747 4 6 0.027196025 
737 1058 7 10 0.027189026 
790 433 9 8 0.027179316 
233 884 105 121 0.027172932 
626 480 7 7 0.027169913 
989 412 7 9 0.027149063 
269 476 6 7 0.027144881 
507 930 5 7 0.027136093 
795 493 10 10 0.027135365 
556 545 4 5 0.027122162 
942 733 5 7 0.027113428 
946 733 4 7 0.027095625 
99 468 6 8 0.027086124 
790 516 8 7 0.027081598 
934 434 6 6 0.027071355 
443 1056 6 10 0.02704992 
819 740 4 6 0.02704839 
749 317 6 10 0.027042594 
977 677 4 8 0.027037475 
942 477 4 5 0.027011657 
302 585 5 5 0.027007425 
1002 413 5 8 0.027000444 
740 465 3 4 0.026997011 
860 666 5 6 0.026995428 
660 625 42 54 0.026987823 
398 584 4 6 0.026986053 
405 550 4 5 0.026985334 
304 592 5 5 0.026983121 
1016 801 3 6 0.026981007 
898 591 8 8 0.026979817 
125 496 5 6 0.026978565 
736 1038 6 6 0.026973112 
304 653 4 5 0.02696968 
267 950 55 58 0.026962586 
935 476 4 6 0.026956268 
736 950 5 6 0.026949767 
722 685 7 10 0.026946941 
778 1072 6 9 0.026940566 
381 522 6 6 0.02693926 
1009 651 5 8 0.02693083 
737 592 5 6 0.026928656 
696 571 7 5 0.026922572 
458 671 6 9 0.026911255 
941 1058 6 7 0.026896568 
936 664 5 7 0.026894428 
787 384 50 57 0.026891924 
204 468 25 21 0.026891878 
839 394 6 7 0.026883984 
79 481 8 8 0.026872734 
980 629 6 9 0.026863022 
728 345 8 11 0.02685314 
905 446 49 54 0.026846511 
384 623 5 7 0.026845153 
781 553 36 50 0.02684443 
697 1013 5 5 0.026843397 
799 1013 5 5 0.026841393 
941 441 5 7 0.026835885 
704 986 5 6 0.026834106 
744 1045 6 8 0.02683116 
893 591 6 6 0.026825765 
683 651 4 6 0.026824221 
783 436 6 6 0.026815645 
743 991 5 6 0.026809676 
276 504 4 5 0.026805226 
764 982 5 8 0.026803466 
100 918 5 6 0.026802303 
247 474 8 7 0.02680081 
451 669 25 36 0.026781213 
247 645 6 7 0.026766747 
644 693 4 6 0.026757421 
757 365 26 31 0.02674964 
784 468 19 22 0.026749076 
254 624 6 7 0.026721966 
853 727 5 6 0.026714845 
900 583 7 7 0.02670474 
550 705 8 11 0.02669914 
719 613 4 5 0.026691433 
780 658 5 6 0.026680637 
880 469 5 7 0.02667202 
518 907 8 13 0.026635231 
66 455 6 8 0.026631149 
705 661 3 4 0.026629025 
901 966 4 5 0.02662365 
623 902 5 6 0.02661379 
887 957 6 6 0.026603207 
675 550 27 23 0.026580673 
798 734 5 7 0.026579103 
601 474 5 7 0.02657634 
527 886 7 10 0.026573667 
830 407 7 7 0.026572986 
173 494 7 7 0.026564686 
820 692 4 7 0.02656122 
818 428 7 7 0.026559906 
821 680 4 7 0.026554702 
696 684 5 8 0.02655468 
1002 678 5 6 0.026551938 
690 1077 5 8 0.026551327 
766 462 25 22 0.02654733 
724 1024 5 7 0.026546786 
941 657 5 8 0.026546067 
994 412 7 8 0.026538802 
751 1052 6 7 0.02653761 
845 1066 8 9 0.026535636 
724 1018 5 6 0.026529443 
879 658 5 7 0.026525829 
832 463 6 6 0.026518015 
291 606 4 5 0.026514798 
615 889 6 8 0.026514558 
880 964 4 5 0.026500566 
243 621 3 3 0.026493352 
927 380 5 6 0.026485221 
796 638 6 9 0.026484229 
993 569 5 8 0.026481992 
972 495 10 9 0.026480375 
956 409 19 28 0.0264767 
775 435 7 6 0.026470039 
702 1032 6 7 0.026458455 
772 1018 5 6 0.026453001 
70 475 7 8 0.0264447 
933 562 7 8 0.026443835 
801 495 10 9 0.026439399 
399 503 6 7 0.026429432 
692 677 47 60 0.02642661 
1003 809 5 6 0.026423743 
861 659 5 6 0.026422024 
309 788 6 7 0.026415989 
802 567 10 12 0.026415093 
593 1057 5 9 0.026414614 
627 652 5 6 0.026412899 
833 653 4 6 0.026412163 
795 545 10 13 0.026409656 
840 400 5 6 0.02640112 
730 663 6 8 0.026377419 
845 409 5 6 0.026374644 
561 667 5 6 0.02637462 
527 810 4 6 0.026368534 
677 1051 5 7 0.026354993 
94 925 3 4 0.026344491 
858 607 7 10 0.026329255 
560 1031 6 8 0.026328119 
302 611 5 5 0.026326057 
185 481 9 7 0.026316538 
421 706 10 15 0.026313148 
325 640 4 5 0.026309963 
760 630 77 104 0.02630952 
315 639 5 6 0.02630632 
681 1051 6 7 0.026306111 
810 536 7 7 0.026299797 
720 652 7 10 0.026294053 
775 502 9 8 0.02629238 
762 539 40 54 0.02628814 
949 399 6 10 0.026278852 
993 1044 6 8 0.026276438 
269 968 27 30 0.026264954 
920 387 5 7 0.02625027 
975 571 6 6 0.026248433 
941 434 5 7 0.026245529 
785 591 4 7 0.02624479 
405 633 5 7 0.026236655 
838 732 4 7 0.0262352 
1003 371 7 12 0.026203817 
384 1063 7 10 0.026196495 
349 570 5 8 0.026188433 
833 612 4 7 0.02618513 
783 1065 7 8 0.026180906 
1007 1043 6 10 0.026177932 
699 646 3 4 0.02615657 
715 1012 5 5 0.026154598 
239 1010 8 8 0.02614591 
909 493 10 12 0.026130527 
622 726 6 8 0.026124861 
443 738 8 10 0.026121477 
840 676 5 9 0.026119655 
736 342 8 11 0.026118308 
820 455 6 6 0.026109552 
946 481 6 7 0.026109463 
864 956 6 7 0.02610471 
980 361 10 14 0.026098765 
835 375 11 14 0.02609611 
199 492 11 10 0.026083877 
675 699 5 7 0.02607084 
377 435 89 97 0.026066942 
400 532 4 5 0.026065998 
303 572 4 6 0.026062306 
1016 415 6 12 0.026057964 
900 923 6 7 0.026057782 
534 882 5 7 0.026051082 
314 583 5 8 0.026046896 
867 993 5 5 0.026039168 
831 547 10 9 0.0260351 
799 611 5 7 0.02602781 
57 482 6 7 0.026022816 
743 605 5 6 0.026022598 
567 1071 5 8 0.026018405 
628 731 5 7 0.0260134 
38 455 6 7 0.026005166 
435 732 9 11 0.026003022 
428 1075 8 12 0.025991362 
199 658 7 7 0.025984064 
695 697 6 9 0.025983559 
336 1066 7 9 0.025982577 
885 928 6 8 0.025979677 
680 501 26 24 0.025979392 
671 640 5 5 0.0259766 
916 746 4 6 0.025972737 
920 590 8 9 0.025971923 
204 639 29 31 0.02596763 
993 420 6 8 0.025961317 
71 488 7 10 0.025961086 
688 591 6 6 0.02594963 
948 786 6 8 0.025948677 
937 826 24 27 0.02594651 
886 972 5 6 0.02594253 
270 645 5 7 0.025941473 
940 607 42 63 0.025940953 
793 734 4 6 0.025937257 
410 577 5 9 0.025933329 
710 966 4 5 0.025930487 
734 352 7 10 0.025927873 
1016 572 4 6 0.02592609 
684 556 48 50 0.025925163 
622 911 5 6 0.025924478 
865 485 8 11 0.025924044 
657 463 5 5 0.025923593 
407 571 4 5 0.025918202 
409 1065 6 8 0.025917156 
967 448 7 9 0.025915423 
804 382 76 99 0.025913857 
510 993 55 63 0.025912233 
370 728 52 62 0.025910318 
147 502 6 7 0.025898661 
262 464 5 5 0.025894703 
820 401 5 6 0.02589302 
458 1072 5 9 0.025886573 
418 724 6 8 0.025882896 
870 417 8 9 0.025880022 
298 617 5 6 0.025879024 
446 658 6 8 0.02587841 
152 754 445 542 0.02587669 
785 463 5 5 0.025874335 
741 373 23 33 0.025873302 
560 1064 6 8 0.025871322 
379 557 4 5 0.02586775 
725 460 4 7 0.025847284 
640 1077 7 8 0.025838984 
140 951 5 5 0.025833137 
519 930 7 8 0.02583249 
237 629 128 116 0.025828777 
641 625 7 6 0.025821202 
954 460 7 8 0.025815053 
840 672 5 8 0.025798198 
742 999 6 5 0.025797818 
615 894 7 9 0.025796425 
911 590 7 8 0.025792915 
791 623 5 9 0.025779173 
996 727 4 7 0.02577433 
413 565 4 5 0.025771245 
270 599 4 5 0.025751574 
207 564 4 5 0.025750317 
254 517 8 7 0.02575027 
808 612 41 57 0.02574435 
893 909 5 6 0.025743704 
904 480 7 9 0.02573965 
909 692 3 7 0.025732411 
99 851 48 57 0.025730059 
940 454 7 8 0.0257286 
845 695 5 10 0.02572768 
391 531 5 5 0.025726562 
186 489 8 6 0.025725374 
855 985 4 5 0.025721347 
703 602 39 58 0.025719933 
1010 354 4 6 0.025705783 
933 386 5 7 0.025705144 
4 151 5 16 0.02570447 
922 374 5 6 0.025703238 
350 623 7 9 0.02568905 
713 651 19 25 0.025686597 
698 972 4 5 0.025684642 
770 571 6 7 0.025676865 
929 388 5 5 0.025674418 
908 764 5 8 0.025673226 
973 452 8 10 0.025669146 
651 658 4 6 0.025665913 
825 659 5 7 0.025656145 
290 647 4 5 0.025654184 
873 434 6 7 0.025643755 
549 871 5 5 0.025635095 
683 692 4 6 0.025618557 
405 545 4 5 0.025616623 
417 592 4 6 0.025615292 
180 654 26 28 0.025615156 
317 564 5 6 0.025607489 
386 604 5 6 0.025595915 
98 476 6 7 0.025587471 
529 755 3 4 0.025584001 
995 565 4 6 0.025583087 
859 997 5 6 0.025581699 
24 612 7 15 0.025580395 
796 469 7 7 0.025579246 
526 676 7 13 0.025577335 
445 1077 5 9 0.025572186 
626 477 7 6 0.02555278 
528 686 19 26 0.02554811 
797 576 7 8 0.025545426 
996 670 5 8 0.025535615 
750 952 5 5 0.0255335 
737 597 5 6 0.025526844 
806 652 5 7 0.025524981 
689 951 5 5 0.025520258 
386 505 3 4 0.025515674 
771 456 6 5 0.025512762 
675 658 5 7 0.025504043 
159 642 27 28 0.02548821 
105 475 7 7 0.025485165 
738 1025 5 6 0.025482535 
1009 814 5 6 0.025477909 
567 707 6 8 0.02547624 
644 916 4 6 0.025463112 
359 557 5 5 0.02545405 
627 911 5 6 0.025449235 
534 873 26 35 0.025447393 
663 597 71 97 0.025430439 
3 320 7 17 0.025428198 
886 735 4 5 0.025424864 
917 485 11 11 0.025417946 
218 461 24 23 0.02541006 
694 556 9 8 0.025408221 
794 523 10 8 0.02540789 
629 674 61 105 0.025406023 
567 924 6 6 0.025392156 
180 491 5 5 0.025384583 
391 1065 6 9 0.025380688 
296 979 5 5 0.025380168 
1003 729 6 9 0.025375014 
928 658 5 7 0.02537351 
276 611 4 7 0.025367346 
799 598 5 6 0.025366189 
658 485 8 10 0.02535308 
506 937 6 7 0.025349243 
791 573 38 53 0.02534851 
418 603 5 7 0.025348188 
895 992 5 5 0.02534641 
805 755 5 5 0.025343958 
595 706 5 6 0.025343914 
804 574 9 11 0.025341338 
156 486 9 9 0.025338778 
885 999 5 6 0.025332574 
797 589 6 7 0.025329774 
627 727 6 8 0.025319666 
180 476 7 6 0.025314676 
864 583 6 7 0.02531297 
1013 1036 6 10 0.025304424 
676 1004 5 6 0.025301065 
827 485 9 10 0.025296535 
641 308 19 28 0.02528868 
737 671 6 8 0.025278816 
398 535 5 6 0.025277527 
976 767 4 6 0.025276028 
705 962 26 27 0.025271423 
692 633 34 52 0.025271205 
398 636 5 8 0.025270376 
839 651 5 7 0.025269095 
886 765 5 7 0.025264177 
606 1071 6 9 0.025247155 
185 496 7 6 0.025243938 
152 502 7 7 0.025232079 
670 999 5 5 0.025231708 
987 685 6 7 0.0252244 
616 910 4 6 0.025222948 
839 616 6 9 0.025221024 
837 1066 8 8 0.025203703 
996 787 5 9 0.025203597 
826 726 4 7 0.025198245 
901 973 4 4 0.02519796 
886 773 5 7 0.025197856 
57 461 7 9 0.025195269 
772 422 5 5 0.025186008 
895 963 5 6 0.025180034 
995 -16 82 127 0.025158519 
585 706 6 9 0.025155531 
873 713 4 6 0.025150625 
429 726 9 9 0.025145376 
574 1072 6 8 0.025143953 
256 966 5 5 0.025139816 
41 474 23 25 0.025132982 
873 990 6 7 0.025127606 
500 923 6 8 0.025122134 
46 487 20 22 0.025119934 
3 504 8 13 0.025112158 
181 917 5 5 0.02511054 
743 884 53 56 0.025106706 
967 1042 6 8 0.025096897 
831 401 6 6 0.02508921 
803 738 6 8 0.02508867 
385 497 4 5 0.02508746 
681 577 7 8 0.025084354 
366 973 4 4 0.025079092 
548 678 6 8 0.02507712 
893 903 57 59 0.02507225 
770 733 5 8 0.025066 
708 576 9 9 0.025032677 
805 746 5 7 0.025032565 
331 565 4 4 0.025030535 
989 1071 6 8 0.025018426 
523 869 25 32 0.025017507 
800 713 4 7 0.025016075 
908 612 4 6 0.025015168 
846 657 6 8 0.025011405 
799 1018 5 6 0.025006764 
754 501 9 9 0.02500289 
724 1004 5 6 0.024994481 
787 597 5 6 0.02497999 
878 990 5 6 0.02497648 
988 659 4 6 0.02497518 
907 943 5 6 0.024972927 
97 487 8 9 0.024968587 
648 653 5 6 0.024964767 
827 993 4 6 0.02496309 
900 943 5 7 0.024946313 
690 971 5 6 0.024939505 
977 619 5 6 0.024935618 
0 497 18 27 0.024934722 
947 1076 9 12 0.024924854 
713 337 43 60 0.024924217 
716 685 6 8 0.024922213 
427 745 12 19 0.024921315 
732 949 5 6 0.024921197 
785 741 4 6 0.024919866 
637 734 4 6 0.024913793 
975 639 4 5 0.024907246 
431 590 5 8 0.024906376 
169 605 4 6 0.024902722 
166 489 8 8 0.024902463 
838 582 6 9 0.024898697 
826 390 28 29 0.024891358 
595 939 4 5 0.02488986 
622 1065 6 7 0.024888987 
900 435 6 7 0.02488728 
712 940 55 60 0.024886124 
418 1065 6 8 0.02488436 
921 659 4 7 0.024878563 
521 883 4 6 0.024876215 
710 671 5 7 0.024875129 
787 1018 5 6 0.024873273 
561 711 5 8 0.024869552 
744 610 5 6 0.024861936 
810 610 5 8 0.02486061 
358 602 6 8 0.024846904 
683 1065 19 26 0.024840798 
901 577 6 6 0.024838896 
873 598 5 7 0.02483718 
929 409 4 5 0.024829255 
673 1012 6 6 0.024826566 
759 951 4 6 0.024823096 
276 619 4 7 0.024818292 
744 637 5 7 0.024814459 
683 687 5 6 0.02481229 
718 362 21 37 0.024806505 
609 471 4 5 0.024781877 
690 632 4 6 0.024779908 
892 481 7 8 0.024775108 
603 933 4 4 0.024770414 
282 592 4 5 0.024765084 
832 449 6 5 0.024761513 
755 346 22 26 0.024758738 
680 554 12 10 0.02475758 
996 782 4 6 0.02475691 
843 595 7 10 0.024752498 
949 725 4 7 0.024747992 
247 447 9 7 0.024746891 
444 662 8 10 0.024744324 
737 1003 5 7 0.024725089 
-23 998 99 136 0.02472397 
866 779 5 7 0.024721581 
995 644 6 8 0.024721522 
425 624 4 7 0.024719507 
44 414 6 8 0.024717443 
633 686 6 7 0.02471468 
1018 813 4 6 0.024711363 
818 979 5 5 0.02470656 
812 643 5 8 0.024702927 
418 1076 9 11 0.02470219 
236 626 4 4 0.024701428 
742 384 8 13 0.024699977 
259 494 8 8 0.024699321 
764 637 6 7 0.024695618 
664 699 4 6 0.024692269 
345 617 5 6 0.024691485 
741 1008 57 64 0.024689473 
377 1065 6 8 0.024686355 
912 777 93 123 0.024682855 
877 495 9 10 0.024679927 
737 317 6 9 0.024679044 
771 1052 6 6 0.02467896 
900 983 5 6 0.024676932 
650 1052 6 8 0.024670199 
733 329 18 27 0.024660612 
704 979 4 4 0.024660388 
843 610 6 9 0.024658322 
742 1024 6 8 0.024653237 
804 541 7 10 0.024640746 
758 611 5 6 0.024638442 
947 571 6 6 0.02463804 
929 415 4 6 0.024635592 
359 361 98 117 0.024628777 
739 619 4 5 0.024627645 
818 387 5 7 0.02461607 
797 738 6 7 0.02461176 
993 771 5 8 0.024602469 
627 1065 6 9 0.024600467 
544 686 20 27 0.02460002 
489 881 9 15 0.024597086 
738 428 5 7 0.024593038 
961 578 6 7 0.024584595 
1009 704 5 8 0.024575831 
337 632 6 7 0.024573488 
495 923 5 8 0.024570312 
519 835 5 8 0.024562608 
551 900 28 33 0.024547666 
1017 753 4 7 0.02453326 
741 330 8 12 0.024529077 
772 429 5 5 0.02452743 
269 983 6 7 0.02452377 
-2 369 4 15 0.024518218 
637 483 7 7 0.024517883 
759 494 10 8 0.024514738 
709 619 4 6 0.024509294 
836 480 9 11 0.024504198 
385 551 5 5 0.02450265 
859 993 4 5 0.024486613 
209 489 11 8 0.02448091 
621 889 6 9 0.024477445 
763 646 6 7 0.024472198 
354 657 25 32 0.024471914 
657 694 3 5 0.024468936 
311 565 5 5 0.02446831 
955 578 6 6 0.0244601 
683 847 64 58 0.024451308 
891 385 7 9 0.024442106 
608 654 5 5 0.024440018 
363 530 6 7 0.024437249 
405 564 4 6 0.024433522 
827 984 5 5 0.024428256 
833 597 5 8 0.024426874 
322 598 5 6 0.024425255 
535 755 4 6 0.02442083 
92 902 53 61 0.024420386 
719 313 21 30 0.024419898 
843 591 7 9 0.02440833 
715 501 8 8 0.024401922 
824 463 6 6 0.024401128 
925 374 6 7 0.02439921 
992 610 6 10 0.024392126 
847 726 4 6 0.02439165 
853 624 6 8 0.024388725 
768 502 9 8 0.024386035 
980 718 5 9 0.024381224 
244 639 26 34 0.024378836 
492 937 6 7 0.02437595 
248 469 7 7 0.024373094 
691 471 4 4 0.024365414 
994 679 5 7 0.02436044 
71 416 8 11 0.024348477 
606 901 6 8 0.024344247 
501 895 6 11 0.024344174 
705 970 4 6 0.024339996 
885 414 8 8 0.024324235 
173 644 7 8 0.02431938 
762 624 6 8 0.024318244 
872 385 9 12 0.02431623 
546 881 6 7 0.024313444 
802 501 9 9 0.024312176 
982 569 7 7 0.024308704 
1002 624 6 8 0.024305752 
861 965 4 5 0.024305264 
100 924 4 5 0.024301682 
834 624 4 8 0.024300428 
615 475 5 6 0.024292361 
411 1044 6 6 0.024292022 
63 474 20 24 0.024285609 
786 605 5 7 0.024285564 
552 875 5 7 0.024278196 
871 407 8 8 0.024269598 
493 908 6 10 0.024268074 
1013 725 5 8 0.024256786 
697 577 7 7 0.024255522 
784 637 6 8 0.02425221 
995 575 5 7 0.024252176 
603 471 3 5 0.024252089 
275 494 6 6 0.024237143 
554 904 6 8 0.024235515 
413 749 22 34 0.024233926 
812 469 20 20 0.024232019 
913 469 6 7 0.024227044 
630 659 5 6 0.024220183 
269 469 6 6 0.024214996 
608 918 5 5 0.02421161 
840 372 12 16 0.024210252 
862 919 25 28 0.02420982 
622 476 5 6 0.02420702 
813 648 42 60 0.024197076 
537 664 38 49 0.024188919 
466 509 101 130 0.024183664 
886 992 4 5 0.024180459 
416 733 7 8 0.02418021 
775 509 10 8 0.024166713 
860 951 6 6 0.024158277 
671 644 5 7 0.024157874 
856 399 8 9 0.024154656 
744 619 5 5 0.024151476 
93 951 4 5 0.024149232 
275 971 6 6 0.02414812 
261 650 6 9 0.024140246 
796 516 8 7 0.024137594 
399 612 20 31 0.024128301 
892 1012 6 7 0.024125667 
903 604 41 65 0.02412349 
728 351 9 11 0.024121694 
928 646 5 5 0.024115482 
1009 685 5 7 0.024111679 
452 737 8 11 0.024110585 
3 334 6 16 0.024107004 
844 381 25 30 0.024106704 
941 421 5 7 0.024103817 
262 1018 6 6 0.024100695 
832 632 4 6 0.024092613 
237 426 48 52 0.024089972 
812 421 6 7 0.02408959 
248 651 6 8 0.024082176 
398 556 5 7 0.024072418 
826 693 4 7 0.024070583 
860 618 5 7 0.024070153 
96 750 56 60 0.024068492 
684 677 5 8 0.024052074 
913 935 7 8 0.024050198 
777 441 6 6 0.024048097 
810 556 8 9 0.024046155 
1017 1043 5 9 0.02403843 
458 682 8 13 0.024037635 
978 623 7 9 0.024033962 
906 734 4 6 0.024032127 
979 383 11 12 0.024031661 
-2 389 6 19 0.02403051 
999 1068 8 13 0.024025463 
458 663 7 10 0.024024066 
435 673 11 17 0.024019793 
812 625 5 7 0.02401867 
409 671 22 35 0.024018157 
398 578 4 5 0.024017846 
418 617 6 9 0.024015559 
748 522 10 8 0.024009882 
948 577 5 6 0.024008079 
648 633 6 5 0.024007048 
954 441 7 8 0.024003483 
1018 1052 4 7 0.024003021 
609 925 4 5 0.023991428 
704 463 5 5 0.02397915 
296 585 4 5 0.02397738 
860 937 5 6 0.023973871 
842 384 8 11 0.023973297 
738 909 4 6 0.023973202 
791 463 6 5 0.023972498 
690 1039 6 8 0.023969542 
92 917 4 6 0.023966447 
418 775 24 35 0.023964802 
911 483 23 25 0.023963917 
925 747 6 7 0.023957675 
48 444 25 31 0.023957549 
812 680 4 7 0.02395316 
263 611 5 7 0.023947442 
819 998 5 6 0.023943441 
682 673 6 7 0.023938794 
758 1032 5 6 0.023933513 
465 1065 5 8 0.023928283 
145 492 9 10 0.0239274 
949 394 5 9 0.0239222 
465 1071 7 11 0.02391946 
747 345 7 10 0.023917587 
217 492 10 10 0.023917345 
982 638 5 7 0.023914399 
98 482 7 7 0.02391438 
736 1045 6 7 0.023911228 
401 436 28 28 0.02390854 
655 475 7 7 0.023904756 
486 931 5 7 0.02389944 
259 446 10 9 0.023890704 
859 408 6 6 0.023887489 
787 937 50 63 0.023885226 
729 318 6 8 0.02388103 
951 391 19 32 0.023880202 
859 645 6 7 0.023871945 
688 597 6 7 0.02386015 
806 643 6 8 0.023843579 
805 733 5 7 0.023826776 
695 617 7 8 0.023822516 
352 575 5 8 0.023821797 
412 545 6 6 0.023814235 
105 469 7 8 0.023812748 
842 1021 8 9 0.023812583 
38 461 7 8 0.02380948 
914 978 4 6 0.023808105 
779 638 5 7 0.02379839 
1003 368 5 8 0.023795338 
777 579 5 6 0.023789816 
358 529 5 6 0.0237876 
292 999 4 4 0.023786323 
581 1057 5 9 0.023785762 
929 402 4 6 0.023777638 
995 1052 5 8 0.02377339 
952 611 6 6 0.02376687 
628 638 7 6 0.023766179 
797 630 6 9 0.02376571 
253 447 9 8 0.02376566 
669 625 5 5 0.023765067 
737 324 7 10 0.023758508 
835 731 4 7 0.023756474 
705 654 3 4 0.023751814 
623 667 5 6 0.023748962 
43 498 9 12 0.023732841 
85 455 7 8 0.023729322 
1016 797 3 5 0.023728136 
547 905 6 7 0.023725428 
710 1038 6 7 0.023724344 
811 475 57 56 0.023717953 
65 461 7 8 0.023716075 
69 445 8 11 0.023706747 
705 645 4 5 0.023699196 
44 428 6 8 0.023697888 
303 644 4 6 0.02369682 
765 456 5 5 0.02369412 
713 563 11 9 0.023680342 
825 386 7 8 0.023679985 
220 640 5 6 0.023664812 
846 759 4 7 0.023664517 
715 998 5 7 0.023657361 
535 843 4 5 0.02365495 
967 474 7 7 0.02365415 
184 475 9 7 0.023647843 
622 733 5 7 0.02364193 
698 456 4 5 0.023634247 
695 565 7 6 0.02363135 
702 495 8 8 0.023628535 
461 922 25 30 0.0236269 
470 790 39 68 0.023618279 
427 631 5 8 0.023617996 
382 1072 6 9 0.023617629 
859 426 5 7 0.023617337 
422 522 25 29 0.023617325 
742 651 7 9 0.023616899 
833 728 4 6 0.023602337 
345 602 5 8 0.023601811 
350 564 5 6 0.023594724 
449 727 11 14 0.023593297 
254 477 6 5 0.023588385 
704 966 5 5 0.02358374 
709 358 7 10 0.02358181 
621 652 7 7 0.023577293 
784 624 5 8 0.023575222 
500 1065 5 8 0.023571705 
188 640 25 28 0.023564741 
827 411 26 26 0.023564337 
451 676 8 13 0.023561357 
415 680 8 13 0.023554012 
846 631 6 8 0.023553412 
806 998 5 5 0.023552122 
773 492 11 11 0.023549369 
695 582 8 9 0.023540452 
208 619 5 5 0.02353169 
832 992 5 5 0.023522343 
799 492 24 25 0.023520049 
446 625 5 7 0.023518031 
642 725 6 9 0.023516504 
699 653 3 4 0.02351489 
655 612 7 5 0.023514697 
181 552 5 3 0.023508944 
668 1018 5 6 0.023504822 
818 529 8 7 0.023500895 
179 664 8 9 0.023495039 
825 1024 5 6 0.02349049 
668 672 7 7 0.02348809 
873 591 6 7 0.023486946 
213 591 5 6 0.023483632 
785 662 6 10 0.023471968 
875 951 4 4 0.023466473 
981 730 5 9 0.023462823 
728 1025 6 8 0.02346254 
391 618 5 7 0.023462515 
890 587 80 127 0.023461763 
545 720 5 7 0.023458123 
692 285 13 17 0.02345611 
418 523 15 17 0.023454543 
729 370 8 14 0.023453832 
738 714 46 56 0.023450444 
276 489 6 7 0.023440583 
763 1058 7 8 0.023435397 
277 598 4 5 0.023430556 
891 400 7 8 0.023430286 
395 452 26 29 0.02342614 
261 965 6 6 0.02342492 
791 417 26 28 0.02342458 
909 700 4 6 0.023423916 
290 611 5 6 0.02342135 
715 555 11 8 0.023418108 
702 692 5 8 0.023417862 
363 611 6 7 0.023416767 
865 409 8 7 0.023416761 
760 502 11 9 0.023415029 
841 742 4 5 0.023414241 
958 388 11 16 0.023407837 
13 441 98 106 0.023404747 
626 645 7 7 0.023400333 
798 928 6 8 0.023398986 
365 564 4 5 0.02339723 
404 537 5 6 0.023395255 
489 873 82 104 0.023394585 
874 487 21 24 0.02339335 
698 415 4 6 0.023385845 
202 558 4 4 0.023384152 
736 662 7 9 0.02338273 
38 426 7 10 0.02338185 
623 717 5 8 0.023378037 
765 958 5 5 0.02337768 
1003 801 5 7 0.023373747 
702 501 7 7 0.02337156 
1012 1032 6 10 0.023369122 
711 464 4 4 0.023367712 
435 683 13 18 0.023367288 
541 921 7 8 0.023363339 
115 553 110 121 0.023360798 
887 950 5 6 0.02335632 
267 624 6 8 0.023356177 
483 847 9 14 0.023355793 
691 661 4 5 0.023349369 
235 462 6 7 0.023342617 
561 876 5 5 0.023338797 
349 617 7 7 0.023337768 
886 964 5 5 0.02333259 
765 441 5 5 0.023327095 
791 1018 6 7 0.023326254 
820 608 7 10 0.023324592 
893 973 5 5 0.023320775 
201 482 25 22 0.023314336 
56 459 21 26 0.02331379 
616 706 5 7 0.023312828 
446 618 5 7 0.023310242 
514 890 6 10 0.02331016 
195 619 4 5 0.023307562 
722 349 9 12 0.023300245 
819 644 5 7 0.023291012 
112 958 5 5 0.023290481 
777 705 22 34 0.023286577 
581 1071 6 9 0.02328364 
1017 649 6 10 0.023276439 
843 601 7 10 0.023275658 
887 903 4 5 0.023269685 
429 1064 19 29 0.023269333 
240 469 7 6 0.023265893 
959 475 8 7 0.02326398 
826 557 5 6 0.023258645 
662 743 6 10 0.02325565 
132 490 6 5 0.02325389 
491 919 22 30 0.023253588 
504 918 25 30 0.023252098 
823 999 116 139 0.023246458 
705 626 4 6 0.023244519 
784 630 5 8 0.023244025 
618 930 95 121 0.023232391 
938 778 6 9 0.023229782 
834 678 5 8 0.023228874 
639 644 43 55 0.02322844 
655 712 5 8 0.023226721 
1003 566 4 5 0.023226403 
418 611 6 7 0.023225553 
968 773 5 8 0.023223551 
742 643 7 8 0.023221195 
867 966 5 5 0.023214974 
922 747 4 6 0.023212112 
190 624 5 6 0.023210304 
820 1019 5 6 0.023208769 
831 378 9 13 0.023206078 
1017 762 4 5 0.023204826 
872 428 7 7 0.023203287 
601 1051 5 7 0.023199733 
400 563 4 7 0.023195926 
86 461 6 8 0.023195637 
826 369 21 27 0.023190614 
810 992 5 7 0.023186179 
451 670 7 9 0.02318505 
169 611 5 6 0.023175586 
776 550 7 7 0.023169236 
887 909 6 6 0.02316853 
820 672 5 7 0.023166945 
964 1038 7 10 0.0231599 
790 392 8 10 0.023156323 
86 950 5 7 0.023155779 
283 604 4 6 0.023151787 
4 409 7 14 0.023141637 
868 767 5 6 0.02314147 
629 676 5 8 0.02314145 
701 485 8 10 0.02313989 
696 358 7 10 0.023136338 
906 394 6 7 0.023134962 
1010 418 6 10 0.023134481 
784 768 6 6 0.023133736 
986 624 7 8 0.023133356 
941 596 6 7 0.023132013 
31 462 6 8 0.023127392 
972 53 24 26 0.023126852 
106 958 5 5 0.02312407 
296 999 4 5 0.02312321 
610 933 4 4 0.023115845 
983 565 5 6 0.023114977 
389 595 20 29 0.023112647 
250 613 3 4 0.02310753 
696 598 5 7 0.02310508 
663 705 5 7 0.023102276 
1002 752 7 10 0.023100978 
566 672 6 7 0.023100846 
805 581 7 9 0.02309801 
811 386 7 8 0.023092072 
817 938 50 65 0.02309105 
758 457 6 4 0.023089096 
914 473 6 8 0.023085715 
695 965 5 6 0.023085192 
269 636 6 8 0.023083398 
990 717 5 8 0.023080384 
400 618 4 7 0.023076441 
827 858 117 114 0.023072073 
256 651 6 7 0.023069633 
76 449 23 30 0.02306918 
423 1053 6 7 0.023065448 
603 694 4 5 0.023062477 
98 461 7 9 0.023051841 
635 657 6 7 0.023050474 
700 358 7 10 0.023048246 
701 344 8 10 0.023047743 
290 969 6 7 0.023045074 
405 1071 6 8 0.023043763 
880 358 42 50 0.023042986 
897 486 21 24 0.023038918 
533 704 7 9 0.023036608 
947 449 6 7 0.02301832 
72 360 43 51 0.023016334 
586 958 54 58 0.023015281 
741 656 7 10 0.023011629 
616 645 5 6 0.023005793 
821 748 4 5 0.023004655 
392 584 5 6 0.023003997 
390 534 69 114 0.023001306 
770 639 5 6 0.022995587 
804 617 5 7 0.02298978 
756 495 26 24 0.022986803 
904 576 9 8 0.022984987 
777 780 6 8 0.02297783 
263 625 5 6 0.022969455 
559 695 7 10 0.022967754 
701 564 25 22 0.022967376 
517 889 6 9 0.022965768 
900 659 5 6 0.022965651 
227 460 8 9 0.022964181 
902 762 4 6 0.022958366 
655 997 7 7 0.022956397 
541 1065 6 9 0.02295522 
997 1055 18 31 0.022949608 
885 1003 6 8 0.022945823 
670 416 5 6 0.022945335 
819 992 5 6 0.022942401 
947 435 5 7 0.02293578 
654 670 6 8 0.022929149 
534 720 5 8 0.022928836 
827 584 5 6 0.022927826 
1012 990 7 11 0.02292442 
961 605 5 6 0.022918487 
649 620 5 5 0.022914335 
602 864 49 55 0.022907807 
853 774 5 7 0.022906749 
637 912 4 6 0.022906339 
742 734 5 6 0.022902936 
946 561 8 8 0.022902839 
663 1006 4 5 0.02290127 
811 664 6 8 0.022894448 
98 459 22 28 0.022892263 
890 500 11 10 0.022890713 
736 330 8 12 0.022889582 
867 945 5 6 0.022886312 
146 776 60 60 0.02288296 
905 984 5 6 0.022872 
986 73 9 9 0.022870693 
731 313 20 29 0.022870503 
784 584 5 8 0.022868212 
815 583 7 9 0.022865674 
681 584 8 7 0.022861985 
200 649 8 9 0.022859504 
187 687 26 31 0.022842871 
819 407 6 7 0.022837939 
414 920 131 130 0.022835657 
934 375 42 57 0.022834672 
204 467 10 9 0.022827666 
688 609 7 8 0.02282723 
338 565 4 4 0.022825114 
705 457 4 5 0.022823581 
866 435 6 7 0.022823088 
250 444 26 27 0.022818036 
944 748 4 6 0.022812244 
837 590 7 9 0.022797985 
913 469 18 20 0.0227881 
241 462 7 7 0.022786941 
377 1072 5 9 0.022778178 
663 593 5 5 0.022777945 
616 918 4 5 0.022764556 
752 637 5 7 0.022762815 
865 418 8 8 0.02275955 
926 463 6 6 0.022754205 
873 501 7 8 0.022752644 
740 780 129 114 0.022750238 
929 395 4 6 0.022737589 
655 746 6 8 0.022732954 
892 394 6 7 0.02272892 
873 470 5 6 0.022727694 
756 1051 6 7 0.022727674 
812 705 5 8 0.022720812 
291 980 4 5 0.022720592 
87 924 4 5 0.022717815 
703 569 49 49 0.022716116 
722 469 6 8 0.022715958 
975 646 5 6 0.02271374 
750 610 5 6 0.022713192 
430 764 8 14 0.022711325 
3 766 7 16 0.022710033 
648 747 5 7 0.022706144 
800 700 4 8 0.022705533 
441 652 25 35 0.022705248 
690 651 4 6 0.022703653 
405 558 4 6 0.02270171 
650 665 5 7 0.02270035 
797 726 5 7 0.022694705 
238 474 9 8 0.022692421 
290 652 4 6 0.022691246 
907 387 5 7 0.022687621 
317 612 5 6 0.02268731 
846 985 4 6 0.022682019 
616 470 4 5 0.022670938 
681 358 8 11 0.022659056 
650 998 4 6 0.022657227 
37 476 6 7 0.02264386 
788 448 24 24 0.022625245 
956 378 22 30 0.022623178 
410 531 11 13 0.022620337 
0 477 3 5 0.022613013 
418 1037 6 8 0.022611815 
385 565 4 6 0.02261065 
76 956 23 30 0.02260834 
821 491 11 11 0.02260462 
484 902 6 9 0.02259946 
178 631 25 32 0.022597434 
764 1033 5 5 0.022593232 
817 536 8 6 0.022586709 
729 584 8 7 0.022584556 
71 455 6 7 0.022579195 
859 578 6 6 0.022573799 
643 923 5 5 0.022573067 
749 324 7 10 0.022572845 
574 679 4 6 0.022571571 
708 1076 7 9 0.022570869 
995 583 6 8 0.022570122 
949 418 6 10 0.02256176 
622 490 6 6 0.022554692 
824 530 7 6 0.02255109 
846 441 5 7 0.02254914 
450 772 8 10 0.022547558 
973 467 9 9 0.022546256 
990 1043 5 8 0.02254468 
187 613 4 5 0.022543132 
345 564 5 5 0.022542274 
958 429 22 27 0.022539346 
504 922 6 9 0.022539 
521 531 15 21 0.02253721 
634 1045 5 6 0.022525137 
264 619 22 33 0.022522893 
687 487 9 10 0.022521704 
972 92 10 11 0.022517797 
662 737 6 11 0.022514375 
194 1004 5 6 0.02250615 
797 664 5 9 0.022503642 
747 358 8 11 0.022499908 
783 534 11 10 0.022499422 
630 923 4 6 0.022494098 
141 599 5 5 0.022475429 
895 979 4 5 0.022473551 
791 422 7 6 0.022473468 
527 843 4 6 0.022472437 
729 1058 6 9 0.02247036 
695 352 7 10 0.022470104 
623 695 20 28 0.022468947 
738 1011 5 6 0.02246703 
901 685 4 6 0.022466801 
814 739 4 7 0.022461608 
837 672 19 34 0.022460759 
526 690 6 10 0.022455169 
724 950 5 6 0.02245339 
797 566 8 11 0.022443224 
464 692 6 9 0.022442654 
830 543 11 8 0.022429764 
779 631 5 8 0.022428792 
769 738 7 9 0.02242835 
854 760 5 6 0.0224236 
947 848 7 8 0.022414101 
985 604 7 10 0.022398235 
839 986 4 5 0.022397062 
623 691 38 62 0.022396984 
851 378 8 11 0.022393022 
479 902 6 8 0.022390082 
452 761 7 7 0.022386624 
772 1045 6 6 0.022379462 
648 361 45 69 0.022374503 
939 370 8 11 0.02237402 
139 475 7 6 0.022363814 
802 547 9 12 0.022363566 
647 292 19 30 0.022363264 
833 428 7 7 0.022363003 
852 409 5 6 0.022361903 
792 965 4 5 0.02235907 
760 925 4 5 0.022358945 
935 779 6 8 0.022354739 
215 626 4 4 0.022345653 
15 447 7 8 0.02234456 
746 964 52 60 0.02234054 
232 493 11 9 0.022336395 
677 465 4 4 0.022334179 
955 455 6 7 0.02233193 
310 971 5 6 0.022329481 
681 1039 6 7 0.022325411 
156 481 8 9 0.022320582 
810 455 22 23 0.02231981 
322 616 5 7 0.022315089 
270 979 6 6 0.02231433 
111 475 7 8 0.022311976 
1001 108 7 8 0.022311786 
947 441 6 7 0.022300623 
257 974 26 27 0.0222993 
836 361 11 16 0.022298912 
343 964 5 6 0.022297349 
919 576 7 9 0.022297263 
437 568 6 9 0.022294076 
182 856 5 6 0.022288581 
296 781 5 5 0.022287406 
437 887 7 8 0.022286972 
985 598 7 8 0.022285989 
954 571 6 6 0.022284409 
371 979 5 5 0.022284325 
798 462 6 6 0.02228402 
245 455 48 55 0.022280682 
993 394 8 9 0.022273108 
763 630 5 8 0.022271719 
811 604 21 29 0.022266256 
975 773 4 7 0.022264129 
970 619 4 5 0.022261186 
694 344 7 10 0.022256 
132 952 5 5 0.02225596 
907 400 5 9 0.022254968 
675 672 7 8 0.022251986 
392 510 4 6 0.022251956 
675 769 6 6 0.022251464 
172 651 8 8 0.022247234 
674 358 8 10 0.022243533 
616 882 5 7 0.02224094 
290 566 3 4 0.022240255 
609 1066 5 7 0.022239938 
485 842 6 10 0.0222285 
683 659 5 6 0.022211501 
281 623 21 28 0.022208361 
932 426 19 26 0.02220766 
959 1070 7 11 0.02220273 
283 979 5 5 0.022195326 
819 463 6 6 0.022193994 
896 494 11 11 0.022185424 
827 739 4 7 0.022183394 
839 632 5 7 0.022182764 
886 434 6 8 0.022181725 
178 669 8 9 0.02217781 
1010 1051 4 7 0.022174835 
421 747 12 18 0.022169767 
842 615 7 10 0.02216573 
620 740 6 7 0.022160852 
804 705 5 9 0.022160245 
106 918 4 5 0.022157196 
960 598 5 6 0.02215634 
727 485 56 57 0.02214591 
76 469 22 26 0.022144401 
409 462 27 32 0.022135893 
167 477 6 5 0.02213341 
663 712 5 8 0.02212463 
681 596 7 7 0.022123242 
388 491 68 78 0.022118924 
803 368 22 27 0.02211831 
242 645 6 7 0.02211096 
765 724 7 9 0.022109427 
709 349 8 13 0.022107694 
773 617 4 7 0.022105573 
908 434 5 6 0.022105275 
764 964 5 6 0.02210094 
157 662 8 10 0.022100508 
1004 1044 4 8 0.022099543 
461 703 39 64 0.022091348 
336 571 4 6 0.022082692 
295 593 5 5 0.022080086 
229 626 4 4 0.022075083 
370 970 5 6 0.02207235 
894 442 5 6 0.022072194 
726 613 4 5 0.022071904 
166 863 113 129 0.022070784 
297 572 5 4 0.022069015 
939 1071 7 8 0.02206884 
283 585 4 5 0.022066688 
729 345 20 29 0.022055743 
771 441 5 5 0.022047477 
852 416 6 5 0.022044554 
851 463 7 7 0.022042131 
249 632 5 6 0.022037584 
268 1010 6 7 0.022036005 
356 630 6 8 0.02203409 
351 1066 5 7 0.022030532 
926 629 42 63 0.022029234 
908 659 4 6 0.022023577 
693 509 9 7 0.02202151 
634 746 6 8 0.022015858 
685 562 11 9 0.02201404 
413 612 22 34 0.022004869 
260 673 6 7 0.022003798 
284 986 5 5 0.021996703 
398 408 27 33 0.021995494 
676 1016 92 128 0.021995362 
716 1018 5 6 0.021994682 
872 930 6 6 0.021990523 
654 718 5 9 0.021981604 
254 469 6 6 0.021979326 
105 481 7 9 0.021977268 
853 441 6 7 0.021976959 
241 493 29 26 0.021973986 
563 678 8 11 0.02196763 
259 488 8 7 0.02196326 
967 461 8 8 0.021963065 
1014 655 6 10 0.021960568 
445 654 5 5 0.021957787 
690 625 5 6 0.021957362 
634 665 5 7 0.021955755 
673 730 11 14 0.021948157 
763 611 5 7 0.021943642 
344 626 5 6 0.021943208 
528 799 5 8 0.021941839 
988 584 5 7 0.02193513 
215 633 5 5 0.021933755 
561 883 6 7 0.021923313 
811 616 6 8 0.021922208 
736 384 6 12 0.021916106 
588 881 26 29 0.021915657 
324 575 5 7 0.021915078 
220 644 7 7 0.021913612 
737 678 7 7 0.021910423 
997 590 5 8 0.021906639 
527 894 7 10 0.021906585 
813 369 10 15 0.021901451 
902 700 3 5 0.021900197 
687 1025 6 7 0.021899937 
812 978 4 6 0.021898163 
859 463 5 6 0.021889195 
713 501 24 22 0.021884656 
185 666 7 7 0.021877594 
337 558 4 5 0.021873731 
356 513 42 69 0.021872502 
648 739 5 7 0.021871932 
196 475 12 10 0.021864668 
761 362 13 15 0.02186262 
210 464 60 54 0.02186101 
838 487 7 9 0.02185382 
871 916 6 7 0.021852253 
761 739 8 9 0.021841638 
941 394 5 7 0.02183641 
1017 821 4 8 0.02183585 
707 976 23 26 0.021834739 
819 652 5 7 0.021833807 
648 1012 5 6 0.021828996 
1003 814 4 6 0.021828586 
836 383 9 12 0.021826943 
777 672 38 58 0.021823833 
669 633 6 5 0.021809185 
987 574 6 8 0.021803694 
246 508 9 7 0.021802934 
715 509 8 8 0.021802712 
212 467 10 10 0.02180163 
623 564 99 98 0.02180029 
227 918 57 61 0.021799741 
575 673 5 6 0.021794114 
141 483 7 7 0.021785576 
696 399 6 8 0.02178508 
428 695 10 14 0.021781761 
893 923 5 8 0.021778908 
781 510 24 22 0.021774163 
661 473 7 8 0.021770505 
38 417 8 11 0.021768034 
776 703 6 10 0.021765824 
730 436 4 6 0.021764252 
589 667 5 5 0.021761563 
668 618 6 6 0.021761034 
688 350 9 12 0.021760171 
728 336 8 12 0.02175882 
771 551 7 6 0.021755094 
887 418 7 8 0.021755014 
908 504 27 25 0.021754833 
695 590 7 7 0.021752093 
345 599 5 7 0.021745518 
602 923 4 6 0.021741183 
493 902 5 9 0.021738516 
193 663 24 27 0.021738157 
235 468 7 7 0.021732967 
969 632 4 5 0.021732789 
290 673 6 6 0.021724736 
771 653 5 6 0.021719089 
451 775 26 34 0.021717409 
829 634 21 29 0.021717405 
730 578 7 6 0.02171644 
1015 746 4 8 0.021716349 
859 604 43 69 0.021712495 
910 486 9 11 0.02170998 
78 475 7 8 0.02170316 
417 748 8 13 0.021699378 
623 923 4 5 0.021698553 
844 394 7 7 0.02169454 
777 480 19 22 0.021693189 
975 577 5 6 0.021692364 
845 462 7 7 0.021691801 
596 917 5 6 0.021691065 
751 457 5 5 0.021690076 
961 611 5 6 0.021683598 
525 812 5 8 0.021683536 
290 985 5 6 0.021680431 
695 503 8 7 0.02167816 
670 713 6 9 0.021675147 
46 558 5 6 0.021674454 
939 387 6 7 0.021673702 
270 505 5 4 0.021672796 
867 999 5 5 0.021671925 
845 401 5 6 0.021668112 
1001 93 7 9 0.021664213 
960 352 7 8 0.021662802 
1008 1033 7 13 0.02166223 
227 1018 6 7 0.02165906 
698 409 4 6 0.021658229 
713 582 9 9 0.02165543 
901 908 5 7 0.021652332 
643 463 5 5 0.021648929 
690 646 4 5 0.021643259 
820 449 5 5 0.021638887 
987 398 10 12 0.021632416 
655 579 6 5 0.021628752 
1001 54 7 7 0.021626672 
853 1005 5 6 0.021626312 
880 593 5 5 0.021623809 
710 613 4 6 0.021621846 
939 832 8 9 0.021617781 
989 726 5 7 0.021617314 
162 591 5 5 0.021616891 
458 768 8 9 0.02161383 
863 365 11 17 0.021613205 
506 890 5 8 0.021610312 
517 854 25 35 0.02160876 
805 422 6 7 0.021605771 
429 888 8 9 0.021603446 
36 448 7 8 0.021602763 
151 492 8 10 0.021602115 
686 453 24 29 0.021590088 
423 719 8 8 0.021587996 
777 542 8 7 0.021587806 
763 733 6 8 0.0215865 
828 446 25 26 0.021582952 
379 565 4 5 0.021582175 
802 454 53 50 0.021581294 
795 480 23 23 0.02157901 
941 461 6 7 0.0215778 
809 499 24 26 0.021577166 
231 621 3 4 0.021575723 
806 712 5 8 0.021575093 
274 580 47 55 0.02157146 
853 964 5 6 0.02156737 
560 999 6 7 0.021564275 
635 925 5 5 0.021560572 
975 650 5 7 0.021559935 
44 432 7 9 0.02155687 
972 73 22 24 0.021553822 
390 516 5 6 0.021550296 
833 455 6 6 0.021548945 
581 693 5 7 0.021540975 
869 487 9 9 0.021540247 
931 879 86 129 0.021538354 
988 405 9 11 0.02152264 
422 616 6 9 0.02152214 
642 491 24 26 0.021517266 
127 916 5 7 0.021516567 
791 870 5 6 0.021516055 
782 539 10 10 0.021512473 
172 500 8 8 0.021510735 
984 378 10 11 0.021508638 
738 611 5 5 0.02150788 
854 707 3 6 0.021503158 
26 949 5 9 0.021502629 
594 673 5 6 0.02149825 
547 923 6 8 0.021494523 
724 392 6 9 0.021479655 
918 426 21 25 0.021470802 
1008 746 5 8 0.021468753 
656 679 5 6 0.021467736 
691 618 6 7 0.021464892 
955 476 6 6 0.021458494 
808 495 9 8 0.02145595 
80 924 4 6 0.021453002 
805 673 4 7 0.02144717 
505 884 40 52 0.02144516 
713 576 11 9 0.021441253 
16 435 6 8 0.021440316 
740 507 11 10 0.021436902 
634 646 7 6 0.02142962 
310 553 4 4 0.021428715 
260 664 7 10 0.0214282 
425 605 4 6 0.021426192 
32 415 22 30 0.02142395 
899 572 6 6 0.021420782 
799 754 5 6 0.021418264 
371 566 4 4 0.021418184 
691 743 427 585 0.021418128 
276 992 6 6 0.02141792 
967 571 6 6 0.021415712 
415 1065 21 25 0.021411039 
782 389 11 12 0.021406999 
857 380 8 11 0.02139432 
535 896 7 9 0.021392234 
941 469 6 7 0.02139043 
832 558 6 6 0.021380298 
765 430 5 4 0.021380158 
747 337 9 12 0.021375809 
680 568 10 9 0.021374332 
935 456 5 6 0.021373466 
773 589 5 7 0.021367837 
653 456 22 24 0.021363724 
439 618 5 7 0.02136162 
974 1071 7 9 0.021360647 
583 679 4 7 0.021349728 
674 584 7 7 0.02134962 
791 1003 6 7 0.021344863 
674 650 6 8 0.021336215 
737 904 5 5 0.02133289 
343 590 5 8 0.021322468 
198 461 10 8 0.02132116 
979 369 9 13 0.021317527 
106 461 6 8 0.021315351 
744 441 5 6 0.021311963 
982 557 6 6 0.021308936 
254 508 9 8 0.021305177 
655 586 6 4 0.02130386 
670 650 7 9 0.02129799 
805 625 5 6 0.021296225 
866 363 19 28 0.02129532 
57 454 7 9 0.021295154 
268 630 6 9 0.021292012 
819 627 5 6 0.021291684 
832 442 5 6 0.02128923 
835 372 23 31 0.021282295 
965 422 9 13 0.021281064 
267 1004 7 8 0.021266151 
954 483 7 7 0.02126601 
656 592 5 5 0.021265233 
178 678 8 8 0.02126254 
269 510 5 5 0.021260697 
675 677 7 9 0.021256376 
933 488 6 7 0.021256061 
921 478 23 25 0.02125482 
637 632 26 23 0.02125214 
258 384 13 13 0.02125072 
852 385 9 11 0.021246912 
749 331 7 10 0.021242315 
355 577 5 7 0.021241445 
806 699 5 8 0.021239793 
972 500 10 9 0.021238951 
782 555 9 10 0.021237032 
750 436 7 5 0.021236232 
240 447 8 7 0.02123502 
329 651 6 7 0.021234958 
801 691 38 62 0.021230552 
895 904 4 4 0.021230524 
737 466 20 21 0.021227023 
552 870 4 6 0.021223657 
849 951 7 9 0.021221943 
-1 124 3 17 0.021217316 
629 495 6 6 0.021211281 
778 555 7 7 0.021211162 
56 475 8 8 0.021210821 
771 1040 6 5 0.021208279 
882 494 10 10 0.021207724 
692 541 13 10 0.021205332 
754 507 10 9 0.021204298 
527 714 4 6 0.021199964 
13 511 22 30 0.021193169 
234 639 6 5 0.021190353 
290 539 4 4 0.0211887 
560 1071 6 9 0.02118441 
582 673 4 5 0.021182194 
361 343 25 29 0.021182103 
121 461 6 8 0.021180866 
87 944 5 6 0.021180067 
826 563 6 7 0.021176597 
3 307 7 17 0.021175925 
960 441 7 8 0.021174673 
758 991 5 7 0.021170173 
770 564 7 7 0.021168439 
274 650 6 11 0.021161322 
779 740 5 6 0.021156639 
639 656 7 8 0.021155616 
603 891 24 31 0.021155277 
774 515 10 8 0.021154203 
779 687 4 6 0.021147681 
1015 985 6 7 0.02114469 
419 696 8 14 0.021144656 
248 517 7 6 0.021138662 
669 611 8 6 0.02113468 
808 501 9 8 0.02113255 
728 324 7 10 0.021131197 
192 672 6 7 0.021130523 
103 486 8 10 0.021125996 
289 965 6 7 0.021124719 
964 38 26 28 0.02112252 
791 442 6 5 0.021119455 
701 352 7 9 0.021117916 
699 289 77 102 0.021114761 
691 463 4 5 0.021112736 
779 734 5 7 0.0211102 
297 552 3 4 0.021107651 
783 549 8 9 0.021105781 
246 501 9 8 0.021103276 
127 774 5 6 0.021095011 
374 633 20 33 0.021094054 
215 653 6 6 0.021092137 
737 420 7 7 0.021089872 
825 600 19 29 0.021087697 
560 1002 6 9 0.021086251 
934 470 5 6 0.021084467 
533 869 6 6 0.021081807 
874 773 5 7 0.021076307 
688 357 8 12 0.021076 
137 501 7 7 0.021075567 
606 671 42 67 0.021072092 
783 501 10 10 0.021071069 
452 767 6 8 0.021063209 
913 387 5 6 0.021063076 
682 606 7 6 0.02106113 
85 883 5 8 0.021054382 
567 666 6 7 0.021053681 
1001 101 6 8 0.021052947 
682 617 6 7 0.02104683 
526 876 5 7 0.02104578 
562 938 5 5 0.02104544 
152 439 7 8 0.021043563 
758 623 5 7 0.0210433 
595 699 4 7 0.021040402 
72 918 4 6 0.021037718 
839 721 40 61 0.02103553 
783 1072 6 9 0.021033144 
805 717 6 9 0.021032717 
781 396 10 12 0.021031858 
383 535 6 7 0.021031115 
858 507 8 9 0.02102906 
416 636 24 33 0.021023372 
764 917 5 6 0.021021226 
849 370 9 12 0.021017395 
684 548 13 11 0.021016333 
521 808 5 7 0.02101333 
146 475 7 7 0.021012904 
248 463 7 6 0.02101067 
898 485 9 11 0.02101044 
690 428 5 6 0.021008793 
629 741 5 6 0.021007715 
830 1019 5 6 0.021007704 
833 669 5 9 0.021007072 
972 384 9 11 0.021006301 
971 72 11 11 0.02099621 
690 420 6 7 0.020993695 
519 794 5 7 0.020992218 
883 486 9 10 0.02099049 
141 611 5 6 0.02098784 
863 386 7 9 0.020982113 
127 578 5 5 0.020977031 
397 748 25 35 0.020976225 
722 318 7 9 0.020973716 
701 1024 6 7 0.020971745 
867 464 4 6 0.020971304 
841 397 27 30 0.020969179 
79 884 5 7 0.020960927 
275 604 4 6 0.020958645 
983 753 4 7 0.020958642 
858 501 8 10 0.020958262 
485 908 6 9 0.020954099 
373 664 45 64 0.020953184 
708 596 7 8 0.020946875 
953 787 6 8 0.02094581 
391 495 6 8 0.020944284 
867 911 4 5 0.020943258 
688 342 9 12 0.020941343 
643 931 4 6 0.020941041 
365 484 4 5 0.020937908 
939 578 6 6 0.02093613 
661 595 31 26 0.020935457 
750 603 7 8 0.020928428 
237 621 3 3 0.020926293 
538 902 25 28 0.020923937 
864 595 21 26 0.020918299 
701 678 5 8 0.02091348 
283 652 4 7 0.020913139 
171 664 10 10 0.02091262 
672 486 23 24 0.020909874 
734 640 45 55 0.020909589 
270 463 5 6 0.0209074 
784 698 5 8 0.020907331 
841 692 5 9 0.020899925 
474 873 37 52 0.020897213 
371 596 7 9 0.020891834 
560 707 5 7 0.020889621 
935 463 5 5 0.020889407 
651 726 19 32 0.020886732 
690 938 5 5 0.020886533 
914 380 5 7 0.020881325 
995 1071 6 9 0.020881146 
282 456 5 6 0.02088023 
838 462 7 7 0.020878533 
636 741 5 6 0.020877877 
413 739 6 9 0.020877786 
589 916 5 7 0.020870376 
857 434 6 8 0.020866979 
826 666 21 32 0.02086532 
837 613 40 61 0.020859044 
52 475 7 8 0.020858819 
764 658 6 6 0.020857632 
390 563 5 7 0.02085303 
864 493 8 10 0.020850575 
635 727 5 8 0.02085012 
743 312 7 8 0.020846851 
793 578 5 6 0.02083742 
905 487 8 9 0.020837286 
513 875 5 8 0.020833472 
769 475 21 20 0.02083193 
166 753 7 7 0.020829963 
169 617 5 7 0.020825073 
192 468 9 7 0.02082334 
222 931 5 6 0.020821387 
14 454 7 9 0.020818235 
606 897 6 8 0.020817945 
721 343 9 13 0.020810941 
416 640 8 13 0.02081046 
674 351 9 11 0.020807987 
275 510 5 5 0.020800479 
10 466 6 8 0.020794274 
1010 793 4 6 0.020791896 
541 930 6 6 0.020791046 
954 619 5 5 0.020790769 
275 517 5 5 0.020789165 
413 550 5 6 0.02078658 
486 915 6 9 0.020786392 
744 680 6 6 0.020784503 
887 442 5 6 0.020783074 
385 556 5 5 0.020783028 
947 1057 6 8 0.020782975 
375 588 18 24 0.020782596 
700 946 8 10 0.020778602 
522 706 4 8 0.020776417 
1009 761 4 6 0.020771153 
942 726 4 7 0.020768868 
57 433 7 9 0.020766983 
701 365 7 10 0.020765096 
833 755 4 5 0.020761559 
921 434 5 7 0.020759864 
813 972 4 5 0.02075914 
426 636 6 9 0.020757934 
894 930 5 7 0.020756375 
798 623 5 8 0.020749051 
105 937 5 6 0.020747263 
317 559 4 4 0.020746905 
960 1064 6 10 0.02074166 
256 463 5 6 0.02074164 
526 931 6 7 0.020734733 
684 626 5 5 0.020731542 
135 422 13 14 0.020729255 
983 761 4 6 0.020728102 
832 997 4 6 0.02072777 
245 482 8 6 0.020721752 
409 1070 7 9 0.020720059 
874 665 5 8 0.020718493 
864 578 8 6 0.020711202 
790 561 6 10 0.020709665 
851 446 21 27 0.020707542 
824 550 8 7 0.020707266 
159 477 6 6 0.020705566 
655 701 22 33 0.020704027 
951 491 13 13 0.020701712 
563 752 4 8 0.020700015 
858 930 6 6 0.020699348 
723 613 43 57 0.020699017 
283 494 7 8 0.020694721 
763 465 61 56 0.020694502 
158 671 7 8 0.020694196 
259 640 23 35 0.020692931 
778 1060 5 6 0.020686237 
621 655 6 8 0.020680299 
983 644 5 7 0.020675007 
982 741 4 6 0.020674326 
682 364 7 11 0.02067028 
400 524 5 6 0.020670155 
806 443 5 5 0.020669278 
993 372 7 10 0.020668881 
921 463 5 6 0.020668384 
908 725 5 7 0.020666612 
134 599 4 5 0.02066554 
819 486 22 23 0.020660814 
616 718 5 8 0.020658929 
404 1051 6 8 0.020658124 
742 1051 7 8 0.020657567 
411 581 5 8 0.020655101 
906 408 6 9 0.020650879 
1001 87 7 9 0.020649187 
609 647 4 5 0.020644832 
368 391 27 28 0.020643543 
379 951 4 6 0.020641556 
953 387 6 9 0.020639444 
912 806 8 9 0.020633 
212 474 10 8 0.02063237 
403 1076 7 11 0.020631807 
756 728 5 7 0.02063099 
357 973 4 6 0.0206301 
24 936 5 8 0.020629566 
303 565 5 5 0.020629171 
918 554 11 10 0.020628368 
806 972 5 5 0.020623228 
337 599 5 6 0.02062306 
438 704 9 12 0.020616423 
806 977 5 6 0.020616367 
183 955 5 7 0.020611448 
756 637 6 7 0.020611053 
288 927 51 58 0.02060948 
192 475 9 7 0.02060778 
750 650 6 9 0.020605356 
832 583 6 8 0.02060433 
851 670 18 27 0.020604195 
997 809 5 7 0.020601805 
235 1010 7 8 0.020598184 
262 1005 6 8 0.020589326 
478 802 4 7 0.02058827 
909 973 3 4 0.020587882 
684 704 5 9 0.020585706 
989 1078 6 10 0.020583548 
870 368 9 15 0.020577572 
716 950 6 7 0.020571174 
730 1068 19 23 0.020570928 
666 696 22 31 0.02056823 
524 908 8 12 0.020565517 
846 571 6 6 0.020564085 
737 686 6 8 0.020562967 
985 1056 7 10 0.020561565 
428 644 7 10 0.02055999 
425 732 10 11 0.02054836 
893 774 5 7 0.020548092 
681 351 8 11 0.02054714 
264 605 4 6 0.020543478 
343 952 5 5 0.020542305 
664 458 4 4 0.02054225 
738 897 5 6 0.020538017 
856 468 19 24 0.020537792 
993 108 8 8 0.020537445 
890 455 96 98 0.020537216 
591 1057 4 8 0.020536674 
451 904 25 28 0.020536324 
912 481 8 9 0.020533606 
878 909 6 6 0.02052845 
792 937 5 7 0.020527793 
704 464 22 24 0.02052336 
938 377 8 10 0.020516682 
540 876 5 5 0.020511476 
793 971 4 5 0.020505944 
756 733 7 7 0.020505672 
185 954 7 9 0.020502388 
439 658 6 8 0.02050161 
295 964 6 7 0.020497702 
989 753 5 9 0.020495558 
853 400 7 7 0.02049464 
268 471 45 53 0.02049448 
94 574 4 3 0.020490656 
943 367 10 14 0.020490196 
134 944 4 5 0.020489 
967 1073 9 15 0.0204874 
12 460 6 8 0.020484898 
215 612 4 5 0.020484349 
752 619 4 6 0.020479726 
37 440 7 9 0.020478016 
214 666 7 7 0.020477759 
1010 394 5 7 0.020477569 
674 577 7 7 0.020472744 
813 436 6 6 0.020470543 
825 671 5 8 0.020469083 
8 1033 8 13 0.020467412 
979 79 10 10 0.020465752 
595 925 4 5 0.020465126 
876 486 9 10 0.020465123 
122 439 50 55 0.020460544 
779 748 5 5 0.020459913 
210 413 88 95 0.02045483 
785 540 20 23 0.020452363 
556 662 22 30 0.020452097 
101 946 4 5 0.020448249 
94 929 4 6 0.020446954 
1023 576 4 8 0.020440985 
423 611 5 8 0.020431928 
934 658 5 7 0.020429157 
613 509 8 7 0.020429026 
49 460 8 10 0.020427536 
681 1031 6 7 0.020427443 
650 464 4 5 0.020419167 
1016 686 4 8 0.02041713 
974 426 7 10 0.020414002 
657 1013 4 5 0.020408524 
134 605 5 6 0.020404369 
410 460 8 11 0.020399941 
191 619 3 5 0.020398797 
398 493 7 9 0.020395627 
643 740 5 6 0.020391986 
105 923 5 6 0.02038963 
1000 311 8 9 0.020387372 
119 931 6 7 0.02038254 
270 622 53 58 0.020378903 
716 1006 5 5 0.020370632 
198 502 10 9 0.020369072 
689 943 5 6 0.020364933 
885 584 7 7 0.020364411 
425 598 4 6 0.020358818 
695 392 7 10 0.020358238 
160 440 6 8 0.020356685 
685 541 12 10 0.020355733 
867 454 6 7 0.020354249 
921 752 5 7 0.02035343 
676 984 4 6 0.02035243 
511 909 11 15 0.020350168 
721 577 8 7 0.020350127 
705 588 5 7 0.020350123 
297 653 4 5 0.02034765 
952 352 7 8 0.020346196 
66 488 6 8 0.02034464 
972 377 8 11 0.02034449 
887 585 22 25 0.020344049 
4 1030 8 13 0.020342743 
323 625 6 8 0.020342646 
770 543 7 6 0.020342458 
416 707 24 30 0.02034106 
231 904 30 31 0.020340323 
822 428 7 7 0.02033527 
838 455 7 7 0.020331593 
819 971 5 5 0.020330045 
765 437 5 4 0.020323953 
303 560 3 3 0.020320194 
554 889 6 8 0.020319905 
677 457 5 5 0.020317879 
837 622 6 8 0.020315975 
520 841 6 9 0.020306401 
777 1017 5 6 0.020302303 
372 551 4 5 0.020298852 
708 502 7 7 0.020296717 
160 754 6 6 0.020292528 
846 979 4 5 0.020290362 
856 364 36 52 0.020287016 
598 510 26 22 0.020286728 
232 613 51 59 0.020286178 
159 496 7 7 0.020285226 
660 634 23 28 0.020284696 
1022 591 3 8 0.020283539 
342 1066 6 9 0.020282788 
430 625 5 7 0.020282265 
662 686 5 7 0.020278435 
500 1071 5 8 0.02027745 
692 548 12 10 0.020276638 
404 645 6 9 0.020268966 
718 606 5 5 0.020266166 
575 693 5 8 0.02026599 
228 640 5 5 0.020265026 
-4 848 88 131 0.0202598 
968 374 42 59 0.020259496 
831 576 7 8 0.020259 
812 684 5 8 0.02025829 
454 1059 4 7 0.020257445 
872 440 7 8 0.020244744 
908 978 4 5 0.020239452 
850 363 10 13 0.02023501 
580 888 7 9 0.020233713 
230 581 5 7 0.020228 
670 457 5 5 0.0202276 
227 468 8 7 0.020226298 
690 415 5 6 0.020224495 
83 490 10 12 0.020223806 
671 274 22 25 0.020220732 
877 500 9 10 0.02022045 
891 957 7 8 0.020216752 
252 978 57 58 0.020214513 
553 881 6 7 0.020214044 
629 706 21 29 0.020212715 
147 950 6 7 0.020212688 
978 73 10 10 0.020209335 
721 542 9 7 0.020206243 
844 622 7 10 0.020204516 
100 951 4 6 0.020197203 
338 965 4 5 0.020196872 
534 733 4 7 0.020196553 
766 422 4 5 0.020193025 
595 908 27 36 0.020191357 
445 611 5 8 0.020191286 
941 429 5 7 0.020191181 
629 1045 6 7 0.020190489 
0 482 3 6 0.020189663 
162 654 11 13 0.020188907 
179 501 7 8 0.020174153 
71 462 6 7 0.020174015 
816 501 9 9 0.02016836 
700 1039 6 8 0.020164331 
391 463 6 7 0.020163106 
316 625 5 7 0.020162739 
839 572 5 5 0.020160332 
730 392 6 9 0.02016018 
290 659 5 6 0.020158976 
444 720 12 16 0.020156745 
724 732 5 7 0.020153977 
792 455 6 6 0.020153165 
324 559 4 5 0.020150922 
222 873 22 27 0.020147724 
191 666 8 8 0.020147242 
365 979 4 4 0.020137208 
38 413 7 8 0.020131467 
590 925 4 5 0.02012868 
187 670 7 7 0.020126404 
238 483 10 7 0.020125818 
344 957 4 5 0.020118732 
189 606 3 4 0.02011735 
282 502 7 6 0.02011561 
707 556 11 9 0.020113656 
955 448 6 7 0.020113137 
76 498 8 11 0.020107765 
792 725 6 9 0.020106364 
660 674 40 60 0.020105977 
392 627 42 72 0.02010162 
851 577 6 7 0.020101493 
-18 -2 17 43 0.020101395 
533 671 5 8 0.020101082 
954 841 6 7 0.020100376 
58 446 7 10 0.020099483 
990 772 5 9 0.020096244 
747 383 10 15 0.020095201 
788 553 9 12 0.02009485 
892 949 6 7 0.020092733 
12 449 4 6 0.02009018 
906 992 5 6 0.020089785 
216 638 56 57 0.020089664 
852 359 8 9 0.020087844 
200 619 4 6 0.020087417 
515 897 11 15 0.020083847 
277 592 4 5 0.020081067 
785 529 9 8 0.020078536 
-20 15 16 65 0.020077448 
867 922 6 8 0.020075329 
728 706 7 8 0.020072464 
805 663 6 8 0.020071955 
113 923 5 5 0.02006929 
941 449 6 7 0.020066012 
371 616 6 8 0.020065028 
396 1064 6 10 0.020064948 
828 494 22 25 0.020064818 
418 1056 7 9 0.020063596 
424 724 8 9 0.020059247 
67 889 51 66 0.020058502 
-2 293 5 17 0.020058323 
291 559 3 4 0.020058118 
236 854 7 7 0.020055246 
672 554 11 10 0.020054972 
248 949 6 6 0.020053962 
1017 679 4 6 0.02005011 
734 501 10 9 0.020047417 
418 563 6 7 0.020046368 
707 542 10 8 0.02004613 
947 782 5 7 0.020044133 
588 692 5 8 0.020043872 
989 759 4 7 0.020041104 
959 591 7 7 0.02003944 
662 585 6 5 0.02003901 
518 800 5 7 0.020038556 
973 448 8 9 0.020037279 
910 574 10 11 0.020035043 
696 656 18 27 0.02003476 
35 504 22 29 0.020034159 
800 1027 5 5 0.020034134 
880 462 18 24 0.020033056 
966 578 6 6 0.020030335 
946 454 7 8 0.020029997 
43 440 7 9 0.020029066 
585 875 8 7 0.020028211 
378 544 4 5 0.02002746 
1002 1032 6 8 0.020025855 
811 698 5 8 0.020023165 
994 73 8 9 0.020019324 
601 608 85 104 0.02001456 
857 555 25 18 0.020012166 
806 870 4 5 0.020012155 
220 650 8 7 0.020012131 
193 624 5 6 0.020007726 
698 463 4 5 0.020005122 
644 999 4 6 0.020004768 
