11_Meeting_Meeting_11_Meeting_Meeting_11_807
22
556 28 40 53 0.9998847 
625 75 45 55 0.9997272 
774 97 50 59 0.9993766 
686 413 94 108 0.9989611 
410 78 47 54 0.9988876 
886 237 80 102 0.99843353 
274 164 61 54 0.75496066 
542 12 19 27 0.49193707 
953 174 86 88 0.07260675 
478 27 42 44 0.056362256 
121 216 31 47 0.04875588 
851 134 180 158 0.04661326 
270 224 11 14 0.0446972 
245 146 56 60 0.044684686 
299 179 41 27 0.035482954 
744 236 11 18 0.03463576 
275 145 32 36 0.025635464 
743 422 95 92 0.024362665 
133 206 45 55 0.024280412 
-24 -167 180 170 0.023468833 
818 120 26 30 0.021441191 
987 592 48 57 0.020615604 
