11_Meeting_Meeting_11_Meeting_Meeting_11_223
173
351 50 145 203 0.99577636 
614 557 50 90 0.9651147 
446 649 55 59 0.85432696 
704 467 22 14 0.3910067 
612 448 6 7 0.2958878 
985 655 17 30 0.22466472 
640 454 5 8 0.17826341 
625 450 6 7 0.17670989 
1012 656 13 20 0.1403841 
640 466 5 11 0.11014172 
107 549 106 112 0.08923683 
733 475 11 10 0.08326349 
693 462 10 10 0.07947196 
-18 -167 178 167 0.07416429 
718 466 14 11 0.07299903 
679 439 4 4 0.06492485 
735 642 20 31 0.062010836 
970 664 9 16 0.059891008 
602 449 5 6 0.05969451 
690 466 10 10 0.059401628 
917 75 10 14 0.058192093 
626 463 5 8 0.04941328 
634 450 6 7 0.04938288 
271 512 429 511 0.04679408 
918 85 10 15 0.045828458 
656 435 3 4 0.045398157 
774 476 9 9 0.045232084 
636 454 6 8 0.043988965 
626 453 6 9 0.043821387 
622 461 6 8 0.04338667 
598 451 5 6 0.043119974 
671 461 5 8 0.042326175 
655 437 4 4 0.041226827 
578 431 4 5 0.04050594 
687 470 7 8 0.038999174 
652 456 6 8 0.038577292 
634 466 7 10 0.03768203 
621 457 5 8 0.037298746 
672 458 5 6 0.03682578 
332 56 51 48 0.0367978 
566 455 8 12 0.03550589 
604 446 5 5 0.03538516 
156 444 4 4 0.035334866 
596 445 5 5 0.03488376 
615 457 6 8 0.034702204 
639 443 5 6 0.034598384 
279 64 17 38 0.03331779 
730 537 373 337 0.03318241 
647 455 5 8 0.03301421 
974 657 19 28 0.03297866 
300 48 92 95 0.032754146 
993 662 10 19 0.032433324 
661 439 4 5 0.03188471 
608 446 7 6 0.0315345 
610 437 4 4 0.031400204 
183 418 4 8 0.030520234 
627 467 6 8 0.030342866 
648 451 4 6 0.030091722 
852 -185 260 169 0.030065583 
408 178 2 3 0.029906053 
599 438 3 4 0.02966469 
894 608 22 41 0.029609405 
634 442 6 7 0.029453104 
337 91 28 27 0.029285178 
660 443 5 6 0.028924992 
579 429 2 3 0.02862712 
562 444 6 6 0.02854501 
609 457 5 8 0.027987836 
591 396 4 4 0.027951619 
379 171 3 4 0.027832126 
621 466 6 10 0.027659168 
688 473 9 8 0.027546003 
296 587 51 67 0.027527908 
679 457 6 7 0.027301405 
680 443 4 5 0.027271936 
605 388 175 183 0.027217422 
724 463 12 10 0.027185699 
654 481 7 12 0.027116323 
961 459 6 12 0.027109431 
611 434 3 4 0.026815435 
684 457 6 7 0.026735792 
127 569 28 38 0.026634125 
668 470 4 7 0.026552284 
684 462 7 7 0.026332261 
669 458 4 5 0.025955597 
970 424 4 7 0.025697818 
62 -157 272 148 0.025096055 
652 460 7 9 0.025068926 
677 461 8 8 0.025060048 
642 433 3 4 0.024873285 
195 55 99 163 0.024572581 
941 415 5 9 0.024548115 
324 77 29 28 0.024408758 
659 457 5 6 0.02440718 
1012 626 10 11 0.024390573 
624 482 10 13 0.024323067 
906 75 10 15 0.024038749 
185 418 5 7 0.023924112 
705 441 3 3 0.023872407 
591 398 4 4 0.023816314 
917 80 18 26 0.023712976 
309 94 6 6 0.02371054 
358 48 10 12 0.023548586 
635 433 4 3 0.023312176 
677 468 8 8 0.023266617 
640 439 5 5 0.02306693 
666 440 5 4 0.023006056 
649 433 4 4 0.022995403 
599 388 3 3 0.022980053 
727 480 13 12 0.022903008 
654 469 5 8 0.022897799 
702 441 3 3 0.022817073 
687 445 3 4 0.022797696 
584 444 5 5 0.02272076 
655 444 4 6 0.022684464 
655 474 5 8 0.022654114 
137 533 172 153 0.022646671 
648 461 6 8 0.022567755 
854 345 41 58 0.022449477 
659 463 5 6 0.022409914 
675 453 19 18 0.022378178 
591 445 4 5 0.022351049 
722 633 19 36 0.022284938 
628 445 5 5 0.022243114 
605 457 4 6 0.022239473 
603 438 4 4 0.02218034 
327 86 7 7 0.022130463 
611 481 8 11 0.022045309 
915 93 9 13 0.022032907 
703 496 23 24 0.021936813 
714 439 2 3 0.021932272 
325 77 10 10 0.021910822 
399 172 3 3 0.021905906 
614 467 7 9 0.02168755 
1004 628 7 10 0.021603849 
908 94 21 32 0.021546345 
132 412 4 6 0.021542456 
339 52 26 27 0.021477796 
624 419 4 4 0.021454139 
371 35 5 6 0.021431373 
672 482 6 7 0.021425337 
617 428 3 4 0.021383755 
572 444 5 6 0.021274561 
277 300 27 26 0.021143923 
652 451 5 6 0.021060517 
478 135 88 110 0.021044075 
725 486 13 14 0.021017421 
900 74 10 14 0.0208581 
586 422 3 3 0.020855486 
332 78 9 9 0.02071614 
359 36 8 9 0.020714685 
908 138 20 27 0.020657687 
574 462 7 9 0.020653497 
598 434 4 4 0.020647516 
934 109 6 9 0.020621208 
0 637 19 47 0.020610806 
289 63 47 52 0.020602224 
967 665 19 29 0.020558368 
681 463 19 19 0.020519981 
463 473 4 4 0.020504318 
681 436 2 2 0.020478033 
351 71 25 30 0.020454463 
901 620 28 41 0.020401606 
925 86 9 14 0.020368839 
959 662 11 17 0.020353843 
649 427 3 4 0.020303508 
272 314 25 25 0.020268677 
630 439 4 4 0.020243626 
319 77 9 10 0.02021576 
394 171 2 3 0.020155966 
493 264 377 411 0.020091096 
584 440 3 3 0.020040164 
693 452 4 5 0.020034915 
