11_Meeting_Meeting_11_Meeting_Meeting_11_176
37
498 213 22 28 0.9998273 
14 236 26 28 0.99943084 
337 226 26 34 0.9994186 
793 89 45 65 0.99938786 
655 203 19 26 0.9993766 
188 210 23 31 0.9991134 
166 76 19 28 0.9990683 
572 214 18 22 0.9969542 
408 218 29 32 0.99693644 
285 213 19 24 0.9969023 
213 265 28 36 0.9955155 
120 245 32 41 0.98942286 
699 248 29 44 0.98093665 
776 249 29 32 0.9670614 
647 278 26 57 0.6037908 
356 223 18 23 0.20970881 
201 361 82 143 0.16078946 
765 252 11 14 0.09931252 
585 252 20 24 0.08457562 
67 287 21 21 0.08118504 
92 532 18 22 0.06363719 
763 251 22 27 0.047423087 
901 239 12 16 0.046534367 
489 343 44 60 0.04616103 
46 268 22 35 0.032741357 
459 351 52 57 0.029163426 
474 211 8 9 0.027441882 
174 544 26 23 0.025109857 
4 234 21 32 0.024563065 
470 229 12 13 0.02421071 
771 264 13 18 0.024188334 
367 243 17 26 0.023985628 
787 477 21 24 0.02366503 
370 305 98 95 0.023432218 
522 249 9 12 0.022953233 
324 237 23 27 0.022343516 
289 349 44 49 0.020348087 
