58_Hockey_icehockey_puck_58_17
48
27 316 85 108 0.9977258 
66 72 70 92 0.99514836 
445 491 28 34 0.9854915 
165 502 41 39 0.98064286 
275 453 25 25 0.6085455 
664 306 29 27 0.3969374 
373 235 28 25 0.20759875 
413 474 22 25 0.09424234 
87 526 34 28 0.0751303 
318 441 13 13 0.05446734 
850 439 11 11 0.053786367 
216 340 33 32 0.05239255 
387 486 22 27 0.05100317 
300 364 28 24 0.050314784 
867 51 42 37 0.049224436 
398 474 24 27 0.04691806 
541 449 21 23 0.04676639 
581 246 27 23 0.041845582 
366 473 26 27 0.0415008 
856 74 52 48 0.03677755 
1007 447 25 35 0.035794314 
79 543 84 78 0.034845494 
511 458 15 14 0.034456022 
413 428 22 26 0.034367897 
187 486 40 41 0.03269403 
193 334 36 42 0.032007087 
369 484 32 37 0.028858462 
24 576 29 26 0.028656026 
392 443 23 23 0.027806276 
591 249 11 8 0.02757986 
208 483 38 40 0.027261881 
588 252 10 10 0.026399225 
33 580 15 14 0.025878152 
371 404 35 36 0.02467171 
916 429 14 14 0.023378504 
5 561 81 88 0.022804135 
360 436 15 13 0.022068316 
5 452 86 66 0.022065444 
280 415 27 24 0.021942062 
298 447 13 15 0.021921977 
356 340 25 26 0.021602439 
271 431 38 37 0.020958938 
550 448 11 11 0.020745274 
923 80 23 28 0.02046946 
251 443 37 41 0.020422686 
643 307 8 10 0.020420078 
353 440 23 22 0.020416677 
769 331 51 49 0.020256156 
