58_Hockey_icehockey_puck_58_113
436
305 126 52 54 0.9935627 
81 38 29 34 0.9930166 
657 51 27 26 0.960597 
273 34 28 29 0.95423734 
182 39 22 24 0.69894594 
996 102 25 28 0.6638494 
223 40 17 21 0.5339123 
1013 418 12 17 0.4153626 
843 1 21 22 0.35696003 
358 44 22 25 0.33825964 
523 50 57 58 0.31738964 
489 54 14 18 0.29915506 
310 48 25 21 0.28443363 
245 19 11 11 0.24986184 
435 46 17 22 0.23999588 
435 36 10 13 0.21532646 
446 49 13 17 0.20841195 
306 228 50 43 0.1784934 
394 41 23 30 0.13567871 
329 69 31 21 0.13308993 
608 134 48 53 0.1273615 
131 50 19 21 0.10866573 
653 290 22 28 0.10411283 
448 430 44 41 0.10201147 
2 57 42 39 0.09799946 
328 508 28 24 0.097289465 
3 27 25 26 0.09696248 
306 249 29 33 0.096461795 
400 235 37 39 0.094213195 
313 68 30 26 0.089918375 
999 47 13 19 0.0864639 
287 378 49 61 0.08100117 
502 296 21 23 0.07691634 
394 36 15 16 0.07665853 
127 80 21 25 0.07029931 
1003 77 25 22 0.06890135 
550 66 28 32 0.06558647 
1009 352 17 30 0.06440758 
568 45 30 32 0.06380252 
576 296 31 22 0.06256819 
438 78 22 31 0.06204425 
615 455 51 47 0.056510318 
67 188 21 26 0.05613928 
358 163 45 56 0.056022145 
467 266 17 14 0.056008756 
565 298 14 11 0.05599598 
952 6 10 16 0.05454122 
527 60 28 33 0.052968867 
323 462 40 28 0.05290499 
155 127 23 28 0.052171007 
2 17 13 15 0.0521342 
472 293 24 34 0.050791517 
622 372 19 32 0.050206333 
520 75 11 14 0.05002998 
418 240 14 13 0.049998347 
127 47 12 13 0.048952796 
428 226 28 30 0.048733193 
416 319 17 16 0.047867708 
1007 234 14 20 0.046865236 
556 290 24 22 0.04676093 
461 290 22 30 0.04659161 
648 302 23 30 0.04639987 
987 280 13 12 0.046217266 
604 2 16 15 0.046175182 
379 254 14 15 0.04565252 
569 183 43 51 0.045351323 
986 6 23 27 0.04522819 
0 0 34 44 0.045197498 
453 75 18 24 0.045158908 
462 98 13 16 0.044945356 
400 319 24 28 0.04480391 
1008 20 22 28 0.04449047 
668 58 25 27 0.0431226 
319 485 46 40 0.042918235 
287 333 42 58 0.042319626 
586 39 24 32 0.041842114 
213 52 23 25 0.04176301 
974 276 53 39 0.04167929 
53 137 82 76 0.04116257 
951 8 19 28 0.040796023 
978 5 17 25 0.040764436 
340 56 27 26 0.03978205 
346 511 14 18 0.03973172 
982 292 12 13 0.039624065 
541 89 10 13 0.03938106 
987 285 15 16 0.039227247 
160 79 14 16 0.03920296 
463 73 13 17 0.039085668 
4 47 29 29 0.038206704 
430 405 45 47 0.038085483 
333 84 34 29 0.038052596 
277 32 18 15 0.037885927 
342 242 25 25 0.037792176 
688 86 13 14 0.03777196 
986 47 19 24 0.037671052 
572 30 29 25 0.0376322 
214 48 13 16 0.0375172 
430 419 75 83 0.03727627 
991 18 23 26 0.037152637 
252 20 10 10 0.03693993 
628 286 23 25 0.036286946 
407 329 44 42 0.036209036 
651 149 45 41 0.036040317 
689 77 25 26 0.035845738 
1005 39 22 26 0.03566449 
957 240 98 87 0.03561254 
289 190 84 75 0.03546031 
543 286 59 45 0.035389267 
90 191 14 13 0.034567654 
586 335 87 101 0.03443598 
88 183 29 25 0.03435039 
920 73 12 13 0.033956427 
687 76 13 13 0.033644963 
430 51 36 41 0.033325177 
389 327 23 30 0.03320329 
-1 666 63 182 0.03317393 
332 347 49 46 0.033114716 
933 37 9 11 0.032995284 
608 280 19 24 0.03292816 
186 78 12 15 0.032907765 
410 389 43 53 0.032889318 
224 83 25 28 0.032839645 
133 231 26 24 0.032769665 
613 385 24 32 0.032739647 
301 362 53 53 0.03244971 
445 298 24 28 0.032319374 
242 23 11 12 0.032168612 
86 108 56 45 0.03202457 
392 0 14 10 0.03179603 
918 68 23 23 0.03171025 
984 253 52 46 0.031669155 
474 70 20 25 0.031651612 
619 281 8 12 0.03162737 
374 30 13 16 0.0315911 
13 35 24 30 0.031021256 
298 383 27 31 0.03085969 
380 249 40 44 0.030569054 
39 145 41 52 0.030224975 
369 454 45 38 0.030196793 
448 88 21 30 0.030165402 
586 172 20 32 0.030161982 
545 79 49 54 0.030160146 
993 291 15 15 0.030136272 
412 297 49 52 0.030123636 
370 51 15 18 0.029961718 
79 18 31 31 0.029548798 
129 267 28 28 0.029528882 
568 71 11 11 0.029526826 
665 67 42 40 0.02948765 
22 7 19 20 0.029479383 
608 427 90 90 0.029465713 
645 57 40 46 0.029456899 
425 21 21 24 0.029391289 
742 250 48 47 0.029325984 
730 291 13 16 0.029240329 
508 266 100 108 0.029050676 
1004 1 26 29 0.029049372 
868 6 21 22 0.029034097 
459 450 80 86 0.028991267 
500 15 146 132 0.028970234 
493 53 21 27 0.028951377 
565 283 29 25 0.028912734 
178 210 27 29 0.028763304 
174 518 54 42 0.028761802 
418 201 12 13 0.028759843 
616 285 21 27 0.028716253 
499 131 27 35 0.028601374 
380 294 42 46 0.028595632 
77 177 51 49 0.028541388 
519 68 20 26 0.028460126 
316 479 30 25 0.0284212 
367 3 20 23 0.028397158 
571 30 7 6 0.028351454 
570 266 22 23 0.02832673 
133 532 52 43 0.028158443 
888 94 36 42 0.028143223 
894 74 44 45 0.02810051 
465 81 19 24 0.027859788 
991 33 23 27 0.027746353 
475 268 26 26 0.02770267 
561 298 29 24 0.027630942 
93 195 26 29 0.02760527 
896 7 17 15 0.02755577 
657 59 82 81 0.027546333 
471 222 12 13 0.027531039 
418 23 15 15 0.027465252 
729 23 19 26 0.027463753 
130 437 116 96 0.027451588 
964 228 11 17 0.0274288 
226 494 99 91 0.027423272 
346 326 30 33 0.027373848 
391 305 22 27 0.027350359 
1005 274 17 12 0.027110405 
427 34 19 25 0.027083859 
521 41 26 25 0.027072148 
378 30 19 22 0.026928617 
26 39 23 27 0.02691298 
878 194 5 7 0.026722977 
581 292 20 14 0.026687173 
408 64 21 29 0.02665471 
123 59 31 37 0.026622068 
481 21 81 95 0.026620291 
309 80 49 43 0.026589777 
625 298 27 32 0.026534589 
228 33 11 12 0.026455943 
569 281 9 8 0.026441928 
581 276 9 8 0.026370237 
599 170 49 58 0.026334977 
770 75 40 51 0.026234023 
968 8 21 28 0.026201313 
334 245 50 44 0.026134482 
93 198 46 50 0.026125623 
678 89 25 27 0.026096879 
954 -5 100 82 0.026023773 
632 154 44 48 0.026020715 
536 178 89 96 0.026014723 
990 221 47 46 0.025859522 
480 109 36 43 0.025811212 
685 66 14 16 0.025721561 
404 215 28 30 0.025679285 
896 115 22 26 0.025655435 
14 82 75 110 0.02558667 
391 21 28 34 0.025581611 
693 209 46 44 0.025491016 
530 257 28 20 0.025445867 
84 263 107 111 0.025442746 
196 44 30 34 0.025389979 
884 5 20 23 0.025357852 
688 245 44 45 0.025346361 
376 262 23 28 0.025326319 
627 270 22 29 0.025281336 
554 275 27 26 0.025267193 
291 234 79 77 0.025241451 
354 57 16 15 0.02521799 
595 94 40 42 0.02521016 
974 20 22 25 0.025174512 
692 81 14 14 0.025138624 
453 83 37 39 0.025112905 
451 265 43 48 0.02509191 
284 13 23 22 0.025080077 
934 53 23 28 0.025003947 
411 303 14 14 0.02497841 
750 264 23 28 0.024949279 
25 71 18 17 0.024849689 
292 46 24 30 0.024790838 
284 23 27 28 0.024790384 
850 42 25 26 0.02475388 
565 309 31 31 0.024750328 
296 453 48 42 0.024729481 
86 56 28 33 0.024661485 
357 271 79 85 0.024636108 
1009 107 18 21 0.024514169 
841 13 15 18 0.024494065 
406 234 14 16 0.024483789 
349 330 50 52 0.024430668 
235 30 10 11 0.024415536 
350 289 43 47 0.024403442 
677 46 22 26 0.02439834 
581 280 10 8 0.02439316 
531 75 15 19 0.024369668 
443 73 12 18 0.02436398 
774 99 23 29 0.024189 
354 476 114 95 0.0241142 
285 391 27 35 0.024089925 
-10 52 70 86 0.02406765 
6 25 15 15 0.024025308 
368 253 23 26 0.023891164 
390 322 83 88 0.02388668 
120 198 25 30 0.023863547 
399 275 25 25 0.023851654 
175 45 18 27 0.02384466 
406 371 23 29 0.023833033 
431 176 45 52 0.023823548 
609 196 25 37 0.023808904 
793 102 23 25 0.023781812 
403 35 14 16 0.023764852 
73 28 25 32 0.023762183 
393 160 370 333 0.023757685 
657 286 15 17 0.023727177 
244 59 39 42 0.023683881 
321 68 16 16 0.023623055 
941 42 20 28 0.023550702 
718 292 21 21 0.023532946 
52 143 11 15 0.023479303 
853 5 20 21 0.023443075 
296 130 5 7 0.023427695 
26 56 45 47 0.02341631 
989 -1 49 50 0.023374865 
450 311 11 14 0.023342125 
317 572 59 41 0.023290087 
504 55 23 28 0.023277612 
376 248 12 13 0.023213174 
141 52 12 15 0.02317213 
295 473 26 33 0.023127154 
59 101 23 34 0.023114186 
625 291 10 14 0.023111869 
444 37 12 14 0.023073368 
167 188 42 45 0.023064777 
297 131 31 40 0.023053808 
-6 -109 62 148 0.023053002 
613 280 68 89 0.02303735 
-3 -169 93 139 0.023028208 
507 108 47 49 0.022963446 
620 392 41 44 0.022948358 
835 102 21 27 0.022935124 
665 604 129 97 0.022933051 
573 279 11 9 0.02288066 
999 199 22 31 0.022862762 
197 529 49 46 0.022856366 
453 171 49 54 0.022816932 
928 73 26 25 0.022803305 
620 291 9 12 0.022739725 
109 92 45 48 0.022678047 
846 80 40 53 0.022628156 
352 71 25 22 0.022581913 
925 7 40 44 0.02257591 
769 266 12 12 0.022456236 
500 493 48 45 0.022422317 
212 92 82 91 0.022405777 
87 505 27 23 0.022386055 
558 2 14 13 0.022346582 
425 50 21 27 0.022326238 
298 419 33 31 0.022324475 
522 62 12 14 0.022286559 
77 192 28 27 0.022230677 
716 174 51 46 0.022214673 
59 180 89 95 0.02220931 
573 153 48 59 0.022186585 
527 313 105 116 0.022175897 
137 45 13 14 0.022174602 
333 326 27 27 0.022167504 
603 293 15 16 0.022163743 
687 214 20 27 0.022115836 
526 53 13 14 0.022113167 
536 261 13 10 0.022107903 
660 157 22 24 0.022075456 
855 216 10 10 0.022047956 
450 302 39 46 0.022019975 
192 38 14 15 0.022013523 
227 82 13 16 0.021984654 
92 205 14 15 0.021956712 
399 92 10 13 0.021913422 
602 66 28 30 0.021913184 
585 356 23 26 0.02191195 
429 278 25 31 0.021904783 
331 546 50 39 0.021898756 
539 282 30 30 0.021892967 
464 421 27 30 0.021883385 
319 57 18 16 0.021872234 
938 94 35 45 0.021870859 
812 94 9 10 0.021837609 
570 343 26 28 0.021826379 
927 192 7 9 0.021824904 
154 488 110 86 0.021777138 
81 0 8 8 0.021758135 
711 233 21 27 0.021711932 
649 193 45 53 0.021679936 
418 65 36 46 0.021676691 
136 258 47 46 0.021662802 
985 68 24 26 0.021644466 
376 313 23 32 0.021613115 
683 107 30 30 0.021566818 
255 37 20 24 0.021566724 
698 209 83 86 0.021561587 
797 90 21 24 0.021560246 
606 348 42 52 0.021540951 
983 51 11 16 0.021539237 
510 75 9 11 0.02153613 
192 49 15 18 0.021528536 
720 58 19 26 0.02143141 
656 61 15 18 0.021388521 
232 32 21 23 0.021381874 
653 222 6 10 0.021369053 
494 63 11 15 0.021284757 
1003 226 11 16 0.021197721 
160 119 89 102 0.021185692 
94 69 26 33 0.021182943 
1012 391 14 18 0.021116998 
876 73 34 50 0.02109355 
420 321 28 27 0.02108618 
122 201 46 49 0.021043982 
696 230 9 11 0.020957127 
212 80 23 29 0.020955779 
435 92 44 52 0.020952027 
229 59 22 27 0.020926844 
455 426 16 18 0.02092167 
835 83 21 26 0.020916525 
433 26 10 11 0.02090526 
394 233 76 82 0.02086313 
207 91 42 47 0.02083321 
471 258 24 21 0.02081092 
411 287 24 28 0.020807784 
706 296 50 43 0.020806413 
905 235 9 11 0.0207721 
937 272 13 12 0.020741433 
571 98 45 46 0.020726861 
576 -4 40 33 0.020690763 
631 122 49 54 0.020686252 
465 449 44 43 0.020598741 
459 211 45 45 0.020581383 
970 222 21 26 0.020579658 
137 504 54 49 0.020563183 
111 544 48 42 0.020554448 
444 135 43 49 0.020552298 
457 103 38 45 0.02054442 
841 91 12 14 0.020541282 
578 200 97 117 0.020523824 
484 275 11 11 0.020503275 
290 455 27 28 0.020499501 
668 111 21 28 0.020481646 
146 65 20 26 0.020473516 
845 28 16 16 0.020432169 
517 113 88 91 0.02040019 
738 121 10 9 0.020381784 
244 68 12 15 0.02037589 
327 259 30 28 0.020369647 
323 38 11 12 0.02036238 
672 140 48 44 0.02035576 
246 27 11 13 0.02031143 
1006 129 25 28 0.020286348 
724 302 108 83 0.02027553 
529 69 12 14 0.020256262 
69 48 70 84 0.020243013 
313 278 81 89 0.02020781 
561 22 29 23 0.020195758 
878 234 11 15 0.020174148 
843 99 9 11 0.020095773 
697 185 50 47 0.020091116 
96 26 22 24 0.020085214 
523 38 9 11 0.020068552 
580 276 47 45 0.02006693 
586 277 8 7 0.020058108 
925 198 8 12 0.020036226 
86 131 32 30 0.020020831 
242 12 20 19 0.020007078 
575 30 8 7 0.020004712 
