58_Hockey_icehockey_puck_58_403
279
567 193 82 96 0.96018726 
288 83 68 86 0.8495912 
355 455 85 86 0.49421003 
991 160 32 31 0.4335286 
260 74 55 40 0.39075345 
613 204 74 94 0.22055456 
499 228 31 29 0.21399544 
516 377 10 11 0.19570954 
759 336 45 48 0.19218455 
262 247 25 32 0.1729692 
215 254 25 30 0.13962005 
103 209 26 31 0.13015096 
372 410 27 34 0.12433599 
724 489 35 31 0.12155299 
791 413 30 33 0.12113094 
690 482 53 42 0.114451624 
760 272 9 15 0.104922734 
431 323 10 12 0.1005881 
372 345 35 35 0.097889274 
775 317 24 29 0.09657848 
802 348 11 15 0.09472803 
588 468 78 109 0.09242137 
7 4 43 52 0.09137241 
505 224 18 18 0.09038871 
743 291 23 27 0.079558186 
813 403 25 30 0.07912306 
58 35 26 33 0.075814866 
742 301 49 50 0.07504439 
778 386 25 30 0.07324304 
353 319 29 35 0.07258777 
266 112 52 66 0.07071592 
764 310 26 28 0.06930074 
906 438 9 16 0.06750613 
309 544 59 63 0.06586026 
783 331 27 32 0.06105961 
1004 422 25 29 0.0609215 
66 1 10 10 0.058188546 
246 692 10 11 0.05727219 
151 251 9 9 0.056535564 
343 338 38 48 0.055062473 
502 261 82 90 0.054172486 
344 306 29 34 0.053869255 
585 412 44 55 0.053344883 
461 285 21 26 0.052399807 
943 422 10 10 0.05068453 
96 196 30 27 0.050619915 
472 256 21 32 0.05001688 
545 187 60 72 0.0498408 
55 176 48 48 0.04760305 
276 286 16 17 0.04731626 
438 314 11 14 0.046929833 
262 142 25 34 0.046402737 
73 203 27 31 0.046327047 
341 357 11 12 0.04424547 
753 275 12 18 0.044101488 
778 311 12 17 0.043604456 
243 221 65 78 0.043395996 
0 -97 35 87 0.04324975 
61 1 20 21 0.042471416 
252 711 12 12 0.04227045 
806 418 29 26 0.04116382 
485 248 28 30 0.040043965 
595 416 87 93 0.039677307 
95 25 9 10 0.03945993 
740 499 26 26 0.039275054 
363 300 47 52 0.03925593 
-2 108 22 33 0.037874933 
565 360 25 30 0.03787249 
96 297 23 31 0.037379496 
81 41 11 16 0.037324183 
166 658 24 26 0.036924053 
958 441 19 24 0.036703657 
992 166 48 58 0.03629302 
543 158 60 54 0.036206525 
493 225 75 80 0.036202773 
81 2 10 8 0.03614352 
230 598 32 28 0.036133897 
86 40 10 12 0.036075503 
84 175 29 26 0.036023438 
340 490 66 61 0.03587936 
81 0 28 20 0.0347156 
59 194 14 14 0.034473892 
115 303 5 7 0.033521242 
66 201 85 83 0.033519056 
585 155 36 25 0.033326317 
96 222 28 30 0.033011753 
787 387 46 49 0.03267455 
738 317 25 34 0.032365948 
1001 433 21 35 0.032217644 
939 428 11 15 0.032099787 
109 302 6 8 0.03201346 
514 211 23 23 0.03194014 
722 271 43 46 0.031310238 
72 79 11 13 0.031167945 
106 145 23 23 0.031156452 
188 243 9 10 0.031065179 
59 274 27 31 0.031015158 
640 431 45 51 0.030953046 
451 283 40 46 0.0307318 
79 54 10 15 0.030659214 
126 247 9 8 0.030642072 
787 328 15 19 0.030637316 
540 371 9 10 0.030465005 
700 455 33 25 0.03030785 
48 245 27 35 0.030300103 
268 236 27 25 0.030263241 
335 354 26 27 0.030171422 
169 256 13 13 0.029918272 
676 456 55 48 0.029870562 
815 299 21 24 0.029564144 
374 429 15 19 0.029521946 
751 328 29 35 0.029452845 
664 441 26 28 0.029426876 
156 137 33 35 0.029285964 
170 251 10 9 0.029149037 
361 334 14 16 0.028933033 
247 248 20 30 0.02885619 
792 345 22 25 0.028852984 
166 226 5 6 0.028580206 
347 340 7 11 0.028499968 
440 310 8 9 0.028473023 
227 238 46 50 0.028450092 
448 291 8 11 0.028311739 
514 372 19 20 0.02828516 
361 326 12 15 0.02826386 
396 377 21 23 0.027917882 
50 254 89 87 0.027836217 
502 312 96 79 0.027791057 
86 6 11 11 0.027761148 
88 306 8 11 0.027707687 
783 307 12 14 0.02768425 
267 261 29 36 0.027663985 
72 6 10 12 0.027657224 
971 611 22 26 0.027628666 
389 433 31 32 0.027519219 
926 433 18 30 0.027411973 
127 303 8 9 0.027315725 
612 408 24 30 0.027239459 
229 241 7 10 0.027155524 
121 304 7 8 0.027041074 
744 286 13 17 0.027027005 
80 217 10 13 0.026912777 
770 357 25 32 0.026885457 
339 76 23 34 0.026724136 
465 281 10 14 0.026627181 
781 418 26 35 0.026618931 
739 290 13 18 0.026618462 
119 237 22 24 0.02645519 
288 122 21 36 0.02644356 
724 478 15 15 0.026314553 
254 715 16 14 0.026215553 
1002 425 15 17 0.026192902 
633 394 24 34 0.026173659 
754 293 25 29 0.02615209 
82 78 8 10 0.02575551 
275 230 50 50 0.025679875 
338 460 52 58 0.025650976 
651 421 7 11 0.025610141 
58 192 25 25 0.025604215 
788 319 13 18 0.025559371 
452 291 11 12 0.025531014 
409 278 7 6 0.025488874 
911 408 164 167 0.025228363 
83 187 29 32 0.02522224 
104 281 24 31 0.025205266 
757 271 7 11 0.025046274 
63 159 86 72 0.025032992 
972 511 9 10 0.025021322 
64 227 15 15 0.024977308 
369 440 12 14 0.024933204 
204 268 109 121 0.024870247 
430 317 21 23 0.024810726 
184 238 9 9 0.024806544 
758 282 11 17 0.024748953 
78 300 23 29 0.02456645 
84 308 6 8 0.024522472 
114 222 26 27 0.024465006 
179 217 8 8 0.024460612 
257 657 5 5 0.024415866 
661 466 26 30 0.02430478 
107 307 8 12 0.02428957 
84 283 31 30 0.024109295 
642 382 76 92 0.024095293 
530 372 9 9 0.024080152 
220 351 90 93 0.024044652 
514 373 7 9 0.023988947 
535 193 27 38 0.023925805 
50 142 7 10 0.023915498 
157 262 9 10 0.023654018 
428 331 10 12 0.023648502 
15 31 48 50 0.02360659 
556 155 33 25 0.023465574 
121 297 6 7 0.023459496 
115 375 24 26 0.023455083 
74 17 46 45 0.023422029 
246 690 19 21 0.02330703 
296 341 47 47 0.023279356 
166 239 7 7 0.023221886 
532 364 24 26 0.023217915 
116 295 6 7 0.023135193 
69 89 8 13 0.023122787 
464 325 20 26 0.023097105 
253 257 10 16 0.023093568 
972 488 14 14 0.023031572 
357 393 75 92 0.022736054 
156 248 11 11 0.022677174 
702 259 41 47 0.022660708 
69 219 24 26 0.022555579 
390 272 9 12 0.022549473 
64 5 10 12 0.022488551 
64 306 7 8 0.022441922 
704 373 23 28 0.022429567 
71 308 6 7 0.022415595 
785 425 11 16 0.022407763 
260 677 11 9 0.022389604 
3 35 33 35 0.022367205 
514 353 52 46 0.022335019 
607 386 33 32 0.022232424 
678 366 52 52 0.022214381 
89 282 9 8 0.022119125 
561 384 12 13 0.022093253 
714 476 29 28 0.022009993 
758 266 18 25 0.022006266 
444 286 20 23 0.022001034 
84 303 7 8 0.022000022 
573 160 31 29 0.021990867 
585 402 30 34 0.02194722 
952 720 46 42 0.021929134 
380 294 25 28 0.02177314 
926 634 116 122 0.02177134 
296 125 11 17 0.02174555 
653 467 55 57 0.021742322 
578 348 12 13 0.021738028 
75 151 38 32 0.021585 
440 274 78 89 0.021584619 
629 483 24 35 0.02155522 
521 373 10 10 0.021547796 
170 661 11 12 0.021539358 
120 25 25 25 0.021369776 
130 290 6 6 0.02134749 
49 263 23 33 0.021344848 
721 377 44 46 0.021339541 
98 6 12 9 0.02130892 
550 225 26 31 0.021274747 
232 238 6 8 0.021177297 
82 219 26 29 0.021120079 
72 275 31 28 0.021067407 
413 465 30 25 0.021019557 
447 300 8 10 0.021010034 
762 266 5 7 0.02100713 
162 228 6 5 0.020936884 
249 702 21 23 0.020851102 
243 606 34 22 0.020833595 
153 239 7 7 0.020789566 
16 132 85 97 0.020703902 
65 265 5 8 0.020690627 
458 291 12 15 0.020680783 
400 332 13 12 0.02066268 
674 444 14 13 0.02063925 
356 329 12 16 0.020624408 
97 18 28 25 0.020602347 
102 235 262 247 0.020573063 
460 279 10 13 0.020560287 
287 662 28 28 0.020553652 
702 430 56 52 0.020552758 
102 187 9 8 0.0205287 
360 355 11 15 0.020518012 
46 271 4 6 0.020515798 
169 194 99 106 0.020477295 
89 26 9 8 0.02047519 
186 572 55 55 0.02046485 
541 397 76 98 0.020409707 
208 397 104 102 0.020398846 
212 474 29 38 0.020241966 
453 309 22 30 0.02019785 
577 413 28 33 0.020194067 
41 279 3 4 0.020188816 
334 290 27 36 0.020166064 
125 255 11 13 0.020151798 
