4_Dancing_Dancing_4_514
101
516 31 86 111 0.99970573 
376 108 84 102 0.99964845 
346 341 107 91 0.45310083 
879 712 11 16 0.17607409 
852 802 8 12 0.14008826 
308 242 96 82 0.11604282 
906 793 7 10 0.07682193 
728 565 17 19 0.07487793 
842 609 11 13 0.07220619 
822 800 5 7 0.06638003 
840 785 7 12 0.06393049 
844 805 6 9 0.062221736 
954 553 16 17 0.059228074 
1014 629 14 21 0.05747104 
-1 16 12 32 0.05635645 
316 282 114 101 0.055646323 
835 799 4 8 0.05546133 
838 631 10 11 0.05470669 
961 655 20 22 0.053379253 
1010 575 13 13 0.0518988 
907 696 8 12 0.047803883 
944 456 29 30 0.045097146 
830 600 8 11 0.04446739 
826 557 29 29 0.0439507 
964 578 13 16 0.042572547 
910 491 13 18 0.040721294 
301 20 42 41 0.039539505 
814 630 12 15 0.038364787 
1015 458 11 18 0.037231207 
14 537 27 40 0.037214648 
323 253 25 30 0.03609927 
370 413 40 24 0.035306785 
897 691 7 10 0.033751205 
73 479 28 39 0.032224882 
933 358 76 106 0.032134484 
919 652 11 13 0.031985316 
993 668 10 16 0.03152881 
932 417 46 61 0.031008052 
23 451 42 61 0.030805182 
984 652 10 17 0.029529039 
824 535 50 59 0.029158918 
952 31 92 108 0.02896381 
770 409 49 49 0.028671067 
968 605 81 114 0.02864204 
863 741 7 9 0.028613359 
837 812 4 8 0.02859129 
965 501 13 16 0.028533895 
597 397 92 87 0.02845524 
992 598 13 13 0.028099652 
872 593 12 16 0.027618876 
912 721 9 12 0.027252695 
1006 553 24 32 0.027231783 
742 6 132 97 0.027030751 
465 679 7 8 0.02671848 
938 587 10 13 0.026702628 
940 649 13 16 0.026635978 
993 477 29 35 0.026165375 
819 541 25 34 0.026120894 
132 775 43 44 0.025928026 
901 693 17 22 0.025612107 
933 359 45 51 0.02558251 
-2 -97 121 113 0.02492501 
917 568 21 27 0.024884365 
1012 661 13 16 0.02469127 
714 522 14 17 0.024664802 
188 25 42 41 0.024438052 
1012 412 15 21 0.024356473 
967 366 85 127 0.024148786 
885 787 6 8 0.023910765 
-2 650 14 35 0.02363589 
358 392 72 47 0.023577616 
482 764 3 4 0.023403326 
553 372 54 55 0.023375813 
974 568 11 13 0.02303439 
21 643 44 54 0.023013337 
886 486 27 30 0.022998897 
884 657 21 25 0.022599488 
955 485 41 48 0.022475077 
804 791 7 9 0.022368569 
1011 507 23 30 0.022304263 
866 797 6 9 0.022268126 
990 598 25 26 0.022264866 
356 252 61 53 0.021949697 
856 623 9 13 0.021852402 
955 625 24 28 0.021799682 
427 233 26 24 0.02178135 
72 418 29 37 0.021695962 
900 694 9 14 0.021593207 
381 449 97 93 0.021555101 
490 309 9 15 0.021474062 
917 663 12 15 0.021056578 
1001 580 23 26 0.020800985 
254 77 45 54 0.020677838 
929 478 80 102 0.020657323 
962 585 18 26 0.020624336 
19 315 28 34 0.020477466 
883 623 51 57 0.020407764 
870 794 8 10 0.020310227 
802 31 56 51 0.020301862 
195 45 45 51 0.02011416 
867 638 27 29 0.020079693 
