7_Cheering_Cheering_7_469
259
902 651 43 52 0.9865898 
574 333 96 109 0.9637189 
996 587 28 59 0.83334416 
291 708 23 28 0.5296777 
150 773 15 25 0.5116899 
265 797 17 27 0.48795983 
141 825 20 29 0.27507547 
998 954 29 64 0.27336976 
768 732 53 51 0.19377561 
743 682 23 23 0.1723378 
75 712 12 22 0.12769152 
977 1161 21 23 0.124795794 
120 880 19 23 0.11455898 
90 764 23 35 0.09481355 
957 1212 38 42 0.09316934 
778 719 42 35 0.09196328 
518 1011 20 25 0.08935273 
831 676 22 33 0.08393221 
390 265 20 23 0.07665482 
204 930 42 71 0.07411474 
731 698 121 120 0.070130385 
388 564 11 12 0.06994823 
677 1021 61 66 0.06730014 
211 774 27 40 0.065231964 
474 746 36 41 0.06511364 
779 617 39 43 0.064507864 
773 469 30 47 0.061738003 
426 930 33 44 0.06088937 
336 922 26 38 0.0573326 
214 801 24 35 0.05637169 
814 608 33 49 0.056069274 
97 842 14 23 0.055748645 
267 840 18 24 0.05332411 
182 819 16 26 0.052964095 
39 958 16 21 0.05231241 
841 686 35 41 0.051583704 
968 760 28 63 0.05127452 
836 191 14 17 0.0483341 
962 577 56 67 0.047807902 
975 913 79 147 0.047661517 
482 481 27 47 0.047155075 
447 368 27 50 0.04680015 
457 881 19 32 0.046749942 
265 770 19 29 0.046087652 
765 261 15 23 0.046000805 
217 764 19 24 0.04435913 
173 809 16 26 0.04388838 
973 184 16 23 0.043776203 
763 580 72 77 0.043552388 
914 1237 16 19 0.043354254 
450 747 30 46 0.0431288 
793 241 19 24 0.042962335 
822 687 35 46 0.04286727 
39 611 14 22 0.0428419 
115 887 28 41 0.042623393 
2 684 15 25 0.042269543 
224 285 32 38 0.041939486 
942 672 41 59 0.041810494 
534 306 18 22 0.041419305 
199 859 19 25 0.0412711 
826 635 33 44 0.04094593 
841 620 32 42 0.04092779 
135 834 21 34 0.04092131 
376 584 68 74 0.04002793 
376 570 13 14 0.039882693 
836 669 16 22 0.039574947 
856 639 13 19 0.03884233 
388 729 48 45 0.038416024 
349 279 20 22 0.03788636 
133 813 17 27 0.037805308 
448 594 60 71 0.037742116 
797 725 41 39 0.037736923 
159 794 21 38 0.03737009 
286 959 16 28 0.036992464 
826 1048 17 33 0.03687562 
692 282 37 45 0.03672081 
750 738 42 44 0.03660257 
983 1138 37 46 0.036263824 
812 582 41 49 0.03611042 
96 937 33 45 0.03592111 
745 48 142 177 0.035769362 
907 190 15 22 0.035570707 
843 216 14 18 0.035547193 
564 318 20 22 0.035027977 
405 919 124 137 0.034454823 
738 479 55 81 0.03437923 
381 570 17 19 0.03276217 
765 756 44 55 0.032441508 
274 848 16 22 0.032056756 
946 584 41 47 0.032002714 
814 715 41 42 0.031837318 
785 708 21 25 0.031663608 
782 217 14 21 0.031540602 
150 792 17 32 0.031341136 
947 238 19 24 0.031193832 
790 583 33 43 0.03110457 
409 304 20 29 0.031049926 
450 923 37 52 0.03080532 
90 877 59 90 0.030646378 
66 715 17 31 0.030439647 
982 908 11 19 0.030264214 
555 416 29 46 0.029934373 
803 625 20 29 0.029644463 
811 663 30 41 0.029441668 
227 777 28 44 0.0294381 
177 304 21 25 0.02934147 
416 548 122 134 0.02907299 
418 722 67 89 0.029039893 
280 709 42 63 0.028837824 
147 838 17 25 0.028749814 
825 579 64 79 0.028666282 
430 253 15 20 0.028436244 
636 572 119 172 0.028272204 
845 916 12 24 0.028108228 
740 620 138 146 0.028062413 
862 683 31 38 0.027926385 
362 817 15 25 0.027756387 
775 715 23 24 0.027428351 
823 633 18 28 0.02732543 
985 921 7 14 0.027184637 
755 704 34 49 0.027142689 
686 1031 25 28 0.027113728 
757 631 70 74 0.027068801 
792 754 21 22 0.02706275 
24 770 40 42 0.026861433 
570 588 32 44 0.026846899 
70 479 12 16 0.026693394 
82 410 31 45 0.026532033 
252 785 26 42 0.02616507 
795 634 19 25 0.026032839 
72 156 166 188 0.025637235 
114 812 28 42 0.02559117 
861 626 31 43 0.025564454 
766 634 36 35 0.025514044 
204 792 22 38 0.025485355 
234 803 25 36 0.025235293 
484 485 15 26 0.025180675 
402 241 15 21 0.025156692 
241 948 26 55 0.025133338 
191 812 16 31 0.02497805 
520 523 29 44 0.024952883 
931 597 33 46 0.024885561 
424 935 67 75 0.024814839 
45 713 18 28 0.024803245 
475 300 28 45 0.02473797 
786 481 14 23 0.024694791 
503 507 32 44 0.024603244 
646 263 17 23 0.024543576 
881 91 35 47 0.024532732 
844 583 34 43 0.024256548 
74 521 28 49 0.02421925 
506 545 28 45 0.024126632 
894 580 29 42 0.024122681 
495 1007 32 48 0.024111336 
816 227 13 16 0.024067339 
784 608 75 77 0.023973158 
370 570 34 43 0.023838544 
467 543 63 82 0.023798821 
801 742 21 22 0.023728993 
777 760 20 22 0.023726955 
784 124 31 41 0.02361058 
449 394 33 54 0.023507684 
180 802 17 28 0.023495069 
104 838 19 29 0.023493836 
440 878 32 51 0.023486422 
531 312 33 45 0.023481166 
523 1170 150 173 0.023396755 
477 735 19 26 0.023386681 
180 98 116 152 0.023383621 
849 632 12 17 0.023217266 
833 655 31 44 0.023203159 
227 810 17 24 0.023139395 
308 314 34 41 0.023102948 
447 747 60 78 0.023066571 
941 159 14 16 0.023051396 
954 1110 31 45 0.022984382 
54 773 51 77 0.022885013 
154 657 14 18 0.022808501 
741 752 19 25 0.022806201 
45 618 15 21 0.022799058 
893 166 17 22 0.022794222 
967 1100 33 45 0.022774529 
863 637 15 21 0.022746678 
431 793 26 38 0.022733761 
877 667 34 46 0.022588849 
776 679 67 73 0.022473045 
575 611 29 41 0.022421036 
371 896 30 39 0.022361908 
870 534 55 63 0.022349248 
912 533 114 132 0.022230078 
800 646 31 41 0.022228008 
766 575 40 41 0.022198787 
115 853 29 44 0.02217215 
835 205 17 22 0.022125363 
563 135 29 52 0.022103716 
886 164 55 72 0.02209687 
54 703 24 37 0.022051578 
807 668 18 21 0.022018144 
460 576 39 53 0.021907462 
819 208 12 15 0.021800524 
416 966 34 49 0.021777855 
551 426 15 24 0.021756293 
796 748 41 38 0.021728545 
540 1194 76 87 0.021683607 
438 277 20 28 0.021671554 
335 861 24 42 0.021541702 
138 772 23 36 0.021541497 
150 809 16 31 0.021405645 
546 595 6 9 0.021369414 
903 1241 32 46 0.021264603 
788 879 11 18 0.021215852 
838 641 12 16 0.021199046 
550 589 7 10 0.021187393 
210 941 18 36 0.02116352 
476 619 17 21 0.021162957 
274 867 16 24 0.02113538 
703 1039 23 27 0.021126993 
153 839 25 38 0.021125032 
273 213 31 46 0.021120567 
211 820 25 37 0.021092633 
143 801 15 26 0.021085855 
490 495 144 181 0.021064468 
453 235 22 39 0.021051528 
334 254 13 17 0.021050943 
375 35 12 17 0.021045852 
32 627 25 43 0.021039221 
305 162 28 41 0.02101832 
72 425 29 47 0.021011239 
855 604 29 44 0.020943902 
179 826 26 40 0.020932266 
936 1099 35 47 0.020922763 
813 0 22 21 0.020902576 
363 784 15 30 0.020896504 
28 783 55 86 0.020891258 
551 319 36 41 0.02085748 
306 923 122 160 0.02085552 
548 591 5 8 0.020834876 
717 538 114 151 0.020780807 
901 255 20 28 0.020701235 
768 726 19 21 0.0206342 
805 714 77 87 0.02062519 
800 221 10 13 0.02062166 
479 183 15 19 0.020542586 
454 657 36 48 0.02053996 
659 594 66 83 0.02042274 
126 811 15 23 0.020384695 
324 270 31 38 0.020271469 
882 635 31 43 0.02026442 
960 161 25 36 0.020228252 
547 578 30 44 0.020218495 
551 410 13 18 0.020144742 
66 399 31 47 0.02014097 
962 1141 34 43 0.020109203 
58 719 31 51 0.02007711 
936 968 107 193 0.020038914 
281 867 110 144 0.020031631 
567 628 38 59 0.020027885 
822 735 22 22 0.020011842 
957 610 32 44 0.020002553 
