7_Cheering_Cheering_7_391
536
709 174 17 22 0.983712 
304 113 44 58 0.7029451 
316 328 11 21 0.68221456 
479 335 14 27 0.61589515 
700 291 15 24 0.60409975 
115 266 23 31 0.57752275 
219 351 19 26 0.5615325 
108 479 47 65 0.47039655 
729 150 6 9 0.46011928 
205 433 47 71 0.41393095 
663 272 12 19 0.39230397 
750 385 41 40 0.37439656 
86 376 42 52 0.34431177 
541 337 12 20 0.32797715 
862 403 55 44 0.31720746 
944 441 33 62 0.2958601 
648 166 12 16 0.29316816 
366 353 17 31 0.29032823 
736 366 21 32 0.27714235 
309 336 17 29 0.26026168 
806 277 29 34 0.25158772 
628 248 12 14 0.24773581 
368 306 10 15 0.24653107 
354 366 18 23 0.22820434 
692 301 17 25 0.21183868 
303 359 19 30 0.1963172 
259 346 13 16 0.18714015 
423 315 10 14 0.16411158 
760 258 12 17 0.16398074 
460 315 10 17 0.1531936 
635 271 12 13 0.15009895 
675 309 22 28 0.14543729 
387 329 9 17 0.12362121 
584 379 23 27 0.121584356 
568 282 11 13 0.12101399 
280 438 11 12 0.120843925 
811 329 10 17 0.118211865 
308 334 11 17 0.11295589 
526 396 99 104 0.112637214 
886 335 13 14 0.11256963 
510 330 19 29 0.10920361 
405 315 12 17 0.10912277 
419 339 11 18 0.106214486 
481 317 8 12 0.10443642 
199 353 26 27 0.104367614 
742 380 27 37 0.10216433 
18 311 9 12 0.09718277 
89 273 24 33 0.09656963 
976 382 11 17 0.09593178 
828 229 11 23 0.09529822 
843 449 100 89 0.095041916 
184 606 119 126 0.09326148 
107 368 23 32 0.090570666 
378 330 20 32 0.084281094 
88 329 18 25 0.08415699 
924 289 84 88 0.08185214 
760 356 45 54 0.07991752 
482 324 17 29 0.078800336 
413 327 12 18 0.07710599 
505 388 39 46 0.07586657 
818 443 39 54 0.0756811 
406 336 20 29 0.07433879 
284 665 102 113 0.07415346 
559 279 12 13 0.074152544 
482 321 10 16 0.07330696 
286 452 12 17 0.06993008 
510 339 10 17 0.06969889 
913 435 74 97 0.069204025 
381 363 17 31 0.06757349 
598 372 12 16 0.06384522 
727 149 4 6 0.06384409 
340 647 74 109 0.063679464 
1012 400 14 15 0.06320192 
188 348 21 25 0.06306707 
658 268 9 12 0.062326092 
373 329 13 19 0.06020757 
726 166 11 13 0.058675658 
5 418 28 39 0.058358993 
556 285 169 179 0.057827976 
607 369 20 27 0.05743749 
526 336 21 27 0.057282668 
291 357 20 30 0.057001002 
21 325 14 16 0.055531196 
57 346 68 99 0.05477406 
444 548 11 16 0.05470094 
551 408 30 39 0.054574296 
725 261 13 16 0.05336281 
356 325 12 18 0.05303273 
399 347 21 32 0.053001385 
662 328 14 17 0.052917395 
689 312 11 18 0.05257103 
968 385 22 28 0.052039966 
453 320 180 160 0.051450036 
500 293 16 23 0.0509018 
465 312 10 14 0.05038049 
387 351 22 33 0.05002176 
961 395 23 33 0.049536128 
504 112 8 9 0.049244415 
736 153 7 6 0.049008347 
270 446 46 60 0.048680477 
809 318 19 30 0.04833626 
897 302 49 60 0.047612373 
795 171 6 6 0.047503676 
338 469 10 13 0.047441583 
92 382 83 90 0.04643524 
98 438 84 87 0.046138808 
856 328 8 12 0.0456279 
776 341 46 54 0.045620125 
595 369 9 11 0.044666156 
957 356 46 48 0.044230163 
26 277 133 175 0.044185475 
560 305 44 43 0.044182472 
470 320 20 33 0.04364104 
137 476 53 61 0.0433393 
210 396 81 98 0.043154296 
672 203 6 8 0.043140195 
-1 588 15 34 0.043052536 
472 344 12 18 0.042783592 
815 345 26 32 0.042745862 
833 416 79 79 0.04126727 
210 428 26 38 0.040951807 
795 129 4 5 0.040518623 
285 443 10 12 0.040450923 
686 263 12 13 0.040444113 
943 234 115 86 0.040364444 
23 332 14 17 0.040346034 
359 196 6 8 0.03941599 
224 364 15 18 0.039201688 
284 454 22 36 0.039132252 
557 247 9 10 0.03871639 
680 293 20 30 0.038498614 
780 264 67 68 0.038268045 
256 249 6 8 0.038251385 
502 323 19 29 0.038145762 
847 335 10 13 0.03795375 
547 206 3 4 0.03788017 
25 342 12 17 0.03785717 
719 395 10 11 0.037786443 
741 152 7 7 0.037258018 
622 283 13 15 0.03723729 
350 159 71 119 0.037184864 
780 272 29 35 0.037046045 
343 480 23 30 0.036867954 
258 358 13 17 0.03681565 
178 380 78 85 0.036805473 
482 333 34 40 0.036804672 
15 309 17 21 0.036803525 
670 158 8 10 0.036576234 
89 246 67 79 0.036419604 
742 149 5 5 0.036314737 
501 279 14 19 0.03629335 
309 117 162 194 0.03625166 
196 404 27 34 0.036069795 
735 698 129 98 0.03606426 
473 166 7 8 0.0360344 
758 85 49 49 0.03587139 
297 454 82 92 0.035710532 
954 464 42 60 0.035679273 
540 207 4 4 0.035496026 
192 726 122 75 0.035313122 
978 363 19 21 0.035293553 
332 461 22 27 0.03528713 
109 399 26 31 0.03512105 
1000 378 12 13 0.034854315 
830 222 9 14 0.0348385 
209 362 26 24 0.03483339 
484 310 19 27 0.034678746 
605 367 11 14 0.03466482 
187 611 28 37 0.034578558 
460 316 18 29 0.034504477 
740 293 34 42 0.034387417 
671 163 9 11 0.033998027 
276 457 14 20 0.033935856 
738 149 5 4 0.03386186 
-3 -134 89 150 0.033787813 
979 368 9 10 0.033602122 
761 215 7 9 0.033216257 
788 361 22 33 0.033141647 
440 315 9 17 0.033112913 
805 364 20 26 0.03308938 
757 291 13 17 0.033043385 
555 383 40 50 0.033021208 
533 223 9 10 0.032952957 
584 314 40 45 0.03292108 
488 338 11 19 0.032728575 
793 322 22 29 0.032506157 
242 427 83 118 0.032424185 
685 604 54 55 0.032421276 
781 392 42 46 0.03233911 
882 333 37 46 0.032149076 
178 536 56 49 0.031959638 
546 202 4 3 0.031848326 
349 479 10 11 0.031751476 
650 285 11 12 0.031712707 
360 333 19 32 0.031668022 
42 224 7 7 0.031615134 
609 357 40 43 0.031525746 
436 497 95 117 0.031464335 
536 242 7 7 0.031373154 
548 335 27 30 0.03128204 
533 319 19 27 0.031263664 
515 341 23 29 0.031243147 
154 498 49 60 0.031237377 
518 206 6 7 0.03123075 
177 456 48 62 0.031164097 
944 252 24 25 0.031101285 
541 201 3 4 0.031095928 
822 329 10 14 0.03078771 
737 409 92 79 0.030733857 
167 582 45 47 0.030686919 
542 537 87 86 0.030680083 
471 311 9 13 0.030419378 
707 399 10 14 0.030391136 
552 302 26 34 0.030269533 
178 391 25 29 0.030247606 
379 357 14 21 0.03020602 
-3 216 29 52 0.030140478 
466 457 44 47 0.030022789 
658 272 80 85 0.029988982 
355 366 35 38 0.029952444 
129 198 38 42 0.029904285 
749 64 46 46 0.029903868 
164 677 115 105 0.029822957 
438 537 23 29 0.029718034 
717 395 21 21 0.029700935 
794 169 5 5 0.029673392 
105 276 26 34 0.029553564 
878 500 76 51 0.029545644 
436 311 8 14 0.02950809 
791 130 3 4 0.029405024 
458 560 9 12 0.029249696 
734 165 8 9 0.029242093 
590 346 81 87 0.029160967 
510 407 53 51 0.02914186 
597 200 6 7 0.029104663 
945 405 43 57 0.029075824 
668 298 20 26 0.029067406 
773 297 29 31 0.029060498 
475 346 23 32 0.028985737 
836 325 19 21 0.028933741 
517 359 72 88 0.028858569 
731 444 48 43 0.028719487 
918 257 44 39 0.02871277 
230 558 113 78 0.028639775 
690 325 365 362 0.02863643 
729 156 7 8 0.028610285 
389 373 18 27 0.028509555 
880 316 17 29 0.028507147 
131 510 47 51 0.02843402 
653 268 18 22 0.028406646 
678 210 6 8 0.028367465 
243 396 25 32 0.02829285 
147 588 87 97 0.028226115 
-11 301 79 108 0.028220423 
32 300 5 7 0.028187998 
139 298 18 29 0.0281722 
57 327 11 17 0.0281413 
600 199 8 7 0.028135935 
273 442 20 28 0.02802231 
1006 278 12 16 0.027984153 
472 584 10 15 0.027971689 
161 462 93 103 0.027948089 
555 271 11 14 0.0279405 
578 206 4 4 0.027893003 
759 245 19 24 0.027821587 
791 307 46 52 0.027805159 
234 362 20 24 0.0276455 
551 205 4 4 0.027637325 
579 360 43 43 0.027599292 
450 303 69 81 0.02756416 
759 260 21 34 0.02756133 
246 373 20 27 0.027247632 
75 315 7 8 0.02724546 
351 327 11 16 0.027202247 
377 428 84 102 0.027121494 
665 736 136 71 0.02711635 
797 309 77 83 0.027002674 
290 467 44 55 0.027000029 
500 307 20 27 0.02698568 
745 279 19 28 0.026977926 
543 316 19 35 0.026960514 
552 202 4 3 0.026899489 
685 280 34 42 0.026882892 
249 417 24 41 0.026876163 
680 278 22 25 0.026854513 
842 486 129 108 0.026757443 
283 440 23 26 0.026607668 
448 360 10 15 0.026532482 
507 235 4 6 0.026407676 
121 347 20 33 0.026387619 
853 355 21 28 0.026347646 
535 218 7 7 0.026243784 
340 349 37 45 0.0262292 
529 236 9 11 0.026201827 
723 158 7 8 0.026193151 
851 318 46 56 0.026160697 
545 238 5 5 0.026111584 
316 458 10 12 0.026038812 
502 125 10 12 0.02603307 
32 305 7 10 0.02601608 
67 276 10 12 0.02598229 
268 354 16 24 0.025971526 
950 256 53 50 0.025938807 
800 438 81 101 0.025877478 
351 311 65 86 0.025822278 
639 183 156 169 0.025701603 
940 372 44 50 0.025596034 
907 264 29 21 0.025587235 
180 131 25 45 0.02558658 
92 445 20 33 0.025542265 
328 717 63 67 0.02553697 
1008 238 11 12 0.025466178 
791 139 6 7 0.025421193 
745 393 14 19 0.025403207 
454 311 10 14 0.025402779 
651 591 48 42 0.02539296 
565 271 20 22 0.025362495 
667 248 5 8 0.025360456 
11 315 9 11 0.025356721 
954 386 14 16 0.025346467 
735 333 24 28 0.025337122 
529 333 39 45 0.025324754 
338 343 18 26 0.025247335 
676 164 7 9 0.02523175 
709 294 17 27 0.025212787 
296 445 23 30 0.025135556 
283 312 67 88 0.025130246 
531 212 6 5 0.025112549 
403 391 25 30 0.025060484 
185 362 25 27 0.025058374 
966 356 24 25 0.025001634 
966 311 60 58 0.024951372 
322 450 23 26 0.024921952 
936 323 104 99 0.024906682 
993 643 25 34 0.024865927 
989 246 30 24 0.024788154 
888 312 91 95 0.02478441 
915 369 45 51 0.024775695 
736 160 7 7 0.024716116 
765 255 39 42 0.02456407 
977 375 11 14 0.024545254 
435 366 20 24 0.024415765 
650 322 20 28 0.024397967 
628 363 14 13 0.024370305 
627 323 15 17 0.024356125 
670 284 21 28 0.024310738 
60 401 41 61 0.024261579 
965 252 25 22 0.024260705 
2 537 82 104 0.024229476 
547 242 44 48 0.02416153 
531 206 4 4 0.024146074 
58 295 6 7 0.024128297 
665 322 25 28 0.024124322 
19 300 6 7 0.024115501 
118 334 20 29 0.024114793 
655 568 103 95 0.02408951 
585 376 13 13 0.024052445 
279 417 22 30 0.023961132 
861 401 28 25 0.023927066 
731 257 12 14 0.023900518 
988 25 13 11 0.023838678 
19 378 19 22 0.023834584 
724 361 60 77 0.023824526 
760 286 27 33 0.023808587 
789 167 5 5 0.023796037 
891 330 21 24 0.023795597 
681 265 22 24 0.02378194 
972 368 10 11 0.023764605 
719 269 72 86 0.023757968 
98 334 11 15 0.023747487 
403 484 41 52 0.023723153 
664 148 20 22 0.023636824 
539 212 4 4 0.023632115 
694 387 21 29 0.023626024 
506 232 5 6 0.023613876 
984 468 53 62 0.023561466 
987 357 26 24 0.023546886 
558 204 5 6 0.023532607 
284 591 57 48 0.023392456 
501 111 5 6 0.023382884 
201 578 26 29 0.023372846 
697 230 11 17 0.023372322 
520 357 25 30 0.023311617 
550 271 10 12 0.023301587 
55 245 7 6 0.023300083 
461 422 95 94 0.023277892 
189 412 12 15 0.02324343 
733 264 11 14 0.023233071 
225 339 20 28 0.023161974 
58 300 6 6 0.023128955 
293 240 7 9 0.023020294 
786 119 22 25 0.022969835 
413 405 43 43 0.022933021 
266 394 81 88 0.022892985 
176 604 25 29 0.022889256 
779 77 58 44 0.022876116 
184 348 12 18 0.022872228 
51 300 6 7 0.022858432 
655 326 6 8 0.02282553 
783 307 30 32 0.022744201 
339 460 6 8 0.022717059 
249 415 7 9 0.022685591 
88 284 42 57 0.02268084 
596 546 90 80 0.022654952 
730 76 47 48 0.022610793 
537 238 6 7 0.022591138 
316 480 13 19 0.02258959 
59 312 6 8 0.022586264 
791 137 4 5 0.022555273 
223 423 27 40 0.02252311 
183 358 12 15 0.022511002 
438 541 12 16 0.02240119 
398 367 19 26 0.022372873 
731 229 21 26 0.022332119 
405 461 93 106 0.022306278 
670 169 9 12 0.02228602 
50 246 8 9 0.022275569 
63 307 7 8 0.022271095 
823 238 18 34 0.022228636 
805 334 9 15 0.022190487 
248 619 120 102 0.02218814 
570 284 22 22 0.022141611 
256 388 21 32 0.022098815 
26 298 6 8 0.022030313 
676 368 22 27 0.021975124 
170 337 69 91 0.021954006 
536 270 12 15 0.021938471 
488 352 20 29 0.021914603 
489 324 72 80 0.021906856 
816 360 13 21 0.021876656 
856 334 19 26 0.021868555 
616 353 21 22 0.021861285 
596 203 6 7 0.021846056 
595 331 38 49 0.021829952 
450 546 24 27 0.021779068 
794 137 5 5 0.02173859 
474 672 117 110 0.02169761 
225 404 24 33 0.021658536 
954 338 31 36 0.021613566 
290 445 10 12 0.02156849 
290 502 44 54 0.021534642 
487 607 9 12 0.021526877 
822 328 21 25 0.021523558 
77 245 5 5 0.021495394 
815 297 14 16 0.021487864 
860 324 10 11 0.021481162 
528 319 13 19 0.021453753 
410 314 16 20 0.0214527 
606 205 7 6 0.021428498 
985 388 21 30 0.021397997 
638 613 50 42 0.021364212 
830 336 8 10 0.02136191 
60 418 79 106 0.021360753 
843 349 81 88 0.021321183 
243 334 10 14 0.021293938 
558 350 26 27 0.021239653 
232 443 46 64 0.02115904 
841 333 19 26 0.02115354 
768 360 170 173 0.021143146 
86 340 23 33 0.021111676 
600 204 8 7 0.021107199 
621 234 35 39 0.021090247 
999 405 22 26 0.021089338 
974 647 24 32 0.021060506 
824 281 22 30 0.021057645 
65 306 22 26 0.021052692 
12 575 40 60 0.02104822 
739 176 12 13 0.021035783 
969 374 12 13 0.021032711 
27 402 40 55 0.021031873 
317 617 170 172 0.021026364 
351 380 49 54 0.020983715 
727 145 3 3 0.02098299 
277 354 19 27 0.02097779 
840 292 46 61 0.020976365 
188 417 29 35 0.020958517 
676 160 6 8 0.02094357 
86 313 27 30 0.020934783 
607 198 7 8 0.020931162 
374 345 14 24 0.020880872 
748 230 23 28 0.020878784 
503 310 40 45 0.02087055 
496 333 10 15 0.020868115 
396 313 16 23 0.02085793 
802 130 4 4 0.020852638 
93 344 12 17 0.020849748 
646 320 39 49 0.02083351 
859 304 19 25 0.020818874 
578 193 4 5 0.020816956 
827 350 10 13 0.020793155 
105 207 42 51 0.02077331 
575 444 64 55 0.020762082 
866 406 16 14 0.020754842 
55 489 87 103 0.020728657 
633 405 43 49 0.020725124 
735 77 93 89 0.020703115 
171 533 106 90 0.020671973 
324 477 30 37 0.020670995 
725 378 21 26 0.020652644 
631 266 13 13 0.020642268 
306 400 22 31 0.0206115 
342 475 11 14 0.020600073 
864 310 7 9 0.020599814 
512 201 5 4 0.0205995 
507 277 12 14 0.020595826 
63 295 6 6 0.020590104 
717 167 16 22 0.020550998 
240 519 43 52 0.020548988 
202 381 23 29 0.020542217 
866 330 19 26 0.020533197 
831 331 8 10 0.020532526 
912 277 13 13 0.020527458 
986 262 54 54 0.02052204 
68 308 8 7 0.020512147 
166 424 49 57 0.020504208 
348 333 17 27 0.020473091 
817 408 49 59 0.020461744 
822 285 42 52 0.020445231 
779 250 20 21 0.020364635 
508 484 105 106 0.020363037 
1003 234 23 25 0.020323947 
540 252 9 11 0.020307446 
313 487 23 35 0.020305462 
990 709 9 9 0.020299492 
9 329 11 15 0.020294055 
877 400 73 89 0.02027797 
424 346 18 25 0.020263433 
530 244 20 24 0.020198636 
87 324 12 15 0.020185191 
2 457 90 128 0.020128382 
866 309 21 26 0.020116016 
63 317 8 10 0.020093651 
445 313 10 17 0.020061728 
689 289 13 17 0.020052131 
997 392 22 26 0.02005031 
118 407 12 14 0.020038737 
