23_Shoppers_Shoppers_23_60
758
392 583 16 23 0.964363 
273 548 12 21 0.8263333 
146 511 23 32 0.5626986 
209 553 12 19 0.46361408 
516 588 9 13 0.37770206 
504 588 9 13 0.3705837 
77 575 88 112 0.2857831 
102 514 21 22 0.22866438 
661 614 5 9 0.20395969 
671 599 8 12 0.18716206 
565 581 8 11 0.17723997 
664 612 6 10 0.14130035 
717 616 7 10 0.13878874 
694 607 9 10 0.13843013 
512 658 6 9 0.13446073 
475 602 16 27 0.1324 
214 552 17 24 0.13232069 
711 607 6 8 0.1274341 
515 612 5 11 0.12593776 
522 588 8 11 0.11540024 
743 608 6 9 0.10996319 
563 577 8 9 0.10718319 
652 598 6 9 0.105863936 
579 645 8 14 0.09949072 
611 512 4 7 0.0989683 
117 806 15 16 0.09783764 
665 629 6 9 0.0958053 
90 519 97 101 0.09412732 
672 605 8 12 0.09353029 
654 614 6 9 0.09351237 
611 509 4 6 0.08914673 
-2 664 20 45 0.08479857 
128 514 20 27 0.08390487 
139 511 11 17 0.08353867 
652 588 6 9 0.08287407 
203 568 10 13 0.082864255 
491 587 7 13 0.08179427 
187 599 13 21 0.08157843 
715 610 7 8 0.081362836 
623 679 5 8 0.08133768 
899 514 5 7 0.08132136 
672 614 6 10 0.08098175 
74 803 5 7 0.080920376 
658 602 6 8 0.07953021 
478 591 10 19 0.07817204 
705 609 6 8 0.07572469 
260 545 18 25 0.071956985 
579 574 10 14 0.07091869 
647 587 7 11 0.07070344 
713 616 6 8 0.07004843 
676 603 6 8 0.06918979 
117 504 46 43 0.06870965 
676 608 6 8 0.06842439 
672 591 5 9 0.06645237 
622 573 20 28 0.06645116 
679 647 7 13 0.06527814 
466 491 7 19 0.06513624 
723 615 7 9 0.063574076 
666 598 16 24 0.060254816 
534 415 353 408 0.060200553 
558 577 8 9 0.059634585 
228 636 65 87 0.05909416 
648 596 6 10 0.058619298 
215 544 12 18 0.057903882 
848 465 18 24 0.057412736 
608 631 7 11 0.05680194 
543 575 7 10 0.056598574 
672 634 6 9 0.056578565 
233 554 12 17 0.056350563 
659 598 4 7 0.055926096 
135 541 22 38 0.054385852 
498 587 9 14 0.054337516 
610 504 3 4 0.05423543 
257 715 6 15 0.05361803 
137 523 24 34 0.052414194 
487 399 47 58 0.051541336 
624 576 11 13 0.051280655 
58 770 6 10 0.051008765 
162 600 35 57 0.050993234 
779 613 7 9 0.05075174 
672 585 4 6 0.050638016 
649 659 9 11 0.05052412 
663 630 4 5 0.050475292 
800 636 5 8 0.04992133 
800 640 5 11 0.049917348 
677 617 6 8 0.049248856 
556 581 9 12 0.04910372 
734 581 6 9 0.049017016 
554 576 19 22 0.04891309 
640 573 22 28 0.048806284 
647 608 19 28 0.048737284 
170 626 18 32 0.048549782 
560 699 4 5 0.047752056 
727 615 6 8 0.04732259 
139 558 21 40 0.046791896 
127 522 12 16 0.046762053 
901 513 6 8 0.04655572 
115 547 25 38 0.046551127 
531 537 5 11 0.046274006 
182 577 37 52 0.046085402 
157 542 10 17 0.045925718 
81 452 89 125 0.04589402 
630 578 10 13 0.045784194 
658 590 5 8 0.045716904 
228 597 29 40 0.04553479 
829 533 4 8 0.044767875 
226 654 4 6 0.0440901 
625 679 6 9 0.043588273 
658 584 5 8 0.04345227 
671 629 7 10 0.043176614 
145 511 12 17 0.0428606 
114 737 6 9 0.04253718 
222 544 10 15 0.042366367 
708 608 17 25 0.042356484 
198 612 20 30 0.042328212 
598 516 4 5 0.041866377 
559 712 4 7 0.041771322 
267 558 12 17 0.041647162 
660 620 5 8 0.041556265 
560 695 4 6 0.04150423 
876 631 6 6 0.04122179 
83 726 5 7 0.04117095 
529 493 8 15 0.040974755 
150 527 21 34 0.040661875 
195 581 12 14 0.040628094 
671 458 94 119 0.040542077 
831 530 8 10 0.04052731 
122 570 6 9 0.040065043 
511 591 10 14 0.03998731 
776 607 7 13 0.03997088 
736 609 6 7 0.039822888 
563 694 4 7 0.039769743 
223 542 20 26 0.039709236 
801 436 88 112 0.03959124 
689 580 2 4 0.039426085 
669 577 5 8 0.039321914 
157 524 11 17 0.039124046 
466 594 17 26 0.038863633 
541 576 5 8 0.03883751 
683 580 2 5 0.03872402 
190 588 10 17 0.038704455 
604 515 4 6 0.038294535 
778 592 7 14 0.03829295 
631 607 39 52 0.03814177 
132 560 8 16 0.03803555 
270 675 8 8 0.03781537 
669 598 5 8 0.037586704 
395 603 11 15 0.037549447 
689 575 2 3 0.037396032 
560 708 3 6 0.03737323 
732 610 5 6 0.0373082 
807 437 8 14 0.037276212 
662 636 4 6 0.03723811 
581 663 6 11 0.037202742 
669 561 7 12 0.036907848 
101 513 12 13 0.036784306 
647 594 16 23 0.03677259 
837 457 10 13 0.03655639 
518 533 38 52 0.03622022 
597 511 4 4 0.036216196 
623 685 5 7 0.03620012 
701 580 2 4 0.03615229 
139 562 65 107 0.03613152 
660 607 15 22 0.03612382 
466 389 45 53 0.03608182 
702 568 2 4 0.036046337 
92 702 23 32 0.036028095 
199 597 13 19 0.035969082 
482 607 18 27 0.03592077 
80 741 5 11 0.035715695 
465 648 22 28 0.035678256 
534 604 4 6 0.035657216 
673 620 7 9 0.03556678 
694 575 2 2 0.03551943 
549 571 6 8 0.035267495 
93 505 46 48 0.03525374 
735 642 10 8 0.034987967 
742 582 5 7 0.0349457 
79 726 4 7 0.03493415 
605 607 7 11 0.034920335 
890 456 5 7 0.034898967 
519 488 17 31 0.034693833 
185 530 72 96 0.034617245 
83 729 5 9 0.03458843 
272 675 11 12 0.034520376 
688 585 2 5 0.034508362 
701 575 2 3 0.034483887 
534 569 17 26 0.034479942 
884 631 5 5 0.03444747 
623 631 41 51 0.03436841 
184 722 7 14 0.034313887 
515 578 19 26 0.034185894 
706 574 3 4 0.03405879 
527 555 39 52 0.03388923 
733 572 5 7 0.033876203 
207 549 37 47 0.033790395 
512 584 8 11 0.033774145 
594 717 6 6 0.03374468 
623 669 4 5 0.033739023 
639 614 6 9 0.03369312 
644 397 114 96 0.03349983 
884 638 4 4 0.03343553 
102 539 155 186 0.033394847 
706 580 3 4 0.033383645 
502 543 38 64 0.033210553 
622 676 5 6 0.033205524 
584 686 5 7 0.033153553 
206 609 11 16 0.0330487 
227 652 3 5 0.03304092 
520 734 4 4 0.03303479 
655 619 5 8 0.033026505 
499 588 36 51 0.032755047 
169 559 18 30 0.032737352 
694 580 3 4 0.03267377 
215 653 7 8 0.032617003 
601 519 6 7 0.03260317 
647 608 6 10 0.032459594 
573 522 2 4 0.032333795 
117 803 6 7 0.032322444 
513 410 24 35 0.032297086 
535 419 24 33 0.032210775 
260 548 32 45 0.032205798 
140 555 9 17 0.03214901 
627 685 5 8 0.03214187 
655 630 4 7 0.032120492 
677 599 5 8 0.032049928 
682 586 2 4 0.0319235 
798 437 4 8 0.03182138 
779 584 5 12 0.03181397 
904 453 5 9 0.031775627 
517 533 7 16 0.031725127 
615 669 5 5 0.0315484 
891 630 6 5 0.0315337 
151 504 12 15 0.03132257 
606 509 3 5 0.03101669 
604 626 17 22 0.030983917 
891 480 6 10 0.030938128 
189 579 19 30 0.03084964 
609 639 6 8 0.03083691 
876 624 6 5 0.030763457 
631 592 10 13 0.030754052 
642 681 5 6 0.030615665 
778 576 6 12 0.030575112 
695 604 19 25 0.030523071 
122 562 6 10 0.030396946 
637 581 9 14 0.030308986 
147 575 20 33 0.030173074 
669 584 4 7 0.030172309 
607 504 3 4 0.030073859 
121 531 51 57 0.030060396 
217 573 9 14 0.03003495 
800 439 5 11 0.029960167 
646 685 6 8 0.029926687 
517 620 5 12 0.029897422 
614 642 5 7 0.029872365 
236 535 73 92 0.029793149 
60 767 99 102 0.029755076 
458 590 11 17 0.029699918 
565 682 4 6 0.029697927 
420 634 12 16 0.029658748 
878 636 5 4 0.029509299 
670 568 6 11 0.02948964 
590 622 38 45 0.029436192 
278 543 9 18 0.029392758 
883 642 6 6 0.029346792 
689 610 4 6 0.029304443 
284 673 9 11 0.029274505 
503 600 17 27 0.029209498 
778 570 5 10 0.029181737 
733 647 10 11 0.029150914 
615 508 4 6 0.029107006 
893 508 3 5 0.029076941 
204 604 39 56 0.02907092 
546 572 6 9 0.028958064 
702 586 2 4 0.028941553 
640 596 7 10 0.028931625 
515 594 10 18 0.02881529 
462 619 37 51 0.028803816 
635 655 5 6 0.028747406 
268 667 24 25 0.028738346 
157 550 10 19 0.028736303 
465 586 10 16 0.028716866 
797 441 5 9 0.028684873 
98 794 5 8 0.028648242 
99 790 4 7 0.0285893 
583 705 5 7 0.02856519 
608 604 6 8 0.028499698 
694 570 2 2 0.028417649 
584 694 4 6 0.028415201 
682 575 2 3 0.028410524 
231 650 3 5 0.028398247 
628 615 21 30 0.028297944 
775 624 4 6 0.028266909 
563 698 4 7 0.028241657 
117 527 13 16 0.028179465 
131 533 12 16 0.028120691 
863 584 6 8 0.028023068 
220 570 20 29 0.027961373 
539 605 20 33 0.027916966 
146 568 8 14 0.027863406 
816 490 49 65 0.02785776 
922 663 4 4 0.027852286 
704 605 6 7 0.027823482 
55 766 3 5 0.027808731 
506 420 44 56 0.027803252 
493 486 39 55 0.0277414 
712 579 3 5 0.027702214 
916 625 4 4 0.027676178 
155 606 11 17 0.027670732 
116 515 12 15 0.027627343 
820 527 4 6 0.027621612 
646 675 6 8 0.027620224 
606 622 6 10 0.027585164 
799 404 5 8 0.027576305 
149 572 11 21 0.027564147 
100 719 11 15 0.027426075 
803 432 15 25 0.027424501 
555 570 44 49 0.027408237 
90 736 6 9 0.027383357 
526 734 4 3 0.027372401 
116 743 5 7 0.027354458 
604 604 5 7 0.027344687 
534 728 3 3 0.027314447 
923 658 3 3 0.027266497 
527 546 17 32 0.027259868 
518 642 7 14 0.027237121 
584 373 5 8 0.027196802 
706 567 3 4 0.027142098 
613 662 6 6 0.027136495 
138 528 11 16 0.027090302 
597 484 3 4 0.027014641 
800 130 51 50 0.026914002 
106 507 10 10 0.026884569 
584 379 4 7 0.026874986 
601 642 5 7 0.026869569 
803 660 4 7 0.02682434 
801 477 5 9 0.026805917 
776 547 4 8 0.026723105 
263 599 27 32 0.026722424 
899 510 3 5 0.026711315 
572 529 3 4 0.02662386 
501 579 16 24 0.026608458 
733 568 3 4 0.026561886 
807 424 5 9 0.02654324 
676 635 6 8 0.026532853 
190 564 19 27 0.026528327 
117 751 4 6 0.026427114 
131 809 8 8 0.026364135 
100 730 8 11 0.026362367 
594 570 28 23 0.026294854 
-7 522 285 403 0.026290264 
475 474 74 113 0.026270496 
626 590 10 14 0.026259106 
207 586 21 30 0.026257236 
565 687 4 6 0.026243698 
246 574 20 27 0.026208213 
198 612 10 13 0.02617191 
79 784 3 5 0.02616761 
823 458 9 11 0.026163455 
573 643 17 25 0.026162969 
551 581 8 11 0.026149971 
770 421 10 15 0.026143197 
527 730 3 3 0.026143087 
629 655 5 6 0.026141044 
731 606 4 5 0.026138317 
883 456 5 9 0.026137965 
950 596 123 81 0.026133329 
808 430 6 12 0.02609835 
494 513 40 62 0.0260686 
59 766 4 6 0.026058417 
100 784 3 6 0.026042186 
802 484 5 11 0.026030606 
576 486 86 105 0.026010927 
565 572 18 20 0.025986293 
559 717 5 8 0.02597407 
256 548 10 17 0.025953578 
642 685 5 7 0.025932582 
579 642 6 9 0.025926499 
844 479 7 10 0.025913816 
292 663 3 5 0.02590866 
250 713 14 27 0.025907563 
590 379 5 7 0.025887787 
110 782 4 6 0.025881223 
822 407 17 26 0.025791815 
259 674 21 33 0.025789334 
904 520 4 6 0.02577805 
831 458 8 12 0.025770836 
101 795 5 7 0.025770398 
762 352 25 29 0.025741652 
539 572 5 9 0.025718242 
559 573 6 7 0.025688037 
877 585 4 6 0.025669726 
596 379 6 7 0.025664767 
584 543 50 58 0.02564266 
812 430 5 9 0.025596485 
-6 -99 106 152 0.025578504 
741 401 25 37 0.025541348 
508 735 3 3 0.025514057 
828 529 4 6 0.025482569 
556 -5 498 357 0.025480075 
295 663 5 6 0.025445549 
584 366 5 8 0.025418796 
54 770 4 7 0.025376925 
898 411 4 8 0.025372166 
537 660 5 9 0.025347883 
482 599 10 18 0.025316855 
290 628 5 9 0.025307002 
134 544 7 11 0.025301896 
891 612 5 5 0.025282664 
516 734 3 3 0.025271574 
778 566 4 8 0.025270483 
152 542 9 15 0.025269402 
783 411 4 8 0.025264878 
610 520 5 8 0.025237987 
726 547 494 342 0.025210127 
769 508 4 7 0.025198126 
266 538 11 14 0.025158884 
642 675 6 8 0.02513131 
596 519 7 8 0.025114067 
687 605 4 6 0.025077626 
617 504 4 5 0.025059858 
127 544 7 12 0.02490735 
596 366 5 8 0.024882063 
629 661 6 8 0.024881959 
104 556 26 43 0.024846083 
681 592 2 5 0.024844386 
73 798 4 6 0.02483837 
604 628 7 10 0.024777872 
567 523 3 4 0.024759617 
771 623 4 6 0.024756543 
778 601 7 14 0.024723964 
481 584 14 24 0.02469871 
128 568 7 11 0.024567593 
477 474 39 54 0.024501426 
233 668 4 6 0.024446113 
922 669 5 5 0.024438024 
531 597 5 8 0.024392962 
153 591 22 35 0.024390602 
688 568 2 3 0.024361633 
908 454 5 9 0.024335546 
95 520 21 27 0.024300037 
622 605 20 28 0.02428935 
110 524 14 17 0.024283083 
111 502 23 30 0.02427645 
593 728 10 11 0.02426055 
238 673 21 33 0.024212303 
232 644 4 6 0.024200425 
126 534 10 15 0.024181888 
177 598 8 14 0.024178604 
622 650 5 6 0.024173515 
590 373 5 8 0.02409938 
760 130 53 51 0.024089409 
835 457 18 27 0.024071697 
263 674 6 8 0.024067303 
879 116 48 53 0.024049921 
909 514 5 7 0.024026869 
128 562 7 12 0.02401101 
628 583 39 49 0.024005434 
782 503 44 60 0.023999235 
731 463 6 6 0.023987887 
861 622 3 5 0.023944935 
862 606 3 5 0.023912348 
122 576 5 11 0.023893047 
539 564 95 99 0.023887709 
872 635 5 5 0.02385272 
628 665 7 9 0.023843598 
468 612 22 33 0.023818735 
585 385 3 7 0.023794727 
806 551 5 10 0.02378737 
265 679 5 8 0.023772215 
842 464 10 15 0.023765335 
872 586 6 6 0.023744976 
597 642 5 7 0.023710556 
814 394 18 26 0.023707245 
860 637 4 6 0.023660121 
78 797 3 6 0.023654366 
521 535 18 32 0.02364706 
803 625 2 4 0.023645898 
551 418 6 7 0.023636483 
665 622 6 9 0.023632536 
468 482 4 10 0.023601465 
864 623 5 6 0.023592632 
602 588 43 51 0.023575034 
892 502 4 6 0.023533285 
131 749 4 8 0.023527706 
226 556 20 28 0.023524953 
602 379 6 7 0.023498552 
725 612 5 6 0.023494538 
507 676 6 11 0.023491833 
522 505 81 100 0.023478765 
578 660 7 11 0.02347281 
406 587 10 14 0.023436952 
878 77 50 53 0.023416795 
592 515 3 6 0.023379521 
533 416 5 10 0.023324208 
801 410 5 8 0.023303792 
786 384 6 10 0.023303626 
826 116 51 53 0.023296904 
865 636 4 6 0.023284005 
772 582 15 30 0.023281643 
245 612 27 38 0.02327273 
542 263 94 109 0.023257563 
659 642 5 8 0.02323777 
866 612 4 5 0.023234924 
885 611 6 6 0.023225056 
79 756 4 9 0.023210065 
712 575 3 4 0.023208663 
389 613 8 14 0.023205955 
233 546 10 12 0.023180064 
891 637 5 5 0.023115993 
644 570 35 49 0.023114715 
163 542 18 30 0.023100786 
602 366 6 8 0.02308785 
574 589 8 10 0.023072662 
141 575 7 13 0.023062957 
871 624 6 6 0.023062404 
819 522 5 6 0.0230397 
529 541 8 16 0.023038793 
514 458 20 28 0.023017231 
596 715 4 5 0.023013031 
471 267 97 138 0.02301292 
0 404 62 185 0.022972329 
890 641 7 7 0.02296165 
367 648 11 19 0.022961387 
745 641 9 8 0.022952499 
688 591 3 5 0.022951348 
108 774 6 9 0.022914132 
546 695 5 7 0.022899998 
505 395 25 36 0.022898968 
506 383 52 63 0.022896387 
534 723 3 3 0.02287582 
602 708 4 5 0.022843812 
736 65 52 54 0.022822322 
636 614 6 9 0.022815574 
694 586 2 4 0.022810671 
524 588 40 55 0.022807747 
97 724 7 11 0.022758387 
465 478 16 36 0.022745872 
595 654 5 7 0.02269708 
604 484 4 4 0.022690697 
532 410 6 9 0.022681251 
613 596 7 10 0.022681125 
769 617 4 7 0.02266951 
454 426 24 34 0.022661695 
608 525 6 8 0.022624388 
596 373 6 8 0.022617806 
609 649 5 6 0.022609698 
278 587 20 31 0.022606215 
472 610 12 18 0.022580087 
128 674 6 8 0.022543734 
875 591 6 6 0.022522507 
636 598 18 28 0.022502588 
241 673 7 9 0.02249328 
535 611 3 7 0.022473903 
104 527 28 35 0.022466196 
796 624 4 4 0.022462282 
575 578 10 13 0.022405274 
731 383 21 28 0.022356333 
42 523 39 62 0.022342265 
499 487 17 34 0.022328692 
41 514 90 114 0.022323962 
128 551 7 11 0.022322176 
815 532 47 70 0.022314588 
99 777 4 6 0.022307808 
75 806 6 7 0.02229607 
209 589 71 94 0.022290016 
512 606 14 25 0.022289885 
729 573 18 26 0.022288805 
525 403 22 36 0.022237787 
471 415 74 105 0.022236707 
736 615 7 8 0.022214007 
667 640 5 8 0.022190344 
103 783 5 6 0.022186963 
509 740 4 4 0.02218622 
120 743 6 9 0.022181228 
590 565 7 8 0.022175768 
392 592 21 29 0.022170352 
145 542 11 16 0.022168564 
713 414 49 66 0.022152876 
654 619 20 28 0.022151815 
530 600 16 32 0.02213963 
78 790 4 7 0.022139233 
552 424 5 7 0.022139015 
913 654 143 102 0.022138376 
634 680 6 7 0.022117915 
623 694 4 6 0.022109848 
578 528 3 4 0.022095641 
616 478 5 4 0.022084704 
251 716 4 11 0.022081604 
679 643 6 9 0.022067264 
646 529 84 109 0.022057597 
183 611 20 31 0.022049507 
911 412 3 6 0.022043139 
451 480 4 8 0.02203426 
172 581 20 30 0.02203056 
122 750 5 7 0.022017093 
898 599 5 5 0.02201573 
514 516 17 31 0.022014765 
523 408 8 11 0.022010494 
897 416 6 9 0.02198998 
585 502 3 5 0.021960234 
602 407 4 6 0.02191577 
610 604 20 27 0.021905547 
667 589 5 7 0.02190266 
455 470 6 13 0.02189875 
725 522 4 6 0.021862363 
813 65 52 54 0.021848401 
168 373 6 7 0.0218462 
208 570 12 17 0.021791872 
910 579 4 5 0.021780562 
828 464 18 27 0.021756286 
536 564 6 10 0.021752529 
647 681 5 6 0.021729985 
591 585 19 24 0.021724997 
168 386 6 7 0.021692509 
628 650 4 5 0.021676961 
782 623 5 6 0.02165058 
841 589 5 12 0.021629803 
168 380 6 7 0.021624375 
568 528 3 5 0.02161621 
79 749 4 9 0.021602057 
153 554 8 14 0.02160009 
250 685 6 9 0.021594055 
590 385 5 7 0.021559756 
636 644 4 5 0.021558583 
889 617 6 5 0.021552004 
621 503 5 5 0.0215483 
854 523 3 4 0.021529492 
789 624 4 5 0.021504654 
597 433 113 117 0.021467911 
706 585 3 5 0.021467105 
898 404 5 8 0.0214615 
146 526 12 16 0.02145971 
608 674 6 6 0.021445194 
697 65 53 54 0.021444965 
774 64 53 55 0.02143387 
592 413 3 5 0.021392442 
78 720 4 6 0.021384967 
559 515 4 5 0.021368846 
544 416 6 10 0.02136115 
97 731 7 10 0.02135622 
602 400 5 5 0.021335717 
395 580 10 14 0.021321885 
558 527 4 6 0.021318998 
885 540 40 58 0.021315658 
897 605 6 5 0.021312868 
750 482 21 39 0.021311197 
592 407 3 5 0.021310132 
140 542 9 14 0.02128591 
616 674 4 6 0.021280032 
289 620 5 9 0.02126368 
911 425 3 6 0.02123706 
118 797 4 5 0.02121711 
208 603 9 13 0.021211287 
838 471 9 13 0.0212066 
897 583 6 7 0.02119724 
845 589 5 11 0.021186598 
611 582 10 12 0.02116812 
284 548 11 18 0.021151196 
60 791 4 5 0.02115002 
591 509 4 6 0.021146197 
825 401 7 11 0.021138892 
602 385 6 7 0.021135472 
281 608 21 37 0.021123825 
800 89 52 55 0.021117317 
573 503 3 5 0.021114614 
227 645 3 4 0.021103205 
163 598 9 15 0.021099355 
635 634 5 7 0.02107718 
851 65 52 54 0.021059258 
787 616 5 6 0.021028223 
496 662 19 25 0.021007009 
590 366 5 8 0.020997742 
860 631 4 5 0.020993097 
231 656 3 5 0.020967323 
578 619 20 27 0.020958692 
891 600 4 4 0.020946767 
716 566 41 51 0.020943565 
231 662 4 5 0.020851899 
753 500 37 62 0.020851392 
798 642 4 7 0.020840432 
622 496 5 5 0.02081407 
473 587 9 16 0.0208007 
544 423 6 9 0.020792793 
746 607 7 12 0.020776736 
786 641 6 9 0.020774417 
599 728 6 7 0.02077103 
134 748 5 9 0.020746484 
852 590 4 7 0.020742819 
131 758 5 7 0.02070998 
616 405 4 7 0.02070296 
896 661 6 6 0.020678502 
226 710 5 9 0.020676825 
116 783 4 5 0.020647531 
668 528 4 6 0.020628791 
720 573 3 5 0.020610703 
811 511 22 30 0.020575717 
735 512 40 66 0.020556737 
897 656 6 6 0.02055065 
610 406 4 6 0.020542972 
504 450 21 31 0.020530138 
775 390 42 55 0.020513883 
861 616 3 6 0.020510856 
538 665 5 8 0.020510491 
622 595 7 10 0.020480413 
97 541 27 32 0.020462144 
451 474 4 8 0.020452326 
898 422 5 9 0.020433392 
348 85 4 8 0.020430233 
73 784 3 6 0.020401234 
610 598 6 6 0.020383125 
-8 52 60 148 0.020379344 
347 79 3 7 0.020369291 
911 419 3 6 0.020364 
531 739 6 6 0.020355256 
148 662 5 7 0.020344798 
821 533 4 8 0.020324623 
796 404 5 8 0.020315576 
763 411 20 32 0.020307539 
743 676 5 5 0.020284927 
909 519 4 6 0.020278014 
276 562 21 31 0.020265335 
13 518 34 82 0.020257603 
556 606 21 27 0.020251071 
310 46 95 110 0.020249099 
180 553 21 29 0.020236488 
777 552 3 7 0.02023636 
242 591 26 32 0.02022948 
72 706 4 7 0.020214316 
910 406 4 6 0.020214211 
559 521 4 6 0.020214032 
737 606 5 5 0.020205304 
543 586 8 12 0.020203466 
63 781 5 8 0.020197622 
102 790 5 6 0.020196091 
917 656 5 5 0.020190848 
634 659 7 9 0.020189766 
602 714 4 5 0.020185152 
642 635 20 26 0.02018332 
720 618 8 10 0.020179752 
349 89 4 11 0.020177245 
876 455 9 12 0.020166036 
70 511 38 52 0.02016561 
671 52 54 54 0.020161698 
525 534 6 13 0.020158317 
875 450 17 26 0.02014949 
903 405 5 6 0.020123145 
761 89 53 55 0.020115353 
851 462 10 12 0.020112053 
565 727 4 4 0.020086786 
192 583 9 13 0.020084755 
691 611 9 12 0.020080788 
584 702 5 6 0.02007286 
573 508 3 5 0.020067109 
909 655 6 5 0.020047463 
878 399 20 30 0.020041902 
295 665 6 9 0.02003811 
609 477 5 4 0.020007217 
