59_peopledrivingcar_peopledrivingcar_59_928
21
450 162 115 160 0.9996817 
557 583 178 211 0.6846235 
822 728 125 153 0.18513153 
296 442 197 265 0.115775436 
242 222 322 451 0.101007454 
439 25 341 429 0.082746655 
417 497 114 107 0.0725151 
491 467 102 77 0.066527694 
484 468 325 433 0.05979137 
652 524 311 504 0.056729 
652 142 328 421 0.038220022 
368 536 131 124 0.03726041 
550 197 73 114 0.03385026 
962 1076 7 8 0.033184033 
309 266 20 28 0.0327161 
79 588 162 290 0.026393862 
708 304 45 64 0.025905838 
370 136 146 198 0.021608084 
936 1076 7 8 0.021436155 
232 82 222 314 0.020179162 
447 431 178 188 0.020100787 
