59_peopledrivingcar_peopledrivingcar_59_244
20
404 151 207 317 0.9971528 
648 981 57 64 0.98813885 
556 958 52 63 0.9660354 
333 959 51 75 0.9519288 
60 1014 39 65 0.05721987 
943 1245 19 25 0.049576014 
915 1224 7 12 0.040691867 
74 1261 11 26 0.031466827 
730 800 60 70 0.027989432 
61 824 122 168 0.025197493 
66 1503 60 76 0.024039544 
906 1226 6 10 0.022644391 
19 859 106 161 0.022031525 
703 1440 4 8 0.021936568 
119 803 69 77 0.021881247 
156 1167 6 9 0.021542836 
300 89 28 63 0.020942548 
426 983 64 72 0.020736242 
154 1159 7 10 0.020312248 
714 794 130 145 0.020012328 
