10_People_Marching_People_Marching_2_498
385
27 16 23 25 0.9998374 
953 544 23 32 0.99814296 
785 545 24 23 0.99811304 
772 134 22 26 0.99806076 
70 147 21 26 0.9979254 
412 585 25 26 0.99766195 
190 30 24 23 0.996863 
609 131 23 22 0.99637884 
346 421 26 25 0.99408734 
543 7 23 23 0.99332047 
164 423 21 27 0.9930696 
835 275 20 28 0.99061126 
722 423 22 20 0.98945475 
1003 277 22 24 0.988555 
895 418 19 28 0.9885173 
362 30 22 26 0.9875323 
705 1 19 23 0.986616 
36 617 27 21 0.9629046 
117 270 21 26 0.9571135 
239 140 25 21 0.95590574 
943 129 24 23 0.9473377 
664 285 25 22 0.8707087 
289 290 26 21 0.86736697 
574 596 17 31 0.8238723 
61 31 27 31 0.7282893 
876 14 21 22 0.5136899 
885 84 18 23 0.44735593 
292 0 15 13 0.42276034 
650 10 20 16 0.33409372 
958 171 26 25 0.32220763 
691 461 15 20 0.2998833 
350 398 19 23 0.29057303 
310 314 28 30 0.28492606 
910 65 12 18 0.28161085 
96 180 20 22 0.2772654 
164 61 18 27 0.24706651 
126 300 17 23 0.24139331 
841 64 18 28 0.23207696 
0 458 16 24 0.22075783 
92 319 14 19 0.21382469 
212 593 27 28 0.21316026 
544 461 20 23 0.21145643 
538 439 25 28 0.21058358 
946 112 13 11 0.19797286 
759 38 17 24 0.19640063 
20 483 16 16 0.18051656 
802 173 18 21 0.17967059 
0 51 24 30 0.17833292 
442 329 18 25 0.17500396 
193 470 23 34 0.17271161 
807 308 18 27 0.15637004 
600 0 19 24 0.15500313 
351 457 22 27 0.15229397 
287 265 25 24 0.15154319 
200 634 60 49 0.14781137 
906 37 16 23 0.14323202 
725 20 19 21 0.14014743 
702 316 10 16 0.13857727 
677 311 24 29 0.13720985 
739 448 22 26 0.13306682 
735 34 20 23 0.13149513 
558 8 12 17 0.1289536 
84 173 12 18 0.12710363 
3 489 36 49 0.11988285 
962 158 29 28 0.11381698 
729 405 13 13 0.1122614 
583 163 17 29 0.11199509 
193 11 14 12 0.111688256 
663 292 42 42 0.11077158 
36 597 25 19 0.09994092 
561 32 22 25 0.09524103 
873 462 14 19 0.0947351 
72 20 16 15 0.08915721 
121 282 22 28 0.08888848 
134 469 18 30 0.08758139 
366 17 14 15 0.08597529 
295 2 21 21 0.080126844 
746 173 17 29 0.07777467 
896 217 21 25 0.07769121 
378 448 20 22 0.07706124 
177 638 30 31 0.07702103 
753 40 10 17 0.07593865 
3 167 13 21 0.07543911 
666 264 15 13 0.07438376 
212 53 19 22 0.07345644 
242 121 14 13 0.07207818 
361 87 46 50 0.06994977 
894 49 12 15 0.06957418 
311 335 23 25 0.068676926 
415 569 13 13 0.0664012 
798 586 15 24 0.065357365 
857 312 24 30 0.06475781 
691 311 20 26 0.06401581 
978 323 16 26 0.06399888 
828 130 21 25 0.063856855 
6 485 22 26 0.06377718 
364 11 12 12 0.06280684 
484 323 21 22 0.06019613 
670 160 18 24 0.05953994 
927 585 20 29 0.05945336 
907 571 18 26 0.05927005 
213 619 25 25 0.058927342 
495 330 20 31 0.058587223 
886 49 13 16 0.058088295 
304 16 13 16 0.057607397 
974 0 30 18 0.057329863 
539 671 19 24 0.056565765 
8 474 20 23 0.05608411 
510 486 22 26 0.05606836 
15 517 21 35 0.05590231 
721 23 12 15 0.054693833 
61 639 24 24 0.05447897 
635 160 25 25 0.054159507 
413 570 22 23 0.053222038 
0 2 7 15 0.052171588 
182 446 13 15 0.05213477 
259 323 18 28 0.051153 
586 612 11 15 0.051039945 
821 579 11 16 0.050451525 
895 466 42 51 0.050272144 
681 313 11 12 0.050161023 
426 141 20 23 0.04949808 
911 461 22 30 0.049473234 
268 163 23 30 0.049197793 
57 651 24 27 0.049110696 
48 17 11 14 0.048679974 
444 616 15 15 0.048570957 
119 298 13 16 0.04849353 
750 445 15 16 0.048368894 
344 2 9 12 0.048241794 
555 21 23 26 0.04781514 
961 190 23 26 0.047793087 
116 273 12 16 0.047637206 
681 325 23 29 0.047371436 
898 69 18 23 0.047255814 
30 262 13 17 0.04725217 
376 75 26 25 0.047063816 
373 488 23 32 0.046814043 
309 21 12 15 0.046752736 
726 431 23 27 0.046066392 
223 56 18 25 0.04596805 
954 132 24 25 0.045712788 
977 567 19 23 0.045647644 
566 41 22 28 0.045536023 
189 16 21 23 0.04553336 
430 178 24 26 0.04494224 
898 79 10 14 0.04471202 
408 386 13 15 0.043622714 
355 446 13 14 0.04361083 
609 106 20 23 0.0435963 
880 93 19 31 0.04345205 
218 75 13 16 0.043449912 
882 82 12 14 0.043264266 
519 38 13 19 0.04298948 
632 131 24 25 0.04291677 
390 620 9 11 0.042750448 
421 154 22 24 0.042067084 
298 302 28 30 0.041975122 
695 311 10 14 0.041817047 
842 421 21 26 0.041702792 
1 721 28 101 0.04161485 
1003 149 27 28 0.041332915 
907 80 11 14 0.04130073 
983 582 22 27 0.041100893 
1000 252 23 25 0.041096542 
798 160 17 24 0.040975973 
911 452 13 14 0.04086549 
606 647 24 31 0.04074652 
200 38 22 26 0.040457748 
912 162 18 28 0.04035731 
0 439 7 12 0.04030595 
174 417 14 19 0.04021496 
172 434 21 27 0.040120274 
962 554 22 30 0.040117517 
814 437 23 35 0.039739635 
755 590 14 20 0.03935557 
865 240 21 26 0.039334428 
551 484 28 28 0.03906506 
884 574 22 32 0.03828902 
312 319 13 14 0.038179602 
170 462 42 59 0.038151056 
137 298 12 20 0.0377925 
669 -1 13 10 0.037275415 
49 56 10 17 0.03699115 
564 467 13 13 0.036844835 
912 21 13 13 0.036501586 
740 463 14 17 0.036090743 
558 470 15 16 0.035975628 
353 0 8 8 0.035881896 
252 150 25 27 0.035741724 
664 312 10 13 0.03573751 
129 267 12 17 0.03507722 
784 526 23 27 0.03487389 
603 616 13 15 0.034865916 
875 -2 26 20 0.03485803 
300 323 12 15 0.034762375 
46 183 20 25 0.034137752 
969 589 13 16 0.0340267 
589 612 18 21 0.03399558 
462 290 4 7 0.03367177 
814 172 13 18 0.03365951 
121 264 9 10 0.033483446 
801 435 19 30 0.03347425 
634 147 23 25 0.03311146 
797 184 19 24 0.033001497 
458 290 4 7 0.032860987 
477 287 4 3 0.03265216 
908 461 11 17 0.03263773 
645 310 18 23 0.032379445 
316 18 20 24 0.03236996 
43 57 39 59 0.032166865 
896 47 21 25 0.03212964 
366 63 21 20 0.032094847 
481 445 19 27 0.03185376 
745 439 14 15 0.031557042 
5 492 12 15 0.03138356 
188 462 11 17 0.03128357 
518 607 22 31 0.031036489 
737 20 15 16 0.030867405 
960 0 10 8 0.03072464 
76 35 20 29 0.03071089 
169 616 47 45 0.0302788 
480 307 24 28 0.03020805 
542 457 14 17 0.030099709 
42 6 11 11 0.030032435 
512 466 36 42 0.03003029 
474 295 21 24 0.03000131 
1 -105 28 87 0.029990248 
123 310 22 34 0.02957968 
950 79 15 15 0.029565845 
35 320 14 16 0.029521864 
555 639 19 24 0.029474853 
534 55 12 17 0.029371308 
0 173 10 19 0.02932822 
698 457 13 20 0.029207308 
349 70 42 50 0.029182209 
718 43 15 18 0.028757533 
231 112 35 39 0.028726976 
887 77 14 16 0.02860786 
892 31 20 24 0.02859799 
316 348 20 25 0.028451057 
634 316 19 25 0.028238896 
224 635 31 29 0.027982263 
233 140 16 17 0.027981348 
839 0 27 28 0.027966544 
813 572 16 25 0.027943246 
433 626 12 15 0.027847564 
723 45 39 40 0.027836913 
9 506 13 22 0.027834916 
661 273 24 24 0.02782472 
440 325 34 45 0.027807325 
705 422 14 18 0.027759992 
895 37 11 12 0.027742391 
490 453 35 44 0.027737124 
480 299 9 11 0.027735267 
335 51 33 38 0.027661372 
-1 433 17 25 0.027589114 
862 92 20 27 0.027539453 
17 63 37 55 0.027420275 
297 276 22 25 0.02737245 
49 6 10 11 0.02713305 
406 57 21 30 0.027077066 
644 6 14 12 0.027033025 
432 195 30 33 0.026780955 
137 303 19 30 0.026623601 
1 -161 28 92 0.026444688 
570 475 25 32 0.026413595 
175 60 20 26 0.026376788 
869 18 11 15 0.02625296 
947 110 22 22 0.026176773 
257 168 22 25 0.02606448 
422 624 9 15 0.025871675 
696 482 19 29 0.025765717 
723 40 22 24 0.025716452 
734 3 8 6 0.025568577 
228 51 10 13 0.025201252 
662 306 21 25 0.02513181 
683 340 11 15 0.025114423 
391 615 18 23 0.025009342 
964 142 23 22 0.024868138 
46 247 11 14 0.02477125 
660 253 24 26 0.024769753 
659 5 17 14 0.024755387 
226 70 19 24 0.024727046 
538 651 12 16 0.024644012 
483 286 3 3 0.024505861 
130 323 36 54 0.024485275 
445 6 24 22 0.024463868 
279 165 11 14 0.024365682 
535 445 13 16 0.024347333 
48 627 24 28 0.024166498 
846 82 13 17 0.024165587 
328 306 11 12 0.024163228 
368 456 23 29 0.02414067 
675 315 14 18 0.024124557 
568 55 22 31 0.02408301 
43 47 10 14 0.023880469 
81 149 21 27 0.023752516 
168 611 18 28 0.023687389 
628 66 22 27 0.023643527 
880 -1 15 10 0.023563096 
212 39 22 26 0.023546483 
187 450 12 17 0.023511346 
90 639 26 27 0.023276256 
547 614 14 19 0.023236372 
496 327 13 18 0.023189643 
236 101 25 28 0.02304265 
729 412 17 18 0.022946332 
233 65 19 22 0.022892207 
503 325 12 16 0.022833241 
860 317 13 16 0.022822706 
689 61 26 38 0.022817085 
694 447 14 20 0.022782499 
548 430 10 11 0.022754585 
60 652 13 14 0.022713628 
985 72 18 28 0.022709066 
961 -1 24 19 0.022702876 
48 612 19 17 0.022565678 
214 57 38 46 0.022484034 
456 285 3 4 0.022438303 
280 178 10 13 0.022346543 
213 165 14 21 0.022327116 
973 576 8 11 0.022267452 
110 317 37 58 0.022190789 
681 326 12 16 0.022101033 
970 0 15 9 0.022064963 
733 5 10 9 0.02203917 
918 483 24 35 0.021995 
598 621 14 16 0.021905473 
243 141 67 81 0.021830216 
424 618 17 25 0.021719972 
963 4 12 10 0.021686 
348 434 22 27 0.021677384 
156 616 20 30 0.021653485 
397 178 10 13 0.021547982 
210 578 27 24 0.021517973 
942 119 18 17 0.021470783 
939 669 11 12 0.021447675 
638 311 13 17 0.021445684 
524 44 18 24 0.021443645 
724 112 21 23 0.021427097 
19 488 21 28 0.021317106 
342 396 35 43 0.021308135 
481 290 5 5 0.02124794 
577 37 22 26 0.021233216 
364 464 15 17 0.021203896 
449 297 5 7 0.02119605 
799 546 13 16 0.0211509 
477 290 4 4 0.021093149 
64 634 17 16 0.021067895 
49 27 10 16 0.021024022 
566 495 26 30 0.020958574 
720 416 13 16 0.0209484 
107 304 10 15 0.020928921 
673 305 15 16 0.02087822 
890 0 23 23 0.020826805 
469 285 3 4 0.020781057 
480 339 37 51 0.020773837 
620 135 62 79 0.020772139 
396 294 22 29 0.020696755 
1003 118 24 26 0.020687884 
392 63 27 34 0.0206227 
939 127 14 16 0.020595588 
438 142 11 14 0.020590238 
0 399 11 18 0.020563819 
750 187 37 48 0.020474397 
186 63 14 20 0.020453772 
488 286 3 4 0.020423247 
593 609 9 12 0.020411845 
5 662 21 28 0.020399157 
967 135 17 17 0.020394659 
747 27 22 29 0.020358462 
826 332 25 31 0.020352136 
203 54 19 26 0.020324832 
538 512 33 31 0.020314135 
49 49 21 28 0.020271508 
882 25 21 26 0.020262698 
319 304 22 23 0.020209624 
249 135 17 17 0.020150732 
449 282 5 7 0.02006801 
700 227 14 18 0.020052066 
789 524 13 14 0.02004574 
450 289 5 7 0.020039095 
50 653 45 49 0.020027626 
327 320 12 16 0.020008832 
