10_People_Marching_People_Marching_2_430
123
416 173 29 34 0.9989108 
631 204 45 50 0.9988612 
768 202 44 45 0.99743336 
163 164 34 37 0.9823147 
213 159 23 24 0.978775 
916 254 33 40 0.977119 
286 128 34 39 0.97127724 
91 145 21 23 0.53399026 
303 188 29 34 0.50302655 
533 166 59 51 0.426911 
62 129 24 21 0.28169057 
763 447 107 112 0.24244893 
86 186 23 26 0.11864756 
111 187 19 25 0.114448816 
590 227 23 27 0.10240593 
51 137 28 30 0.086723894 
838 278 30 39 0.08497112 
82 35 23 24 0.074335314 
246 213 34 31 0.07244065 
343 199 25 25 0.07094838 
363 171 24 26 0.066443056 
779 53 222 150 0.058758434 
693 310 98 61 0.05790732 
839 263 33 31 0.054456808 
64 151 28 24 0.0540146 
859 116 122 111 0.052604232 
4 268 73 143 0.049725417 
524 510 44 48 0.049005277 
612 184 26 33 0.045537848 
605 87 30 34 0.04470856 
607 207 29 31 0.044697966 
74 143 27 25 0.04357587 
851 236 45 45 0.04242954 
645 7 16 12 0.04177079 
520 521 91 84 0.041164692 
246 179 29 30 0.04070112 
248 406 50 52 0.0378938 
743 303 51 46 0.037539765 
301 419 48 52 0.036721263 
678 146 53 53 0.035767447 
3 516 10 15 0.035209794 
854 275 39 46 0.03457773 
945 118 19 23 0.034370676 
192 157 38 37 0.03430997 
705 329 48 31 0.033819817 
840 322 31 33 0.033754684 
130 398 121 99 0.032975804 
262 179 30 26 0.032797802 
172 145 28 32 0.032335673 
630 4 33 20 0.032180935 
383 405 51 54 0.032042284 
63 116 10 10 0.031851977 
738 335 37 31 0.031601954 
271 224 27 30 0.03102512 
97 283 26 32 0.030799894 
944 385 91 176 0.030448586 
455 234 48 44 0.030350622 
354 176 16 16 0.030332243 
698 508 87 98 0.02964705 
232 219 31 34 0.029517084 
952 313 36 40 0.029129652 
80 149 36 36 0.028883666 
77 165 17 18 0.02883699 
607 2 62 43 0.028826274 
193 422 56 52 0.028753318 
776 233 80 82 0.028059192 
113 207 31 34 0.02801131 
100 338 104 84 0.027392428 
805 399 42 49 0.027392413 
318 126 40 43 0.027373796 
372 484 30 29 0.027224198 
474 457 446 312 0.026964776 
193 130 72 84 0.026790084 
1014 283 12 17 0.026471803 
508 72 104 135 0.026137592 
884 512 45 47 0.026011039 
310 174 26 33 0.025987074 
861 402 73 89 0.02598532 
299 367 86 96 0.025911005 
835 515 51 57 0.02574552 
558 511 126 96 0.025531419 
0 316 105 189 0.025286742 
213 194 82 72 0.025212683 
661 1 384 291 0.024825977 
48 144 48 49 0.024754874 
61 123 13 14 0.024225252 
843 466 53 49 0.024075216 
233 171 26 32 0.024059733 
88 169 24 27 0.024026446 
872 291 28 33 0.023479369 
35 40 101 139 0.023449888 
801 490 101 99 0.023293355 
254 192 48 47 0.023098238 
457 530 26 27 0.022943867 
631 1 19 12 0.022784008 
28 23 395 337 0.022568004 
346 176 37 36 0.022476248 
65 167 14 13 0.02236729 
485 555 112 97 0.022366028 
365 189 43 42 0.021880914 
789 204 47 52 0.021758603 
239 192 27 29 0.021752007 
956 548 77 125 0.021738553 
798 207 24 30 0.021696316 
223 167 24 28 0.02167394 
722 482 50 63 0.021462874 
190 341 39 48 0.021339975 
285 202 31 31 0.021203617 
737 522 132 101 0.021062212 
759 129 22 29 0.021051997 
166 352 45 46 0.020960124 
88 143 15 14 0.020955713 
750 221 32 32 0.020892194 
161 423 59 55 0.020887855 
882 477 47 49 0.020456832 
641 1 57 39 0.02037935 
845 497 49 44 0.020350844 
-3 -158 84 158 0.020309765 
64 115 21 25 0.020272631 
540 498 52 42 0.02026778 
539 161 27 26 0.020263908 
86 189 41 43 0.020125287 
445 432 30 33 0.020072263 
