10_People_Marching_People_Marching_2_239
179
514 351 50 59 0.99956924 
975 401 45 52 0.9977562 
348 221 71 86 0.9866435 
62 411 48 43 0.9199962 
846 245 65 62 0.6914269 
930 347 46 63 0.60412616 
162 332 25 33 0.595297 
966 163 20 21 0.35177925 
306 525 58 46 0.30534458 
908 556 89 71 0.2553619 
603 530 49 60 0.23970585 
952 575 34 35 0.19184689 
145 551 26 29 0.14343813 
517 497 28 37 0.11486761 
191 0 7 7 0.111296475 
576 508 24 36 0.10937675 
260 578 26 35 0.10798986 
35 554 28 36 0.09668447 
510 581 35 30 0.08716284 
116 647 48 40 0.082799606 
3 434 43 37 0.07651725 
296 631 65 48 0.07575143 
575 518 38 53 0.06938935 
178 5 7 8 0.06888033 
611 372 72 97 0.06854526 
416 648 63 42 0.0682052 
968 183 20 27 0.06789537 
695 305 65 100 0.06542874 
917 350 31 34 0.06262195 
390 552 34 37 0.062444083 
15 489 67 87 0.0624377 
628 502 26 36 0.0620881 
181 577 25 25 0.061585993 
428 611 33 23 0.060669113 
248 479 80 82 0.05617814 
23 583 45 51 0.05544333 
206 593 25 24 0.04822954 
307 403 63 86 0.046869915 
622 80 13 17 0.045151222 
18 294 7 8 0.042313557 
871 281 92 96 0.042278044 
860 218 22 24 0.042038232 
405 532 48 54 0.041789275 
477 62 165 177 0.041125428 
185 302 84 112 0.04072556 
332 416 26 35 0.040627446 
245 616 17 20 0.04045512 
724 121 102 99 0.03928462 
999 195 12 14 0.0391634 
189 484 27 35 0.039145138 
528 315 14 14 0.03863592 
183 11 8 9 0.038093805 
360 634 58 40 0.03725066 
998 216 22 27 0.03632895 
512 154 6 8 0.03585479 
126 568 10 11 0.03523325 
84 507 47 45 0.034695618 
908 398 29 34 0.034688324 
708 113 47 57 0.033613026 
800 590 99 86 0.03339728 
246 479 23 35 0.033045683 
603 473 23 35 0.03265478 
243 347 51 60 0.032346778 
168 28 13 16 0.031025346 
67 355 9 12 0.03090838 
83 342 28 24 0.030855116 
99 333 27 22 0.03059052 
-2 -138 90 144 0.030496534 
183 574 44 46 0.03044037 
654 271 79 95 0.029879868 
226 382 34 32 0.029651226 
125 554 48 47 0.029514175 
17 319 7 9 0.029366788 
216 6 9 10 0.029036788 
319 557 30 32 0.028728642 
1010 209 23 31 0.02867233 
264 560 85 79 0.028413422 
354 429 10 18 0.028247125 
207 355 80 91 0.02823213 
166 11 8 9 0.028150914 
936 582 35 35 0.028121775 
1000 177 18 19 0.027943777 
7 387 9 11 0.027546547 
387 545 28 25 0.027342215 
2 501 18 32 0.027274966 
111 107 99 101 0.02711797 
194 472 21 28 0.026839238 
173 641 58 42 0.026782615 
267 442 86 73 0.02660565 
962 170 15 19 0.026472691 
190 506 24 30 0.026270214 
332 448 34 36 0.026254326 
252 456 49 64 0.025966551 
55 319 8 9 0.02585555 
669 262 23 30 0.025835387 
348 653 33 31 0.025725447 
96 205 7 8 0.025724467 
29 408 8 9 0.025723811 
701 68 92 107 0.02557977 
20 457 31 33 0.025520943 
13 627 83 93 0.02532305 
483 337 22 26 0.025233606 
70 388 25 24 0.025106652 
885 519 151 143 0.024987638 
102 248 9 9 0.02497065 
845 273 27 40 0.024845611 
804 240 25 24 0.02475695 
378 654 29 23 0.024634011 
348 423 12 20 0.024633922 
144 576 27 27 0.024624802 
615 510 28 32 0.024617402 
431 201 9 10 0.024225097 
17 216 9 13 0.024215303 
91 74 7 8 0.024161462 
789 233 29 32 0.024145737 
178 315 43 54 0.023876803 
974 158 16 18 0.023813022 
260 544 50 58 0.023702422 
83 531 32 34 0.023637554 
254 499 9 13 0.023587026 
397 598 84 78 0.023479598 
21 382 6 7 0.023423096 
438 143 89 134 0.023390548 
165 484 23 28 0.0233799 
730 124 30 31 0.023309657 
272 557 24 24 0.023282273 
177 442 26 32 0.023262708 
767 178 76 96 0.023176996 
72 145 13 13 0.023158317 
210 473 38 55 0.023130894 
906 365 53 64 0.023053272 
11 96 21 27 0.022965344 
91 350 13 12 0.022932062 
699 120 28 46 0.022776317 
962 362 42 56 0.02257717 
323 621 66 48 0.022509225 
873 290 49 43 0.022074275 
620 459 45 59 0.022029687 
519 242 6 8 0.02194149 
831 410 88 95 0.021925144 
847 453 22 33 0.021844417 
956 153 22 30 0.021666683 
711 323 27 42 0.021602489 
10 94 12 15 0.021595737 
106 357 24 26 0.021586558 
153 566 16 19 0.021586278 
737 511 90 95 0.021576112 
784 527 55 51 0.02145929 
879 487 34 34 0.021431115 
75 563 29 37 0.021423303 
432 240 11 11 0.021386905 
598 411 147 159 0.021365039 
521 571 30 27 0.021279695 
488 577 47 48 0.02120265 
268 540 25 27 0.021127008 
173 0 6 7 0.02106477 
397 528 21 28 0.020983746 
736 342 22 35 0.020942926 
39 312 7 7 0.020914841 
501 360 28 36 0.02075366 
771 479 60 60 0.020683546 
270 550 12 14 0.020584969 
671 528 89 87 0.020577839 
995 204 20 27 0.020559799 
817 472 51 51 0.020543102 
185 5 7 8 0.020515157 
142 37 10 11 0.020460296 
115 90 9 11 0.02042697 
143 580 79 72 0.020412168 
582 535 45 66 0.020354522 
29 411 10 11 0.02031139 
401 213 23 33 0.020302512 
969 132 11 11 0.020260023 
164 33 11 12 0.020230873 
259 495 10 13 0.020135866 
254 505 23 29 0.020132693 
701 369 91 102 0.020072417 
166 57 21 23 0.020026006 
3 291 47 57 0.020004753 
