10_People_Marching_People_Marching_2_269
2912
768 236 26 34 0.9977842 
651 111 10 17 0.85127103 
65 220 15 13 0.84546345 
656 193 7 9 0.77964056 
603 194 6 8 0.75644565 
943 184 9 7 0.6391629 
687 194 6 7 0.623265 
481 206 7 8 0.6046618 
723 183 9 11 0.5641019 
853 173 21 18 0.54191774 
590 193 6 7 0.5011726 
741 226 11 19 0.46021223 
749 194 8 11 0.45760497 
523 202 7 7 0.45610002 
380 207 5 7 0.43112847 
247 208 9 10 0.40726388 
238 195 6 6 0.37410098 
918 175 10 10 0.34788424 
99 183 11 10 0.3434249 
823 455 45 38 0.335727 
805 187 8 9 0.3227613 
571 196 5 7 0.3188656 
8 221 7 7 0.3121176 
385 196 6 5 0.3012638 
224 200 7 9 0.29669937 
396 254 9 8 0.2827971 
460 209 6 6 0.28219327 
776 187 5 7 0.28085226 
385 209 5 5 0.2748389 
727 186 10 11 0.26472086 
946 171 6 6 0.25959635 
84 178 6 7 0.25863582 
474 209 6 6 0.25760934 
697 190 6 6 0.2529167 
513 209 5 6 0.2524056 
761 182 8 9 0.25161842 
83 148 8 9 0.24760577 
442 189 5 5 0.24730465 
725 200 11 12 0.24705927 
933 170 8 7 0.24060524 
544 237 10 10 0.240435 
694 186 6 6 0.2332683 
140 228 5 7 0.23163845 
519 198 6 5 0.23089248 
348 215 5 6 0.22842582 
532 190 4 5 0.22392146 
229 227 6 9 0.22299588 
711 188 6 7 0.22191606 
329 208 5 5 0.2212574 
437 199 4 4 0.218738 
669 287 11 13 0.2186915 
315 204 6 6 0.21824276 
106 215 9 8 0.21632507 
160 228 5 7 0.21474701 
339 203 6 6 0.2144036 
437 190 4 5 0.21425739 
549 224 8 9 0.21420331 
422 222 7 8 0.20509505 
365 203 5 5 0.20319706 
390 208 5 5 0.20211099 
353 203 5 5 0.19984366 
653 215 8 9 0.19953398 
127 253 7 9 0.19872813 
628 195 5 6 0.19663757 
393 190 4 5 0.19498758 
562 210 6 7 0.19381773 
316 216 5 5 0.1924584 
698 195 5 6 0.19093385 
394 186 4 4 0.18957515 
220 204 5 6 0.18936576 
693 189 5 7 0.18594697 
307 208 5 6 0.18586794 
360 203 5 5 0.18473583 
420 236 8 7 0.18290688 
356 191 4 4 0.18280745 
185 227 6 7 0.1827618 
142 221 5 5 0.1814575 
491 202 7 7 0.18014295 
166 194 11 9 0.17973518 
534 201 5 6 0.17959087 
359 192 4 4 0.17943595 
473 203 5 5 0.17899689 
801 183 5 6 0.17879081 
673 196 6 6 0.17878327 
596 208 6 8 0.17863806 
665 239 8 9 0.1779545 
668 189 6 7 0.1774987 
677 201 6 8 0.1762533 
320 204 5 6 0.1760706 
498 208 6 6 0.17472954 
38 238 8 9 0.17203364 
795 184 5 4 0.17102674 
193 227 6 7 0.17064233 
748 189 7 8 0.16993694 
513 203 5 6 0.16838633 
319 216 6 6 0.16610633 
460 203 6 5 0.16568397 
456 198 6 4 0.16372567 
488 203 6 6 0.1630651 
506 197 6 6 0.16269165 
231 209 5 8 0.16173145 
615 194 7 8 0.16141833 
558 198 6 6 0.16131009 
565 191 6 6 0.16051945 
565 195 5 5 0.16045593 
558 201 6 7 0.15999559 
571 202 5 6 0.15992232 
537 202 5 5 0.15958735 
484 207 8 7 0.15899134 
10 65 14 13 0.15801181 
523 241 13 15 0.15777744 
435 211 6 6 0.15715684 
332 209 6 5 0.15699206 
741 177 6 8 0.15673037 
431 192 3 3 0.15634303 
524 206 6 7 0.1562604 
314 198 5 4 0.15578313 
424 193 4 3 0.15552785 
319 209 5 5 0.15539342 
438 187 3 3 0.15428388 
502 472 30 21 0.15319656 
888 175 8 9 0.15288608 
920 197 6 8 0.15191264 
640 194 5 7 0.15155402 
450 192 4 4 0.15016696 
424 198 4 4 0.14942813 
333 197 5 5 0.14758258 
250 140 5 6 0.14706096 
965 296 9 9 0.14705588 
341 197 5 5 0.14588478 
338 206 6 7 0.14575544 
230 196 5 6 0.14566 
958 184 7 6 0.14549266 
418 187 3 3 0.14543566 
166 228 6 7 0.1450704 
182 228 5 6 0.14460313 
360 215 4 5 0.14453822 
606 201 6 10 0.14441372 
964 171 8 7 0.14299197 
283 221 5 7 0.14279109 
776 449 12 13 0.14197047 
964 315 9 10 0.14054224 
431 187 3 2 0.14022724 
227 198 6 6 0.1402008 
60 215 6 8 0.1401705 
398 186 3 4 0.14006734 
670 269 9 10 0.14004466 
449 197 5 5 0.13974401 
565 241 6 8 0.13884878 
398 203 7 6 0.13716015 
360 197 4 4 0.1362932 
117 170 5 5 0.13569237 
528 216 8 9 0.13562308 
431 198 4 4 0.13550961 
532 198 6 6 0.13530216 
455 203 6 5 0.13395023 
527 191 4 4 0.13384451 
443 187 5 3 0.1336538 
174 235 8 9 0.13286689 
544 195 5 7 0.13242719 
569 218 6 8 0.13238375 
589 203 5 7 0.1323121 
575 232 6 8 0.13195862 
974 170 6 5 0.13189013 
926 177 7 7 0.13182522 
373 209 6 6 0.13149822 
416 204 6 5 0.13130994 
23 244 11 11 0.13119121 
539 456 29 27 0.13111636 
457 186 3 3 0.13106416 
442 201 5 6 0.13097414 
316 209 6 5 0.13088988 
851 177 9 9 0.13082531 
576 196 4 6 0.13070045 
253 251 12 13 0.13064544 
739 159 4 6 0.13036706 
412 186 3 3 0.12964404 
267 194 7 7 0.12959515 
899 166 4 5 0.12945226 
28 183 6 7 0.1290582 
686 186 4 4 0.12899132 
104 170 7 6 0.12857747 
514 190 4 5 0.12853648 
398 190 5 5 0.12828234 
978 171 7 6 0.12827387 
96 157 8 7 0.12819764 
95 175 7 6 0.12767006 
89 163 6 6 0.12738542 
443 199 5 5 0.12682788 
102 235 7 8 0.12679309 
187 239 7 8 0.12645774 
8 235 11 13 0.12562412 
743 182 6 8 0.12552485 
647 191 5 6 0.12548867 
57 234 6 9 0.1249467 
418 191 4 4 0.12445952 
585 204 5 7 0.12444485 
646 202 6 8 0.12438906 
454 221 9 9 0.12329504 
373 197 4 4 0.12282558 
456 193 4 3 0.12268784 
454 215 7 6 0.12229217 
454 209 6 6 0.12221142 
450 204 5 5 0.1213029 
525 199 5 5 0.12115374 
226 208 6 7 0.120897174 
366 198 5 4 0.12013555 
326 216 5 5 0.12007047 
93 201 12 10 0.11949585 
270 192 5 6 0.119403824 
320 197 6 5 0.11925769 
480 191 6 6 0.118922606 
366 192 3 4 0.11864493 
461 199 5 4 0.11850812 
897 177 6 7 0.11835359 
379 197 4 4 0.117887236 
519 190 5 5 0.117674895 
469 204 5 4 0.11756236 
411 197 5 5 0.11747555 
539 198 5 6 0.11727109 
791 186 4 4 0.1171767 
743 208 6 7 0.117071666 
451 209 5 6 0.1164082 
308 205 4 5 0.11637883 
942 171 6 5 0.115332164 
535 221 9 13 0.11505469 
404 197 5 5 0.11504763 
411 202 6 6 0.11483368 
120 172 7 5 0.114587836 
386 186 3 3 0.11445003 
276 216 6 7 0.11426407 
498 203 6 7 0.11373552 
413 193 4 4 0.11364495 
347 191 4 4 0.11339526 
121 200 6 8 0.113136806 
329 197 5 5 0.11308352 
406 186 3 3 0.11287136 
379 226 6 6 0.112493604 
365 250 27 21 0.11233607 
242 197 5 5 0.11202094 
488 198 5 5 0.11187846 
585 209 5 7 0.111455284 
82 189 8 7 0.11137658 
425 187 3 2 0.111094676 
385 206 5 4 0.1106706 
302 210 5 5 0.1086708 
494 186 4 4 0.10859451 
449 186 4 4 0.10797728 
87 202 11 9 0.107420266 
706 196 5 6 0.10607864 
814 179 5 6 0.106061704 
435 222 6 7 0.10584278 
346 197 5 5 0.105449736 
506 201 6 7 0.10512902 
562 202 6 7 0.10417792 
902 170 5 7 0.10416464 
270 141 5 5 0.10371724 
633 209 6 7 0.10336674 
219 207 5 6 0.103361875 
465 456 43 26 0.103324495 
366 211 5 5 0.10326081 
180 222 5 6 0.10315974 
678 90 10 14 0.10305019 
745 188 5 6 0.1026068 
402 202 6 5 0.10249505 
346 202 5 6 0.102365814 
800 188 8 8 0.10232317 
940 178 6 6 0.10232105 
876 176 7 7 0.10207385 
148 234 7 7 0.10204952 
46 164 6 7 0.10188583 
518 209 7 6 0.1018419 
518 215 6 7 0.10163169 
655 224 14 15 0.10135878 
441 213 6 7 0.10134812 
373 191 4 4 0.10109206 
160 233 5 7 0.1009646 
565 221 5 7 0.10085514 
792 194 7 8 0.10078588 
551 197 4 6 0.10070657 
391 227 7 9 0.10022755 
192 201 6 8 0.10021568 
707 371 20 31 0.10013763 
751 184 6 7 0.10004558 
444 423 91 74 0.10003245 
111 95 5 7 0.09990836 
726 287 15 13 0.09982038 
600 221 6 9 0.09978806 
789 190 5 6 0.09973071 
109 157 7 6 0.0997268 
360 211 4 5 0.099561356 
310 197 4 4 0.09946569 
788 194 7 9 0.09937918 
367 187 3 3 0.099224664 
935 183 6 6 0.09887807 
198 187 5 4 0.098742686 
577 177 5 4 0.09845616 
354 198 4 4 0.098416105 
137 230 4 5 0.09749146 
192 218 6 5 0.09733531 
417 208 5 6 0.09721389 
281 190 6 6 0.0970392 
791 225 12 12 0.09703348 
405 192 4 4 0.09653292 
640 191 4 6 0.09646792 
593 159 4 4 0.09645695 
463 192 4 3 0.096414655 
506 191 5 5 0.09639965 
373 205 5 4 0.09614563 
553 185 4 6 0.09603257 
756 182 6 8 0.09600716 
728 158 7 8 0.09597159 
917 165 6 7 0.09577215 
251 198 7 6 0.095361315 
522 89 92 74 0.09533266 
391 196 5 5 0.095263086 
130 230 4 6 0.09521004 
370 226 8 6 0.095051594 
582 214 5 7 0.094982535 
427 222 7 7 0.094938144 
929 183 6 7 0.094807714 
636 195 5 7 0.09442322 
776 178 5 6 0.09442064 
276 210 5 5 0.09410456 
809 218 12 12 0.09402566 
991 178 7 6 0.093830116 
588 120 30 31 0.09345751 
469 187 4 3 0.09339453 
134 200 7 8 0.093252294 
725 152 4 5 0.09303889 
992 182 7 7 0.0928724 
366 215 5 5 0.092721865 
544 191 5 6 0.09253022 
698 168 6 7 0.092442416 
709 194 7 8 0.09242913 
705 192 5 5 0.092292786 
76 159 5 6 0.09229238 
934 159 7 7 0.092025906 
373 187 3 3 0.0920198 
186 222 5 6 0.09193648 
1002 203 9 8 0.0915701 
732 152 5 5 0.09119777 
361 188 4 2 0.091168575 
399 258 8 7 0.09101255 
250 202 8 8 0.0908522 
466 235 6 7 0.090656646 
438 202 4 5 0.090117075 
539 209 5 6 0.09006812 
309 193 4 4 0.090021394 
706 176 5 6 0.08987488 
927 188 8 8 0.08977555 
459 214 7 6 0.08962077 
26 158 4 6 0.0896102 
398 208 6 6 0.08924088 
380 187 3 3 0.08901671 
106 182 9 8 0.08891091 
266 201 7 9 0.08867769 
386 193 4 3 0.08861143 
570 191 5 6 0.08861004 
899 170 5 6 0.08859695 
712 185 6 7 0.088218816 
738 176 6 8 0.08793524 
595 194 5 7 0.08793053 
962 388 26 20 0.08781835 
315 191 4 5 0.087794945 
249 143 5 6 0.08774704 
595 159 5 4 0.087555595 
418 239 7 7 0.0874991 
303 204 5 4 0.08729869 
8 274 25 28 0.08706729 
578 208 4 6 0.08704818 
753 198 8 11 0.08684597 
959 202 7 8 0.08677789 
615 191 6 6 0.086352356 
112 213 8 8 0.086279 
193 221 6 6 0.086216696 
948 197 8 8 0.08602607 
277 219 5 8 0.085981496 
934 164 8 7 0.08575828 
874 200 9 10 0.08570437 
619 194 7 8 0.08560118 
156 228 5 7 0.085398786 
887 196 9 9 0.085398786 
227 215 5 7 0.08521747 
282 209 6 6 0.08498689 
556 213 6 9 0.08493471 
40 181 219 174 0.08492927 
379 192 4 3 0.08487093 
582 280 5 6 0.084826015 
729 196 9 10 0.084576465 
372 215 5 5 0.08446653 
989 350 28 29 0.08396883 
62 214 10 9 0.08390047 
551 202 5 7 0.08388011 
615 226 20 24 0.083559476 
667 186 5 6 0.0834737 
493 196 5 6 0.08334415 
246 141 4 5 0.08317926 
333 203 6 6 0.08280578 
45 203 7 8 0.08253101 
352 216 5 5 0.082449764 
772 169 7 7 0.08242314 
515 174 3 2 0.08229104 
533 186 4 4 0.082063586 
412 182 3 2 0.08172105 
290 186 4 4 0.081715986 
889 172 7 7 0.08151356 
400 380 8 9 0.081389174 
514 198 4 5 0.08127503 
706 223 9 11 0.08126876 
463 186 3 3 0.08102518 
400 198 5 4 0.08097602 
26 229 7 7 0.08096078 
191 196 6 7 0.08094015 
392 205 5 6 0.08087636 
710 208 6 8 0.0808726 
469 191 4 4 0.08076725 
213 197 4 5 0.08041455 
301 215 5 5 0.080357075 
896 180 6 8 0.08035627 
537 214 6 9 0.08011774 
341 191 4 4 0.079963714 
986 176 7 6 0.079944246 
605 158 4 4 0.079713 
483 427 33 28 0.07959131 
797 192 9 9 0.079516396 
576 191 5 6 0.07934077 
171 85 29 31 0.07920951 
596 204 5 7 0.07908826 
391 215 6 6 0.07906384 
617 270 10 12 0.079062626 
556 188 7 7 0.07870709 
780 186 5 5 0.078600496 
271 208 5 6 0.078338094 
355 187 3 3 0.078280024 
469 198 4 4 0.0782459 
137 147 4 4 0.0782071 
347 186 4 4 0.07811311 
774 200 8 12 0.078066275 
494 191 5 5 0.07789038 
517 220 7 7 0.07785826 
82 208 10 10 0.07745542 
44 218 8 9 0.077311926 
245 144 5 5 0.07727458 
403 209 5 5 0.07717716 
795 191 5 5 0.07712864 
195 189 5 6 0.07698028 
271 144 4 6 0.076918066 
493 207 6 6 0.07690883 
710 162 6 7 0.07687106 
924 190 6 6 0.07686984 
294 217 6 5 0.07681463 
185 203 7 8 0.0767347 
387 215 4 6 0.076679274 
836 183 6 7 0.07652389 
186 236 6 7 0.0763982 
176 222 5 6 0.07631631 
559 116 30 31 0.07612416 
666 195 5 6 0.076078646 
474 213 6 7 0.07605985 
239 146 5 5 0.076020755 
780 203 10 14 0.07573068 
997 185 7 6 0.0755321 
220 147 4 6 0.075336464 
476 192 5 5 0.07530773 
366 224 6 6 0.07512599 
666 203 6 6 0.075076975 
889 164 7 7 0.07489421 
557 234 6 7 0.07477686 
781 180 4 4 0.074696675 
862 476 32 24 0.074686304 
388 60 14 12 0.07455076 
642 206 6 9 0.0745222 
430 202 5 5 0.074483894 
597 213 6 8 0.07441433 
282 217 5 5 0.074364625 
742 171 5 6 0.074293256 
355 209 4 5 0.07410885 
220 199 4 4 0.074096866 
116 146 5 6 0.07408417 
821 182 7 7 0.07398411 
65 195 11 11 0.073982716 
589 183 6 5 0.07397655 
416 215 6 7 0.073937446 
576 203 5 6 0.07389261 
196 225 8 9 0.07387181 
577 173 5 4 0.0738651 
206 220 11 10 0.07380067 
648 215 6 7 0.073784955 
819 178 6 5 0.07370906 
500 190 5 6 0.07342464 
589 207 4 7 0.07331293 
902 175 5 8 0.07331174 
917 169 7 8 0.07327098 
647 196 4 6 0.07326667 
423 202 5 5 0.073222585 
841 213 9 11 0.07318021 
334 215 5 6 0.073160514 
430 215 6 6 0.07304184 
123 222 5 6 0.072416924 
557 186 5 5 0.07239287 
276 185 5 6 0.07195459 
180 218 4 5 0.07176969 
761 178 6 7 0.07169291 
685 269 18 24 0.07152708 
102 219 8 8 0.071445465 
642 398 98 69 0.07124945 
380 216 5 5 0.07117475 
600 226 7 9 0.071158044 
811 181 8 7 0.07114687 
514 178 4 4 0.07105969 
404 222 5 6 0.07102139 
85 119 6 7 0.07099416 
548 244 8 10 0.07092735 
104 166 7 6 0.0707547 
671 184 6 6 0.07063638 
940 166 7 6 0.07061125 
746 214 8 10 0.07059432 
847 178 6 6 0.070578106 
111 139 5 4 0.07041736 
237 208 5 7 0.070244126 
376 77 12 10 0.07023684 
114 96 5 6 0.07016939 
130 148 3 3 0.07004328 
809 179 5 5 0.06998579 
645 261 17 14 0.0698573 
645 68 9 8 0.06983231 
595 240 7 8 0.06967933 
111 146 5 6 0.06958264 
781 194 8 10 0.06958037 
508 173 3 3 0.06955653 
296 190 5 5 0.069498606 
610 216 6 8 0.069496036 
715 188 8 8 0.069437504 
466 255 6 7 0.069218874 
314 221 5 6 0.069013 
521 169 3 2 0.06893554 
383 241 6 7 0.06887292 
680 190 4 6 0.0687735 
514 185 4 4 0.068683825 
457 224 9 10 0.06864372 
738 148 4 5 0.06835991 
634 203 5 6 0.06835859 
365 227 7 7 0.06826429 
239 151 6 7 0.06825314 
90 172 7 6 0.06812086 
384 223 5 6 0.067988634 
88 177 7 6 0.06794158 
487 191 5 4 0.06778619 
710 265 10 11 0.06776604 
255 138 5 5 0.06772678 
0 250 6 12 0.06760261 
692 176 5 6 0.06753129 
229 212 6 9 0.06751366 
457 179 3 4 0.06735479 
600 214 7 8 0.06733173 
314 242 6 7 0.06725655 
569 247 7 9 0.06706202 
116 166 5 5 0.06704368 
424 217 6 5 0.06701063 
87 220 10 11 0.066948 
802 181 4 3 0.066939175 
198 221 7 7 0.06685904 
506 183 5 5 0.06682413 
976 291 9 7 0.066726804 
72 159 5 5 0.06666127 
416 253 9 8 0.06651037 
677 197 6 6 0.06644802 
161 223 4 5 0.066391915 
281 196 7 6 0.066353336 
692 172 6 7 0.066295505 
123 216 5 6 0.06628935 
30 216 6 7 0.06616816 
288 209 6 5 0.066002846 
834 179 5 6 0.065931916 
135 154 5 3 0.06592435 
986 173 6 5 0.06590852 
251 171 5 6 0.065812685 
579 214 5 8 0.06577907 
450 215 5 5 0.065761834 
515 169 3 3 0.06568977 
66 153 4 4 0.06556664 
144 154 3 3 0.065523624 
442 247 6 8 0.0654341 
539 183 4 5 0.06530955 
169 285 37 22 0.065269746 
967 183 8 8 0.06521037 
947 167 6 5 0.065171435 
644 232 12 11 0.065143995 
936 176 6 6 0.065055415 
489 186 3 3 0.064997725 
954 178 6 5 0.06499576 
481 196 5 5 0.06498468 
252 211 10 11 0.06489084 
432 212 4 4 0.064887166 
27 261 6 7 0.06476543 
220 150 5 7 0.06462623 
744 203 5 7 0.06458286 
240 156 8 9 0.06453087 
473 249 6 7 0.06427343 
781 189 5 6 0.06426531 
601 207 6 9 0.06424729 
227 221 5 7 0.064224444 
526 185 4 4 0.064183176 
953 308 7 11 0.06406812 
596 222 6 7 0.063946314 
397 249 7 5 0.06391967 
570 207 6 7 0.06384138 
6 208 5 7 0.06367857 
998 170 7 6 0.0636423 
468 215 6 6 0.06363124 
85 157 6 7 0.06361528 
208 215 9 8 0.06357563 
29 264 9 10 0.06350692 
805 192 8 9 0.06348656 
248 377 9 8 0.0634704 
418 224 7 6 0.06340666 
341 186 3 3 0.063364886 
832 181 7 8 0.06317522 
289 221 6 7 0.063086025 
928 314 5 5 0.06301798 
840 152 43 42 0.06286122 
954 172 5 5 0.06283269 
843 273 34 28 0.06282463 
348 210 4 6 0.06281651 
584 196 4 5 0.06281641 
92 180 21 18 0.062606275 
88 189 8 7 0.0625756 
141 235 6 6 0.062535465 
539 248 6 8 0.06253146 
769 177 6 7 0.06244219 
706 215 7 9 0.06235509 
703 202 6 8 0.0623158 
138 252 8 11 0.06209904 
320 220 6 6 0.062077794 
335 192 4 3 0.061995663 
417 197 5 4 0.06199167 
109 152 6 6 0.061957356 
546 185 4 4 0.061908934 
610 154 4 5 0.061881553 
428 237 6 6 0.061747897 
583 185 5 4 0.061633047 
609 158 4 4 0.061442375 
266 221 8 8 0.061440315 
127 217 5 6 0.061398163 
992 171 6 5 0.061376803 
46 152 4 5 0.06128409 
738 131 4 7 0.061211392 
933 189 7 7 0.061116412 
67 160 4 4 0.061056595 
540 240 6 8 0.060976136 
233 194 3 3 0.060968645 
910 170 4 6 0.060968272 
207 204 5 5 0.060897104 
322 192 4 4 0.0608154 
264 139 4 6 0.060813177 
290 190 4 5 0.060638994 
468 248 6 6 0.060545295 
16 220 7 8 0.06049964 
110 177 6 6 0.060396496 
387 182 3 3 0.06026855 
704 172 5 6 0.060248464 
974 168 4 4 0.060196433 
564 185 5 4 0.060051568 
469 180 3 2 0.060034428 
96 113 7 7 0.060015503 
238 213 6 8 0.05984949 
281 202 7 7 0.059797667 
891 467 41 27 0.05966965 
565 234 6 7 0.059636917 
13 272 15 14 0.059610568 
211 146 5 7 0.059573375 
486 215 5 7 0.059534 
737 150 4 6 0.059524003 
114 21 10 10 0.05948565 
929 317 6 6 0.059416 
889 181 7 8 0.05939864 
418 228 6 5 0.059275586 
966 175 7 7 0.059244096 
436 228 6 7 0.059229247 
643 203 4 7 0.059165385 
466 222 7 8 0.05916326 
77 209 8 8 0.059116133 
328 192 5 4 0.059061702 
46 160 5 5 0.058854952 
741 221 8 12 0.05883703 
198 203 5 5 0.05881917 
826 179 5 5 0.058756303 
878 173 5 6 0.058752283 
384 227 6 6 0.058695126 
521 187 4 4 0.0586929 
493 233 8 9 0.058633123 
509 169 2 3 0.058629714 
773 191 9 11 0.058468685 
578 280 5 6 0.058441497 
150 240 10 10 0.05840011 
496 179 4 3 0.058357213 
520 173 3 3 0.05828794 
275 145 4 6 0.05821619 
457 174 4 3 0.058181792 
468 209 6 6 0.05806482 
161 219 4 4 0.058057994 
543 271 9 9 0.057955433 
239 194 4 4 0.057947576 
89 159 7 7 0.05793409 
883 177 7 8 0.057819672 
866 176 10 10 0.0576817 
303 198 4 4 0.057586256 
11 335 14 14 0.05753317 
419 182 2 2 0.057467263 
210 209 7 6 0.057407696 
294 209 8 6 0.057396535 
564 228 6 7 0.057383716 
795 181 4 4 0.057281356 
127 172 5 4 0.05719986 
954 183 7 6 0.05706434 
559 209 6 8 0.057022583 
584 168 4 4 0.05700485 
410 209 6 6 0.056944076 
504 220 8 8 0.056881703 
77 202 6 7 0.056613173 
378 55 28 27 0.056579113 
114 183 6 5 0.056576166 
139 201 6 7 0.056474 
175 229 5 6 0.05636838 
599 166 4 4 0.056362703 
686 176 5 6 0.056182064 
476 185 4 3 0.056065436 
592 273 9 8 0.055901747 
115 196 7 6 0.055892773 
290 218 6 5 0.05586679 
115 200 7 8 0.05584348 
276 190 6 5 0.055805124 
10 226 10 9 0.05576988 
586 233 9 11 0.05555582 
966 188 9 9 0.05553172 
752 148 4 4 0.055528164 
552 188 5 7 0.055521525 
182 203 5 7 0.055488266 
482 221 5 6 0.055488054 
95 153 8 6 0.05547269 
302 192 4 4 0.05539401 
288 197 5 5 0.055327896 
902 165 5 6 0.055061903 
790 181 4 3 0.05504742 
88 182 7 7 0.055037517 
117 87 5 7 0.055036146 
185 251 9 9 0.055013023 
417 249 7 6 0.05500137 
489 259 8 10 0.05493623 
85 164 6 5 0.054766815 
501 185 5 4 0.05474726 
95 246 8 9 0.05471088 
12 217 7 7 0.054563854 
953 201 7 9 0.05454673 
570 233 5 7 0.0545216 
122 233 7 6 0.054502085 
238 204 5 5 0.054483954 
285 228 4 6 0.05443947 
817 195 9 9 0.054395884 
692 201 6 8 0.054316655 
520 178 4 3 0.054293174 
157 245 9 11 0.054199148 
464 179 3 3 0.054080695 
840 13 5 5 0.054009862 
40 179 4 4 0.053994894 
335 187 4 3 0.053961545 
354 224 4 4 0.053948414 
734 190 6 7 0.053931333 
212 204 4 5 0.05385298 
615 206 6 10 0.053803336 
430 240 6 5 0.05374976 
203 316 20 23 0.053726364 
214 233 9 11 0.053618606 
628 137 6 7 0.053592797 
111 81 4 5 0.053567432 
76 198 6 6 0.053536944 
34 178 4 5 0.053512365 
523 234 10 12 0.053502437 
572 168 3 3 0.053461287 
633 138 7 7 0.053427164 
88 196 10 9 0.053322602 
584 192 4 4 0.0532759 
652 92 6 8 0.053128123 
71 301 15 16 0.05304709 
716 194 7 8 0.05287226 
547 436 4 4 0.05278865 
407 182 3 2 0.052762534 
475 198 6 5 0.05273479 
582 170 6 5 0.052696023 
700 160 3 4 0.052679032 
154 210 5 5 0.052610513 
725 132 5 6 0.052395634 
397 216 5 6 0.05235802 
147 204 5 6 0.05230085 
440 221 6 8 0.052293137 
45 168 7 7 0.052284233 
120 191 6 6 0.052279323 
705 164 5 6 0.05227498 
529 235 8 9 0.05216018 
617 160 3 4 0.052106883 
255 169 7 9 0.052104644 
78 188 7 7 0.05210283 
968 373 26 19 0.05202284 
943 235 27 24 0.0519225 
155 224 5 4 0.05186739 
244 212 7 9 0.05185585 
696 220 7 8 0.05182911 
633 214 5 7 0.05176338 
81 295 11 13 0.051572535 
702 219 18 21 0.05148764 
114 159 5 5 0.05148372 
885 165 6 6 0.05147014 
1004 176 8 7 0.05139835 
940 159 6 5 0.051375948 
270 184 5 5 0.051317923 
601 177 5 5 0.05127092 
706 160 5 5 0.05126692 
424 388 88 77 0.051192615 
87 192 22 20 0.05117428 
358 228 5 6 0.051072326 
476 182 3 2 0.051041067 
538 192 4 5 0.051039692 
960 315 7 8 0.050918233 
439 234 7 9 0.050908577 
746 197 5 6 0.05090139 
429 249 8 7 0.050852712 
619 200 7 9 0.05083088 
482 185 4 3 0.05082112 
571 172 4 5 0.050815374 
95 261 8 10 0.050758366 
946 177 7 5 0.050744582 
950 398 116 77 0.050678357 
949 155 4 4 0.050645124 
170 252 12 9 0.05061691 
551 208 5 7 0.05057657 
159 240 8 9 0.050575014 
284 186 4 5 0.05057204 
585 159 3 3 0.050563775 
316 186 3 3 0.050508726 
124 160 5 4 0.05045634 
916 191 5 7 0.050440535 
101 207 8 8 0.050331272 
670 85 19 25 0.050289463 
321 57 106 87 0.050243337 
546 202 4 6 0.0501704 
288 160 5 5 0.050140142 
978 176 7 5 0.050032146 
101 144 8 7 0.049999595 
256 145 4 6 0.04999285 
121 175 6 6 0.049976096 
743 147 4 4 0.049961828 
969 191 9 11 0.0498339 
198 322 14 17 0.04977719 
655 201 5 7 0.049757753 
248 258 8 10 0.049724806 
507 178 4 4 0.04971901 
505 217 6 6 0.049693044 
104 188 11 9 0.04969173 
115 222 7 6 0.04966863 
1004 171 7 7 0.04961897 
19 261 8 7 0.049582213 
752 189 8 9 0.049492475 
599 59 11 8 0.049394526 
329 180 2 3 0.049389683 
955 166 5 5 0.049347613 
947 158 6 5 0.049271345 
219 140 4 4 0.049271245 
1017 206 7 10 0.049224816 
544 225 8 10 0.04914653 
201 220 19 18 0.04912886 
962 300 11 11 0.049102563 
381 66 14 13 0.0490616 
646 72 7 7 0.048964962 
706 207 5 8 0.0489468 
961 188 7 7 0.048926383 
665 151 9 8 0.048735544 
265 195 6 8 0.048701506 
648 89 6 8 0.048683815 
533 2 37 23 0.048672758 
648 150 8 9 0.04866058 
880 127 4 4 0.048601776 
955 408 14 9 0.04854699 
349 42 32 28 0.04852292 
559 178 5 5 0.048490874 
255 164 7 8 0.04840078 
276 202 6 7 0.04837232 
295 205 6 4 0.048357528 
726 148 3 4 0.048313964 
563 425 130 80 0.04827331 
537 230 8 10 0.048252303 
97 139 7 6 0.04823033 
918 195 6 8 0.04822818 
449 225 9 9 0.04819678 
244 204 5 5 0.048176862 
579 169 3 3 0.04811825 
428 226 6 7 0.048091948 
110 98 5 6 0.04808255 
552 215 5 8 0.04805988 
914 103 116 102 0.048027974 
88 145 7 7 0.04802682 
846 190 7 8 0.04799973 
292 221 7 6 0.047978655 
116 42 6 8 0.047957733 
102 177 7 6 0.047832835 
596 226 6 8 0.047782406 
207 198 3 4 0.047782227 
361 223 3 5 0.04768515 
550 436 5 4 0.047634013 
136 192 5 4 0.047558535 
205 192 4 4 0.047487114 
787 201 7 9 0.047424622 
845 5 5 5 0.047424484 
469 173 4 3 0.04738227 
296 187 4 4 0.047369972 
213 140 4 5 0.047319256 
68 164 4 5 0.047282457 
84 211 12 12 0.04723621 
296 197 4 4 0.0471119 
199 215 6 6 0.047093358 
735 195 6 7 0.047049712 
951 243 12 11 0.04699135 
123 88 5 7 0.04694306 
636 178 3 5 0.046914756 
738 128 4 6 0.0468155 
668 208 6 6 0.04680985 
572 178 4 4 0.046777256 
440 228 7 9 0.046744883 
394 182 2 3 0.046722814 
743 153 4 4 0.046689097 
500 110 65 42 0.04668341 
108 165 7 6 0.04659099 
956 293 21 19 0.046583284 
69 189 8 7 0.04656007 
903 188 6 9 0.046536397 
95 131 7 6 0.046480056 
371 475 58 44 0.046420168 
961 309 21 22 0.0463295 
508 208 5 6 0.046315674 
544 65 58 42 0.0462056 
597 155 4 4 0.046202037 
370 241 8 7 0.046185117 
595 235 6 8 0.04617829 
323 180 3 3 0.046156935 
722 192 19 18 0.046082526 
792 183 20 20 0.046046738 
237 298 9 10 0.046044458 
907 475 38 25 0.04588237 
934 318 7 7 0.045875795 
187 219 5 4 0.045807768 
214 297 97 91 0.045764208 
329 186 3 3 0.045684222 
206 208 8 8 0.045636475 
739 172 5 6 0.045623843 
710 177 5 6 0.045612298 
792 200 7 9 0.04558086 
532 208 5 6 0.04557383 
451 181 3 3 0.045535408 
950 297 5 7 0.045521572 
15 70 14 13 0.045488793 
589 179 5 4 0.045487467 
976 296 12 10 0.045444086 
715 203 8 9 0.045291666 
275 177 6 6 0.04528001 
233 146 4 5 0.045254152 
976 302 11 11 0.04522679 
423 211 5 5 0.045217175 
914 319 6 7 0.045207866 
957 416 31 23 0.04517999 
491 452 66 39 0.04499719 
78 165 5 5 0.04498434 
966 322 8 8 0.04487103 
955 153 5 4 0.044831138 
591 154 4 5 0.044789422 
961 167 5 5 0.04470893 
500 217 6 5 0.044700883 
399 244 5 5 0.044672936 
530 446 32 18 0.044615135 
846 11 4 5 0.044599853 
657 199 6 7 0.04459195 
85 131 5 6 0.044524986 
698 178 6 6 0.04445203 
969 292 10 7 0.044406157 
838 227 7 8 0.044370577 
137 142 4 4 0.04424445 
148 185 4 4 0.04413996 
342 181 3 3 0.04413248 
757 179 5 5 0.04410252 
891 147 5 6 0.04409412 
98 216 6 7 0.0440939 
404 243 5 5 0.044085648 
73 215 10 10 0.044033945 
94 127 7 6 0.043953344 
565 167 3 4 0.043902483 
167 224 5 6 0.043899518 
479 252 6 7 0.04389681 
124 167 4 3 0.04389529 
466 226 7 8 0.043875404 
583 275 5 5 0.043819346 
597 177 5 6 0.043810867 
884 152 5 6 0.04378695 
518 235 8 8 0.043775715 
588 138 7 7 0.04375092 
106 235 9 9 0.04373234 
33 174 5 5 0.043689962 
317 181 3 3 0.04362703 
310 181 3 3 0.043586183 
603 245 7 9 0.043581735 
277 196 5 6 0.04356201 
890 159 6 6 0.043533225 
51 190 6 7 0.04349824 
12 264 10 10 0.043411303 
400 182 3 3 0.04326487 
88 251 8 9 0.043247484 
636 276 12 12 0.04324225 
121 146 4 5 0.043238703 
148 209 4 5 0.04322843 
758 125 5 8 0.04322133 
549 382 11 8 0.04306281 
192 176 6 5 0.043037098 
27 208 7 7 0.043004487 
999 176 6 6 0.042965163 
199 211 6 5 0.04291182 
27 164 4 5 0.04290491 
582 178 5 4 0.04288396 
180 197 5 6 0.042856775 
276 141 4 5 0.04283827 
214 228 9 9 0.042817894 
241 296 12 15 0.04280277 
267 225 9 9 0.042798027 
39 164 7 7 0.042784255 
128 222 5 5 0.042781148 
269 177 7 6 0.042738173 
564 178 5 5 0.04272784 
134 159 5 4 0.042709053 
288 165 5 5 0.042698275 
95 220 9 9 0.042684596 
927 324 7 7 0.042640857 
645 220 7 8 0.042630434 
283 176 6 6 0.04254093 
703 270 8 10 0.042491116 
346 230 4 5 0.04241939 
584 154 5 5 0.04240468 
737 162 5 7 0.042400055 
897 308 4 4 0.042396367 
171 245 10 9 0.042358216 
965 153 6 5 0.042201437 
425 182 3 2 0.042197175 
302 186 3 3 0.04218592 
531 449 17 10 0.042137895 
18 232 8 8 0.042102832 
970 312 22 27 0.042038925 
991 246 9 9 0.042016517 
847 173 5 5 0.041958943 
585 286 5 6 0.041946482 
438 183 3 2 0.041929606 
726 162 6 7 0.04192897 
131 153 4 4 0.041883893 
590 166 4 5 0.041813195 
355 181 3 3 0.0417905 
371 246 9 8 0.04178747 
810 189 7 7 0.041765727 
737 182 6 8 0.0417572 
619 208 7 9 0.04173732 
83 196 7 6 0.041714102 
358 254 7 6 0.041712955 
960 206 7 8 0.041698813 
157 251 10 11 0.041695286 
109 195 7 7 0.041656636 
354 129 4 3 0.041646335 
283 172 6 6 0.04164145 
591 277 11 10 0.041611396 
174 276 16 11 0.041569605 
359 55 62 45 0.041567903 
130 160 5 4 0.04154701 
604 154 4 5 0.041535236 
144 70 3 4 0.041516382 
372 253 15 12 0.041504364 
0 277 6 11 0.041503377 
552 179 4 3 0.041498944 
155 217 4 5 0.04149695 
747 190 16 19 0.041438855 
471 168 3 3 0.041438248 
242 162 7 9 0.04142148 
884 171 5 6 0.041378137 
898 160 5 5 0.04137704 
481 215 6 7 0.041368585 
398 377 5 5 0.04136362 
589 228 8 9 0.041354246 
243 325 29 33 0.041336462 
355 260 12 10 0.041323207 
78 171 5 5 0.04131403 
227 194 3 4 0.04127624 
464 174 3 3 0.041252438 
142 239 5 7 0.04118402 
128 177 5 5 0.041178 
884 115 5 4 0.041177925 
500 178 4 4 0.04117602 
698 152 5 5 0.041103836 
198 198 5 5 0.0410946 
808 187 26 26 0.041085403 
309 186 4 3 0.04107456 
612 214 9 11 0.041047294 
155 160 3 4 0.04102251 
951 138 7 6 0.04099509 
121 152 5 5 0.040955815 
462 259 7 7 0.040947594 
97 144 7 6 0.0408614 
565 172 4 4 0.040819477 
809 220 21 25 0.04073769 
142 148 4 3 0.040733922 
137 263 10 9 0.040716592 
116 141 5 4 0.040708423 
70 164 5 5 0.04068275 
939 318 7 8 0.040675092 
411 248 6 6 0.04059885 
562 245 7 7 0.040577535 
186 170 9 8 0.04054729 
879 114 5 5 0.040546026 
365 252 9 8 0.040533874 
169 216 5 6 0.040513206 
544 212 6 9 0.040511444 
962 153 5 4 0.040444586 
143 159 4 4 0.04043378 
256 191 5 6 0.0404085 
103 88 5 7 0.04034681 
965 194 8 9 0.040340085 
651 97 7 9 0.040293798 
918 159 5 7 0.040269647 
123 93 5 6 0.04024096 
612 107 7 8 0.04019916 
2 207 5 10 0.040196545 
732 147 3 4 0.040196303 
70 185 6 6 0.040184118 
502 169 3 2 0.040149946 
692 91 7 9 0.040118843 
117 82 5 6 0.040116105 
177 253 10 8 0.040105417 
447 246 7 8 0.04002477 
116 178 5 5 0.040018827 
612 267 20 22 0.040018752 
612 112 7 8 0.04000879 
409 261 8 6 0.03992053 
146 222 5 5 0.039913964 
148 230 6 7 0.039849922 
759 473 27 22 0.039838925 
143 209 4 5 0.039809983 
144 229 19 21 0.03975499 
945 417 13 13 0.039749462 
482 180 4 3 0.03974631 
972 323 8 10 0.039745383 
732 178 5 6 0.0397406 
0 233 7 11 0.03965976 
372 72 28 26 0.039659355 
952 298 8 11 0.039658032 
123 230 5 5 0.039610874 
596 110 23 24 0.03960883 
817 119 79 73 0.039587192 
957 329 8 10 0.039581213 
126 240 7 9 0.03948858 
492 360 52 35 0.039455444 
8 218 6 6 0.039396983 
680 232 7 8 0.03938649 
257 57 6 5 0.039373294 
361 180 3 3 0.039360527 
555 227 6 8 0.03933001 
377 242 7 7 0.039328575 
211 159 6 6 0.039296616 
885 147 4 5 0.03926404 
397 223 5 6 0.039262854 
617 154 4 5 0.039230347 
966 260 6 7 0.039229203 
880 135 4 4 0.039184056 
269 0 509 322 0.039153505 
288 172 5 5 0.039103277 
289 177 4 5 0.03910003 
570 185 4 4 0.039091293 
579 117 10 10 0.039081596 
72 154 3 3 0.039004818 
107 210 8 8 0.038996268 
965 208 8 8 0.038987163 
698 201 7 8 0.038930926 
436 239 7 8 0.03893054 
264 144 4 6 0.03890788 
121 25 11 12 0.03881131 
823 441 29 30 0.038790956 
610 147 4 5 0.03876498 
939 322 7 8 0.038758866 
736 118 4 6 0.038724534 
15 336 150 108 0.038714647 
143 185 4 4 0.03864029 
952 370 7 7 0.038621202 
397 153 4 4 0.038593028 
357 234 7 8 0.038564816 
958 274 106 83 0.038551394 
736 230 10 14 0.03853863 
913 170 17 20 0.038533058 
23 233 9 7 0.038465805 
338 215 5 6 0.038450107 
225 146 4 5 0.03842519 
411 229 4 5 0.038403746 
758 174 3 3 0.0384026 
675 93 6 9 0.03839435 
502 126 34 33 0.03837646 
608 105 8 8 0.038353555 
704 139 7 7 0.038269144 
410 249 24 21 0.03823279 
587 286 7 7 0.038222294 
46 179 5 5 0.03821846 
17 264 10 9 0.03815565 
422 249 7 6 0.038130008 
363 234 8 7 0.038079962 
450 218 19 18 0.038049515 
985 183 8 7 0.03804752 
771 453 13 13 0.03800942 
323 186 3 3 0.03798853 
957 302 10 11 0.03792381 
263 57 4 5 0.0378208 
175 217 5 5 0.03777881 
929 195 7 8 0.037758444 
609 191 5 6 0.037735753 
332 227 6 6 0.037714247 
862 249 27 22 0.037710465 
136 234 5 6 0.037698347 
348 181 3 3 0.037693985 
264 68 4 6 0.037640475 
743 165 4 5 0.03763296 
355 107 5 4 0.037587885 
302 223 5 5 0.037584312 
187 165 6 5 0.037538264 
962 413 14 11 0.037537243 
41 153 4 4 0.037524275 
251 177 4 6 0.037521455 
51 220 7 8 0.037519578 
849 188 9 9 0.037492707 
95 163 7 5 0.037435398 
978 190 7 8 0.03738693 
332 224 6 6 0.03737975 
451 253 8 9 0.037375845 
832 433 17 13 0.037361633 
838 179 4 5 0.03735028 
989 320 10 12 0.037335888 
261 215 8 8 0.037306145 
22 158 4 5 0.037246462 
704 184 5 5 0.037223823 
616 267 8 8 0.03719408 
130 141 4 4 0.037176967 
536 383 9 7 0.037163306 
680 185 5 5 0.037099708 
59 128 4 4 0.037076414 
398 149 3 3 0.037075263 
110 75 5 6 0.0370724 
310 216 4 5 0.03704421 
825 227 6 7 0.03703114 
847 19 4 4 0.037008815 
603 186 4 4 0.03696286 
381 182 2 2 0.036933724 
949 298 18 25 0.03690293 
642 76 4 4 0.036890984 
111 90 4 5 0.036862686 
557 241 5 7 0.036855612 
117 150 5 6 0.03685439 
501 173 3 3 0.036841556 
368 182 3 2 0.036834747 
641 11 488 333 0.036819246 
590 147 5 5 0.036727987 
269 152 5 7 0.036721047 
601 170 5 5 0.03672069 
992 234 6 7 0.036720306 
119 17 8 9 0.03671187 
266 27 9 10 0.036699645 
184 92 89 90 0.036699455 
196 316 9 11 0.0366725 
526 110 31 25 0.036585674 
432 182 2 3 0.03657491 
546 179 3 3 0.03655301 
773 465 28 21 0.036523268 
164 245 9 9 0.0364946 
541 237 19 21 0.036474913 
209 308 9 10 0.03646805 
961 148 4 4 0.036462627 
58 189 6 6 0.036454387 
588 290 6 7 0.03635987 
489 179 3 3 0.036342796 
60 159 4 5 0.036307678 
791 84 88 73 0.036251295 
540 180 3 3 0.03622809 
518 389 8 7 0.0362115 
20 166 5 5 0.03618188 
283 165 6 6 0.036175184 
682 86 10 12 0.036151458 
980 168 5 4 0.03613501 
923 313 5 4 0.03612894 
882 181 7 8 0.036096416 
892 133 4 5 0.036089882 
453 240 7 7 0.036080692 
669 273 10 12 0.036079314 
117 3 11 10 0.036068935 
91 267 12 15 0.036059123 
108 28 9 8 0.03602303 
109 202 7 7 0.03600935 
444 182 3 2 0.0360066 
207 159 5 5 0.035988845 
620 213 9 11 0.03598152 
54 257 10 13 0.03597096 
949 293 5 6 0.03596186 
772 391 11 10 0.03594826 
101 303 9 10 0.035947178 
595 136 7 8 0.035934906 
517 244 10 13 0.035923105 
601 166 5 5 0.03591863 
621 191 5 7 0.03591032 
724 127 6 6 0.035881426 
751 179 5 5 0.035823856 
232 291 22 28 0.03580929 
826 217 5 5 0.03574867 
270 166 6 7 0.035701625 
462 235 7 7 0.0355766 
57 219 7 9 0.035574798 
122 253 8 9 0.035566114 
405 217 4 5 0.035561793 
835 140 33 34 0.035548825 
640 266 23 20 0.035543237 
765 173 4 4 0.035533607 
820 13 4 5 0.035521384 
341 229 4 5 0.035517145 
39 159 6 5 0.035462737 
947 404 26 20 0.035456248 
474 67 6 7 0.035448235 
668 247 11 13 0.035446513 
137 223 4 5 0.03538999 
972 247 9 10 0.03536648 
111 167 121 109 0.03535554 
430 77 5 5 0.035321977 
522 162 3 2 0.0353189 
710 172 5 6 0.035317857 
959 286 7 6 0.035275172 
127 246 8 9 0.03526372 
582 238 8 9 0.03524718 
235 306 9 12 0.035246857 
724 170 5 6 0.035227515 
100 246 9 8 0.035226125 
732 139 4 5 0.035211995 
696 226 8 11 0.03519326 
525 389 8 6 0.035192277 
47 121 4 4 0.035147745 
163 160 4 3 0.035102967 
142 191 4 4 0.03509101 
819 217 6 7 0.035089873 
938 385 8 10 0.03508126 
543 266 8 8 0.035034884 
315 228 5 6 0.03502181 
976 315 12 15 0.034978326 
206 150 6 6 0.03493153 
828 14 4 4 0.034926675 
925 201 9 10 0.03490113 
287 203 6 6 0.034876686 
114 210 8 8 0.034792528 
149 180 4 4 0.034784045 
868 104 26 28 0.034750953 
920 164 6 7 0.03472557 
960 317 83 82 0.03470364 
937 356 100 81 0.03469334 
240 140 4 5 0.034681045 
657 210 7 7 0.03466272 
359 90 101 81 0.03461755 
53 153 4 4 0.034609158 
948 254 7 6 0.034591578 
165 240 7 9 0.034503136 
74 284 11 12 0.03449064 
703 143 7 7 0.03448866 
732 133 4 6 0.034485243 
923 159 99 85 0.034484614 
500 196 5 6 0.034469575 
917 179 7 9 0.03445659 
966 158 5 4 0.03442817 
171 192 7 7 0.03439535 
751 140 4 4 0.034364242 
616 165 4 5 0.034336768 
263 63 5 5 0.034307197 
116 191 6 6 0.034272395 
517 202 19 20 0.034259334 
733 201 8 9 0.034258604 
591 222 6 6 0.034254063 
765 167 4 4 0.034246445 
81 145 18 18 0.03423596 
136 185 5 4 0.034235876 
252 183 4 5 0.034234792 
440 240 7 9 0.034217898 
116 18 20 24 0.034210555 
533 178 4 4 0.03420664 
354 227 5 6 0.034204222 
85 289 23 25 0.03420193 
527 180 3 3 0.034197636 
415 257 12 10 0.03419591 
71 172 6 6 0.034188893 
21 172 4 4 0.034188207 
519 240 9 10 0.03417198 
167 234 6 7 0.03416326 
736 238 8 12 0.034156494 
545 447 14 9 0.03409906 
103 126 7 6 0.034035407 
604 112 12 12 0.034021072 
412 75 5 5 0.033999708 
601 241 7 8 0.03399068 
884 134 5 5 0.033988908 
244 193 4 4 0.033979256 
885 159 5 5 0.033975285 
251 165 5 6 0.033956867 
954 160 4 3 0.033951737 
639 66 22 21 0.0339517 
830 405 56 42 0.033919804 
263 134 4 5 0.033892155 
213 193 3 4 0.033889063 
954 386 52 37 0.033880234 
180 208 5 6 0.03386294 
135 208 5 6 0.03385945 
743 141 4 4 0.033858843 
712 203 7 8 0.033855606 
120 42 7 7 0.033831112 
693 166 5 5 0.033790134 
336 181 2 3 0.03376655 
888 440 31 22 0.03376397 
625 215 7 8 0.033755302 
808 204 13 12 0.03375326 
704 152 6 4 0.03372479 
211 163 6 6 0.03371143 
949 308 7 10 0.03370496 
847 183 6 6 0.033700716 
629 201 5 7 0.033643063 
84 172 5 5 0.033634923 
119 274 106 81 0.03362593 
918 143 2 3 0.0336191 
410 223 5 6 0.03355547 
652 74 23 25 0.033547994 
624 270 9 10 0.033531077 
161 166 4 5 0.03351223 
137 166 4 4 0.033502135 
28 172 5 5 0.033477914 
877 474 31 20 0.033465 
274 171 6 6 0.033455595 
242 48 9 7 0.033451173 
951 77 33 24 0.033435266 
714 218 10 12 0.033428945 
832 223 5 6 0.03342663 
31 286 8 8 0.03340538 
110 197 19 19 0.03339205 
12 210 5 6 0.033368908 
374 182 3 2 0.033325404 
151 291 58 44 0.03332404 
171 257 12 10 0.03331773 
243 379 11 11 0.033271257 
167 159 6 5 0.03326005 
77 307 12 12 0.03324376 
955 147 5 4 0.033219196 
53 121 4 4 0.033163317 
249 56 8 7 0.03315379 
916 54 94 81 0.033138618 
496 174 3 3 0.033095922 
105 132 6 6 0.03308335 
136 172 6 5 0.033071198 
558 247 7 8 0.03304225 
637 186 3 4 0.033039715 
15 179 4 5 0.032998607 
943 294 4 4 0.032997277 
527 162 3 3 0.03297398 
727 467 27 19 0.03296907 
384 234 7 7 0.032950886 
878 146 4 5 0.032916125 
455 260 24 22 0.03289764 
718 140 4 5 0.03289557 
118 75 4 6 0.032887988 
623 140 4 4 0.03288155 
405 141 5 5 0.03287663 
121 37 8 8 0.032875583 
40 171 4 5 0.032861233 
275 3 32 22 0.032851968 
669 155 7 8 0.032837685 
921 465 64 40 0.032815553 
894 445 53 40 0.03281416 
50 170 6 6 0.032751538 
589 470 29 22 0.032707464 
616 170 4 7 0.03269387 
962 196 6 7 0.032669656 
933 160 19 18 0.032663837 
851 172 8 7 0.03261799 
411 216 6 6 0.032616936 
20 178 4 5 0.032608274 
776 188 18 23 0.032602403 
476 133 3 4 0.03260185 
364 248 9 6 0.03258715 
205 181 203 210 0.032576267 
833 13 4 5 0.0325709 
545 438 8 6 0.03256265 
169 264 13 10 0.032560058 
7 207 95 88 0.032551434 
985 316 21 23 0.032549057 
393 269 10 11 0.032543365 
879 120 5 5 0.032542482 
758 140 5 6 0.032522656 
432 252 8 8 0.0325161 
667 465 15 12 0.032511145 
347 221 4 5 0.032508105 
71 176 6 6 0.032503475 
56 227 8 9 0.03246232 
933 194 7 7 0.03245853 
352 254 7 6 0.03244571 
406 147 4 3 0.03240969 
877 373 29 26 0.032406863 
710 139 5 5 0.032392286 
596 147 5 6 0.032384023 
603 145 5 7 0.032369174 
240 42 10 9 0.0323285 
579 325 581 416 0.03231682 
183 169 19 19 0.03230689 
260 21 22 24 0.03228886 
395 294 499 322 0.032234065 
115 99 5 6 0.03221978 
876 3 5 6 0.032216854 
890 190 7 8 0.03221589 
604 476 35 21 0.03218354 
993 167 5 5 0.032182332 
986 398 13 11 0.032155383 
579 465 57 41 0.032133333 
346 247 6 7 0.032132667 
1003 317 30 32 0.032091178 
816 220 8 8 0.03207467 
592 471 12 10 0.032060478 
388 260 9 9 0.03204748 
915 191 18 21 0.032044057 
179 183 5 5 0.03202349 
122 140 4 5 0.032011896 
744 318 17 13 0.03194968 
155 205 4 4 0.03194638 
787 121 6 7 0.031941205 
284 129 4 4 0.03193664 
635 296 11 16 0.031882606 
501 221 6 6 0.031847697 
129 166 4 3 0.031847224 
149 198 4 4 0.031819906 
133 252 9 10 0.031802412 
412 173 3 3 0.031798366 
483 475 34 23 0.031796116 
839 190 5 6 0.031793095 
527 166 3 3 0.03175539 
53 128 4 4 0.03175424 
218 155 7 10 0.0317491 
129 201 6 8 0.031741507 
483 442 33 28 0.03174122 
972 178 7 6 0.03170971 
41 147 4 4 0.031689685 
576 275 6 5 0.031667694 
121 207 6 8 0.0316534 
923 319 5 5 0.031628918 
28 180 5 5 0.031623047 
102 139 7 7 0.031614725 
187 161 5 3 0.031609576 
968 167 5 5 0.031594016 
85 137 5 7 0.03159043 
978 194 7 8 0.03158433 
87 287 14 15 0.03157994 
248 49 8 7 0.031554155 
60 121 3 4 0.031547308 
977 230 10 13 0.03153482 
500 57 6 6 0.03152195 
919 101 3 4 0.03152192 
192 165 6 5 0.031515308 
370 207 21 21 0.031511128 
354 434 88 78 0.031510934 
723 117 6 8 0.03150267 
180 192 5 5 0.03149445 
742 133 3 5 0.031489402 
774 453 24 22 0.03148354 
970 316 10 12 0.031482246 
501 366 17 10 0.03147982 
133 247 7 9 0.031439662 
410 242 5 5 0.031434342 
96 117 7 7 0.031414494 
341 223 4 5 0.031411387 
687 173 5 6 0.031408526 
868 203 11 13 0.03140825 
975 308 12 13 0.031398408 
651 146 9 9 0.03137803 
98 229 19 19 0.031334877 
475 160 4 4 0.031317845 
188 193 6 5 0.031303182 
26 154 5 5 0.03129674 
46 148 4 4 0.03128002 
71 287 20 23 0.031232236 
615 176 5 6 0.031206334 
885 127 4 5 0.031165412 
841 214 17 23 0.031162899 
803 86 27 26 0.031162841 
665 72 9 9 0.031162282 
206 139 6 6 0.031123305 
554 220 6 9 0.031098094 
89 140 6 6 0.031096917 
955 314 7 8 0.03109156 
1012 315 15 15 0.031031972 
658 86 8 10 0.031031303 
983 315 12 13 0.031025635 
904 308 4 4 0.031015681 
693 215 7 8 0.031011304 
41 121 3 4 0.031010773 
541 386 10 8 0.031000415 
472 234 8 8 0.030940281 
665 244 9 10 0.030934753 
1002 214 11 9 0.030930683 
354 42 16 14 0.030930622 
479 249 6 6 0.030916158 
155 198 4 4 0.030914046 
277 129 4 4 0.03090823 
18 216 7 7 0.030898534 
378 215 18 21 0.030879285 
252 136 4 4 0.030867124 
648 276 13 13 0.030865138 
0 286 7 13 0.0308548 
872 134 5 5 0.030831821 
873 121 5 4 0.030822037 
51 184 5 6 0.030814929 
682 81 9 8 0.030779446 
870 172 7 7 0.030758059 
171 42 106 77 0.03073471 
32 232 8 8 0.030690623 
55 247 8 9 0.030681247 
448 242 7 7 0.030647084 
277 86 59 44 0.03063298 
953 325 7 8 0.030600816 
738 139 3 5 0.0305965 
910 166 4 5 0.030582804 
836 347 103 89 0.030580608 
630 101 11 12 0.030569628 
63 190 8 8 0.030526169 
567 251 9 9 0.030525384 
855 464 30 25 0.03052502 
90 131 6 6 0.030505918 
700 231 20 26 0.030497478 
718 135 4 4 0.03044646 
558 251 8 10 0.030446308 
327 202 21 20 0.030427663 
612 223 10 11 0.030417265 
814 7 4 4 0.030381093 
412 83 5 6 0.030349398 
39 196 5 5 0.030315029 
578 186 4 4 0.03024548 
599 171 4 4 0.03023772 
270 171 7 7 0.030225608 
44 228 8 8 0.030216655 
370 234 8 7 0.030212233 
199 165 5 4 0.03019009 
402 227 5 7 0.030189477 
807 201 9 9 0.030184533 
660 159 5 5 0.030128324 
189 326 24 25 0.030122632 
102 152 8 6 0.030109443 
727 217 10 13 0.030073684 
252 192 5 5 0.03006664 
861 213 11 13 0.030052526 
127 16 7 7 0.03002538 
655 187 3 4 0.030019451 
60 153 4 4 0.029961497 
1005 152 9 8 0.02995634 
123 76 4 6 0.029950855 
636 78 4 4 0.029947223 
167 240 23 20 0.029900853 
640 82 4 5 0.029881813 
342 129 3 3 0.029874904 
897 147 4 5 0.02985443 
433 208 19 21 0.029846972 
363 259 11 10 0.029842509 
84 239 7 9 0.02982897 
180 160 5 4 0.029828751 
46 196 5 5 0.029825108 
619 219 11 13 0.029814314 
511 221 8 8 0.029813413 
29 239 10 10 0.029788071 
893 119 4 7 0.029753292 
360 128 4 4 0.029752666 
232 127 5 4 0.029749345 
320 236 6 5 0.029747665 
21 153 4 5 0.029729586 
948 134 7 6 0.029712088 
52 324 22 25 0.029707953 
476 154 3 3 0.029704096 
770 147 3 4 0.029686 
39 249 26 25 0.029678091 
903 158 5 6 0.029676646 
14 263 49 39 0.029676402 
233 307 5 6 0.02967282 
479 202 18 18 0.029670896 
931 160 6 5 0.029665727 
112 7 10 10 0.029615516 
884 110 19 27 0.029602835 
857 107 45 52 0.029567868 
768 188 6 7 0.02956088 
730 169 5 6 0.02953478 
699 98 7 9 0.029523624 
470 265 12 12 0.029499974 
256 150 5 7 0.0294994 
128 44 6 6 0.029490782 
531 224 9 12 0.02948804 
72 203 19 21 0.029480487 
533 441 6 4 0.029480183 
809 174 3 3 0.029475577 
917 313 5 5 0.02946185 
923 95 3 5 0.029453143 
110 133 5 5 0.02943351 
614 202 7 9 0.02938995 
884 120 5 5 0.029387563 
416 222 20 18 0.029384151 
686 199 5 8 0.029380534 
418 174 4 3 0.02936935 
206 165 5 4 0.029368833 
409 70 7 6 0.029354021 
582 482 13 12 0.029315855 
587 170 6 5 0.029282928 
622 159 4 5 0.029269472 
256 182 6 7 0.029262388 
674 87 7 8 0.029258417 
933 121 6 6 0.029247949 
6 52 29 28 0.029246515 
512 212 7 8 0.02922777 
852 18 3 5 0.029224822 
940 255 6 5 0.029211674 
758 121 4 5 0.0292112 
198 159 6 4 0.029203061 
245 136 4 4 0.029190486 
991 241 7 8 0.029162968 
86 271 19 22 0.029156972 
922 176 18 20 0.029146053 
987 167 5 4 0.02912605 
778 469 15 11 0.029116277 
326 221 6 6 0.029115198 
288 227 6 7 0.02911261 
136 76 5 5 0.029100848 
107 50 8 8 0.029095434 
353 133 5 5 0.029095378 
425 173 3 3 0.029086016 
247 315 10 14 0.029073961 
58 165 5 5 0.029071882 
731 232 7 9 0.029070506 
659 237 10 11 0.029064612 
327 244 59 42 0.02906354 
349 129 3 3 0.029056985 
833 460 16 15 0.029052895 
991 195 8 8 0.029049883 
501 375 16 11 0.029030118 
762 126 5 6 0.02902195 
278 78 29 20 0.029004565 
661 234 18 18 0.028981019 
5 257 94 83 0.028943053 
984 231 9 11 0.02893117 
737 404 9 12 0.028919375 
14 183 4 6 0.02889782 
694 160 4 4 0.028897518 
476 172 3 3 0.028883891 
960 177 6 6 0.028876208 
887 225 24 31 0.02887064 
948 146 6 5 0.028858075 
461 265 9 10 0.028827514 
165 275 32 21 0.028818717 
949 302 7 10 0.028815182 
180 270 48 41 0.028796926 
356 62 33 27 0.02879104 
764 121 5 5 0.028784255 
160 192 21 21 0.028761907 
390 252 20 18 0.028746678 
951 411 14 10 0.02873258 
533 436 5 4 0.02872715 
642 186 3 4 0.028714912 
224 233 7 9 0.028708495 
1 61 7 10 0.02870534 
21 259 21 23 0.028697053 
257 135 4 5 0.028692603 
909 313 5 5 0.028673438 
938 328 8 10 0.028653812 
999 208 8 7 0.028630557 
79 132 5 5 0.028622096 
799 200 7 8 0.02861291 
290 129 4 4 0.028611796 
527 173 3 3 0.028601214 
214 135 3 5 0.028569698 
971 102 26 24 0.028567078 
96 108 6 6 0.02856619 
705 437 12 10 0.028561587 
629 145 6 8 0.028550882 
910 141 3 4 0.02854348 
464 169 3 2 0.028541667 
890 201 13 11 0.028538745 
966 285 6 6 0.0285214 
753 151 4 5 0.028520543 
588 253 7 9 0.028513618 
81 118 403 359 0.028511003 
118 49 5 7 0.028451081 
986 351 8 8 0.028439049 
355 102 5 4 0.02843421 
538 259 7 8 0.02842992 
953 94 26 26 0.028421717 
472 284 11 14 0.028416067 
972 304 9 9 0.028371157 
249 39 65 49 0.028369704 
978 288 7 6 0.028325923 
115 37 8 7 0.028320858 
102 8 9 10 0.02831587 
844 193 7 9 0.02831002 
121 246 8 8 0.028301928 
657 149 8 8 0.028297903 
90 106 6 6 0.02829376 
856 162 10 9 0.02827493 
854 13 3 4 0.02827033 
364 240 9 7 0.028241409 
728 258 7 11 0.028231267 
566 161 3 4 0.028214412 
553 295 14 13 0.028205862 
97 86 97 96 0.028205024 
848 220 9 12 0.028189667 
931 153 3 4 0.028189292 
579 159 4 4 0.028188339 
383 224 18 20 0.028175041 
696 93 8 8 0.028167088 
930 164 6 6 0.028159779 
348 255 29 21 0.02815627 
386 264 12 10 0.028150147 
511 226 9 9 0.028137706 
475 2 15 11 0.028130805 
328 228 7 6 0.02811699 
994 325 10 13 0.02809008 
595 446 27 22 0.028079582 
641 60 48 49 0.028074477 
277 134 4 4 0.02805329 
175 173 4 3 0.028053224 
34 147 3 4 0.028025737 
188 279 10 9 0.028018823 
594 477 12 9 0.028012225 
563 257 9 9 0.028012188 
49 260 12 13 0.028007207 
238 135 4 5 0.027994527 
713 253 17 22 0.027950669 
265 192 5 5 0.027950464 
938 402 56 43 0.027923955 
588 279 8 7 0.02790584 
933 106 5 6 0.027904747 
970 309 10 11 0.027895544 
757 145 5 7 0.027894905 
595 132 7 8 0.027894884 
439 190 22 21 0.027866045 
43 233 7 8 0.027855078 
4 -53 517 348 0.02784181 
239 306 24 31 0.027828567 
118 253 19 20 0.02782289 
256 176 5 8 0.02780569 
175 211 4 5 0.027804231 
185 294 17 13 0.02778873 
893 114 3 5 0.027776457 
250 158 5 7 0.027759608 
757 129 7 9 0.02774504 
823 178 21 22 0.027739795 
173 202 5 6 0.027737254 
168 185 4 4 0.027736899 
51 178 5 6 0.027710339 
173 159 5 5 0.027705522 
193 160 5 4 0.027705073 
619 259 9 10 0.027697038 
434 247 7 8 0.027689992 
233 310 6 7 0.027672186 
321 230 5 5 0.027664736 
665 265 11 12 0.027652359 
571 159 4 5 0.027632266 
988 311 11 12 0.027628435 
467 239 7 8 0.027618594 
284 234 5 7 0.027618462 
731 127 5 6 0.027616499 
136 240 6 7 0.027614575 
300 228 7 6 0.027611183 
542 249 9 11 0.02758829 
408 3 49 41 0.027574236 
429 82 5 7 0.027572563 
716 230 9 13 0.027571306 
981 404 12 11 0.02755087 
935 139 5 5 0.027549362 
102 215 19 17 0.027545502 
39 216 6 7 0.027544392 
891 139 5 5 0.027541442 
58 185 5 5 0.027534675 
57 270 22 27 0.027534496 
38 183 5 5 0.027532622 
741 377 24 22 0.02752902 
96 240 7 7 0.027527373 
52 159 5 5 0.027522957 
425 82 4 6 0.027513567 
884 138 5 5 0.027513176 
701 249 12 13 0.027503962 
250 152 5 6 0.02747831 
347 103 5 4 0.027444653 
768 120 6 5 0.02743902 
141 179 5 4 0.027435312 
39 203 6 7 0.027424874 
174 164 5 5 0.027414326 
241 375 20 19 0.027411025 
531 388 9 7 0.027405784 
903 183 6 7 0.027395269 
839 17 4 5 0.027382588 
634 150 8 9 0.027371537 
516 476 38 25 0.027362183 
1 54 7 10 0.027346715 
984 187 8 9 0.027331121 
90 21 47 48 0.027317239 
538 435 6 5 0.027261881 
159 210 6 5 0.02726126 
184 257 10 9 0.027186427 
524 375 30 20 0.027164917 
133 11 8 7 0.027161608 
703 229 10 12 0.027158743 
966 282 6 5 0.027154516 
149 192 4 4 0.027150812 
769 166 7 7 0.027127862 
156 185 3 4 0.027127787 
952 250 9 9 0.02712389 
916 145 4 5 0.027104944 
670 66 10 10 0.027100364 
467 11 6 7 0.027090952 
537 387 9 7 0.027089374 
607 227 7 9 0.02708626 
130 76 5 5 0.027063452 
60 147 3 4 0.027058171 
826 223 5 5 0.027050007 
771 409 21 25 0.02703296 
295 180 4 4 0.027021568 
213 172 4 5 0.027010845 
31 290 7 8 0.027005216 
430 85 6 8 0.026998464 
242 55 8 7 0.02699253 
297 128 5 5 0.026990311 
425 85 5 8 0.02697512 
648 310 11 11 0.02696761 
115 228 6 7 0.026960308 
452 247 7 8 0.026959198 
334 128 4 4 0.026958771 
164 259 10 8 0.02694766 
653 75 6 6 0.026946176 
255 228 9 9 0.026935192 
784 175 43 42 0.026901042 
486 220 5 7 0.02687612 
1016 195 7 8 0.026875718 
252 13 57 47 0.02685851 
964 199 9 10 0.026849989 
751 173 4 4 0.026843926 
221 194 3 3 0.026838988 
283 141 4 4 0.02681568 
102 251 9 10 0.026810346 
303 181 3 3 0.026800545 
582 218 6 8 0.02679788 
262 21 8 10 0.026795339 
725 139 4 5 0.026781 
928 330 6 6 0.026779259 
464 267 11 12 0.026774587 
416 75 6 6 0.02677373 
111 272 7 8 0.026763344 
834 18 4 5 0.026760463 
851 387 56 44 0.026747463 
415 86 5 8 0.026740722 
896 162 18 24 0.026734719 
151 273 12 9 0.02673375 
930 149 3 3 0.026714066 
507 457 14 9 0.026691152 
294 165 4 5 0.026681047 
452 233 9 9 0.026674997 
58 179 5 4 0.026666403 
533 223 20 24 0.026659299 
149 241 18 20 0.026639977 
594 245 7 9 0.02663402 
497 238 10 10 0.02663269 
646 82 20 25 0.026578195 
253 -4 46 34 0.026569568 
897 311 5 5 0.026568105 
686 207 5 8 0.026546644 
661 220 10 12 0.026545256 
46 184 6 5 0.02651888 
181 165 4 4 0.026513875 
865 134 5 5 0.026477091 
245 169 5 8 0.026474375 
947 360 7 8 0.026446825 
747 140 92 89 0.026422048 
476 140 4 4 0.026414597 
386 75 27 25 0.026388332 
395 231 7 8 0.026321141 
28 221 5 6 0.026320087 
862 173 23 24 0.026309 
628 150 7 8 0.026296893 
364 81 8 8 0.026292374 
136 178 5 4 0.02627643 
26 65 12 13 0.026269417 
256 51 7 6 0.026262261 
39 160 19 21 0.02626208 
226 141 3 4 0.026259555 
235 55 8 7 0.026249005 
122 70 4 6 0.026238233 
370 80 10 8 0.026236534 
496 361 16 10 0.02621828 
693 152 5 5 0.026212787 
82 218 19 20 0.026207255 
806 360 7 8 0.026193017 
7 153 5 5 0.026136665 
136 216 4 5 0.026130598 
346 252 7 7 0.026126977 
542 382 11 8 0.026099551 
946 243 11 10 0.026094781 
66 149 3 4 0.02608168 
927 104 8 9 0.026079882 
873 115 4 4 0.026066046 
596 185 5 5 0.026063858 
48 207 8 9 0.026057782 
363 239 24 21 0.02605352 
123 277 18 13 0.026052734 
724 450 17 14 0.026050908 
528 381 11 8 0.026044581 
77 12 7 7 0.026036719 
4 238 11 18 0.026035625 
299 202 114 92 0.026026385 
747 206 8 11 0.026023977 
673 345 24 23 0.02601935 
108 108 6 6 0.026016183 
121 185 5 4 0.025998805 
310 223 5 4 0.025983628 
731 105 5 7 0.025978379 
909 175 6 8 0.025972655 
609 170 5 6 0.025958875 
609 186 5 5 0.025956325 
685 152 4 5 0.025949957 
707 235 11 15 0.02593358 
643 283 13 12 0.025932068 
272 129 3 4 0.025927017 
2 222 5 7 0.025926849 
348 265 15 10 0.025924945 
371 88 8 7 0.025916802 
434 85 7 8 0.025915964 
453 336 51 36 0.025904905 
39 201 18 20 0.025899975 
168 252 25 18 0.025893573 
533 168 3 3 0.02588601 
7 70 9 11 0.025871024 
570 229 5 7 0.025865419 
236 226 7 9 0.025862526 
232 153 5 5 0.02581894 
400 265 10 10 0.025793066 
280 303 9 8 0.025785236 
390 241 6 6 0.025781356 
121 133 5 5 0.025779571 
89 137 24 21 0.025770985 
930 96 5 4 0.025748944 
155 192 4 4 0.02574186 
519 89 5 4 0.025709188 
184 343 26 26 0.02568874 
129 184 5 5 0.025677655 
420 68 23 26 0.025670553 
571 110 28 27 0.025656417 
66 185 5 5 0.025642183 
538 440 7 5 0.02564166 
207 15 32 26 0.02562745 
199 178 4 4 0.025584403 
7 147 5 5 0.025578853 
60 297 20 24 0.025570143 
948 353 6 8 0.025567215 
797 220 10 11 0.025546724 
147 237 8 9 0.02554212 
767 468 49 38 0.025527177 
672 178 7 6 0.02552219 
346 244 5 5 0.025509765 
175 194 20 23 0.025487047 
808 160 4 4 0.025464155 
438 408 36 33 0.025421342 
840 195 5 7 0.02536795 
778 31 92 71 0.02536458 
143 65 5 4 0.025363615 
293 5 27 21 0.02535646 
155 178 5 5 0.025346799 
415 235 20 17 0.025342297 
683 243 8 10 0.025331417 
264 183 5 6 0.025323655 
147 246 10 11 0.025303038 
991 133 28 25 0.02529898 
180 179 5 5 0.025289832 
640 100 5 8 0.025288742 
126 88 6 7 0.02526907 
359 89 7 6 0.025263965 
140 173 5 4 0.025254173 
513 70 5 4 0.025252992 
923 89 4 4 0.025244256 
880 191 19 20 0.025233112 
131 315 64 52 0.025231188 
299 22 99 80 0.025229018 
47 128 4 4 0.025228184 
75 41 8 9 0.02520505 
168 180 4 3 0.02519144 
635 156 5 6 0.025169423 
169 273 14 9 0.025160449 
399 94 5 6 0.025160063 
185 284 15 11 0.025159024 
834 173 4 5 0.025157088 
15 191 4 5 0.025154633 
729 218 35 38 0.0251539 
756 158 5 5 0.025148576 
237 161 8 10 0.02514283 
720 153 4 4 0.025129568 
118 33 24 24 0.02512702 
59 195 7 9 0.025124593 
492 221 6 7 0.025124533 
12 57 8 8 0.025103584 
351 102 59 49 0.0250948 
526 77 6 4 0.025091218 
959 324 8 8 0.025085824 
922 306 5 5 0.02508374 
616 286 12 15 0.025079463 
540 322 14 10 0.025075138 
800 400 6 7 0.025071051 
187 184 5 5 0.025059681 
233 134 4 5 0.025053285 
109 37 6 6 0.025044149 
256 159 5 7 0.025041476 
130 102 4 4 0.025030034 
295 160 4 5 0.025019478 
49 271 10 10 0.025011215 
541 173 3 3 0.02500667 
465 241 19 20 0.024991317 
262 50 7 6 0.024990223 
855 172 12 10 0.02498941 
909 189 7 9 0.024980852 
643 217 20 21 0.024968643 
271 134 4 5 0.024959354 
12 158 6 5 0.024943814 
91 113 5 6 0.024941087 
162 185 4 3 0.024935607 
1000 393 28 24 0.024935476 
944 261 5 6 0.024930632 
156 135 3 3 0.024903975 
224 201 17 22 0.024880325 
879 153 4 4 0.024880221 
1005 190 6 6 0.024875712 
961 187 22 21 0.024870785 
147 153 5 4 0.024866704 
834 153 5 5 0.024860425 
188 314 21 23 0.024848927 
191 236 6 7 0.024847217 
523 452 12 7 0.024843633 
824 184 10 11 0.024839045 
401 48 11 8 0.024833344 
983 334 27 26 0.024832033 
726 305 16 15 0.024824753 
628 210 6 7 0.024810797 
231 35 26 22 0.024799036 
76 15 8 9 0.024791958 
595 446 9 7 0.024780143 
66 190 21 20 0.024770778 
150 140 4 4 0.024757477 
347 107 5 4 0.024744775 
411 86 6 7 0.024738913 
199 241 5 6 0.024722995 
833 6 4 4 0.024721457 
936 95 5 4 0.024698872 
546 159 3 4 0.024690097 
656 472 26 23 0.024685496 
867 216 13 12 0.024669766 
964 253 8 8 0.024667025 
536 426 25 21 0.02466161 
502 470 14 9 0.024660492 
948 282 23 23 0.024659632 
85 126 5 6 0.024655482 
601 233 7 8 0.02464129 
501 233 12 11 0.024639592 
44 278 21 24 0.024628397 
927 112 7 7 0.024626346 
67 345 31 23 0.024626343 
679 171 4 6 0.024618493 
451 174 3 3 0.024601689 
911 90 4 4 0.024601642 
577 153 4 5 0.024596935 
104 111 6 7 0.024595292 
903 313 5 5 0.02458842 
521 118 14 9 0.02457922 
672 208 5 7 0.02457278 
162 134 5 5 0.024556909 
285 160 5 5 0.02454169 
488 127 4 4 0.024531571 
420 327 56 40 0.02451141 
492 216 6 6 0.0245103 
240 206 17 19 0.024496915 
930 139 5 4 0.02449521 
860 13 3 3 0.024494179 
648 186 3 4 0.02449241 
128 94 4 5 0.02449129 
495 161 3 3 0.024489988 
959 240 13 12 0.024484307 
219 135 4 5 0.024474923 
911 146 3 4 0.024472496 
489 123 3 4 0.024467872 
503 225 10 10 0.02446274 
269 216 6 6 0.024446901 
525 250 11 13 0.024427203 
418 241 25 22 0.02441569 
147 159 5 4 0.024408296 
517 225 8 9 0.024402922 
900 140 3 5 0.024387056 
660 164 6 6 0.024385694 
159 10 10 7 0.024381956 
934 103 5 5 0.024380974 
107 7 22 22 0.024377448 
172 140 5 5 0.024372991 
130 196 17 19 0.024358824 
261 8 11 10 0.02435463 
52 234 7 8 0.024342464 
507 376 31 25 0.02433557 
95 239 19 20 0.024328815 
115 131 6 6 0.024325782 
237 149 19 22 0.024306959 
137 71 4 4 0.024292694 
149 65 5 4 0.024292069 
112 233 108 75 0.024282465 
495 167 3 3 0.024282087 
546 429 5 4 0.024276063 
992 342 9 8 0.024268972 
699 382 43 42 0.024261964 
990 349 11 10 0.024259679 
257 62 6 5 0.024248227 
758 201 8 9 0.024239259 
233 157 5 7 0.024232656 
943 299 3 5 0.024228355 
216 63 11 9 0.024226243 
271 47 12 9 0.024222659 
764 458 13 11 0.02422042 
826 428 37 25 0.024214456 
174 154 4 4 0.024212522 
940 425 59 47 0.0242084 
545 167 4 4 0.02420613 
354 96 6 5 0.02420476 
761 131 5 6 0.024203647 
903 144 5 6 0.024197455 
719 146 4 4 0.024196846 
203 233 19 24 0.024190675 
154 153 4 4 0.024183035 
390 197 21 19 0.024173956 
543 379 24 20 0.024164034 
533 173 4 3 0.024164025 
813 176 21 20 0.024158979 
238 74 12 8 0.024158517 
342 122 3 3 0.024154486 
713 136 4 4 0.02415285 
474 64 6 6 0.024150845 
839 409 28 22 0.024148166 
730 225 8 10 0.024147173 
143 142 4 3 0.024144242 
130 71 4 5 0.024132673 
377 259 13 10 0.024129845 
976 327 10 11 0.024128672 
483 160 3 4 0.024100685 
879 107 5 6 0.024094345 
241 289 11 13 0.024078343 
46 190 6 7 0.024071869 
346 95 6 5 0.024068763 
358 238 7 6 0.024068004 
14 147 4 5 0.02406569 
660 55 6 7 0.024047924 
303 160 4 4 0.024040611 
814 46 35 27 0.024036244 
79 128 3 5 0.024014719 
257 23 6 7 0.024000494 
13 152 5 6 0.023998203 
727 326 31 27 0.023996752 
716 184 7 7 0.023979025 
489 134 3 4 0.023973659 
381 246 8 8 0.023965301 
863 163 8 7 0.023964142 
930 88 5 4 0.023957063 
550 427 6 5 0.023945073 
1003 196 8 6 0.02394408 
52 148 4 3 0.02392776 
135 43 6 6 0.02392727 
933 135 6 5 0.023912303 
251 239 23 25 0.023895705 
462 11 6 7 0.023892578 
992 188 8 8 0.023884088 
879 138 5 6 0.023881303 
115 54 6 7 0.02386218 
589 215 4 6 0.023856949 
54 303 11 16 0.023849372 
263 74 5 6 0.02384425 
911 115 4 4 0.023840165 
662 426 14 10 0.023826519 
403 1 30 23 0.023818685 
155 140 4 4 0.023809059 
248 43 7 6 0.023807174 
1003 144 9 8 0.023806665 
130 192 4 4 0.023798965 
815 13 4 4 0.023795914 
406 153 4 4 0.02378997 
985 134 7 6 0.023782741 
19 183 6 6 0.02377855 
155 166 4 4 0.023773843 
101 22 7 8 0.0237729 
282 133 5 5 0.023764992 
971 213 8 9 0.0237626 
167 211 6 5 0.023759997 
608 177 5 6 0.023749758 
71 10 5 7 0.02373461 
184 144 8 7 0.023732075 
106 247 8 8 0.023730407 
629 158 4 5 0.023727529 
16 172 4 5 0.023719637 
532 76 6 5 0.023716297 
702 95 7 8 0.023714751 
1010 200 20 24 0.02369914 
235 48 10 9 0.023693481 
579 133 26 27 0.023693155 
144 280 40 22 0.0236914 
236 312 9 12 0.023686629 
328 70 5 4 0.023670897 
832 227 6 7 0.023664383 
558 167 4 4 0.023652319 
31 220 6 7 0.023647469 
245 260 7 11 0.023641137 
827 173 4 4 0.02363535 
998 167 6 5 0.02363315 
253 51 23 25 0.023631994 
870 190 17 23 0.023630414 
943 148 4 3 0.023630409 
1006 120 6 6 0.023626465 
250 61 7 6 0.02361801 
176 185 4 4 0.023617769 
909 307 5 4 0.023611853 
622 135 4 5 0.023611097 
678 82 23 22 0.023592455 
717 160 5 5 0.023580348 
218 215 6 6 0.023574017 
978 116 10 10 0.023562059 
1005 133 8 6 0.023561636 
654 82 6 6 0.023556491 
102 29 7 7 0.023549799 
275 151 5 6 0.023546534 
827 440 16 17 0.023545017 
249 283 55 46 0.023543425 
104 100 5 6 0.02353047 
475 165 5 4 0.023524912 
799 105 7 7 0.023518663 
560 148 4 4 0.023504177 
277 227 5 6 0.023482123 
686 422 35 24 0.023472851 
170 148 111 101 0.023466611 
197 229 47 49 0.023462318 
2 249 10 14 0.023460811 
425 76 4 5 0.023459215 
94 309 11 11 0.023452653 
34 153 4 4 0.023433525 
267 56 8 6 0.02342614 
539 393 12 8 0.023416085 
873 13 3 4 0.02340928 
759 214 11 13 0.023401227 
731 94 4 6 0.023397539 
798 191 44 49 0.023378702 
622 277 11 12 0.023366803 
967 221 8 9 0.023364758 
38 291 8 8 0.023358453 
936 154 4 4 0.02333647 
491 254 8 8 0.023333736 
876 180 7 8 0.023298629 
314 236 5 4 0.023283318 
533 134 7 6 0.02327864 
364 88 8 7 0.023276264 
142 165 5 4 0.023267476 
88 251 20 25 0.023255289 
762 141 5 5 0.023253737 
722 207 21 22 0.023252752 
442 102 5 5 0.023251712 
954 206 7 8 0.023248022 
663 215 8 8 0.023241848 
688 419 12 9 0.023239294 
802 115 5 5 0.023229832 
839 442 55 44 0.023226082 
793 102 24 26 0.023203397 
7 157 5 6 0.02319787 
38 191 6 6 0.023190822 
889 428 33 22 0.023190778 
866 6 4 5 0.023189407 
501 385 13 10 0.023181835 
654 156 5 6 0.023168772 
962 159 5 4 0.023167111 
677 451 11 9 0.023156486 
656 303 12 12 0.023153838 
770 154 4 4 0.0231396 
984 107 10 9 0.02313162 
207 173 4 3 0.023127537 
396 81 8 8 0.023115814 
287 233 6 7 0.023107568 
225 213 17 23 0.023100786 
591 247 7 8 0.023097295 
3 288 10 12 0.023077618 
603 193 14 20 0.023076909 
554 98 33 27 0.023074675 
872 127 5 4 0.023071093 
80 177 5 6 0.023057718 
654 212 20 22 0.023056718 
879 12 4 4 0.02305542 
877 417 28 25 0.02305499 
143 75 5 5 0.023054795 
932 202 7 8 0.023043329 
174 114 6 6 0.02303974 
508 77 4 5 0.023035172 
194 318 47 45 0.023034861 
295 172 4 4 0.02303444 
355 122 4 3 0.02303424 
217 290 25 24 0.023026278 
622 152 5 6 0.023017345 
396 58 28 24 0.02301454 
101 228 8 8 0.023011798 
195 296 22 24 0.023010815 
694 206 19 24 0.023009634 
852 139 5 6 0.023008063 
415 69 7 7 0.023000631 
820 174 5 4 0.022985702 
908 251 11 14 0.022972737 
771 213 11 13 0.022967365 
755 151 6 6 0.022960467 
115 108 5 5 0.022953216 
123 108 4 4 0.022951415 
470 160 4 3 0.022950623 
473 240 8 9 0.022918032 
387 173 3 3 0.02288775 
513 247 8 9 0.022880286 
983 245 8 9 0.02287473 
641 179 4 4 0.022842983 
716 163 6 6 0.022833345 
976 207 12 12 0.022821737 
134 37 7 7 0.02281656 
232 141 5 4 0.02280607 
834 158 4 5 0.022801531 
710 145 5 5 0.022798339 
107 8 9 10 0.022780063 
515 433 30 25 0.022761496 
712 200 17 20 0.022759717 
886 319 4 6 0.022758434 
972 293 23 20 0.022740064 
682 148 3 5 0.022730742 
431 229 19 22 0.022727849 
134 25 6 6 0.022726864 
359 134 4 4 0.022723379 
514 77 5 5 0.022707984 
821 7 4 3 0.022705426 
360 122 4 3 0.022703892 
791 205 8 10 0.022688484 
349 123 3 2 0.022686565 
51 227 7 8 0.022682225 
161 204 5 5 0.022676898 
782 449 15 15 0.022667611 
480 461 17 12 0.022666281 
737 88 7 7 0.022660702 
751 122 20 25 0.022657251 
164 98 28 29 0.0226414 
303 173 3 3 0.022639412 
138 237 19 24 0.022634296 
90 80 8 8 0.022634078 
458 169 2 2 0.02262842 
408 127 10 8 0.022623654 
271 37 14 12 0.022617042 
911 195 6 8 0.022614524 
82 217 10 10 0.022612263 
610 209 16 21 0.022585528 
475 129 4 4 0.022583894 
412 236 5 5 0.022583779 
489 367 15 10 0.022578338 
506 68 5 5 0.022572268 
122 101 5 4 0.022570506 
999 153 7 6 0.022570042 
150 135 4 4 0.02256905 
789 155 4 4 0.022568712 
137 95 5 5 0.02256663 
662 186 4 5 0.022543438 
402 93 7 7 0.022531928 
586 132 8 7 0.02251344 
49 303 21 30 0.022512538 
559 171 4 4 0.022512339 
679 177 5 6 0.022512171 
79 152 5 5 0.02250938 
34 197 5 5 0.022508845 
310 173 3 3 0.022506747 
871 318 5 6 0.022505665 
948 287 5 5 0.02249869 
635 86 6 6 0.022494612 
944 286 3 5 0.022492435 
935 313 5 5 0.022484893 
106 247 22 22 0.022483898 
944 282 3 3 0.022482798 
558 436 5 4 0.022480566 
991 229 7 8 0.02247891 
42 127 4 5 0.022474963 
632 143 7 9 0.022459846 
320 242 6 6 0.022458373 
789 221 19 25 0.022450628 
816 174 4 3 0.022449574 
581 264 7 9 0.022443958 
832 187 8 10 0.022428995 
812 97 9 9 0.02242401 
76 35 8 8 0.022420686 
501 438 11 9 0.022420228 
814 106 7 7 0.022415794 
124 82 5 7 0.022406194 
398 159 4 4 0.022387506 
148 69 5 5 0.022383947 
831 397 29 22 0.022380428 
993 159 5 5 0.022364875 
968 329 7 8 0.022363296 
853 5 4 5 0.02235753 
4 61 11 12 0.02235379 
651 160 48 57 0.02234685 
417 461 25 31 0.02234281 
895 117 7 9 0.022339718 
591 37 95 94 0.02233771 
706 87 5 6 0.022300528 
939 135 26 22 0.022296967 
15 244 22 21 0.022283947 
897 150 5 6 0.022275364 
316 174 3 2 0.022270823 
691 98 7 8 0.022269523 
303 129 5 4 0.022266246 
975 232 18 22 0.022257205 
162 179 4 4 0.022253506 
206 186 3 4 0.022244623 
198 173 5 5 0.022241345 
10 184 4 5 0.022239573 
767 10 12 9 0.022232814 
770 159 4 4 0.0222302 
66 4 5 7 0.022204563 
82 37 6 6 0.022187838 
500 463 14 9 0.02218668 
520 422 3 4 0.022180755 
933 83 27 25 0.022160036 
1 150 5 8 0.022154484 
129 48 6 6 0.022141313 
60 134 3 3 0.022138365 
618 134 20 28 0.02213287 
839 421 34 20 0.022132654 
308 129 5 4 0.022130968 
94 79 20 26 0.022113765 
258 70 5 5 0.02211361 
282 247 5 5 0.022113012 
586 228 18 20 0.022106295 
431 174 3 2 0.022102641 
944 135 5 4 0.022100337 
750 166 3 4 0.022099975 
660 62 26 24 0.022089312 
864 310 91 86 0.022078624 
746 389 12 14 0.022077568 
936 356 10 14 0.022073925 
165 252 10 10 0.022065476 
649 147 6 7 0.022062562 
1000 133 8 7 0.022059236 
699 146 6 5 0.022059198 
137 122 4 3 0.022055445 
923 324 6 6 0.02205385 
179 246 8 7 0.022043785 
314 128 5 5 0.022033202 
168 172 4 4 0.022031302 
976 335 10 10 0.022021182 
924 148 3 4 0.022020523 
162 171 4 5 0.022017298 
760 361 29 27 0.02201388 
947 313 22 25 0.0220044 
128 209 6 6 0.0220044 
207 244 17 27 0.022002192 
928 304 6 5 0.022001768 
351 248 6 6 0.02199396 
13 261 8 8 0.021986367 
560 161 3 4 0.021975849 
642 94 5 7 0.021972967 
231 208 18 21 0.02196263 
602 105 9 8 0.021949304 
890 174 19 21 0.021939587 
751 160 4 4 0.021930514 
942 83 6 5 0.021930108 
775 134 4 4 0.021917263 
526 386 26 20 0.021913417 
235 69 9 6 0.021910435 
227 46 27 21 0.021901434 
595 57 10 7 0.021895865 
707 37 53 50 0.021893222 
845 388 14 10 0.021891154 
260 283 11 10 0.021888884 
7 170 5 7 0.021888057 
213 186 3 4 0.021887282 
719 114 21 27 0.02188 
393 153 4 4 0.021877607 
881 431 111 71 0.02186799 
560 138 27 27 0.02186222 
174 106 6 8 0.021855192 
194 19 4 4 0.021854911 
384 189 20 20 0.021826753 
379 234 6 7 0.021825086 
880 170 20 22 0.021821389 
785 213 8 9 0.021812132 
587 477 11 9 0.02181037 
983 118 9 8 0.021807674 
884 157 22 22 0.02180386 
545 172 4 4 0.02179106 
710 296 14 13 0.021789707 
27 187 6 8 0.02178856 
540 148 4 4 0.021783302 
199 153 6 5 0.021778414 
745 308 14 14 0.021778082 
860 18 4 5 0.021774357 
987 161 4 3 0.02177426 
159 257 8 9 0.02176398 
350 79 29 26 0.02175804 
175 262 14 11 0.021756534 
990 120 8 7 0.021755321 
529 258 8 9 0.021730013 
896 445 11 9 0.021715738 
162 197 6 6 0.021709831 
647 82 6 6 0.021681828 
39 230 7 6 0.021669373 
770 133 5 5 0.021655504 
127 36 7 7 0.021615144 
697 206 8 9 0.021612572 
685 441 35 24 0.021611828 
774 120 5 5 0.021602226 
556 440 7 5 0.021584375 
130 135 4 3 0.021578647 
16 238 11 9 0.021577409 
903 318 5 6 0.02156506 
5 223 19 18 0.021552075 
961 225 105 89 0.021548215 
195 346 12 13 0.021546444 
487 63 5 6 0.021536194 
116 121 5 6 0.021530537 
732 217 17 24 0.021528045 
941 93 7 6 0.021517452 
414 200 23 22 0.021516848 
141 37 6 6 0.02151579 
391 247 7 6 0.021508537 
349 95 27 23 0.021507954 
792 216 8 9 0.021504182 
236 290 9 10 0.021499222 
358 100 8 7 0.021496369 
97 100 6 7 0.02149027 
700 16 11 11 0.021489168 
623 145 5 7 0.021487547 
257 271 14 12 0.02148572 
510 388 10 8 0.021482136 
958 293 9 8 0.02148089 
489 174 3 3 0.021471499 
26 38 5 5 0.021467192 
13 165 6 6 0.021456767 
548 260 9 9 0.021456221 
859 134 5 4 0.02145276 
147 217 5 6 0.021446094 
1011 164 7 6 0.021441244 
654 257 11 14 0.021438412 
142 278 16 10 0.021436881 
178 111 8 8 0.021432335 
948 324 6 7 0.021421667 
908 182 7 9 0.021417094 
257 28 6 7 0.021405114 
695 430 12 9 0.021387903 
827 18 4 4 0.021387149 
891 306 5 5 0.021384202 
517 359 38 22 0.02138378 
808 386 50 43 0.021382995 
710 95 5 6 0.021378303 
997 215 7 7 0.021376617 
958 399 13 10 0.021368114 
149 173 4 4 0.021363094 
113 239 8 8 0.021357542 
445 174 2 2 0.02134555 
771 141 3 4 0.021336932 
233 39 13 11 0.021326404 
231 292 7 8 0.02131959 
198 139 6 6 0.02131649 
676 412 11 9 0.021306224 
47 258 22 27 0.021301264 
947 261 6 6 0.02129688 
383 203 20 20 0.021295896 
584 290 6 7 0.02129315 
798 99 8 8 0.021290332 
909 157 5 6 0.021260764 
105 109 6 5 0.02125122 
360 140 4 4 0.02124518 
212 315 15 15 0.021242011 
646 64 8 7 0.0212409 
999 419 15 13 0.021239579 
410 92 6 7 0.021239221 
526 441 6 4 0.021233736 
210 64 27 20 0.021233065 
758 166 3 3 0.02123047 
53 134 3 4 0.021225775 
269 95 4 5 0.021221343 
317 447 28 25 0.021214988 
952 292 8 8 0.021213213 
945 407 10 9 0.02121074 
33 237 19 22 0.021198526 
506 63 5 6 0.021195384 
755 180 18 19 0.021171764 
515 378 14 10 0.021164153 
90 257 8 10 0.021154482 
892 127 4 5 0.021147255 
425 93 4 6 0.021142514 
910 100 5 6 0.021132529 
842 6 4 4 0.021131573 
865 128 6 4 0.02112458 
177 341 54 47 0.02111687 
0 58 18 26 0.021116775 
999 158 6 6 0.021103859 
328 77 5 4 0.021100692 
110 3 8 9 0.02109904 
584 99 31 27 0.021066539 
403 235 6 6 0.021058077 
896 469 18 14 0.021048496 
69 210 8 8 0.021042338 
520 77 5 5 0.021038966 
520 84 4 3 0.021038614 
405 378 206 138 0.021034038 
922 165 20 19 0.021031868 
1005 96 24 25 0.02101932 
239 304 11 15 0.021017138 
834 372 52 43 0.02101046 
230 56 9 6 0.021002512 
669 234 8 9 0.021002414 
50 215 7 8 0.02099576 
148 76 5 4 0.020993385 
392 254 8 7 0.02098399 
610 166 4 5 0.020980729 
470 82 4 4 0.020979142 
805 95 10 11 0.020969557 
359 105 6 5 0.020964162 
42 327 13 15 0.020961763 
252 65 62 51 0.020959014 
-1 280 23 29 0.020946298 
455 60 6 7 0.02094291 
832 216 6 6 0.020941783 
804 215 41 47 0.020940725 
740 333 18 13 0.02092254 
109 43 7 6 0.020915514 
946 317 7 8 0.020913897 
1010 177 10 8 0.020910578 
193 210 5 5 0.020902393 
289 2 14 10 0.020899968 
513 422 3 4 0.020899858 
263 208 7 8 0.02089391 
456 248 21 21 0.020861471 
701 239 11 12 0.02085882 
993 154 5 5 0.020854225 
192 153 6 5 0.02085274 
941 312 6 6 0.02084857 
707 210 42 46 0.02084037 
537 75 8 7 0.020837948 
131 109 3 3 0.020836348 
406 173 3 3 0.020833047 
808 13 4 4 0.020831648 
155 172 5 5 0.02082778 
752 121 3 4 0.020825842 
639 139 6 6 0.020824574 
112 259 9 9 0.020822562 
871 141 5 4 0.020819297 
768 126 5 5 0.020809803 
285 154 4 4 0.02079977 
657 158 87 92 0.020785177 
717 178 5 5 0.020781634 
325 18 53 39 0.02077863 
3 36 102 101 0.020768676 
359 95 7 6 0.02076819 
2 213 4 8 0.020751417 
245 185 4 5 0.020749317 
399 141 4 4 0.020735128 
943 155 4 3 0.020721646 
227 152 22 27 0.02072123 
666 435 35 25 0.020716297 
82 226 9 9 0.020709177 
502 48 103 81 0.020707194 
216 221 8 9 0.020683007 
108 15 10 10 0.02067576 
865 121 5 5 0.02067334 
238 128 4 3 0.020671604 
264 95 4 5 0.020668717 
249 217 8 10 0.020663206 
43 284 13 12 0.02066295 
359 263 13 10 0.020652141 
852 131 30 30 0.020646848 
924 99 22 23 0.020643812 
539 168 4 3 0.020633698 
519 395 6 5 0.02063136 
987 147 4 4 0.020626452 
33 164 5 6 0.020620646 
323 175 2 2 0.020598194 
943 415 24 23 0.020591483 
26 204 7 7 0.02059071 
149 148 4 4 0.02058995 
206 305 8 8 0.020589529 
923 101 5 6 0.020583788 
956 429 15 11 0.020565866 
710 8 47 47 0.020565521 
997 312 8 8 0.020564191 
489 228 19 21 0.020561978 
371 119 6 5 0.020557914 
213 14 57 46 0.020555485 
32 204 6 6 0.020546498 
994 333 11 12 0.020545006 
95 16 8 9 0.020542717 
0 272 6 10 0.020538678 
316 451 62 43 0.020537738 
33 92 21 27 0.020531466 
794 166 4 5 0.020525085 
21 147 4 5 0.020522133 
636 82 5 5 0.020522075 
817 228 10 13 0.02051733 
935 88 5 4 0.020515567 
211 168 54 55 0.020508343 
402 247 6 6 0.020502895 
499 68 5 6 0.020496668 
314 63 62 51 0.020492662 
252 303 12 13 0.020489821 
459 227 20 22 0.020478128 
178 103 10 12 0.020473298 
346 234 4 6 0.020466508 
64 210 8 8 0.02046262 
184 266 9 8 0.020457182 
384 140 5 4 0.02045225 
564 447 5 5 0.020450033 
898 132 4 5 0.020448096 
184 189 19 22 0.020439178 
109 126 6 5 0.020438557 
789 452 14 13 0.020437641 
4 54 9 10 0.0204299 
974 396 16 13 0.0204229 
724 180 6 6 0.020420112 
806 107 8 8 0.020417355 
891 5 5 5 0.020415839 
580 429 26 22 0.020411553 
173 10 8 7 0.020404978 
0 165 20 27 0.020396763 
493 248 6 6 0.020387983 
943 140 5 4 0.020382363 
764 116 3 4 0.0203755 
147 37 6 6 0.020370273 
675 257 41 43 0.02035493 
807 342 13 9 0.020353734 
878 0 5 6 0.020338483 
487 363 31 19 0.020335317 
112 208 20 22 0.020333655 
513 395 5 6 0.02033048 
972 224 8 10 0.020326918 
700 412 15 14 0.020324936 
910 318 6 7 0.020324891 
233 165 5 6 0.020324709 
524 134 6 5 0.020322163 
51 98 9 12 0.020319019 
97 87 5 7 0.020317864 
148 166 4 4 0.020293528 
245 161 18 26 0.020279994 
335 122 4 4 0.020275984 
205 134 6 6 0.020273449 
530 393 10 8 0.020273425 
520 70 5 5 0.020267198 
100 145 23 22 0.020266144 
719 173 4 4 0.020262452 
484 129 3 3 0.020261144 
665 147 7 7 0.020254914 
34 159 4 5 0.020254446 
556 243 20 23 0.020251967 
951 60 37 23 0.020248938 
158 24 28 32 0.020246347 
392 149 4 3 0.020239944 
709 209 18 22 0.020237608 
147 10 9 8 0.020236135 
498 151 107 103 0.020235183 
226 186 3 4 0.020234758 
828 7 4 3 0.020233698 
237 11 8 7 0.0202333 
639 103 7 10 0.020227863 
595 126 8 8 0.020226058 
158 20 11 9 0.020221692 
712 114 7 7 0.020214075 
376 257 25 21 0.02021358 
271 8 15 12 0.020213079 
681 419 12 8 0.020208428 
472 260 7 7 0.020207282 
551 422 6 6 0.020205863 
794 12 5 4 0.020195793 
782 256 22 32 0.020190926 
414 57 9 7 0.0201776 
98 192 11 10 0.020172182 
874 4 4 5 0.020172078 
686 159 3 4 0.020170873 
578 285 5 5 0.020168751 
33 115 4 5 0.020164886 
776 448 7 8 0.020163182 
738 94 5 6 0.020160403 
855 183 13 12 0.020158116 
85 114 5 6 0.020154502 
0 224 40 43 0.020154247 
486 375 30 19 0.020115253 
172 230 17 18 0.02010512 
339 94 7 6 0.020104283 
720 75 100 99 0.020097353 
553 172 4 4 0.020087825 
100 204 22 20 0.020084942 
964 113 28 26 0.020083325 
474 146 4 4 0.02008295 
926 367 8 10 0.020065168 
424 478 13 13 0.020064991 
954 335 7 7 0.02006049 
827 161 3 3 0.020054426 
809 7 4 4 0.020053076 
189 334 12 11 0.020052616 
182 89 8 8 0.020044008 
218 162 6 8 0.020042127 
82 11 7 7 0.020037387 
254 275 26 22 0.02001764 
