10_People_Marching_People_Marching_2_793
43
63 136 49 56 0.99963284 
652 180 43 50 0.9996069 
804 118 45 51 0.99950755 
407 83 49 54 0.99924767 
279 75 46 64 0.9991103 
416 10 46 48 0.99904555 
510 97 50 56 0.999044 
129 79 41 61 0.99876595 
900 18 41 58 0.99876165 
935 170 38 48 0.9981353 
143 308 21 27 0.3872657 
110 218 30 31 0.22001067 
992 204 26 28 0.10145571 
387 325 20 24 0.09187989 
940 25 20 29 0.06135772 
1014 507 13 22 0.06131021 
336 155 39 43 0.05956279 
912 284 40 47 0.05742269 
993 165 36 45 0.055186365 
647 91 19 27 0.04760694 
97 501 26 39 0.046914704 
53 111 24 38 0.046027537 
982 209 48 51 0.045015123 
891 153 35 40 0.042173862 
646 296 45 58 0.04051669 
657 601 47 41 0.03983651 
640 42 28 33 0.037247073 
1012 533 18 33 0.037000865 
250 178 55 52 0.035660774 
187 595 44 55 0.032519955 
57 315 30 34 0.031142931 
295 394 21 27 0.030733487 
61 402 96 107 0.029713217 
221 305 19 29 0.029525267 
531 339 95 85 0.029353652 
606 193 37 45 0.026960948 
730 63 20 27 0.024526639 
749 210 34 49 0.024351668 
426 592 35 36 0.022954483 
852 592 31 29 0.022697756 
583 554 32 31 0.022349073 
821 590 23 23 0.020863025 
386 44 19 31 0.020071637 
