10_People_Marching_People_Marching_10_People_Marching_People_Marching_10_524
134
587 168 61 71 0.99489164 
64 131 73 89 0.99248886 
838 140 59 64 0.97883683 
281 206 49 47 0.8684487 
907 95 164 226 0.5577051 
502 251 15 21 0.26560846 
98 47 19 18 0.23031399 
598 42 47 70 0.18203948 
195 305 43 47 0.17942044 
212 228 44 57 0.17608233 
147 192 40 48 0.14169371 
702 96 27 34 0.12957196 
573 196 25 34 0.12065335 
291 362 54 61 0.112852246 
271 216 30 36 0.109397024 
883 137 46 45 0.10871741 
500 90 41 48 0.09720715 
496 83 32 32 0.09664233 
679 180 73 91 0.08849112 
219 121 23 25 0.08846892 
-2 128 9 20 0.08316371 
241 145 26 34 0.08164248 
568 19 37 53 0.07687636 
295 131 23 22 0.076594956 
234 247 49 50 0.076395944 
233 243 22 32 0.072262004 
559 11 69 99 0.07065478 
852 107 145 147 0.069691814 
394 242 22 28 0.06134239 
500 145 26 28 0.060739834 
688 280 8 11 0.058715463 
997 267 21 31 0.057012897 
46 156 51 57 0.055530265 
498 254 34 47 0.05394648 
488 126 55 56 0.045146704 
362 289 45 55 0.04494953 
652 282 42 51 0.04412128 
529 4 49 53 0.04375228 
273 333 51 49 0.043165524 
533 52 26 27 0.03980386 
516 72 43 42 0.039013688 
11 234 90 86 0.03890279 
129 155 16 19 0.03875942 
465 136 53 57 0.038597714 
717 195 48 61 0.038171995 
908 172 34 36 0.037778884 
7 155 25 32 0.037096087 
230 168 42 52 0.036712665 
1006 323 14 16 0.036659513 
762 75 42 43 0.03628572 
995 255 20 27 0.035723154 
178 166 75 91 0.03391402 
931 155 37 50 0.033880398 
322 282 46 51 0.033851173 
462 145 12 23 0.033538427 
270 99 25 35 0.032406442 
996 250 12 20 0.032321654 
506 15 94 114 0.03208575 
214 130 46 47 0.031876996 
694 202 9 10 0.031689405 
445 216 26 39 0.031441648 
245 241 13 19 0.031242115 
535 31 47 53 0.031031992 
957 172 7 13 0.030958109 
652 136 20 28 0.030940585 
705 90 15 24 0.030463012 
10 191 26 25 0.029880583 
661 92 21 36 0.029498737 
697 197 30 32 0.029452061 
686 192 27 30 0.029409325 
206 238 24 35 0.029305462 
56 59 100 116 0.02889383 
489 73 23 32 0.028839411 
450 274 35 43 0.02844681 
560 53 26 36 0.028290994 
160 141 22 24 0.02819397 
420 65 155 161 0.02814784 
479 55 77 87 0.02761514 
500 89 16 18 0.027498107 
96 97 47 61 0.027057074 
923 157 26 32 0.02616524 
807 123 29 34 0.025451554 
623 137 10 9 0.025352135 
323 108 54 62 0.025186637 
279 133 26 27 0.025150323 
192 241 79 83 0.02488462 
669 194 42 55 0.024729384 
705 107 45 49 0.024606382 
554 489 25 25 0.024358472 
236 192 65 81 0.02426404 
525 62 26 27 0.024104135 
257 183 6 8 0.02409311 
305 334 31 32 0.024021078 
15 138 15 19 0.0239586 
688 295 5 7 0.023774816 
47 91 31 32 0.023628654 
943 244 11 19 0.023557227 
918 117 46 50 0.023516327 
252 157 12 17 0.023249693 
665 230 73 104 0.022959732 
265 255 54 52 0.022767663 
0 295 10 22 0.02270764 
294 123 44 49 0.0225647 
118 82 22 31 0.022533238 
165 196 45 54 0.022466823 
659 204 25 32 0.02243191 
103 365 29 39 0.022027273 
256 178 6 8 0.021982143 
451 161 51 54 0.02193224 
351 259 18 14 0.021867378 
694 49 27 30 0.02183382 
250 177 6 8 0.02169503 
528 55 15 16 0.02166118 
9 186 84 85 0.021487124 
312 196 25 34 0.021380596 
692 281 42 53 0.021312052 
520 206 32 34 0.02121315 
865 174 29 36 0.021175569 
774 87 73 77 0.021149019 
599 289 82 98 0.02111148 
266 135 76 87 0.02108087 
321 81 28 37 0.02103311 
668 84 40 51 0.020987447 
536 259 104 92 0.02077696 
101 51 25 28 0.020614985 
950 169 18 25 0.020474337 
516 278 21 29 0.02046688 
353 216 34 43 0.020444322 
587 34 30 41 0.020380924 
99 85 27 30 0.02031906 
17 129 13 16 0.020191954 
896 219 46 50 0.020163259 
879 172 77 89 0.020028574 
642 323 41 70 0.020019408 
