10_People_Marching_People_Marching_2_2
1138
952 461 34 68 0.99262494 
662 476 30 54 0.99203 
760 425 33 38 0.98382485 
658 395 18 29 0.9804628 
630 383 11 16 0.97550744 
792 387 11 16 0.9736579 
338 389 9 11 0.94402957 
1000 421 27 32 0.9276672 
489 483 21 40 0.9015974 
905 407 16 24 0.8925402 
660 434 15 31 0.849654 
521 418 11 16 0.8036606 
86 405 10 15 0.8036323 
994 355 12 13 0.7995993 
702 369 10 12 0.75616795 
234 407 10 15 0.75507563 
435 406 10 14 0.7459286 
573 423 10 19 0.72683764 
961 394 14 23 0.72070754 
294 395 11 16 0.71336377 
37 390 10 15 0.6886185 
541 373 7 10 0.67266417 
911 353 13 13 0.6563066 
364 378 8 9 0.6359909 
827 348 8 14 0.6239201 
312 393 10 12 0.61864746 
719 397 13 19 0.6030659 
590 357 7 9 0.5250525 
53 399 9 13 0.50713867 
620 358 8 10 0.48564076 
366 381 11 11 0.4568227 
556 390 10 14 0.44099537 
815 398 11 17 0.43737453 
267 399 10 11 0.43663704 
594 403 12 15 0.42599344 
272 386 9 11 0.4046794 
218 397 8 8 0.38483456 
453 462 16 27 0.38239673 
341 460 22 36 0.36372745 
473 381 8 10 0.33888817 
314 388 8 10 0.33006448 
448 377 5 6 0.3113829 
523 358 7 7 0.3052169 
548 404 12 17 0.2998498 
541 403 11 16 0.2948258 
497 387 8 9 0.28806478 
253 384 9 10 0.2807551 
404 393 9 13 0.26024723 
194 403 11 10 0.2517457 
414 399 9 10 0.24911763 
111 381 6 9 0.24723269 
102 392 9 13 0.24707577 
360 411 13 14 0.24374242 
1009 153 7 10 0.2336158 
242 384 7 10 0.23310545 
163 430 11 15 0.22838105 
108 405 11 12 0.22482178 
762 394 14 14 0.21582025 
942 361 12 13 0.21523055 
520 359 6 7 0.2145355 
379 378 6 7 0.20973209 
419 360 5 6 0.20065123 
408 375 8 9 0.19999415 
597 426 15 27 0.19567484 
142 384 5 7 0.19273204 
477 396 8 12 0.19213055 
315 385 6 7 0.19175674 
749 398 20 25 0.19031806 
204 396 9 9 0.18977654 
263 451 28 41 0.18951106 
358 391 7 9 0.18445855 
504 522 44 59 0.17697604 
975 348 6 11 0.17603552 
128 379 5 6 0.17581195 
406 390 10 11 0.1689289 
489 400 10 14 0.16809018 
334 376 5 6 0.16749085 
911 515 21 33 0.16741633 
210 382 7 7 0.16434947 
425 388 8 10 0.16357654 
477 372 4 5 0.16219407 
151 376 7 7 0.15963487 
395 368 9 10 0.15718926 
119 401 8 11 0.15513761 
377 392 10 11 0.1543401 
419 363 5 6 0.1532697 
143 378 4 6 0.1514597 
302 411 12 13 0.15133333 
422 360 5 6 0.14026572 
189 420 13 14 0.140163 
377 365 6 5 0.1380102 
570 362 6 8 0.13615516 
138 380 4 5 0.13162306 
477 381 9 11 0.13096334 
4 391 12 13 0.13038121 
288 376 7 6 0.1297123 
294 377 6 5 0.12905547 
990 361 10 12 0.1288556 
62 218 7 8 0.12786856 
137 382 4 7 0.12671204 
459 377 6 7 0.12667781 
128 382 5 7 0.12293957 
569 360 5 6 0.12231047 
354 373 5 5 0.12117935 
615 364 7 8 0.11955656 
641 412 14 17 0.11944435 
113 401 9 11 0.11754478 
726 393 12 18 0.11294143 
438 366 5 5 0.11127464 
442 366 5 6 0.11077051 
513 382 7 11 0.10934789 
515 493 24 27 0.108949706 
223 382 8 7 0.10549737 
352 377 6 7 0.10428711 
350 400 9 10 0.10411738 
475 378 5 7 0.104012705 
211 379 6 6 0.10359881 
149 394 7 9 0.1033829 
153 382 7 8 0.102681465 
311 417 10 12 0.10262499 
516 397 10 14 0.101104565 
426 450 20 32 0.1009318 
446 391 9 13 0.09925877 
695 355 8 10 0.09848505 
339 377 6 6 0.09743044 
378 371 5 6 0.09711469 
391 438 19 31 0.096381314 
494 370 5 5 0.095540605 
637 375 10 14 0.093894735 
486 376 7 9 0.091772325 
177 393 10 13 0.0896998 
573 411 10 18 0.088622 
91 396 7 11 0.088428296 
443 371 4 6 0.08807659 
124 378 5 6 0.08700957 
347 378 5 6 0.08681694 
376 381 8 9 0.086337976 
384 364 5 5 0.08585471 
96 382 5 7 0.08554098 
664 400 24 29 0.08532803 
326 381 7 8 0.08504219 
144 374 3 4 0.08432155 
240 424 11 12 0.0830165 
465 538 51 66 0.082901455 
365 387 9 10 0.08279487 
270 378 6 6 0.08223189 
115 397 6 7 0.08204997 
334 374 4 5 0.0819888 
626 265 10 11 0.081018664 
538 364 6 6 0.08080207 
430 445 11 15 0.08076083 
201 540 24 25 0.0802741 
1009 381 14 19 0.07985682 
357 372 6 6 0.07922437 
437 361 4 3 0.079145275 
218 383 7 6 0.07904922 
860 374 10 13 0.07892748 
913 491 40 59 0.07863364 
114 379 7 8 0.078499906 
634 255 9 9 0.07819183 
189 394 10 8 0.07773377 
895 458 23 41 0.077580296 
336 394 12 16 0.07730249 
565 360 5 6 0.07699907 
184 395 9 10 0.07669646 
521 455 18 14 0.07668962 
91 385 5 7 0.07666997 
300 376 5 6 0.07657509 
463 418 14 17 0.07640143 
108 530 35 50 0.0761877 
395 375 9 11 0.07449812 
979 360 10 12 0.07430599 
854 706 51 58 0.074273 
199 358 5 5 0.07398511 
459 423 11 18 0.07334774 
265 378 5 5 0.07312112 
424 383 8 9 0.07249111 
203 372 7 6 0.07236586 
318 383 7 7 0.07216866 
231 380 6 6 0.072107516 
618 386 10 14 0.07190847 
460 371 6 6 0.07174227 
348 372 4 5 0.06971346 
373 366 6 5 0.069530345 
400 444 19 33 0.06927647 
816 408 17 24 0.06908156 
624 283 13 16 0.06901374 
615 427 17 25 0.06899736 
148 384 5 6 0.06886721 
212 374 5 4 0.06885519 
373 360 4 4 0.06867445 
752 412 24 29 0.068645276 
204 378 6 5 0.06849061 
206 359 4 4 0.06829023 
431 360 4 4 0.06792025 
119 517 12 16 0.0678923 
422 370 5 7 0.06758252 
881 348 9 13 0.067443274 
469 382 6 8 0.06736591 
328 379 5 6 0.06734602 
502 492 25 30 0.06727353 
512 376 7 10 0.06713057 
372 370 7 6 0.06705357 
311 445 12 16 0.06702021 
519 362 5 7 0.065773025 
252 466 21 25 0.06560485 
582 358 5 6 0.06522505 
341 373 4 5 0.06500477 
914 407 17 22 0.06488878 
567 540 26 44 0.06486916 
308 376 5 6 0.06332515 
278 416 15 17 0.06318261 
604 427 20 26 0.06275296 
135 390 4 7 0.062262528 
391 370 8 8 0.062244885 
587 394 9 13 0.062150966 
226 380 5 5 0.061813217 
633 362 9 10 0.061645202 
525 355 5 5 0.060826007 
815 385 12 17 0.060795695 
592 394 11 14 0.06050252 
32 388 10 15 0.06042972 
578 358 5 6 0.06041777 
286 384 9 8 0.06041436 
210 396 7 8 0.06032218 
52 391 6 9 0.060312856 
421 376 6 8 0.060279477 
476 419 13 16 0.060241174 
262 396 8 11 0.060187876 
626 431 10 14 0.0601372 
441 393 9 12 0.06007865 
40 384 7 11 0.0597332 
199 377 7 6 0.059366014 
857 398 9 16 0.059073046 
575 364 7 7 0.059008494 
716 364 11 9 0.058917742 
869 371 10 16 0.058881737 
831 338 6 7 0.05857179 
344 439 22 37 0.058477387 
91 388 5 8 0.05845454 
758 372 10 8 0.058366317 
199 371 8 7 0.057975948 
153 427 17 25 0.057847124 
345 660 27 26 0.05766102 
609 364 6 7 0.05763913 
476 367 4 4 0.05742625 
200 385 7 6 0.057394784 
971 374 12 14 0.05695643 
202 500 74 89 0.05689715 
199 389 7 6 0.055865064 
861 415 16 23 0.055797637 
447 381 7 9 0.05564276 
531 370 7 9 0.054863635 
152 372 6 7 0.054748822 
122 383 5 6 0.054747023 
147 390 5 7 0.0543063 
445 376 5 7 0.05429984 
229 424 13 15 0.053779744 
514 370 7 8 0.05361863 
204 384 7 6 0.05358079 
407 396 10 14 0.05355399 
543 365 6 6 0.053352896 
249 372 5 5 0.052902743 
232 416 13 16 0.052593984 
161 367 4 5 0.052414384 
974 403 15 16 0.052328773 
895 390 17 27 0.052004244 
581 363 7 9 0.051951062 
297 375 4 4 0.05154465 
448 366 4 5 0.051369604 
219 380 4 5 0.051146735 
541 522 66 86 0.051126327 
539 361 5 5 0.050964728 
543 486 16 16 0.050954815 
503 404 10 13 0.050855856 
672 368 8 11 0.05085039 
161 371 5 5 0.050820433 
413 387 9 12 0.050668415 
620 260 8 11 0.050400514 
199 356 5 3 0.050381023 
381 379 9 11 0.050317153 
479 376 7 8 0.05026153 
206 366 5 4 0.050196674 
10 406 11 16 0.05015669 
699 374 14 17 0.05007718 
577 425 13 21 0.049809985 
121 391 6 7 0.04969115 
131 366 3 4 0.049464416 
379 445 24 31 0.04895549 
104 379 4 5 0.04884934 
516 360 4 4 0.048726555 
372 482 42 43 0.04855908 
492 377 7 8 0.048518464 
593 360 7 10 0.048466798 
411 359 5 5 0.048416965 
486 458 17 28 0.04833187 
716 248 8 9 0.048045788 
307 393 9 13 0.047882874 
962 409 22 31 0.047849484 
16 219 4 6 0.04780209 
579 403 11 16 0.047799252 
503 394 10 12 0.047566954 
197 395 10 8 0.047539465 
284 377 5 5 0.047504008 
96 394 8 12 0.047367707 
328 632 69 81 0.04730825 
137 374 3 4 0.047114257 
206 356 4 3 0.04693545 
292 383 8 8 0.046801176 
829 339 4 6 0.046713613 
436 369 6 7 0.04667204 
168 378 5 5 0.046253197 
449 373 4 6 0.045968678 
887 383 18 25 0.04582816 
521 395 9 14 0.045765594 
301 374 5 5 0.04571993 
331 406 9 12 0.045705363 
682 179 12 11 0.045647476 
444 361 3 4 0.045609914 
213 360 5 4 0.04560322 
173 373 5 4 0.04541756 
978 436 23 32 0.04536596 
653 168 23 22 0.045297205 
462 367 4 5 0.04528277 
404 359 5 5 0.045203313 
678 365 8 10 0.045154434 
511 398 10 14 0.04507805 
149 373 4 5 0.045038067 
99 380 3 5 0.044992097 
859 400 16 24 0.044962578 
644 381 10 15 0.044762906 
173 378 5 5 0.04476226 
787 382 9 13 0.044410475 
612 386 11 14 0.044202294 
573 381 9 12 0.04414375 
130 361 3 4 0.04413339 
368 393 11 11 0.04410023 
410 365 5 6 0.044092935 
481 471 23 36 0.044080697 
1006 147 7 7 0.04388092 
586 505 48 57 0.04387176 
97 389 5 8 0.04382116 
362 157 11 14 0.043676063 
734 396 18 25 0.04352147 
902 455 36 57 0.043382995 
76 402 18 21 0.04324099 
168 373 5 4 0.043226298 
131 374 3 4 0.043221246 
516 385 8 12 0.04318603 
726 251 43 46 0.043068945 
158 383 8 9 0.04306682 
284 375 5 4 0.04282794 
457 366 4 5 0.04278537 
180 437 16 18 0.042643968 
801 35 110 129 0.04258631 
300 406 10 13 0.04255564 
550 453 13 13 0.042316817 
221 407 10 11 0.042143766 
64 379 6 6 0.042127408 
443 405 11 15 0.041826945 
446 425 13 17 0.04168063 
150 366 3 4 0.041583516 
186 372 5 4 0.041553102 
403 365 6 6 0.041386165 
293 389 9 13 0.041317284 
468 372 4 5 0.041306615 
204 518 20 30 0.04116322 
436 467 22 35 0.041121073 
212 365 5 5 0.041025557 
162 409 12 14 0.040907107 
574 400 9 14 0.040773384 
707 366 20 17 0.04076382 
663 369 10 10 0.04070851 
375 119 37 43 0.040602397 
174 354 3 3 0.040581536 
191 378 7 6 0.04056563 
482 501 46 56 0.040533774 
372 355 4 4 0.040469576 
567 381 10 13 0.040057607 
280 359 8 7 0.039976947 
218 391 7 7 0.039881933 
218 374 4 4 0.039858643 
111 371 3 5 0.039833374 
502 317 3 4 0.039658666 
174 389 9 10 0.039576698 
917 357 12 14 0.039376512 
-3 -133 93 146 0.039366536 
143 388 5 7 0.039303884 
170 354 3 3 0.039300498 
40 215 9 9 0.039265886 
568 418 11 20 0.039264023 
929 464 39 66 0.03918206 
243 379 6 7 0.039125916 
452 392 10 13 0.039119855 
188 409 18 20 0.03909303 
174 384 6 6 0.03884826 
157 393 10 13 0.03876036 
275 378 5 5 0.03873194 
803 637 16 25 0.03869387 
223 359 6 5 0.038665876 
193 367 4 4 0.03860649 
186 425 19 22 0.03851211 
153 389 7 10 0.03847286 
780 285 10 12 0.038368426 
99 361 3 3 0.03836401 
379 411 13 14 0.03835124 
896 370 16 24 0.03834333 
486 413 17 21 0.038298514 
236 383 9 9 0.03829304 
958 432 22 30 0.038249504 
332 382 7 7 0.038235985 
150 362 4 3 0.03821963 
182 367 4 3 0.03802726 
459 380 8 10 0.037938155 
498 377 7 8 0.03788367 
105 385 3 5 0.03783698 
322 380 5 5 0.037815377 
250 379 6 6 0.037628595 
608 359 6 6 0.03759323 
495 321 4 4 0.037276715 
226 375 5 4 0.037257835 
949 14 25 28 0.037214376 
270 404 12 13 0.037212394 
156 360 3 4 0.037174433 
357 407 11 13 0.037128214 
115 569 22 27 0.03711248 
187 367 4 3 0.03709676 
532 364 6 7 0.037095733 
162 360 3 4 0.03707799 
360 376 6 7 0.03706257 
276 357 7 6 0.036989883 
378 362 5 4 0.036988094 
863 390 17 22 0.036717147 
402 382 8 9 0.036684275 
508 444 19 25 0.03666497 
242 503 27 31 0.036625035 
92 372 4 5 0.036536872 
422 392 9 13 0.03626614 
187 347 4 4 0.036205545 
932 304 3 3 0.03619039 
415 462 18 29 0.036098737 
558 363 6 7 0.036094777 
430 365 5 5 0.035977352 
625 357 8 8 0.035971876 
153 491 21 37 0.03595629 
591 355 5 6 0.035945527 
365 373 6 5 0.03593755 
620 256 7 8 0.035934426 
662 389 12 17 0.03590713 
905 415 31 42 0.03588251 
359 149 21 28 0.035867702 
581 368 7 11 0.035787795 
285 414 17 21 0.035764966 
12 383 6 8 0.035699345 
287 360 6 5 0.0356442 
135 367 4 4 0.035566848 
220 399 9 11 0.03554008 
231 402 7 9 0.035341382 
401 377 8 9 0.03533575 
65 382 6 8 0.03508494 
393 366 5 5 0.03507162 
290 349 4 3 0.03498203 
650 435 12 17 0.03497578 
400 166 22 23 0.034876425 
543 360 6 6 0.03485738 
407 405 10 14 0.034809735 
140 410 9 15 0.03466604 
121 395 7 8 0.034598224 
419 357 3 3 0.034563348 
106 372 3 4 0.034557905 
199 367 6 5 0.034506015 
93 378 4 6 0.03442198 
457 405 12 13 0.03430853 
212 429 15 15 0.034298066 
352 381 6 8 0.034273457 
511 413 16 22 0.034165967 
44 384 6 8 0.034163088 
480 368 4 4 0.03416223 
822 397 12 16 0.034151044 
661 440 35 53 0.034147196 
718 369 13 10 0.03411816 
187 378 7 6 0.03408719 
98 372 3 5 0.034085676 
253 479 14 20 0.03400176 
0 214 5 10 0.033893563 
439 487 12 18 0.0338217 
731 387 13 14 0.03381556 
853 343 5 8 0.03379874 
357 464 44 49 0.03376613 
457 372 5 5 0.03375299 
193 347 4 4 0.033751898 
13 468 42 49 0.03368595 
291 341 3 3 0.03366855 
182 355 3 3 0.033668414 
385 361 4 5 0.033662822 
6 382 8 9 0.03349543 
276 355 6 5 0.03349086 
485 393 9 14 0.033430997 
634 250 7 7 0.033426367 
118 533 12 17 0.033410937 
485 380 8 10 0.033370446 
245 372 5 5 0.033297636 
419 418 10 14 0.0332316 
259 367 4 4 0.033198006 
279 386 9 12 0.03311428 
94 399 8 12 0.03307875 
734 22 41 45 0.033076975 
232 355 5 4 0.033053543 
182 360 3 4 0.032901164 
894 705 49 50 0.032833353 
429 371 6 6 0.032752663 
169 349 3 3 0.032663185 
255 379 7 7 0.032655194 
63 394 9 11 0.032590736 
945 354 7 8 0.032589294 
555 382 10 13 0.032486614 
76 391 6 7 0.032362696 
1015 363 11 12 0.032316837 
297 353 4 3 0.032309446 
910 326 5 7 0.032259278 
730 16 24 34 0.03224888 
735 639 87 126 0.03221782 
509 732 117 69 0.03212694 
469 379 5 6 0.032121338 
720 388 11 16 0.032037582 
821 656 84 95 0.031993646 
348 429 14 18 0.031967822 
497 391 11 14 0.031903803 
158 417 18 27 0.031898603 
210 400 8 9 0.031896908 
259 388 9 9 0.031858753 
502 320 3 4 0.03185308 
411 355 3 4 0.03183429 
231 358 6 5 0.03177615 
60 379 4 4 0.031735286 
1002 375 14 20 0.031703763 
0 267 8 12 0.031703357 
163 354 2 4 0.03157146 
218 359 6 5 0.031571098 
347 368 4 4 0.031554546 
32 408 17 21 0.03143882 
568 368 8 11 0.031404626 
493 382 8 10 0.031390607 
924 304 3 3 0.031384356 
155 367 4 4 0.03135771 
612 368 8 10 0.031320393 
86 390 4 6 0.031313207 
8 667 13 17 0.031265624 
95 419 18 23 0.03125498 
19 219 4 6 0.03115173 
424 357 3 3 0.031141011 
638 359 7 8 0.031087017 
84 416 17 24 0.03101026 
256 392 9 12 0.030904146 
1004 393 18 24 0.030869108 
12 414 10 17 0.030817045 
387 412 12 14 0.03078696 
514 401 16 22 0.030701151 
92 367 3 4 0.030690197 
657 368 11 10 0.030682927 
185 384 7 6 0.030671278 
558 394 13 18 0.030656515 
878 344 6 11 0.030642321 
290 353 4 4 0.030593801 
232 373 4 5 0.030579852 
233 519 30 34 0.030542212 
497 400 12 14 0.03052056 
47 405 18 23 0.030498086 
244 342 4 3 0.030426506 
106 419 16 23 0.030359663 
626 374 9 12 0.030352168 
468 367 4 4 0.030351141 
179 378 7 6 0.030344391 
594 152 9 11 0.030322056 
239 372 4 5 0.030249551 
126 410 16 21 0.030223364 
368 158 10 12 0.030176014 
169 360 3 4 0.030152941 
508 377 5 8 0.030139012 
908 304 2 3 0.030019673 
299 426 11 13 0.03001633 
520 355 4 5 0.030003572 
9 399 11 14 0.029982796 
149 391 16 21 0.029961733 
449 361 4 3 0.02986177 
325 405 10 13 0.029842783 
162 348 3 3 0.029830934 
574 369 8 11 0.029809756 
408 383 8 9 0.02971911 
436 736 24 32 0.029691331 
107 434 19 26 0.029651936 
413 476 12 17 0.029598089 
12 269 8 9 0.029564561 
341 368 3 4 0.02956188 
749 372 8 7 0.029556448 
87 367 3 4 0.029533124 
570 473 23 32 0.029512852 
856 369 9 12 0.029500945 
308 340 3 5 0.02944026 
871 672 6 6 0.02942765 
487 388 7 10 0.029407201 
983 368 10 14 0.02934625 
53 438 21 26 0.029346237 
378 430 22 26 0.029331652 
448 470 39 39 0.02928039 
162 539 13 16 0.029260773 
456 361 3 3 0.029242683 
270 359 5 5 0.029234273 
496 316 3 4 0.02920383 
263 365 5 6 0.02919869 
161 378 5 5 0.029197507 
910 304 3 3 0.029188722 
536 387 9 12 0.029124422 
618 406 10 14 0.029094152 
983 352 16 19 0.029027095 
223 388 9 9 0.02899047 
314 456 37 49 0.028979905 
552 470 18 24 0.02896935 
417 377 6 7 0.028945588 
108 390 6 8 0.028905312 
121 512 21 26 0.02886536 
111 409 12 16 0.028855648 
437 357 3 3 0.02881378 
530 359 6 6 0.028802652 
57 391 6 9 0.028760042 
192 391 20 17 0.028757764 
570 510 36 54 0.028756993 
428 397 10 14 0.028710907 
603 364 6 7 0.02864577 
34 212 5 5 0.02860268 
870 351 6 9 0.02857891 
314 334 4 4 0.028553251 
55 266 9 11 0.028490437 
255 352 7 5 0.028471263 
236 379 6 6 0.028431488 
263 348 5 3 0.028398162 
392 361 4 4 0.028392984 
192 370 6 6 0.028383575 
44 390 89 85 0.028347835 
92 539 24 30 0.028345658 
550 393 9 13 0.028338356 
550 364 7 7 0.028330266 
435 376 6 7 0.028324297 
527 316 4 4 0.028298007 
257 372 5 5 0.028294574 
96 438 43 51 0.02829009 
110 368 3 4 0.02826129 
978 482 26 36 0.028175652 
195 360 4 4 0.028159155 
826 393 12 15 0.028145982 
735 243 30 28 0.028094836 
573 375 9 12 0.028091932 
418 370 6 7 0.028087491 
175 350 3 2 0.028087432 
70 390 7 9 0.028056335 
281 363 7 6 0.02803667 
530 536 46 53 0.028028024 
75 400 11 14 0.027988097 
174 367 4 4 0.02798397 
307 384 6 7 0.027977731 
282 353 5 4 0.027972575 
418 435 21 28 0.027895791 
125 361 3 4 0.027880587 
287 365 5 5 0.027876826 
957 436 40 58 0.027871192 
746 409 13 19 0.02784132 
17 222 6 7 0.027801001 
568 303 10 11 0.027717873 
182 348 3 3 0.027710196 
345 382 7 8 0.02769123 
200 404 11 12 0.027679697 
368 354 4 4 0.027667506 
866 289 7 6 0.027605308 
448 602 23 39 0.027586373 
1008 367 12 13 0.027559457 
943 345 4 6 0.027539248 
805 400 10 13 0.02746314 
297 350 3 2 0.02740221 
387 170 11 13 0.027387043 
494 361 4 4 0.027353631 
309 353 4 4 0.027322998 
469 360 4 4 0.027306678 
316 380 4 5 0.027299311 
804 711 43 54 0.027267039 
3 642 11 19 0.02717512 
288 398 9 14 0.027168138 
6 212 5 6 0.027165148 
826 689 7 8 0.027134426 
581 393 10 14 0.02707799 
644 266 9 9 0.02706485 
105 361 2 3 0.02703741 
147 414 17 25 0.026996275 
120 586 10 13 0.026993869 
769 396 14 16 0.026983893 
277 448 11 18 0.026977126 
-4 733 67 166 0.026955118 
226 537 27 29 0.02690139 
487 372 4 6 0.026877386 
46 380 3 4 0.026866077 
403 166 12 11 0.026851593 
268 435 20 26 0.026815496 
39 212 7 6 0.02677719 
32 238 7 7 0.02677112 
905 362 16 22 0.026765518 
3 676 21 26 0.026737833 
282 383 7 8 0.026714874 
40 415 17 21 0.02669787 
321 372 5 4 0.02666306 
220 457 71 76 0.026622213 
228 394 8 9 0.026621273 
881 358 11 16 0.026619265 
302 360 3 4 0.026600432 
192 383 7 6 0.026574988 
329 374 4 4 0.026548585 
15 663 11 15 0.026524592 
143 367 4 4 0.026514718 
500 366 4 5 0.026507465 
263 360 5 4 0.0264584 
150 471 23 30 0.026378663 
105 367 3 5 0.026337385 
987 332 5 6 0.026312526 
182 372 4 4 0.026239088 
500 371 4 5 0.02618143 
76 423 19 24 0.02615217 
607 415 20 25 0.026095795 
1004 151 16 21 0.02609365 
302 353 3 4 0.026074182 
99 366 3 5 0.026053727 
140 401 8 11 0.026013637 
200 348 4 3 0.02597733 
562 375 9 11 0.025949825 
587 145 9 11 0.025940532 
334 367 4 4 0.025905205 
627 684 103 96 0.025879202 
170 423 21 24 0.02587597 
986 388 16 25 0.025874875 
984 407 61 75 0.02587301 
269 365 5 6 0.025853481 
173 407 19 22 0.025837427 
956 374 12 15 0.025821209 
318 406 10 12 0.02581468 
186 361 4 4 0.025797611 
910 309 4 4 0.02578744 
322 336 4 3 0.025719568 
85 361 3 4 0.025709892 
599 144 10 12 0.025697123 
13 680 21 25 0.025678115 
136 360 4 4 0.025555834 
269 348 5 4 0.025539478 
205 395 18 19 0.025536222 
169 434 13 17 0.025469692 
255 459 12 14 0.025447747 
419 398 10 12 0.025419958 
116 388 6 8 0.025417846 
398 361 5 5 0.02540866 
608 273 8 10 0.025363738 
144 411 11 16 0.025354277 
516 366 3 5 0.02534672 
616 359 7 7 0.025338177 
926 391 18 27 0.025337152 
646 308 6 7 0.025296312 
553 285 11 12 0.025286578 
187 354 4 4 0.02528271 
602 440 20 26 0.02526832 
939 22 38 42 0.025249254 
637 258 9 10 0.025232835 
463 329 4 4 0.025229963 
628 320 9 9 0.025210809 
697 361 10 13 0.025209466 
593 424 11 20 0.025184484 
632 359 8 8 0.025167217 
174 457 23 30 0.025157599 
645 383 18 23 0.025132803 
84 510 65 95 0.025082093 
143 507 21 29 0.025032958 
55 396 15 19 0.025013994 
195 529 21 26 0.025004424 
576 537 52 58 0.024985494 
884 354 12 13 0.024972474 
992 377 18 26 0.024946148 
750 8 44 49 0.024942474 
5 216 6 7 0.024910655 
251 368 4 4 0.024883775 
309 360 4 4 0.02488156 
717 396 26 38 0.024873292 
388 168 50 50 0.02486127 
592 373 9 12 0.024858264 
705 193 5 6 0.024836913 
673 160 13 10 0.02482075 
91 431 24 26 0.024814224 
421 448 12 19 0.024795728 
251 359 5 4 0.024787843 
325 395 8 11 0.02470788 
12 378 6 7 0.02468465 
391 476 26 30 0.02468012 
423 414 15 21 0.024678333 
6 641 22 27 0.024670621 
257 359 5 5 0.02466345 
568 398 10 14 0.024605474 
121 433 49 57 0.024595816 
395 398 11 13 0.024580838 
631 439 35 47 0.024535786 
981 449 42 56 0.024527984 
94 362 2 3 0.024527088 
32 217 8 8 0.024522513 
2 455 34 50 0.024506852 
693 354 6 8 0.024474304 
477 648 22 27 0.024457034 
411 447 15 23 0.024455743 
937 304 3 2 0.024450202 
1016 343 10 16 0.024448464 
62 429 80 94 0.024355073 
925 309 3 3 0.024346633 
236 358 6 6 0.02433121 
22 475 10 13 0.024326002 
390 374 8 10 0.024199985 
245 369 4 3 0.024184845 
367 349 3 3 0.024173744 
810 376 11 9 0.024158932 
3 659 13 18 0.024156727 
175 360 3 3 0.02415012 
572 432 20 28 0.024129327 
125 374 4 4 0.02411444 
910 322 4 4 0.024041895 
272 414 12 13 0.024021026 
264 424 14 14 0.02400616 
33 396 18 23 0.023975644 
359 666 12 13 0.02393688 
929 373 17 26 0.023908429 
41 380 4 5 0.023887262 
211 388 8 7 0.023886662 
284 342 4 3 0.02385142 
880 305 4 3 0.023823775 
308 389 7 10 0.023819227 
653 365 9 7 0.023800528 
854 341 4 6 0.023786498 
327 388 7 9 0.023777949 
244 359 5 4 0.023750415 
872 303 4 5 0.02373923 
932 3 10 11 0.023712534 
647 178 7 10 0.023696367 
444 356 3 3 0.023682747 
584 421 12 19 0.023669617 
601 310 6 5 0.023660481 
304 342 3 3 0.023648657 
449 575 40 58 0.023645356 
460 436 20 22 0.023632247 
67 393 11 12 0.02360912 
413 412 11 14 0.023587316 
97 406 17 23 0.023569366 
421 471 21 30 0.023565982 
344 399 9 12 0.023563426 
270 374 4 5 0.023553763 
946 732 26 29 0.023486387 
212 355 5 4 0.023480253 
431 356 4 4 0.023475278 
811 370 8 8 0.023461865 
609 279 7 9 0.023459349 
310 329 3 3 0.023456376 
375 407 12 13 0.023436626 
432 167 5 6 0.023387859 
523 137 10 11 0.023380635 
592 192 43 52 0.023368271 
515 356 4 4 0.02336354 
773 403 17 21 0.023359606 
908 628 30 27 0.023352064 
133 394 7 9 0.02334669 
303 348 3 3 0.023334574 
391 421 18 24 0.023334568 
125 367 3 4 0.023327107 
210 435 22 27 0.02332259 
458 411 13 17 0.023293259 
434 394 9 12 0.023270695 
199 537 42 49 0.023270419 
537 472 24 21 0.023260815 
598 575 9 11 0.023235314 
933 357 9 10 0.023234967 
937 310 3 3 0.0232253 
532 314 5 4 0.023207294 
907 6 3 5 0.023192847 
894 512 23 31 0.023192229 
261 405 9 12 0.023157077 
813 412 9 13 0.023146719 
347 160 5 7 0.023144409 
54 379 4 3 0.023100419 
56 387 38 39 0.023096843 
296 342 3 3 0.023083774 
223 511 28 32 0.02307521 
188 343 3 3 0.023063378 
507 317 4 3 0.023060994 
476 327 3 4 0.02305276 
358 161 10 14 0.023044521 
620 280 10 12 0.02304275 
830 420 19 27 0.02304113 
80 360 3 4 0.023040699 
169 367 4 4 0.023033606 
538 437 13 14 0.023019725 
32 273 8 10 0.022981333 
244 354 5 4 0.022980416 
922 345 6 8 0.022972725 
350 432 24 28 0.022968583 
212 523 23 33 0.022966882 
198 426 19 20 0.022966625 
795 400 19 21 0.0229648 
257 349 5 4 0.022959651 
229 492 25 30 0.022926493 
922 114 5 7 0.02290849 
211 482 26 31 0.022895375 
710 243 6 6 0.02287114 
252 353 5 4 0.022863043 
218 355 6 4 0.022849731 
359 367 5 4 0.022835568 
183 414 11 13 0.022825897 
508 321 4 4 0.022791313 
315 330 4 3 0.022786226 
402 411 9 13 0.022784363 
665 367 15 21 0.022780707 
907 26 91 100 0.022771621 
182 400 19 21 0.022762371 
221 438 24 27 0.022745956 
83 395 6 9 0.022733906 
488 443 22 28 0.022721674 
489 368 4 4 0.022658402 
710 248 8 8 0.022632986 
827 412 12 16 0.022574402 
736 565 47 53 0.022548068 
568 375 9 12 0.022528378 
846 400 19 22 0.022527307 
683 364 8 10 0.02252225 
494 474 14 24 0.02252062 
178 384 7 7 0.022518996 
600 141 24 25 0.022493666 
428 376 7 8 0.022493044 
766 404 37 47 0.022484934 
588 475 42 51 0.02246198 
194 343 3 3 0.02245608 
700 391 12 16 0.022452248 
680 407 19 25 0.02245204 
587 403 11 16 0.02243306 
974 341 4 5 0.022396956 
628 255 7 9 0.0223888 
16 414 18 21 0.022373732 
369 728 23 29 0.022362266 
851 282 7 7 0.022344988 
964 438 9 13 0.02234411 
577 494 27 29 0.022331895 
634 244 6 6 0.022323344 
99 711 28 29 0.022321861 
560 499 9 10 0.022321321 
503 411 12 14 0.022297721 
891 304 3 4 0.022296801 
167 400 18 22 0.02226025 
214 457 23 28 0.022239199 
950 131 11 12 0.02223403 
53 385 4 5 0.022216052 
68 382 8 8 0.022212526 
905 69 51 65 0.022206198 
562 369 9 10 0.022201493 
457 651 22 31 0.022194004 
811 381 11 12 0.02218854 
31 478 7 10 0.022181114 
424 273 11 10 0.022161525 
142 361 4 4 0.022076486 
755 375 9 8 0.022070039 
907 298 2 2 0.022066504 
405 431 12 14 0.022056865 
165 383 7 7 0.022042736 
170 547 40 40 0.022026548 
239 342 3 3 0.022024391 
412 322 3 4 0.022023667 
418 323 4 3 0.022005044 
747 375 9 8 0.021995103 
793 378 8 10 0.021925777 
909 521 9 14 0.021925472 
351 169 9 13 0.021919508 
400 437 13 19 0.021874044 
87 386 4 5 0.021870328 
950 369 12 13 0.021844726 
296 366 4 4 0.021834131 
931 309 3 3 0.021807939 
613 237 7 7 0.021804532 
614 299 8 10 0.021802763 
134 331 202 154 0.021795994 
846 271 26 24 0.021791829 
45 430 19 25 0.021785125 
910 314 4 5 0.021772146 
908 721 26 28 0.02173843 
482 327 4 5 0.021719122 
74 394 9 10 0.021709554 
671 388 21 28 0.02169826 
59 406 19 22 0.021679906 
593 566 25 26 0.021674313 
130 389 5 7 0.021664247 
639 406 12 15 0.021652875 
835 350 9 11 0.02164047 
315 439 12 18 0.021629587 
970 440 9 11 0.021587916 
302 366 4 4 0.021587837 
856 289 6 7 0.021580558 
671 434 24 29 0.02157832 
833 336 4 5 0.021563772 
645 428 13 17 0.021556249 
324 510 13 16 0.02153117 
561 383 15 19 0.021527283 
585 355 4 5 0.021525785 
130 503 22 28 0.021521298 
758 593 29 37 0.021501344 
0 379 19 23 0.021472076 
393 417 12 15 0.021443384 
272 431 11 13 0.02142438 
404 162 7 7 0.02141285 
949 345 4 5 0.021407992 
134 528 44 51 0.021407133 
67 404 38 39 0.021399092 
59 221 12 15 0.021385903 
49 113 10 11 0.021385372 
1009 362 22 24 0.021384133 
475 361 3 4 0.021345446 
519 315 4 5 0.021331506 
79 366 4 5 0.021327984 
862 58 25 30 0.021320578 
485 424 18 23 0.021296285 
559 247 11 10 0.021287689 
481 361 4 4 0.021280697 
502 417 19 24 0.021271124 
594 354 5 7 0.021258544 
150 481 12 16 0.021171201 
544 492 25 27 0.021128729 
239 335 4 4 0.021127757 
251 342 4 3 0.021124767 
195 355 4 3 0.02112252 
405 577 42 55 0.021111688 
443 383 6 8 0.02110608 
463 360 4 4 0.021085279 
691 -23 198 148 0.021067673 
469 328 4 4 0.021057922 
291 337 3 3 0.021057144 
311 335 3 4 0.0210534 
50 421 18 21 0.021046627 
402 486 7 8 0.021025134 
348 154 4 5 0.021025121 
124 467 20 30 0.02098101 
355 368 3 4 0.0209584 
835 374 18 25 0.020943461 
186 522 15 17 0.020940863 
785 157 10 10 0.020933669 
489 321 3 4 0.020885807 
549 370 8 9 0.020858523 
608 194 22 25 0.0208584 
620 297 11 14 0.020848833 
237 354 5 4 0.020833895 
779 372 9 7 0.020822002 
328 335 4 4 0.020814668 
163 393 11 13 0.020813843 
854 381 15 24 0.020795085 
264 467 15 20 0.02076607 
581 267 9 9 0.020742683 
290 465 27 32 0.020721309 
217 365 6 5 0.020696 
522 386 9 13 0.020695353 
691 361 8 10 0.020689841 
606 375 10 12 0.020688936 
264 373 4 4 0.02068123 
814 234 4 4 0.020680752 
367 158 42 45 0.020671714 
429 406 10 13 0.020669527 
507 367 4 5 0.02066849 
910 298 3 3 0.020666743 
923 112 4 5 0.020660408 
283 349 5 3 0.020660168 
477 323 3 3 0.020657932 
385 372 5 7 0.020652696 
392 100 39 44 0.02064 
64 390 7 9 0.020624489 
355 313 4 6 0.020617446 
559 285 10 11 0.020614794 
448 403 16 19 0.02060875 
353 390 7 8 0.020589786 
109 562 40 53 0.020588538 
225 355 4 3 0.02058844 
368 400 12 11 0.020586563 
1017 356 10 14 0.020574858 
180 391 17 18 0.020558981 
890 20 181 169 0.020555966 
164 439 12 18 0.020551596 
275 364 7 6 0.020547079 
198 415 77 85 0.020542463 
412 421 18 21 0.020526111 
785 150 10 11 0.020520216 
0 604 19 41 0.020516492 
526 427 14 16 0.020512817 
983 350 9 12 0.020512797 
969 382 13 19 0.020473266 
350 159 19 25 0.020465925 
355 328 4 6 0.02046204 
710 239 6 5 0.020460706 
610 438 35 46 0.020455517 
242 546 26 28 0.020438684 
297 360 4 4 0.020425262 
105 354 2 3 0.020415 
355 160 5 8 0.020396212 
375 163 9 12 0.020364871 
157 355 3 3 0.020356007 
923 298 4 3 0.020350397 
405 322 3 4 0.020348245 
973 333 4 6 0.020334123 
931 299 3 2 0.020325374 
956 350 5 8 0.020315723 
390 167 7 8 0.020307887 
355 399 11 12 0.020291401 
1011 312 5 6 0.020291341 
554 280 10 10 0.020285698 
0 406 16 26 0.020281933 
628 243 6 7 0.020259077 
332 411 10 13 0.020254327 
454 381 8 11 0.020252494 
66 492 25 30 0.020249866 
451 356 3 3 0.020249564 
160 506 22 32 0.020241551 
436 192 8 10 0.020240957 
308 348 4 4 0.020223297 
186 544 84 88 0.020219268 
68 413 20 22 0.02021101 
60 384 4 6 0.020181006 
625 169 10 11 0.020153161 
708 400 17 26 0.020148523 
580 756 62 43 0.020138789 
872 345 4 8 0.020128863 
311 405 11 13 0.020116601 
231 450 24 28 0.020116322 
938 329 2 4 0.020106832 
379 355 3 4 0.020095512 
1012 325 18 35 0.02007802 
507 371 5 6 0.0200533 
917 303 4 4 0.020049065 
658 448 12 23 0.020030899 
785 144 10 10 0.020021312 
957 386 13 21 0.020013852 
