26_Soldier_Drilling_Soldiers_Drilling_26_619
2393
816 244 24 27 0.99845386 
460 214 34 34 0.96709955 
380 246 21 26 0.93073094 
766 301 27 20 0.8378401 
188 407 14 13 0.8068526 
73 243 12 17 0.44961438 
891 376 16 13 0.3949024 
142 409 13 11 0.3671488 
679 319 13 14 0.36337668 
770 279 15 11 0.34438217 
301 503 8 7 0.28521982 
313 446 9 8 0.25916433 
292 500 8 7 0.23720187 
964 345 10 9 0.19553946 
272 506 9 7 0.17728496 
286 462 9 7 0.1696847 
326 453 7 7 0.16812232 
215 530 12 10 0.15817098 
187 154 11 14 0.15806337 
239 509 11 8 0.1560083 
933 360 13 11 0.15219319 
396 414 9 10 0.14419328 
239 468 11 8 0.14184378 
106 257 11 11 0.14003713 
158 41 7 10 0.13700809 
212 154 14 15 0.1364029 
351 520 6 5 0.13338959 
132 256 14 16 0.13098529 
697 364 9 8 0.12984799 
834 383 10 11 0.1298226 
980 102 15 14 0.12952152 
312 493 7 7 0.12750156 
180 484 31 23 0.12640555 
408 334 23 24 0.12571716 
778 381 21 32 0.12376374 
339 519 8 7 0.1236258 
643 448 68 58 0.12343979 
204 438 11 9 0.12305035 
280 466 8 6 0.12165217 
39 509 47 41 0.120418735 
301 516 8 8 0.11985155 
505 32 11 12 0.11561123 
293 485 8 7 0.11499403 
347 520 6 6 0.11364264 
179 159 16 17 0.111771725 
323 474 10 8 0.10930647 
305 546 14 10 0.109226845 
912 373 13 10 0.10668495 
254 468 7 6 0.10620425 
293 481 8 6 0.10606985 
326 515 8 8 0.10601964 
151 407 11 11 0.10363334 
909 387 14 11 0.10232643 
806 346 25 21 0.10122014 
325 440 8 7 0.10044236 
286 479 8 6 0.09929794 
115 344 47 46 0.09919176 
146 345 48 48 0.09775275 
934 351 17 11 0.09727182 
729 240 10 16 0.09711912 
326 506 8 6 0.09639654 
717 363 11 11 0.093602546 
754 303 24 14 0.09320758 
277 467 6 5 0.09288337 
314 433 8 7 0.09115842 
431 511 8 9 0.0902543 
197 8 12 12 0.08855365 
271 480 10 8 0.0881325 
333 428 7 6 0.0878897 
232 521 13 10 0.087845154 
482 423 16 14 0.08748716 
318 442 7 6 0.08721045 
275 9 15 12 0.08655637 
113 254 13 12 0.08428468 
238 8 12 11 0.08310254 
332 441 7 6 0.08109211 
325 449 8 7 0.0802009 
261 512 8 6 0.08001683 
300 478 7 7 0.07973471 
986 452 24 24 0.07846674 
972 461 12 13 0.07816692 
300 446 7 7 0.07689321 
617 122 12 12 0.07661111 
315 430 7 6 0.07596997 
114 253 24 20 0.07554692 
319 424 6 5 0.07550982 
113 278 11 13 0.07418842 
922 407 12 10 0.07408738 
303 500 9 8 0.07372429 
288 504 7 6 0.07313868 
340 511 7 6 0.07299705 
330 535 10 7 0.072571725 
320 477 10 8 0.07227631 
13 230 13 16 0.072159275 
227 447 9 7 0.07131477 
281 493 8 6 0.071025774 
281 505 6 5 0.07076081 
352 501 8 6 0.070719965 
176 212 27 30 0.07068863 
270 461 6 5 0.070573814 
755 309 32 22 0.07050452 
788 322 15 10 0.07044534 
279 481 9 6 0.07019845 
60 238 22 28 0.069319 
959 350 12 9 0.06871756 
519 10 12 9 0.06860647 
343 450 8 6 0.06841984 
269 475 7 5 0.06823788 
372 518 6 6 0.06808007 
239 26 24 29 0.06802818 
821 233 23 25 0.06796239 
100 134 10 14 0.0678683 
333 505 8 6 0.06778086 
745 323 13 10 0.06713502 
254 500 9 7 0.067074195 
319 505 8 6 0.066878095 
330 513 7 7 0.06681672 
319 435 7 6 0.06633086 
650 117 27 22 0.06625788 
269 484 10 8 0.06614226 
314 423 6 5 0.066107586 
319 492 7 6 0.06594271 
662 386 35 22 0.06551257 
224 458 11 8 0.065274164 
364 532 8 6 0.06489433 
493 408 9 8 0.064655595 
261 473 8 6 0.0644323 
353 513 6 5 0.06440624 
327 429 6 5 0.064241506 
356 500 7 5 0.06422819 
382 525 8 6 0.06412418 
964 362 11 9 0.06409841 
362 513 8 6 0.06392333 
340 483 6 5 0.06360016 
260 469 7 5 0.063569985 
326 437 6 6 0.06314824 
811 390 10 14 0.06307826 
337 506 7 6 0.06301826 
267 524 9 7 0.06286248 
131 26 11 13 0.06256868 
286 554 10 10 0.062544 
969 344 10 8 0.062430147 
954 362 14 11 0.0623164 
377 537 8 7 0.062237266 
353 441 8 7 0.062154148 
149 11 7 8 0.062086724 
305 478 8 7 0.061950043 
243 497 8 6 0.061737157 
301 455 7 6 0.061547197 
306 446 9 7 0.06136732 
527 29 10 11 0.061099496 
935 343 16 11 0.060782205 
932 395 10 10 0.060538337 
325 469 8 6 0.060318153 
84 476 13 12 0.060145494 
340 486 6 5 0.06007973 
358 64 22 22 0.059848197 
200 524 15 10 0.05980769 
331 492 7 5 0.059678953 
222 428 9 10 0.059028808 
844 397 19 13 0.05899086 
952 353 23 17 0.05884179 
1000 429 6 6 0.05881012 
368 531 9 7 0.058773033 
376 519 7 5 0.05858586 
939 357 16 10 0.05848726 
938 399 10 11 0.05836016 
319 500 6 5 0.05819047 
263 421 9 8 0.05807684 
587 106 10 10 0.058053084 
523 24 9 9 0.05774886 
347 487 6 5 0.057719618 
332 472 8 7 0.057312883 
715 353 35 38 0.057218406 
248 486 9 7 0.057194743 
349 522 7 6 0.057193637 
146 18 8 10 0.05714306 
260 504 9 7 0.05683391 
273 493 8 6 0.05678736 
338 500 6 6 0.05677884 
27 447 29 23 0.05667311 
707 250 10 13 0.056630608 
11 485 31 20 0.05648991 
253 480 9 7 0.056245826 
349 419 8 8 0.056235723 
918 388 10 9 0.056184348 
262 532 7 5 0.05613386 
345 513 6 5 0.056081574 
250 469 7 5 0.05595413 
73 550 14 12 0.05592348 
73 399 12 11 0.05552186 
318 547 13 12 0.055451944 
242 480 8 7 0.05500214 
494 473 7 8 0.05480233 
274 462 6 5 0.05462551 
1004 477 7 8 0.054596532 
331 488 6 5 0.054397453 
262 518 9 7 0.054355577 
515 22 11 10 0.053987905 
268 468 7 5 0.053597562 
283 502 6 4 0.053458907 
963 356 12 10 0.053232327 
280 439 9 11 0.05317158 
866 374 12 10 0.05315331 
340 452 8 7 0.05299455 
969 368 10 10 0.0529196 
281 529 10 8 0.052854564 
245 429 5 6 0.052663088 
339 471 8 7 0.052637283 
691 241 27 21 0.05262706 
254 472 8 6 0.05227343 
292 462 6 6 0.052163217 
255 492 9 6 0.05213357 
212 39 25 26 0.052022617 
308 442 7 7 0.05199193 
877 383 12 10 0.0518967 
301 493 7 5 0.05185807 
862 354 14 13 0.05161837 
825 81 47 44 0.051493295 
357 436 8 6 0.051355265 
318 537 9 7 0.051347833 
255 486 8 6 0.05108253 
361 486 6 6 0.050927565 
229 498 7 6 0.050911378 
273 530 8 6 0.05083036 
294 529 7 8 0.05045675 
301 475 6 5 0.050377727 
932 364 21 17 0.05035042 
357 519 6 5 0.05019322 
372 538 7 6 0.05004148 
305 460 8 6 0.05000762 
259 499 9 6 0.049874287 
313 498 6 6 0.04976701 
455 434 18 16 0.049764182 
958 409 8 8 0.04971156 
810 375 12 9 0.049566824 
339 427 9 8 0.049560606 
290 549 10 10 0.049331788 
298 530 8 7 0.049312327 
113 496 47 37 0.04889197 
222 467 9 8 0.048838273 
370 543 8 6 0.048629735 
357 545 7 5 0.048613813 
480 42 8 8 0.04855666 
194 154 11 14 0.04851966 
595 146 26 21 0.04850882 
357 525 7 5 0.04850806 
210 137 23 29 0.048494507 
849 374 10 10 0.04845318 
967 323 6 8 0.048291802 
642 390 31 22 0.04821236 
286 475 8 6 0.04817138 
294 467 6 5 0.04812752 
775 312 27 19 0.048072383 
336 535 8 7 0.048014555 
537 24 9 10 0.048013806 
165 412 11 11 0.047951244 
95 549 11 11 0.047912773 
434 507 7 8 0.04774902 
323 544 12 8 0.047693927 
931 88 28 24 0.04764191 
322 454 7 6 0.04756598 
377 525 7 6 0.047440156 
234 506 11 8 0.04740251 
366 501 6 5 0.047262564 
225 499 6 6 0.047131047 
344 506 6 5 0.047021277 
1002 94 10 12 0.04693077 
364 487 6 6 0.046892054 
293 475 7 4 0.04687305 
67 235 10 14 0.046812158 
747 89 13 18 0.046599723 
972 399 8 9 0.04656893 
222 472 9 8 0.04645752 
360 475 7 5 0.046411306 
230 510 9 7 0.04632351 
229 494 8 6 0.04582114 
364 544 7 5 0.045779563 
164 357 11 10 0.045721464 
595 486 5 6 0.045663927 
257 449 6 6 0.04564263 
219 427 7 8 0.045509 
303 427 6 8 0.045450706 
358 530 7 7 0.045414455 
516 34 10 11 0.04533415 
118 369 31 30 0.04513552 
263 462 6 5 0.045031063 
303 467 6 5 0.045016967 
700 369 9 9 0.044908125 
311 461 8 6 0.044786304 
319 531 8 5 0.04477494 
-18 -241 502 253 0.044620927 
363 550 8 7 0.044620305 
351 446 9 8 0.04451066 
222 486 8 7 0.04441554 
326 425 6 4 0.044406377 
343 474 8 7 0.044310752 
340 441 6 5 0.04430362 
168 135 37 45 0.044292305 
228 427 9 10 0.044287853 
536 18 10 8 0.044261076 
345 500 6 6 0.04402876 
249 499 9 7 0.044021375 
351 482 7 6 0.044020757 
352 504 7 6 0.043905027 
462 455 8 7 0.043884404 
358 538 7 6 0.043847166 
353 548 9 9 0.043748144 
157 353 21 24 0.043713465 
291 543 9 8 0.043697953 
388 433 9 8 0.04369102 
989 446 10 11 0.043672316 
343 434 8 7 0.043649044 
345 441 6 6 0.04362797 
965 376 10 9 0.043498654 
279 485 9 6 0.043492563 
49 432 47 42 0.043491386 
684 381 29 23 0.043408737 
699 103 28 24 0.043399226 
12 469 11 10 0.04325104 
287 486 9 6 0.043148447 
312 479 8 6 0.043123342 
459 378 12 12 0.043088436 
263 416 9 8 0.043059163 
486 400 8 8 0.04305566 
703 361 7 6 0.04297932 
293 518 7 7 0.042912096 
376 532 8 5 0.04290271 
463 460 7 7 0.042739738 
965 382 10 9 0.042704202 
97 512 27 23 0.042689487 
999 433 7 7 0.04264684 
262 426 9 12 0.042534776 
216 112 11 11 0.042482875 
958 420 8 10 0.042467345 
306 436 6 6 0.042402424 
233 499 9 6 0.042393446 
367 551 9 7 0.042310916 
314 505 5 6 0.042182144 
950 366 13 11 0.042151302 
999 425 5 5 0.04215033 
995 429 5 6 0.04212015 
260 479 8 6 0.04205049 
371 525 7 6 0.042036235 
534 12 11 7 0.041976888 
216 525 10 9 0.041960128 
932 373 12 11 0.041922018 
395 447 6 6 0.041786518 
197 124 11 12 0.0417806 
353 435 6 5 0.04176395 
344 536 8 7 0.04173266 
659 453 31 29 0.041709263 
167 210 20 29 0.041687652 
346 493 7 6 0.0416685 
248 481 9 6 0.04152516 
939 369 24 22 0.04147953 
123 262 13 15 0.041435108 
148 245 5 6 0.041432418 
316 373 4 5 0.04131187 
266 510 10 7 0.041255634 
472 455 8 7 0.041255068 
353 538 6 5 0.041247144 
450 216 24 26 0.041246656 
418 331 14 15 0.041214686 
357 493 7 6 0.041198645 
351 408 7 6 0.041168395 
179 408 10 10 0.041140735 
78 300 11 16 0.041115087 
924 402 11 9 0.041082993 
335 501 6 5 0.04097334 
166 111 5 5 0.04096758 
390 449 7 6 0.04093961 
382 415 8 9 0.04090812 
335 556 12 8 0.040881243 
485 43 8 8 0.04087127 
510 11 9 6 0.04084441 
352 532 6 5 0.040775683 
225 493 7 5 0.040720843 
301 434 8 8 0.040709652 
165 16 7 11 0.04066192 
110 517 44 35 0.040654086 
345 545 7 5 0.040652197 
343 76 24 24 0.04064927 
305 475 8 6 0.040625997 
320 461 6 5 0.040619627 
447 510 11 9 0.04056642 
709 370 8 8 0.040551163 
936 423 4 6 0.040540628 
365 504 7 6 0.040539462 
119 440 11 14 0.04053129 
211 9 26 20 0.040516555 
468 51 7 7 0.04049849 
259 494 8 5 0.0404878 
330 448 7 6 0.040403098 
326 488 8 6 0.040349882 
288 513 6 5 0.04026452 
320 467 8 6 0.040246807 
346 533 6 5 0.040227138 
911 364 11 9 0.04018989 
61 474 26 21 0.04015123 
223 424 8 7 0.040150534 
261 536 7 7 0.04007409 
112 263 21 22 0.040073305 
965 408 8 9 0.040016133 
665 86 25 23 0.03987295 
259 43 8 10 0.039870452 
371 514 5 5 0.03978196 
256 453 6 6 0.039746083 
269 530 7 6 0.039624047 
805 251 10 13 0.039567772 
479 56 7 8 0.039550137 
130 279 11 13 0.039521545 
357 455 7 5 0.039502904 
352 455 6 6 0.03946598 
314 406 56 50 0.039432872 
299 487 7 6 0.03942492 
331 481 7 6 0.039206117 
854 448 4 4 0.039203826 
285 525 9 7 0.039120995 
247 506 9 7 0.039107677 
634 87 55 43 0.039106317 
723 295 8 11 0.039067548 
661 471 30 25 0.03903953 
255 511 8 6 0.038938794 
879 378 11 10 0.03893364 
244 433 6 8 0.03883292 
709 362 9 9 0.03880236 
319 512 9 8 0.038796686 
958 376 10 9 0.038788985 
985 339 8 7 0.03876832 
383 520 6 5 0.0387138 
259 488 7 5 0.03866587 
266 550 7 6 0.038662758 
197 546 29 26 0.038643 
583 499 5 5 0.03858435 
965 438 7 11 0.038563993 
983 73 11 10 0.0385191 
209 527 21 19 0.03851786 
396 531 8 6 0.038503245 
866 379 14 12 0.03850053 
340 493 6 5 0.03848758 
338 417 7 5 0.03844062 
363 517 7 6 0.038408503 
287 518 7 6 0.038287137 
382 530 8 6 0.038273476 
304 537 10 8 0.0382169 
263 524 8 6 0.038065825 
239 279 11 17 0.038053747 
158 304 10 10 0.038051546 
459 43 9 9 0.03804195 
919 357 9 8 0.03803497 
942 358 24 19 0.038020857 
350 493 8 6 0.038006667 
993 434 6 7 0.037957687 
118 487 32 26 0.037948724 
255 428 7 10 0.037935313 
684 86 25 23 0.037922326 
321 488 8 6 0.037897356 
358 505 7 6 0.037883934 
496 49 12 15 0.037867785 
592 487 5 6 0.03785461 
957 339 11 9 0.037851546 
646 101 26 25 0.03784385 
109 536 31 22 0.03779378 
91 289 10 13 0.0377593 
266 500 9 5 0.037752643 
647 96 14 10 0.037749168 
420 127 27 23 0.037740238 
305 455 7 6 0.037739776 
700 333 16 16 0.037722312 
88 496 10 10 0.037703875 
204 428 8 8 0.037683748 
303 175 23 24 0.037644237 
364 538 7 5 0.037626915 
456 54 10 13 0.03761989 
944 82 34 23 0.03759673 
167 349 22 26 0.037590522 
853 64 33 23 0.037576046 
188 430 12 13 0.037573285 
844 362 9 11 0.0375536 
991 441 9 9 0.037515126 
144 541 47 38 0.037461024 
248 353 8 8 0.037450194 
699 385 14 14 0.037415296 
175 413 11 10 0.037285462 
220 534 11 10 0.037282243 
510 48 8 10 0.03724957 
687 366 6 6 0.037248373 
967 403 7 7 0.03719647 
156 36 8 11 0.037178583 
392 141 28 23 0.037134126 
711 304 8 9 0.03711769 
210 316 11 11 0.037096363 
278 548 12 9 0.03708188 
172 114 6 7 0.03705247 
959 362 20 19 0.037012957 
957 377 22 20 0.037006583 
289 24 17 15 0.03697455 
950 358 13 10 0.036907777 
187 157 22 21 0.0369071 
453 474 7 7 0.036879044 
937 338 12 10 0.036873657 
217 449 7 6 0.03686526 
273 500 7 5 0.03683955 
141 218 22 21 0.036828462 
1006 435 5 7 0.036823664 
249 435 7 9 0.036819812 
441 510 8 8 0.036764044 
130 9 12 10 0.036763642 
364 525 7 5 0.036753383 
733 84 24 29 0.03672768 
994 98 12 12 0.0367268 
280 474 8 5 0.036694344 
160 104 4 5 0.036685858 
59 408 25 19 0.03665974 
230 506 7 6 0.03659465 
326 531 10 7 0.036594216 
960 446 9 14 0.036515504 
250 427 6 8 0.036502857 
389 537 9 7 0.03647047 
353 544 7 6 0.036444876 
333 560 25 20 0.03644045 
137 382 12 11 0.036414474 
13 516 26 21 0.03639302 
949 375 13 12 0.036314063 
340 157 24 22 0.036277045 
223 504 8 7 0.03618016 
160 217 5 6 0.036177214 
87 549 12 11 0.036138542 
275 431 9 13 0.036084425 
-27 -222 201 170 0.036057048 
333 112 14 11 0.03603488 
275 551 9 6 0.035999898 
983 360 10 12 0.03599518 
359 429 7 6 0.035971828 
314 418 6 5 0.035923 
43 437 9 8 0.03589376 
487 52 8 8 0.03584619 
201 156 12 15 0.035840735 
346 479 8 6 0.035793558 
843 354 10 13 0.035708554 
237 523 14 11 0.03567938 
179 360 24 27 0.035652567 
929 76 27 22 0.035637714 
358 480 6 6 0.035612296 
442 540 6 5 0.03560461 
243 485 8 7 0.03557964 
248 491 9 6 0.0355729 
312 488 7 5 0.035521276 
70 477 14 12 0.035503183 
248 472 8 6 0.03546486 
378 513 5 5 0.035442263 
210 145 12 14 0.035427004 
905 375 13 10 0.03540531 
139 271 12 14 0.035367705 
7 482 54 40 0.035366 
977 477 10 10 0.035361703 
845 105 35 23 0.035349622 
348 555 10 9 0.035338093 
335 469 7 6 0.03532224 
923 338 13 9 0.035317644 
855 364 10 9 0.03531338 
607 140 30 25 0.035301395 
452 453 10 9 0.035262156 
266 478 22 16 0.035207365 
153 395 8 8 0.03518641 
159 356 10 11 0.035172325 
417 527 5 4 0.035141904 
297 455 5 5 0.035126254 
889 370 11 10 0.035125226 
442 419 41 36 0.035097994 
518 543 7 6 0.03503814 
349 429 7 7 0.03503299 
356 447 9 8 0.034988478 
43 483 50 41 0.0349586 
359 466 7 5 0.034938283 
370 58 21 21 0.034926273 
591 101 11 10 0.034915403 
306 487 7 5 0.03487378 
247 529 10 9 0.034844484 
845 220 111 93 0.034811392 
390 526 7 5 0.03480882 
478 455 8 7 0.034788873 
352 474 7 5 0.034769185 
622 145 14 13 0.03475024 
874 370 9 8 0.034698542 
175 434 13 13 0.034691684 
216 247 9 11 0.034670617 
435 499 6 7 0.034642313 
112 472 28 22 0.0345909 
313 531 8 5 0.03455724 
216 434 8 8 0.034533277 
166 24 6 9 0.034486048 
641 415 27 24 0.034372028 
273 517 9 7 0.034367274 
780 299 16 15 0.03434583 
138 22 11 13 0.034319744 
274 556 9 8 0.03431069 
914 83 26 29 0.03429199 
964 340 11 9 0.034270555 
217 126 9 9 0.03416791 
338 89 23 23 0.03416261 
695 229 30 25 0.03416123 
386 449 7 6 0.03413495 
995 425 4 4 0.034087922 
118 249 13 13 0.03402054 
15 495 28 20 0.034019876 
188 526 46 37 0.034019165 
685 300 6 9 0.033981223 
208 445 10 9 0.03396229 
906 368 15 12 0.03395222 
451 480 10 9 0.033895534 
383 543 9 7 0.033862285 
155 538 31 22 0.033838224 
217 457 9 8 0.033837352 
222 515 9 8 0.03383309 
309 423 5 6 0.033784553 
410 553 5 5 0.03378141 
436 495 5 5 0.033727087 
926 371 10 9 0.0336928 
58 527 42 41 0.033687863 
314 474 7 6 0.033678245 
218 423 6 7 0.033655364 
235 479 9 7 0.033592463 
61 453 26 25 0.0335911 
69 504 46 43 0.033579193 
635 101 23 22 0.033549275 
1004 344 8 11 0.033529107 
1005 338 6 9 0.033505596 
255 530 7 7 0.03349596 
464 444 11 10 0.033469234 
957 342 20 16 0.033383023 
357 82 22 24 0.0333742 
153 205 7 7 0.033333153 
131 247 12 13 0.033329956 
206 11 16 13 0.033317354 
364 70 8 8 0.033310253 
62 239 12 15 0.03328497 
285 543 11 10 0.033246327 
222 456 9 7 0.033238728 
957 382 12 11 0.033179402 
326 501 7 5 0.033157244 
773 283 15 13 0.03312464 
239 226 5 5 0.033093072 
390 531 7 5 0.03307859 
961 434 7 10 0.033068884 
954 537 6 6 0.03295291 
240 25 14 14 0.03293582 
56 465 8 8 0.03293406 
150 18 9 11 0.032923035 
346 404 8 7 0.032921374 
37 474 29 21 0.032914914 
357 424 7 6 0.032856572 
79 395 13 13 0.032848973 
577 88 47 42 0.032841675 
387 543 10 8 0.032819923 
471 491 11 13 0.03279234 
282 518 7 7 0.03278017 
982 439 23 26 0.03274901 
94 540 29 22 0.0327374 
235 493 7 6 0.032712173 
453 507 9 8 0.032708086 
834 72 32 23 0.032655545 
198 145 8 12 0.032650262 
677 459 10 9 0.032558788 
294 525 7 7 0.032536115 
494 460 7 7 0.032474566 
872 63 29 22 0.032406975 
970 463 24 22 0.032399543 
332 414 8 6 0.032396518 
492 397 6 6 0.03239074 
933 94 9 9 0.03239042 
189 169 22 23 0.032386817 
234 429 7 7 0.032364752 
98 31 6 8 0.032317717 
853 342 24 22 0.032316796 
301 423 6 7 0.032305613 
196 544 11 11 0.032305483 
787 102 27 24 0.032293268 
423 538 7 7 0.032277744 
273 537 9 7 0.032263067 
540 12 11 7 0.032232977 
276 543 14 10 0.032216292 
350 101 10 9 0.03219939 
338 410 7 5 0.03219599 
493 478 8 10 0.032188408 
339 424 7 5 0.03218342 
925 113 10 9 0.032147117 
275 22 9 11 0.032120217 
255 518 8 7 0.032093477 
862 415 10 9 0.031986218 
685 443 7 7 0.03197795 
247 542 9 8 0.031970717 
245 423 5 7 0.03189955 
441 372 27 23 0.031892657 
975 357 13 12 0.031885367 
430 508 7 7 0.031884324 
218 242 7 9 0.03186539 
610 501 3 4 0.031856835 
822 409 11 12 0.031840887 
705 364 22 21 0.031837694 
863 407 9 8 0.031819314 
134 241 9 10 0.031785443 
156 411 10 11 0.03176881 
383 455 8 7 0.031764876 
175 39 4 8 0.03174727 
147 223 11 10 0.03171831 
125 32 20 23 0.03169292 
507 473 6 7 0.03167976 
886 118 22 23 0.031669762 
737 308 41 39 0.031642385 
171 131 22 26 0.0316405 
288 448 5 6 0.03164035 
295 446 8 8 0.031612605 
438 -241 537 263 0.031568717 
168 360 12 13 0.03151565 
365 492 6 5 0.03147538 
248 536 8 8 0.03146939 
498 45 10 10 0.03145009 
125 282 10 13 0.031432968 
676 366 7 6 0.03143215 
616 210 29 23 0.031426433 
438 432 25 22 0.03142156 
922 351 9 7 0.03142061 
235 432 7 8 0.031394303 
768 161 7 6 0.031369828 
659 409 34 28 0.031363968 
134 315 95 88 0.031357102 
518 473 7 7 0.03135673 
370 344 30 26 0.031347547 
364 478 7 7 0.031335194 
970 383 9 8 0.031331487 
382 461 8 6 0.031330552 
221 476 10 9 0.031326815 
986 414 23 26 0.03130911 
336 550 10 8 0.03129152 
208 493 25 22 0.031259198 
203 533 11 10 0.031257596 
329 542 10 7 0.031255476 
175 43 5 8 0.031246416 
1001 418 4 4 0.031164913 
758 280 25 19 0.031111825 
775 293 16 14 0.031099577 
492 402 8 9 0.03108722 
667 422 97 91 0.031083753 
109 454 6 8 0.03108309 
684 460 9 8 0.031082917 
138 531 11 9 0.031057259 
397 444 5 5 0.031006975 
491 44 8 8 0.031005444 
918 62 23 25 0.03100496 
945 401 9 10 0.030983876 
54 460 8 9 0.030964237 
425 374 28 23 0.030923847 
83 37 7 10 0.030904775 
753 300 14 11 0.030899365 
635 493 4 5 0.030892914 
338 84 8 7 0.030888591 
140 16 19 23 0.03088853 
153 31 7 11 0.030883102 
160 96 5 5 0.030872425 
42 284 13 12 0.030852135 
363 441 8 8 0.030825678 
769 385 45 43 0.030816738 
920 396 8 7 0.0308 
180 101 7 7 0.030783245 
137 386 23 22 0.030777235 
947 434 43 49 0.030771168 
364 474 7 6 0.030745437 
702 373 11 12 0.03072023 
36 435 10 8 0.030705035 
12 243 10 16 0.030700758 
422 512 7 7 0.030699475 
423 525 6 6 0.030694645 
326 491 8 6 0.030687995 
229 486 8 7 0.030637782 
33 432 26 24 0.030630192 
691 377 40 38 0.0305775 
54 474 10 7 0.030575605 
188 137 9 12 0.030549878 
358 462 7 5 0.03054286 
368 329 29 26 0.03053597 
254 114 8 10 0.030501418 
227 473 9 7 0.03049488 
794 44 26 21 0.030471507 
389 452 7 6 0.030465908 
524 35 11 11 0.030450726 
871 375 14 12 0.030428097 
422 543 9 8 0.030416999 
965 393 10 10 0.03040623 
653 232 12 15 0.030368084 
246 524 11 9 0.030335533 
339 404 7 5 0.030334705 
446 454 11 9 0.030326385 
217 473 8 8 0.030321175 
163 115 5 6 0.030313624 
344 549 9 7 0.030300857 
425 427 116 92 0.030289875 
733 78 11 13 0.030287797 
999 442 6 7 0.030265342 
338 544 8 6 0.030253848 
692 443 6 6 0.030241314 
375 139 31 30 0.030226298 
391 521 6 4 0.030221265 
93 478 26 18 0.030207042 
763 149 34 27 0.030195339 
358 416 6 5 0.030147232 
609 155 13 12 0.030118601 
179 341 24 28 0.03011839 
11 273 9 14 0.03011318 
536 0 9 6 0.030103276 
603 436 5 5 0.030101264 
439 321 26 24 0.030070018 
214 118 20 23 0.030063087 
428 381 12 11 0.030019548 
55 248 14 18 0.030016135 
300 524 8 8 0.030013368 
870 408 10 9 0.030005375 
210 492 9 8 0.029997423 
695 253 15 12 0.029978061 
405 129 27 20 0.029950917 
394 544 10 7 0.02994829 
155 370 7 8 0.029946325 
479 460 7 7 0.029943435 
49 409 11 8 0.029942565 
130 16 13 11 0.029938389 
207 265 10 14 0.02993406 
164 110 4 4 0.029929223 
993 418 5 4 0.029923724 
375 543 8 6 0.029901339 
313 453 8 6 0.029900424 
492 468 7 7 0.029883528 
167 114 5 7 0.02988155 
991 340 7 6 0.029877901 
479 53 8 6 0.029867316 
920 385 9 7 0.029862745 
384 241 14 16 0.02984878 
273 422 8 9 0.029829625 
952 344 11 8 0.029798089 
189 129 20 25 0.029773727 
1002 412 3 4 0.029762523 
50 439 9 8 0.029759558 
290 400 10 11 0.029736694 
221 124 11 11 0.02973396 
269 448 5 6 0.029732509 
326 549 15 10 0.029720709 
603 442 5 5 0.02971703 
112 281 21 25 0.029689174 
653 99 15 13 0.029664764 
219 117 13 12 0.029637737 
855 445 3 3 0.029631121 
187 229 21 27 0.029628545 
353 374 4 4 0.029618852 
675 208 27 26 0.029594934 
247 9 12 11 0.029580776 
410 556 6 7 0.029550172 
688 45 24 22 0.029531786 
865 309 13 14 0.029525211 
38 229 9 11 0.029511852 
265 431 9 12 0.02948473 
511 19 9 8 0.029481053 
841 382 9 10 0.029476924 
241 537 10 8 0.029471505 
919 109 10 10 0.029470364 
401 530 9 6 0.029467236 
539 486 7 7 0.02945613 
67 472 14 11 0.029455094 
435 530 7 7 0.02944947 
245 44 11 14 0.029445896 
726 401 10 11 0.029441318 
148 437 22 23 0.029399753 
172 65 25 32 0.02935027 
71 435 6 6 0.02933538 
695 282 12 18 0.029331299 
60 477 14 10 0.029320976 
167 91 4 5 0.029286463 
579 130 5 5 0.029282121 
401 400 12 11 0.029271591 
681 113 12 12 0.029251145 
473 52 7 6 0.029237136 
928 363 10 8 0.02923536 
913 401 24 19 0.029224647 
709 240 11 11 0.029215666 
449 474 6 6 0.029211558 
427 395 9 10 0.029184535 
343 468 7 5 0.02917451 
445 85 13 15 0.029169729 
244 438 8 9 0.029159503 
558 480 6 6 0.029132139 
936 439 18 31 0.02911741 
882 69 57 40 0.029111275 
659 382 87 80 0.029099556 
353 546 22 20 0.029061975 
359 410 5 6 0.029049022 
807 155 6 7 0.029042717 
249 448 7 8 0.02903493 
280 512 7 6 0.029026046 
87 523 9 9 0.029020607 
411 527 5 5 0.028991006 
491 413 11 11 0.028963689 
445 69 10 12 0.028962962 
304 513 8 8 0.02894471 
235 460 8 7 0.028939283 
410 519 6 5 0.028926682 
191 125 11 13 0.02891959 
27 435 5 7 0.02889143 
486 392 5 5 0.028889129 
293 513 6 5 0.028880032 
389 442 8 5 0.028879626 
698 443 5 6 0.02883626 
650 165 27 27 0.028832963 
279 555 12 9 0.028832361 
29 453 50 39 0.028820874 
683 69 10 9 0.028807517 
314 526 7 6 0.028800461 
364 429 8 7 0.028779842 
1007 383 5 6 0.028777448 
12 490 14 11 0.028761268 
614 115 7 8 0.028759256 
49 434 9 7 0.028756848 
155 68 76 104 0.028748587 
117 388 29 23 0.028745262 
160 15 8 11 0.028731631 
964 427 8 10 0.02872788 
813 154 6 6 0.028705481 
149 489 24 29 0.02869954 
206 466 12 10 0.028687885 
152 218 9 8 0.028637331 
789 392 10 16 0.028613254 
282 456 7 5 0.028609956 
469 441 25 21 0.028593276 
166 518 30 22 0.02859309 
485 408 8 8 0.028586429 
634 487 4 5 0.028571852 
960 425 7 10 0.028569754 
632 151 12 13 0.028561784 
542 0 10 6 0.02854808 
936 417 5 6 0.028546214 
477 397 7 6 0.028532447 
254 525 7 6 0.028528672 
491 50 11 12 0.028519372 
830 452 8 8 0.028511884 
1005 425 4 5 0.02849626 
648 390 17 12 0.028494589 
330 77 23 23 0.028493067 
171 -4 24 18 0.028462658 
674 393 33 30 0.028453099 
805 371 23 17 0.028452372 
318 526 7 6 0.028444076 
174 527 28 22 0.0284339 
99 478 14 10 0.028433776 
461 517 8 8 0.028407797 
901 114 9 9 0.028376127 
148 248 6 7 0.028374061 
953 449 18 28 0.028358847 
364 75 9 9 0.028347146 
57 553 9 8 0.02834628 
607 88 29 22 0.028338183 
416 537 6 6 0.02833691 
165 334 20 26 0.028325306 
109 273 8 11 0.028289462 
485 438 26 22 0.028273538 
256 463 6 4 0.028259225 
360 554 27 21 0.028254064 
216 498 8 7 0.0282529 
581 97 22 21 0.028250169 
299 536 9 8 0.028210852 
691 285 21 27 0.028207392 
288 456 6 5 0.028198594 
220 202 11 17 0.028189328 
269 45 6 8 0.028185954 
485 39 7 7 0.028181123 
237 229 6 7 0.02817746 
289 369 8 12 0.028168626 
452 445 26 23 0.028156517 
81 544 23 21 0.028136047 
331 460 9 6 0.028135736 
370 493 6 5 0.028127324 
604 476 4 5 0.028126985 
122 446 26 24 0.028106475 
691 365 8 7 0.028106272 
812 160 6 6 0.028094873 
332 404 8 5 0.028082546 
840 424 5 5 0.028066035 
977 344 10 8 0.028062815 
232 447 9 7 0.028045112 
519 35 21 22 0.028003775 
282 378 6 9 0.02800164 
117 545 15 11 0.027964897 
443 509 5 5 0.027958857 
417 519 6 5 0.027954029 
178 37 8 12 0.02795081 
290 38 29 28 0.027938196 
868 396 10 8 0.027931383 
897 72 28 21 0.02793031 
989 357 9 12 0.027924769 
142 2 20 20 0.027923487 
970 406 9 12 0.027916202 
351 468 7 5 0.027916085 
332 437 7 5 0.027908936 
491 503 10 10 0.027898952 
604 449 6 8 0.0278817 
572 501 4 4 0.027863149 
397 436 6 5 0.027862797 
484 454 9 9 0.027859647 
397 526 6 5 0.027848264 
925 384 8 8 0.027829388 
583 487 5 6 0.027814675 
539 480 25 23 0.027814262 
391 475 5 5 0.027813025 
925 389 10 8 0.027812587 
229 424 7 7 0.027805882 
469 438 11 11 0.027797401 
212 133 8 10 0.027794564 
991 345 7 6 0.02778828 
731 371 28 28 0.027771812 
1000 338 6 7 0.027758058 
521 47 14 16 0.027757792 
261 48 8 10 0.027744424 
997 447 8 9 0.027741952 
696 318 10 11 0.02773962 
410 562 8 7 0.027733093 
139 21 37 52 0.027722413 
452 459 9 9 0.027712144 
805 52 86 81 0.027687961 
968 349 12 10 0.027677758 
408 536 9 8 0.027673889 
148 29 7 11 0.02767333 
380 533 25 18 0.027668636 
609 442 5 5 0.027661106 
267 440 7 9 0.027655201 
663 112 27 24 0.027651887 
977 398 6 7 0.027649868 
255 234 10 11 0.027641848 
775 160 7 6 0.027636876 
397 551 7 6 0.027634975 
206 246 20 25 0.027634108 
840 430 5 5 0.027612304 
222 145 28 25 0.027597142 
609 108 8 7 0.027595954 
872 355 27 20 0.027594054 
902 492 8 7 0.027592717 
600 109 8 8 0.0275899 
64 435 5 5 0.027587496 
221 106 12 11 0.027571982 
641 430 7 7 0.027529199 
201 150 11 13 0.027515367 
167 30 5 8 0.027500758 
29 522 9 10 0.02748866 
168 38 5 8 0.027481915 
950 411 20 26 0.027470563 
153 33 15 21 0.027451195 
422 498 6 6 0.027436547 
604 501 4 4 0.027434707 
90 230 7 9 0.027414892 
669 95 13 11 0.027395591 
211 429 7 6 0.027390605 
47 473 14 11 0.02737344 
472 35 20 20 0.027354913 
181 94 8 8 0.027343169 
720 284 11 14 0.02734257 
372 284 17 14 0.027320642 
194 427 10 9 0.027318623 
626 395 34 24 0.027317522 
1007 379 4 6 0.027280552 
711 446 7 7 0.027252601 
817 400 11 14 0.027251177 
919 364 9 8 0.02724827 
99 37 5 9 0.027240861 
384 513 5 5 0.027205894 
503 48 9 12 0.027204469 
278 426 10 13 0.027169786 
89 261 9 13 0.027162794 
677 313 11 14 0.027161099 
509 41 9 12 0.027154014 
863 403 10 8 0.027140437 
160 57 5 7 0.027112776 
979 420 8 10 0.027108299 
197 136 9 12 0.02709306 
674 85 14 12 0.027085904 
520 17 11 9 0.027068129 
458 486 6 7 0.027060965 
401 537 9 7 0.027060604 
455 49 24 25 0.027037876 
251 6 15 12 0.027033003 
282 446 7 7 0.027032359 
413 557 7 6 0.027031725 
404 557 7 6 0.02701003 
417 513 6 6 0.027004922 
198 254 6 9 0.026995676 
535 7 10 6 0.026993548 
578 134 6 6 0.02695642 
687 467 30 33 0.026956197 
939 406 9 9 0.026953833 
167 372 20 27 0.026947387 
369 443 5 5 0.026932653 
685 433 8 9 0.026909642 
393 343 27 27 0.026901491 
466 44 7 8 0.02689793 
602 487 5 5 0.026890686 
703 92 31 25 0.026890416 
77 473 24 23 0.026887223 
212 248 6 8 0.026885446 
447 521 27 22 0.026882164 
44 231 23 27 0.026880443 
35 237 12 18 0.0268754 
351 76 9 9 0.02686604 
317 369 3 3 0.026859988 
425 506 21 22 0.026855858 
237 423 6 6 0.026855482 
238 543 8 8 0.026849339 
170 352 9 10 0.026840225 
712 436 6 7 0.026836146 
685 531 6 6 0.026828565 
131 157 14 20 0.02681871 
369 487 6 6 0.026814096 
404 138 14 11 0.02681119 
202 233 20 26 0.026800007 
177 349 9 12 0.026798328 
243 226 5 6 0.026795533 
87 497 25 22 0.02679175 
663 435 30 30 0.026785623 
344 461 7 6 0.026778786 
96 523 9 10 0.026761254 
174 196 23 32 0.026760016 
474 459 7 7 0.02674857 
499 460 7 8 0.02673308 
77 434 7 7 0.026729459 
516 41 11 12 0.026724497 
170 83 4 6 0.026712883 
716 290 9 12 0.026708676 
352 460 7 5 0.026707195 
392 482 5 4 0.026706263 
650 148 27 23 0.026689036 
175 335 11 14 0.026688479 
604 178 87 86 0.026687413 
694 363 20 20 0.026686225 
333 526 7 5 0.026684122 
269 537 7 7 0.026683185 
209 184 8 12 0.026676917 
947 335 22 18 0.026671559 
218 531 24 19 0.026666392 
963 71 30 19 0.026646238 
641 434 6 7 0.02663328 
417 545 7 6 0.026623502 
286 381 8 9 0.02660397 
871 248 48 43 0.026602758 
102 35 8 12 0.026600877 
570 493 6 5 0.026598135 
136 375 13 12 0.026594307 
585 507 5 4 0.02658521 
424 507 5 5 0.026584372 
348 122 25 20 0.02657959 
569 549 8 6 0.026572764 
703 306 7 8 0.026567176 
352 376 6 6 0.026554175 
574 520 7 5 0.026549695 
530 17 10 8 0.02653951 
175 549 10 7 0.02653802 
860 427 6 6 0.026497731 
398 475 5 5 0.026485212 
117 283 11 13 0.026478434 
967 409 23 30 0.026456568 
666 366 6 7 0.02644882 
914 357 10 7 0.026438562 
133 342 26 26 0.02643174 
213 322 12 13 0.026430637 
416 550 6 6 0.026427953 
236 441 7 7 0.026421888 
130 270 12 15 0.026411572 
435 526 7 6 0.026402552 
684 452 9 9 0.026355587 
203 187 9 14 0.026354963 
712 442 5 7 0.026336938 
381 520 23 19 0.026319146 
951 403 8 9 0.02631354 
212 114 8 9 0.026309576 
108 222 8 9 0.026302282 
229 229 8 11 0.026300017 
636 501 4 4 0.026297692 
95 503 11 11 0.026294077 
174 91 5 6 0.026291786 
473 40 8 7 0.026286205 
400 544 9 7 0.026284605 
101 522 14 12 0.02627501 
193 249 5 8 0.026270512 
940 423 5 6 0.026251486 
116 444 8 11 0.02624092 
787 431 29 25 0.026239643 
93 288 83 87 0.026225474 
67 297 22 26 0.026218893 
153 210 7 6 0.02621866 
153 363 23 28 0.026217347 
603 113 7 7 0.026202165 
120 290 10 12 0.026197258 
811 505 22 22 0.026179917 
954 411 9 11 0.026178546 
684 275 7 11 0.026177917 
365 149 32 31 0.026124908 
868 308 24 23 0.02612413 
167 96 4 6 0.026122099 
571 487 6 6 0.026120668 
596 481 5 5 0.026109206 
178 86 24 24 0.026097959 
219 131 24 27 0.026093364 
528 485 24 22 0.0260909 
1006 439 6 8 0.02609087 
332 424 8 6 0.02608942 
676 446 10 10 0.026082167 
439 431 13 12 0.026046537 
610 494 4 4 0.026040135 
499 37 9 9 0.02603678 
650 425 11 12 0.026034938 
630 136 49 41 0.026029028 
379 468 8 8 0.026019428 
254 439 8 9 0.0260124 
879 257 24 23 0.025967352 
69 397 11 9 0.025966616 
322 378 5 5 0.025962878 
212 155 24 26 0.025958985 
939 82 9 8 0.025954694 
357 404 7 7 0.025951944 
468 39 7 8 0.025939774 
313 467 7 6 0.025937846 
853 438 4 4 0.025934262 
447 0 7 6 0.025933934 
591 514 4 4 0.025920967 
102 447 6 8 0.025916459 
166 227 7 10 0.025907455 
584 513 5 5 0.025903063 
808 379 21 20 0.025893621 
141 18 9 9 0.02588343 
564 97 22 26 0.025880862 
331 396 10 7 0.025877394 
699 242 14 12 0.025877004 
454 0 7 5 0.02586743 
375 551 9 6 0.02584564 
697 434 7 7 0.025836397 
595 447 6 7 0.025831211 
630 501 3 4 0.025821691 
154 363 7 8 0.025817862 
656 70 27 23 0.025800632 
938 391 9 9 0.025791278 
215 106 23 23 0.025789991 
887 364 11 8 0.025788223 
143 490 13 11 0.025779761 
198 235 7 9 0.025762878 
960 388 21 19 0.025760131 
53 477 12 10 0.025755053 
637 243 11 15 0.02574604 
829 413 10 10 0.025737653 
99 497 29 25 0.025726642 
92 304 10 16 0.025715021 
904 383 15 10 0.025707234 
114 7 22 19 0.02570608 
844 68 127 95 0.0257047 
688 255 24 23 0.025690282 
192 -3 22 18 0.025676921 
321 373 4 4 0.025674919 
19 491 16 12 0.025672555 
549 486 8 7 0.025671948 
686 447 7 7 0.025665509 
355 553 11 10 0.025664423 
911 352 11 7 0.02564148 
460 506 6 7 0.025634298 
39 283 22 23 0.025617259 
983 458 13 13 0.025613641 
503 212 13 13 0.025612755 
484 460 8 8 0.025606014 
56 452 8 9 0.025602508 
697 448 6 6 0.025587346 
89 455 23 24 0.02558348 
200 17 46 45 0.025581999 
473 126 24 24 0.025578793 
254 17 9 10 0.02556998 
56 431 7 5 0.025536591 
210 140 9 11 0.025533386 
226 104 11 11 0.025531648 
620 116 8 9 0.025523245 
841 388 12 11 0.025519866 
444 44 11 11 0.025512734 
344 95 10 9 0.025508625 
943 94 29 22 0.025498517 
610 487 5 5 0.02547867 
189 362 10 11 0.025473837 
369 501 6 5 0.02547274 
972 434 7 9 0.02546132 
157 376 9 10 0.025451425 
700 125 27 25 0.025435805 
867 387 13 10 0.025392314 
281 24 9 10 0.025387445 
458 39 20 20 0.025378857 
51 431 7 5 0.025371252 
109 448 5 7 0.025366785 
971 391 8 8 0.025356965 
973 102 9 9 0.025354976 
405 133 12 10 0.025348928 
938 45 24 24 0.025346113 
188 531 11 9 0.02533748 
597 514 4 4 0.025329264 
409 531 7 6 0.025327649 
979 423 25 29 0.025325626 
758 317 16 12 0.025320617 
711 232 13 13 0.025306407 
306 531 7 6 0.02529881 
336 427 23 21 0.025279986 
360 378 5 5 0.025279732 
440 0 9 6 0.025264094 
221 328 19 25 0.025248475 
417 532 5 5 0.025247002 
510 18 20 19 0.025245383 
803 491 26 22 0.025238601 
249 454 6 6 0.02523706 
226 453 11 8 0.025220448 
365 455 6 5 0.025210848 
403 109 24 24 0.025207996 
873 545 4 4 0.02520506 
360 374 4 4 0.025202777 
635 442 6 6 0.025196824 
347 366 5 4 0.025192268 
402 562 8 7 0.025190642 
312 38 25 27 0.025185654 
167 45 5 7 0.025181646 
837 416 6 6 0.025173763 
618 502 3 4 0.02517205 
690 63 8 8 0.025157819 
471 447 10 8 0.025151107 
430 525 6 6 0.025137058 
216 234 7 11 0.02513316 
90 246 8 11 0.025120845 
114 247 41 40 0.02511984 
410 448 5 6 0.025095977 
113 224 7 7 0.025058735 
146 36 7 9 0.025043987 
159 224 6 7 0.025039207 
675 100 11 10 0.025028965 
583 495 5 4 0.02501282 
846 431 5 4 0.025012093 
690 453 7 8 0.025011284 
135 238 7 7 0.025010139 
369 447 6 7 0.024998184 
506 11 7 7 0.024994789 
628 215 15 10 0.024993954 
161 16 17 26 0.024984673 
914 403 9 7 0.024983196 
268 545 7 6 0.024975915 
121 530 10 8 0.024966743 
936 429 4 6 0.02496496 
486 471 8 8 0.02494944 
449 509 25 22 0.02493928 
195 347 12 14 0.024913581 
241 -3 23 17 0.024907423 
1000 398 4 5 0.024903579 
923 391 22 18 0.02489763 
629 442 4 6 0.024892697 
269 331 7 11 0.024887227 
394 537 10 7 0.024873914 
215 252 10 13 0.024868988 
329 368 3 3 0.024868675 
175 147 15 17 0.02486765 
209 259 10 13 0.024862172 
975 94 13 11 0.024860969 
686 360 6 6 0.024859175 
286 114 7 9 0.024854183 
195 433 11 10 0.024816794 
626 378 8 6 0.02481529 
365 379 6 6 0.024807727 
236 538 9 7 0.024801336 
457 510 9 8 0.024801107 
282 371 6 8 0.024797272 
788 324 23 20 0.024796454 
711 454 7 7 0.024786985 
210 241 7 9 0.024784569 
56 434 8 7 0.024765817 
643 470 32 31 0.024753977 
229 543 8 7 0.024751946 
634 160 30 32 0.024748728 
377 488 7 6 0.024743095 
394 512 25 21 0.024729516 
473 407 9 9 0.024728766 
641 206 42 46 0.024721188 
560 470 23 28 0.024710983 
417 485 105 81 0.024705796 
288 363 8 10 0.024699032 
873 541 4 3 0.02469795 
628 153 24 27 0.02469617 
460 514 25 26 0.024681306 
162 121 5 7 0.02467469 
140 238 7 7 0.024667315 
21 521 13 12 0.02466548 
903 129 7 7 0.024663618 
398 454 5 6 0.024659522 
317 377 4 4 0.024656981 
70 412 26 22 0.024654815 
696 428 8 9 0.024651164 
153 403 9 9 0.024648607 
900 107 10 11 0.024636762 
878 93 61 51 0.024613718 
100 544 12 9 0.024612635 
168 29 17 28 0.024608385 
262 440 7 8 0.024600636 
556 0 9 5 0.02457562 
513 472 7 8 0.02457275 
10 474 14 12 0.024560353 
217 467 8 7 0.024537975 
348 373 4 5 0.024526333 
308 109 9 7 0.024525959 
984 438 11 13 0.024514124 
140 154 19 25 0.024511598 
95 256 6 8 0.024497552 
811 35 27 22 0.024493972 
326 460 7 6 0.024493473 
948 406 8 10 0.024492616 
440 551 7 5 0.024491671 
268 36 7 10 0.024487792 
288 390 8 10 0.024482137 
347 435 22 19 0.024468431 
174 274 5 7 0.024452643 
485 0 7 5 0.024448007 
695 421 10 11 0.02443125 
994 412 4 4 0.024413945 
76 452 9 10 0.024411937 
63 441 6 7 0.024405418 
211 126 8 9 0.024401637 
330 417 25 21 0.024388626 
201 131 10 12 0.024378968 
319 417 7 5 0.024364205 
484 466 9 10 0.024353372 
873 404 88 97 0.024342248 
293 415 8 9 0.024332907 
640 440 7 8 0.024324927 
601 526 6 4 0.024324115 
645 432 9 10 0.024321115 
263 56 7 9 0.02431367 
167 104 4 5 0.024305549 
428 441 8 10 0.024288004 
822 386 13 15 0.024277477 
471 400 12 10 0.024263121 
446 21 9 11 0.024260696 
92 297 10 14 0.024258342 
874 344 30 18 0.024250546 
176 196 10 19 0.024247969 
208 -3 27 18 0.024234232 
215 440 7 7 0.0242246 
696 312 8 9 0.024222473 
256 361 14 13 0.024217287 
558 507 5 5 0.024194643 
987 423 5 6 0.024173692 
206 236 6 9 0.02416163 
926 76 10 11 0.024160113 
240 461 8 5 0.024154682 
391 415 8 8 0.024153896 
217 132 8 9 0.0241504 
647 423 9 8 0.024147278 
672 473 15 12 0.024143672 
256 543 8 7 0.02414052 
363 94 10 10 0.024138294 
618 157 11 11 0.024137897 
984 344 9 8 0.024136998 
217 150 13 14 0.02412458 
232 156 22 23 0.02412193 
402 435 6 6 0.0241146 
224 443 8 7 0.024111679 
236 487 7 6 0.024107173 
384 481 6 5 0.024101032 
101 498 9 8 0.02409474 
705 448 5 6 0.024089608 
171 220 8 12 0.024071863 
445 488 5 5 0.024059653 
998 349 8 9 0.024058156 
650 432 10 11 0.02405385 
604 508 4 4 0.02404017 
797 500 23 22 0.024036894 
379 328 14 14 0.024030145 
592 81 32 24 0.024024658 
173 24 7 10 0.024023946 
684 63 9 9 0.023996018 
182 369 9 11 0.023985099 
915 113 7 8 0.023976788 
688 333 20 24 0.023974618 
575 82 27 26 0.023973757 
179 109 6 9 0.023973504 
386 131 27 21 0.023973357 
970 358 10 10 0.023972219 
92 471 13 11 0.023967853 
653 397 34 27 0.023965033 
939 95 10 8 0.023959711 
427 33 24 26 0.023954272 
242 455 7 6 0.023949403 
376 399 9 9 0.023941413 
249 423 6 7 0.02393695 
201 24 10 10 0.023916008 
255 550 9 8 0.02391129 
739 319 13 9 0.023908434 
759 290 29 21 0.023903532 
202 195 10 15 0.023881877 
177 53 27 31 0.023879213 
690 261 11 9 0.02387844 
591 137 4 4 0.023872657 
118 186 69 92 0.023872346 
919 122 22 21 0.023871068 
581 130 6 5 0.02386461 
427 543 7 6 0.023863588 
660 364 6 7 0.02386289 
94 544 10 8 0.023858191 
887 112 11 15 0.023857672 
13 460 7 8 0.023853853 
278 534 12 9 0.023843955 
958 151 9 10 0.02383352 
220 541 23 22 0.023827625 
332 89 8 8 0.02382717 
377 480 7 6 0.023824463 
955 424 19 29 0.023819366 
94 516 9 10 0.023817252 
714 424 12 14 0.023806823 
409 544 7 6 0.023793476 
122 217 6 5 0.023785323 
230 224 7 9 0.023785042 
157 405 22 20 0.023777904 
635 481 4 5 0.023775203 
414 563 8 6 0.023774367 
838 436 5 5 0.0237736 
87 529 27 25 0.023773564 
399 10 27 28 0.023772534 
191 369 8 10 0.023756823 
924 419 38 53 0.023756795 
63 231 9 9 0.023744004 
176 49 4 7 0.023738988 
753 311 14 9 0.023733864 
197 115 7 8 0.02372566 
40 408 28 19 0.023720449 
636 436 5 6 0.023720404 
121 229 7 7 0.02371765 
172 12 11 12 0.023700856 
174 31 6 8 0.023699539 
986 429 6 7 0.023697734 
448 10 8 9 0.023695301 
469 425 11 13 0.023687342 
549 0 9 6 0.023684112 
380 449 5 5 0.023682991 
9 475 29 18 0.02367125 
27 430 5 6 0.023669912 
938 32 25 24 0.023665905 
338 90 8 7 0.023636622 
670 369 10 9 0.023632247 
487 483 7 8 0.023611901 
939 89 10 8 0.023611857 
326 397 9 6 0.023604864 
165 336 9 12 0.023588484 
518 46 43 43 0.023581171 
940 429 5 7 0.023577385 
80 544 11 9 0.023575742 
363 81 10 10 0.023571655 
518 527 6 4 0.02356654 
605 479 4 5 0.023562228 
709 141 8 6 0.023561237 
875 310 10 13 0.02356032 
365 462 6 5 0.023558667 
463 325 27 28 0.02354366 
794 360 27 23 0.023543224 
862 370 11 10 0.023543067 
173 231 22 28 0.02353942 
160 206 4 5 0.023529872 
192 110 6 7 0.023516493 
155 525 7 7 0.02351369 
72 464 12 11 0.02350166 
210 229 7 10 0.02350049 
1002 77 9 13 0.023487799 
34 490 13 10 0.023485158 
672 182 14 14 0.023479488 
187 523 11 8 0.023475531 
719 369 14 16 0.02347265 
944 380 25 23 0.023471773 
248 247 8 9 0.023469083 
682 482 11 12 0.023469005 
627 426 24 28 0.02346823 
410 435 6 6 0.023456568 
300 543 10 8 0.023446824 
397 557 7 5 0.023441259 
420 332 27 27 0.023441155 
863 388 8 8 0.02343728 
682 332 12 16 0.02343303 
192 10 9 9 0.023430683 
307 563 13 9 0.023428496 
473 221 18 17 0.023405848 
145 383 9 8 0.023403285 
146 375 9 10 0.023382513 
621 378 23 22 0.023379687 
235 259 9 13 0.023375262 
480 464 21 22 0.023374302 
199 250 5 7 0.023354413 
495 392 4 5 0.023346676 
341 561 12 10 0.023337943 
902 133 8 7 0.02333453 
978 385 7 7 0.023333404 
574 464 24 26 0.023315342 
516 486 11 10 0.023309873 
204 116 6 7 0.023307344 
169 551 29 25 0.02330182 
623 502 3 4 0.023300864 
942 538 5 5 0.023296494 
454 11 6 7 0.023289004 
1009 160 4 5 0.023279604 
147 256 7 8 0.023268646 
157 484 10 10 0.02326665 
162 213 3 5 0.023265189 
705 441 6 6 0.023264825 
321 506 18 18 0.023261756 
107 264 10 11 0.023259182 
797 429 9 9 0.023253206 
183 224 13 15 0.02325272 
160 22 7 10 0.023250658 
259 29 10 12 0.023249341 
253 35 10 12 0.02324848 
689 266 11 11 0.023247072 
403 527 6 5 0.023236109 
679 360 21 20 0.023212079 
961 402 21 23 0.023198502 
433 438 10 12 0.023194673 
177 181 21 28 0.023180047 
784 124 27 24 0.0231774 
900 64 10 7 0.023167264 
523 0 10 6 0.023162466 
846 456 5 5 0.023161463 
932 380 10 9 0.02315955 
943 70 28 22 0.023159139 
211 118 8 10 0.023153549 
912 70 10 9 0.023148427 
940 458 22 30 0.023148427 
609 75 28 21 0.023148386 
645 221 8 12 0.023145733 
83 43 6 8 0.02314211 
493 453 8 8 0.023139035 
325 525 8 6 0.023132535 
746 56 26 24 0.023127003 
190 205 24 29 0.023124771 
582 546 7 5 0.023117235 
919 108 21 20 0.02311184 
788 310 14 12 0.02311176 
339 372 5 6 0.023105118 
703 313 22 23 0.023103276 
690 448 7 7 0.023101818 
683 519 22 20 0.023101034 
465 423 46 40 0.023098612 
267 101 6 7 0.023086185 
173 82 5 8 0.023083914 
743 301 8 9 0.023075916 
193 255 6 7 0.023068978 
135 368 26 27 0.023068821 
566 523 11 9 0.02306414 
409 144 28 22 0.023061562 
310 374 3 4 0.0230453 
143 230 6 6 0.023042038 
384 488 6 5 0.023041755 
848 380 11 10 0.02304113 
435 539 6 5 0.023040218 
256 108 7 8 0.023039829 
187 354 12 14 0.023031777 
629 449 4 5 0.02302957 
152 10 18 24 0.023027403 
15 366 4 7 0.023026109 
310 417 5 5 0.023021927 
109 251 7 8 0.023019157 
979 339 8 7 0.02301567 
477 446 12 10 0.023014657 
451 363 28 27 0.023014631 
105 516 13 11 0.023013312 
462 427 13 14 0.023012884 
184 24 8 9 0.023012348 
370 379 7 6 0.02301114 
307 98 6 5 0.023006398 
-63 418 442 538 0.023006398 
995 358 8 10 0.022980582 
215 134 51 46 0.022977022 
238 525 23 18 0.022976248 
704 513 26 19 0.022974899 
146 532 9 8 0.02297316 
121 226 7 6 0.022960313 
148 193 5 6 0.022956874 
291 41 13 13 0.02295397 
638 78 25 20 0.022948522 
666 371 8 7 0.022932883 
370 505 5 5 0.022928063 
479 402 7 7 0.022920083 
435 545 8 5 0.022918781 
676 452 10 10 0.022915844 
628 393 18 15 0.022914156 
579 499 4 5 0.022909392 
806 158 6 7 0.022899024 
446 484 10 9 0.022895256 
159 151 8 11 0.022895057 
571 466 6 7 0.022891115 
37 429 8 7 0.022882273 
933 407 8 9 0.02287641 
179 520 15 11 0.022874286 
993 399 4 4 0.022873497 
423 519 5 6 0.02287004 
301 549 11 8 0.022868188 
252 0 13 8 0.02286557 
38 501 33 25 0.022865165 
881 112 10 12 0.02286494 
414 569 10 7 0.022861479 
173 110 5 7 0.022860445 
626 351 21 23 0.022858815 
89 251 73 77 0.022855993 
557 512 7 5 0.02285417 
250 462 6 4 0.022853205 
365 373 6 5 0.02284986 
576 466 7 7 0.022846432 
976 350 12 10 0.022838747 
131 7 22 20 0.022836555 
677 74 11 11 0.022822898 
199 487 24 21 0.022805667 
940 76 8 7 0.022805335 
247 235 9 10 0.022800071 
462 465 7 9 0.022796962 
211 460 8 8 0.02279429 
711 359 6 7 0.022791069 
937 378 13 12 0.022782983 
437 105 12 12 0.022782624 
582 531 8 6 0.022777572 
192 102 6 7 0.022777399 
58 256 24 33 0.022769965 
801 168 6 6 0.022767246 
569 513 6 5 0.02276341 
885 540 4 3 0.022757782 
409 381 40 42 0.022744166 
439 100 9 11 0.022741219 
320 397 8 6 0.022740375 
380 148 55 39 0.02273613 
619 376 8 7 0.02273208 
159 49 7 9 0.022725359 
676 370 7 7 0.02272047 
304 554 14 9 0.022715367 
168 283 5 7 0.022713207 
442 455 23 27 0.022712437 
855 416 20 21 0.022695448 
513 533 6 4 0.022692613 
190 232 11 12 0.022686549 
845 423 6 5 0.02267511 
316 474 21 15 0.022674372 
636 366 4 4 0.02266951 
591 474 6 6 0.022668423 
479 0 8 5 0.022666967 
403 552 7 5 0.022661278 
226 113 10 10 0.022658588 
492 39 8 7 0.022654109 
979 180 7 7 0.022646071 
963 462 12 15 0.022644203 
128 230 7 6 0.0226411 
293 364 7 10 0.022624064 
136 486 26 24 0.022621797 
113 479 9 8 0.022601828 
645 440 8 8 0.022599468 
250 346 7 8 0.022595456 
70 429 8 7 0.022592891 
979 426 8 11 0.022587266 
101 537 11 9 0.022579517 
118 296 12 14 0.022576539 
433 428 13 12 0.022573952 
410 443 5 5 0.022566047 
828 419 9 10 0.022562534 
108 143 20 30 0.022562 
507 26 7 8 0.022559658 
455 544 8 5 0.022557985 
530 0 10 6 0.022557044 
196 259 8 12 0.02255272 
397 520 6 5 0.02255231 
857 397 22 19 0.02255012 
88 268 10 14 0.022546653 
411 514 6 5 0.0225451 
420 413 10 11 0.022541558 
698 271 34 43 0.022539312 
157 485 47 42 0.022536337 
169 409 11 10 0.02253124 
487 226 23 26 0.022528945 
412 408 12 12 0.022507796 
987 399 5 4 0.02250465 
120 238 23 22 0.022504281 
904 71 12 9 0.02250129 
404 146 14 11 0.0224937 
622 449 4 5 0.022491327 
718 453 6 7 0.02249016 
100 507 12 13 0.022488823 
588 92 11 11 0.02247923 
702 265 10 12 0.022469489 
530 486 8 7 0.022469262 
611 46 104 84 0.022469107 
125 250 11 10 0.022468278 
705 247 25 27 0.022458244 
202 120 8 10 0.022454426 
74 439 24 27 0.022451926 
222 542 8 7 0.022451855 
1006 411 3 5 0.02244204 
320 392 7 5 0.022441698 
658 357 7 9 0.022429764 
44 429 8 6 0.022426289 
441 545 6 5 0.022421679 
47 461 13 12 0.022417963 
934 88 9 9 0.022416834 
174 94 5 7 0.022415038 
160 396 6 7 0.022407671 
235 297 25 28 0.022401867 
384 352 25 27 0.022397682 
108 443 22 27 0.022394301 
245 289 12 16 0.022393016 
762 384 88 84 0.022376586 
832 428 6 8 0.022356056 
472 43 9 8 0.0223548 
339 461 8 6 0.02235415 
306 417 25 20 0.022347948 
705 436 6 6 0.022347309 
33 482 17 12 0.022342172 
591 142 5 4 0.022340508 
885 547 3 3 0.02232836 
422 495 6 6 0.022324963 
363 466 7 6 0.022324214 
961 451 51 46 0.022316886 
811 121 9 9 0.02230346 
111 541 16 12 0.02230301 
163 64 5 6 0.022292411 
269 49 6 9 0.022290222 
597 500 4 4 0.022285253 
421 568 10 7 0.022256786 
450 468 6 7 0.022251686 
960 405 8 8 0.022248887 
168 274 5 6 0.022245748 
630 494 4 5 0.022235498 
860 424 6 6 0.022234524 
852 116 30 24 0.022213534 
92 439 22 27 0.022212274 
203 269 10 13 0.022209369 
906 499 22 23 0.022209255 
185 232 9 12 0.022208095 
146 390 7 7 0.022200469 
309 378 4 4 0.02219771 
951 351 11 8 0.022194391 
124 527 47 39 0.0221852 
172 332 9 11 0.02218245 
651 421 27 26 0.022180371 
242 238 9 12 0.022171292 
229 239 9 12 0.02217034 
503 428 10 8 0.022168832 
554 11 12 8 0.022165067 
949 537 6 6 0.022165067 
879 407 25 20 0.022164945 
175 437 21 25 0.022153888 
104 486 28 22 0.022139212 
95 439 8 9 0.022135783 
250 70 7 8 0.022124078 
677 63 22 24 0.022122124 
476 419 14 15 0.022115301 
156 162 10 15 0.022111041 
647 365 6 6 0.022109102 
416 507 7 6 0.022102296 
895 75 10 9 0.022095146 
139 37 9 12 0.022087289 
253 28 10 12 0.022085704 
364 424 7 6 0.02208414 
932 101 10 9 0.022083007 
352 364 6 7 0.022081897 
398 314 27 26 0.022079146 
73 489 12 12 0.022054499 
8 531 23 32 0.022043651 
314 411 7 5 0.022042401 
590 500 4 5 0.022038868 
241 284 25 28 0.022031669 
239 163 11 13 0.022031063 
168 256 4 7 0.02202824 
167 323 50 49 0.022019206 
516 48 10 12 0.0220192 
848 437 3 4 0.022015583 
235 556 9 7 0.022007687 
498 396 8 8 0.02200658 
722 240 11 14 0.022006286 
38 506 9 7 0.022004196 
658 422 9 9 0.022001654 
192 113 7 8 0.021991976 
330 455 25 20 0.021967078 
645 129 28 26 0.02196556 
270 457 6 4 0.021960743 
637 376 27 22 0.02195595 
273 -2 25 17 0.021954361 
356 391 27 25 0.021950956 
139 461 27 25 0.021950392 
370 113 10 10 0.021931065 
238 487 21 19 0.021926008 
83 440 7 7 0.021925874 
921 64 8 8 0.021923656 
574 479 22 24 0.021916935 
709 147 10 7 0.021915115 
260 543 8 7 0.021913571 
96 436 7 7 0.021913296 
364 46 8 7 0.02190558 
570 143 5 5 0.021902803 
267 401 8 8 0.021898394 
651 357 8 9 0.021890242 
131 313 26 31 0.021890072 
40 511 7 7 0.021887958 
159 105 41 53 0.021885347 
162 17 41 52 0.021884002 
692 434 6 8 0.021883054 
336 510 86 70 0.021881761 
653 363 6 8 0.021878323 
846 449 5 5 0.021876581 
694 412 14 14 0.021876518 
975 475 22 24 0.021869164 
263 486 23 19 0.021868605 
627 524 7 6 0.021860749 
896 374 47 39 0.021859419 
217 408 7 7 0.02185331 
315 403 27 20 0.021848928 
94 529 9 9 0.021844791 
303 520 50 41 0.021842882 
345 127 10 8 0.021840068 
143 525 26 23 0.02183987 
106 510 10 9 0.02183951 
427 325 8 9 0.021834854 
314 513 6 7 0.02182302 
611 369 21 17 0.021821467 
284 165 11 17 0.021819457 
245 24 42 44 0.02181273 
899 364 11 8 0.0218124 
381 400 8 9 0.021802707 
624 140 10 11 0.021799317 
365 417 5 5 0.021795243 
126 457 12 11 0.02178099 
578 122 5 6 0.021780342 
484 416 10 10 0.021762399 
436 486 5 6 0.021758024 
335 334 49 45 0.02175505 
480 49 23 21 0.02175235 
111 13 13 15 0.021751033 
703 428 9 9 0.021742586 
177 29 8 11 0.02173978 
635 429 6 7 0.021738539 
152 329 20 26 0.021734262 
371 436 5 5 0.021732705 
493 0 7 5 0.021720205 
979 410 6 7 0.021719838 
405 520 5 4 0.021716775 
581 229 25 20 0.02170583 
8 519 4 6 0.021704404 
675 466 12 11 0.021704273 
1000 345 7 8 0.021701027 
404 249 24 24 0.021697763 
326 414 9 6 0.021696705 
481 485 5 7 0.021688988 
601 121 8 7 0.021665953 
444 477 20 18 0.021662626 
69 447 8 9 0.021657232 
191 488 17 12 0.0216468 
190 303 26 26 0.02164442 
905 98 23 27 0.021641428 
278 526 20 17 0.021630257 
81 464 11 11 0.021620411 
556 435 84 102 0.02161717 
314 103 7 5 0.021613048 
104 217 20 23 0.021612005 
802 391 18 24 0.021608396 
398 468 6 5 0.021608053 
609 437 5 5 0.021597708 
936 435 5 7 0.021593481 
197 356 10 11 0.021589784 
941 71 7 6 0.021588525 
668 302 33 42 0.021586552 
168 243 5 6 0.021584604 
377 76 9 8 0.021582963 
597 100 11 9 0.021578733 
697 537 8 6 0.021575784 
181 142 13 17 0.02157147 
305 524 7 8 0.021562582 
896 113 7 10 0.021561207 
36 497 11 9 0.021560969 
88 536 8 8 0.021560702 
249 62 8 9 0.021558156 
328 385 6 5 0.021553108 
125 524 10 8 0.021551797 
137 388 12 10 0.021549435 
578 495 5 4 0.02153453 
241 158 11 10 0.021533038 
301 372 4 6 0.02152331 
322 550 26 17 0.021518772 
982 426 41 47 0.02151449 
845 417 7 5 0.021514406 
227 537 10 8 0.021509796 
234 241 10 12 0.021509461 
156 95 5 6 0.021508353 
185 30 9 10 0.021504942 
434 306 26 25 0.021502087 
46 480 15 13 0.021488907 
242 556 10 8 0.021476189 
626 539 10 7 0.021473486 
717 538 6 5 0.021473313 
326 391 8 7 0.021471241 
275 415 7 7 0.021470116 
685 268 7 8 0.021469103 
358 114 22 20 0.021459939 
846 346 12 13 0.021444645 
859 437 5 6 0.021440031 
378 508 5 4 0.02143481 
143 259 10 11 0.02142881 
404 475 5 4 0.021427479 
590 507 4 5 0.021414299 
151 8 9 8 0.021404846 
882 409 11 9 0.021402974 
689 58 26 24 0.02139997 
536 42 11 13 0.021398982 
269 558 27 22 0.021398319 
188 116 20 23 0.021395098 
429 555 9 6 0.02139165 
501 439 14 14 0.021388177 
176 63 4 8 0.02138453 
178 46 8 13 0.021384005 
78 250 11 14 0.02137792 
204 139 8 11 0.021376323 
454 25 6 7 0.021360626 
344 82 10 9 0.021358304 
541 7 10 6 0.021353958 
88 136 9 14 0.021348136 
177 37 20 26 0.021347737 
336 101 10 10 0.021345735 
87 500 12 13 0.021336554 
284 132 10 14 0.021332989 
128 379 17 15 0.021331962 
1000 463 10 13 0.021324215 
701 291 9 12 0.021316241 
738 307 25 21 0.021315832 
575 480 7 7 0.021315165 
248 100 8 10 0.02130545 
179 370 7 10 0.021302745 
471 80 9 11 0.021300936 
678 305 8 10 0.021298118 
122 459 27 25 0.021293601 
449 551 6 5 0.021291604 
967 147 6 6 0.021277376 
176 112 8 11 0.0212756 
627 487 5 5 0.021274582 
215 518 10 8 0.021269785 
665 359 6 6 0.021260308 
398 461 5 6 0.021257669 
147 395 8 8 0.021248823 
257 18 22 29 0.02124873 
603 511 5 6 0.021246603 
951 385 13 13 0.021243777 
493 425 15 13 0.021234632 
105 473 11 9 0.021228896 
613 422 46 57 0.02122851 
892 359 24 18 0.02122158 
274 29 9 13 0.021217585 
840 454 5 5 0.02121715 
294 535 9 8 0.021216815 
158 0 9 7 0.021215262 
283 2 27 17 0.021209288 
276 77 5 7 0.021206219 
505 417 7 6 0.02120609 
264 71 6 6 0.021198299 
596 94 26 22 0.021187916 
715 146 8 6 0.021183126 
167 65 4 5 0.021182286 
603 495 4 4 0.021180363 
929 370 46 43 0.02117352 
424 532 5 6 0.021172797 
463 400 25 21 0.021169575 
266 555 9 8 0.021166507 
929 423 6 6 0.021165883 
648 441 30 31 0.021159375 
416 434 7 7 0.021155125 
775 139 34 28 0.021150326 
690 341 10 13 0.021149902 
968 377 23 24 0.021147313 
55 418 26 24 0.021146737 
87 111 8 13 0.021144424 
918 80 11 11 0.021137688 
995 452 11 14 0.02113629 
345 89 9 8 0.021130295 
863 83 30 26 0.021126937 
688 375 11 10 0.021125657 
377 409 8 7 0.021124097 
269 110 5 6 0.021123491 
370 547 29 22 0.021121556 
817 120 12 13 0.021121377 
44 397 27 20 0.021120489 
375 389 8 8 0.021112181 
290 421 6 9 0.021104395 
247 323 23 28 0.021092767 
253 126 11 10 0.021092564 
264 101 6 7 0.02109013 
946 387 11 11 0.021087183 
165 412 20 19 0.021087065 
970 91 26 20 0.021082455 
878 135 24 22 0.02108113 
89 441 7 9 0.021081012 
1001 385 4 5 0.021077577 
252 426 16 21 0.02107381 
643 156 11 13 0.021069856 
949 38 25 23 0.021068951 
33 430 6 6 0.02106841 
153 256 5 7 0.021066274 
923 348 24 17 0.02106386 
456 443 14 12 0.021058835 
843 368 20 19 0.021056034 
607 102 10 8 0.021052757 
275 457 5 4 0.021050649 
577 150 4 4 0.021046935 
577 487 6 5 0.021039853 
209 510 10 10 0.021034952 
498 500 6 6 0.02103424 
344 101 9 8 0.0210321 
431 499 6 6 0.021020766 
228 529 10 8 0.021018421 
357 121 9 7 0.02101841 
722 101 29 26 0.021016391 
351 267 8 9 0.021013761 
370 64 8 7 0.021011403 
502 403 26 23 0.021007288 
949 297 15 12 0.020997709 
437 116 23 24 0.02099442 
478 23 22 24 0.020993266 
724 286 23 22 0.020989995 
81 430 23 23 0.020979397 
1000 392 4 5 0.020976022 
656 203 88 74 0.020975018 
609 507 4 4 0.02097497 
173 103 5 6 0.020973768 
320 410 9 6 0.020962995 
990 351 8 8 0.020958873 
168 112 21 30 0.020958094 
88 446 9 11 0.020952763 
256 538 7 7 0.020950768 
310 364 50 44 0.020949664 
702 398 30 27 0.020946436 
422 145 29 25 0.020945752 
88 543 9 9 0.020941185 
496 400 10 11 0.020926641 
315 91 6 5 0.020924797 
946 43 10 9 0.0209221 
57 440 7 8 0.02092091 
120 523 10 8 0.020918349 
914 64 8 7 0.020917319 
915 351 21 18 0.020907367 
1 504 5 9 0.020906577 
189 369 23 24 0.020896636 
977 376 9 8 0.02089334 
67 399 23 19 0.020890186 
871 52 26 20 0.020887766 
230 467 21 16 0.02086115 
101 453 7 9 0.020858258 
243 229 7 7 0.020858033 
136 359 14 13 0.020849021 
578 151 52 42 0.020841816 
198 241 7 8 0.020833978 
321 385 6 5 0.020831976 
896 371 14 10 0.020830305 
667 364 21 19 0.020827672 
673 85 53 42 0.020827554 
939 124 25 22 0.02082575 
401 409 10 10 0.02082169 
82 435 7 8 0.020806909 
229 7 24 24 0.020806583 
215 494 7 6 0.020805402 
336 127 11 8 0.020803595 
295 426 19 22 0.020801205 
140 29 18 25 0.020798236 
107 292 23 27 0.020795146 
363 434 8 7 0.020793159 
618 216 12 10 0.020793099 
400 417 11 11 0.020784706 
461 473 6 7 0.020782907 
616 449 5 5 0.020782333 
217 477 8 8 0.020781228 
500 392 5 5 0.020768955 
760 281 13 10 0.020762628 
648 490 7 8 0.020758633 
101 29 8 12 0.020758405 
369 429 6 7 0.020758167 
89 253 8 11 0.020755908 
470 114 12 16 0.020755192 
378 498 7 7 0.020753127 
637 390 13 9 0.020752804 
62 560 9 9 0.020751812 
414 133 11 9 0.020751178 
492 427 100 96 0.020747108 
424 339 12 14 0.020737166 
166 117 7 11 0.02073543 
519 499 7 7 0.020733947 
959 159 8 10 0.020732893 
356 127 11 8 0.020730859 
971 440 7 9 0.020729825 
680 295 4 6 0.020724623 
977 399 23 26 0.020722682 
645 198 23 27 0.020719877 
892 546 3 4 0.02071765 
187 109 5 7 0.02071365 
337 266 13 15 0.02071056 
299 549 25 17 0.020707648 
631 482 4 4 0.02070585 
1005 493 6 7 0.020704905 
62 219 9 10 0.020698668 
225 119 24 23 0.020696156 
720 368 85 78 0.02068262 
89 39 5 7 0.020673303 
399 406 20 22 0.020668793 
612 407 26 27 0.020667143 
422 558 7 5 0.020665219 
454 467 7 8 0.020660356 
129 472 27 23 0.020654716 
939 101 10 8 0.02063134 
934 82 9 9 0.020630665 
615 441 6 6 0.020626582 
391 513 5 5 0.020626523 
426 346 11 13 0.020624174 
709 427 9 10 0.020620922 
152 0 9 7 0.02061939 
411 404 83 74 0.020612134 
368 474 7 6 0.020611204 
1002 406 3 3 0.020610355 
167 218 6 8 0.020608777 
460 530 26 22 0.02060858 
431 495 6 5 0.020603532 
306 428 22 18 0.020601006 
872 355 13 10 0.02060029 
867 388 23 19 0.020591673 
561 12 12 8 0.020585852 
263 109 6 7 0.020583266 
761 160 8 7 0.020572487 
931 63 25 23 0.02056832 
178 32 44 58 0.020565685 
94 392 11 14 0.02056101 
110 524 13 10 0.020559188 
129 226 5 5 0.020551939 
169 47 20 32 0.020551542 
596 520 5 4 0.020544976 
503 41 21 23 0.02054489 
270 326 6 9 0.020541653 
120 -2 23 18 0.020531558 
715 299 8 10 0.02052204 
429 359 29 29 0.020513844 
444 503 21 18 0.020513747 
687 294 5 8 0.020512842 
598 508 4 4 0.020504728 
142 266 11 11 0.020497471 
446 39 22 22 0.020487998 
182 360 10 12 0.02048756 
96 538 8 7 0.020481069 
364 446 8 8 0.020474205 
93 494 10 8 0.020474205 
108 441 6 7 0.020474173 
578 141 5 5 0.020473627 
639 448 7 8 0.0204677 
169 270 5 7 0.020464908 
273 358 11 14 0.020464234 
233 237 19 26 0.020464195 
434 516 24 23 0.020459313 
147 219 9 8 0.020458104 
860 350 99 82 0.020444872 
460 0 7 5 0.020443603 
747 395 22 27 0.0204431 
307 91 6 5 0.02044204 
997 70 11 11 0.02043676 
986 434 8 9 0.020434111 
555 18 11 8 0.02042896 
523 543 9 6 0.020427223 
277 71 4 7 0.02042592 
566 84 6 7 0.020424433 
518 478 8 8 0.020422773 
386 334 13 14 0.020420225 
488 33 6 7 0.020419573 
641 351 6 7 0.020404471 
333 372 5 6 0.020403586 
316 398 6 5 0.020402675 
968 346 23 18 0.020399861 
428 540 6 5 0.020398818 
676 159 11 11 0.02039739 
45 270 25 26 0.02039453 
89 222 7 8 0.020393725 
505 19 7 7 0.020393012 
54 483 11 9 0.020390868 
192 239 8 11 0.020383498 
913 50 10 10 0.020377183 
621 162 485 332 0.02036601 
590 120 7 7 0.020364005 
506 460 8 8 0.020362575 
393 498 28 24 0.020344848 
433 0 9 6 0.02034408 
571 154 5 5 0.020343693 
547 11 12 9 0.020343648 
87 516 10 10 0.02034098 
470 415 12 11 0.020339513 
618 95 11 9 0.020338172 
338 515 18 17 0.02033698 
82 258 9 12 0.020327654 
571 135 4 5 0.020326613 
358 562 9 8 0.020319102 
41 232 13 17 0.020316744 
224 227 10 13 0.020315554 
725 461 5 7 0.020313228 
99 463 10 12 0.020311363 
296 109 4 6 0.020311004 
466 453 22 21 0.020310672 
679 334 39 44 0.020308841 
251 35 21 26 0.020302389 
106 41 9 12 0.020298406 
207 308 21 22 0.020296225 
369 555 10 8 0.0202875 
216 264 10 15 0.020285903 
96 453 8 10 0.020279191 
702 299 7 8 0.020279024 
561 26 10 8 0.020278472 
88 530 8 9 0.020277392 
68 230 9 10 0.020274496 
572 523 8 7 0.020271474 
243 263 7 9 0.020266663 
174 244 6 9 0.020265877 
337 468 22 19 0.02026413 
286 477 20 15 0.020263216 
896 86 28 26 0.020256188 
127 154 10 15 0.020254558 
945 101 11 9 0.020253552 
13 451 7 11 0.02025252 
205 396 7 7 0.020252272 
107 27 9 13 0.020249369 
262 61 7 9 0.020245014 
710 460 7 8 0.020240758 
920 70 8 8 0.020240217 
293 440 10 11 0.020234501 
724 76 23 23 0.02021714 
32 441 8 8 0.020216763 
701 159 9 8 0.020214709 
482 482 5 6 0.020208945 
740 311 12 10 0.020206913 
444 132 13 12 0.020202992 
94 280 8 10 0.020202726 
371 441 25 24 0.020202098 
461 419 17 14 0.020197963 
690 57 9 8 0.02019655 
178 232 10 14 0.020195229 
200 374 22 21 0.02018797 
380 455 6 6 0.020181999 
562 0 9 5 0.02018124 
234 454 8 7 0.020175377 
294 561 28 18 0.020171909 
89 435 7 8 0.0201712 
247 154 9 9 0.02016581 
288 357 6 9 0.020164605 
369 467 6 6 0.02016412 
350 88 10 9 0.020162843 
404 469 4 5 0.020158386 
462 201 15 14 0.020154579 
261 549 8 7 0.020152789 
170 339 11 14 0.020151615 
695 460 9 9 0.020139897 
453 524 10 8 0.02013858 
486 544 8 6 0.02013846 
112 517 11 7 0.020137796 
970 447 23 24 0.020137265 
151 226 40 49 0.020131158 
731 240 20 25 0.02011615 
596 436 6 6 0.02011609 
506 481 21 26 0.020116001 
59 288 14 16 0.020113984 
266 559 12 10 0.0201095 
183 89 10 10 0.020109056 
31 511 7 6 0.020108247 
71 107 5 8 0.020104457 
891 399 25 19 0.020100597 
577 435 44 55 0.020099372 
441 329 11 11 0.020099048 
44 449 25 26 0.020098124 
948 148 27 29 0.020095577 
513 527 6 5 0.020095015 
221 241 9 12 0.02009031 
222 0 11 7 0.020079033 
519 539 6 5 0.020072585 
940 415 7 8 0.020063097 
620 374 6 5 0.020062799 
133 447 11 10 0.020062102 
445 53 13 13 0.020057326 
862 422 11 10 0.02005385 
211 451 9 9 0.02005233 
261 455 6 5 0.020046173 
592 228 13 10 0.020041948 
351 108 9 8 0.020036792 
185 551 8 6 0.020028602 
491 137 11 12 0.020024363 
611 230 26 21 0.0200227 
77 447 7 9 0.020022014 
119 451 9 10 0.020021448 
917 377 22 20 0.020020178 
838 462 5 5 0.020018328 
64 431 6 5 0.020015478 
345 111 50 39 0.020006489 
681 220 29 28 0.020003924 
