26_Soldier_Drilling_Soldiers_Drilling_26_893
3264
-33 171 367 459 0.27082667 
187 282 397 355 0.1478098 
264 400 71 57 0.13230103 
422 109 47 57 0.12006761 
446 82 38 44 0.11631834 
422 81 35 41 0.11466616 
208 250 54 39 0.1144263 
924 16 48 50 0.11214359 
4 -142 170 167 0.106252626 
727 432 503 440 0.09953667 
426 256 112 94 0.09612923 
403 385 115 112 0.09612656 
221 269 100 87 0.090674356 
112 466 14 19 0.08500971 
405 87 40 58 0.08122046 
414 321 110 109 0.07925631 
246 527 53 48 0.07751621 
912 29 46 67 0.0762606 
405 -47 480 498 0.074552424 
-31 -57 453 450 0.07418924 
234 475 111 89 0.07361475 
49 480 26 21 0.073414795 
776 -34 438 526 0.06864392 
707 531 25 29 0.06647152 
50 472 485 431 0.06632212 
727 425 84 110 0.06623496 
228 261 63 47 0.06592819 
258 595 54 57 0.065553084 
198 448 7 12 0.06480597 
733 604 11 17 0.062972635 
495 506 21 26 0.061138943 
430 71 25 25 0.060807865 
163 312 243 199 0.05895942 
247 413 110 115 0.058933012 
301 422 28 25 0.057964012 
451 103 40 50 0.055844106 
233 525 122 89 0.055566464 
428 121 27 28 0.055472665 
429 104 26 31 0.05497303 
956 -5 93 85 0.054809142 
834 -61 233 215 0.054375347 
720 599 11 17 0.054032695 
261 244 48 43 0.05361487 
539 524 60 60 0.05314919 
383 322 245 214 0.053078875 
361 411 41 46 0.052522402 
468 87 27 36 0.052022163 
771 419 23 23 0.051713496 
20 513 14 17 0.051274348 
285 244 14 15 0.05119138 
685 540 5 6 0.050699443 
318 406 30 28 0.049084987 
278 287 27 31 0.04903867 
462 284 31 26 0.048947867 
929 42 29 32 0.04830897 
458 130 25 28 0.04771539 
534 549 12 17 0.047311682 
270 410 33 27 0.047261726 
449 385 6 9 0.04627374 
422 374 51 54 0.045877848 
819 723 58 53 0.04586829 
700 556 21 27 0.0458162 
378 605 6 5 0.045552347 
259 374 25 27 0.045244664 
383 592 537 360 0.045220617 
449 90 15 20 0.0449599 
454 234 22 26 0.044170715 
865 -157 256 161 0.043942623 
319 622 7 7 0.043856964 
246 248 29 28 0.043692514 
696 494 9 8 0.043443922 
284 312 11 13 0.043424178 
126 495 25 40 0.04335047 
196 503 11 17 0.04325636 
707 412 23 24 0.043231856 
326 633 7 9 0.04313327 
733 467 12 15 0.04292802 
635 520 5 6 0.04292087 
898 135 5 9 0.042748015 
702 435 25 25 0.04266109 
486 646 7 8 0.042637303 
899 55 43 75 0.042596165 
955 20 24 31 0.042460807 
488 499 40 50 0.04244224 
257 282 34 29 0.04228462 
896 147 7 12 0.042202067 
-5 -162 60 154 0.042147364 
647 533 5 6 0.041984703 
455 70 25 36 0.04193448 
127 444 10 14 0.041898258 
429 300 29 26 0.041876324 
439 383 10 13 0.041794106 
229 497 23 30 0.041788086 
669 418 49 53 0.041747797 
465 558 9 9 0.04173311 
470 356 33 36 0.041689213 
334 394 95 109 0.041647173 
747 588 8 11 0.041593347 
463 96 15 20 0.041590884 
911 -1 48 47 0.041546326 
948 39 48 56 0.041545983 
712 393 100 78 0.04152865 
610 544 10 12 0.041505847 
311 657 17 22 0.0414989 
927 78 5 9 0.041483354 
370 382 35 33 0.041442227 
953 45 25 32 0.04139408 
468 245 30 25 0.041348085 
333 635 6 8 0.041312758 
388 508 26 23 0.04129688 
305 225 25 23 0.041260142 
875 716 9 9 0.041157313 
643 463 46 54 0.041147638 
912 40 19 31 0.041074913 
474 108 20 29 0.04091606 
304 581 24 25 0.040913675 
242 338 86 110 0.04090357 
259 390 29 27 0.040606912 
321 227 513 521 0.04057854 
457 458 89 99 0.040526103 
467 388 96 99 0.04047993 
326 630 6 7 0.040416557 
441 359 55 54 0.040362373 
433 497 34 28 0.040273797 
945 -3 23 21 0.040271997 
850 714 52 49 0.04020503 
491 487 89 104 0.040156767 
702 631 10 12 0.04010171 
419 133 31 29 0.040058687 
992 38 8 10 0.040051226 
409 307 32 25 0.04001322 
555 550 31 28 0.039963905 
693 541 4 5 0.03991865 
682 570 9 9 0.039859574 
365 612 5 6 0.03985421 
193 592 23 22 0.039809164 
679 185 112 110 0.039759144 
328 397 27 27 0.039757922 
414 75 25 29 0.039750326 
483 390 25 29 0.039696533 
688 452 54 60 0.039637536 
970 8 10 9 0.039508346 
-40 522 262 455 0.039415743 
114 591 120 109 0.039392073 
681 539 5 7 0.03924882 
376 610 6 6 0.039136402 
260 572 104 95 0.039071497 
431 379 23 29 0.03904983 
527 522 5 6 0.038963996 
588 514 9 9 0.038954973 
690 558 6 9 0.03884436 
938 56 28 30 0.038835406 
555 500 27 25 0.0387912 
727 580 10 12 0.03867309 
448 306 30 26 0.038661353 
663 442 47 60 0.038619854 
195 483 17 26 0.038521413 
915 63 19 34 0.038488016 
904 134 4 9 0.03841307 
319 413 52 57 0.03840053 
318 628 9 9 0.03832845 
985 35 8 12 0.03830804 
370 96 10 11 0.038306665 
594 413 93 108 0.038301 
726 485 10 12 0.038274974 
672 423 27 29 0.03821901 
904 130 4 8 0.038158197 
523 381 26 30 0.03803291 
435 214 48 53 0.0380167 
312 425 30 32 0.03800873 
383 97 8 9 0.0379983 
4 514 40 59 0.03793624 
474 643 7 6 0.03782889 
405 244 56 52 0.03777058 
958 442 7 9 0.037732564 
741 583 8 11 0.03773164 
408 273 31 32 0.037657283 
686 545 6 7 0.037543353 
680 495 6 7 0.037485167 
526 450 6 8 0.03746326 
734 641 11 12 0.03745157 
748 600 7 12 0.037427835 
318 698 8 8 0.037413254 
489 288 28 34 0.03731817 
255 427 56 53 0.037269093 
634 488 6 6 0.037263285 
191 497 8 12 0.037233073 
186 188 24 24 0.037193384 
404 118 7 9 0.037178453 
193 181 15 17 0.037174467 
741 574 9 12 0.03715987 
922 34 21 33 0.037130777 
37 482 52 54 0.037003037 
327 232 27 29 0.036975905 
892 20 38 66 0.03695077 
237 65 107 104 0.036851615 
693 535 4 5 0.03680029 
478 339 34 38 0.036773145 
466 552 8 8 0.036762103 
491 648 7 7 0.036755707 
903 141 5 11 0.03673628 
524 583 7 7 0.036734097 
663 407 107 95 0.036675178 
896 140 6 10 0.036667358 
439 63 75 86 0.036667142 
443 321 60 49 0.03664993 
586 522 13 12 0.036590345 
680 509 5 6 0.036575254 
667 447 14 17 0.036554493 
751 573 11 14 0.036512647 
466 538 8 10 0.036489572 
700 574 10 12 0.036466647 
956 1 10 9 0.036464103 
330 679 9 10 0.036456753 
449 290 30 27 0.036418628 
452 358 9 10 0.036396362 
728 469 20 26 0.036384955 
456 375 6 6 0.03638357 
633 573 6 7 0.036379423 
453 386 7 8 0.036375403 
986 35 21 29 0.036349528 
679 500 7 7 0.036306754 
433 212 108 81 0.036305036 
244 217 27 22 0.036303636 
426 281 61 50 0.036256146 
639 400 48 54 0.03619107 
770 490 24 32 0.036183927 
971 18 9 13 0.036175463 
926 63 22 34 0.036175005 
451 103 13 17 0.03609992 
746 577 21 29 0.03609401 
639 535 8 11 0.03609093 
941 9 25 29 0.036065888 
972 58 7 9 0.036040843 
339 393 7 7 0.0360022 
988 46 6 8 0.035966005 
203 226 101 70 0.035963714 
474 647 8 9 0.035961065 
302 410 15 17 0.035943046 
422 565 42 55 0.035940837 
628 489 6 6 0.035940655 
649 659 10 9 0.035903003 
577 468 92 96 0.03589811 
373 611 5 6 0.03582717 
258 433 28 30 0.035781372 
458 520 24 24 0.035776727 
588 507 8 9 0.035692982 
505 49 23 28 0.03561628 
276 509 13 14 0.03560058 
738 646 10 12 0.03555252 
443 375 5 7 0.03553626 
795 462 43 52 0.03553585 
653 528 6 6 0.035460226 
752 397 10 8 0.03543764 
916 62 7 12 0.035432205 
284 504 20 25 0.035414703 
383 103 8 10 0.03536056 
396 116 8 10 0.035356037 
342 617 5 7 0.035311956 
320 355 23 29 0.035293918 
191 503 9 14 0.03528404 
391 633 83 95 0.035260364 
867 589 51 49 0.035226677 
727 588 9 11 0.035167154 
498 524 24 32 0.03513604 
324 685 10 10 0.035135273 
529 473 22 31 0.035127066 
476 375 27 32 0.03512636 
274 384 31 32 0.035089687 
0 489 14 19 0.035087988 
332 615 7 9 0.03503756 
691 546 6 6 0.0350194 
680 486 25 25 0.03500757 
953 443 7 9 0.0349847 
328 416 12 12 0.03495239 
628 515 5 6 0.034922473 
962 33 22 31 0.034799576 
527 525 5 7 0.034793027 
786 404 10 11 0.034763575 
452 395 9 12 0.034741312 
698 558 7 9 0.03472622 
505 46 8 9 0.03472115 
554 487 9 10 0.03466862 
904 85 4 8 0.034659006 
295 589 26 27 0.03461131 
741 592 9 14 0.034598365 
706 561 11 13 0.0345521 
737 583 7 10 0.03455166 
188 620 55 54 0.034521 
517 500 7 9 0.03445423 
634 515 5 5 0.03442676 
672 501 7 8 0.034343045 
364 615 6 8 0.03433228 
604 645 55 49 0.034301702 
507 518 10 13 0.034274768 
898 130 5 8 0.03427039 
887 708 56 55 0.034264978 
893 619 50 48 0.034251504 
686 534 5 6 0.034166593 
291 462 32 30 0.034143265 
689 494 8 8 0.03410858 
339 417 10 10 0.034103535 
679 552 7 8 0.03407305 
490 50 24 26 0.034015372 
675 477 12 14 0.03401073 
230 239 35 30 0.033978365 
505 39 7 9 0.033962887 
360 266 13 13 0.033956848 
882 169 30 58 0.03393021 
292 296 24 28 0.03391459 
313 198 23 23 0.033889927 
345 667 8 9 0.033883695 
705 512 7 10 0.033879798 
234 503 12 16 0.03377615 
688 397 55 54 0.03375658 
876 688 6 7 0.03374709 
705 483 25 25 0.033667963 
291 442 33 28 0.033637237 
731 474 9 10 0.03361543 
444 103 13 18 0.03361018 
704 520 7 9 0.033608176 
985 14 7 8 0.033599924 
474 610 7 6 0.033564825 
324 192 10 10 0.033465974 
704 568 9 12 0.033424776 
865 698 5 7 0.033405703 
294 400 28 32 0.033400774 
522 578 8 9 0.033373557 
863 217 8 11 0.033364546 
346 621 6 9 0.0333623 
491 94 9 11 0.033360425 
648 528 5 6 0.03334778 
89 203 8 11 0.033338275 
578 504 11 13 0.033334643 
259 418 35 31 0.033327036 
505 51 9 10 0.033305198 
381 108 9 12 0.033300094 
756 494 25 30 0.03327437 
718 478 22 25 0.033239376 
328 419 29 30 0.03323912 
312 193 8 9 0.033226695 
980 48 6 8 0.033180915 
463 303 30 27 0.03317555 
390 96 8 10 0.033159703 
615 493 8 10 0.03313309 
501 502 13 16 0.03312286 
203 511 8 12 0.033114884 
903 159 6 12 0.033109285 
389 103 8 10 0.033083748 
692 444 22 28 0.0330822 
387 99 21 27 0.033076953 
652 418 7 8 0.033071212 
627 574 6 5 0.03306004 
297 483 26 30 0.03302477 
72 474 42 51 0.033013873 
591 518 11 12 0.033004113 
385 617 6 6 0.032993734 
687 529 39 51 0.032978058 
338 687 7 8 0.03293986 
980 37 7 11 0.03291844 
306 373 51 53 0.03291423 
438 58 29 24 0.032912266 
712 443 25 27 0.032909956 
627 520 6 7 0.03289944 
719 219 52 50 0.03287397 
973 51 7 10 0.032868456 
336 664 10 11 0.032861877 
926 44 9 15 0.032838978 
860 145 36 65 0.032823693 
791 441 9 14 0.032793675 
408 366 7 8 0.032775607 
856 660 7 8 0.0327196 
748 421 25 30 0.032701164 
561 268 44 64 0.032673948 
980 28 19 26 0.032655306 
703 546 38 52 0.03264341 
416 95 8 13 0.032637708 
318 416 11 11 0.032634076 
175 429 34 51 0.03262186 
551 487 25 24 0.032530054 
979 56 7 11 0.03252036 
390 66 40 58 0.03251779 
135 477 22 40 0.032505542 
446 245 26 29 0.032470513 
371 90 9 10 0.03244416 
718 542 10 12 0.03242195 
755 583 40 49 0.032407552 
391 589 43 51 0.0323871 
329 367 24 30 0.03238576 
331 640 7 10 0.032380227 
731 580 21 27 0.032377854 
739 562 9 13 0.032370616 
670 681 110 78 0.03235405 
676 486 10 11 0.032313578 
767 472 24 29 0.032281365 
513 495 7 8 0.032272607 
321 687 7 8 0.03226683 
204 503 19 28 0.032255664 
517 494 8 10 0.032248374 
329 462 95 89 0.03221974 
370 101 10 12 0.032195453 
542 475 48 44 0.032176144 
463 332 13 12 0.032172136 
228 220 28 22 0.03216507 
602 420 47 56 0.032138597 
311 480 24 35 0.032126494 
492 52 9 9 0.032124344 
543 481 22 25 0.032109067 
693 484 11 12 0.032108106 
469 649 6 6 0.032102827 
922 63 7 12 0.03210238 
971 36 9 12 0.032101423 
391 113 21 26 0.03205891 
673 508 5 6 0.032057267 
512 40 7 8 0.032055788 
375 102 18 23 0.032049485 
714 691 27 22 0.032039057 
755 441 23 28 0.032028694 
469 317 14 13 0.032024983 
495 409 10 11 0.032015946 
904 91 4 8 0.032012865 
101 205 8 10 0.031959932 
728 537 8 10 0.03195582 
319 104 8 8 0.031913113 
442 381 7 8 0.031906657 
872 142 6 9 0.031895593 
471 667 10 10 0.031882614 
461 260 26 24 0.031866226 
872 93 62 118 0.031856444 
831 48 44 67 0.03184324 
847 43 67 121 0.03184198 
876 728 11 11 0.031823765 
314 623 6 6 0.031815585 
361 275 10 10 0.03181384 
306 693 6 6 0.031805012 
984 26 7 11 0.0317783 
387 75 76 101 0.031760212 
608 520 6 8 0.031740658 
902 147 7 13 0.031740356 
87 473 11 15 0.031726286 
721 570 9 10 0.031705722 
352 457 7 9 0.0316906 
211 513 6 10 0.03168668 
13 459 94 112 0.03167257 
423 107 17 22 0.031669166 
716 588 35 50 0.031568058 
432 326 13 12 0.03155561 
979 21 7 10 0.031555332 
376 616 6 6 0.031545408 
897 119 6 11 0.03154212 
344 590 21 25 0.031539574 
316 433 13 13 0.03153746 
870 135 6 8 0.031527452 
158 513 20 33 0.031526465 
389 89 8 11 0.03152571 
747 570 10 12 0.031524498 
238 487 44 49 0.031521447 
258 462 58 64 0.031516843 
381 206 26 23 0.031512257 
509 511 9 12 0.031505857 
443 504 86 110 0.031494416 
347 610 5 7 0.031489804 
870 129 6 8 0.031489477 
383 465 24 26 0.03148801 
311 726 8 7 0.031452835 
395 96 9 10 0.031442463 
420 94 11 17 0.03142696 
197 598 28 29 0.03141252 
498 52 9 9 0.031406898 
748 70 9 10 0.031371865 
93 507 20 32 0.031347238 
490 380 54 55 0.031317383 
483 308 31 30 0.03131037 
140 546 41 52 0.031286873 
915 463 7 9 0.03127714 
680 547 5 6 0.031265702 
354 579 46 52 0.031225055 
292 116 9 9 0.031195149 
216 586 27 29 0.031188335 
685 433 25 28 0.031187836 
698 519 7 9 0.031183776 
395 109 8 11 0.031171424 
390 616 7 7 0.031154882 
482 98 20 31 0.031128138 
677 14 100 102 0.03112429 
420 391 26 30 0.031113673 
785 460 10 12 0.031107666 
485 441 54 53 0.031102736 
465 512 9 9 0.031099 
713 490 12 13 0.031088054 
306 192 8 10 0.031081244 
409 96 8 11 0.031076256 
607 525 7 8 0.031032315 
973 46 7 10 0.031025147 
424 324 15 14 0.03101041 
494 31 23 25 0.031005343 
363 96 9 10 0.030999376 
571 498 21 24 0.030984921 
352 259 25 25 0.030979753 
389 108 8 11 0.030949263 
292 122 8 9 0.030939227 
427 526 8 8 0.03093672 
344 652 8 11 0.03092119 
127 505 7 10 0.030916415 
904 61 19 36 0.030910334 
972 21 19 28 0.030901903 
300 117 7 8 0.030892318 
336 409 27 26 0.030874794 
479 35 23 24 0.0308726 
475 605 6 5 0.030852178 
344 628 7 9 0.03083369 
991 32 7 11 0.030817576 
200 13 422 473 0.03081531 
800 471 21 27 0.030796066 
108 199 8 10 0.030792445 
192 447 42 51 0.030791113 
684 494 8 9 0.030787507 
916 90 6 10 0.030783614 
100 211 9 11 0.03078326 
158 541 9 13 0.030764429 
492 103 8 10 0.03073047 
264 503 58 49 0.030710332 
294 584 7 7 0.030701367 
760 413 11 13 0.03068716 
185 406 95 109 0.030677456 
954 712 6 8 0.030660855 
395 102 8 11 0.030624276 
702 431 8 7 0.030613905 
432 118 13 17 0.030599175 
520 547 5 7 0.03058721 
490 44 11 11 0.030584587 
684 486 11 10 0.030575285 
207 442 18 24 0.030567974 
653 533 5 6 0.030563535 
326 476 23 29 0.030554095 
923 76 6 11 0.030544525 
477 262 33 28 0.030537233 
95 205 8 9 0.030536246 
960 692 7 10 0.030517483 
555 230 9 9 0.030515756 
150 461 12 19 0.030510895 
570 244 7 8 0.030496098 
867 440 80 98 0.030484973 
857 697 6 8 0.030484842 
436 278 29 28 0.030461244 
324 110 9 8 0.030436682 
464 534 22 23 0.03043019 
347 243 122 96 0.030404354 
772 403 10 10 0.030399045 
532 523 7 10 0.030395325 
108 205 8 10 0.030389385 
855 524 42 48 0.03038098 
916 698 7 8 0.030332455 
485 96 9 11 0.030325444 
766 505 9 12 0.03031762 
690 651 11 12 0.03030938 
878 729 23 23 0.030309366 
498 473 11 17 0.030307276 
356 440 21 26 0.030305622 
627 482 7 6 0.03028882 
305 206 23 23 0.030273177 
554 405 23 28 0.030265952 
991 46 23 31 0.030260632 
318 199 10 10 0.030260166 
904 121 5 10 0.03025889 
486 52 8 9 0.030253453 
233 211 26 19 0.030250179 
358 412 7 9 0.030240957 
459 359 10 10 0.030225081 
518 56 22 27 0.03022495 
620 495 8 7 0.030221978 
326 603 12 11 0.0302201 
311 590 27 26 0.030210745 
900 -41 111 87 0.030198216 
417 423 23 31 0.030186275 
647 539 6 7 0.03016507 
316 633 10 10 0.030163657 
714 446 12 13 0.03015333 
326 641 8 11 0.030146996 
479 642 7 6 0.030143643 
702 442 8 9 0.03013792 
908 38 6 12 0.030136818 
639 519 6 7 0.030120218 
283 427 31 24 0.030107744 
749 580 8 11 0.030095328 
739 629 12 14 0.030094447 
890 706 6 7 0.030088833 
934 514 6 8 0.030088268 
394 86 22 29 0.030084318 
526 521 21 29 0.030081911 
492 402 9 10 0.03006098 
486 655 8 9 0.030051192 
622 514 6 7 0.030039715 
892 136 5 8 0.030028014 
449 376 5 5 0.030026698 
293 275 49 48 0.030024713 
359 682 7 6 0.030018916 
923 397 75 111 0.030013328 
320 193 8 9 0.030004127 
551 390 22 30 0.029992223 
177 620 101 108 0.0299824 
357 353 91 89 0.029970406 
766 408 10 12 0.029968342 
359 629 6 8 0.029920598 
300 319 43 55 0.029905168 
352 611 6 7 0.029886916 
200 389 26 27 0.02987068 
473 553 7 6 0.029868506 
787 636 44 47 0.029844066 
122 440 8 12 0.029838922 
171 95 9 11 0.02983387 
993 27 7 8 0.029827684 
353 598 5 6 0.029818527 
534 191 92 103 0.029802218 
320 439 28 32 0.029797213 
727 600 9 15 0.029790467 
271 304 24 25 0.02978982 
186 375 26 27 0.029784687 
64 483 25 27 0.029782353 
499 388 26 27 0.029777095 
86 482 11 16 0.029770806 
664 507 7 8 0.029740248 
360 611 5 7 0.02973945 
720 540 24 27 0.029735457 
142 209 37 46 0.02973385 
116 497 20 33 0.029722955 
340 634 7 9 0.02971692 
313 199 9 9 0.029711228 
786 484 8 13 0.02970198 
89 193 7 10 0.029695526 
371 508 49 47 0.029683707 
300 596 8 8 0.02966799 
392 548 52 58 0.029666241 
279 440 59 55 0.029654816 
306 199 8 9 0.02964364 
436 261 28 30 0.029641757 
614 263 7 9 0.029634936 
317 639 10 11 0.029621456 
733 575 9 11 0.029620647 
736 588 8 11 0.029618043 
43 121 90 125 0.029616611 
98 190 10 13 0.029601086 
278 302 10 11 0.029600754 
987 692 6 8 0.029586446 
341 621 5 9 0.029585965 
925 22 11 15 0.029552305 
691 520 6 8 0.029529503 
396 90 8 11 0.029506214 
511 553 6 7 0.029501798 
697 697 12 11 0.029494282 
874 723 10 10 0.0294838 
555 236 10 10 0.029475158 
964 56 9 12 0.029466504 
108 224 8 10 0.02946328 
512 46 7 9 0.029460575 
440 474 27 28 0.02945973 
965 24 10 15 0.029458923 
667 532 7 8 0.02945418 
667 471 25 26 0.029452838 
98 177 20 27 0.029445814 
469 622 5 7 0.02944115 
101 198 8 10 0.029431015 
325 103 9 9 0.029429544 
235 514 11 16 0.029420333 
449 591 5 6 0.029418336 
665 518 7 8 0.029411707 
312 218 10 9 0.029404331 
480 635 8 8 0.029401079 
403 92 23 29 0.029400092 
790 417 22 29 0.029384267 
223 479 25 31 0.029375678 
484 102 9 11 0.029371649 
432 314 31 26 0.029353648 
899 91 4 8 0.02934674 
384 88 8 11 0.029341675 
319 110 8 7 0.029321704 
594 589 9 10 0.029315503 
650 573 11 11 0.02931286 
640 570 8 9 0.029309856 
928 71 6 9 0.029298782 
709 512 8 9 0.029297587 
410 408 55 61 0.029284513 
963 64 20 31 0.029283496 
194 443 17 26 0.029282406 
369 268 25 24 0.029274361 
305 218 10 9 0.029256988 
362 657 49 49 0.029244794 
658 467 8 10 0.02922407 
718 -135 269 135 0.02922131 
336 679 8 9 0.029214825 
702 438 7 7 0.029213257 
575 245 6 7 0.02920359 
508 447 97 90 0.029199494 
318 197 106 103 0.029188655 
863 596 102 94 0.029186046 
746 561 11 14 0.029166896 
533 648 10 9 0.029163318 
922 -20 21 24 0.029154543 
749 608 7 9 0.029145015 
993 21 6 7 0.029141186 
477 129 11 16 0.029129907 
191 506 21 28 0.029127937 
199 443 6 10 0.029126495 
358 634 7 9 0.029120537 
210 519 7 11 0.029106176 
327 672 7 9 0.029099317 
492 498 10 12 0.029095298 
203 443 7 10 0.02909511 
920 44 10 17 0.029092869 
555 227 8 7 0.029078824 
264 254 13 15 0.029076453 
180 573 50 52 0.02907044 
740 666 46 46 0.029059712 
576 609 6 7 0.029051485 
29 467 8 10 0.029046165 
11 491 49 56 0.02902473 
745 473 21 24 0.029017556 
928 700 6 5 0.029016111 
984 -43 24 23 0.029002056 
349 645 9 12 0.028994152 
709 437 8 8 0.028989913 
710 547 10 12 0.028983569 
287 298 10 13 0.02896557 
754 602 8 10 0.028953955 
391 704 53 45 0.028946782 
739 562 20 27 0.028914856 
620 538 8 10 0.028910805 
403 109 8 10 0.028906291 
895 42 82 145 0.028905796 
325 698 8 9 0.028897844 
985 8 7 7 0.028890854 
661 515 5 5 0.028877633 
896 673 8 8 0.028877622 
833 709 22 26 0.028873257 
468 616 5 6 0.028857613 
340 240 27 32 0.02884928 
282 234 53 45 0.028844343 
377 598 6 6 0.028830884 
897 706 7 8 0.028818253 
137 548 11 16 0.028811887 
909 76 19 33 0.028807709 
320 692 7 9 0.028806204 
409 117 7 10 0.028784368 
459 401 11 14 0.028778335 
679 556 7 10 0.028758258 
509 512 44 56 0.028752279 
473 506 9 11 0.028748987 
939 55 12 15 0.028743107 
922 71 7 10 0.028742716 
209 374 23 27 0.028741619 
228 378 9 10 0.028738648 
583 519 23 22 0.028738217 
165 537 8 12 0.028737087 
499 591 6 7 0.028730834 
492 491 24 25 0.0287248 
869 706 7 8 0.028719077 
491 112 9 14 0.02871697 
312 212 9 9 0.028711027 
527 534 5 6 0.028707217 
364 681 7 6 0.02867415 
351 461 8 11 0.028669802 
757 512 25 35 0.028669342 
911 83 5 10 0.028639086 
619 200 7 8 0.028619837 
844 718 8 9 0.028609697 
318 588 10 10 0.028601395 
351 412 8 8 0.028587209 
376 438 97 99 0.028581863 
446 556 42 54 0.028575402 
94 198 8 11 0.028567685 
869 485 46 50 0.028566275 
965 44 9 13 0.02856319 
896 161 6 10 0.028538838 
984 19 8 9 0.028532678 
552 513 27 26 0.028531857 
288 116 7 8 0.028521588 
768 451 23 30 0.028519787 
971 -3 21 20 0.02848516 
365 673 8 8 0.028475786 
307 585 7 6 0.02846563 
343 466 9 13 0.02845529 
291 304 13 15 0.028442627 
664 565 8 9 0.02844089 
298 504 10 14 0.028435573 
530 584 6 7 0.02843474 
343 659 7 9 0.028428892 
637 575 9 10 0.028426701 
115 503 74 101 0.02842323 
447 359 8 8 0.0284059 
613 486 9 10 0.02839921 
294 578 6 6 0.028398057 
347 598 5 6 0.028397065 
767 602 8 9 0.02839557 
767 711 60 51 0.028393196 
580 510 10 11 0.028390288 
942 713 6 7 0.028385805 
635 483 7 6 0.028367773 
735 57 10 10 0.028358478 
910 90 6 10 0.02835245 
487 537 7 9 0.028345985 
902 166 6 10 0.028312514 
384 623 7 6 0.028309865 
313 578 8 6 0.028294673 
350 653 8 10 0.028288111 
870 147 7 10 0.028266663 
618 488 7 7 0.028261632 
320 97 8 8 0.02826122 
909 109 6 11 0.028251523 
740 461 10 12 0.028245084 
145 180 37 51 0.028243357 
414 289 32 29 0.028239839 
482 336 13 14 0.028224183 
313 584 8 8 0.028223779 
243 444 47 59 0.028207233 
701 447 10 13 0.028205559 
403 102 8 11 0.028187295 
344 461 9 11 0.028185042 
325 596 25 26 0.028183479 
953 454 7 10 0.028181951 
312 632 21 23 0.028171662 
505 515 22 27 0.028166117 
211 504 7 11 0.02816318 
154 534 19 30 0.028146558 
200 545 39 55 0.028140035 
445 184 12 15 0.028133098 
587 589 9 9 0.028121851 
821 599 42 52 0.028120704 
588 552 21 27 0.028119069 
224 595 26 31 0.028110968 
923 95 6 11 0.028107697 
96 211 8 11 0.02809927 
477 139 11 14 0.02808947 
307 578 7 7 0.028085433 
766 675 49 50 0.028077118 
496 395 12 14 0.02806652 
916 30 8 13 0.02805897 
101 218 8 9 0.028056253 
665 515 6 6 0.02805449 
673 658 48 50 0.028046917 
768 596 8 10 0.028044412 
497 476 22 26 0.028042525 
370 275 10 9 0.02804166 
891 131 18 30 0.028039876 
432 395 11 13 0.028034857 
979 13 7 9 0.02803385 
902 721 8 11 0.028022284 
313 205 9 9 0.028008262 
627 495 7 6 0.02799403 
978 65 8 11 0.02799123 
498 58 9 9 0.027983764 
108 463 11 17 0.027977822 
310 304 13 15 0.02797362 
951 -56 24 24 0.027953032 
683 499 9 9 0.027951328 
490 395 11 12 0.02794414 
223 370 9 12 0.027936058 
318 318 24 30 0.027928518 
978 25 8 13 0.02792191 
922 89 7 11 0.027899597 
352 604 5 5 0.027897729 
377 113 9 12 0.027873332 
479 557 7 9 0.027871419 
868 429 9 9 0.02786261 
228 505 13 19 0.027861146 
505 565 6 7 0.02786023 
921 699 6 6 0.027853705 
707 37 52 53 0.027844876 
322 425 14 15 0.027842233 
537 634 7 7 0.02782786 
566 716 59 47 0.027816713 
640 515 6 7 0.0278103 
614 527 6 7 0.027809743 
292 314 11 14 0.027808342 
698 437 7 8 0.02778426 
345 646 8 11 0.027783167 
946 446 9 13 0.02777784 
678 532 6 8 0.0277752 
348 604 5 5 0.027765416 
448 395 8 11 0.02776231 
469 262 14 12 0.027761359 
392 367 47 51 0.027750824 
324 218 11 9 0.02773676 
112 458 37 43 0.027733698 
800 421 9 12 0.027728997 
291 186 22 23 0.02772849 
305 318 11 12 0.027725888 
306 225 10 9 0.02772544 
397 122 8 10 0.02772538 
671 493 8 9 0.02771568 
300 623 7 8 0.027711142 
279 116 8 8 0.027709596 
806 429 8 11 0.027709264 
202 379 41 55 0.027698386 
309 279 11 15 0.027694207 
343 261 10 13 0.027691714 
94 485 9 14 0.027691683 
208 383 12 12 0.027689258 
654 558 7 9 0.027686445 
622 520 7 7 0.02768445 
410 223 46 45 0.027681697 
945 718 6 8 0.027679406 
478 94 11 16 0.027673036 
555 213 8 7 0.027668081 
511 500 8 9 0.027665595 
318 664 20 23 0.027660633 
865 130 5 7 0.027648859 
269 594 31 27 0.027643744 
474 614 7 7 0.027638279 
997 39 8 10 0.02762687 
147 524 19 33 0.027621888 
671 546 6 7 0.027618868 
679 513 6 7 0.027615752 
209 232 37 28 0.027611062 
356 646 9 10 0.027610684 
225 482 6 8 0.027601391 
614 534 6 6 0.027598316 
671 564 8 9 0.02759191 
364 91 20 21 0.0275819 
467 642 7 7 0.02756545 
361 459 25 30 0.027562778 
382 260 62 55 0.027526993 
560 242 10 10 0.027522603 
688 500 9 8 0.027518207 
438 394 11 13 0.027510313 
731 595 38 53 0.0275057 
549 492 9 10 0.027497336 
268 193 8 8 0.027495237 
674 459 24 26 0.027494255 
470 76 9 14 0.027489021 
739 601 9 13 0.027486933 
699 507 41 50 0.027480993 
909 17 19 29 0.027474437 
518 52 8 9 0.027466757 
469 515 42 57 0.0274659 
518 46 7 8 0.027460406 
364 664 11 11 0.027453989 
556 597 7 8 0.027453449 
439 301 11 12 0.027434839 
556 220 7 7 0.027426217 
882 704 8 8 0.027423037 
964 -49 24 24 0.02742122 
691 514 7 9 0.02741495 
445 137 26 32 0.02740924 
345 672 9 10 0.027391616 
485 89 11 13 0.027382158 
313 179 23 24 0.027367452 
792 460 8 12 0.027359506 
965 8 9 9 0.027357195 
734 617 11 13 0.027351247 
594 507 8 9 0.027347289 
491 654 7 8 0.027344042 
399 51 23 26 0.02734155 
703 231 8 8 0.027327534 
268 187 8 8 0.027327016 
497 44 10 11 0.027324423 
665 514 42 54 0.02731971 
274 187 9 8 0.027313426 
405 516 24 25 0.027312737 
779 480 46 56 0.027309455 
628 563 6 8 0.027283728 
361 102 11 12 0.027283145 
102 164 9 12 0.027282327 
614 513 7 9 0.027271176 
857 655 6 7 0.027258467 
734 596 9 14 0.027234886 
871 122 5 9 0.027227115 
628 558 6 8 0.02722709 
210 496 8 14 0.027224803 
66 457 78 105 0.027224641 
639 527 6 6 0.027220713 
720 475 10 10 0.027216123 
470 104 13 18 0.027215969 
489 366 28 29 0.027207633 
791 692 26 31 0.027205199 
599 498 8 10 0.027181694 
965 37 9 13 0.027165102 
133 108 7 11 0.027144982 
979 704 7 10 0.027136369 
970 678 10 11 0.027131492 
602 231 8 8 0.027129024 
301 123 8 8 0.02712722 
223 378 10 11 0.027126532 
402 95 8 11 0.027126439 
295 413 14 15 0.027125293 
122 160 7 10 0.02711949 
413 414 11 15 0.02710782 
121 511 8 12 0.027103672 
600 545 9 10 0.027090603 
676 466 10 13 0.027088722 
444 376 22 28 0.02708738 
686 474 22 24 0.027081385 
892 141 5 9 0.027079115 
240 287 32 25 0.027073745 
223 655 8 7 0.027064431 
911 699 5 6 0.027062 
778 404 9 10 0.02706079 
278 292 13 13 0.027055293 
812 430 7 9 0.027053665 
359 578 7 7 0.027039858 
163 509 8 15 0.027015693 
788 485 20 32 0.027014157 
682 466 10 12 0.027004411 
523 399 24 28 0.026993616 
530 64 9 11 0.026971005 
409 46 7 9 0.02694593 
318 218 11 9 0.026943685 
313 629 9 10 0.026942166 
151 127 11 16 0.026933478 
447 694 7 7 0.026928704 
500 543 22 25 0.026925031 
715 505 10 11 0.026909022 
864 135 6 9 0.026899772 
497 495 11 11 0.026896887 
478 71 8 10 0.026891857 
563 233 8 8 0.02688632 
991 43 9 12 0.02688387 
589 581 21 24 0.026877731 
376 89 36 53 0.026870808 
969 52 22 32 0.026867922 
910 103 6 10 0.026867079 
633 564 7 8 0.026851445 
408 428 9 12 0.026849315 
633 526 6 7 0.026834441 
634 533 6 8 0.02682803 
698 541 5 6 0.026826316 
1001 530 9 12 0.02682058 
136 534 21 29 0.026820531 
410 410 22 30 0.026816854 
138 458 11 15 0.026810283 
101 503 10 17 0.026802087 
935 76 6 11 0.02680112 
887 736 22 23 0.026798356 
325 116 10 9 0.026795682 
319 213 25 20 0.02679394 
471 64 9 11 0.026790775 
484 85 20 24 0.026775979 
908 667 7 8 0.02676748 
613 520 7 8 0.026765406 
523 568 9 11 0.026763014 
281 111 8 7 0.026753137 
978 8 7 8 0.026752677 
215 442 9 12 0.026744697 
481 552 6 7 0.026728913 
518 661 8 7 0.02672766 
777 479 22 31 0.026716663 
901 736 10 11 0.026711153 
301 573 6 6 0.026710013 
898 86 4 7 0.02670495 
551 238 7 8 0.02670413 
306 206 8 8 0.026700694 
857 107 35 69 0.026687989 
550 493 54 45 0.026684541 
463 379 26 36 0.026678003 
776 427 23 31 0.026663173 
631 607 10 10 0.02666164 
384 597 7 6 0.026660481 
672 514 6 7 0.026659174 
105 161 8 10 0.026656156 
530 592 5 6 0.026655678 
373 615 5 7 0.02665456 
601 461 51 57 0.02664937 
715 498 9 11 0.026649168 
507 571 5 6 0.026648918 
954 692 7 8 0.02664731 
304 386 27 32 0.026633685 
216 499 9 13 0.026619757 
532 532 6 8 0.026615612 
553 237 24 23 0.026610542 
864 142 6 8 0.02659985 
272 254 12 13 0.026597258 
546 538 28 28 0.02659355 
181 424 19 31 0.026589626 
358 685 8 8 0.026589183 
872 78 34 70 0.026586788 
596 577 6 8 0.02658244 
734 559 10 15 0.026570259 
320 679 7 9 0.026564686 
935 706 6 7 0.026558705 
293 110 8 8 0.026558569 
370 687 7 7 0.026557669 
633 689 53 43 0.026554637 
437 590 49 54 0.026544569 
574 591 8 9 0.02654126 
917 694 5 6 0.026529344 
747 505 10 14 0.026519947 
136 516 19 32 0.026517635 
324 639 19 24 0.026510913 
595 217 8 9 0.026508473 
608 207 8 6 0.02650157 
394 416 9 12 0.026494632 
627 473 25 24 0.026493013 
1013 538 7 8 0.026491994 
601 226 8 8 0.026489258 
256 235 28 28 0.026489202 
414 31 9 11 0.026488122 
478 609 7 7 0.026471503 
627 545 7 8 0.026457693 
705 508 7 9 0.026455445 
448 597 6 7 0.026452946 
625 537 9 11 0.026450643 
456 591 5 6 0.026449846 
420 77 10 13 0.02644822 
265 224 27 22 0.026446667 
245 205 25 20 0.026435688 
95 179 8 10 0.02643033 
710 608 7 9 0.026428036 
684 508 7 7 0.026422635 
773 397 8 9 0.026416767 
628 553 5 7 0.026415482 
943 707 5 6 0.02640745 
896 722 9 11 0.026406731 
427 533 10 9 0.026402393 
956 12 10 13 0.026394304 
459 267 11 11 0.026381519 
175 461 34 52 0.02637833 
274 111 8 7 0.02637664 
962 3 23 22 0.026374435 
485 629 6 6 0.026369622 
337 159 10 12 0.026366845 
945 439 10 13 0.026365008 
325 186 9 9 0.026363604 
511 615 7 8 0.026359463 
431 300 12 12 0.026357219 
859 706 6 7 0.0263529 
275 117 8 8 0.026348501 
686 521 5 7 0.026347304 
478 51 9 10 0.026340393 
352 591 7 7 0.026340127 
498 531 9 11 0.026338791 
452 184 12 15 0.026334703 
374 598 5 6 0.026334452 
648 519 5 7 0.026333394 
363 121 11 11 0.026327603 
730 546 7 8 0.026324917 
411 386 23 29 0.02631772 
469 325 14 13 0.026314484 
594 397 46 47 0.02631079 
521 540 5 7 0.026308477 
287 110 7 8 0.026301486 
330 665 10 12 0.02630092 
107 13 46 47 0.0262987 
325 706 9 13 0.026294865 
466 509 23 26 0.026291477 
934 719 7 7 0.026285734 
532 422 22 28 0.026282176 
88 218 7 9 0.026281977 
491 38 10 11 0.026276618 
435 332 34 32 0.026275631 
485 464 21 30 0.026272876 
89 210 19 24 0.02627152 
624 473 10 9 0.026270581 
290 621 52 55 0.02627026 
556 590 6 8 0.02626977 
851 123 8 9 0.02626868 
623 653 25 22 0.026268074 
879 97 5 8 0.026266165 
892 148 5 10 0.026264092 
402 128 8 10 0.026262201 
473 636 7 8 0.026259655 
453 570 9 11 0.026257288 
374 80 10 13 0.026251893 
511 51 7 9 0.026251707 
406 58 25 29 0.026249574 
458 251 13 17 0.026247185 
698 546 6 8 0.026247146 
506 558 7 8 0.026246902 
364 442 11 13 0.026236473 
331 645 8 11 0.026233515 
409 89 8 12 0.026229756 
216 377 11 12 0.026222639 
352 659 7 8 0.02622097 
694 505 22 25 0.026218802 
497 94 10 13 0.026207753 
224 505 8 12 0.026206685 
506 552 7 8 0.026202574 
486 642 8 7 0.026190085 
871 159 6 10 0.026179485 
567 200 9 7 0.026178032 
495 592 5 6 0.026177302 
764 596 21 23 0.026174147 
366 213 27 26 0.026167007 
722 557 39 52 0.02615806 
832 540 46 49 0.026157314 
108 472 19 29 0.026155146 
560 498 12 11 0.02614971 
331 217 12 10 0.026137237 
151 475 11 18 0.026136119 
686 71 6 7 0.026134495 
660 507 6 8 0.026133182 
420 391 10 14 0.026128892 
493 59 8 8 0.026124533 
526 378 50 45 0.026123095 
305 293 12 14 0.026115756 
230 384 8 10 0.026111947 
690 551 6 9 0.026110299 
897 166 6 11 0.026094342 
229 371 8 11 0.026092414 
253 347 47 58 0.026090436 
890 72 19 34 0.026086865 
772 594 11 11 0.02608672 
943 693 6 6 0.026076412 
986 705 6 8 0.026073173 
958 63 9 11 0.026069717 
490 24 45 49 0.026069013 
720 555 10 11 0.026063833 
487 532 20 28 0.026056975 
1004 538 6 8 0.026055906 
804 419 9 12 0.026052857 
352 680 7 7 0.026052801 
515 397 11 12 0.026040869 
320 577 8 7 0.026037771 
228 208 13 14 0.026034713 
871 97 6 8 0.026032776 
767 499 8 10 0.026032189 
356 639 9 10 0.026030311 
541 491 10 13 0.026029272 
777 496 11 14 0.026019048 
466 719 7 7 0.02600822 
766 434 9 12 0.026008125 
711 231 8 8 0.026006585 
324 198 10 11 0.026005596 
835 736 12 12 0.026001278 
623 409 30 29 0.025999613 
357 460 9 13 0.025990954 
882 96 6 11 0.025987031 
702 474 9 11 0.025986122 
992 691 6 9 0.025985595 
340 427 28 31 0.025981398 
96 217 8 10 0.02598069 
698 513 7 10 0.02597996 
601 199 8 8 0.025978241 
463 666 7 9 0.02597593 
771 489 12 15 0.025974585 
484 395 11 14 0.025972726 
454 544 24 26 0.025968425 
505 106 9 14 0.02595404 
490 641 7 8 0.025951631 
364 629 7 8 0.025949834 
215 369 11 12 0.025947424 
331 160 10 10 0.025947075 
409 350 56 51 0.02593799 
899 77 5 10 0.025927624 
946 693 6 7 0.02591135 
467 520 6 7 0.025909819 
893 742 12 12 0.025908887 
312 186 8 9 0.025891468 
879 91 4 8 0.025887959 
270 291 14 13 0.025887873 
439 531 11 11 0.025887266 
920 35 10 16 0.025877375 
812 498 8 12 0.025872217 
481 546 7 8 0.025871309 
319 116 8 8 0.025865242 
410 374 6 7 0.02585507 
333 699 7 9 0.025852734 
116 459 59 92 0.025843276 
591 542 10 11 0.025842974 
598 524 10 10 0.025841532 
312 104 7 7 0.0258399 
383 419 24 28 0.025835304 
294 421 14 15 0.025835065 
11 709 108 160 0.025834978 
928 514 6 8 0.025827777 
883 136 5 8 0.025825964 
854 742 12 12 0.025822563 
576 244 79 106 0.025818834 
486 72 8 9 0.02580514 
803 418 24 30 0.025801128 
560 492 12 12 0.025793537 
608 515 6 7 0.02579007 
360 591 5 6 0.025784062 
310 423 13 13 0.025783649 
549 205 8 9 0.02578175 
754 608 8 10 0.025779802 
121 500 9 14 0.025759524 
683 551 9 12 0.025754713 
318 205 10 9 0.025749695 
912 -51 25 25 0.025745414 
812 691 8 9 0.025744697 
687 577 9 10 0.02574124 
170 478 10 15 0.02572808 
257 309 30 28 0.025724757 
895 715 9 12 0.025722962 
856 123 7 9 0.025720272 
43 490 25 27 0.025719011 
894 737 10 10 0.025712322 
274 323 8 7 0.025710786 
247 91 27 23 0.02571001 
922 450 6 8 0.02569715 
900 742 11 12 0.02569607 
52 466 24 23 0.025693033 
274 193 10 8 0.025692668 
164 531 8 12 0.025689425 
303 555 12 14 0.025688699 
299 720 52 43 0.02568784 
341 672 48 44 0.025687028 
467 609 6 7 0.025684869 
683 565 8 9 0.025683453 
971 65 8 11 0.025682414 
277 295 53 52 0.025681552 
646 430 7 8 0.025665786 
107 192 8 10 0.025661191 
389 129 8 9 0.025659349 
342 478 10 13 0.025656817 
402 373 7 8 0.025653012 
524 542 96 111 0.025651868 
634 537 7 10 0.025651855 
773 553 20 24 0.02564789 
722 575 9 12 0.025640635 
799 442 8 11 0.025639907 
935 70 7 11 0.025639813 
494 596 6 9 0.025634225 
561 487 9 10 0.025632879 
927 89 6 11 0.025631463 
754 263 9 8 0.025613837 
922 455 7 8 0.02561219 
351 271 29 30 0.025603956 
964 63 9 11 0.025596436 
472 623 6 7 0.025592327 
233 382 42 57 0.025588393 
659 494 8 9 0.02558595 
101 170 9 13 0.025583763 
971 301 9 9 0.025582416 
723 437 24 28 0.025578355 
548 558 12 16 0.025576679 
421 267 11 12 0.025574034 
634 474 9 9 0.025572237 
740 622 10 13 0.02557173 
337 407 11 12 0.025561532 
337 671 9 11 0.025557619 
757 502 12 15 0.025555765 
424 434 61 65 0.025553113 
938 737 20 21 0.025530893 
964 1 8 8 0.025518868 
697 500 8 9 0.025518028 
526 546 6 7 0.025514374 
489 337 13 15 0.025508992 
865 661 5 6 0.025508625 
458 150 26 27 0.025507476 
88 184 8 10 0.025507215 
541 554 10 15 0.025504181 
876 158 7 11 0.025503328 
322 559 89 97 0.025496442 
661 459 21 28 0.025482336 
628 508 5 7 0.025480585 
799 432 23 29 0.025478143 
165 524 7 11 0.025477933 
717 583 21 28 0.025476877 
722 469 8 8 0.025471237 
513 546 6 7 0.025465503 
494 106 18 29 0.025464823 
491 635 7 7 0.025462002 
169 521 20 33 0.025453677 
314 597 6 7 0.025452167 
337 646 9 10 0.025445938 
664 526 7 8 0.025442753 
843 645 9 11 0.025432426 
424 539 40 48 0.025431564 
470 133 12 16 0.025424177 
586 498 9 11 0.02542344 
491 411 9 10 0.025422715 
889 58 6 10 0.025418565 
865 728 12 12 0.02541449 
856 167 8 9 0.025411155 
799 434 8 11 0.02539477 
563 596 7 9 0.025391778 
653 563 8 10 0.025390744 
455 637 6 6 0.025390232 
865 147 6 10 0.025388379 
293 127 9 10 0.025385447 
849 735 11 12 0.025382169 
891 97 5 8 0.025381383 
708 589 10 12 0.025371483 
748 647 8 10 0.025369525 
512 611 6 7 0.025367184 
550 245 8 9 0.025365693 
478 45 9 10 0.02535837 
607 290 38 54 0.025355995 
314 693 7 8 0.025344549 
674 439 24 30 0.02533977 
542 628 8 8 0.025339272 
384 605 6 5 0.025339182 
288 360 95 97 0.025338624 
664 487 41 53 0.025338292 
892 129 4 8 0.025337964 
311 97 8 8 0.02532973 
228 295 24 29 0.025329687 
342 224 10 10 0.025318624 
670 531 8 9 0.025318142 
368 254 24 24 0.025315495 
876 704 8 8 0.025313972 
124 467 11 19 0.025312476 
413 260 12 13 0.025311148 
382 88 20 26 0.025300708 
741 448 9 13 0.025296275 
359 604 5 5 0.02529409 
503 118 21 29 0.025291823 
919 22 11 17 0.025288073 
392 489 89 90 0.025282543 
620 532 9 10 0.025281595 
711 615 6 9 0.025281008 
430 293 14 13 0.025280233 
502 570 4 7 0.025274463 
993 686 5 8 0.025273666 
832 642 5 8 0.025271434 
409 52 8 9 0.025268966 
854 651 42 53 0.025264079 
184 516 21 28 0.025261417 
934 700 7 6 0.025260523 
438 241 11 13 0.0252579 
863 694 6 6 0.025256755 
594 225 24 25 0.025233453 
877 168 6 8 0.02523284 
169 376 25 28 0.025231833 
431 318 14 12 0.025231425 
858 711 7 9 0.025224574 
300 110 8 8 0.025219938 
80 158 86 105 0.025199732 
431 281 13 13 0.02519465 
772 264 9 8 0.02519409 
714 569 9 11 0.025190255 
430 356 5 5 0.025186421 
531 597 6 7 0.025184168 
215 497 19 28 0.025177391 
627 578 6 6 0.025174443 
650 672 48 45 0.025153438 
287 644 25 29 0.025147984 
979 83 6 11 0.025147015 
510 409 10 13 0.025143187 
925 742 12 11 0.025119858 
660 520 6 7 0.025119208 
633 494 8 7 0.025117237 
880 716 9 10 0.025115538 
710 226 8 8 0.025112806 
382 121 21 25 0.025110664 
696 569 9 11 0.02510899 
83 102 7 9 0.0251071 
306 118 9 8 0.025103638 
871 2 43 55 0.025102062 
915 456 6 7 0.025094546 
883 90 6 10 0.025084015 
512 218 46 49 0.025081187 
799 448 8 11 0.025077976 
174 283 103 98 0.025073163 
483 345 11 11 0.025070574 
878 136 5 8 0.02506868 
244 367 6 7 0.025056744 
18 660 10 16 0.025047101 
870 673 6 7 0.02504145 
791 407 10 13 0.02503315 
517 448 8 11 0.02502658 
313 698 8 8 0.025024403 
871 687 6 7 0.025021447 
325 679 8 10 0.025019804 
580 493 10 12 0.02501587 
340 378 8 9 0.025012773 
697 543 73 92 0.025010994 
835 524 83 92 0.025009912 
917 96 5 10 0.025007216 
671 552 6 7 0.025005948 
518 57 9 11 0.02500445 
484 115 20 30 0.025002616 
753 409 22 25 0.025002053 
163 232 27 27 0.024989108 
985 64 8 12 0.024975227 
705 545 6 9 0.024968278 
473 533 9 10 0.02496208 
702 424 8 8 0.024960674 
449 381 5 6 0.024955703 
861 741 13 12 0.024933651 
721 549 9 11 0.024933023 
415 402 10 12 0.024932655 
373 440 26 30 0.024927761 
244 450 6 9 0.024922926 
415 120 25 28 0.024917455 
544 622 7 7 0.024914194 
932 61 10 14 0.02491266 
306 110 9 8 0.024911847 
614 571 6 8 0.024908828 
30 507 23 28 0.024905281 
524 63 9 11 0.024904957 
841 590 9 9 0.024904737 
563 206 8 7 0.024900483 
656 561 10 11 0.024900245 
337 691 9 10 0.024886401 
623 541 37 47 0.024884379 
359 599 5 6 0.024871346 
669 466 11 15 0.024862995 
698 552 6 7 0.024861716 
647 515 6 7 0.024857074 
876 633 51 51 0.024847915 
502 565 5 8 0.024847852 
245 503 12 14 0.02484574 
894 493 8 10 0.024840524 
189 397 39 55 0.024833389 
480 604 6 6 0.024833 
511 75 22 24 0.024831625 
338 602 22 26 0.024827072 
214 586 12 15 0.024821904 
529 70 10 10 0.024817927 
870 723 22 21 0.024807261 
510 529 8 10 0.02480643 
575 576 7 8 0.024804516 
470 48 23 28 0.024803927 
350 614 8 11 0.024803463 
504 95 10 13 0.024798313 
549 402 11 14 0.02479137 
92 477 10 14 0.024791267 
325 97 8 8 0.024789548 
193 448 7 11 0.024788465 
357 430 8 10 0.024788028 
697 231 7 8 0.024786713 
299 199 9 9 0.024768988 
628 200 6 7 0.024768732 
490 460 10 14 0.024767114 
359 301 33 32 0.024761267 
133 159 8 11 0.024760442 
878 245 5 8 0.024754006 
458 113 10 13 0.024748394 
325 166 11 11 0.02474478 
511 486 9 11 0.024743479 
576 219 8 6 0.02474112 
473 118 11 16 0.024739563 
685 67 5 6 0.024736768 
511 573 42 53 0.024734678 
107 185 8 11 0.02473223 
402 77 8 10 0.024731826 
295 126 25 24 0.02472537 
988 687 47 46 0.024724653 
616 579 5 7 0.024720795 
984 -56 24 24 0.024712581 
549 211 8 10 0.024710232 
485 60 9 8 0.024707938 
704 604 7 8 0.02470706 
429 463 24 26 0.024705049 
501 275 29 32 0.024703594 
644 448 86 105 0.024698965 
906 492 45 56 0.024698656 
466 113 10 13 0.024692971 
911 58 5 11 0.024689456 
607 199 7 8 0.02468919 
469 291 16 14 0.02466346 
390 122 8 10 0.024661673 
699 534 5 6 0.024659444 
729 237 7 9 0.024650155 
928 63 8 12 0.024644936 
213 202 51 42 0.024640897 
606 532 8 8 0.024637667 
235 486 25 29 0.02463328 
563 212 9 8 0.02463301 
251 216 15 12 0.024627466 
866 123 5 8 0.024618331 
305 186 22 24 0.024614913 
509 487 19 24 0.02461446 
160 524 8 12 0.024612086 
503 89 9 13 0.024608428 
971 455 6 8 0.02460431 
709 583 8 10 0.024591422 
333 381 23 29 0.024587957 
793 468 8 11 0.024584958 
121 183 9 13 0.02458285 
544 71 8 8 0.024581907 
569 595 8 11 0.024578819 
479 59 8 10 0.024574285 
222 441 9 12 0.024569146 
700 518 22 28 0.024567477 
916 37 7 14 0.024565969 
297 223 11 11 0.024564907 
87 498 10 14 0.02456174 
906 736 11 11 0.02455825 
415 50 24 26 0.024549525 
643 500 45 56 0.024546882 
697 226 7 7 0.024546701 
305 304 26 32 0.024541961 
876 142 6 9 0.024540696 
551 480 7 9 0.024537003 
407 340 28 26 0.024536917 
340 640 7 9 0.024536664 
380 250 25 21 0.024536107 
703 609 7 8 0.0245325 
356 106 12 13 0.024532376 
900 90 19 32 0.024531469 
27 510 13 17 0.02453127 
765 420 10 12 0.024529954 
311 450 28 31 0.024525154 
532 450 6 8 0.024524951 
668 61 48 54 0.024517018 
755 411 8 9 0.024515562 
302 435 14 13 0.024508944 
858 693 6 8 0.02450702 
497 484 10 12 0.02450295 
455 379 6 7 0.024501897 
336 229 11 10 0.024500491 
363 634 8 9 0.02449461 
868 724 10 10 0.024488254 
758 427 13 16 0.024481364 
686 527 5 7 0.024478074 
888 50 7 12 0.024475124 
728 692 57 46 0.02447503 
114 223 8 11 0.024471683 
138 252 11 16 0.024464788 
343 404 9 10 0.024457607 
402 46 8 9 0.024454571 
531 539 7 9 0.024449328 
870 168 7 8 0.024448609 
915 108 7 14 0.024443856 
700 526 5 7 0.02444355 
383 83 9 10 0.024443265 
208 514 20 30 0.024438832 
748 652 7 9 0.024438115 
473 527 8 7 0.02443004 
587 133 456 554 0.024425915 
269 181 23 21 0.024420489 
426 492 13 14 0.024417259 
243 104 8 7 0.024415435 
432 307 11 11 0.024415195 
223 473 8 10 0.024411097 
708 518 9 12 0.024410948 
528 76 11 12 0.024410795 
661 491 23 27 0.024410475 
415 527 24 24 0.02440653 
757 646 9 11 0.02439685 
460 642 7 7 0.024395937 
976 441 8 10 0.02439325 
332 588 45 52 0.024387136 
305 185 10 11 0.024386799 
958 434 9 11 0.024374697 
865 97 6 8 0.02437286 
613 269 7 10 0.024369294 
961 713 5 7 0.024367357 
517 421 9 13 0.024366613 
477 510 10 13 0.02436007 
511 399 21 27 0.024355909 
722 573 21 25 0.024354983 
491 366 9 11 0.024353744 
101 224 9 10 0.02435199 
402 89 8 11 0.024350224 
409 422 9 12 0.024347689 
922 512 6 9 0.024341462 
22 523 25 28 0.024336569 
841 27 47 58 0.024334978 
287 128 9 9 0.02433426 
971 81 8 12 0.024333304 
319 187 9 8 0.024332238 
339 520 55 54 0.024323037 
883 141 5 9 0.024315797 
398 314 31 26 0.024297025 
290 249 14 18 0.024293616 
288 516 27 28 0.024292657 
530 690 280 197 0.0242924 
373 604 6 6 0.024290683 
328 362 12 15 0.024289904 
505 290 8 10 0.024288395 
840 584 48 54 0.024276244 
527 70 24 24 0.024276234 
639 591 8 8 0.024273302 
698 60 6 6 0.024271501 
634 546 6 7 0.02426822 
600 508 7 7 0.02426371 
526 455 6 9 0.024253484 
184 465 77 100 0.024252875 
501 254 14 13 0.02425283 
442 349 7 6 0.024243576 
369 269 10 10 0.024243364 
324 160 10 11 0.024240397 
656 397 28 30 0.024237217 
100 230 10 11 0.02423671 
408 31 9 12 0.0242367 
787 445 10 15 0.024234714 
764 643 269 196 0.024227815 
665 684 26 26 0.024222277 
108 218 8 10 0.024221446 
875 692 8 8 0.024219427 
865 707 7 8 0.024216443 
924 -51 13 12 0.0242148 
530 442 8 9 0.024213044 
257 264 16 15 0.024209835 
645 615 11 10 0.024201501 
523 501 6 8 0.02419771 
431 471 56 50 0.024195319 
1005 539 21 28 0.024194058 
315 603 6 7 0.02418989 
378 636 7 8 0.024185577 
79 494 12 17 0.02416736 
305 615 25 26 0.024166802 
264 338 32 33 0.024162741 
117 473 11 18 0.024156313 
550 218 7 8 0.024155924 
850 141 7 10 0.02415003 
543 230 7 11 0.024146754 
544 533 7 7 0.024146121 
338 697 9 12 0.024145834 
389 622 8 7 0.024140926 
126 93 10 13 0.02413656 
183 571 95 90 0.024128934 
455 390 23 30 0.024128798 
325 205 10 10 0.024123317 
754 588 9 12 0.024121452 
475 146 22 26 0.024114735 
918 5 21 24 0.024110485 
179 198 25 28 0.024106601 
594 226 8 8 0.024106538 
407 138 48 60 0.024100158 
95 230 9 10 0.024099244 
703 559 7 8 0.02409436 
396 83 8 11 0.024091227 
121 194 78 87 0.024089139 
638 556 10 10 0.024085684 
471 567 9 12 0.024083696 
319 584 9 9 0.024083525 
696 608 8 9 0.024083324 
190 433 8 14 0.024082216 
408 37 9 11 0.024073077 
497 38 9 10 0.024067363 
218 513 6 8 0.024063233 
511 31 9 11 0.024061495 
82 192 9 11 0.024056273 
936 714 5 5 0.02405317 
443 135 16 19 0.024050703 
859 734 26 24 0.02404789 
332 458 23 28 0.024046801 
352 393 6 7 0.024041848 
901 710 7 9 0.024038617 
755 465 24 31 0.024037665 
889 715 9 11 0.02403503 
231 475 6 8 0.024030646 
602 607 53 52 0.024020363 
706 525 7 9 0.024019152 
799 320 8 10 0.024017045 
691 563 7 10 0.024006845 
759 263 9 8 0.024002248 
352 629 6 7 0.023998292 
563 571 26 28 0.023997827 
544 481 6 9 0.023989553 
504 33 8 9 0.023988215 
898 687 5 7 0.023981754 
419 399 13 16 0.023980638 
343 120 12 12 0.023973461 
573 248 9 10 0.023967765 
735 531 8 12 0.023963777 
325 623 7 7 0.023958247 
581 477 50 51 0.023954507 
700 453 12 16 0.023935646 
717 582 8 10 0.023928378 
512 37 23 26 0.023925789 
507 370 28 29 0.02392049 
702 589 9 11 0.023918975 
903 110 33 70 0.023918519 
235 667 23 24 0.023918359 
209 390 10 10 0.023912419 
208 486 21 29 0.023911195 
484 107 10 15 0.023909137 
733 491 9 12 0.023907172 
870 90 6 10 0.023907037 
960 455 7 10 0.023906782 
574 595 9 11 0.023904001 
432 386 12 15 0.023892276 
370 114 9 11 0.023891363 
653 519 5 7 0.023887528 
410 629 6 7 0.023885429 
929 708 6 5 0.023883402 
851 654 6 8 0.023880376 
730 421 28 32 0.023875566 
473 628 6 7 0.023872068 
487 578 5 7 0.023869356 
243 631 27 27 0.023864334 
548 549 12 14 0.023862546 
895 487 8 10 0.02386132 
509 504 8 12 0.023861198 
994 25 27 28 0.023861032 
299 192 10 10 0.023859994 
722 720 30 31 0.023858128 
567 236 8 9 0.023857944 
505 411 9 11 0.02385704 
501 406 22 29 0.023852363 
869 681 7 7 0.023850866 
711 642 39 44 0.023846503 
620 506 7 8 0.023845298 
208 376 12 13 0.023844616 
890 39 6 11 0.023843877 
864 160 7 10 0.023840072 
503 527 11 13 0.023833197 
286 541 32 34 0.023832066 
876 251 6 7 0.0238317 
330 128 9 9 0.023829738 
492 524 9 10 0.023827003 
945 698 7 9 0.023826942 
474 17 90 107 0.023826776 
346 592 6 7 0.02382506 
645 574 10 11 0.02382246 
345 236 47 50 0.023822073 
324 212 11 9 0.023813516 
296 260 25 32 0.023810191 
917 102 6 10 0.023805227 
308 571 7 7 0.0238046 
401 424 23 31 0.023802409 
716 225 8 8 0.023801016 
729 558 21 27 0.02379378 
920 462 8 9 0.023785997 
909 642 7 6 0.023782382 
837 729 9 10 0.023781214 
419 313 12 11 0.023780446 
357 710 56 40 0.023779223 
765 428 10 12 0.02377347 
878 128 5 9 0.023764836 
349 575 10 11 0.02376326 
424 286 14 13 0.023762008 
216 617 27 28 0.023755267 
628 674 26 24 0.023753876 
30 461 7 10 0.023753606 
732 377 62 47 0.023752313 
189 378 11 10 0.023747252 
401 427 10 13 0.02374575 
325 610 22 28 0.023737593 
281 104 7 7 0.023736611 
839 654 7 9 0.023733357 
179 454 7 10 0.023724882 
274 81 50 51 0.023724401 
78 486 13 16 0.023722516 
300 578 7 7 0.023706805 
518 589 7 7 0.023706798 
606 484 11 13 0.023706583 
703 226 7 8 0.023703452 
276 318 29 33 0.023699824 
953 706 6 7 0.023695659 
251 497 24 26 0.023694841 
596 551 9 12 0.023693543 
698 425 6 6 0.023691915 
297 206 11 9 0.02369191 
178 496 22 30 0.023690565 
356 122 11 9 0.023688495 
408 402 9 13 0.023688192 
397 604 6 6 0.023685437 
869 594 8 10 0.023683166 
482 209 55 44 0.023681808 
229 186 46 41 0.023679009 
202 471 20 31 0.023671152 
535 96 11 12 0.023658479 
593 231 9 9 0.023657732 
334 618 49 50 0.023654768 
428 96 17 22 0.023653762 
549 115 9 10 0.02364739 
410 257 25 27 0.02364063 
217 519 6 9 0.023640143 
442 230 22 26 0.02363822 
714 554 10 12 0.023632115 
344 392 7 8 0.02362779 
600 217 9 9 0.023624502 
556 505 10 10 0.023619266 
455 367 7 7 0.023618123 
843 736 11 11 0.023615777 
106 505 21 31 0.023596039 
302 303 12 16 0.02359384 
217 494 7 11 0.023593297 
689 460 10 12 0.023589477 
947 712 5 7 0.023583654 
374 74 20 25 0.023583142 
484 322 32 37 0.023583038 
139 431 38 49 0.023581062 
446 167 28 34 0.023576085 
627 207 6 6 0.023573488 
306 633 9 10 0.023564557 
952 0 49 45 0.0235542 
177 595 26 27 0.023554046 
954 725 6 7 0.023552187 
312 109 8 9 0.023547178 
390 131 21 25 0.023546183 
811 435 8 10 0.023543745 
486 409 9 10 0.023543224 
393 199 24 23 0.02353906 
508 390 11 12 0.02353682 
211 467 7 11 0.023536233 
984 10 24 29 0.023532001 
914 467 8 10 0.023525078 
703 595 9 10 0.023520857 
609 471 24 25 0.023516707 
452 276 27 26 0.023515046 
715 705 32 24 0.0235114 
720 562 10 12 0.02351117 
107 230 9 11 0.023507925 
485 44 10 11 0.02350673 
512 57 8 11 0.023505248 
991 544 8 12 0.023496157 
671 527 7 8 0.023494504 
879 724 10 9 0.02349134 
786 398 9 8 0.023484875 
532 514 6 7 0.023484278 
528 578 8 9 0.023481434 
968 455 6 8 0.023476956 
414 86 11 16 0.02347358 
391 472 13 14 0.023472985 
866 562 25 27 0.02346865 
448 355 9 7 0.023466416 
720 504 10 12 0.023464678 
217 389 9 11 0.023457704 
579 576 22 24 0.02345724 
666 539 5 7 0.023456667 
608 232 7 7 0.023450775 
647 423 6 7 0.02344753 
690 570 7 9 0.023447428 
851 718 7 8 0.023434855 
504 496 9 10 0.023430286 
863 167 7 9 0.023428826 
856 666 7 9 0.023427822 
728 65 8 9 0.023425538 
873 742 13 12 0.023421956 
665 470 10 13 0.023414569 
140 326 99 112 0.023414366 
500 552 6 8 0.023409821 
654 546 5 8 0.023406519 
685 513 6 7 0.023406502 
334 208 55 55 0.023402153 
296 198 23 24 0.023402123 
711 65 7 7 0.023399718 
133 230 8 11 0.023398487 
153 531 7 12 0.023398012 
160 413 36 53 0.023397813 
318 103 23 21 0.023392 
453 699 8 7 0.023383118 
72 201 19 27 0.023381438 
509 420 23 31 0.023380551 
568 590 9 8 0.02337482 
357 236 25 28 0.023372278 
626 595 9 8 0.023369614 
331 704 8 10 0.023368152 
872 660 115 112 0.023365457 
569 233 7 7 0.023360135 
979 692 7 8 0.023357863 
766 257 9 9 0.023357462 
730 469 9 9 0.02335722 
791 433 10 13 0.02335232 
221 369 23 30 0.023351679 
304 427 13 14 0.023344735 
728 569 11 12 0.023343386 
679 520 6 7 0.023341844 
925 -2 26 19 0.02333905 
332 136 9 9 0.023334453 
865 154 6 10 0.023321522 
437 111 14 17 0.023320472 
409 77 9 10 0.023318551 
831 116 21 25 0.023314834 
463 75 12 18 0.023314683 
436 573 23 27 0.023307296 
203 455 22 30 0.023305206 
253 502 12 14 0.023302373 
915 44 9 17 0.023301406 
301 129 9 8 0.023295304 
321 747 129 111 0.023292638 
355 260 12 13 0.023280948 
719 454 26 26 0.023280606 
999 52 7 8 0.023276981 
874 734 14 13 0.023274625 
362 457 13 18 0.023272494 
319 597 8 7 0.023268204 
607 539 10 11 0.023267733 
345 687 7 7 0.02326234 
415 360 7 7 0.023260139 
240 507 12 16 0.023259925 
550 724 8 9 0.023258189 
945 429 9 11 0.023248972 
478 536 10 12 0.023245808 
902 -58 56 53 0.02324576 
89 211 8 10 0.023241367 
196 513 10 15 0.023237254 
482 452 12 16 0.023236843 
358 453 9 13 0.023233144 
763 602 7 9 0.023232516 
132 470 10 15 0.023230454 
113 166 9 13 0.023225788 
420 196 27 30 0.023224471 
587 596 8 10 0.023224426 
82 110 7 8 0.023219958 
646 620 10 10 0.023214191 
237 449 7 9 0.02320604 
716 627 9 11 0.02319735 
276 179 108 88 0.02319569 
75 192 9 12 0.023193112 
594 538 42 48 0.023191158 
698 431 7 7 0.023187688 
403 516 13 13 0.023187399 
895 500 7 9 0.023186758 
897 679 7 8 0.02318339 
555 498 11 10 0.023179093 
280 326 9 9 0.023176838 
859 687 6 7 0.023175769 
776 702 25 25 0.023171343 
307 687 6 7 0.023170194 
106 496 9 16 0.02316776 
397 144 21 25 0.02316696 
250 673 8 8 0.02316573 
985 57 8 11 0.02316524 
305 660 44 58 0.023160541 
708 428 11 10 0.023159714 
465 340 11 10 0.023158476 
676 564 8 9 0.02315819 
958 69 9 12 0.023154665 
598 253 20 25 0.023153834 
412 590 92 95 0.02315339 
121 198 8 11 0.023147253 
520 632 94 98 0.023146706 
643 537 43 50 0.023146305 
594 583 8 10 0.023136947 
426 518 10 12 0.023134544 
463 319 14 13 0.023128485 
671 520 6 7 0.023121402 
695 700 29 24 0.023120735 
493 537 8 10 0.023116542 
511 115 8 11 0.02311355 
419 112 92 101 0.023107912 
510 435 8 11 0.023107039 
605 594 9 10 0.023104789 
312 672 21 24 0.023100687 
431 272 14 14 0.023098735 
295 570 27 26 0.023098376 
107 170 9 14 0.023097085 
652 487 7 8 0.023088798 
451 258 63 50 0.023087382 
156 451 36 52 0.023086483 
311 173 10 10 0.02307969 
884 167 5 9 0.02307647 
709 443 9 8 0.023068322 
881 590 9 10 0.023062563 
340 385 7 8 0.023057416 
516 511 21 27 0.023049401 
256 597 6 7 0.023048269 
297 503 22 26 0.023047956 
813 603 7 9 0.023046581 
96 173 8 10 0.023038827 
481 597 5 7 0.023034768 
507 471 22 27 0.023033787 
895 730 8 9 0.023029817 
115 516 20 31 0.023028016 
851 650 5 7 0.023027103 
448 642 7 6 0.02302191 
94 224 20 23 0.023019169 
299 589 9 9 0.023018263 
405 478 23 25 0.023016931 
871 65 6 9 0.023009464 
285 330 11 14 0.023002641 
504 57 9 10 0.023000674 
95 225 8 9 0.022995194 
599 469 8 9 0.022989485 
953 698 7 9 0.022984173 
281 181 47 45 0.022983553 
352 685 8 8 0.022980288 
922 695 5 5 0.022976814 
730 379 16 15 0.022971127 
651 476 8 7 0.022969974 
203 426 20 28 0.022968957 
658 409 10 11 0.022962919 
609 570 6 8 0.022952046 
465 633 8 10 0.0229513 
246 491 13 13 0.022947084 
504 283 9 9 0.0229404 
516 33 9 9 0.022939507 
215 419 21 27 0.022939155 
978 72 20 31 0.022932736 
664 480 10 12 0.022927282 
727 619 9 13 0.022925675 
609 500 7 10 0.02292484 
531 602 6 8 0.022917025 
652 481 7 8 0.022913847 
978 1 23 24 0.022905568 
516 407 12 15 0.022903686 
492 64 8 9 0.022900125 
38 468 7 9 0.022898408 
748 553 10 13 0.02289432 
704 480 8 10 0.022889415 
184 496 10 14 0.022886055 
398 380 23 30 0.022881927 
915 725 7 7 0.022880455 
671 538 6 8 0.022880116 
786 327 8 8 0.022877803 
618 543 8 11 0.022875981 
890 674 6 7 0.022869661 
652 539 5 6 0.022866102 
618 482 8 8 0.022862293 
114 218 8 10 0.022857618 
842 723 10 10 0.022855729 
404 705 6 6 0.022853205 
197 525 9 13 0.022852639 
655 418 26 28 0.022851394 
555 441 23 30 0.02285104 
620 263 6 9 0.022847066 
837 722 9 11 0.022846894 
195 382 13 13 0.022844078 
374 484 41 46 0.022841653 
352 448 8 10 0.022838855 
522 449 23 32 0.022838453 
165 605 30 24 0.02283033 
555 244 9 10 0.022826485 
928 695 6 5 0.022822717 
582 199 8 7 0.022821981 
692 66 6 7 0.022819657 
654 516 4 6 0.022817267 
446 584 7 8 0.022815358 
82 183 9 12 0.022812808 
901 112 7 14 0.022812637 
186 356 48 57 0.02280796 
633 578 7 8 0.022804597 
358 659 9 9 0.022803044 
424 361 6 6 0.022801824 
540 392 12 16 0.022800408 
471 56 10 12 0.022800101 
312 225 10 9 0.022795593 
527 82 11 12 0.022789158 
481 572 6 7 0.022788564 
420 262 10 10 0.022788357 
529 194 47 46 0.022787632 
857 199 8 9 0.022787564 
517 411 24 32 0.022783753 
848 -49 24 21 0.022773944 
938 498 7 11 0.022769574 
145 234 25 30 0.022767449 
176 523 11 17 0.022759523 
798 482 12 18 0.022759095 
445 294 12 12 0.02275762 
491 83 10 13 0.022757417 
302 291 24 26 0.02275711 
535 511 21 26 0.022754679 
804 487 11 19 0.022754563 
727 626 9 12 0.022750508 
543 225 7 9 0.02274848 
723 582 8 10 0.022744758 
95 186 10 11 0.0227446 
414 38 9 10 0.022743316 
216 479 8 11 0.02274063 
978 689 18 27 0.02273231 
807 449 7 9 0.022729246 
390 635 7 7 0.022726197 
304 608 10 11 0.022719579 
907 -28 53 50 0.022719009 
998 20 7 8 0.02271626 
726 531 9 11 0.022715576 
488 660 9 10 0.02271383 
787 250 7 8 0.022710927 
339 -137 269 134 0.022710305 
865 103 6 9 0.022707215 
238 455 6 9 0.022706782 
509 396 11 12 0.02270666 
497 288 10 10 0.022705903 
958 448 7 9 0.022699889 
814 417 7 10 0.022699753 
389 416 9 11 0.022696784 
453 257 9 12 0.022696603 
770 583 21 22 0.022695975 
940 564 122 113 0.022695906 
164 542 39 59 0.022695674 
601 578 6 7 0.022691784 
542 381 24 28 0.022688292 
408 58 8 9 0.022679849 
413 382 10 14 0.022673829 
676 713 23 22 0.02267266 
484 246 31 29 0.022672407 
342 255 10 12 0.022663923 
902 95 5 10 0.022663116 
697 418 7 7 0.022660028 
934 84 6 10 0.022659224 
398 451 5 7 0.022658559 
914 736 9 11 0.022657124 
424 407 14 15 0.022646856 
838 659 7 10 0.022646029 
967 442 7 9 0.02263017 
444 514 27 26 0.022625543 
715 690 10 11 0.022624906 
634 508 6 7 0.022621324 
518 222 25 28 0.022620343 
415 427 9 13 0.022620238 
498 384 9 11 0.022619635 
501 390 12 14 0.022618098 
83 249 19 26 0.0226105 
792 492 10 17 0.022610292 
341 611 5 6 0.022609012 
231 462 7 9 0.022607012 
575 602 7 9 0.02260631 
316 441 12 13 0.02260611 
817 634 8 9 0.02260474 
446 229 10 16 0.022603586 
566 245 22 27 0.022602791 
388 74 22 28 0.022602713 
639 562 9 10 0.022602059 
572 515 11 14 0.022601161 
888 723 9 10 0.022600707 
215 90 23 25 0.022600679 
857 129 6 8 0.022598395 
620 206 7 7 0.022598019 
494 565 4 7 0.022592133 
343 698 9 11 0.02258498 
766 397 8 9 0.022579243 
597 530 11 11 0.022576043 
905 505 20 28 0.022569513 
310 545 14 16 0.022567518 
397 617 8 6 0.022566382 
324 178 12 12 0.022564244 
922 707 5 5 0.022558186 
817 590 8 9 0.02255512 
518 40 8 8 0.022554372 
235 89 24 23 0.022552729 
865 687 5 6 0.022551749 
410 102 8 11 0.02255048 
764 394 88 107 0.022546675 
679 71 6 7 0.022545679 
727 421 11 14 0.022539247 
945 742 10 12 0.022537936 
987 52 6 9 0.022532914 
698 442 8 9 0.022530284 
518 655 7 7 0.02252911 
120 93 10 13 0.022524664 
5 652 21 33 0.022522803 
730 216 102 111 0.022518426 
608 584 6 8 0.022517007 
163 469 19 29 0.022515949 
127 217 7 11 0.022515383 
877 83 6 11 0.022514656 
536 493 23 30 0.02251278 
382 480 27 25 0.022512296 
950 -51 12 12 0.022508545 
915 91 19 31 0.022502352 
38 455 6 9 0.022499112 
333 392 8 8 0.022497794 
652 653 10 9 0.02249515 
906 723 9 9 0.022494435 
81 203 8 11 0.022494057 
958 -131 107 113 0.022487745 
884 128 5 9 0.022487337 
318 367 11 14 0.022486309 
706 538 7 9 0.022481238 
497 108 8 13 0.022478491 
464 559 23 26 0.022474699 
767 263 8 8 0.022469461 
856 672 6 9 0.022469284 
971 2 7 7 0.022459704 
488 583 5 8 0.02245643 
659 488 7 8 0.022452777 
309 122 10 9 0.0224497 
574 554 24 27 0.022448698 
201 202 25 24 0.022448692 
578 486 20 24 0.022444418 
541 457 11 16 0.02244073 
10 510 13 16 0.022439955 
594 500 8 8 0.022438927 
902 48 7 15 0.022433177 
250 591 7 7 0.022432135 
459 317 33 30 0.022429466 
805 461 7 10 0.022424925 
469 469 26 30 0.022413742 
1004 514 8 11 0.022406274 
894 104 15 29 0.022406017 
79 217 20 25 0.022394855 
526 553 7 8 0.022392925 
203 635 28 28 0.022392515 
536 451 24 34 0.022390166 
385 679 43 48 0.022387767 
563 594 20 24 0.022384766 
878 71 5 8 0.022382168 
365 411 8 9 0.022381198 
443 206 20 26 0.02237951 
165 490 7 13 0.022373138 
342 224 25 28 0.0223719 
614 564 6 8 0.022369197 
730 610 10 15 0.022365725 
878 123 5 8 0.022364805 
675 690 13 14 0.022364547 
90 164 20 27 0.022363996 
510 535 22 29 0.022362784 
922 82 7 12 0.022353122 
286 610 26 30 0.022352802 
493 532 6 9 0.022352396 
149 496 18 35 0.022348318 
925 -45 12 12 0.022346834 
490 298 11 12 0.022338636 
349 667 8 9 0.022334237 
728 500 9 11 0.022333624 
884 585 8 7 0.022331469 
429 84 17 21 0.022330703 
426 430 27 29 0.022327336 
866 734 13 13 0.022326836 
258 223 15 13 0.022325126 
631 596 8 7 0.022324061 
67 183 21 27 0.022323903 
831 653 7 10 0.022322793 
972 466 7 12 0.022319647 
373 602 44 49 0.022314241 
383 47 7 7 0.02231019 
422 518 23 23 0.022307651 
338 357 9 12 0.022304522 
309 110 25 22 0.022302698 
869 709 9 11 0.02229631 
601 212 9 9 0.022292966 
469 152 13 14 0.022290545 
153 524 7 11 0.022290444 
877 147 6 9 0.022289298 
857 160 7 10 0.022288732 
887 742 12 12 0.02228345 
945 58 12 13 0.022274999 
448 444 25 28 0.022273997 
699 320 109 103 0.022273831 
716 576 9 11 0.022273332 
536 69 9 10 0.022271655 
693 490 25 27 0.022271633 
498 601 6 9 0.022270804 
356 422 9 10 0.022270659 
849 572 25 27 0.022261377 
960 91 6 9 0.022261 
453 525 9 8 0.022246625 
238 365 7 9 0.022242209 
437 286 14 14 0.022238411 
513 564 6 7 0.022237912 
594 213 9 8 0.022236412 
522 457 48 52 0.022231186 
80 197 20 25 0.022229487 
707 455 11 13 0.022223113 
310 570 27 24 0.022220697 
438 439 12 14 0.022218902 
280 516 10 12 0.022213094 
843 160 9 10 0.022213038 
414 389 10 14 0.022204055 
117 449 19 27 0.022197163 
703 583 8 10 0.02219073 
888 730 9 9 0.02218789 
216 661 50 61 0.022185983 
998 535 9 12 0.02218556 
441 366 7 7 0.022184648 
841 728 23 25 0.022176068 
676 564 38 44 0.022173889 
950 78 22 34 0.022170858 
784 511 12 16 0.02216993 
278 310 12 13 0.02216518 
473 396 8 11 0.022162395 
495 572 4 5 0.022161724 
728 389 11 11 0.022159075 
695 473 10 11 0.022154452 
408 413 10 15 0.02215438 
959 -10 18 20 0.022153983 
490 508 12 17 0.022152606 
992 12 8 11 0.022148177 
442 642 6 6 0.022148116 
438 332 13 11 0.022145338 
376 271 11 9 0.022144388 
217 488 7 10 0.022136983 
557 608 7 10 0.022134934 
446 248 10 11 0.022133464 
953 462 7 11 0.022129064 
330 690 10 11 0.02212738 
1004 52 9 11 0.022126514 
700 583 20 23 0.022123793 
462 649 6 6 0.022119956 
639 621 56 52 0.02211687 
625 524 9 9 0.022116316 
127 198 9 11 0.022114538 
799 269 7 9 0.022113724 
224 384 25 31 0.02210738 
436 91 16 20 0.022104574 
305 212 10 9 0.022100871 
922 520 7 8 0.022088503 
272 545 13 16 0.022085177 
880 712 8 9 0.022084283 
785 491 10 14 0.022079874 
407 472 11 13 0.022075988 
624 487 27 24 0.022075603 
580 575 8 9 0.022070799 
305 511 10 12 0.022070292 
103 355 42 55 0.022070173 
779 397 8 8 0.022067357 
824 107 21 25 0.022063395 
512 106 21 26 0.022063099 
403 53 7 8 0.022063041 
392 340 27 29 0.022050869 
586 641 7 8 0.022050157 
747 460 9 11 0.022050017 
972 449 7 9 0.022048052 
501 297 13 14 0.02204799 
804 -49 24 21 0.022041427 
529 633 8 8 0.022039823 
797 406 19 28 0.022039633 
638 544 9 10 0.022035126 
430 537 10 11 0.022034293 
181 189 16 16 0.022034276 
492 487 8 10 0.022029579 
101 464 9 15 0.022028012 
331 377 9 11 0.022024848 
521 554 23 27 0.02202412 
258 129 96 100 0.022021694 
276 573 30 29 0.022020638 
278 709 49 43 0.022020422 
468 528 6 6 0.022013128 
663 500 8 10 0.022012506 
704 552 7 8 0.02199893 
294 685 7 9 0.021997575 
932 741 11 12 0.021995356 
518 520 7 9 0.02199281 
722 231 8 8 0.021990398 
987 699 5 8 0.021989575 
923 714 5 5 0.021988431 
878 238 6 8 0.021986416 
740 451 24 30 0.021986233 
131 457 12 16 0.021982623 
978 448 7 9 0.021980856 
317 621 21 24 0.021978378 
303 600 23 27 0.021976557 
359 585 6 7 0.021970412 
520 532 6 9 0.02196826 
369 516 29 25 0.021966297 
382 191 105 99 0.021966135 
604 674 62 49 0.021964883 
332 622 8 9 0.021963738 
536 89 9 11 0.021962708 
888 736 10 11 0.021957904 
977 538 13 16 0.021954013 
614 505 9 11 0.021953925 
345 430 45 55 0.021952657 
560 505 13 12 0.02195082 
674 450 11 15 0.021950271 
384 263 27 24 0.021949755 
868 218 9 11 0.021947876 
780 397 52 55 0.021947611 
761 594 8 12 0.021946311 
886 494 21 26 0.021946149 
260 192 9 9 0.02194106 
962 724 6 8 0.021938741 
407 140 27 29 0.021934852 
318 154 21 22 0.02193125 
936 -10 22 21 0.021929268 
330 658 19 22 0.021926494 
149 2 51 51 0.021919183 
214 453 45 55 0.02191707 
121 166 8 11 0.021898787 
785 467 10 13 0.02189129 
535 434 10 12 0.021883952 
41 499 13 15 0.0218839 
987 686 6 8 0.021882607 
194 614 31 31 0.021880379 
913 742 11 12 0.021874858 
81 217 9 12 0.021864893 
306 97 8 8 0.021864552 
601 207 7 6 0.021862451 
331 206 10 9 0.021852436 
423 733 5 5 0.021852287 
127 204 8 10 0.021850744 
697 411 7 8 0.021850169 
876 673 7 8 0.02184948 
439 407 11 13 0.021845985 
896 55 18 35 0.021839282 
323 408 13 13 0.021839272 
725 451 14 15 0.021835094 
907 29 7 14 0.021831235 
526 514 5 6 0.021827942 
122 205 7 10 0.02182085 
564 220 7 7 0.021810435 
789 437 22 30 0.021810312 
705 497 23 26 0.021804623 
716 468 9 10 0.021800123 
214 209 26 22 0.021799458 
486 545 8 10 0.021799358 
352 398 6 8 0.021795768 
297 309 14 16 0.021793723 
428 348 7 7 0.021792311 
460 573 24 28 0.02178551 
836 -49 23 21 0.021785395 
555 597 96 96 0.021785108 
279 537 11 14 0.021784605 
548 436 9 12 0.02178225 
384 610 7 6 0.021780629 
694 463 25 28 0.021767935 
749 607 21 27 0.021766404 
730 398 7 8 0.02176502 
846 711 7 9 0.021764787 
429 385 8 11 0.021757973 
409 495 9 10 0.021755433 
439 185 11 14 0.021750866 
634 551 7 8 0.021750586 
123 262 21 25 0.021749664 
451 51 24 24 0.021747628 
922 442 6 8 0.021742618 
462 603 6 8 0.021739673 
241 486 10 11 0.021735992 
875 584 8 9 0.021733664 
937 -51 13 12 0.021729201 
330 428 12 14 0.021724643 
479 388 9 12 0.021723703 
1000 693 28 23 0.021716265 
307 699 7 7 0.0217152 
426 230 24 24 0.021708565 
296 211 12 10 0.021701837 
383 251 8 8 0.02169885 
313 241 27 31 0.021698745 
723 64 8 9 0.021690506 
621 525 8 9 0.021689137 
301 544 16 18 0.021688053 
870 699 7 7 0.021687396 
581 519 11 11 0.021679824 
173 409 22 32 0.02167679 
345 365 8 10 0.02167489 
902 76 7 12 0.021674205 
356 96 11 11 0.0216666 
739 611 10 15 0.02166625 
652 424 7 8 0.02166589 
525 591 6 6 0.021663064 
120 569 8 10 0.021660507 
318 704 19 22 0.021655213 
452 244 13 17 0.021649929 
526 621 7 8 0.021648308 
607 212 8 8 0.02164659 
328 340 23 32 0.021644909 
416 738 8 7 0.021642016 
831 699 7 8 0.02164129 
901 729 9 10 0.021637734 
90 257 7 9 0.021636268 
404 119 20 30 0.021633824 
698 488 82 95 0.021633653 
916 23 20 32 0.02163234 
725 490 21 28 0.02163194 
331 518 11 12 0.021628506 
684 60 6 6 0.021628315 
587 584 8 9 0.02162469 
500 559 5 7 0.02162384 
479 64 8 11 0.02162136 
536 229 10 12 0.021619853 
306 103 8 8 0.021618847 
908 647 7 8 0.02161866 
661 418 7 8 0.021617597 
696 208 51 50 0.021615313 
865 668 5 6 0.021611104 
665 461 9 11 0.021609997 
331 660 8 9 0.021606123 
319 571 8 8 0.021600042 
542 422 9 12 0.0215992 
416 439 22 33 0.021597642 
408 69 9 11 0.021595769 
1012 533 7 9 0.021595648 
704 239 7 7 0.021595282 
461 374 7 8 0.021594398 
839 641 8 10 0.021591043 
454 629 7 8 0.021590525 
384 630 7 7 0.021583535 
402 38 8 10 0.02158278 
926 699 21 24 0.021579443 
127 229 8 12 0.021577148 
270 241 14 16 0.021575414 
342 216 12 12 0.021574782 
421 71 8 11 0.021572629 
132 94 10 12 0.02157092 
641 54 40 48 0.021566497 
172 708 58 42 0.02155944 
877 698 8 9 0.021559129 
359 704 11 11 0.021558592 
338 366 9 10 0.021554317 
396 33 8 9 0.021554165 
215 457 10 14 0.021552581 
400 295 59 49 0.021550465 
163 554 10 14 0.021549426 
273 402 12 12 0.021539448 
338 84 9 8 0.021532396 
336 445 13 16 0.021530418 
944 1 10 9 0.021529477 
330 468 10 12 0.021529447 
634 206 7 7 0.021520102 
953 514 7 8 0.021517651 
606 194 8 8 0.021511896 
297 286 12 15 0.02150934 
85 102 22 25 0.021508785 
446 346 33 32 0.021508427 
519 82 23 23 0.021507168 
396 39 8 9 0.021506917 
389 609 8 7 0.021505376 
527 47 22 23 0.021504495 
966 713 5 7 0.021501485 
340 629 6 8 0.021499978 
351 585 8 8 0.021499027 
309 406 12 16 0.021488776 
979 1 8 7 0.021486778 
465 212 25 28 0.021484608 
399 472 12 14 0.021483485 
337 205 11 10 0.021481676 
464 64 11 13 0.02148141 
259 686 51 52 0.021481184 
365 493 29 29 0.021474283 
305 173 10 9 0.021472255 
250 596 6 8 0.021471048 
921 499 8 13 0.02146723 
472 543 9 10 0.021465141 
307 565 8 8 0.021462884 
707 565 22 27 0.021457346 
408 388 11 15 0.021454563 
803 682 22 27 0.021445846 
105 498 42 63 0.021440653 
319 604 8 7 0.021439953 
302 694 6 7 0.021439921 
898 32 19 39 0.021438802 
733 547 11 13 0.021438321 
278 122 9 9 0.02143809 
263 502 23 26 0.021437861 
946 453 8 13 0.02143469 
133 236 8 12 0.02143353 
819 102 7 11 0.02143041 
694 718 11 8 0.02142936 
271 222 15 12 0.021424001 
178 265 44 52 0.021420551 
613 461 25 23 0.021419398 
330 511 10 13 0.02141596 
911 680 6 7 0.021415466 
843 741 65 52 0.021415347 
990 62 26 34 0.02141 
989 -38 12 11 0.021408482 
677 724 9 9 0.021408143 
474 404 7 10 0.021406874 
428 262 10 10 0.021406518 
910 688 6 6 0.021405496 
466 628 8 9 0.021404278 
364 640 7 8 0.021403866 
872 246 5 7 0.02140158 
735 399 8 7 0.021399427 
429 375 6 7 0.0213988 
297 293 14 17 0.02139667 
663 578 11 9 0.021396566 
0 525 18 35 0.02138833 
454 642 7 6 0.021385087 
273 263 11 10 0.021384893 
38 461 7 9 0.02138238 
927 498 9 13 0.02137983 
222 432 10 14 0.021379102 
304 538 11 12 0.021377275 
587 217 9 9 0.02137714 
655 460 10 12 0.021375401 
575 584 7 8 0.021368906 
157 469 10 17 0.021368023 
567 499 11 11 0.02136777 
356 717 10 9 0.021366386 
323 442 12 13 0.021361459 
282 651 101 107 0.021361329 
891 162 5 8 0.021357458 
355 657 21 23 0.021353677 
365 605 5 5 0.02135142 
710 448 9 11 0.021343425 
744 549 20 25 0.021342061 
697 70 7 9 0.021338116 
351 405 7 8 0.021336718 
543 238 6 9 0.021334982 
852 686 6 7 0.02133368 
267 623 30 31 0.02133249 
1009 63 8 11 0.021331267 
681 544 20 26 0.021314532 
589 -155 498 272 0.021313574 
486 623 6 7 0.021312773 
899 191 18 37 0.021309005 
778 465 21 27 0.02130799 
408 313 12 10 0.021307006 
852 711 6 9 0.021300953 
908 0 7 10 0.021298697 
436 349 6 7 0.021298064 
132 256 9 14 0.021298032 
705 225 22 21 0.021297866 
486 65 8 9 0.021296298 
473 495 20 28 0.021295361 
707 461 26 26 0.021291772 
569 220 8 7 0.021291416 
946 461 7 11 0.021290105 
292 198 11 11 0.021288563 
184 505 9 13 0.021287436 
852 680 6 8 0.021286318 
787 257 8 8 0.021285826 
614 205 8 8 0.02128288 
527 541 5 7 0.021280712 
852 657 7 10 0.021277474 
979 76 7 12 0.0212769 
891 91 5 8 0.02127566 
447 366 7 8 0.021271473 
653 500 6 9 0.021270197 
492 629 7 7 0.021270057 
947 706 5 7 0.021268826 
928 714 5 5 0.021268608 
916 449 5 8 0.021268426 
491 453 10 13 0.02126723 
365 621 6 8 0.021262903 
329 438 14 16 0.021260506 
709 620 8 10 0.021259064 
331 191 10 11 0.021258535 
243 443 6 8 0.021256715 
524 507 6 7 0.021251852 
293 572 7 7 0.021250525 
541 404 10 12 0.021243624 
315 617 6 7 0.0212313 
89 231 7 9 0.021227738 
540 590 7 8 0.021223694 
508 579 5 6 0.021222033 
113 204 8 11 0.021217426 
913 139 17 37 0.021217048 
876 71 18 32 0.02121622 
530 434 10 12 0.021213975 
854 -44 13 11 0.021210881 
114 198 8 11 0.021208417 
297 530 13 13 0.021205215 
772 269 8 9 0.021204097 
255 674 7 7 0.021200532 
198 435 8 11 0.021198362 
457 586 5 6 0.021192865 
733 452 11 12 0.021192158 
907 730 9 9 0.021191409 
506 590 6 7 0.02119051 
658 533 6 6 0.021190163 
992 530 7 11 0.021190058 
312 231 10 9 0.02119004 
424 323 32 29 0.021185217 
292 498 11 16 0.021185098 
599 345 22 25 0.021182904 
851 128 7 9 0.02118163 
513 559 5 7 0.021181257 
792 250 7 8 0.021180179 
505 120 8 13 0.021179108 
716 614 7 11 0.021178713 
358 442 9 11 0.021177534 
900 736 21 22 0.021177383 
729 245 8 8 0.021177104 
607 484 25 26 0.021176992 
883 688 7 7 0.02117423 
461 635 7 8 0.021173453 
416 731 7 7 0.021172794 
711 47 7 6 0.021171616 
94 -139 257 130 0.02117065 
319 212 9 9 0.021170026 
81 477 12 14 0.021169094 
260 198 10 10 0.021168698 
708 480 43 55 0.021168662 
337 647 18 23 0.021168604 
200 216 12 13 0.021167902 
550 475 8 10 0.021167684 
206 360 25 27 0.021164294 
461 526 7 7 0.021162165 
461 725 8 7 0.02116095 
691 468 9 11 0.02115905 
323 121 12 12 0.021158878 
749 614 8 11 0.021156536 
873 589 20 24 0.021156365 
651 410 9 10 0.02115444 
541 191 20 24 0.021152068 
740 592 18 27 0.021152012 
159 550 9 13 0.021151448 
343 440 12 14 0.021149427 
791 -49 24 21 0.021146249 
415 77 10 12 0.021145426 
915 688 6 6 0.021140797 
915 731 7 8 0.021133754 
870 102 7 11 0.021129496 
259 204 11 12 0.021127054 
608 226 8 8 0.02112355 
415 65 9 10 0.02111865 
209 528 10 14 0.021118013 
338 372 8 10 0.021116054 
639 481 9 8 0.021113923 
503 539 8 11 0.021113176 
637 607 10 10 0.021112816 
291 345 44 58 0.02111208 
498 64 8 10 0.021110844 
865 186 35 59 0.021110628 
303 517 24 25 0.021110289 
910 64 5 10 0.021103822 
613 386 27 26 0.02110307 
768 83 7 9 0.02110275 
916 82 6 13 0.021100013 
657 578 9 9 0.021097466 
942 700 7 7 0.021091964 
291 328 13 16 0.021089109 
236 441 8 11 0.021087976 
574 493 10 12 0.021086333 
331 212 11 10 0.021082575 
594 404 23 24 0.021073181 
729 231 8 9 0.0210703 
948 -20 19 23 0.021070253 
411 625 5 6 0.021069136 
723 263 8 8 0.021067904 
460 519 8 8 0.021067647 
703 670 20 27 0.021057753 
365 241 62 51 0.02105301 
793 485 8 14 0.021046693 
940 76 8 11 0.02104271 
332 690 21 24 0.021041678 
910 50 6 13 0.02104151 
846 654 7 10 0.021039926 
561 602 7 10 0.021038035 
297 248 10 13 0.021034189 
890 103 5 9 0.021033198 
189 208 44 43 0.021030901 
381 120 10 12 0.02102666 
541 96 9 11 0.0210263 
632 469 10 8 0.021026198 
121 153 8 11 0.021025192 
371 692 8 7 0.021025069 
796 451 20 28 0.021023152 
542 429 9 10 0.02102047 
516 248 12 12 0.021017995 
708 736 11 10 0.021014139 
114 160 8 10 0.02100967 
654 551 7 8 0.021007182 
541 65 9 9 0.021006105 
772 319 9 11 0.021004543 
709 498 10 10 0.021001313 
692 671 53 48 0.020998837 
900 531 9 10 0.02099858 
517 441 9 11 0.020997925 
311 180 9 10 0.020996023 
722 238 8 8 0.02099494 
807 608 6 9 0.020991357 
694 599 43 50 0.020989684 
462 299 15 13 0.020989621 
458 311 12 12 0.020989193 
177 394 20 28 0.020981928 
827 727 25 27 0.020978944 
265 198 47 42 0.020978441 
402 719 7 6 0.020975908 
103 163 17 25 0.020971535 
735 632 9 11 0.020970916 
468 87 13 18 0.020970006 
6 691 7 13 0.020967877 
191 525 9 13 0.020965053 
182 212 25 28 0.020963946 
877 231 7 9 0.020962993 
964 698 6 9 0.020962868 
67 189 11 15 0.020958282 
375 120 10 12 0.02095722 
799 427 9 12 0.020956697 
714 675 24 25 0.020955093 
516 575 8 10 0.02095206 
90 110 8 8 0.020949937 
498 33 8 9 0.020949582 
377 623 6 6 0.020949045 
312 678 7 9 0.020948144 
858 135 7 9 0.020947887 
779 250 8 8 0.020946084 
101 203 18 24 0.020945586 
595 206 7 8 0.020945163 
923 404 5 9 0.020944929 
250 360 7 8 0.020944852 
421 205 9 10 0.020944193 
315 688 5 6 0.020943064 
553 238 44 56 0.020942904 
571 610 6 7 0.020935671 
201 454 11 18 0.020932525 
722 225 8 7 0.020932468 
292 191 11 11 0.020931667 
471 339 11 11 0.02093109 
302 688 6 6 0.02093104 
715 65 8 8 0.020927513 
697 66 7 8 0.020926023 
551 622 6 7 0.02092583 
467 535 7 6 0.020924743 
509 101 9 14 0.020922989 
346 132 98 92 0.020921525 
692 567 19 24 0.02091963 
890 65 6 10 0.020917647 
861 -50 23 22 0.020917295 
658 549 8 10 0.02091625 
325 135 9 8 0.020911118 
389 72 8 9 0.020910297 
401 68 10 12 0.020910082 
474 545 95 109 0.020900618 
977 472 8 12 0.020896621 
409 434 9 12 0.020896144 
304 530 12 13 0.020893726 
350 224 9 10 0.020891562 
80 459 12 15 0.020881226 
650 465 10 11 0.020880004 
645 482 8 8 0.020878281 
451 120 13 18 0.020875638 
325 302 10 10 0.02087259 
617 269 86 108 0.02087171 
120 410 80 97 0.020866916 
508 249 13 12 0.02086603 
363 116 9 10 0.020859202 
793 321 8 9 0.020856503 
318 684 21 21 0.02085362 
202 472 9 13 0.020853076 
745 474 11 13 0.020848505 
747 504 24 34 0.020848462 
344 445 24 30 0.020846603 
301 565 7 7 0.02084485 
391 38 88 82 0.020841049 
550 533 9 9 0.020840447 
606 217 10 9 0.020833544 
229 363 8 11 0.020830655 
216 524 7 11 0.020825978 
779 608 44 53 0.020821696 
689 507 9 9 0.020820646 
901 500 8 9 0.020819163 
426 32 10 11 0.020816743 
345 373 7 8 0.020816665 
517 511 7 9 0.0208115 
463 56 12 13 0.020811118 
396 527 27 25 0.020807542 
71 354 88 120 0.020806054 
423 738 6 7 0.020805905 
452 283 10 10 0.020804828 
648 545 5 6 0.020804806 
607 562 8 10 0.020803438 
164 388 23 28 0.020801043 
511 121 8 11 0.02079807 
527 378 79 102 0.020797031 
615 500 9 10 0.020796157 
227 636 49 60 0.020795992 
762 608 7 9 0.020795928 
401 414 10 13 0.020792495 
863 724 10 11 0.020786773 
983 -10 24 22 0.020780947 
478 515 23 29 0.020780383 
407 368 24 29 0.020780122 
296 217 12 11 0.020775605 
973 91 7 11 0.020774318 
312 590 9 9 0.020774286 
484 39 11 9 0.02077388 
421 58 27 29 0.020773776 
901 493 8 11 0.020772971 
888 487 9 10 0.020772368 
133 248 9 14 0.020770956 
524 56 9 12 0.020768242 
787 262 8 10 0.02076628 
720 461 11 11 0.020765295 
524 70 10 11 0.020764278 
542 538 7 8 0.020759722 
203 434 8 12 0.020758761 
279 186 10 9 0.02075413 
505 22 23 26 0.020752449 
198 406 22 28 0.020751784 
420 413 12 16 0.020750832 
337 190 10 12 0.020750452 
882 80 19 32 0.020749928 
826 634 6 9 0.020749671 
603 238 7 7 0.020746775 
230 467 8 9 0.020744896 
120 172 8 12 0.020743933 
953 487 7 8 0.020743607 
291 494 114 93 0.02073715 
652 495 6 7 0.020734107 
243 482 7 7 0.020733368 
145 440 10 15 0.020730559 
345 665 19 23 0.02073024 
910 122 5 10 0.020726964 
634 557 7 9 0.02072421 
338 258 25 29 0.020719206 
555 12 108 106 0.020716352 
978 295 8 9 0.020715216 
777 486 10 13 0.02069886 
844 129 7 8 0.020698108 
400 397 24 30 0.020697514 
202 245 32 26 0.02069724 
936 0 12 10 0.02069571 
61 459 13 12 0.020694839 
517 115 9 11 0.020693973 
316 687 45 47 0.020687567 
721 498 9 11 0.020685058 
349 121 11 11 0.020683505 
899 -51 24 25 0.020680524 
935 494 7 11 0.020679755 
332 109 10 9 0.020677367 
594 471 9 11 0.020675305 
666 546 6 8 0.020674169 
791 244 9 9 0.020673262 
479 526 8 10 0.02067243 
877 64 6 9 0.020669926 
150 477 18 30 0.020664953 
511 454 8 10 0.020662222 
911 695 5 5 0.020660872 
574 516 48 48 0.020658642 
511 654 7 7 0.020654311 
883 668 46 52 0.02065195 
736 405 7 7 0.020651145 
729 639 8 11 0.020648789 
563 414 22 33 0.020647557 
173 510 8 14 0.020645779 
806 441 9 10 0.020645548 
511 539 7 8 0.020645162 
256 552 32 32 0.020644052 
485 532 8 10 0.020643337 
130 251 21 29 0.020642819 
715 589 8 11 0.02064213 
445 286 12 12 0.02064121 
189 383 11 11 0.020634856 
499 725 8 6 0.02063317 
806 691 9 9 0.020625368 
422 354 7 6 0.02062499 
228 409 23 33 0.02062157 
564 670 59 50 0.020620504 
894 524 10 13 0.020615544 
706 698 9 10 0.020613497 
773 400 20 20 0.020613095 
377 219 8 8 0.020611135 
245 356 31 33 0.020608937 
376 696 12 10 0.020606821 
529 407 12 14 0.020606063 
718 516 20 28 0.020602604 
710 427 28 27 0.020600136 
345 398 6 8 0.020598698 
502 269 12 11 0.020597048 
857 217 8 10 0.020596799 
279 317 10 12 0.020594133 
521 485 47 54 0.020593354 
838 161 8 9 0.020592168 
569 449 7 9 0.02059157 
421 58 9 10 0.020588245 
376 262 10 10 0.020585677 
901 173 7 13 0.020585584 
417 374 7 7 0.020582505 
578 589 23 24 0.020578444 
504 401 10 12 0.020575142 
729 550 8 9 0.02057424 
748 263 8 8 0.020573845 
752 742 12 12 0.020573834 
684 90 7 8 0.02057138 
446 617 8 8 0.02056804 
878 117 5 8 0.020564852 
141 83 8 9 0.02056178 
929 11 14 14 0.02055683 
401 134 9 13 0.020555459 
909 185 17 34 0.020555044 
942 507 5 9 0.020551426 
503 610 8 8 0.0205494 
295 706 6 7 0.020535149 
76 505 9 13 0.02053418 
172 478 20 30 0.020523433 
682 473 11 13 0.020522507 
732 432 13 16 0.020521319 
353 386 6 8 0.020520067 
536 221 45 51 0.020519996 
927 737 9 10 0.020517662 
550 498 8 11 0.020517351 
140 157 36 49 0.020514766 
804 576 9 13 0.02051389 
422 52 9 8 0.020513816 
275 705 7 8 0.020507056 
129 137 81 92 0.020502625 
968 450 5 8 0.02049843 
714 436 11 11 0.020498058 
304 173 21 24 0.020497592 
897 118 17 32 0.020494163 
209 531 23 33 0.020493776 
759 641 8 10 0.020493532 
140 95 8 10 0.020492282 
100 177 9 12 0.020489331 
466 248 17 15 0.020488733 
126 511 8 12 0.020487798 
568 213 9 7 0.020485092 
313 370 8 10 0.020481521 
544 77 9 9 0.020480419 
482 578 5 6 0.020477647 
922 731 7 7 0.020472983 
882 58 7 11 0.020472819 
903 700 5 5 0.020469746 
301 680 6 6 0.020467052 
728 557 10 12 0.020466583 
356 80 10 12 0.020464621 
209 487 7 11 0.020461006 
588 248 8 10 0.02045921 
898 96 6 10 0.02045464 
440 636 7 7 0.020450875 
479 63 23 30 0.02044945 
602 547 20 25 0.02044783 
414 492 11 13 0.020446014 
347 96 38 43 0.020444866 
527 222 12 14 0.020438677 
474 518 8 9 0.020435615 
897 146 17 33 0.020434424 
939 422 109 134 0.020433314 
447 241 11 14 0.020432916 
342 492 10 12 0.020431884 
256 98 9 7 0.020429729 
812 340 8 9 0.020429112 
423 533 8 7 0.020428026 
740 549 8 11 0.020426786 
143 692 56 43 0.020425292 
542 107 10 12 0.020420931 
224 391 8 9 0.020420833 
412 150 14 16 0.020420674 
582 244 6 7 0.020414641 
88 174 8 10 0.020413717 
216 434 9 13 0.020409891 
450 408 28 34 0.020404654 
952 5 11 12 0.020398846 
991 538 8 10 0.020397736 
243 110 8 7 0.020393593 
489 20 9 9 0.02039347 
731 482 11 15 0.020393 
463 456 14 19 0.020381693 
464 37 23 25 0.020380422 
150 476 35 55 0.020379145 
107 682 45 45 0.020378005 
870 115 6 10 0.020373782 
865 65 5 9 0.020369915 
974 767 88 110 0.020368256 
384 53 6 7 0.020366922 
728 685 11 11 0.02036586 
115 511 7 11 0.020359306 
138 434 19 27 0.020359062 
754 258 8 8 0.020355979 
261 511 10 11 0.020354033 
504 101 17 25 0.020352041 
1005 46 20 28 0.02034926 
920 743 10 11 0.020348914 
759 742 12 11 0.020343034 
659 526 6 8 0.020342123 
185 413 19 27 0.020341435 
472 46 10 10 0.020339763 
410 634 6 8 0.020338671 
278 229 13 11 0.020335402 
390 33 7 8 0.020334931 
888 722 22 23 0.020331139 
304 665 20 24 0.020330539 
658 475 8 9 0.020330045 
884 84 6 10 0.020329183 
121 109 7 10 0.020328296 
914 647 9 8 0.020322882 
643 552 7 8 0.020322753 
684 673 6 7 0.02032243 
853 693 7 8 0.020318326 
885 251 5 7 0.020318078 
304 464 49 57 0.020316456 
29 472 10 14 0.020312881 
389 630 8 7 0.020310258 
300 275 9 11 0.020309 
916 70 7 12 0.02030605 
631 591 8 8 0.020300088 
975 704 6 9 0.020297032 
850 724 8 9 0.020296754 
269 272 33 29 0.020295648 
691 527 5 7 0.020294055 
550 187 7 8 0.020292997 
928 464 8 13 0.02028882 
264 446 29 28 0.02028711 
310 446 11 12 0.02028446 
395 46 8 9 0.020279136 
556 206 7 8 0.020278001 
742 504 9 14 0.020276612 
493 71 8 10 0.020272814 
599 536 10 11 0.0202704 
516 247 44 51 0.02026888 
647 549 20 24 0.020266911 
761 258 8 8 0.020264689 
330 351 9 14 0.020264486 
388 743 11 9 0.020262716 
451 265 11 13 0.02026134 
865 138 19 27 0.02025819 
856 103 8 10 0.02025518 
938 69 11 13 0.020252813 
714 460 11 11 0.020246116 
281 204 24 23 0.020241875 
690 71 7 8 0.02024157 
688 452 11 14 0.020238508 
556 115 8 10 0.02023678 
927 480 7 11 0.020231964 
863 655 6 7 0.02022355 
877 590 8 10 0.020223156 
868 588 9 10 0.020221716 
619 551 7 9 0.020220036 
901 479 8 11 0.020219842 
525 442 7 9 0.020219779 
308 623 7 7 0.020219615 
882 673 7 8 0.020219535 
728 633 8 11 0.0202195 
236 487 9 9 0.020218495 
453 563 9 12 0.020215463 
134 223 7 11 0.020214194 
249 104 8 7 0.020213518 
537 481 7 9 0.02021343 
332 92 8 7 0.020211127 
95 464 9 16 0.020209825 
451 712 11 9 0.020208975 
474 557 7 7 0.02019904 
743 405 7 7 0.020197362 
479 615 7 7 0.020195313 
721 435 11 11 0.020192197 
966 436 7 9 0.020192182 
735 270 8 8 0.020188225 
220 204 14 14 0.02018705 
915 403 7 10 0.02018663 
841 -44 13 11 0.020181585 
588 577 7 8 0.02018132 
146 235 12 15 0.020175885 
640 488 8 7 0.020175405 
657 480 8 9 0.020174354 
231 454 7 10 0.020168526 
805 496 21 29 0.020167263 
521 412 12 16 0.020167092 
587 258 8 9 0.020161873 
159 502 9 20 0.020161023 
844 269 9 9 0.020156741 
677 98 7 7 0.020156093 
231 482 6 8 0.020153124 
512 462 8 9 0.020152248 
95 257 7 9 0.020147182 
496 279 11 13 0.020145828 
343 454 10 12 0.020144839 
326 652 8 10 0.020144425 
95 503 9 16 0.020141235 
686 555 19 25 0.020141102 
449 637 6 7 0.020139163 
743 411 7 7 0.020138888 
344 378 7 9 0.020137139 
830 676 44 52 0.020134611 
222 362 10 13 0.02013367 
244 591 6 7 0.020133572 
144 533 10 16 0.02013226 
358 673 8 8 0.02013217 
639 568 20 21 0.020126758 
373 640 7 8 0.020121649 
516 487 9 12 0.020116655 
1007 545 7 10 0.020116303 
891 529 23 28 0.020115273 
927 486 7 10 0.020114852 
265 167 43 45 0.020114733 
600 602 9 8 0.020114558 
939 13 11 12 0.020112993 
639 193 8 8 0.020112133 
279 193 10 9 0.020111484 
735 409 8 9 0.0201059 
970 351 9 9 0.020104466 
915 443 6 8 0.020102741 
978 373 7 7 0.020100808 
477 347 10 10 0.020100802 
706 530 7 11 0.020097973 
771 439 12 14 0.020088917 
931 747 13 13 0.020088563 
332 302 13 15 0.020086674 
921 409 7 11 0.02008275 
321 618 6 7 0.02008154 
363 90 9 10 0.020081442 
481 623 6 7 0.020080948 
871 692 7 7 0.02008057 
921 101 7 12 0.020079536 
850 268 9 11 0.020079302 
429 367 6 6 0.020077374 
902 642 7 7 0.020071357 
332 65 8 7 0.020071305 
774 625 7 10 0.02006891 
495 585 4 6 0.020068694 
415 46 8 8 0.020063229 
351 267 12 13 0.020063078 
376 251 8 9 0.020061279 
237 481 7 9 0.0200611 
695 422 23 25 0.020060243 
849 730 9 11 0.020058436 
204 523 9 14 0.020058353 
411 454 21 31 0.020058226 
536 442 8 10 0.020056155 
946 737 8 10 0.020056138 
331 225 12 10 0.020052776 
876 224 7 9 0.020052327 
972 436 9 11 0.020051751 
490 358 10 11 0.020050101 
294 590 8 8 0.020045182 
378 338 54 52 0.020044766 
441 606 8 9 0.020043468 
220 459 23 29 0.020039344 
773 698 9 11 0.020037701 
628 193 7 8 0.02003311 
870 173 7 9 0.020029929 
300 104 7 7 0.020029014 
511 126 22 25 0.020028412 
288 584 7 7 0.02002797 
590 473 7 9 0.02002228 
620 256 7 10 0.020020878 
925 -57 24 23 0.020018557 
711 52 7 7 0.020017827 
464 122 42 55 0.020014731 
915 641 8 7 0.020011635 
376 453 222 204 0.02001161 
490 383 10 12 0.020006644 
549 579 22 26 0.020004597 
