26_Soldier_Drilling_Soldiers_Drilling_26_85
314
59 351 29 43 0.99943155 
217 359 28 38 0.99491924 
-2 599 29 52 0.9931203 
599 396 28 33 0.9731337 
386 380 10 14 0.78969747 
239 398 19 29 0.15541932 
327 384 8 13 0.12225194 
567 129 16 24 0.1157685 
767 336 14 26 0.10599144 
430 392 5 10 0.08437999 
348 394 8 11 0.08178174 
225 635 31 49 0.078950405 
386 396 11 20 0.0785523 
408 402 8 14 0.069840975 
329 389 8 13 0.06923991 
266 718 33 52 0.06641476 
372 393 26 46 0.06490163 
408 409 10 16 0.06421741 
341 393 8 12 0.06214488 
271 625 26 47 0.0601319 
325 389 8 13 0.05829069 
378 613 49 47 0.057832636 
484 417 10 16 0.057202756 
450 429 6 12 0.053190876 
428 388 5 7 0.051424436 
407 777 72 89 0.05087519 
450 412 7 10 0.049791 
257 400 13 20 0.049548227 
455 410 6 10 0.04913265 
398 399 9 15 0.049083028 
262 424 16 17 0.048224438 
448 395 5 8 0.0475001 
479 414 6 10 0.045488987 
441 444 11 18 0.04501754 
417 400 7 13 0.044070475 
110 1391 6 9 0.043469872 
8 145 500 639 0.042166397 
476 418 9 14 0.041747775 
368 391 11 14 0.041206263 
74 1386 5 7 0.040838346 
476 430 9 14 0.04061208 
411 354 5 9 0.040016938 
386 411 28 38 0.03994134 
418 355 6 8 0.039903495 
429 403 5 10 0.039892096 
367 383 9 13 0.039773274 
363 403 8 13 0.03942616 
423 386 4 8 0.039404258 
188 419 9 13 0.039275013 
359 334 93 149 0.038999084 
806 360 12 19 0.03890899 
31 576 453 727 0.03849688 
362 410 10 18 0.03841008 
462 445 11 17 0.037538704 
994 441 6 8 0.037304305 
482 428 11 16 0.037181463 
284 715 41 58 0.037062686 
454 429 7 12 0.037005566 
1084 -4 337 330 0.03672882 
250 392 13 23 0.0366119 
487 397 5 8 0.03569013 
473 441 11 17 0.035650574 
387 365 8 13 0.03557524 
420 394 5 10 0.035551917 
346 633 150 156 0.035472643 
412 416 10 18 0.035230618 
367 400 14 22 0.03522243 
465 413 5 9 0.03510028 
486 403 5 9 0.03473238 
759 325 16 27 0.034376305 
867 811 38 49 0.034355454 
408 394 7 11 0.034119815 
397 409 12 21 0.03403691 
456 442 8 13 0.033798475 
176 443 14 24 0.033623025 
515 1506 5 9 0.033569437 
449 403 6 10 0.03350248 
143 1404 5 9 0.03322736 
310 410 9 17 0.03321203 
399 392 8 14 0.03316378 
439 395 4 7 0.03298746 
396 391 24 41 0.032932814 
136 0 13 15 0.032876115 
524 1517 7 12 0.032865986 
190 416 7 10 0.03273329 
358 394 8 11 0.03258498 
361 383 9 12 0.032391615 
899 788 32 40 0.032323413 
865 927 40 31 0.031984042 
1016 231 5 11 0.03186969 
100 1420 6 9 0.031825766 
478 395 4 8 0.031749513 
330 398 10 15 0.031150468 
948 308 8 12 0.031037806 
1032 807 459 773 0.030922752 
338 385 9 13 0.03074605 
378 391 12 18 0.030626187 
555 1138 146 186 0.030604606 
468 396 5 7 0.030580044 
350 386 8 11 0.030471604 
908 154 5 9 0.03044228 
858 823 12 21 0.03011736 
452 422 7 13 0.029674495 
490 415 8 11 0.029548438 
348 658 62 72 0.029421564 
771 296 10 15 0.029400107 
781 246 10 14 0.029241344 
364 372 26 38 0.029159928 
212 625 27 58 0.028927807 
341 354 7 10 0.028724702 
384 415 14 24 0.028701536 
247 640 37 45 0.028461179 
388 590 45 47 0.02833094 
901 157 5 8 0.028195916 
461 344 30 49 0.028154517 
828 1304 38 76 0.02795702 
332 353 7 11 0.027945152 
324 374 7 12 0.027909435 
996 252 5 8 0.027886346 
505 1507 5 8 0.027761305 
380 374 10 15 0.027733298 
315 1213 6 9 0.027680991 
465 419 7 13 0.027559284 
47 327 6 11 0.027528575 
398 376 6 11 0.027460933 
16 1516 5 10 0.027376032 
328 374 8 13 0.027297696 
107 1445 8 15 0.027296474 
364 417 12 22 0.027243506 
330 363 8 12 0.026777688 
350 1508 6 8 0.026667213 
394 423 15 20 0.026624836 
851 284 7 12 0.026524773 
415 426 10 17 0.026485417 
340 399 8 13 0.026242504 
466 430 7 13 0.026179409 
360 373 9 13 0.026171535 
1012 174 5 10 0.026103966 
475 358 10 17 0.026072573 
324 365 7 10 0.026030919 
824 786 5 10 0.025986489 
124 1094 139 159 0.025983218 
814 316 7 11 0.025934856 
374 1516 6 10 0.02585449 
458 396 4 7 0.02579585 
477 405 5 8 0.025639085 
919 229 7 11 0.025587121 
367 700 68 81 0.025507867 
606 330 11 16 0.025378015 
483 369 9 14 0.025364969 
410 386 5 8 0.025294743 
399 365 6 10 0.025157586 
115 1402 4 8 0.025147423 
823 332 10 15 0.025097901 
471 428 24 38 0.024995156 
1015 222 5 9 0.024914501 
47 337 13 23 0.02488169 
127 1107 53 83 0.02485573 
459 407 4 8 0.024732908 
439 387 4 7 0.024555292 
368 374 8 13 0.024552066 
603 126 6 10 0.024544802 
758 314 15 23 0.024456548 
274 805 9 14 0.0243974 
483 62 15 24 0.024380919 
852 487 31 45 0.024361694 
490 430 10 16 0.024301197 
407 337 97 165 0.024198366 
480 1517 5 8 0.024191502 
509 71 13 23 0.02415546 
422 351 4 7 0.02415302 
703 241 7 11 0.024103371 
707 1047 120 150 0.024067443 
301 782 114 174 0.024006516 
770 911 139 124 0.023945222 
572 8 7 12 0.023775158 
317 684 59 75 0.023771761 
474 1206 23 46 0.02371662 
823 326 9 12 0.023699224 
906 296 11 14 0.023512846 
176 8 8 17 0.023501595 
321 398 10 17 0.023466969 
550 1085 49 77 0.02342345 
995 437 5 6 0.023330051 
994 269 7 11 0.02332575 
791 1283 93 168 0.023244243 
499 1218 26 47 0.023231676 
863 820 16 28 0.023182612 
455 93 8 14 0.023176003 
396 383 7 12 0.023168521 
364 630 71 70 0.023161534 
893 145 5 9 0.023134548 
872 783 33 49 0.023037305 
842 162 7 12 0.02296051 
684 1160 28 46 0.022894325 
324 355 6 9 0.022886897 
438 430 7 12 0.022852277 
436 403 5 10 0.02284591 
545 559 44 77 0.02282983 
601 142 8 12 0.022778202 
823 836 5 9 0.022762973 
743 307 8 13 0.022755334 
1015 236 5 12 0.022707513 
803 306 7 11 0.022704655 
472 1271 34 52 0.02270339 
429 411 6 11 0.022685999 
391 348 5 8 0.022675311 
749 287 10 14 0.02258808 
574 1347 5 7 0.022541642 
379 749 67 98 0.022492407 
383 336 6 9 0.022443669 
995 259 6 9 0.022441046 
267 648 20 29 0.022408504 
105 1393 4 8 0.02237315 
182 430 13 18 0.022366924 
172 1411 5 8 0.02234436 
157 961 42 98 0.022330761 
224 1224 12 18 0.022272525 
-111 547 255 447 0.02225706 
402 357 5 7 0.022239666 
528 60 25 44 0.022178756 
199 1408 7 13 0.02212351 
427 346 6 9 0.022035195 
842 57 5 9 0.022014745 
44 1495 7 11 0.021934224 
693 178 8 14 0.02190749 
1014 250 5 9 0.021898767 
341 422 7 13 0.021877993 
1 1335 5 8 0.021834187 
547 391 16 28 0.021801764 
-277 -7 193 305 0.021720884 
505 362 8 12 0.0217192 
824 345 7 12 0.021623323 
249 1018 6 8 0.021545203 
745 219 7 11 0.021536067 
410 351 4 6 0.02153033 
509 291 462 669 0.021529341 
924 305 10 14 0.021503553 
404 1526 10 11 0.021495702 
474 409 23 34 0.021423282 
379 428 29 42 0.021391775 
1 1384 5 9 0.021373484 
448 427 24 40 0.021324866 
786 296 10 12 0.021294951 
722 327 15 22 0.021286715 
306 412 7 12 0.021274736 
231 558 24 45 0.021260932 
373 730 33 49 0.021255227 
658 0 8 11 0.021249454 
673 195 10 17 0.021233732 
312 384 8 12 0.02122412 
811 306 8 10 0.02116648 
437 413 6 10 0.021150036 
619 192 6 10 0.021147588 
-274 1114 219 468 0.02114665 
822 295 8 11 0.021134116 
602 150 8 15 0.021132244 
114 1278 6 9 0.021129373 
368 363 8 13 0.021111028 
705 219 6 12 0.0210199 
772 286 10 13 0.020990834 
800 344 10 17 0.020987516 
312 1200 6 9 0.020943483 
436 423 6 11 0.02093147 
449 354 6 11 0.020929856 
666 6 9 16 0.020920383 
855 829 38 45 0.020920197 
46 335 7 14 0.02088845 
334 338 5 8 0.020863751 
157 9 9 14 0.020812606 
429 354 6 9 0.02079725 
726 345 18 24 0.020796297 
409 363 6 10 0.020767258 
793 806 5 9 0.02076613 
910 252 6 8 0.020753339 
15 530 92 160 0.020714603 
666 0 8 11 0.020687807 
485 386 6 9 0.020656064 
448 612 19 28 0.020626744 
349 410 8 14 0.020615479 
413 611 41 44 0.020606592 
210 1203 19 25 0.02059284 
448 387 4 7 0.020581951 
467 405 5 8 0.020533297 
619 333 8 12 0.020450512 
333 348 6 9 0.020444218 
597 605 34 62 0.020427478 
435 1198 28 49 0.020425353 
342 336 6 10 0.020419642 
120 1403 4 9 0.020418832 
839 807 8 13 0.02040286 
998 166 4 7 0.020366311 
494 403 6 9 0.020361613 
1007 242 4 8 0.020347016 
195 403 7 11 0.020303642 
831 343 27 49 0.02025218 
766 349 17 31 0.020245144 
477 386 5 9 0.020212285 
341 410 7 13 0.020197269 
315 380 25 36 0.020189676 
368 345 8 12 0.020166894 
698 307 5 10 0.02016387 
484 1518 6 8 0.020132363 
663 1151 31 46 0.020130828 
937 219 7 10 0.020128421 
72 458 22 28 0.020118723 
268 437 13 17 0.020109879 
765 287 8 12 0.020076098 
554 106 28 42 0.020056028 
45 1377 4 6 0.02005503 
543 68 24 46 0.020046592 
65 1367 4 6 0.020040656 
718 220 6 11 0.020027334 
966 1219 54 93 0.020006604 
