26_Soldier_Drilling_Soldiers_Drilling_26_64
35
663 165 45 64 0.9998635 
457 177 49 67 0.99981755 
47 161 51 58 0.9954169 
587 191 26 30 0.9729297 
364 411 19 25 0.08104176 
539 166 26 26 0.072747014 
196 414 13 18 0.064867646 
800 143 13 15 0.055031568 
669 369 21 22 0.049316328 
261 176 16 17 0.04713269 
353 180 16 13 0.0470544 
786 206 12 14 0.042883486 
553 185 30 32 0.039534472 
372 405 13 15 0.037839927 
15 168 33 39 0.030387972 
689 336 16 26 0.030273192 
270 404 12 16 0.030056616 
277 386 14 19 0.028216591 
738 194 19 31 0.028186223 
745 179 29 35 0.027677132 
507 374 20 29 0.025898876 
-17 -142 200 191 0.023913762 
391 398 7 7 0.023392577 
713 362 24 28 0.022871112 
555 378 18 29 0.022513943 
233 59 361 310 0.022105651 
305 400 11 14 0.02201233 
440 188 20 30 0.021974137 
633 363 16 19 0.021919113 
298 417 13 16 0.021364797 
290 424 23 25 0.021350646 
383 241 11 14 0.020817006 
265 425 20 27 0.020687848 
315 199 16 18 0.020368787 
0 389 7 16 0.020074526 
