26_Soldier_Drilling_Soldiers_Drilling_26_393
213
373 85 85 111 0.99848926 
59 130 81 115 0.9911646 
865 130 71 111 0.9634912 
506 82 75 120 0.9452207 
734 52 83 125 0.9232368 
182 660 15 17 0.8015544 
700 85 51 46 0.32484263 
2 419 19 25 0.18811771 
232 525 12 16 0.12441044 
220 203 14 13 0.09514695 
102 433 10 13 0.075641766 
945 111 10 17 0.07361598 
215 635 20 26 0.07110384 
240 209 13 16 0.05472879 
168 658 26 27 0.051789194 
0 623 151 216 0.04960452 
563 325 24 34 0.046507694 
323 391 4 7 0.045761943 
979 464 8 11 0.04523547 
450 211 55 50 0.04403258 
-21 -167 177 165 0.044029698 
210 513 20 26 0.04396304 
309 405 4 6 0.04340843 
266 208 12 11 0.043293577 
202 652 9 11 0.04326029 
203 657 11 14 0.041943725 
381 412 8 8 0.04171195 
240 198 8 9 0.03924354 
196 223 9 13 0.038130607 
15 153 58 49 0.037116572 
83 538 8 10 0.036913764 
437 56 8 14 0.036464605 
210 528 26 26 0.03565718 
148 611 8 18 0.035441477 
117 667 16 16 0.034093168 
91 551 5 7 0.03254001 
340 454 5 6 0.03251282 
226 207 13 12 0.032385353 
195 656 12 14 0.032326426 
340 405 4 6 0.031958066 
227 200 9 8 0.03134968 
291 391 5 7 0.03124594 
314 398 5 5 0.03113144 
315 392 4 6 0.031046921 
335 462 5 6 0.03101093 
282 419 5 5 0.030877197 
53 399 3 6 0.030717796 
59 400 4 6 0.030570135 
201 647 8 10 0.03050938 
268 199 10 9 0.030008802 
191 251 85 77 0.029988214 
857 353 8 15 0.029879509 
334 399 5 6 0.029629128 
284 161 23 21 0.02961081 
233 205 10 9 0.029223306 
295 447 8 10 0.029079044 
81 388 7 9 0.029044032 
278 509 4 5 0.028867725 
368 436 4 5 0.028599368 
785 143 26 36 0.028418384 
334 448 5 7 0.028371802 
203 486 7 9 0.028359469 
296 418 5 5 0.027830489 
392 431 5 5 0.027602825 
218 619 20 22 0.027301323 
224 479 7 11 0.027213402 
942 112 17 31 0.02702803 
156 568 13 17 0.026823008 
277 512 5 6 0.026809499 
296 413 4 5 0.026738863 
242 613 9 14 0.02660027 
725 79 59 64 0.026589854 
365 399 4 5 0.02658969 
275 188 36 23 0.02648285 
264 183 23 20 0.026400926 
218 480 7 10 0.026336398 
920 487 8 7 0.02609396 
792 539 11 14 0.026005974 
359 410 6 7 0.025989821 
262 192 6 6 0.02595533 
315 404 4 6 0.025891298 
278 214 13 12 0.025838617 
263 188 6 6 0.02575224 
786 84 23 36 0.025669537 
1 624 3 5 0.02549271 
378 405 6 6 0.025483191 
847 311 9 10 0.025444753 
85 525 5 7 0.025400557 
476 199 40 46 0.025246356 
359 429 5 7 0.0251788 
281 619 9 12 0.02504418 
280 508 5 6 0.02494305 
2 362 6 11 0.024757039 
240 512 8 11 0.024541244 
284 173 27 21 0.02453175 
953 606 9 11 0.024475904 
213 205 6 7 0.024474699 
880 408 28 30 0.024392627 
143 657 12 16 0.02430232 
971 449 8 9 0.02429014 
303 414 3 4 0.024155486 
377 391 8 9 0.024058316 
838 166 33 41 0.02404225 
86 624 4 4 0.024006696 
894 533 12 13 0.023996118 
184 631 11 13 0.023964945 
59 403 5 6 0.023904808 
552 60 9 16 0.023750803 
323 451 3 5 0.023727324 
942 590 6 6 0.02372645 
953 429 9 8 0.02357013 
612 514 22 23 0.023568464 
51 416 5 7 0.023525814 
121 595 10 11 0.023464188 
282 520 5 6 0.023462892 
233 244 27 35 0.023416352 
862 351 8 14 0.023405597 
86 629 4 5 0.023367522 
282 422 5 7 0.023322875 
371 436 4 5 0.023237552 
280 513 6 6 0.023235286 
91 623 4 4 0.023176279 
274 209 24 21 0.023066688 
616 510 11 11 0.02299307 
942 585 5 6 0.022972355 
235 506 8 9 0.02294847 
375 392 5 7 0.022881456 
249 173 20 24 0.022868585 
360 489 13 13 0.022858124 
301 417 4 5 0.02283823 
64 405 4 5 0.02257777 
109 421 9 11 0.022571832 
66 416 4 7 0.02254801 
323 399 4 5 0.02252358 
76 421 8 9 0.022506643 
395 461 9 10 0.02243959 
636 511 6 7 0.022285797 
293 262 39 54 0.0222824 
58 423 6 7 0.022232503 
867 455 4 6 0.0222058 
101 640 8 11 0.022198744 
75 650 3 4 0.02219236 
168 499 5 8 0.022156918 
224 225 14 15 0.022144482 
236 516 10 13 0.022122975 
341 410 4 6 0.022113575 
922 408 9 9 0.022093656 
387 432 3 4 0.02201721 
274 187 10 8 0.022012556 
325 391 6 7 0.022007149 
275 451 5 6 0.02200505 
202 493 9 11 0.021995956 
272 195 12 11 0.021988964 
101 623 8 8 0.021919018 
375 417 4 5 0.02191402 
228 493 7 8 0.021892864 
386 438 5 5 0.021882948 
210 492 9 11 0.021868184 
225 217 13 13 0.021845885 
323 456 4 6 0.021830771 
921 434 9 9 0.021723786 
39 423 5 7 0.021702662 
160 561 20 27 0.021671174 
286 424 5 6 0.021663923 
178 593 10 14 0.021630337 
374 432 3 4 0.02162594 
296 430 6 7 0.021610744 
180 510 11 14 0.021528663 
550 564 7 7 0.02149993 
947 610 7 7 0.021401944 
220 597 21 26 0.02135236 
272 174 22 23 0.02129597 
203 478 9 11 0.021224234 
921 482 7 7 0.021172544 
946 614 9 9 0.02117065 
309 418 4 5 0.021163534 
268 201 20 20 0.021113116 
328 449 4 7 0.021097364 
691 290 26 30 0.021095691 
76 432 10 12 0.021063685 
985 572 10 16 0.021044951 
163 524 9 12 0.020913202 
315 431 6 6 0.020886265 
64 642 4 6 0.02087357 
833 461 5 7 0.02085853 
956 435 10 11 0.020828301 
764 359 5 7 0.020803617 
294 403 5 8 0.020745585 
268 401 6 8 0.020724718 
647 263 87 90 0.020717409 
226 459 9 12 0.020700878 
361 398 5 5 0.02066958 
360 406 5 5 0.020604486 
242 194 7 7 0.02056137 
741 421 21 25 0.020544756 
211 487 7 9 0.02050358 
66 413 3 5 0.020466723 
97 623 6 6 0.020435486 
6 501 6 8 0.020409478 
0 500 6 11 0.020408832 
316 413 3 4 0.02040731 
262 163 81 68 0.020365246 
334 445 5 6 0.020347718 
333 379 5 6 0.020280078 
270 192 9 8 0.02019362 
850 151 43 62 0.020149207 
269 450 6 7 0.020129407 
269 385 5 7 0.020127067 
64 429 6 9 0.020099757 
705 294 7 9 0.020038709 
378 414 7 8 0.020033339 
268 188 7 6 0.02002241 
69 429 8 10 0.02002202 
