26_Soldier_Drilling_Soldiers_Drilling_26_359
1045
507 652 68 102 0.47594613 
102 1503 39 48 0.40266338 
115 1418 34 49 0.39430225 
553 452 38 51 0.32979682 
3 1398 37 41 0.18190244 
652 331 49 74 0.17241704 
583 609 23 31 0.1467573 
348 783 138 278 0.14111455 
495 940 36 50 0.13360398 
118 1398 23 32 0.088071726 
565 373 160 214 0.086808436 
591 1215 19 19 0.08248249 
1126 1034 753 1204 0.071229175 
575 441 72 104 0.071171544 
615 363 80 118 0.06793229 
602 428 50 61 0.06426228 
-517 57 320 422 0.060918886 
929 608 151 252 0.05976986 
636 368 24 31 0.0593698 
-154 11 853 1112 0.05814507 
290 876 944 1175 0.057974234 
38 1432 19 31 0.056749728 
648 292 73 84 0.056292314 
611 403 47 57 0.05571534 
532 538 162 223 0.055611275 
632 351 46 58 0.055461414 
545 698 23 37 0.05532692 
20 1456 24 35 0.054952666 
463 851 82 126 0.05387426 
760 149 72 99 0.05256875 
874 -132 833 1182 0.051111445 
414 795 160 228 0.050717093 
461 958 18 27 0.05013126 
422 921 42 66 0.049409434 
121 1390 17 21 0.049093056 
943 64 17 17 0.04887545 
473 825 44 67 0.04859507 
3 1401 19 24 0.048317384 
531 449 26 39 0.04830736 
663 328 79 112 0.047972213 
69 1473 41 49 0.047693048 
-487 1109 735 1377 0.0475953 
505 1209 8 12 0.047460843 
230 369 760 1088 0.047437694 
456 1102 72 129 0.04571389 
468 918 191 224 0.045686293 
250 658 275 507 0.045652565 
182 617 178 240 0.045623112 
962 971 187 268 0.04517199 
568 1202 70 93 0.04515482 
97 1472 25 34 0.04490917 
76 1486 20 26 0.044674836 
448 880 10 17 0.044085406 
453 941 34 50 0.04407485 
484 167 202 258 0.04402379 
576 1255 48 69 0.04365635 
563 585 66 102 0.043603696 
550 261 86 128 0.04323404 
459 845 44 74 0.042737015 
635 430 44 68 0.042436596 
392 964 51 71 0.042139936 
111 1488 24 41 0.04202393 
593 658 36 59 0.04190522 
438 878 37 69 0.041737746 
69 1491 16 19 0.04148886 
587 675 19 34 0.04128314 
942 77 19 19 0.041139614 
137 1418 19 34 0.040926963 
565 662 42 70 0.040748145 
568 466 43 60 0.040742252 
604 671 18 29 0.040707298 
515 1220 8 12 0.040110633 
950 486 152 244 0.03988974 
1163 382 765 1245 0.03948039 
51 1472 21 28 0.039458565 
488 793 47 67 0.03885188 
447 942 12 22 0.03856673 
601 552 26 31 0.038505442 
391 908 50 78 0.038430817 
51 1489 19 22 0.038186416 
588 178 182 195 0.03816971 
568 1243 10 14 0.037775 
59 1502 19 23 0.037730467 
424 811 36 68 0.03764376 
454 588 131 197 0.03759067 
596 611 23 31 0.03751142 
35 1493 44 47 0.03739871 
1275 0 476 430 0.03727598 
-765 -118 690 1176 0.037150905 
563 613 14 25 0.03714415 
499 862 49 65 0.036845665 
511 1042 171 186 0.03673604 
483 1049 389 504 0.036673874 
102 1443 22 33 0.03642562 
879 66 46 64 0.036200494 
586 324 74 104 0.036183804 
604 1209 12 11 0.035973895 
553 944 9 15 0.035968203 
277 1503 19 17 0.03595604 
579 1200 43 43 0.035742808 
579 379 14 18 0.03572744 
566 1262 11 16 0.0357199 
408 996 43 68 0.03560704 
39 1462 41 50 0.035403203 
724 196 12 15 0.035380937 
397 936 74 152 0.03534809 
115 1449 38 63 0.03534741 
735 196 11 16 0.03533084 
528 998 9 12 0.035245724 
542 985 11 14 0.03522302 
970 1230 152 288 0.03508817 
433 975 14 21 0.0350526 
930 103 17 20 0.035042405 
492 252 331 502 0.035025246 
699 283 94 128 0.03499252 
590 378 16 21 0.034887947 
558 1272 9 12 0.03487442 
113 1454 22 34 0.034813434 
519 1107 6 8 0.034758132 
474 1004 45 55 0.034722306 
471 690 83 127 0.0347208 
640 349 20 27 0.034655064 
931 293 135 272 0.034575623 
-142 1445 862 1181 0.034480263 
582 658 23 36 0.0343929 
700 164 78 110 0.034332737 
505 1216 9 14 0.0341693 
557 1013 8 11 0.034112647 
923 38 59 68 0.034095753 
558 1024 7 10 0.034018774 
521 520 36 64 0.034013383 
514 1210 8 11 0.03397946 
626 361 25 28 0.033896033 
232 712 84 120 0.033854708 
170 1388 13 18 0.033829227 
32 1557 45 71 0.03381812 
780 59 53 55 0.033634115 
517 1091 7 9 0.033605102 
570 1038 7 11 0.033545665 
806 199 40 82 0.033527587 
1212 1798 209 240 0.033437822 
22 1433 22 31 0.03335879 
489 956 14 18 0.033265248 
607 1391 11 13 0.0332131 
68 602 183 232 0.033203874 
602 4 270 162 0.03316839 
972 1543 174 270 0.03311011 
592 367 14 19 0.033016093 
584 626 21 31 0.033001978 
569 632 84 115 0.03297945 
421 877 73 140 0.032879554 
416 956 43 63 0.032784812 
592 228 88 120 0.032739613 
50 1510 23 26 0.03266229 
916 86 17 22 0.032650538 
728 108 139 206 0.032579824 
839 263 82 120 0.032576054 
551 1383 49 51 0.032435764 
189 743 85 125 0.032251902 
920 103 14 18 0.032205544 
761 75 103 118 0.032179218 
280 362 199 250 0.032166284 
433 819 16 35 0.03214002 
722 222 12 16 0.03212903 
654 442 96 153 0.032103185 
604 698 16 30 0.03208172 
553 957 9 12 0.032076877 
457 942 15 24 0.032033447 
501 1281 77 128 0.03197444 
436 1314 71 120 0.031852048 
757 197 74 122 0.03179201 
604 1406 11 12 0.031746276 
566 400 16 22 0.031594276 
929 779 176 246 0.031576023 
450 932 10 17 0.03155433 
529 399 21 29 0.031503048 
622 466 44 70 0.03147577 
529 1051 8 10 0.031434465 
74 1461 24 31 0.031335574 
584 1219 12 14 0.031308576 
554 995 9 12 0.031250138 
737 277 11 14 0.031208456 
750 195 10 16 0.031198308 
127 1468 20 32 0.031159889 
942 102 18 20 0.031140635 
549 487 80 146 0.031012893 
827 151 56 87 0.030931095 
602 725 16 32 0.030927736 
380 479 86 106 0.03089103 
819 258 43 69 0.030879121 
712 99 98 115 0.030878229 
38 1488 19 24 0.030827418 
8 1448 25 32 0.030815518 
635 448 21 35 0.03072004 
636 214 89 107 0.030645298 
573 432 43 65 0.030596089 
663 386 46 80 0.030586405 
630 627 81 122 0.030577242 
582 1210 10 11 0.030566348 
590 1388 12 13 0.030493086 
63 1477 18 22 0.030448232 
899 94 20 27 0.030439176 
292 113 384 689 0.030422732 
576 390 17 23 0.03041775 
646 1245 9 12 0.03041663 
668 465 16 27 0.03036423 
513 432 11 18 0.030361127 
542 1065 8 9 0.030260827 
812 441 89 117 0.030227471 
957 149 141 269 0.030202238 
45 1437 24 38 0.030126391 
579 1232 13 15 0.030089514 
122 1661 9 15 0.030008538 
722 208 12 15 0.029951653 
514 1230 11 16 0.029941732 
0 2036 39 59 0.02993117 
0 1438 17 25 0.029856618 
610 686 18 30 0.029838016 
811 5 192 183 0.029831538 
930 87 18 22 0.029801996 
622 460 22 36 0.029799731 
613 1219 14 15 0.029796407 
542 971 12 13 0.029777907 
880 -2 61 70 0.029743602 
72 1611 11 19 0.029705022 
645 1230 12 15 0.029698562 
406 491 15 25 0.029694187 
943 87 18 21 0.029665545 
612 654 17 26 0.029519958 
497 831 54 61 0.029486394 
763 158 9 13 0.0294481 
545 665 23 36 0.029441774 
620 1422 7 8 0.029400442 
645 1215 12 16 0.029384542 
958 64 15 17 0.029274272 
571 1234 8 12 0.029240804 
397 1204 148 247 0.029232573 
179 678 88 120 0.029226586 
607 493 39 61 0.029186122 
594 1198 9 9 0.02906989 
501 311 157 196 0.029068273 
562 413 18 22 0.029064884 
529 872 14 18 0.029062085 
214 1442 10 14 0.029049411 
660 1233 8 11 0.029036896 
372 999 11 16 0.028987758 
91 1512 25 32 0.028977873 
570 946 8 12 0.028977517 
492 1378 8 13 0.028964788 
478 1029 49 61 0.028922383 
625 300 150 215 0.02890763 
578 997 10 16 0.028898325 
930 63 16 18 0.028894398 
245 518 179 199 0.028868956 
578 367 12 17 0.028864237 
458 925 15 24 0.028842526 
655 448 19 32 0.02881444 
576 414 16 22 0.028798953 
31 1630 8 12 0.028738407 
558 687 21 35 0.0287111 
675 272 52 57 0.028698184 
553 892 11 15 0.028687287 
-25 1954 158 233 0.028673312 
528 853 13 15 0.028671993 
30 1692 9 14 0.028635794 
48 1443 76 100 0.028539147 
515 415 13 19 0.028505152 
618 1208 10 9 0.028451564 
565 366 12 18 0.028405234 
173 1377 11 15 0.02839337 
551 405 43 57 0.028375799 
565 984 8 12 0.02834274 
401 754 88 163 0.028341103 
436 423 80 117 0.028314073 
554 985 10 13 0.028310612 
974 29 409 501 0.028301273 
162 786 68 142 0.028291957 
555 1284 9 14 0.028265705 
481 919 76 116 0.028157072 
491 1364 8 12 0.028148672 
-210 1854 41 51 0.028112598 
750 172 9 14 0.028107356 
168 1398 15 21 0.028105408 
594 1379 9 12 0.028091852 
479 685 47 69 0.02807164 
853 1561 185 257 0.028047932 
653 341 25 41 0.028002396 
650 467 46 73 0.027966764 
555 929 10 17 0.027949592 
645 665 14 22 0.027939573 
609 1200 8 8 0.027884249 
469 883 43 67 0.027873844 
526 890 11 16 0.02787056 
-3 2059 7 13 0.0278641 
568 1025 8 11 0.027845332 
166 1409 17 23 0.027839802 
427 989 139 250 0.0278273 
480 1364 7 11 0.027810387 
249 1464 13 15 0.027777703 
500 1051 10 12 0.027747579 
122 1655 8 12 0.02770476 
517 1296 10 16 0.027679054 
557 705 39 64 0.027671553 
652 126 49 56 0.027670471 
596 1225 23 24 0.02761485 
136 1191 10 16 0.02757695 
528 1064 8 9 0.027573038 
520 879 45 63 0.027568953 
513 898 15 20 0.027565705 
565 1073 53 55 0.027559584 
32 1639 7 12 0.027546987 
579 1184 10 12 0.027525242 
454 1004 19 32 0.027511168 
737 184 11 14 0.027495664 
551 1167 47 64 0.027485905 
-237 1854 42 50 0.027441312 
557 1263 8 11 0.02742609 
838 532 23 29 0.027425854 
568 1049 11 13 0.027397377 
632 1128 12 17 0.027365293 
583 984 8 12 0.02733475 
910 139 50 70 0.027329158 
467 900 21 39 0.027303388 
41 1505 18 22 0.027286088 
568 635 13 22 0.027243257 
956 77 19 19 0.027234716 
930 76 18 20 0.027188081 
421 1979 215 228 0.027164577 
965 115 45 63 0.027152732 
423 966 12 17 0.027118651 
972 89 14 17 0.02711679 
552 901 12 17 0.02711567 
569 930 10 15 0.02711203 
569 956 9 12 0.027088737 
541 891 11 15 0.027055549 
153 1416 24 36 0.027038239 
555 916 10 17 0.027020168 
543 1222 8 11 0.0270094 
-132 163 43 54 0.026971705 
758 101 46 57 0.026971243 
601 415 20 26 0.026935915 
736 207 11 17 0.026910568 
211 2057 11 16 0.026816068 
541 903 11 16 0.026773866 
829 123 50 62 0.026730388 
457 893 20 39 0.026729368 
526 470 41 61 0.026724089 
544 1040 7 9 0.02669372 
520 665 23 34 0.026687078 
95 1387 60 92 0.026682058 
602 650 18 26 0.026663704 
442 366 157 231 0.026645891 
622 1200 7 8 0.026641004 
564 377 14 20 0.026613854 
662 1263 6 9 0.026611568 
625 379 26 34 0.026605932 
643 507 16 26 0.02660577 
534 618 48 80 0.02659844 
554 1063 11 11 0.026574587 
142 1501 16 28 0.026567718 
448 897 14 26 0.026561588 
-507 1269 350 846 0.026554786 
726 185 11 14 0.026545271 
753 159 9 12 0.026457412 
535 1198 49 59 0.026451282 
514 1194 11 15 0.026437692 
549 374 14 22 0.026437089 
577 1109 19 20 0.026433138 
19 1475 26 38 0.026424993 
659 1248 8 10 0.026388487 
463 538 47 55 0.02635906 
-22 1873 71 159 0.02632574 
534 499 18 29 0.026291465 
528 1296 9 14 0.026263606 
522 903 13 17 0.026228018 
552 876 11 15 0.026228009 
611 644 40 59 0.026196131 
188 1520 10 13 0.02618544 
264 1507 15 12 0.026184978 
81 1638 10 13 0.02616478 
465 1109 127 199 0.026161175 
621 983 11 14 0.02616082 
436 930 10 15 0.026159324 
601 367 14 18 0.026146475 
661 1274 7 9 0.026115771 
585 1233 26 31 0.026105652 
599 633 17 24 0.02604722 
-184 1854 40 51 0.026046716 
718 327 17 25 0.026044423 
140 1472 16 29 0.025982756 
-1 2035 5 10 0.025978493 
557 1038 7 10 0.025974669 
636 960 8 10 0.025940893 
-92 126 47 56 0.025887547 
456 905 42 71 0.025878284 
202 1392 8 12 0.025864596 
172 716 13 20 0.025849896 
897 98 59 68 0.02584678 
88 1459 27 35 0.025833832 
566 1132 11 11 0.02581753 
249 477 93 118 0.025778241 
443 818 16 33 0.02577799 
496 737 43 71 0.02575584 
989 110 40 62 0.025717942 
227 2054 12 17 0.025705317 
548 654 17 28 0.025696104 
528 1311 10 15 0.025693832 
544 1138 148 188 0.025693545 
653 465 18 28 0.025661664 
590 1045 47 57 0.025659915 
72 1495 47 59 0.025657643 
497 898 48 63 0.025641738 
866 636 388 623 0.025640497 
502 1091 9 10 0.025636416 
463 863 12 21 0.025633506 
434 977 35 58 0.02562795 
516 1051 9 11 0.025591217 
589 349 14 20 0.025577309 
620 1433 8 9 0.025549466 
430 995 17 26 0.025530538 
955 47 16 20 0.025530154 
703 313 21 27 0.025524063 
187 279 217 269 0.025516996 
137 1179 9 15 0.025512217 
675 1263 8 9 0.025506053 
611 1230 17 19 0.025495946 
472 575 53 75 0.025482194 
-105 151 44 55 0.025452383 
635 1209 11 12 0.02540495 
6 1929 6 10 0.025377197 
636 1197 9 10 0.0253597 
739 172 10 13 0.025356496 
555 1051 9 10 0.025294513 
543 958 10 13 0.025286468 
679 228 94 118 0.025285592 
606 1418 10 10 0.025284262 
504 1389 8 11 0.025278764 
988 92 12 16 0.02521147 
293 625 76 114 0.025172312 
551 866 11 15 0.025171544 
97 1524 28 39 0.02516616 
541 854 12 15 0.025153494 
499 1378 9 14 0.025145024 
397 980 11 18 0.025132408 
609 1039 9 13 0.025098111 
494 1338 7 12 0.025088202 
765 172 9 15 0.025082424 
533 1311 85 117 0.025072651 
647 1272 8 12 0.025055218 
659 1117 13 17 0.025045948 
122 1378 11 15 0.025025614 
611 168 90 113 0.02498267 
76 1436 19 26 0.02498163 
573 1413 15 14 0.024977332 
226 1431 12 15 0.024968725 
542 1207 10 13 0.024960114 
717 285 52 67 0.024951605 
543 1286 8 11 0.024945578 
719 313 16 23 0.024930632 
33 1468 21 32 0.024921602 
543 1079 9 9 0.024917815 
351 994 15 17 0.024896719 
527 984 12 15 0.02489658 
748 183 10 16 0.024880635 
-5 2069 8 16 0.024875313 
483 964 17 24 0.024871156 
528 1093 8 9 0.024856826 
645 334 15 25 0.024849156 
552 637 14 23 0.024844993 
565 349 42 61 0.024844833 
457 788 46 73 0.024816677 
544 1051 8 9 0.024800498 
944 170 12 19 0.0247922 
582 1039 9 14 0.02479123 
1 2055 13 19 0.024785485 
546 1262 7 11 0.024778606 
580 1196 9 11 0.024767458 
658 1221 8 11 0.024764892 
372 956 42 69 0.02474683 
685 338 831 1236 0.024746211 
735 1478 209 248 0.024741024 
394 482 13 21 0.024740363 
1 1452 15 23 0.024736771 
582 1022 9 16 0.024735114 
253 1380 7 10 0.024717933 
560 666 16 27 0.024711382 
745 233 14 22 0.024706341 
601 401 17 24 0.024674965 
581 348 12 20 0.02466041 
72 1599 9 16 0.024657657 
32 1407 19 27 0.024644373 
720 88 46 56 0.024596935 
226 1412 13 16 0.02457934 
537 864 14 17 0.02455185 
450 785 10 16 0.02452901 
526 1009 11 13 0.024523962 
195 1034 190 230 0.024494737 
738 289 11 14 0.02447661 
620 537 93 137 0.024456812 
520 953 46 53 0.024453864 
439 1195 77 129 0.024424884 
47 1720 6 11 0.024414469 
500 440 12 23 0.0243972 
956 168 14 20 0.024390731 
973 105 13 16 0.024356747 
533 516 19 34 0.024308477 
623 400 24 36 0.024281243 
98 1666 9 12 0.024279326 
524 418 43 59 0.024266023 
98 1602 7 11 0.02424051 
599 872 35 70 0.024235358 
159 715 15 21 0.024227414 
594 1185 9 10 0.024225058 
66 1399 128 199 0.024214165 
537 370 17 27 0.024210056 
542 1129 9 10 0.024208464 
913 1367 151 273 0.024207223 
516 1010 10 13 0.024187822 
772 127 47 68 0.024180666 
581 972 9 12 0.024174176 
442 710 19 33 0.024165481 
498 870 16 22 0.02415374 
876 340 365 562 0.0241391 
615 642 14 20 0.024111312 
1323 1868 43 49 0.024109552 
615 369 25 31 0.02410502 
589 415 16 23 0.024104407 
596 982 8 13 0.024100864 
631 664 14 23 0.024094697 
673 1273 8 11 0.024071794 
525 1238 75 123 0.024069566 
609 809 214 241 0.024062628 
-262 1866 40 52 0.024056679 
421 479 15 26 0.024056643 
496 781 16 27 0.024041068 
937 135 81 176 0.024020812 
78 1385 15 24 0.023990322 
598 1272 18 25 0.023985349 
596 1420 10 10 0.02397576 
555 1140 11 12 0.02396296 
1009 139 12 22 0.023962175 
901 127 19 21 0.023957297 
492 1352 8 12 0.02393641 
632 1393 268 242 0.023911355 
98 1655 8 10 0.023909893 
99 1929 214 279 0.023907429 
418 1044 79 154 0.023886016 
559 1249 8 10 0.023880497 
515 1311 10 15 0.023879293 
482 866 19 29 0.023868434 
93 1389 13 19 0.023844711 
280 614 11 16 0.023823913 
581 503 50 69 0.0238028 
209 711 42 60 0.023779247 
837 99 16 21 0.023755511 
553 973 10 11 0.023745412 
311 992 49 53 0.0237421 
553 1157 9 12 0.023725806 
519 1115 8 10 0.023697203 
648 265 52 65 0.023691822 
398 1254 43 48 0.023661444 
528 1288 9 12 0.023630211 
68 1405 16 28 0.023629397 
447 978 12 19 0.023618607 
641 651 14 21 0.023614869 
645 1196 10 12 0.023603568 
407 468 12 20 0.023589903 
657 480 15 24 0.02356947 
518 1391 9 14 0.023540149 
483 846 22 36 0.023540055 
471 923 17 27 0.023537196 
618 996 11 13 0.023532812 
712 347 50 79 0.023516733 
1464 1666 171 296 0.023511084 
-121 1841 42 51 0.023507735 
542 1092 9 9 0.023495467 
58 1719 7 12 0.0234905 
-158 163 42 54 0.023486415 
34 1528 43 56 0.023473982 
502 431 11 20 0.023452384 
501 892 14 21 0.023449026 
130 714 90 149 0.023437206 
597 1085 52 61 0.023436211 
973 66 12 14 0.023434596 
527 429 12 20 0.023429116 
-2 2046 6 12 0.023406215 
649 1261 8 11 0.023401668 
448 683 35 56 0.023397926 
539 1248 171 220 0.02337461 
472 1339 72 117 0.023371572 
516 456 12 22 0.023364032 
431 481 15 23 0.023360536 
638 392 23 41 0.023359558 
985 78 11 14 0.02335833 
448 995 12 21 0.02335001 
410 945 10 14 0.0233481 
529 853 44 57 0.023347573 
424 943 11 15 0.023346154 
57 1644 41 59 0.02332349 
711 197 12 15 0.023314476 
750 208 11 18 0.023313215 
445 861 14 23 0.02330653 
146 744 14 19 0.02328937 
747 235 46 71 0.023286326 
-121 1839 24 28 0.023275616 
487 523 14 21 0.023272406 
-19 16 246 170 0.023271454 
501 1323 9 15 0.023270652 
521 954 17 22 0.023270044 
90 1435 20 29 0.023254912 
438 876 12 21 0.023248844 
125 1390 33 52 0.023245053 
-238 1866 22 27 0.023228811 
765 251 9 15 0.023228744 
94 1375 12 16 0.023228459 
546 1409 61 51 0.02321338 
578 1239 15 20 0.023209587 
419 521 45 57 0.023197778 
673 1223 7 9 0.023181453 
986 68 11 13 0.023152322 
549 1042 54 59 0.023147859 
590 1030 102 114 0.02314377 
484 1016 16 22 0.02314227 
917 65 16 20 0.023139633 
535 1015 47 64 0.023086907 
743 76 49 54 0.023077952 
546 785 46 66 0.023072653 
269 1394 7 9 0.023055464 
170 731 14 20 0.023034604 
490 1065 9 12 0.023028444 
396 676 347 530 0.023028294 
650 1126 44 53 0.023027793 
586 398 19 27 0.023018684 
79 1423 14 21 0.023014149 
609 972 9 14 0.023005703 
567 973 8 11 0.02300095 
953 84 49 61 0.022996733 
444 814 43 69 0.022990528 
711 446 100 145 0.022984607 
722 288 14 17 0.02298069 
237 1403 14 20 0.02295066 
708 193 41 53 0.022941494 
546 1273 7 10 0.022935165 
775 355 183 240 0.022928404 
-19 1521 66 123 0.022926537 
602 1180 48 53 0.022914905 
703 367 24 33 0.02291451 
486 483 12 18 0.02290298 
815 137 14 22 0.02288969 
738 157 10 13 0.022872025 
266 655 75 120 0.022856673 
557 603 39 59 0.022855269 
763 233 11 19 0.02285505 
983 137 42 72 0.022849042 
603 352 13 17 0.022843905 
752 146 10 11 0.022840312 
91 1411 15 25 0.022822555 
111 1655 8 10 0.022813238 
997 127 17 25 0.022805378 
898 115 19 22 0.022748196 
106 1389 11 15 0.022745334 
454 992 37 56 0.02273901 
29 1859 190 257 0.022715943 
435 705 14 23 0.022715168 
541 942 11 16 0.022708787 
579 395 43 61 0.022706645 
110 1603 8 11 0.022681717 
636 1422 9 8 0.022676978 
27 1495 144 251 0.022669945 
-53 1752 127 255 0.02264532 
-4 1812 69 139 0.02262197 
411 465 32 54 0.022621281 
564 903 13 17 0.022604533 
-65 1856 17 23 0.022604028 
-186 1865 23 29 0.022591969 
938 145 42 62 0.022582304 
1334 1895 21 24 0.02257686 
-56 1646 393 597 0.02257615 
514 923 41 57 0.022570059 
703 235 157 248 0.022568015 
605 340 10 16 0.022567144 
1335 1882 20 23 0.022563586 
632 982 11 14 0.022552472 
474 633 61 69 0.022550458 
1347 1895 21 24 0.02254342 
634 973 9 11 0.022512259 
578 945 9 13 0.022501262 
215 1221 8 11 0.022494785 
543 1359 51 52 0.02248653 
581 685 37 65 0.022484915 
596 387 21 27 0.022457011 
8 1943 5 10 0.022455974 
36 1931 5 9 0.022446012 
357 1598 16 13 0.022445867 
252 1442 9 12 0.022443892 
542 918 12 16 0.022442287 
461 876 12 20 0.022440553 
-94 1841 22 26 0.02243917 
656 1209 9 14 0.022436973 
762 318 12 15 0.02242838 
737 221 12 17 0.022427866 
21 1932 5 8 0.022425108 
470 455 76 110 0.022423562 
932 465 89 153 0.022423476 
554 1297 12 18 0.022417163 
763 215 13 23 0.022410138 
495 992 17 22 0.02240968 
581 968 214 228 0.022405349 
595 1404 11 12 0.022394504 
502 1226 12 21 0.022366116 
131 758 13 19 0.0223634 
593 972 9 12 0.02235961 
121 1191 10 17 0.02235327 
-108 1840 23 27 0.022353008 
89 2052 20 20 0.022351654 
8 1692 7 13 0.022347707 
7 1379 72 106 0.02232108 
843 156 153 248 0.022318332 
502 418 11 17 0.022317134 
512 874 16 19 0.022315416 
642 489 17 29 0.022314196 
765 612 219 233 0.022302201 
515 1320 11 17 0.022289807 
-53 1476 75 151 0.02228824 
606 328 9 14 0.022265606 
141 1442 18 32 0.022265265 
649 310 30 47 0.022261877 
753 263 10 14 0.022261404 
563 340 14 19 0.02225703 
527 191 109 132 0.02225593 
569 996 10 15 0.022250637 
-80 1842 20 24 0.02223469 
595 1433 9 9 0.022228206 
744 307 51 64 0.02221793 
-80 1855 20 25 0.022216562 
829 187 82 123 0.022212401 
1347 1881 21 24 0.022188291 
926 -3 53 63 0.022173878 
738 147 10 12 0.022167644 
457 1024 18 33 0.022158569 
471 787 20 34 0.02214882 
565 917 12 16 0.0221479 
571 1224 9 10 0.022142747 
-65 1843 17 23 0.022138081 
408 520 15 21 0.022135818 
516 1335 11 19 0.022133913 
63 1437 18 26 0.022129362 
627 686 17 28 0.022127142 
827 129 14 20 0.022123156 
755 191 41 67 0.022080146 
498 1020 14 16 0.022071132 
554 619 16 26 0.022060132 
372 1352 93 122 0.022059215 
617 1128 15 17 0.022045935 
145 1191 9 16 0.022036778 
789 142 14 20 0.02202719 
123 1488 37 60 0.022002429 
570 1106 61 59 0.021999283 
1297 1263 367 709 0.021995759 
566 1141 11 12 0.021991085 
67 1516 78 112 0.021983119 
478 1404 6 10 0.021958694 
135 1203 10 17 0.021951756 
1321 1882 21 23 0.02192265 
64 1588 39 62 0.021914152 
584 1137 51 55 0.02190882 
456 1022 42 64 0.021898134 
502 1193 11 17 0.02188885 
460 779 14 27 0.021882659 
253 718 12 17 0.021878216 
-107 1816 40 50 0.02187137 
632 1084 15 17 0.021853747 
827 140 16 23 0.021850748 
580 956 10 14 0.021822978 
459 480 14 21 0.021804227 
-106 1867 43 54 0.021790065 
713 1238 7 8 0.021786079 
465 1379 8 12 0.021771278 
-13 1425 65 107 0.02176312 
633 1246 9 12 0.021745516 
529 1040 8 10 0.02172683 
639 496 42 66 0.021724178 
590 561 47 61 0.021715019 
422 469 13 20 0.02171316 
67 1423 40 54 0.02171081 
493 308 84 124 0.02170646 
512 448 34 60 0.021683598 
354 561 43 49 0.021647338 
623 515 18 28 0.021640306 
-158 1854 40 50 0.021631727 
371 1007 11 16 0.021626564 
-251 1867 22 26 0.021615898 
486 467 13 22 0.021608265 
56 1732 6 12 0.02160271 
885 70 26 34 0.0216016 
584 721 33 55 0.021597497 
420 845 44 70 0.021587316 
169 726 40 57 0.02157766 
479 1353 6 11 0.021573916 
702 1141 9 13 0.02157166 
929 49 17 20 0.021569578 
18 1694 8 13 0.021559326 
622 1308 11 15 0.021559214 
136 1232 9 15 0.021556752 
238 1440 11 14 0.021554964 
502 1102 9 11 0.021550361 
196 1414 11 16 0.021538252 
158 743 15 20 0.021516828 
465 1080 51 69 0.021508915 
489 1050 11 13 0.021508086 
610 1434 8 8 0.021489415 
665 660 181 227 0.021470496 
275 1553 21 20 0.02146589 
151 1653 447 578 0.021458127 
670 1155 18 24 0.021454472 
985 102 14 19 0.021435628 
6 1681 6 11 0.021420687 
1324 1895 39 49 0.021417543 
632 573 13 18 0.021413857 
474 760 40 67 0.021399314 
543 1101 10 11 0.021380322 
731 213 40 63 0.021376656 
160 732 13 19 0.021376478 
1296 1868 43 49 0.021362852 
-212 1866 23 28 0.021345982 
97 1887 7 14 0.021345628 
529 1079 8 10 0.021343503 
512 442 11 19 0.02134339 
576 932 10 14 0.021343354 
59 1969 8 10 0.021342797 
634 654 13 20 0.021328518 
659 666 13 20 0.021326162 
488 498 10 16 0.021324636 
566 1061 14 15 0.021321584 
616 1097 19 23 0.021308297 
649 378 22 41 0.021306027 
386 997 10 16 0.021299893 
508 915 20 24 0.021294536 
552 349 14 20 0.02128679 
518 383 38 55 0.021269813 
517 1380 8 13 0.02126714 
634 1272 9 13 0.021261694 
552 391 13 20 0.021259522 
446 758 14 21 0.021255352 
610 1242 19 22 0.021235827 
200 1402 9 13 0.02123506 
1360 1881 21 25 0.021227049 
282 665 10 18 0.0212258 
31 1514 16 21 0.021225607 
399 996 10 16 0.021223368 
197 1072 81 117 0.021217188 
543 1254 39 56 0.02121101 
213 745 13 17 0.021209596 
639 889 91 115 0.021208515 
74 1889 7 12 0.02120419 
697 320 47 69 0.021203509 
633 1217 12 14 0.021197783 
712 207 11 16 0.02119442 
393 844 45 72 0.02119432 
693 638 79 103 0.021194138 
689 237 41 58 0.02119162 
436 951 14 21 0.021182014 
488 1153 49 71 0.021175422 
-77 168 15 18 0.02117291 
499 1364 10 14 0.021150293 
225 731 14 19 0.021138577 
344 458 208 244 0.02113127 
515 1347 11 17 0.021128725 
214 1091 8 11 0.021123182 
577 644 20 32 0.021109747 
1348 1923 40 51 0.021109426 
1348 1867 42 50 0.021091925 
439 1075 8 12 0.021090753 
615 566 46 65 0.021082321 
607 1221 47 62 0.021066692 
837 113 17 23 0.021065155 
243 1469 10 12 0.021061096 
-134 1852 24 29 0.021057975 
318 1282 196 253 0.02105688 
55 1636 68 123 0.021051217 
331 501 84 111 0.021048235 
269 1380 7 10 0.02104603 
148 1179 8 14 0.021045078 
80 1372 13 20 0.021037973 
441 834 20 37 0.020988801 
482 965 42 57 0.020988159 
458 973 16 26 0.020965924 
735 234 13 19 0.020953448 
656 508 15 24 0.020951947 
466 1368 6 8 0.020949168 
1011 132 10 16 0.020942379 
542 894 38 59 0.020918893 
513 1281 13 18 0.020914037 
607 982 12 17 0.020903159 
1433 1823 187 246 0.020896897 
432 851 17 31 0.020893497 
217 1416 8 11 0.020890176 
661 655 11 17 0.020888867 
622 489 19 33 0.020864028 
557 1223 9 11 0.020855872 
900 51 20 23 0.020854596 
138 700 41 56 0.020853091 
522 915 13 18 0.020850847 
594 945 8 13 0.020842025 
568 1006 11 18 0.020831207 
968 160 44 77 0.020808637 
942 1675 45 53 0.020800605 
562 599 14 23 0.020800274 
669 221 13 17 0.020782197 
-65 1869 17 23 0.020778142 
134 1639 9 15 0.020777013 
623 973 9 12 0.020765861 
145 1107 75 135 0.020759756 
547 485 22 33 0.020748984 
528 1232 9 12 0.020740785 
1360 1894 21 25 0.020729234 
827 333 84 123 0.02071814 
-225 1866 23 27 0.020702815 
-199 1853 23 28 0.02069772 
107 678 12 20 0.020684248 
511 835 16 21 0.020664612 
295 428 94 113 0.020658249 
565 652 13 23 0.020655269 
904 141 18 22 0.02065268 
787 236 155 224 0.020650754 
751 132 11 13 0.020636484 
1321 1895 21 24 0.020633502 
84 1953 8 12 0.020630635 
513 390 13 20 0.020617276 
-160 1852 24 29 0.020616872 
293 1663 12 14 0.020604618 
528 1273 9 14 0.02060312 
632 1095 21 28 0.020599144 
785 394 94 120 0.02059095 
64 1371 14 23 0.02058925 
-133 1865 42 53 0.02058428 
704 114 44 60 0.020583414 
675 1250 8 9 0.020583177 
146 758 13 18 0.020579735 
254 693 10 16 0.020569114 
1270 1868 42 49 0.020568585 
42 1705 8 12 0.02056046 
107 1378 10 15 0.020553712 
515 1364 10 15 0.020553691 
343 960 43 62 0.020553065 
611 611 19 28 0.020552173 
621 354 16 19 0.020547664 
515 1041 55 65 0.020546753 
764 303 11 14 0.020524923 
608 1183 10 11 0.020519752 
474 845 17 30 0.020517591 
-64 1831 16 21 0.020485226 
384 979 13 20 0.020481512 
-91 167 17 19 0.02048105 
525 1319 11 18 0.020474061 
125 1485 21 33 0.020464376 
553 1131 10 11 0.020464359 
1413 1868 43 52 0.020462137 
527 1104 9 10 0.020455288 
871 65 25 27 0.02045288 
478 1391 7 11 0.02044627 
997 1727 68 166 0.020438846 
520 1385 51 51 0.02042803 
461 742 13 23 0.020414716 
495 743 20 34 0.020411393 
1116 1511 389 533 0.020407714 
578 1269 15 21 0.020394187 
541 929 12 17 0.0203916 
808 137 50 77 0.020391174 
42 1693 9 13 0.020387452 
406 877 46 78 0.020386621 
778 249 11 17 0.0203855 
763 146 10 11 0.02037767 
63 1527 16 21 0.020374557 
498 927 20 28 0.020346731 
580 1432 13 11 0.02034107 
635 302 9 16 0.020339077 
674 1234 7 10 0.02032967 
942 45 19 22 0.020318672 
434 763 42 70 0.020300832 
139 1400 16 25 0.02029944 
516 406 13 18 0.020298468 
169 743 15 19 0.02028929 
-90 180 15 19 0.020274615 
644 1287 11 14 0.020273417 
636 1433 8 8 0.02027324 
555 1207 11 13 0.020266777 
411 970 11 15 0.020264952 
570 441 23 36 0.020262139 
145 769 13 19 0.020256763 
210 2071 11 16 0.020256603 
-51 1857 15 21 0.020238686 
731 113 47 60 0.020223433 
-185 544 882 1351 0.020222696 
633 1190 42 62 0.020210575 
920 80 56 65 0.020208335 
145 731 14 20 0.02020392 
538 358 35 55 0.02019968 
748 317 14 16 0.020198323 
-93 1842 41 52 0.020198269 
-77 154 16 19 0.020197682 
445 962 14 24 0.02019471 
1324 1923 40 52 0.020189919 
28 1191 11 16 0.02018241 
847 391 83 117 0.020181136 
456 723 19 32 0.020178689 
496 1008 15 18 0.020173471 
-51 1870 15 21 0.020170717 
686 1224 9 11 0.020165382 
80 1513 18 24 0.020165095 
-118 179 18 21 0.020160649 
-356 1804 193 234 0.020154016 
722 139 41 55 0.020145683 
211 703 14 20 0.020144094 
122 1178 10 16 0.020141596 
593 1033 11 16 0.02014128 
508 1017 44 62 0.020131808 
241 1393 9 12 0.020131191 
492 1314 7 12 0.020119924 
97 1900 7 14 0.020118492 
418 -85 713 1099 0.020111274 
131 1379 12 16 0.020108707 
-48 1390 72 127 0.020103255 
975 1729 149 280 0.02009369 
212 732 13 18 0.020088226 
22 1736 5 10 0.020087926 
135 1649 10 16 0.020087417 
437 915 10 16 0.020085441 
132 769 14 19 0.020084398 
529 1025 9 11 0.020083336 
97 1729 10 14 0.020081937 
396 492 13 22 0.020077642 
-120 189 43 54 0.020074826 
95 1163 12 18 0.020072693 
54 1392 35 56 0.020061523 
1308 1882 21 23 0.020043839 
120 744 13 20 0.020041818 
525 364 13 22 0.020030309 
754 817 344 612 0.020028325 
107 1409 19 28 0.020028163 
919 51 15 18 0.020018132 
571 1356 43 57 0.020012783 
-63 155 14 17 0.02001012 
646 1183 11 13 0.020009246 
577 1058 17 18 0.020003881 
