26_Soldier_Drilling_Soldiers_Drilling_26_259
71
413 346 119 162 0.99955076 
109 172 6 8 0.058589865 
497 747 556 489 0.05389692 
100 804 8 8 0.048595466 
111 874 131 117 0.0453322 
113 544 515 529 0.04429961 
217 211 393 523 0.040033292 
141 759 10 14 0.038486514 
123 118 143 96 0.03678538 
886 810 6 10 0.03500926 
101 115 6 8 0.032676365 
101 181 6 6 0.03212964 
799 232 47 52 0.032026503 
789 183 12 20 0.031775862 
110 167 5 6 0.030646577 
861 89 4 4 0.0302866 
164 155 116 127 0.028694523 
101 862 6 8 0.028609166 
103 168 5 5 0.028436705 
90 222 5 6 0.02757412 
849 195 22 35 0.027459495 
105 173 5 6 0.02723083 
190 173 29 37 0.027026989 
193 127 33 28 0.027002636 
487 753 9 14 0.02699953 
166 127 77 47 0.026802197 
157 914 110 143 0.02608321 
127 115 5 6 0.025370203 
95 825 8 10 0.0251781 
899 400 9 11 0.024975386 
471 1037 5 6 0.024800733 
97 169 5 5 0.02468403 
209 118 31 29 0.024458505 
805 220 35 34 0.024375191 
812 495 9 11 0.023944985 
507 130 129 90 0.02380949 
762 178 28 38 0.023593737 
933 831 10 13 0.02345179 
82 95 5 6 0.023215543 
777 192 27 36 0.02308341 
167 616 6 9 0.022875585 
128 156 11 13 0.022784058 
183 170 9 10 0.022781665 
109 159 5 6 0.022766283 
627 159 7 8 0.022751087 
302 823 122 104 0.022648782 
81 812 7 10 0.022642007 
102 798 7 8 0.022626782 
937 500 8 12 0.022615163 
182 166 9 8 0.022581995 
802 496 5 8 0.022307578 
139 176 9 11 0.022226414 
20 862 10 15 0.02220914 
81 130 5 7 0.022061775 
211 152 16 17 0.021960808 
90 126 8 9 0.021820419 
102 840 7 8 0.021749089 
766 96 4 4 0.021446617 
886 961 6 9 0.021268178 
98 182 5 6 0.020905063 
944 818 8 12 0.020873817 
619 163 8 9 0.0208678 
803 515 8 10 0.020698238 
129 147 63 57 0.020658601 
899 805 6 10 0.020601656 
491 667 7 10 0.020570742 
741 159 55 65 0.02047188 
691 157 10 9 0.020407118 
808 458 5 9 0.020395989 
328 848 58 57 0.020387672 
887 771 5 8 0.02015554 
