26_Soldier_Drilling_Soldiers_Drilling_26_223
63
615 98 27 33 0.9998975 
277 113 26 31 0.99938214 
912 109 37 47 0.9992981 
203 124 22 27 0.99820983 
17 129 21 25 0.9977976 
408 93 24 33 0.99719703 
126 150 18 22 0.98861325 
382 109 27 32 0.98625666 
514 77 34 39 0.9853373 
92 131 20 27 0.9769384 
719 103 32 41 0.9741674 
164 138 19 28 0.9699519 
112 140 12 20 0.90649736 
67 135 10 17 0.704757 
624 179 21 24 0.7000065 
363 132 13 17 0.58025545 
665 138 20 27 0.55479044 
145 155 10 16 0.4937135 
461 101 24 33 0.41795325 
989 315 14 18 0.35437396 
382 418 21 26 0.28311092 
289 284 24 28 0.13144906 
314 248 21 27 0.11150331 
54 147 9 15 0.08106986 
627 167 30 29 0.08047704 
401 106 25 30 0.07383525 
711 115 7 9 0.06331084 
64 142 10 17 0.0533191 
222 238 18 27 0.05301796 
704 115 6 8 0.052445047 
705 130 8 8 0.04735007 
330 256 9 12 0.04166358 
158 144 13 18 0.039769538 
441 112 11 16 0.03880487 
342 234 15 17 0.037091233 
716 129 28 27 0.036379825 
508 89 10 15 0.035696946 
680 136 15 22 0.035690103 
490 111 14 17 0.03470495 
706 127 7 6 0.033680577 
446 106 20 28 0.030820683 
197 130 12 16 0.02759803 
63 130 9 15 0.027506651 
309 215 9 16 0.026638027 
704 134 9 13 0.026228672 
279 199 11 13 0.025955528 
471 110 27 29 0.02569868 
487 97 21 26 0.02496384 
710 125 7 9 0.02494256 
668 101 4 5 0.024620026 
701 114 6 6 0.024397718 
731 240 14 13 0.023237621 
87 133 12 15 0.022692248 
50 142 10 15 0.022473725 
195 43 3 4 0.021699514 
577 237 18 27 0.021235887 
375 115 10 13 0.020958584 
250 92 7 7 0.020805422 
73 144 9 15 0.020662753 
704 107 6 7 0.020508992 
463 237 10 12 0.020431312 
47 122 6 9 0.020248909 
58 132 9 15 0.020173911 
