12_Group_Large_Group_12_Group_Large_Group_12_103
69
311 188 41 55 0.9995191 
915 290 55 65 0.99930775 
823 166 21 33 0.9992428 
107 151 38 51 0.99917835 
502 189 39 51 0.9983352 
636 141 29 31 0.99768996 
739 131 20 30 0.9914737 
773 192 30 40 0.98916453 
361 136 18 25 0.98696345 
509 128 19 25 0.9866518 
532 174 27 34 0.98346436 
492 316 80 108 0.9726716 
396 150 24 28 0.97005314 
406 202 24 45 0.949555 
922 180 19 35 0.874751 
298 161 19 28 0.8587308 
647 229 33 48 0.59298027 
669 130 17 25 0.3438804 
698 186 28 28 0.31055287 
448 147 14 26 0.19994861 
927 187 27 38 0.13245559 
639 218 25 42 0.11123272 
316 123 20 30 0.10729047 
410 147 21 25 0.08536898 
881 280 36 50 0.08362368 
275 183 29 30 0.069634736 
439 146 13 19 0.06199378 
382 167 13 15 0.055202384 
711 194 25 30 0.045859095 
301 168 39 47 0.045265578 
285 171 26 30 0.043329533 
455 150 19 28 0.043313853 
432 140 12 17 0.0431783 
417 140 17 19 0.04049283 
438 160 20 26 0.039335515 
338 158 9 12 0.039161142 
353 237 26 34 0.03847452 
404 137 12 12 0.038067013 
187 473 107 117 0.03747984 
291 166 16 20 0.036357287 
303 140 23 31 0.036292814 
755 136 13 17 0.0354031 
529 147 21 25 0.035252184 
386 157 21 25 0.03318681 
14 235 23 49 0.03214359 
573 168 15 18 0.031947736 
350 173 11 14 0.02953061 
266 204 31 33 0.02902792 
342 163 9 13 0.02765768 
596 210 17 17 0.027459744 
282 440 79 85 0.027108293 
300 120 20 29 0.026329782 
545 157 25 25 0.025227576 
941 278 50 58 0.025035355 
330 158 19 24 0.025027636 
-24 -220 214 211 0.024856217 
671 185 40 39 0.024819167 
0 213 30 49 0.02306457 
586 190 22 26 0.02219382 
1 200 20 23 0.022164864 
540 148 24 23 0.022136562 
674 125 10 16 0.021682972 
531 156 26 33 0.02088187 
619 138 18 26 0.020510107 
362 181 14 16 0.020331962 
450 163 12 18 0.020264572 
-8 73 36 76 0.020215902 
363 228 22 27 0.020166961 
654 140 24 28 0.020122286 
