12_Group_Team_Organized_Group_12_Group_Team_Organized_Group_12_28
54
522 256 38 49 0.999488 
927 241 26 34 0.9993594 
680 46 44 64 0.999071 
602 269 25 32 0.99849975 
431 262 29 35 0.9980889 
215 -11 54 59 0.9966185 
986 285 29 41 0.99620205 
140 266 25 33 0.98592734 
468 260 22 26 0.9817276 
964 252 30 33 0.97794116 
826 272 17 34 0.92987335 
877 279 23 27 0.92336345 
998 244 20 32 0.8701 
5 221 23 40 0.67451656 
783 271 16 25 0.5959339 
155 242 14 19 0.47209123 
785 344 36 33 0.32881862 
676 261 11 22 0.32183778 
91 233 21 28 0.20826289 
830 283 27 29 0.18469647 
67 231 12 19 0.10834667 
782 280 21 38 0.09457287 
981 246 26 32 0.08708549 
175 9 23 37 0.084588625 
19 219 20 28 0.08434673 
685 217 11 16 0.063974604 
778 264 13 24 0.063467324 
326 282 25 38 0.05713919 
782 257 20 26 0.048781067 
333 263 19 28 0.04826659 
159 -3 31 45 0.04431234 
163 156 16 31 0.037230592 
608 326 24 33 0.036664363 
798 326 27 35 0.035821244 
711 218 14 31 0.032967474 
105 13 38 52 0.032252796 
871 277 17 21 0.031498 
84 219 27 29 0.030952433 
107 211 17 32 0.030312825 
145 0 27 31 0.02906538 
331 262 11 18 0.028940443 
716 172 12 15 0.02829982 
50 263 22 44 0.027410284 
779 311 69 73 0.02486823 
104 245 10 15 0.023981879 
1000 364 19 26 0.02351604 
773 259 11 21 0.023502694 
5 227 12 22 0.022665866 
806 314 25 33 0.020927621 
328 272 15 22 0.02081588 
776 353 17 17 0.020697562 
841 290 25 29 0.020568537 
99 250 12 17 0.020426473 
3 213 13 25 0.020073008 
