12_Group_Large_Group_12_Group_Large_Group_12_213
333
669 279 11 15 0.989205 
738 276 13 13 0.98658025 
487 348 23 29 0.98521084 
849 268 19 20 0.97261107 
279 317 20 24 0.9676473 
470 299 18 19 0.9498805 
244 304 17 20 0.947454 
292 286 14 16 0.94471264 
164 410 43 30 0.9404306 
836 351 32 25 0.9323754 
583 282 16 20 0.9073994 
351 360 31 29 0.87944555 
697 312 15 16 0.87184715 
721 379 26 23 0.8428471 
0 380 21 41 0.7312822 
404 290 14 14 0.7164512 
761 307 14 13 0.6878412 
885 280 13 15 0.6709053 
546 308 12 13 0.60942626 
581 318 17 19 0.52512854 
251 423 23 20 0.49725968 
423 318 18 17 0.37760857 
785 298 8 9 0.37491572 
448 289 14 17 0.33499578 
414 305 13 11 0.21371764 
485 300 10 12 0.20898409 
524 317 11 12 0.17618261 
508 333 13 19 0.15083292 
940 318 21 20 0.12810361 
238 309 10 12 0.10996432 
411 297 14 13 0.10716822 
753 336 11 15 0.10581981 
753 329 9 12 0.09897482 
75 514 11 14 0.09394051 
777 306 9 9 0.09368369 
786 403 34 48 0.09041861 
886 422 39 50 0.087236986 
760 292 9 10 0.08146929 
593 399 13 15 0.07792358 
642 290 12 13 0.077818796 
2 540 24 29 0.07084658 
515 317 11 12 0.070391975 
550 323 16 14 0.07025169 
751 292 12 13 0.07009923 
438 309 11 14 0.06236513 
552 315 15 15 0.06083383 
705 310 12 14 0.059171535 
289 356 24 20 0.058439888 
218 317 13 15 0.057295393 
770 305 12 11 0.05624967 
675 282 11 13 0.0537264 
551 305 11 12 0.053233646 
272 321 16 17 0.052159674 
824 68 11 11 0.04891802 
719 345 12 11 0.048742715 
895 290 11 15 0.04492297 
545 274 7 11 0.041787397 
810 301 7 8 0.041180067 
240 407 41 38 0.040645216 
717 281 7 8 0.040583696 
674 272 11 13 0.040491063 
272 299 12 15 0.040472068 
520 323 15 20 0.040297553 
247 291 10 12 0.03972823 
751 387 26 24 0.039152876 
856 302 27 23 0.039146084 
576 260 8 11 0.038923483 
551 22 8 11 0.038840987 
768 279 7 8 0.03865638 
963 293 9 8 0.03846646 
9 386 12 18 0.03845258 
821 346 13 14 0.03841057 
711 378 18 19 0.038279645 
751 342 14 18 0.03717778 
232 333 16 15 0.036975402 
812 287 8 11 0.03674608 
514 330 19 27 0.036273077 
405 300 16 15 0.036243178 
37 431 18 25 0.03574251 
544 329 23 21 0.035636965 
791 318 11 13 0.03558118 
969 283 4 5 0.035435364 
381 349 19 26 0.03520899 
714 310 9 11 0.035034414 
736 309 15 16 0.034908067 
685 390 16 19 0.034853578 
738 267 13 14 0.034763575 
772 300 9 9 0.03458432 
984 339 45 49 0.03427921 
512 312 10 11 0.034074195 
267 287 9 9 0.033595383 
649 291 12 13 0.03332876 
955 300 14 16 0.033053216 
677 608 10 8 0.03292361 
717 272 8 9 0.032883894 
967 288 6 6 0.03269502 
481 269 5 6 0.0325301 
67 430 17 29 0.03249202 
243 716 7 7 0.03225927 
864 271 13 13 0.032188177 
683 267 7 8 0.032159276 
674 257 4 6 0.03197097 
530 298 10 12 0.0315834 
945 286 7 9 0.031536467 
962 30 11 9 0.031504944 
336 297 12 16 0.0312663 
541 321 15 15 0.031204699 
9 12 14 19 0.030997923 
36 17 9 9 0.030705573 
777 269 5 6 0.030588077 
720 268 8 8 0.03052791 
534 292 10 13 0.03045081 
789 299 9 10 0.03039004 
502 263 4 6 0.030334972 
272 303 21 24 0.030203559 
699 372 41 36 0.030168736 
782 296 7 7 0.030130364 
972 284 5 4 0.030092778 
234 300 32 37 0.030035838 
764 417 27 37 0.029917011 
142 183 15 12 0.029574934 
876 392 8 7 0.029384306 
578 343 10 14 0.028993368 
884 389 7 7 0.02894406 
362 304 9 12 0.028891232 
503 285 7 9 0.028862325 
545 269 6 8 0.028778004 
534 316 12 14 0.028776044 
386 257 4 6 0.028769447 
752 353 11 14 0.028566822 
934 293 10 10 0.028526414 
380 225 4 5 0.028469015 
765 288 8 9 0.028452842 
611 304 9 12 0.028408224 
651 280 8 9 0.028365435 
580 310 14 16 0.028264906 
657 271 10 13 0.028233858 
935 286 8 8 0.028148223 
622 263 5 5 0.02809167 
266 131 345 323 0.027950818 
807 294 6 7 0.027849661 
247 288 8 8 0.027735934 
794 374 28 24 0.02766984 
800 269 5 6 0.027593086 
386 232 4 5 0.027555417 
799 261 6 6 0.027207125 
761 269 6 7 0.02714992 
919 24 13 9 0.02714391 
961 289 6 6 0.027085211 
620 276 9 12 0.026827132 
706 245 4 4 0.026723912 
842 315 29 22 0.026675649 
677 406 32 32 0.026503393 
727 307 13 15 0.026487587 
681 281 10 11 0.026448434 
794 288 7 7 0.026312036 
908 159 7 9 0.026293509 
785 286 8 9 0.02628925 
739 297 14 13 0.026255392 
357 298 10 13 0.026246587 
718 262 6 7 0.026222812 
180 417 21 17 0.026215253 
552 347 15 17 0.026103357 
712 245 5 4 0.025954517 
273 292 9 11 0.02592237 
386 236 5 6 0.025896939 
598 279 8 11 0.025850706 
726 289 12 15 0.025834363 
218 295 6 6 0.025791144 
387 261 4 8 0.025682746 
899 342 23 27 0.025667354 
386 225 4 4 0.025652787 
492 275 5 6 0.025637275 
721 255 7 7 0.025617491 
781 282 6 6 0.025549663 
647 280 8 10 0.02552317 
520 274 5 7 0.025519503 
580 256 8 8 0.025513118 
773 293 8 8 0.02550767 
520 269 5 6 0.025458261 
488 269 4 5 0.025434146 
545 286 6 9 0.025411857 
761 275 6 7 0.025373952 
763 299 13 12 0.025357537 
64 6 6 7 0.025308441 
649 298 12 14 0.025288222 
652 292 19 22 0.025246639 
506 268 4 5 0.025163513 
642 255 4 6 0.0250749 
748 324 10 12 0.025030805 
215 311 13 15 0.024994615 
427 13 9 8 0.024992878 
710 255 6 6 0.024959253 
935 282 7 8 0.024804447 
409 290 32 39 0.024724204 
721 286 9 11 0.024704037 
232 293 7 8 0.024593892 
369 351 21 28 0.02455106 
795 269 6 6 0.024500119 
475 271 5 5 0.024496585 
479 275 6 6 0.024346026 
703 268 7 9 0.024341684 
290 312 20 26 0.024278762 
514 264 5 6 0.024246838 
791 305 8 8 0.02412894 
233 288 5 6 0.024056928 
781 288 6 6 0.024048837 
830 285 9 12 0.024019102 
786 270 7 5 0.024018927 
373 362 11 15 0.024010828 
476 275 5 5 0.0240083 
500 294 6 8 0.023970082 
786 303 9 10 0.023910422 
50 0 8 8 0.023848424 
706 256 5 5 0.023786528 
624 274 9 10 0.023767173 
788 262 6 6 0.023706285 
798 257 7 7 0.023667099 
629 258 4 4 0.023590159 
592 281 11 13 0.023545593 
769 270 5 6 0.023509946 
489 275 5 6 0.023494894 
35 11 9 10 0.023438277 
501 268 5 6 0.023426821 
500 275 5 6 0.023228917 
417 293 12 13 0.023225646 
474 282 8 7 0.023211852 
655 619 10 8 0.022884386 
365 210 5 7 0.022837972 
269 283 6 6 0.022803934 
711 251 6 5 0.022791278 
780 275 6 6 0.022761637 
861 380 12 10 0.02272138 
898 300 12 14 0.02271738 
941 303 22 25 0.022699904 
379 251 4 7 0.022646323 
709 281 7 8 0.022585236 
756 236 5 6 0.022558218 
151 643 11 9 0.022540309 
509 321 13 15 0.022532668 
699 246 4 4 0.02249421 
65 11 7 8 0.022477508 
544 291 8 10 0.022468342 
572 139 409 329 0.022426525 
673 372 12 17 0.022418275 
435 304 11 13 0.022409018 
698 269 6 8 0.022395069 
796 316 10 11 0.022378372 
445 353 14 13 0.02236846 
273 288 7 7 0.02234833 
701 284 9 10 0.022342527 
747 250 6 6 0.022337845 
856 355 14 12 0.022331811 
533 262 5 6 0.022302449 
359 294 7 9 0.022257827 
498 299 7 9 0.02225495 
47 431 24 27 0.022254156 
774 274 7 8 0.022233883 
406 308 13 14 0.022230735 
786 281 7 7 0.022230366 
819 349 23 25 0.022217084 
928 366 18 16 0.022202559 
231 392 26 23 0.022188963 
678 268 7 8 0.022179494 
929 307 22 25 0.022177396 
960 407 23 23 0.022168862 
960 296 12 13 0.022160057 
531 287 7 8 0.022138594 
732 341 10 10 0.022109294 
216 305 9 10 0.022103878 
716 245 6 5 0.022059595 
711 264 5 5 0.022049803 
616 276 5 6 0.022038123 
444 309 12 13 0.021953363 
798 281 7 8 0.021853497 
871 270 36 37 0.021823727 
736 250 5 6 0.021758294 
488 264 4 5 0.021713646 
981 284 4 4 0.021711264 
298 309 12 17 0.021636298 
983 17 12 9 0.021635909 
37 8 6 6 0.021511527 
673 268 8 10 0.021481944 
424 415 14 18 0.021477545 
623 257 5 5 0.02142064 
645 620 7 6 0.021417735 
46 1 7 7 0.021296985 
916 249 5 7 0.021246683 
897 245 5 5 0.021235943 
617 264 4 5 0.021203967 
725 244 5 5 0.021182127 
774 280 7 8 0.021146515 
506 263 4 6 0.021144453 
528 312 11 13 0.021093061 
723 251 6 5 0.021093052 
928 299 9 9 0.02108839 
495 263 4 6 0.02107721 
800 294 6 7 0.02104488 
425 324 22 25 0.02102367 
621 285 8 10 0.021001935 
58 5 5 7 0.020989848 
538 269 5 6 0.020938503 
751 416 27 27 0.020933907 
335 268 10 15 0.020931613 
502 282 5 7 0.02085813 
693 258 4 4 0.020719653 
557 273 8 12 0.020684171 
944 291 10 10 0.020668847 
502 258 3 5 0.02063666 
390 225 5 5 0.020636398 
963 284 4 4 0.020566419 
672 259 7 9 0.020560885 
449 300 13 16 0.020464325 
646 267 5 8 0.020418938 
535 308 32 34 0.020414757 
811 281 7 9 0.020400906 
882 287 21 24 0.02038844 
794 294 6 8 0.020347133 
645 262 6 9 0.02034631 
718 256 6 7 0.02021722 
222 307 7 8 0.020179326 
335 242 6 10 0.020172438 
37 531 27 28 0.020138185 
544 7 5 7 0.020102546 
769 199 6 6 0.020090947 
390 232 5 5 0.020083273 
456 275 6 9 0.020079829 
911 245 4 4 0.020077942 
756 225 5 5 0.020034695 
244 7 29 30 0.020031722 
614 256 5 5 0.020012155 
378 236 5 5 0.020011917 
38 22 10 11 0.020000087 
