12_Group_Team_Organized_Group_12_Group_Team_Organized_Group_12_353
53
422 0 451 499 0.997412 
50 906 454 681 0.12591016 
120 611 133 135 0.106118724 
499 835 130 208 0.08453637 
341 257 109 175 0.0761526 
374 577 58 91 0.054008875 
84 488 201 322 0.04370774 
1002 -123 457 658 0.035836853 
-214 22 195 295 0.034711003 
824 999 10 19 0.03356693 
546 289 509 598 0.03324095 
172 642 41 47 0.033219766 
961 567 52 82 0.03299652 
136 615 7 9 0.032781966 
153 661 44 45 0.032005493 
193 643 11 15 0.029149061 
621 840 432 604 0.028614433 
252 655 7 11 0.028378703 
523 711 64 73 0.027160028 
229 657 64 94 0.026110692 
162 606 6 8 0.02594988 
902 1315 128 171 0.0258552 
492 725 124 180 0.025852315 
155 608 5 7 0.025747016 
336 960 4 8 0.025378404 
141 614 7 9 0.025012843 
746 608 118 115 0.024894932 
441 17 211 220 0.023882626 
933 1097 5 6 0.023810456 
295 957 7 10 0.023740456 
287 921 8 11 0.023548549 
211 623 68 84 0.023441155 
545 877 71 106 0.023426196 
126 674 40 41 0.022712 
286 227 211 313 0.02270242 
309 1119 37 41 0.022657787 
314 545 106 151 0.022561824 
954 215 464 634 0.022512695 
204 634 39 49 0.022353081 
777 770 121 164 0.0223456 
1064 25 279 323 0.022194896 
145 684 18 20 0.021931145 
237 677 16 24 0.021602115 
262 166 444 558 0.021304306 
391 720 378 503 0.021258125 
228 680 14 22 0.021166489 
212 633 11 15 0.021130456 
159 616 6 7 0.021024607 
851 832 6 9 0.020876335 
165 602 3 5 0.020680906 
208 666 33 50 0.020565685 
256 701 12 25 0.02030848 
913 1099 5 6 0.020190362 
