12_Group_Team_Organized_Group_12_Group_Team_Organized_Group_12_855
293
746 278 27 32 0.9995522 
805 275 32 38 0.9965295 
722 248 31 30 0.99502486 
826 339 24 32 0.98997736 
917 311 17 26 0.9889737 
889 238 32 39 0.98376334 
673 278 29 36 0.9287351 
219 268 23 21 0.7657076 
648 339 12 18 0.68307567 
657 339 17 21 0.4400779 
537 445 10 12 0.42087936 
793 365 43 47 0.26322663 
806 344 22 25 0.2560292 
902 311 22 26 0.23609222 
598 263 22 23 0.13995627 
167 398 16 13 0.12376096 
584 322 11 14 0.12187439 
394 324 14 13 0.108808525 
790 347 18 26 0.10265843 
351 411 9 9 0.10223882 
886 316 19 25 0.091717795 
473 326 10 11 0.08894065 
502 461 11 9 0.087649375 
535 433 4 5 0.084764846 
226 328 12 13 0.08167204 
320 392 17 15 0.08045372 
974 460 6 9 0.07545053 
562 321 9 10 0.068245694 
76 473 10 12 0.06733715 
937 494 10 14 0.06527948 
626 275 30 28 0.06526998 
629 240 47 47 0.06411966 
-21 -167 183 155 0.058837414 
706 250 15 17 0.058252778 
339 457 6 6 0.05798866 
546 430 5 6 0.05719702 
739 249 24 24 0.057126448 
537 436 6 7 0.056093063 
122 471 6 7 0.053489633 
283 396 13 12 0.050388947 
534 324 5 5 0.050366495 
536 323 7 7 0.046822425 
425 329 5 7 0.04560901 
828 560 6 9 0.045331713 
466 324 9 12 0.04519575 
999 416 22 25 0.045123614 
346 410 7 7 0.044877246 
500 467 12 11 0.043711983 
16 464 34 28 0.042761546 
544 321 12 11 0.04268668 
353 406 7 6 0.041681834 
486 323 6 7 0.040507738 
605 377 22 23 0.03989439 
543 260 6 11 0.03947693 
987 333 43 42 0.03937272 
149 471 5 5 0.039299138 
546 429 4 4 0.03916117 
505 323 5 6 0.038523495 
550 416 7 7 0.037682213 
526 323 5 5 0.037440207 
27 361 3 5 0.036959153 
0 452 52 61 0.036731705 
429 331 4 5 0.03661303 
279 385 22 21 0.035983987 
677 343 16 25 0.034879763 
493 440 4 5 0.03480622 
34 362 3 4 0.034695286 
636 216 51 49 0.034536846 
539 418 4 5 0.033812232 
541 407 4 4 0.03374673 
521 323 5 5 0.033345044 
143 472 4 3 0.03327516 
39 435 9 9 0.033086598 
510 459 8 6 0.03274727 
327 461 6 7 0.03265585 
461 325 7 10 0.032555312 
309 330 12 14 0.032279268 
570 363 30 27 0.032187343 
540 427 3 3 0.032166656 
571 346 17 12 0.032112025 
994 345 29 18 0.031989865 
144 477 4 5 0.031424347 
54 367 3 5 0.031252824 
508 462 10 8 0.031240145 
716 358 22 27 0.031172598 
500 323 6 7 0.03114062 
327 459 6 5 0.030910326 
545 408 5 4 0.03076531 
353 401 5 5 0.030652732 
549 431 5 6 0.030547658 
282 472 5 5 0.030074976 
551 412 6 6 0.030064931 
586 399 10 12 0.029783674 
202 262 37 38 0.029464174 
539 414 5 5 0.029462593 
500 458 8 7 0.029174093 
518 476 8 7 0.029010477 
163 378 11 10 0.028927539 
975 372 31 22 0.028776417 
443 332 5 4 0.028509822 
276 490 5 6 0.028174495 
64 485 8 10 0.028154476 
282 476 6 6 0.028143154 
492 449 7 8 0.027933568 
305 325 24 28 0.02769168 
496 323 5 6 0.027687501 
425 325 5 5 0.027533304 
153 472 4 5 0.027462851 
496 457 20 18 0.02738712 
177 478 4 5 0.02737018 
546 413 5 4 0.027367432 
610 271 11 13 0.027248116 
651 291 24 24 0.027227374 
202 466 4 4 0.027209524 
332 328 7 7 0.027084691 
595 321 7 9 0.027017435 
321 439 5 5 0.026980484 
322 446 5 4 0.026874842 
494 446 4 5 0.02686219 
551 407 7 5 0.026696013 
787 296 17 27 0.02667727 
834 549 4 4 0.026529713 
657 298 12 13 0.026525306 
929 580 5 4 0.026464486 
127 471 4 5 0.026306575 
60 450 5 7 0.026304463 
46 362 4 4 0.026238143 
69 475 7 10 0.026216038 
554 317 21 20 0.026215682 
457 324 4 5 0.026130436 
41 424 6 7 0.026018538 
602 321 6 8 0.025995685 
458 405 10 9 0.025935004 
138 477 4 4 0.025880309 
281 479 6 7 0.025821948 
686 289 15 17 0.025755154 
418 328 6 7 0.025718207 
296 328 11 11 0.025678724 
176 482 4 5 0.025645643 
352 451 26 19 0.02564522 
48 356 3 4 0.025644327 
438 333 4 3 0.025636487 
207 514 20 25 0.025582658 
121 477 10 14 0.025515737 
391 421 23 27 0.025399778 
395 294 12 15 0.025249062 
22 361 3 6 0.025207486 
34 357 2 3 0.025139505 
619 445 21 26 0.025011495 
371 491 7 6 0.02496868 
28 356 3 4 0.02490374 
138 472 3 4 0.02487955 
976 457 7 9 0.024829136 
170 239 27 20 0.024823295 
348 326 9 8 0.024786014 
392 496 7 6 0.024718003 
117 217 31 18 0.024649462 
545 419 4 4 0.02459061 
160 384 10 10 0.024515463 
955 411 13 17 0.024432706 
432 334 5 5 0.024397654 
847 553 3 5 0.024397371 
535 319 3 4 0.024365094 
300 405 6 7 0.024285644 
402 494 10 8 0.02405967 
623 404 6 8 0.023897825 
845 572 5 6 0.02388188 
60 455 7 9 0.023852948 
834 553 3 5 0.023805978 
173 363 32 23 0.023765974 
841 554 4 5 0.0237601 
43 414 8 11 0.023719456 
527 319 3 4 0.023606675 
442 334 6 6 0.02359389 
522 319 3 4 0.02358893 
359 326 8 10 0.023587827 
924 581 5 3 0.023502005 
569 399 7 6 0.023498213 
534 420 4 4 0.023482852 
533 326 6 7 0.023385063 
321 433 6 5 0.023348931 
830 567 6 12 0.023318157 
535 426 3 4 0.023315102 
549 426 6 6 0.023284683 
147 475 5 6 0.023269769 
485 436 6 9 0.023261202 
171 260 46 42 0.023208424 
176 381 31 22 0.023138175 
536 486 7 8 0.023106856 
335 458 5 6 0.023055268 
377 490 7 7 0.023004565 
534 436 5 6 0.022983056 
510 475 8 7 0.022915697 
491 461 7 9 0.022889549 
292 325 25 23 0.022812584 
139 480 7 8 0.022779537 
44 422 6 8 0.022659339 
23 355 3 5 0.022651844 
514 462 10 7 0.022630371 
59 443 5 7 0.022624172 
165 469 8 6 0.022582795 
207 500 11 12 0.022456884 
497 450 6 6 0.022442598 
701 375 67 109 0.022390464 
59 439 5 6 0.022386374 
325 326 8 10 0.022363072 
63 473 10 13 0.022351371 
619 429 24 26 0.022338487 
456 326 5 7 0.022290785 
528 273 8 14 0.022281656 
204 472 7 8 0.02225221 
539 371 3 3 0.022250067 
401 406 11 9 0.02222276 
191 509 10 13 0.022209268 
848 549 2 4 0.022196578 
554 405 8 6 0.02218204 
974 467 7 9 0.022175863 
431 452 5 6 0.022093033 
423 332 6 7 0.022091055 
65 425 6 6 0.021898927 
505 327 6 7 0.0218985 
494 327 6 7 0.021865081 
207 470 5 7 0.021854963 
-3 597 44 71 0.021833537 
423 406 8 7 0.021807384 
26 449 26 27 0.021751424 
65 442 6 8 0.021731481 
468 317 5 7 0.021717452 
279 483 4 5 0.021657046 
716 370 36 54 0.021627145 
144 494 22 23 0.02154245 
365 467 24 22 0.021537513 
68 468 6 7 0.021519188 
290 472 3 3 0.021483311 
285 280 18 24 0.021467501 
988 421 25 26 0.021414407 
42 363 3 4 0.021409761 
35 437 6 8 0.02140337 
200 471 6 6 0.021295374 
488 467 9 12 0.02121611 
717 250 447 368 0.021197535 
582 239 26 22 0.021194125 
924 573 5 5 0.021152897 
449 330 4 6 0.021052485 
581 338 26 19 0.021019774 
388 326 13 12 0.020962588 
992 411 19 16 0.02095678 
125 475 7 8 0.020923238 
365 490 7 6 0.020887382 
104 457 5 7 0.020865088 
334 447 4 4 0.020839281 
16 360 5 7 0.020827297 
79 194 6 9 0.02081272 
252 444 25 35 0.02079742 
474 321 19 21 0.020783965 
381 494 8 9 0.020768937 
464 318 3 5 0.020732732 
376 493 8 9 0.020696478 
535 369 3 4 0.020680446 
940 577 9 8 0.020653315 
64 467 7 10 0.020645063 
498 466 25 21 0.020643936 
329 440 4 4 0.020640321 
301 464 27 25 0.020631138 
519 496 26 25 0.020628951 
395 288 10 13 0.020614808 
175 472 4 4 0.020590989 
52 419 4 5 0.020561252 
1005 439 9 11 0.020470962 
592 323 10 13 0.020463077 
534 413 3 4 0.02045185 
53 426 4 5 0.020425476 
108 269 8 10 0.020421984 
92 196 57 42 0.020407466 
560 258 5 8 0.020406142 
320 419 6 5 0.02039219 
451 410 23 30 0.020355208 
328 433 5 5 0.020350402 
86 474 8 9 0.02023888 
238 436 27 36 0.02021948 
927 572 6 5 0.020110358 
539 302 78 92 0.02009985 
429 525 17 11 0.020090751 
501 440 4 5 0.02007657 
516 480 10 8 0.020076193 
253 324 24 21 0.020057032 
993 355 18 12 0.020041134 
43 244 8 8 0.020040419 
630 435 25 27 0.020037776 
75 158 112 79 0.020022115 
551 271 5 8 0.02001952 
257 250 17 28 0.020015731 
529 263 7 9 0.020006755 
