12_Group_Large_Group_12_Group_Large_Group_12_212
43
685 372 80 112 0.9997334 
267 358 93 103 0.9994624 
478 703 95 133 0.99777406 
936 775 13 18 0.25458837 
974 747 12 17 0.21076654 
261 319 31 36 0.10116246 
15 594 20 45 0.08779487 
915 734 17 24 0.07725483 
906 771 18 22 0.07698177 
157 795 20 32 0.06597853 
41 868 21 31 0.04620746 
962 729 15 19 0.045473557 
933 727 14 23 0.044167597 
933 795 19 33 0.03822512 
998 831 10 17 0.037854534 
871 742 12 20 0.036671042 
965 739 16 22 0.03504215 
941 728 14 20 0.034526005 
956 740 14 17 0.03424924 
924 695 16 25 0.033740327 
893 761 14 17 0.033108532 
952 661 22 25 0.029944703 
913 723 14 21 0.02635555 
391 1174 84 99 0.0250725 
880 782 13 21 0.024846552 
903 786 18 29 0.02481206 
48 775 12 24 0.024556292 
148 768 12 20 0.024056308 
110 610 40 46 0.023798173 
899 762 17 20 0.023710158 
25 692 25 42 0.023115227 
964 704 15 23 0.022877263 
993 539 13 23 0.0225251 
973 729 16 24 0.02232847 
937 686 30 41 0.02220868 
835 804 30 40 0.021953404 
952 719 17 24 0.021614391 
434 1632 8 11 0.02135692 
913 708 13 19 0.020935217 
986 655 16 23 0.020298198 
883 772 13 19 0.020257501 
882 740 12 18 0.02020241 
903 660 29 44 0.020039149 
