12_Group_Team_Organized_Group_12_Group_Team_Organized_Group_12_504
35
699 139 93 114 0.99890304 
434 105 95 117 0.9985195 
168 215 82 100 0.99576265 
638 164 28 25 0.585751 
644 149 43 47 0.21374206 
362 140 36 25 0.18116643 
390 449 11 13 0.1527288 
155 225 28 28 0.15036644 
76 375 41 56 0.13417833 
59 22 24 32 0.11479188 
479 52 30 43 0.09306139 
865 147 103 90 0.06619367 
200 186 109 93 0.055047464 
365 151 34 34 0.046413854 
-17 -169 174 158 0.045910552 
56 652 20 24 0.045739986 
162 45 15 13 0.03604192 
19 279 76 91 0.032501273 
527 55 28 35 0.032024126 
892 143 4 4 0.0279464 
892 148 4 5 0.02791133 
648 125 30 42 0.026200647 
76 653 22 23 0.025393624 
569 62 22 25 0.023946816 
1003 18 10 7 0.023338208 
348 112 67 72 0.022900337 
899 143 4 4 0.022099901 
899 147 4 5 0.021771234 
501 56 46 46 0.021731758 
845 -181 261 165 0.021667741 
102 650 6 8 0.021417102 
1004 24 9 6 0.020692226 
264 202 32 29 0.020449867 
910 141 5 5 0.020377323 
153 230 13 17 0.02000983 
