12_Group_Team_Organized_Group_12_Group_Team_Organized_Group_12_850
41
472 149 125 173 0.9982869 
672 258 33 57 0.99408096 
276 212 137 173 0.99402976 
925 274 14 19 0.25688988 
762 307 104 112 0.11479579 
963 292 13 15 0.086433396 
1010 297 19 29 0.06055955 
959 274 13 16 0.049610894 
394 25 11 12 0.04611218 
121 260 10 10 0.042259313 
120 276 9 11 0.041961145 
974 296 12 15 0.041728932 
1011 270 9 14 0.041052524 
36 368 17 25 0.038973857 
975 308 14 15 0.038568683 
93 246 12 12 0.035187874 
36 381 11 16 0.035111435 
124 248 10 9 0.03295195 
943 281 51 43 0.030523285 
1007 295 14 19 0.029929575 
791 219 205 198 0.028965518 
773 131 11 9 0.028556146 
227 615 11 12 0.028538635 
806 132 8 9 0.027246956 
942 303 14 16 0.026802968 
116 244 21 21 0.026113434 
1010 248 12 15 0.025859114 
23 349 9 12 0.02402231 
133 247 24 26 0.02391661 
954 294 24 23 0.023874423 
873 149 10 12 0.023864275 
-21 -176 182 179 0.023216425 
907 302 12 21 0.022320956 
143 267 24 29 0.022259615 
934 287 24 24 0.022230227 
969 282 14 16 0.021935817 
988 288 12 16 0.021748126 
858 -189 260 180 0.021670971 
965 180 11 13 0.021355014 
1007 278 21 31 0.021315454 
119 264 12 14 0.020241164 
