12_Group_Large_Group_12_Group_Large_Group_12_849
2952
213 221 13 15 0.97200304 
780 341 15 21 0.86015755 
394 324 21 22 0.7014666 
644 354 20 24 0.25768438 
436 304 14 20 0.22765853 
378 321 44 39 0.1861042 
774 424 30 25 0.16790496 
654 358 14 16 0.1520203 
643 360 33 38 0.15099393 
818 324 25 30 0.13721031 
723 356 8 10 0.1295439 
177 249 10 10 0.12260841 
785 11 32 28 0.11048235 
141 260 14 20 0.105304904 
209 161 9 13 0.102333196 
21 291 205 211 0.09784968 
156 151 9 12 0.09772025 
807 344 18 26 0.09351452 
368 356 49 50 0.09103037 
633 442 40 47 0.08927548 
136 225 12 13 0.08907766 
182 334 12 16 0.08881691 
126 215 8 12 0.08713205 
152 167 11 14 0.08515854 
492 283 8 12 0.083485745 
504 297 8 13 0.08258473 
143 156 9 12 0.08234976 
256 423 9 12 0.08220774 
883 283 38 47 0.079034455 
335 513 56 50 0.078440875 
-5 -142 61 137 0.07691976 
608 176 22 31 0.07690399 
761 163 25 36 0.07643252 
485 105 13 19 0.075935565 
733 201 24 25 0.07527705 
300 323 20 21 0.07518612 
210 449 191 199 0.07511072 
290 509 113 93 0.0744689 
421 302 36 41 0.070677504 
359 364 6 7 0.07017032 
425 341 14 20 0.069073185 
499 72 38 55 0.06898156 
918 126 181 170 0.067968525 
360 386 20 30 0.06760368 
386 328 16 15 0.06632835 
182 265 9 10 0.064800985 
300 135 6 6 0.063872054 
19 313 111 119 0.06353875 
141 185 7 9 0.06297883 
815 334 19 32 0.06265502 
388 188 8 11 0.062355928 
575 325 7 11 0.062142264 
518 309 8 13 0.060597133 
888 309 73 92 0.05914717 
624 444 27 35 0.058813788 
367 348 22 25 0.0585872 
234 159 11 15 0.05834875 
714 347 11 13 0.05770905 
601 36 57 59 0.057572678 
186 48 88 127 0.0571845 
597 233 14 20 0.057064317 
60 412 131 91 0.056878485 
653 422 21 24 0.056741428 
833 204 12 19 0.056518797 
768 233 16 27 0.056030065 
276 164 8 13 0.055932492 
361 291 83 76 0.055922553 
383 189 9 12 0.055805426 
556 234 9 12 0.055336993 
194 251 14 16 0.055168334 
218 127 11 11 0.05480838 
150 150 16 23 0.05453485 
463 238 12 18 0.0538265 
437 250 11 14 0.053680275 
599 207 9 12 0.053640973 
570 325 7 11 0.053491984 
5 381 519 496 0.05330916 
363 360 25 26 0.053271953 
88 436 28 26 0.053205825 
995 28 21 24 0.053013053 
382 354 26 27 0.0529002 
468 649 46 49 0.052848905 
809 364 13 21 0.0521211 
119 17 45 46 0.05179909 
650 433 25 36 0.05175662 
445 231 12 17 0.051689517 
338 173 12 16 0.05121416 
586 290 8 13 0.051061686 
537 150 11 14 0.05098198 
865 61 40 51 0.050960183 
358 361 6 6 0.0505114 
660 205 13 18 0.05041714 
366 528 56 50 0.050390556 
522 160 11 19 0.049984694 
644 411 41 46 0.04990489 
675 161 11 18 0.049799018 
375 344 11 13 0.049760368 
716 355 10 12 0.04943741 
834 322 23 26 0.049101394 
495 283 11 15 0.049046386 
248 125 8 11 0.049038224 
235 400 86 95 0.04897044 
769 369 8 12 0.04849803 
447 192 10 16 0.048225448 
268 146 8 11 0.048219252 
337 140 7 9 0.048203304 
48 -114 427 504 0.048103984 
772 372 9 14 0.048072252 
773 357 8 10 0.047847345 
493 171 8 12 0.04776924 
462 558 24 26 0.047691025 
863 262 8 14 0.047654197 
709 341 10 13 0.047637217 
376 374 24 30 0.047389578 
362 364 7 8 0.04733077 
502 21 24 31 0.047159944 
268 188 9 12 0.046998445 
666 424 21 25 0.046994906 
304 150 10 14 0.046781275 
519 97 20 34 0.046747595 
309 401 11 14 0.046723407 
220 126 36 48 0.0464472 
400 304 11 12 0.04637067 
246 137 16 24 0.046368778 
394 309 21 22 0.046174824 
854 344 11 18 0.045852255 
8 -123 143 118 0.045603145 
624 430 24 29 0.045211125 
757 186 22 28 0.045135785 
858 291 7 13 0.04512853 
228 318 94 91 0.04512317 
567 317 7 11 0.045078732 
505 284 8 13 0.044909142 
356 368 9 10 0.04470577 
680 331 7 9 0.044703428 
779 352 19 25 0.044574138 
346 157 7 11 0.044548023 
439 231 12 15 0.04451504 
901 48 11 13 0.04423067 
549 314 19 27 0.044203557 
197 263 11 12 0.044171523 
139 150 10 13 0.044097975 
87 320 26 24 0.044089537 
511 279 9 14 0.044055697 
728 220 20 23 0.04401155 
0 523 20 30 0.04399746 
362 183 10 13 0.043988902 
471 84 10 15 0.04384431 
610 125 14 19 0.04379596 
370 234 9 13 0.043630693 
759 418 28 25 0.04353432 
618 320 83 83 0.04344927 
413 175 8 13 0.043429293 
311 448 13 18 0.043397 
337 164 8 13 0.043351717 
530 252 9 12 0.043296956 
680 239 10 15 0.043244325 
576 250 10 16 0.043120183 
408 187 9 15 0.043103784 
738 183 23 32 0.04307241 
811 343 9 14 0.042982496 
155 133 6 9 0.042961534 
128 202 8 12 0.042893924 
564 322 18 26 0.042887423 
154 138 7 10 0.042635422 
138 145 10 11 0.04258504 
224 108 7 7 0.04257466 
232 104 5 5 0.042532403 
239 380 25 27 0.042509362 
900 585 11 10 0.042436685 
150 125 9 12 0.042434044 
596 119 9 14 0.04238571 
768 363 8 11 0.0422503 
518 267 8 13 0.042246625 
728 315 11 16 0.04221348 
286 369 10 12 0.042114154 
225 125 11 13 0.042094026 
178 182 9 13 0.042028785 
333 403 15 15 0.042020254 
176 243 11 10 0.041921537 
454 297 8 12 0.041886736 
365 223 6 8 0.04186591 
437 238 13 17 0.041831106 
297 135 5 6 0.04179912 
478 100 11 16 0.041789535 
260 370 32 32 0.041724414 
906 42 13 15 0.04167921 
601 324 7 11 0.041501418 
609 244 12 19 0.041462984 
470 287 11 11 0.04144734 
229 146 19 26 0.041378815 
371 355 9 12 0.04134071 
644 272 10 18 0.041297078 
699 596 407 300 0.041113872 
269 134 6 7 0.041084737 
678 324 7 10 0.041080855 
473 181 11 16 0.041023728 
426 139 8 12 0.040845454 
391 552 25 24 0.040844325 
494 641 57 53 0.040788833 
397 252 8 11 0.040784933 
149 231 12 15 0.040784076 
899 291 13 23 0.040741883 
103 205 6 8 0.04069156 
488 258 11 15 0.04059107 
651 386 24 30 0.040554576 
255 127 7 8 0.040523328 
853 359 10 18 0.040522326 
116 416 66 50 0.040490754 
138 137 11 12 0.040459096 
239 156 11 15 0.040441718 
103 210 6 8 0.040417142 
133 204 7 9 0.04029992 
916 320 21 29 0.04027792 
423 302 6 7 0.040275194 
354 364 7 8 0.040271692 
650 406 23 28 0.04006919 
170 137 8 11 0.040038146 
629 365 75 93 0.03999824 
816 588 14 15 0.03996762 
269 140 6 9 0.039906207 
774 149 39 52 0.039905503 
345 164 7 12 0.03985879 
294 231 24 32 0.039813884 
993 76 38 42 0.03972935 
375 339 23 27 0.039661583 
673 324 21 26 0.03965626 
223 104 6 5 0.039626528 
545 303 7 12 0.039605625 
-37 93 376 457 0.039597403 
602 316 7 11 0.039441545 
643 369 14 22 0.039399296 
405 194 21 28 0.03934829 
353 494 52 46 0.0392911 
413 553 23 27 0.03928043 
518 271 78 120 0.03916171 
391 319 15 13 0.03914781 
138 145 19 24 0.03904969 
110 224 6 9 0.03904627 
339 555 30 34 0.038990196 
384 325 9 9 0.038984895 
428 163 10 14 0.038929287 
158 220 11 14 0.0389061 
288 134 5 7 0.038866874 
402 540 15 15 0.03880063 
281 366 20 23 0.038755987 
912 2 27 19 0.038624074 
166 133 9 12 0.03860861 
848 333 11 15 0.038383428 
134 375 48 41 0.038333014 
549 322 10 13 0.03832946 
411 324 22 27 0.03828703 
204 233 10 12 0.038267665 
383 320 8 8 0.03814291 
532 238 9 14 0.03813571 
97 205 5 7 0.038115628 
628 641 22 25 0.0381026 
784 117 39 54 0.0381001 
190 169 8 11 0.038085606 
615 462 43 49 0.03799115 
352 338 45 52 0.037894867 
296 122 6 6 0.03784292 
582 173 31 48 0.037842844 
688 166 11 17 0.037817735 
818 276 11 16 0.037810337 
825 328 33 43 0.03779967 
565 109 23 30 0.03778911 
119 118 10 15 0.03775283 
149 263 12 18 0.037739478 
672 418 15 18 0.037739176 
795 667 26 26 0.037633542 
465 71 36 58 0.03762716 
201 323 28 26 0.037611756 
605 162 13 20 0.0375582 
394 209 12 19 0.037543226 
353 358 6 8 0.037532292 
119 167 10 19 0.037506614 
376 255 9 12 0.037498366 
335 190 12 17 0.03746788 
390 313 8 9 0.037456382 
477 324 10 14 0.037448294 
426 252 10 12 0.037439942 
384 182 8 12 0.037426203 
623 346 40 49 0.037387505 
255 238 11 14 0.037346717 
556 156 9 14 0.037216056 
850 339 10 18 0.037185237 
427 514 28 25 0.037165817 
290 43 91 103 0.03716003 
441 170 7 11 0.03713859 
469 591 34 29 0.03702985 
472 74 9 14 0.03701068 
433 257 11 13 0.037008252 
172 154 7 8 0.037003715 
395 461 95 90 0.037003227 
649 110 11 17 0.0369798 
926 580 10 9 0.036978915 
362 169 11 13 0.036968064 
508 542 104 86 0.03694852 
535 138 19 28 0.036906794 
615 239 15 26 0.036813486 
682 309 9 14 0.03663401 
380 203 19 28 0.036604032 
839 359 8 14 0.0365276 
640 403 22 29 0.03651332 
331 199 11 14 0.03646219 
727 304 10 14 0.03639586 
529 267 11 19 0.03638989 
965 452 44 57 0.03636843 
905 79 22 26 0.03632682 
484 175 11 15 0.0363041 
903 332 24 32 0.036248554 
576 320 5 9 0.03623844 
675 354 11 15 0.036169622 
484 169 10 13 0.03611469 
362 368 9 11 0.036110803 
158 139 7 9 0.036094815 
699 61 22 25 0.03609187 
363 176 10 12 0.03604568 
527 155 10 16 0.03602587 
375 367 10 12 0.03599794 
489 32 37 51 0.035985447 
890 694 145 95 0.035940588 
406 306 8 9 0.035914276 
885 309 26 35 0.03591409 
144 109 10 14 0.035912395 
146 134 20 28 0.035879232 
182 269 11 14 0.0358583 
281 139 8 10 0.03582579 
516 168 11 18 0.03582106 
231 109 6 6 0.035773564 
262 127 6 7 0.03575662 
549 299 7 11 0.035749536 
617 134 12 18 0.035703134 
896 295 44 55 0.03570005 
-3 168 86 118 0.03569074 
352 332 7 9 0.03565372 
896 55 10 12 0.035651967 
280 156 7 12 0.03564033 
300 138 6 8 0.035599396 
587 175 11 17 0.035578314 
384 203 8 11 0.035568155 
957 572 13 13 0.03554649 
188 229 9 10 0.035518985 
788 345 12 17 0.035459723 
430 309 9 14 0.03544912 
117 112 20 26 0.03537775 
465 226 10 17 0.03534989 
682 165 11 19 0.035338532 
582 331 5 9 0.035309654 
509 9 12 18 0.03524226 
192 141 4 7 0.035228103 
459 293 8 10 0.03519804 
868 297 34 52 0.035122644 
816 313 21 27 0.035112087 
373 376 11 11 0.03508944 
459 165 7 10 0.03508728 
510 314 9 13 0.035078675 
741 169 9 13 0.035036616 
320 152 10 12 0.035032023 
505 108 24 35 0.03502572 
303 245 22 28 0.034995023 
452 268 8 10 0.034988012 
625 116 12 19 0.03495429 
6 555 5 9 0.034927003 
639 358 13 21 0.034914635 
353 362 19 22 0.034816943 
665 310 19 24 0.03477598 
484 310 8 14 0.034754615 
489 177 11 17 0.03471885 
526 134 18 30 0.03464029 
290 130 4 4 0.034636524 
400 226 19 25 0.034626804 
428 172 9 15 0.03462327 
242 150 9 14 0.034604467 
345 146 6 8 0.034600217 
70 309 50 43 0.034581393 
795 346 21 28 0.034525707 
324 209 9 12 0.034500234 
338 207 10 13 0.03444651 
611 220 10 15 0.03439087 
720 192 11 18 0.034349263 
615 325 6 9 0.034323003 
355 435 11 16 0.0342823 
429 156 9 13 0.034280352 
347 261 7 11 0.03427661 
204 221 10 12 0.034265745 
555 323 9 13 0.034232385 
369 368 10 10 0.034231495 
154 26 13 13 0.03419946 
184 210 9 11 0.034188215 
254 356 31 30 0.034187827 
541 167 12 19 0.034121044 
547 291 20 29 0.034115333 
636 424 23 29 0.034075916 
5 545 9 12 0.034043636 
343 430 23 29 0.034028146 
128 229 8 10 0.0339858 
306 182 9 15 0.033983182 
437 250 20 26 0.03398306 
145 131 10 11 0.03396153 
226 367 24 26 0.03392687 
707 165 12 17 0.033912066 
704 331 7 10 0.033906024 
415 312 8 9 0.033879336 
511 106 36 55 0.033844642 
107 202 8 12 0.03382552 
368 253 19 25 0.033815715 
406 233 9 13 0.033803754 
614 116 19 26 0.033803202 
299 198 10 15 0.03378738 
409 168 9 13 0.033768557 
350 251 10 14 0.033767976 
371 254 9 11 0.033757277 
604 234 11 14 0.03375537 
681 304 18 27 0.033748385 
382 379 12 14 0.03374744 
188 266 10 11 0.033741448 
457 242 19 26 0.033722214 
508 258 10 15 0.03371786 
719 288 13 16 0.033717144 
562 124 10 14 0.033695232 
325 200 11 14 0.033665657 
597 332 5 7 0.03356699 
915 55 10 12 0.033563294 
296 128 5 6 0.03343732 
919 208 23 27 0.03338898 
438 204 10 18 0.033379138 
383 170 8 11 0.033367056 
406 126 10 13 0.033362266 
254 430 11 14 0.03335922 
483 185 12 17 0.033354025 
617 168 22 33 0.033350144 
454 180 8 13 0.033313278 
357 251 9 13 0.033301592 
860 325 30 50 0.033261813 
558 179 33 45 0.033260323 
177 175 9 14 0.03325353 
698 176 7 13 0.03324959 
756 345 5 8 0.03322139 
635 431 13 16 0.033204988 
146 119 9 12 0.033164654 
183 232 11 11 0.033144955 
597 325 6 9 0.03313473 
682 323 9 12 0.033132948 
317 97 84 102 0.03312777 
334 144 7 11 0.033119798 
162 225 10 14 0.0331175 
822 694 10 12 0.03308741 
363 159 10 15 0.033086848 
597 183 22 30 0.033057388 
607 194 9 13 0.033052176 
626 505 44 58 0.03302984 
515 220 17 25 0.033027768 
483 80 35 57 0.03302513 
473 281 7 8 0.033014193 
280 120 7 9 0.03299682 
286 156 9 14 0.03296781 
717 323 9 12 0.032943644 
649 200 21 26 0.032924768 
295 270 23 29 0.03291444 
104 306 7 9 0.032880113 
690 311 7 13 0.032850515 
428 258 9 11 0.03283669 
247 388 10 11 0.03282355 
339 233 8 11 0.032813698 
406 132 12 16 0.03276304 
268 177 9 11 0.03276013 
937 509 13 11 0.03275601 
561 321 10 14 0.032752413 
180 125 8 11 0.032737132 
563 299 6 10 0.032725185 
565 96 11 15 0.03272432 
107 216 7 9 0.03272198 
264 134 5 7 0.0327129 
617 259 10 14 0.032691855 
290 474 15 20 0.032685857 
208 216 37 39 0.032669157 
305 214 9 12 0.032651577 
362 246 10 15 0.032651205 
489 226 11 14 0.032650426 
549 331 10 14 0.032645892 
969 458 10 12 0.0326121 
392 167 12 14 0.032611653 
756 357 6 8 0.032605566 
79 274 5 7 0.032583278 
468 244 10 16 0.032579884 
283 136 6 8 0.03254652 
535 134 12 17 0.032538135 
581 237 10 15 0.032524712 
522 268 10 16 0.032509968 
245 366 27 28 0.03249268 
416 70 79 105 0.03248394 
169 170 10 15 0.0324819 
496 241 10 12 0.03247153 
498 594 112 91 0.032463863 
955 563 25 24 0.032457776 
520 172 11 19 0.032440215 
405 311 10 11 0.03243445 
378 616 5 6 0.03243129 
338 156 8 14 0.032427505 
559 196 14 20 0.032411497 
144 184 8 9 0.03240519 
216 266 9 11 0.032396205 
400 220 12 15 0.03238434 
389 556 11 14 0.032364324 
777 170 12 17 0.032351267 
515 140 20 30 0.032347403 
820 223 39 53 0.032269698 
100 222 8 9 0.03226828 
154 146 8 12 0.032264274 
350 392 11 19 0.03226238 
896 50 8 10 0.032241207 
675 233 11 16 0.032235324 
431 269 11 14 0.032224268 
805 130 20 32 0.032219753 
498 65 21 30 0.032202423 
577 293 6 10 0.032198012 
833 350 19 30 0.032190405 
515 308 17 25 0.032172307 
253 134 8 9 0.032167725 
225 114 7 8 0.03216302 
718 456 13 22 0.032161802 
667 140 18 31 0.032160915 
799 682 26 26 0.032150146 
705 338 8 10 0.032145463 
617 319 5 8 0.032142222 
582 285 9 14 0.03213368 
454 95 37 52 0.03211483 
468 572 13 13 0.03210546 
452 615 88 93 0.032098066 
648 340 41 46 0.032097574 
378 314 24 25 0.032068662 
348 315 6 7 0.03206798 
116 132 7 10 0.03206181 
756 350 5 8 0.032019634 
518 140 34 49 0.032014735 
272 384 26 33 0.032006737 
463 499 27 33 0.032005716 
576 338 6 8 0.03198114 
282 127 5 6 0.031975817 
190 717 8 8 0.03197507 
188 142 5 6 0.03194616 
167 472 102 89 0.031937234 
227 495 26 26 0.031936493 
709 334 19 25 0.03193645 
286 430 87 94 0.031935174 
513 438 90 87 0.03193507 
291 208 11 14 0.03189575 
432 291 22 27 0.03187508 
260 300 25 30 0.031854574 
251 428 21 25 0.031839464 
248 173 11 15 0.031822048 
299 150 9 14 0.031817537 
185 228 40 46 0.031813145 
926 208 10 12 0.031805955 
107 209 7 10 0.031801973 
451 115 10 14 0.031800076 
237 109 5 6 0.031787366 
162 107 7 10 0.03177041 
281 458 22 26 0.031747743 
683 250 10 15 0.031734247 
535 251 9 15 0.03172195 
183 194 10 12 0.031686496 
516 235 12 16 0.031646878 
300 122 5 6 0.031622328 
394 199 11 16 0.03160307 
160 201 8 12 0.031594686 
944 653 101 74 0.03159193 
81 54 9 13 0.03159149 
261 157 9 14 0.03159144 
853 642 121 98 0.031584743 
146 139 7 9 0.031584695 
302 129 4 5 0.031578586 
118 140 5 8 0.031556353 
620 354 405 427 0.031550657 
287 139 6 9 0.03151133 
301 454 22 28 0.031490996 
524 308 18 28 0.031489126 
796 340 11 15 0.031485338 
407 247 9 12 0.031477705 
106 369 48 46 0.0314629 
246 446 22 28 0.03146234 
195 213 11 14 0.031442195 
917 344 12 17 0.031432852 
372 281 6 8 0.031429354 
182 223 19 21 0.03142517 
511 305 7 11 0.03141313 
658 164 11 19 0.031367604 
390 341 27 30 0.031364504 
560 239 9 12 0.031329628 
230 736 58 47 0.03131116 
523 342 9 12 0.031273827 
374 188 13 16 0.03124786 
158 190 9 13 0.031222716 
427 122 9 14 0.031218411 
720 258 11 16 0.031217782 
752 272 11 12 0.031209044 
273 402 25 29 0.03118417 
124 175 8 13 0.031180253 
102 216 6 9 0.031158969 
524 252 8 12 0.031148355 
450 171 6 11 0.031117974 
488 100 20 30 0.031112544 
478 194 10 15 0.031078985 
130 132 14 15 0.031072902 
74 676 11 11 0.031069042 
926 202 10 12 0.031061934 
967 711 26 24 0.031031296 
218 101 7 7 0.031028729 
421 150 8 11 0.030984083 
249 419 19 22 0.030971752 
-3 527 37 66 0.030952042 
689 304 8 13 0.030939396 
187 284 13 14 0.030935403 
426 181 9 15 0.030925745 
623 206 37 57 0.030916916 
414 137 9 12 0.030890238 
701 199 10 15 0.03088536 
399 488 15 14 0.030880816 
462 54 20 28 0.030871332 
628 339 6 8 0.030869385 
837 19 81 96 0.030857109 
568 305 7 11 0.03079595 
741 356 6 9 0.030783245 
903 357 44 48 0.030770143 
675 317 9 12 0.030764312 
579 324 7 11 0.03075729 
978 627 8 8 0.030728005 
543 19 37 50 0.030725474 
351 546 25 25 0.030725155 
569 337 6 9 0.030719003 
110 446 25 26 0.03071087 
381 334 14 16 0.03067969 
465 91 12 16 0.030677771 
764 351 17 24 0.030660287 
95 246 8 10 0.030648276 
510 207 11 15 0.030643633 
436 688 105 105 0.03064356 
447 127 17 26 0.03063607 
925 234 23 24 0.03061188 
488 117 20 30 0.03060496 
861 271 8 10 0.03059916 
113 14 27 30 0.030598518 
150 369 26 26 0.03055926 
617 220 11 14 0.030554617 
185 169 8 11 0.030535461 
927 313 43 50 0.030531356 
342 210 10 15 0.030520404 
476 92 11 16 0.030507877 
848 202 21 31 0.030504309 
820 138 20 30 0.030497069 
557 298 7 11 0.030492866 
665 171 9 16 0.030487498 
552 242 18 24 0.030479625 
511 265 9 14 0.030459018 
112 119 12 19 0.030439513 
342 524 115 99 0.030436104 
364 359 7 7 0.030431025 
422 133 8 10 0.030420246 
484 73 9 14 0.0303976 
182 242 11 9 0.030368546 
258 497 21 30 0.030341918 
387 174 10 13 0.030338766 
470 68 19 27 0.030324595 
803 334 11 16 0.030308776 
276 158 8 11 0.030308157 
126 291 8 11 0.030305902 
249 207 10 13 0.030291203 
560 303 17 27 0.030275363 
709 348 20 25 0.030258423 
719 342 11 13 0.030247647 
479 41 8 12 0.030240083 
812 341 36 57 0.030237395 
401 248 9 11 0.03022616 
332 138 9 11 0.030221594 
696 182 8 13 0.030207226 
769 177 13 20 0.03020133 
309 127 5 8 0.030175587 
525 244 8 14 0.030170033 
626 304 8 11 0.030157877 
238 102 5 6 0.030155074 
667 128 12 19 0.030101145 
424 120 7 9 0.030089132 
653 338 23 24 0.030079352 
364 229 6 8 0.030068532 
523 285 8 12 0.030059507 
748 279 11 12 0.030057631 
217 108 7 8 0.030050179 
338 149 9 13 0.030040424 
393 190 9 12 0.030036785 
126 190 8 11 0.03001623 
463 103 13 17 0.02998648 
465 195 9 16 0.029981665 
342 119 42 51 0.029977728 
240 120 19 25 0.029974978 
422 311 8 10 0.029959818 
458 328 10 15 0.029957255 
616 312 6 9 0.029945299 
178 235 9 9 0.029930059 
668 392 20 27 0.02990712 
200 240 21 23 0.029901877 
653 321 20 27 0.029896678 
735 170 20 31 0.029895239 
669 342 10 13 0.029872304 
408 222 9 11 0.02986652 
445 258 9 13 0.029860673 
477 142 20 28 0.029859496 
446 124 11 15 0.029835176 
428 304 9 12 0.029806143 
833 649 25 26 0.029798381 
421 146 41 58 0.029798161 
296 369 24 28 0.02978982 
79 298 10 12 0.029776447 
457 211 18 27 0.029769197 
979 440 7 11 0.029756576 
443 502 29 30 0.029748378 
424 125 7 11 0.029746164 
856 203 11 16 0.029744852 
764 197 22 28 0.029731834 
568 458 26 29 0.029726958 
466 540 77 97 0.029726144 
815 152 22 35 0.02971597 
265 429 40 46 0.029703941 
520 119 12 19 0.029672982 
376 249 7 11 0.029665869 
536 276 8 15 0.029656153 
545 310 6 12 0.029646646 
465 115 37 52 0.029633714 
165 125 8 11 0.029626202 
750 343 6 10 0.029619522 
563 178 14 18 0.029618347 
233 340 11 15 0.029616388 
973 325 20 30 0.02960944 
481 512 96 87 0.029609293 
101 230 8 10 0.02959359 
813 170 19 29 0.029586347 
547 152 11 17 0.029580353 
732 163 12 14 0.029577807 
551 487 5 5 0.029560702 
148 95 6 8 0.029553141 
991 235 30 25 0.029542893 
607 470 28 30 0.029539987 
398 301 7 10 0.029538743 
459 121 21 29 0.02953872 
181 115 5 7 0.029530965 
423 248 7 11 0.029526424 
489 57 21 31 0.029514983 
369 243 10 15 0.029504342 
207 160 7 10 0.029499305 
423 115 6 7 0.029489838 
234 493 12 13 0.02946866 
924 348 26 31 0.029460877 
454 170 8 11 0.029436935 
905 50 22 23 0.029433347 
658 355 20 25 0.029425597 
584 281 7 9 0.02939905 
620 325 6 9 0.029388726 
308 122 6 7 0.029388096 
922 277 26 30 0.029383646 
637 173 10 16 0.029351622 
472 572 26 26 0.02932633 
322 364 12 17 0.029322611 
651 156 9 16 0.029318446 
260 166 11 15 0.029302005 
675 225 11 15 0.029297406 
472 253 9 13 0.029295543 
541 289 9 14 0.029280093 
494 379 6 7 0.029272083 
529 624 424 500 0.02926357 
625 59 11 13 0.029246895 
432 151 8 12 0.029245472 
861 254 9 14 0.029235613 
338 343 23 28 0.029228851 
1 458 6 10 0.029222846 
435 299 10 16 0.02921841 
504 131 21 30 0.029216243 
364 214 8 13 0.029213602 
464 30 38 56 0.029183587 
529 149 9 13 0.029179726 
512 272 9 13 0.029177507 
285 432 47 47 0.029166207 
517 261 8 11 0.029153032 
854 194 11 16 0.02914387 
486 575 7 7 0.029139172 
128 244 9 12 0.029138552 
163 341 10 15 0.0291382 
262 115 7 7 0.029087432 
857 255 18 28 0.02908128 
267 169 9 12 0.029079758 
32 144 20 29 0.029066768 
332 211 19 26 0.029053172 
88 24 7 10 0.029050468 
619 332 8 9 0.029046722 
389 500 33 29 0.029041156 
59 273 93 103 0.029040677 
661 440 13 17 0.02903992 
800 487 40 50 0.029037125 
874 56 12 17 0.029034952 
535 283 17 26 0.029023662 
285 225 11 16 0.029022742 
498 259 8 13 0.029012514 
192 588 8 9 0.029011471 
668 439 13 19 0.029002592 
151 102 10 14 0.0289915 
984 428 7 10 0.028974637 
613 140 11 16 0.028966183 
330 225 11 15 0.028961515 
539 14 21 32 0.028958526 
521 303 10 15 0.02893622 
261 122 6 7 0.028924244 
386 624 4 4 0.028921688 
838 441 7 10 0.028919933 
451 226 11 17 0.02888329 
20 134 19 38 0.028836342 
328 236 18 29 0.02879442 
683 292 10 13 0.028793372 
657 108 11 20 0.028785514 
327 321 6 8 0.028781816 
644 316 9 12 0.028758166 
435 113 9 10 0.02875115 
113 54 8 12 0.028743742 
490 113 10 16 0.028739098 
813 609 30 31 0.028733307 
518 156 10 16 0.028731726 
754 211 21 27 0.02872937 
440 273 20 24 0.028728945 
564 390 6 8 0.028722214 
314 444 21 28 0.02870365 
650 329 11 13 0.028695885 
837 347 10 15 0.028671356 
291 403 13 16 0.028665598 
227 143 13 17 0.02866508 
928 57 6 7 0.028662426 
603 338 5 8 0.028658595 
472 106 21 30 0.028650083 
274 152 8 10 0.0286439 
711 572 31 29 0.028637147 
595 506 85 106 0.028625485 
401 258 8 13 0.028622089 
879 50 21 23 0.028620983 
481 33 71 99 0.028604457 
412 512 28 26 0.028600832 
580 193 12 18 0.02859198 
538 312 7 12 0.028580047 
585 339 4 7 0.028569939 
631 134 18 29 0.028553674 
32 18 65 93 0.028550632 
417 301 6 7 0.028545989 
561 123 21 27 0.028530693 
124 103 21 28 0.028509106 
261 145 7 11 0.028498491 
663 335 11 13 0.028485782 
318 266 11 14 0.028482983 
528 167 9 17 0.028471475 
582 288 16 27 0.028457396 
678 132 21 29 0.028438756 
331 96 8 9 0.028437916 
459 193 9 16 0.028430987 
331 215 10 13 0.028425649 
98 97 5 7 0.028425284 
270 128 4 6 0.028412795 
733 150 44 62 0.028399045 
538 325 19 31 0.028397636 
105 93 23 33 0.028381908 
111 262 6 8 0.02837646 
687 276 11 16 0.0283725 
209 173 8 13 0.028366683 
364 330 25 27 0.028365714 
349 341 12 14 0.028350629 
146 90 6 7 0.028348941 
561 357 18 23 0.02834579 
934 209 22 25 0.028338458 
20 551 6 8 0.028325778 
471 97 11 16 0.028321741 
361 205 10 17 0.028313495 
577 313 6 8 0.028299065 
478 55 8 11 0.028291872 
657 126 18 30 0.028265698 
150 271 18 27 0.028254077 
416 297 20 25 0.028248003 
330 368 9 13 0.02824411 
242 395 9 9 0.028242216 
2 126 34 71 0.02823199 
753 374 12 17 0.028219758 
657 511 10 16 0.028213887 
970 62 14 17 0.028208653 
753 153 23 32 0.028205426 
928 466 6 7 0.0281977 
429 149 7 12 0.028197275 
625 271 10 17 0.028196132 
159 208 8 13 0.028196124 
419 329 11 14 0.028191684 
362 525 26 31 0.02816158 
570 299 6 9 0.028154712 
693 72 23 27 0.028153852 
189 208 12 15 0.028144294 
446 258 20 26 0.02813284 
307 358 24 31 0.028131977 
274 135 6 6 0.028127573 
576 285 6 11 0.028126093 
764 226 12 17 0.028125811 
689 180 11 16 0.02812537 
253 381 12 13 0.028120052 
130 571 93 107 0.02811963 
364 374 22 27 0.02811403 
190 249 12 11 0.028111996 
663 320 12 17 0.028106494 
241 387 10 11 0.02809947 
408 205 11 16 0.028096162 
236 504 9 9 0.028091285 
900 349 27 36 0.028085122 
686 347 11 16 0.028069584 
97 196 5 9 0.028068334 
415 305 8 9 0.028068043 
292 251 22 28 0.028064227 
550 231 11 16 0.02805834 
519 245 19 26 0.028054114 
488 281 7 12 0.028046282 
588 448 37 44 0.028044144 
430 265 21 25 0.028036665 
152 238 10 15 0.028034331 
231 417 24 21 0.028013622 
218 381 27 26 0.028007222 
427 114 9 10 0.027992155 
138 101 21 29 0.027990066 
970 451 9 13 0.027989216 
418 189 18 29 0.027984396 
521 316 9 13 0.027984282 
222 135 10 14 0.027977757 
107 54 10 14 0.027970642 
567 126 11 13 0.027967941 
675 138 9 13 0.027963458 
907 25 9 8 0.027962966 
241 259 86 95 0.027955968 
860 152 81 107 0.02794664 
531 310 7 13 0.02794568 
143 89 6 7 0.027939256 
104 255 78 103 0.027933683 
523 96 11 18 0.027930645 
504 263 9 13 0.027929418 
478 61 9 14 0.02792359 
255 396 9 9 0.027899321 
243 119 8 11 0.027878579 
405 542 26 26 0.027874913 
842 347 11 16 0.0278621 
881 391 22 28 0.027861806 
362 373 12 14 0.02785549 
413 227 9 12 0.027847148 
828 688 12 14 0.027843466 
461 274 21 25 0.027837738 
746 181 9 14 0.02781784 
642 47 27 36 0.027813941 
286 412 25 28 0.027798021 
669 189 18 28 0.027780281 
513 294 18 27 0.027775465 
495 199 12 19 0.027772829 
846 364 18 30 0.027772145 
501 295 36 53 0.027762545 
486 583 7 7 0.027761832 
415 235 8 11 0.02774525 
466 337 8 11 0.027723053 
720 316 17 24 0.027722836 
925 315 11 17 0.027712928 
550 308 8 14 0.027684847 
295 139 6 8 0.027683675 
628 161 20 30 0.027677383 
633 338 6 9 0.02766566 
953 626 8 8 0.027653819 
911 298 14 21 0.027635248 
657 268 10 17 0.027629407 
484 220 11 15 0.027629243 
538 302 7 13 0.027621016 
696 664 45 41 0.027609251 
218 121 9 10 0.027605856 
474 474 25 32 0.027602319 
178 189 80 83 0.027598666 
713 267 23 27 0.02759659 
973 602 6 8 0.027578492 
466 292 10 11 0.027573684 
283 240 21 29 0.027564587 
561 118 9 13 0.027562067 
556 306 8 13 0.027544444 
349 349 10 11 0.02754433 
678 220 18 24 0.027542593 
358 242 9 10 0.02753765 
361 563 13 15 0.027534459 
627 333 7 8 0.027525228 
233 125 9 11 0.027522605 
308 134 7 8 0.027517017 
801 534 196 216 0.027504677 
214 341 23 23 0.027501231 
135 198 6 8 0.027481342 
530 253 16 26 0.02747878 
447 266 8 11 0.02747793 
684 214 10 16 0.027477328 
114 235 7 8 0.027467964 
349 465 19 29 0.027461622 
382 234 19 25 0.027456872 
453 260 9 11 0.0274483 
408 300 7 8 0.027448133 
554 329 21 27 0.02744226 
897 753 12 11 0.02742198 
121 70 10 14 0.027418436 
132 107 7 11 0.027398221 
432 118 10 13 0.027397929 
894 52 20 24 0.027386222 
664 188 9 14 0.027379284 
276 140 6 9 0.027375465 
458 156 18 26 0.027354404 
794 155 23 32 0.027353987 
574 263 9 15 0.027353734 
208 100 24 25 0.02735216 
968 640 6 6 0.027340319 
378 171 7 10 0.027327102 
662 98 40 53 0.027301356 
477 163 18 24 0.027295422 
493 581 8 8 0.027286302 
247 381 10 12 0.02728119 
644 431 10 14 0.027280109 
489 244 12 15 0.027274063 
590 333 5 8 0.027266545 
632 53 11 15 0.02725408 
934 63 6 8 0.027245305 
955 -126 109 111 0.02724208 
323 539 24 25 0.027229846 
602 331 6 10 0.027209707 
346 140 6 8 0.027209232 
453 519 25 30 0.027206771 
250 115 6 7 0.02719903 
862 206 8 13 0.02719396 
759 224 11 17 0.027177673 
332 225 19 27 0.0271737 
654 462 20 32 0.027162887 
145 145 9 11 0.027157448 
606 122 35 47 0.027156828 
403 304 22 25 0.027156252 
561 76 8 11 0.02714569 
416 252 20 26 0.027134182 
966 460 21 25 0.027132064 
544 97 36 54 0.027130783 
205 525 5 6 0.02711873 
184 220 11 12 0.027106734 
447 146 39 52 0.027101144 
332 90 7 7 0.027098063 
614 626 25 26 0.027087785 
611 235 8 13 0.02707357 
148 56 8 10 0.027062014 
194 520 5 5 0.02705076 
46 44 24 36 0.027039405 
312 641 29 28 0.027039155 
366 436 22 23 0.02703879 
846 634 5 6 0.02702281 
598 313 5 8 0.027022438 
300 134 22 25 0.02702171 
470 232 9 14 0.027016563 
62 73 36 62 0.027016526 
466 84 20 27 0.027008338 
622 62 46 51 0.026999066 
578 306 6 9 0.026998065 
517 284 8 13 0.026997628 
332 151 7 10 0.026974374 
912 201 12 13 0.02696427 
952 305 23 29 0.026963573 
253 374 12 13 0.026959084 
962 332 22 30 0.026954038 
363 239 10 13 0.02694832 
512 322 9 14 0.026947154 
444 143 19 26 0.02693936 
135 158 7 9 0.026925575 
388 195 9 11 0.026917012 
69 49 23 30 0.02691242 
226 96 5 5 0.026904542 
304 447 12 18 0.026902653 
414 195 9 16 0.02690033 
242 62 9 9 0.02689086 
193 134 5 7 0.02688109 
280 120 21 24 0.02687155 
498 231 10 14 0.026867654 
472 192 10 17 0.026863832 
559 365 5 7 0.026861286 
115 255 6 8 0.026856873 
444 252 10 12 0.026827496 
978 406 38 67 0.026827265 
560 143 17 24 0.026818495 
223 397 41 44 0.026814569 
614 30 29 38 0.026813518 
632 65 11 14 0.026789427 
399 207 11 16 0.026784051 
572 488 5 5 0.026783768 
272 417 25 31 0.026783658 
663 256 10 16 0.026779456 
522 141 11 17 0.026772393 
434 227 10 14 0.026767466 
510 363 9 13 0.02676145 
161 132 17 23 0.026743144 
387 241 9 12 0.026736593 
639 324 7 10 0.026735798 
477 123 11 15 0.026735747 
6 484 7 10 0.026732499 
379 545 25 27 0.026720883 
399 163 10 13 0.026718395 
448 274 8 9 0.026715457 
495 132 12 18 0.026711056 
140 108 8 11 0.026709061 
899 272 45 49 0.026706148 
967 635 6 4 0.026705042 
117 462 14 14 0.026702391 
166 153 7 9 0.026691105 
93 372 11 11 0.02667734 
667 158 15 24 0.026674276 
371 339 8 8 0.02667158 
368 565 12 13 0.026666464 
458 124 11 16 0.026665756 
423 144 8 12 0.026665574 
324 425 436 420 0.026665043 
931 720 12 12 0.026663603 
137 125 21 26 0.026663087 
187 317 12 14 0.026642162 
577 345 5 8 0.026609382 
565 341 19 28 0.026607405 
619 324 20 25 0.026603553 
491 233 19 25 0.026601948 
739 257 14 16 0.026594672 
450 634 43 54 0.02659406 
46 160 5 7 0.026590938 
596 319 6 9 0.026577992 
122 455 15 15 0.026563613 
402 185 10 15 0.026546318 
471 60 9 13 0.02654385 
874 636 4 4 0.026542738 
508 290 9 14 0.026542436 
318 92 12 11 0.026541512 
121 63 8 10 0.026531734 
599 219 10 15 0.026520059 
378 319 7 9 0.026519516 
383 549 59 50 0.026505994 
557 208 18 29 0.02650044 
148 295 13 15 0.026491437 
545 493 32 32 0.026490299 
933 379 25 28 0.026489584 
531 317 8 12 0.026479496 
633 74 9 11 0.02647641 
843 247 26 34 0.026474131 
757 123 40 60 0.026454855 
476 79 10 13 0.026450098 
340 328 22 27 0.026445018 
471 308 18 26 0.026442675 
344 526 29 27 0.026433825 
503 232 11 13 0.026420785 
425 108 19 22 0.026409557 
906 29 10 11 0.026390249 
422 164 8 14 0.0263807 
977 451 8 11 0.026365953 
558 487 5 5 0.026358437 
183 239 25 22 0.02635577 
148 629 98 105 0.026351597 
929 51 6 7 0.026347322 
742 300 6 9 0.0263244 
206 141 5 7 0.02631764 
683 342 11 14 0.026312537 
288 145 6 10 0.026306259 
601 307 5 7 0.026301892 
829 639 21 25 0.02629282 
344 254 17 25 0.026275301 
285 740 53 42 0.026267935 
233 232 11 16 0.026266776 
27 234 91 110 0.026261782 
871 229 7 11 0.02625491 
900 31 10 10 0.026244294 
113 229 7 9 0.026229963 
728 284 10 13 0.026224762 
159 125 9 11 0.0262235 
459 106 10 12 0.026200749 
376 323 10 12 0.026199855 
375 176 9 14 0.026198173 
796 359 12 18 0.026196057 
406 481 14 15 0.026193818 
708 219 11 16 0.026186517 
359 314 7 8 0.02618639 
727 251 11 15 0.026169335 
303 265 10 13 0.026146553 
870 271 8 11 0.026144372 
410 158 7 10 0.026143353 
295 116 7 7 0.026138116 
517 299 9 13 0.02613266 
13 557 7 9 0.02612967 
153 222 10 14 0.026127145 
494 126 8 13 0.026119947 
483 240 12 14 0.026117835 
631 38 12 17 0.02611467 
593 251 10 17 0.026097504 
139 363 26 27 0.026069444 
434 163 16 27 0.026062217 
965 651 8 9 0.026060553 
51 183 7 10 0.026059814 
273 145 8 11 0.026057735 
973 635 7 6 0.02604646 
444 293 18 23 0.026044836 
370 319 8 10 0.026043722 
770 183 19 29 0.02604105 
330 125 10 11 0.026038993 
633 332 7 8 0.026030855 
783 173 21 32 0.02602724 
742 149 79 94 0.026014155 
275 114 8 10 0.026011411 
867 636 4 4 0.026002672 
75 69 9 11 0.026002012 
901 194 22 27 0.025996253 
692 123 18 27 0.02598574 
110 64 22 30 0.025983129 
607 325 7 10 0.025982093 
407 213 10 15 0.025969028 
650 437 11 14 0.025946375 
172 235 9 9 0.025940157 
498 253 8 12 0.025940074 
201 212 19 21 0.025922501 
143 226 12 15 0.025915507 
524 35 38 53 0.025898857 
0 490 5 9 0.02588703 
231 96 5 6 0.025885267 
531 589 60 52 0.025874754 
210 154 7 8 0.025872799 
811 329 9 15 0.025866479 
636 503 21 29 0.025859475 
519 47 21 32 0.0258585 
183 261 20 21 0.02585761 
529 136 10 15 0.0258576 
56 642 51 57 0.02585734 
435 137 7 12 0.025853014 
909 634 6 6 0.025850646 
480 49 7 10 0.025845794 
318 180 10 17 0.025831116 
10 472 8 10 0.025828656 
238 97 5 6 0.02582604 
144 81 8 9 0.025821209 
266 157 9 12 0.025817819 
498 301 10 15 0.025815163 
539 155 36 53 0.025815101 
304 195 9 14 0.025800774 
524 260 8 11 0.02579339 
225 340 24 27 0.02579204 
562 349 8 11 0.025791727 
166 164 8 12 0.025784828 
434 106 9 11 0.025781054 
452 108 21 28 0.025775412 
286 385 22 28 0.025770552 
734 319 7 10 0.025769034 
346 325 6 8 0.025764149 
816 662 26 31 0.025763107 
568 118 11 15 0.025758944 
458 257 10 14 0.025751237 
468 146 19 29 0.02574015 
575 351 7 9 0.025738742 
92 30 41 56 0.025724791 
115 311 7 11 0.02572062 
556 98 10 13 0.02571921 
136 178 17 22 0.025718078 
974 606 6 8 0.025716878 
122 41 24 30 0.025714597 
664 366 24 31 0.02570947 
57 356 9 11 0.025705425 
893 749 9 10 0.0256958 
283 351 24 30 0.025693556 
726 277 18 25 0.025693234 
459 257 21 27 0.025691394 
645 401 10 14 0.02568055 
945 426 40 51 0.025673578 
828 142 10 17 0.025669012 
366 544 13 16 0.02566317 
602 437 25 31 0.02566274 
340 365 39 49 0.025659272 
713 650 11 11 0.025650559 
235 388 9 10 0.02564415 
458 265 10 13 0.025635922 
615 456 73 99 0.025635894 
598 307 5 7 0.025631094 
894 47 39 48 0.025626225 
643 304 10 13 0.025622616 
503 106 71 96 0.025613427 
356 343 25 24 0.025612058 
517 252 9 12 0.025601119 
383 199 42 52 0.025598828 
471 205 10 16 0.025598295 
190 159 7 9 0.025591716 
734 291 7 11 0.025575878 
320 365 22 31 0.025569828 
390 155 69 93 0.02556695 
608 136 8 13 0.025561353 
242 137 11 15 0.02555506 
473 322 17 25 0.02555235 
589 339 4 7 0.025544327 
207 147 4 6 0.025514098 
472 48 9 12 0.025505798 
695 167 9 15 0.025500022 
923 715 27 26 0.025498813 
543 317 7 13 0.025488185 
458 304 8 12 0.025471292 
433 43 8 12 0.025457274 
982 650 10 10 0.025455547 
285 419 10 12 0.02545547 
689 83 20 26 0.025448646 
-21 564 71 142 0.025447309 
110 38 45 58 0.0254418 
315 325 11 16 0.025436077 
240 196 10 13 0.025427476 
681 288 19 29 0.025427002 
426 233 20 25 0.02542126 
465 71 10 14 0.025413174 
670 243 10 16 0.02540106 
115 217 6 8 0.02539684 
358 351 8 8 0.02539017 
709 159 10 12 0.02538943 
535 188 19 28 0.025386157 
510 218 12 15 0.025371823 
619 299 8 13 0.02536346 
336 221 9 12 0.025361372 
307 464 9 14 0.025350524 
492 80 8 12 0.025349166 
385 314 5 6 0.025347836 
616 331 5 9 0.025344754 
913 208 10 12 0.025331764 
727 342 10 13 0.02532446 
591 326 5 8 0.02532399 
213 116 22 25 0.02531716 
796 224 38 55 0.025310988 
150 604 43 53 0.025306884 
697 246 8 12 0.025305873 
384 247 8 11 0.025297433 
460 231 10 14 0.025291383 
444 18 71 108 0.02529047 
867 567 99 104 0.0252892 
599 172 10 18 0.02528868 
875 37 22 25 0.025287107 
114 3 9 10 0.025281185 
346 331 7 9 0.025280055 
926 67 11 14 0.025278276 
651 100 10 13 0.025271738 
349 318 8 9 0.02526954 
178 152 7 8 0.025261179 
308 140 7 9 0.025259936 
393 495 14 13 0.025217917 
650 270 9 17 0.025215091 
289 430 20 28 0.025208987 
575 279 7 11 0.025201302 
428 107 9 10 0.025198359 
169 508 3 4 0.025197979 
173 229 20 20 0.02519363 
530 118 19 30 0.025191156 
623 237 17 27 0.025189588 
408 150 9 12 0.025177471 
134 466 10 10 0.025176255 
286 486 19 29 0.025162656 
569 29 43 54 0.025155526 
282 311 25 31 0.02515432 
623 149 20 30 0.025148373 
474 330 9 12 0.025144922 
146 198 8 9 0.025142737 
736 300 6 9 0.025142515 
563 330 8 11 0.02513398 
884 14 23 23 0.025130238 
643 22 23 35 0.025127625 
542 277 9 14 0.02512724 
924 330 23 30 0.025123192 
320 294 6 9 0.025120107 
357 265 7 11 0.025119489 
893 286 13 23 0.025117747 
851 269 20 31 0.025111457 
871 204 22 29 0.025110805 
556 290 7 12 0.025110407 
518 354 9 12 0.025108 
235 382 10 10 0.02510656 
265 349 90 89 0.025102604 
216 112 9 9 0.025102086 
6 490 6 10 0.025097175 
605 180 13 17 0.025093509 
762 357 6 9 0.025085041 
708 212 10 14 0.025077892 
89 215 7 10 0.025072744 
275 442 23 25 0.025064288 
774 312 7 10 0.025053227 
186 146 5 7 0.025053069 
173 247 19 18 0.025052058 
479 310 9 15 0.025040884 
628 312 6 8 0.025037304 
561 284 7 14 0.02502843 
855 571 37 50 0.025011292 
69 677 10 10 0.025003295 
528 273 18 29 0.024999436 
560 85 12 16 0.024997868 
773 207 9 13 0.02499776 
125 203 16 23 0.024989618 
90 69 6 10 0.024987703 
160 183 7 10 0.02498535 
344 343 10 12 0.024971655 
598 339 4 6 0.024969922 
434 180 9 16 0.024965603 
195 266 19 24 0.024965348 
655 336 12 13 0.024956008 
596 200 17 24 0.024955261 
375 264 9 15 0.024954416 
519 292 6 10 0.024952615 
713 36 28 24 0.024944779 
94 374 24 28 0.024927005 
451 168 17 26 0.024924 
941 468 8 9 0.024921326 
318 130 21 25 0.024918063 
653 292 7 12 0.024915833 
188 519 5 6 0.024912016 
571 356 18 23 0.024911687 
599 317 18 25 0.02489969 
735 270 10 14 0.024895493 
351 227 20 25 0.024892366 
280 335 28 28 0.024891749 
666 266 19 30 0.024881449 
759 370 9 11 0.024880916 
621 336 7 10 0.024866993 
78 89 6 9 0.024864737 
514 72 12 16 0.024863726 
153 182 8 10 0.024863027 
369 226 16 24 0.024862923 
300 189 9 13 0.024855983 
251 104 4 5 0.024849458 
651 318 9 11 0.024837352 
592 116 17 25 0.024829486 
311 149 9 14 0.02482465 
211 357 27 29 0.024822066 
318 120 10 10 0.024818737 
550 246 9 13 0.024817642 
494 390 5 6 0.024817564 
329 374 9 14 0.024808288 
549 150 19 25 0.024806246 
925 221 12 12 0.024804315 
342 209 21 29 0.024802918 
45 185 6 9 0.024802485 
830 142 19 32 0.024796419 
523 292 8 11 0.024793135 
154 315 23 29 0.024789754 
70 30 40 60 0.024786882 
572 160 11 17 0.024783392 
555 426 24 27 0.024782494 
546 216 18 25 0.024781205 
465 258 9 14 0.02477905 
393 183 9 12 0.02477717 
264 171 18 23 0.024775099 
567 307 39 59 0.024774434 
942 34 19 25 0.024774177 
926 215 10 11 0.024760695 
632 285 8 12 0.024760345 
564 359 5 7 0.02475605 
225 90 92 104 0.024746334 
351 241 8 12 0.024744717 
330 100 11 11 0.024740344 
935 701 30 29 0.02473552 
741 350 6 10 0.0247324 
452 522 11 12 0.02471542 
8 537 10 15 0.024712557 
379 313 5 7 0.024710773 
392 244 18 22 0.024709823 
517 321 9 14 0.02470597 
254 389 25 30 0.024698172 
152 94 7 8 0.024695294 
938 438 23 26 0.024692282 
575 638 25 25 0.024689052 
188 341 11 13 0.024686668 
630 277 8 14 0.024685884 
64 152 6 8 0.024684118 
539 156 13 19 0.024679027 
151 333 21 25 0.024677215 
312 206 11 16 0.024670431 
677 334 11 14 0.024669852 
146 202 10 12 0.024667304 
121 298 40 52 0.024665201 
399 251 16 23 0.024662022 
479 226 10 15 0.024661312 
672 329 8 12 0.024660647 
456 193 18 29 0.024658887 
634 319 6 8 0.024655491 
464 331 8 11 0.02465533 
600 194 9 13 0.024652064 
690 329 21 27 0.024646554 
640 330 8 11 0.024646457 
399 474 14 16 0.024640016 
157 263 10 16 0.02463656 
72 291 20 25 0.024633307 
177 497 55 46 0.02461769 
450 348 10 16 0.024609001 
172 146 7 8 0.02460448 
677 264 19 27 0.024603244 
87 70 21 30 0.024599051 
458 175 8 13 0.024583647 
357 139 10 10 0.02458288 
927 61 8 10 0.024581894 
135 173 5 7 0.0245771 
931 736 12 12 0.024564333 
935 41 17 24 0.024556646 
198 165 7 11 0.024545463 
440 119 8 11 0.02454217 
924 721 12 12 0.024523558 
331 157 8 12 0.024520405 
87 61 8 10 0.024515452 
937 259 12 12 0.024515117 
154 194 17 24 0.024503022 
363 48 82 110 0.024501128 
78 256 22 30 0.024500126 
947 414 6 9 0.02449954 
247 484 11 11 0.024488835 
646 112 19 31 0.024487954 
3 477 21 29 0.02447847 
477 248 20 26 0.02447378 
219 131 21 26 0.024473513 
492 270 8 12 0.02447122 
810 151 12 18 0.02446947 
269 517 7 9 0.02446425 
978 620 8 8 0.024452768 
768 357 8 10 0.024452398 
124 239 18 22 0.024448248 
317 251 20 29 0.024440981 
734 605 10 12 0.024438752 
483 348 10 14 0.024424883 
106 48 10 12 0.024424296 
345 337 9 10 0.024415338 
550 291 7 11 0.024414215 
15 701 185 247 0.024409076 
959 651 9 10 0.024405845 
829 99 77 105 0.024400089 
484 53 10 15 0.02439896 
655 307 20 25 0.024393704 
481 12 35 44 0.024391884 
556 279 8 14 0.024388757 
490 257 18 26 0.024388501 
885 366 35 47 0.024387747 
561 225 10 18 0.024385152 
747 298 7 10 0.024384413 
927 686 34 31 0.024382854 
396 558 11 13 0.024381792 
281 177 7 10 0.024380293 
356 132 9 9 0.02437954 
494 570 7 7 0.024378931 
28 139 43 57 0.024378696 
340 652 6 7 0.024376769 
555 104 11 15 0.024376454 
268 137 17 24 0.024375461 
312 266 9 11 0.024373045 
581 304 7 11 0.024368536 
293 306 8 9 0.024368191 
352 325 6 8 0.024359088 
343 232 9 13 0.024357853 
656 329 10 13 0.024357565 
103 97 6 8 0.024356721 
702 182 8 13 0.024356369 
448 281 8 9 0.024355387 
241 486 25 24 0.024355015 
463 290 20 23 0.02435275 
541 253 8 13 0.024348801 
326 138 20 25 0.024344513 
967 315 21 28 0.02433682 
652 95 21 30 0.024331039 
679 335 20 26 0.024322174 
641 544 23 28 0.024307767 
239 341 26 33 0.024304023 
212 103 8 7 0.024300665 
243 130 10 13 0.024296708 
417 500 30 25 0.0242863 
251 109 5 6 0.024284689 
532 601 9 12 0.02428291 
846 319 29 46 0.02426499 
243 295 24 25 0.024257034 
311 214 20 28 0.024255486 
627 284 7 11 0.02424825 
88 355 113 101 0.02424543 
878 635 6 5 0.024241626 
319 287 6 8 0.024238814 
605 219 10 16 0.02423644 
247 457 11 14 0.024236193 
381 360 12 15 0.024227524 
434 144 7 11 0.024223106 
562 292 7 10 0.024219496 
143 23 26 25 0.024216304 
966 463 9 11 0.024211606 
360 236 7 8 0.024211446 
353 135 24 24 0.024207361 
907 343 9 12 0.024198415 
21 358 5 8 0.02419736 
694 556 89 87 0.024194483 
8 522 10 14 0.024192119 
310 126 10 9 0.024190906 
662 183 17 26 0.024178106 
133 378 11 15 0.024177805 
572 241 171 191 0.024177503 
862 269 23 33 0.02417706 
396 294 7 8 0.024174856 
847 375 6 10 0.024172632 
592 739 63 44 0.02417111 
438 219 11 17 0.024170982 
654 370 16 21 0.024153996 
432 574 10 15 0.024153516 
628 396 5 8 0.024151245 
466 32 9 10 0.024150908 
372 314 5 6 0.024150254 
350 571 11 13 0.024146844 
396 286 7 9 0.02413935 
219 385 6 7 0.024130153 
241 375 11 11 0.024126453 
930 318 11 17 0.024126206 
446 213 9 15 0.024120852 
919 302 12 19 0.024120437 
973 596 6 6 0.02411906 
593 41 32 36 0.0240957 
181 110 5 6 0.024088047 
527 -5 24 23 0.024084916 
857 280 7 10 0.024083884 
152 63 7 8 0.024082981 
779 622 90 93 0.024079759 
860 51 11 16 0.024078606 
360 230 6 8 0.024070945 
453 252 10 13 0.024068747 
777 191 20 29 0.024066685 
339 88 8 8 0.024061715 
259 201 11 14 0.02405091 
19 484 6 9 0.024037188 
125 114 48 68 0.024026312 
400 194 10 13 0.024025576 
147 165 19 26 0.02402396 
120 217 194 181 0.024023326 
692 196 17 26 0.024022108 
756 -44 96 88 0.02402147 
898 241 88 92 0.024020812 
626 410 6 7 0.024017993 
900 246 13 12 0.024017429 
471 518 24 29 0.024011893 
572 295 17 29 0.024008177 
710 333 7 9 0.024003565 
625 410 24 27 0.023998326 
451 316 19 25 0.023996074 
391 308 6 7 0.023986788 
484 322 9 15 0.023986002 
458 23 24 28 0.023978889 
319 63 7 8 0.023977732 
632 350 8 11 0.0239699 
212 107 7 8 0.023967331 
533 312 17 30 0.023957152 
906 201 11 13 0.023955321 
962 656 12 11 0.023955127 
253 377 50 58 0.023953052 
318 192 10 15 0.023951879 
756 339 5 8 0.023943007 
510 277 16 25 0.023940945 
183 277 11 14 0.023934983 
363 133 8 8 0.023924937 
143 95 6 8 0.02391326 
703 325 7 10 0.023909053 
407 516 11 11 0.023886517 
246 321 26 23 0.023884406 
352 372 9 13 0.023873433 
325 218 11 15 0.023867358 
926 189 10 12 0.0238606 
593 58 43 53 0.023856675 
670 124 19 30 0.023852775 
643 438 11 14 0.023851572 
566 168 13 17 0.023849944 
459 157 8 13 0.02384667 
137 331 22 29 0.023839034 
108 196 8 12 0.023838218 
677 303 10 13 0.023835521 
907 404 38 45 0.02382702 
391 519 29 30 0.023822416 
634 315 6 6 0.023816625 
186 153 6 7 0.02381561 
294 146 7 10 0.023813078 
197 228 9 11 0.023810947 
135 74 7 10 0.023809996 
759 363 18 25 0.023802733 
199 159 6 8 0.02380158 
12 548 7 9 0.023793826 
645 322 10 13 0.02378919 
862 246 8 14 0.023780964 
618 283 10 15 0.023774324 
647 290 17 24 0.023772482 
350 184 8 11 0.023772039 
110 89 6 7 0.023765324 
584 466 26 35 0.023762595 
494 574 7 8 0.023762219 
140 55 7 10 0.023760213 
756 364 6 10 0.023758492 
853 501 97 99 0.023757568 
259 448 21 27 0.023748236 
110 255 6 8 0.023737349 
38 144 6 10 0.023733245 
558 495 5 4 0.023731727 
407 524 10 9 0.023726728 
-2 -91 29 93 0.023722295 
315 294 6 8 0.023721874 
146 49 9 10 0.023715053 
246 425 11 11 0.023707302 
816 683 21 25 0.023704221 
901 18 23 22 0.02369796 
335 583 4 5 0.023697661 
777 329 35 44 0.02369734 
292 217 20 27 0.023694728 
496 110 10 14 0.023694314 
342 188 10 16 0.023687232 
68 607 105 106 0.02368376 
973 638 7 7 0.023680756 
400 158 8 9 0.023679962 
103 61 7 10 0.02366623 
410 318 43 54 0.023661515 
681 99 21 30 0.023659537 
344 652 6 7 0.023649225 
325 294 7 10 0.0236489 
164 209 8 10 0.023647 
106 74 10 13 0.023640137 
626 230 8 11 0.023634734 
995 657 10 10 0.023633722 
114 261 6 9 0.023630466 
486 304 9 13 0.023623612 
641 313 6 8 0.023623353 
847 216 12 18 0.023621589 
478 298 7 10 0.02361931 
237 114 7 8 0.023608122 
414 126 8 10 0.023602337 
537 319 9 16 0.023601905 
569 344 7 9 0.023598058 
464 163 9 12 0.023593647 
101 69 7 10 0.023588212 
103 241 8 11 0.023587167 
537 283 9 15 0.023578648 
867 639 5 8 0.02357711 
402 143 10 13 0.023575472 
372 346 8 9 0.023570534 
984 592 8 10 0.023564368 
180 148 6 7 0.023560949 
521 200 11 18 0.023558674 
750 347 18 29 0.02354009 
864 280 7 9 0.023538426 
121 187 16 25 0.023538299 
488 392 4 5 0.023536922 
517 335 9 14 0.023536397 
136 179 5 7 0.023534995 
438 272 10 12 0.023532365 
525 10 22 31 0.023529055 
115 466 101 115 0.023521261 
337 159 18 27 0.02351899 
414 143 9 12 0.023518985 
352 274 6 8 0.02351458 
379 394 24 29 0.023513975 
869 57 10 16 0.023511613 
486 274 15 24 0.023507342 
103 234 8 10 0.023504911 
183 202 10 11 0.023504172 
368 324 10 11 0.023501262 
972 658 10 11 0.02349638 
548 283 9 13 0.023489116 
186 158 6 9 0.023484433 
639 319 7 8 0.023482986 
138 129 165 173 0.023481928 
809 569 70 86 0.02347858 
664 87 9 12 0.023473801 
638 38 11 17 0.023468308 
603 606 29 27 0.023468057 
476 292 8 10 0.023467524 
132 455 13 14 0.023464361 
912 62 12 17 0.023462866 
68 274 8 10 0.023461992 
95 222 8 10 0.023448262 
502 754 25 24 0.02344502 
243 505 9 11 0.023442395 
181 120 6 7 0.02343926 
576 432 21 25 0.023438355 
744 265 13 14 0.023436993 
467 280 8 9 0.0234323 
614 291 18 26 0.023431366 
386 339 15 16 0.023425417 
192 146 5 8 0.023423195 
424 91 20 25 0.023420764 
510 165 37 52 0.02342062 
494 551 5 6 0.02341971 
635 379 23 31 0.023418058 
844 368 7 12 0.023412133 
502 342 9 14 0.023408724 
236 120 8 10 0.02340672 
578 160 12 19 0.023406334 
134 409 30 32 0.023404377 
363 193 9 14 0.023393719 
557 147 65 88 0.023392353 
390 377 25 33 0.023390185 
695 317 8 12 0.023389608 
68 264 23 28 0.023382958 
618 80 20 29 0.023382392 
100 46 20 27 0.02338078 
352 565 29 33 0.023379441 
325 143 9 12 0.02337693 
921 195 21 26 0.023368198 
318 482 25 27 0.023364695 
518 284 18 27 0.023364639 
225 458 99 104 0.023352556 
441 195 10 15 0.023352183 
426 104 41 55 0.023351457 
218 97 7 6 0.023348251 
780 325 7 10 0.02334168 
702 584 27 27 0.023341637 
477 51 21 30 0.023341445 
498 273 7 9 0.023335805 
473 163 8 12 0.023335049 
589 137 63 87 0.023326902 
928 42 7 10 0.023326863 
883 554 48 48 0.023319656 
365 192 37 49 0.0233187 
96 211 6 7 0.023316134 
870 244 8 14 0.023309954 
719 352 18 25 0.023306694 
905 304 13 21 0.023305302 
916 594 8 8 0.023300722 
828 685 25 29 0.02330042 
799 201 8 14 0.023297826 
256 122 6 7 0.023295948 
934 41 9 14 0.023293344 
779 313 7 10 0.02328777 
905 571 15 11 0.023283059 
160 630 47 53 0.023282021 
919 407 19 24 0.023278587 
536 466 10 10 0.023277264 
522 329 8 13 0.023274858 
272 114 17 22 0.023273177 
276 126 6 7 0.02326965 
483 230 12 16 0.023268774 
300 117 6 6 0.023267362 
564 488 5 5 0.023265611 
365 544 26 27 0.02326345 
523 352 10 14 0.023260312 
411 547 14 15 0.023259148 
173 128 5 8 0.023248978 
422 175 8 12 0.023242133 
883 426 91 105 0.023236059 
382 177 19 23 0.02323099 
99 208 20 26 0.023228657 
259 374 13 13 0.023226216 
297 412 12 13 0.023222122 
76 280 8 10 0.023220273 
706 236 12 17 0.023215093 
301 429 21 28 0.023213407 
504 246 9 12 0.023212569 
919 202 11 12 0.023209084 
516 321 18 27 0.023208952 
421 241 7 11 0.023205819 
269 199 74 94 0.02319538 
131 474 30 31 0.023191296 
226 216 20 24 0.023190217 
560 108 11 16 0.023189383 
781 519 29 29 0.023188574 
714 198 36 47 0.023178726 
313 119 22 23 0.023168419 
684 130 10 17 0.023166498 
826 369 7 10 0.023162916 
552 480 5 6 0.023156404 
253 181 10 14 0.023149578 
473 171 7 10 0.023146236 
530 290 9 14 0.023146005 
121 421 27 27 0.023145195 
697 336 9 12 0.023143157 
129 88 6 8 0.023137728 
382 253 8 11 0.023133563 
872 38 41 51 0.0231293 
134 67 8 11 0.023123879 
889 226 22 24 0.023115678 
278 133 18 23 0.0231138 
940 34 39 44 0.023110172 
984 419 7 11 0.023105867 
459 287 7 8 0.023099758 
337 332 8 9 0.023093008 
672 299 19 25 0.023088124 
662 311 39 50 0.023069728 
550 499 7 7 0.023068652 
548 137 10 15 0.023062628 
720 337 19 25 0.023055365 
540 122 11 17 0.023054585 
661 448 21 31 0.02304961 
484 142 10 16 0.023048814 
211 147 6 8 0.02304057 
418 204 11 17 0.023039905 
924 241 13 11 0.023038361 
562 247 16 25 0.023025494 
62 280 11 11 0.023024475 
172 486 26 28 0.023023585 
529 598 22 25 0.023023559 
364 351 8 8 0.02301885 
587 233 11 15 0.023013355 
339 132 9 10 0.023011854 
390 82 7 8 0.023009807 
156 229 13 17 0.02300396 
679 423 12 16 0.023002159 
863 231 17 29 0.022999518 
92 62 39 58 0.02299607 
530 302 8 14 0.022995543 
625 120 20 31 0.022984361 
643 521 11 15 0.022975743 
593 428 7 9 0.02297523 
472 39 10 14 0.022972908 
609 180 37 53 0.022968562 
573 128 12 18 0.022967428 
644 182 8 14 0.02294779 
966 647 7 8 0.022947265 
362 345 10 9 0.022947254 
972 627 8 6 0.022946924 
431 527 26 24 0.022946421 
470 219 10 17 0.022939166 
888 332 11 17 0.02293653 
999 688 28 26 0.022935212 
651 305 8 10 0.022931134 
624 88 68 92 0.022929387 
490 141 10 16 0.022912886 
369 177 9 11 0.02291284 
266 201 11 16 0.022910208 
33 343 10 13 0.022909962 
790 191 11 18 0.022909652 
1008 677 9 8 0.022906885 
427 150 17 26 0.0229062 
361 431 12 16 0.022906095 
762 344 5 8 0.022905843 
96 253 7 10 0.022903176 
376 568 27 30 0.022902528 
428 180 17 30 0.02289881 
772 225 11 18 0.022898173 
171 229 9 10 0.022897135 
331 520 27 20 0.02289675 
542 266 8 12 0.022892386 
719 327 10 13 0.022885224 
528 113 10 19 0.022882408 
77 82 6 9 0.022881927 
604 203 20 27 0.022881864 
823 681 11 13 0.022878157 
218 217 13 15 0.022871643 
332 245 9 15 0.022871088 
158 158 18 25 0.022869661 
443 243 12 16 0.02285846 
126 465 10 11 0.022850774 
175 519 4 5 0.022847442 
603 80 41 54 0.02283963 
299 221 11 15 0.022835372 
241 296 13 14 0.022827625 
570 291 7 12 0.022825396 
428 130 7 12 0.022820212 
115 249 6 9 0.022817984 
122 274 6 9 0.022813063 
631 110 19 28 0.022812825 
644 99 10 12 0.022803722 
848 533 42 50 0.022799395 
364 260 8 12 0.022797527 
581 151 7 12 0.022777399 
266 193 11 15 0.022768557 
974 663 12 11 0.022767028 
871 640 5 6 0.022760076 
376 330 10 11 0.022758009 
243 103 4 6 0.022751113 
502 203 12 18 0.022749381 
136 185 5 7 0.022747163 
625 235 9 14 0.022746073 
923 302 22 30 0.02274444 
138 217 10 13 0.022737864 
812 377 8 14 0.02273771 
373 308 4 6 0.022736141 
913 189 11 12 0.022726202 
658 276 77 111 0.022719368 
866 758 30 28 0.022718053 
13 567 6 9 0.022717286 
453 156 9 14 0.022714688 
305 379 24 28 0.022713222 
561 45 10 18 0.02270628 
191 349 9 13 0.02270353 
506 365 7 10 0.022702847 
249 395 8 9 0.022701683 
620 312 6 8 0.022697715 
383 368 10 14 0.02269643 
300 560 97 120 0.022695493 
743 633 25 33 0.02269285 
356 169 10 13 0.022692207 
830 290 11 14 0.022690535 
553 315 10 15 0.022687973 
654 141 20 32 0.022687687 
498 309 8 12 0.022686822 
250 147 18 27 0.022683991 
644 75 10 13 0.022676706 
43 152 6 9 0.022670534 
546 172 12 17 0.0226704 
455 108 8 11 0.022667885 
828 591 12 15 0.022664895 
407 107 7 10 0.022660721 
652 428 11 15 0.0226565 
111 242 390 358 0.022651864 
71 139 40 58 0.022649024 
898 318 14 19 0.022646502 
637 162 9 16 0.022642218 
919 49 9 10 0.022632655 
182 319 18 25 0.022628473 
947 411 20 27 0.022626922 
644 316 19 25 0.02262665 
512 760 7 8 0.02261952 
40 275 13 14 0.022618894 
133 165 7 9 0.02260786 
4 670 91 122 0.02260251 
407 253 10 13 0.02259892 
773 300 7 9 0.022597069 
178 158 7 9 0.0225923 
141 179 6 8 0.022585627 
439 125 9 11 0.022583732 
841 210 40 58 0.022583287 
441 145 8 12 0.022580786 
243 114 6 8 0.022579173 
491 121 38 60 0.022577649 
385 287 7 8 0.022576464 
701 174 9 13 0.02257011 
58 729 5 8 0.022569612 
260 494 11 15 0.022569228 
555 69 65 89 0.022567071 
554 166 11 16 0.022565987 
512 262 17 24 0.022565871 
126 79 9 11 0.02256511 
204 170 8 12 0.022562016 
163 514 4 4 0.022558406 
650 405 10 15 0.022555567 
217 136 9 12 0.02255418 
299 404 22 25 0.022551121 
544 487 7 6 0.022550972 
397 268 7 9 0.022549441 
849 373 8 14 0.022543838 
156 400 46 54 0.02253484 
695 240 19 27 0.02253206 
741 362 7 11 0.022527967 
975 715 12 11 0.022523668 
658 323 9 13 0.022522468 
354 282 5 7 0.022512682 
244 109 5 6 0.022510968 
95 60 21 28 0.02250301 
531 332 7 10 0.02250211 
147 61 8 9 0.02249966 
108 248 7 10 0.022497768 
117 280 19 25 0.022496123 
591 346 4 7 0.022494726 
565 495 4 5 0.02249262 
14 519 24 33 0.02249187 
0 316 5 12 0.02249155 
419 164 16 24 0.022490203 
108 265 18 27 0.022484465 
13 306 6 11 0.022479696 
340 260 6 10 0.022475742 
309 473 25 29 0.022471998 
793 215 8 11 0.022470823 
343 373 11 15 0.022467952 
748 356 8 10 0.02246778 
461 130 75 96 0.022464413 
376 608 8 8 0.02246123 
714 164 10 12 0.022459304 
566 103 11 16 0.02245354 
527 4 77 92 0.022451509 
190 242 10 9 0.02245034 
213 168 9 13 0.022447314 
941 634 7 6 0.022447309 
788 678 24 26 0.022443898 
898 64 12 16 0.022442939 
394 503 13 11 0.022438755 
734 304 7 11 0.022434779 
97 25 6 9 0.022432063 
489 379 4 6 0.022422848 
204 338 15 16 0.022420602 
358 274 5 8 0.022419253 
183 183 9 11 0.022419233 
930 290 24 32 0.022419047 
748 170 7 13 0.022416245 
490 137 19 30 0.022412932 
744 305 5 9 0.02240904 
808 647 27 32 0.022407621 
444 162 16 27 0.02240481 
629 345 6 7 0.022403646 
136 162 20 26 0.022403177 
670 141 9 15 0.022396326 
148 407 33 32 0.022393903 
172 165 8 11 0.022390343 
546 478 25 30 0.022389028 
351 265 7 11 0.022381505 
745 218 21 28 0.022381414 
510 343 8 11 0.022375787 
991 432 38 59 0.022375371 
415 151 8 10 0.022374798 
567 78 9 13 0.022369903 
997 652 8 9 0.022365345 
707 245 10 16 0.022363761 
568 277 37 52 0.022359505 
344 132 9 10 0.022357615 
817 682 10 12 0.022356652 
260 464 10 14 0.02235399 
11 490 8 11 0.02235358 
672 117 8 14 0.022353461 
775 363 18 27 0.022349497 
314 217 39 51 0.022346715 
596 354 6 11 0.022346126 
483 124 9 14 0.022345884 
835 210 21 31 0.022344278 
637 487 26 29 0.022344038 
356 319 23 28 0.022343298 
1001 665 11 11 0.022342077 
607 403 47 51 0.022335842 
964 508 12 11 0.022335395 
825 591 23 28 0.022331238 
176 507 4 5 0.022329595 
677 249 10 17 0.022329386 
332 321 5 7 0.022328682 
370 206 9 14 0.02231717 
621 310 21 24 0.02231578 
938 492 11 9 0.022315728 
486 290 8 13 0.0223151 
152 174 10 14 0.022310777 
635 622 5 6 0.02230568 
556 442 25 24 0.022293668 
119 159 8 13 0.02228736 
307 263 21 28 0.02228576 
19 489 8 12 0.022281798 
181 253 11 10 0.022279922 
471 296 9 12 0.022277491 
496 336 17 26 0.022274159 
191 153 6 8 0.02226856 
715 510 102 88 0.022258196 
0 485 6 9 0.022246456 
115 95 40 54 0.022244714 
714 626 54 52 0.022240058 
50 178 7 9 0.022239126 
931 327 12 17 0.022238484 
621 336 20 26 0.022237075 
687 296 9 14 0.022232689 
185 132 6 9 0.022231419 
75 364 51 52 0.022223052 
669 251 9 15 0.022209972 
185 176 7 10 0.022199832 
860 293 10 16 0.02219699 
491 309 9 14 0.022193884 
107 310 7 10 0.022191873 
87 221 18 25 0.022190953 
805 166 41 54 0.022190653 
589 302 6 12 0.022190006 
114 0 7 8 0.022186639 
294 281 9 13 0.022178777 
610 156 22 30 0.022178229 
887 189 23 24 0.022176761 
137 87 21 28 0.022175128 
503 142 9 15 0.022174953 
638 167 18 29 0.02217458 
332 356 23 29 0.022174435 
695 309 9 13 0.022171104 
919 599 9 9 0.022161623 
696 318 18 26 0.02215792 
223 395 9 10 0.022157723 
967 452 7 12 0.022156948 
682 45 21 30 0.022156121 
505 310 9 13 0.022155821 
389 261 7 10 0.022152817 
565 625 13 17 0.022147791 
152 110 9 13 0.022140661 
808 97 42 54 0.022136604 
230 430 48 55 0.0221342 
888 338 23 32 0.022131413 
331 207 10 13 0.022125596 
229 395 9 9 0.02212385 
224 176 8 11 0.02212316 
415 190 8 13 0.022117335 
953 419 8 9 0.02211664 
133 32 12 15 0.022113372 
598 694 120 90 0.022110488 
78 267 7 9 0.022108248 
438 264 10 13 0.022107834 
235 375 10 11 0.02210746 
525 227 15 25 0.022104949 
583 521 27 30 0.022101827 
717 588 29 31 0.022092037 
312 670 7 7 0.022090947 
100 452 10 11 0.022085372 
551 494 6 5 0.022084715 
734 310 6 11 0.022081185 
408 120 8 10 0.022078512 
459 559 12 13 0.022078402 
675 122 10 16 0.022069968 
687 258 12 16 0.022069678 
134 102 6 9 0.022068715 
237 119 43 52 0.02206762 
645 169 8 15 0.022064183 
459 301 20 26 0.022063278 
466 272 9 12 0.02206059 
914 683 71 52 0.022055795 
126 183 8 12 0.022053728 
260 381 12 13 0.02205254 
275 509 20 27 0.022051731 
586 223 33 47 0.02205025 
201 216 11 12 0.022040322 
973 652 7 8 0.0220402 
370 160 10 15 0.022039026 
587 427 22 29 0.022034142 
209 488 25 26 0.022032075 
670 305 10 12 0.022027116 
497 187 10 15 0.022026153 
961 41 21 28 0.022024283 
125 163 18 27 0.022012433 
366 308 6 5 0.022008793 
478 255 9 11 0.02200579 
496 220 11 15 0.02200564 
586 274 7 10 0.022001201 
331 163 10 14 0.022001166 
817 689 11 13 0.021999404 
453 335 9 13 0.021997858 
397 423 20 28 0.02199289 
623 248 80 121 0.02198748 
1 163 22 48 0.02197821 
283 299 21 26 0.021973368 
67 285 10 14 0.021971893 
453 143 9 14 0.021968 
370 169 8 11 0.021965055 
573 180 12 17 0.021964895 
299 633 23 24 0.021959098 
135 89 5 8 0.02195006 
313 89 48 52 0.021947462 
892 323 14 20 0.021946121 
357 411 9 14 0.021945778 
86 365 26 26 0.021943998 
582 315 18 28 0.021942608 
186 110 5 6 0.02194126 
559 416 5 6 0.02193746 
367 533 13 19 0.021936335 
420 155 9 13 0.021934472 
141 63 6 9 0.021933895 
311 134 9 9 0.021930134 
927 265 44 46 0.021926744 
945 651 12 15 0.021924045 
498 318 7 11 0.021923145 
977 633 9 9 0.021921055 
231 479 22 22 0.021918776 
608 336 6 10 0.021918625 
933 52 9 12 0.021916674 
727 272 9 12 0.021913812 
857 341 75 92 0.021910463 
120 54 9 11 0.021908639 
309 114 6 8 0.02190223 
293 311 9 10 0.021897158 
853 634 4 6 0.021891735 
394 295 19 23 0.021890488 
379 623 4 5 0.02188743 
467 148 40 53 0.021886893 
413 205 22 31 0.021884978 
96 56 6 8 0.02188323 
531 594 8 10 0.021875318 
431 314 15 22 0.02187304 
119 213 17 24 0.021872167 
681 115 20 30 0.021871971 
252 211 11 16 0.021864627 
20 555 7 10 0.02185898 
93 232 9 12 0.021856595 
631 178 12 18 0.021856237 
687 244 11 17 0.021853555 
718 319 7 10 0.021852516 
254 701 109 96 0.021852402 
871 280 23 34 0.021849582 
920 208 10 12 0.021847269 
101 196 8 10 0.021840263 
322 219 20 28 0.02183752 
623 346 5 7 0.021836292 
921 41 39 51 0.021834483 
821 704 21 23 0.02183275 
6 498 6 9 0.021829477 
354 337 11 12 0.02182897 
459 522 10 11 0.021825874 
219 184 8 12 0.021825686 
856 373 9 14 0.021824606 
96 86 7 11 0.02182077 
643 328 12 14 0.021817751 
753 182 10 14 0.02181621 
499 334 8 15 0.021800611 
464 130 11 16 0.021795502 
153 489 9 11 0.0217905 
82 89 7 10 0.02178868 
452 196 10 17 0.021783836 
764 326 4 7 0.021783154 
367 557 12 14 0.021780444 
206 135 5 6 0.02177524 
848 275 34 54 0.02177516 
286 175 10 13 0.021774448 
259 449 10 15 0.021770477 
365 319 8 9 0.021770101 
663 270 9 15 0.021769898 
281 145 15 23 0.021769127 
329 386 10 15 0.021768602 
133 190 6 9 0.021764977 
637 82 23 28 0.021762555 
827 652 14 18 0.021761611 
403 175 9 14 0.02176045 
765 205 11 15 0.021758446 
472 336 9 12 0.02175314 
173 265 9 12 0.021750076 
951 259 11 12 0.021745747 
590 313 5 8 0.021743692 
422 195 9 15 0.021742117 
5 543 22 31 0.021731656 
79 285 10 13 0.02173043 
515 213 12 16 0.021726063 
985 599 7 9 0.021724714 
132 214 9 12 0.021722192 
887 270 13 18 0.02171758 
312 196 8 11 0.02171713 
466 170 7 11 0.021716354 
361 223 5 9 0.02171201 
331 173 11 15 0.021711396 
863 219 8 15 0.021705199 
485 41 9 15 0.02170359 
615 304 7 11 0.021702783 
782 505 15 20 0.021696448 
391 397 23 32 0.021695407 
535 265 9 15 0.021692201 
0 523 8 12 0.021691859 
410 742 6 6 0.02169087 
345 441 41 47 0.021683056 
609 195 13 18 0.021680124 
392 480 15 17 0.021669995 
193 291 15 14 0.021668743 
423 107 8 9 0.021666706 
932 69 9 10 0.02166653 
943 289 25 31 0.021664662 
389 254 7 10 0.021662882 
289 275 6 8 0.021652076 
633 316 19 24 0.021650415 
709 272 10 13 0.021648625 
1007 670 8 10 0.02164717 
500 248 19 25 0.021646852 
309 227 23 32 0.021634845 
815 232 18 33 0.021630775 
633 325 7 8 0.021630317 
316 146 21 24 0.021627922 
314 286 7 10 0.021625333 
390 513 62 48 0.021621933 
571 358 8 10 0.02162152 
591 422 5 7 0.021621395 
359 512 14 19 0.021620184 
413 476 13 13 0.021618882 
623 352 5 7 0.021614112 
323 162 11 15 0.021611553 
506 273 6 9 0.021610774 
261 411 21 27 0.021610655 
911 538 26 23 0.02160969 
884 741 22 22 0.021604514 
710 254 19 25 0.021604314 
210 126 8 9 0.021602308 
576 240 8 12 0.021592785 
678 350 20 27 0.02159177 
138 285 21 27 0.021573514 
604 220 32 46 0.021572888 
279 457 11 13 0.021570805 
449 182 8 13 0.021570554 
781 274 6 9 0.021569055 
182 345 13 15 0.021566192 
373 170 19 24 0.021565896 
424 289 5 6 0.021561861 
190 292 99 87 0.021559607 
702 188 9 15 0.021559391 
349 307 22 26 0.021554578 
598 -22 25 22 0.0215533 
473 198 19 27 0.021552738 
892 275 13 21 0.021550655 
300 209 17 25 0.021550503 
466 49 8 12 0.021547453 
748 289 8 13 0.021544494 
404 94 8 12 0.02153519 
555 37 11 17 0.021533713 
492 472 7 9 0.021532819 
874 47 12 16 0.021531511 
483 65 10 16 0.02153137 
486 35 8 13 0.021522302 
461 170 19 26 0.021521075 
405 295 6 7 0.021514753 
683 181 10 16 0.021510122 
302 652 6 8 0.02150747 
478 35 8 12 0.021502255 
845 381 6 11 0.021501321 
102 376 9 10 0.021500854 
11 557 41 65 0.021500632 
574 235 16 25 0.021488996 
315 134 37 49 0.02148854 
792 209 8 12 0.021487124 
408 136 18 25 0.021473382 
510 149 10 14 0.021468015 
914 632 7 7 0.02146359 
409 170 15 24 0.021463515 
908 151 23 25 0.021463364 
572 150 11 15 0.021462003 
83 68 7 10 0.021461587 
698 342 9 12 0.021460485 
414 247 9 11 0.021453802 
525 85 20 31 0.021442063 
451 243 11 16 0.021435846 
577 274 17 27 0.02143078 
488 384 5 6 0.021428477 
263 401 8 10 0.021426694 
545 499 7 7 0.021421336 
178 165 7 10 0.021418674 
632 259 9 12 0.02141792 
637 216 20 31 0.021408053 
579 226 11 16 0.021406854 
120 140 7 9 0.021406079 
134 242 21 24 0.021403432 
18 540 8 11 0.02140267 
557 481 6 6 0.021402609 
938 215 11 12 0.021400642 
522 183 11 17 0.021400133 
931 713 13 13 0.021398356 
748 306 5 8 0.021396356 
136 83 6 8 0.02139183 
167 338 40 47 0.021384051 
260 502 11 15 0.021384025 
292 418 12 14 0.021383137 
240 494 11 12 0.021377703 
326 485 9 10 0.021377431 
299 290 9 12 0.021370556 
733 173 10 15 0.021368321 
245 214 18 25 0.021367371 
663 452 9 14 0.021366484 
497 177 10 16 0.021357225 
324 687 48 50 0.02135214 
650 500 20 30 0.02134312 
222 323 22 26 0.021342078 
468 188 8 12 0.021340398 
224 403 8 9 0.02133951 
217 144 8 12 0.02133838 
205 646 104 102 0.021336304 
486 569 7 8 0.021330753 
499 378 6 8 0.02132737 
14 350 5 9 0.021326812 
376 156 10 14 0.021321308 
102 383 25 33 0.021320032 
652 166 10 18 0.021315653 
876 241 7 11 0.021314966 
606 331 7 11 0.021309556 
849 19 41 44 0.021309154 
643 139 20 31 0.021306768 
428 299 8 10 0.021302717 
665 210 37 49 0.021301597 
103 130 7 12 0.021301487 
664 310 10 12 0.021300813 
44 177 7 9 0.021294888 
347 308 5 6 0.021293065 
925 228 12 12 0.021285612 
95 259 8 12 0.021283817 
293 301 8 9 0.02127997 
415 148 19 27 0.021279186 
235 396 9 8 0.02127837 
189 200 11 13 0.021278085 
775 326 5 8 0.021277394 
758 279 12 13 0.021277376 
397 275 6 7 0.021276714 
319 358 11 17 0.021275975 
89 17 7 11 0.021272535 
635 573 12 13 0.021271322 
763 156 13 17 0.021270482 
320 458 25 27 0.021266202 
232 90 5 6 0.021263545 
422 50 6 9 0.021259988 
428 592 20 26 0.021253562 
913 14 25 23 0.021253293 
433 210 11 18 0.021253195 
286 237 12 16 0.021251291 
989 586 10 11 0.021250764 
916 54 21 24 0.021249255 
935 356 24 32 0.021246517 
461 646 6 8 0.021246377 
903 337 7 10 0.0212349 
104 226 20 26 0.021234723 
758 203 13 16 0.021227464 
478 341 10 14 0.02121738 
632 188 38 50 0.021216713 
532 286 45 63 0.021215605 
334 268 6 9 0.02120811 
869 203 8 10 0.021206388 
256 115 5 6 0.02120512 
919 387 27 26 0.021204202 
504 157 9 13 0.021201622 
861 355 33 50 0.021201547 
108 0 21 22 0.021197451 
645 180 19 28 0.021197258 
702 348 9 13 0.021196542 
313 279 8 11 0.021195993 
374 385 11 14 0.02119255 
638 298 19 25 0.021190498 
140 197 7 8 0.021187922 
806 170 74 107 0.021185454 
635 410 7 7 0.021184158 
719 687 12 13 0.021182023 
515 29 24 34 0.021180155 
566 201 21 30 0.021177022 
757 307 6 9 0.021174304 
869 221 8 13 0.021168295 
356 393 13 20 0.021164002 
627 404 6 7 0.021163354 
171 581 7 7 0.021161154 
420 317 9 11 0.021156393 
658 285 9 13 0.021155998 
608 283 9 13 0.02115398 
925 337 12 17 0.021152522 
891 28 22 24 0.02115048 
976 638 10 9 0.021144867 
452 285 8 10 0.02114318 
138 125 11 12 0.021141108 
-1 113 16 37 0.021136248 
778 305 74 88 0.021136003 
689 322 9 13 0.02113077 
710 197 19 28 0.021129826 
388 503 11 11 0.021127136 
299 212 10 15 0.021124905 
515 129 11 17 0.02112461 
301 120 20 25 0.021123797 
472 607 30 33 0.02112042 
881 248 20 26 0.02111942 
136 384 14 16 0.02111652 
646 578 10 15 0.021115655 
598 346 4 7 0.021115268 
414 515 12 12 0.02111452 
75 75 8 11 0.02111278 
424 218 21 27 0.021111276 
350 162 8 13 0.021107638 
179 140 6 7 0.02110307 
612 278 11 17 0.021101274 
313 164 9 12 0.021088442 
213 343 13 12 0.021087594 
50 308 23 25 0.021087391 
360 221 18 25 0.021086426 
298 259 11 14 0.021084428 
581 362 7 10 0.021084182 
11 466 8 8 0.021078514 
498 120 8 12 0.02107733 
510 239 10 12 0.02106888 
904 345 7 9 0.021068871 
232 84 6 6 0.021067673 
768 327 5 6 0.021067407 
433 173 8 15 0.021063583 
455 640 6 7 0.021061912 
206 101 7 8 0.021059994 
722 197 75 102 0.02105403 
217 177 7 10 0.021052841 
591 319 5 8 0.021052767 
975 787 86 108 0.02105272 
842 207 10 15 0.02105096 
615 377 6 8 0.02105023 
330 475 219 194 0.021044096 
737 346 33 55 0.021039126 
908 628 6 6 0.021032337 
750 172 23 32 0.021032095 
87 54 8 11 0.021014027 
357 319 8 9 0.02100957 
558 422 7 7 0.02100776 
352 202 18 28 0.02100668 
498 148 19 29 0.021005165 
735 344 7 9 0.021004513 
584 186 13 18 0.021002404 
564 482 6 6 0.021002086 
107 81 8 11 0.021000544 
402 152 8 10 0.020998966 
875 349 21 30 0.02099323 
779 123 22 38 0.02098583 
484 155 11 15 0.020983567 
355 450 11 15 0.020980835 
479 304 17 26 0.020980598 
330 120 10 10 0.020980557 
323 111 23 23 0.020980114 
317 459 12 16 0.02097722 
95 69 8 11 0.02097684 
6 459 7 11 0.02097664 
830 400 20 29 0.020971509 
863 211 18 30 0.02096752 
133 353 22 27 0.020961365 
727 689 12 11 0.02095279 
922 165 22 24 0.020950103 
638 120 19 32 0.020940393 
167 145 6 9 0.020938883 
806 615 49 51 0.020936366 
818 301 21 24 0.020929843 
362 440 12 16 0.020929726 
464 527 202 188 0.020929195 
155 498 6 8 0.020928178 
326 152 20 27 0.020927766 
182 365 22 30 0.020925958 
494 188 38 45 0.02092054 
582 344 5 8 0.020919688 
357 151 39 48 0.020917356 
742 320 5 7 0.020914396 
146 169 11 11 0.020911321 
503 293 16 23 0.020910079 
482 579 27 28 0.020906331 
585 436 5 6 0.020905048 
14 561 7 9 0.02090074 
490 156 10 14 0.020899909 
595 212 10 14 0.020898763 
718 680 14 13 0.020897962 
223 154 11 17 0.02089629 
327 314 5 7 0.020893347 
320 125 8 9 0.020893285 
311 491 9 11 0.020891344 
465 303 10 12 0.02089022 
864 585 54 55 0.02089 
315 273 7 11 0.020889852 
638 371 12 19 0.020889029 
363 338 9 9 0.02088819 
869 257 20 27 0.020884711 
960 720 15 14 0.020882674 
855 218 11 16 0.020882023 
483 207 11 14 0.020875853 
662 69 41 50 0.020875394 
199 252 20 23 0.020870252 
784 360 20 32 0.02086918 
37 185 7 10 0.020865591 
470 115 13 18 0.020864 
584 441 6 7 0.020856446 
239 456 21 25 0.020854916 
984 522 8 9 0.02085482 
641 277 9 15 0.020853788 
116 267 6 9 0.020853646 
818 264 10 16 0.020852532 
352 301 6 7 0.02085069 
214 392 25 28 0.020848308 
925 727 11 11 0.020846007 
571 351 6 9 0.020843294 
401 550 14 14 0.020832194 
165 147 17 23 0.020831509 
156 244 13 18 0.020830618 
563 153 18 25 0.02083038 
422 184 7 11 0.020829039 
141 100 7 9 0.020828703 
423 132 75 106 0.020822896 
448 108 7 9 0.020820204 
821 248 6 10 0.020819291 
699 650 26 23 0.02081923 
935 454 42 47 0.02081642 
674 290 12 16 0.02081526 
352 138 9 10 0.020813351 
636 624 23 25 0.020809978 
487 298 8 12 0.020804796 
593 308 16 28 0.020804655 
318 438 10 16 0.020803936 
267 420 9 12 0.020803489 
472 761 8 7 0.020801805 
931 728 12 12 0.020801742 
106 379 10 12 0.020796238 
364 329 9 11 0.020790195 
325 130 11 12 0.020789158 
637 57 11 16 0.02078544 
390 267 7 10 0.020782921 
287 115 6 8 0.02078118 
175 513 5 5 0.020779941 
726 349 10 13 0.020779802 
331 504 27 26 0.02077789 
833 513 21 31 0.020776318 
715 205 10 15 0.020775566 
347 294 5 7 0.02077289 
140 161 10 13 0.02076457 
415 43 7 10 0.020760577 
624 361 10 13 0.020754939 
231 410 6 7 0.020751316 
792 293 7 11 0.02074551 
145 190 7 9 0.020744765 
292 288 10 14 0.020743497 
636 152 10 17 0.020742647 
262 139 6 9 0.020742554 
120 77 10 13 0.020739382 
152 207 9 13 0.020736132 
414 267 7 10 0.020734634 
580 174 11 15 0.020733174 
230 403 7 8 0.02073199 
443 641 5 6 0.020729898 
492 316 7 12 0.020729832 
707 194 10 16 0.02072594 
932 355 12 14 0.020721808 
478 280 8 10 0.020718308 
631 296 8 13 0.020712322 
593 228 11 16 0.020710716 
160 102 7 9 0.020710072 
457 654 4 6 0.020708762 
909 621 6 6 0.020708699 
344 535 12 12 0.02070843 
319 299 7 10 0.02070323 
265 451 10 13 0.020702478 
992 668 29 24 0.020701928 
526 -39 57 44 0.020701269 
473 233 20 26 0.020699779 
158 176 8 11 0.020699017 
262 395 9 10 0.020696726 
549 110 11 16 0.020689148 
940 222 23 26 0.020682741 
577 116 38 53 0.020680081 
375 291 18 26 0.020679714 
629 318 6 8 0.020677617 
608 328 20 27 0.020677425 
309 665 6 7 0.020673579 
474 311 9 13 0.020672293 
121 262 6 9 0.020671159 
317 201 10 15 0.02067047 
428 241 9 12 0.020669498 
516 759 9 9 0.020668548 
483 607 48 50 0.02066668 
527 198 13 20 0.02066117 
1004 425 7 13 0.020660684 
223 376 9 10 0.020660577 
459 330 20 25 0.020659503 
763 333 5 7 0.020658715 
738 436 12 15 0.020657495 
318 113 11 11 0.020655425 
452 342 8 13 0.020644033 
141 173 6 8 0.020641718 
756 137 22 28 0.020640176 
423 260 7 10 0.020637633 
283 639 5 5 0.020636939 
720 592 11 11 0.02063237 
176 119 17 24 0.020629086 
201 369 90 84 0.02062638 
842 151 9 19 0.020626213 
906 16 12 11 0.020622963 
59 261 13 16 0.020622395 
894 42 10 12 0.02061596 
632 343 7 10 0.02061058 
444 728 64 50 0.02061054 
763 318 6 9 0.020607606 
0 336 6 14 0.020604648 
856 349 19 29 0.0206023 
507 164 17 25 0.020591903 
322 188 18 25 0.020591384 
405 604 81 96 0.020578146 
628 352 7 9 0.020577105 
485 204 20 25 0.020576844 
1001 455 10 16 0.020575628 
598 249 12 18 0.020572351 
876 195 10 12 0.020559212 
459 92 10 14 0.020558657 
228 335 10 14 0.020555353 
933 202 9 11 0.020550834 
239 231 11 17 0.020548884 
752 232 11 17 0.020548046 
174 108 6 7 0.02054511 
395 544 14 15 0.02054431 
701 207 19 25 0.020540323 
402 113 7 9 0.020539805 
890 422 7 10 0.020538712 
593 137 9 13 0.020534378 
834 258 24 30 0.020531185 
340 397 13 17 0.020527424 
1006 432 6 13 0.02052634 
717 548 50 43 0.020523062 
558 500 6 6 0.020516826 
221 161 18 24 0.02051163 
304 474 11 15 0.02051047 
269 454 21 26 0.020506898 
658 61 8 11 0.020506794 
400 212 80 89 0.02050155 
160 121 7 9 0.020499842 
324 94 24 24 0.020497419 
953 637 8 8 0.020494072 
894 239 12 13 0.020492114 
362 306 21 25 0.02048642 
628 325 8 8 0.020486046 
716 658 32 30 0.020485012 
899 78 42 47 0.020484447 
738 231 12 16 0.02048375 
383 121 7 8 0.020482995 
500 391 5 6 0.020478016 
412 489 15 14 0.020471787 
212 407 6 11 0.020470686 
608 647 28 26 0.020467067 
945 246 11 13 0.020466702 
426 476 13 14 0.020463236 
165 324 7 10 0.020456651 
701 238 11 16 0.020455386 
911 36 12 15 0.020454705 
616 371 6 8 0.020454133 
464 115 12 17 0.020451933 
656 291 10 13 0.020445248 
488 559 22 26 0.020444855 
346 499 23 30 0.020443235 
299 628 52 57 0.020439692 
890 242 21 25 0.020436417 
843 441 8 10 0.020432487 
476 132 13 19 0.020430638 
485 336 8 12 0.020428563 
97 438 15 14 0.02042384 
900 195 11 12 0.020422315 
858 315 21 30 0.020417716 
178 708 9 8 0.020415507 
720 175 21 30 0.020414788 
409 571 28 33 0.020414678 
721 600 9 10 0.020411678 
157 454 29 34 0.02040912 
885 48 12 13 0.020406934 
948 638 7 8 0.020400641 
889 79 25 30 0.0203991 
691 198 37 49 0.020394055 
906 65 12 16 0.020387858 
322 555 27 36 0.020384487 
140 44 21 28 0.02038155 
229 389 9 9 0.020377258 
931 345 12 16 0.02037086 
318 159 11 16 0.020362398 
307 284 21 30 0.020361379 
548 266 9 14 0.02035609 
761 223 33 46 0.02035551 
350 381 10 15 0.020353744 
237 511 9 10 0.02035286 
895 577 8 7 0.020350598 
661 288 19 25 0.020341154 
319 133 9 9 0.020339698 
471 31 20 29 0.020337293 
970 620 9 8 0.020332651 
406 508 14 13 0.020328695 
645 117 36 51 0.020322401 
716 259 10 14 0.02032157 
612 147 12 19 0.020317057 
503 617 12 11 0.02031687 
274 418 11 15 0.020313459 
912 24 11 10 0.02031343 
635 465 15 19 0.020313395 
417 91 8 12 0.020311298 
231 307 24 28 0.020311173 
497 212 38 43 0.020310907 
226 91 5 6 0.020310327 
9 381 5 10 0.020307496 
851 294 64 98 0.020307293 
332 325 6 9 0.020304305 
554 143 10 16 0.02030423 
732 409 11 21 0.020300426 
630 184 21 30 0.02029578 
6 297 7 12 0.020293333 
286 463 9 11 0.020292522 
355 749 4 5 0.020287238 
658 279 40 60 0.020282812 
231 77 7 7 0.020282378 
745 188 10 14 0.020282017 
664 148 10 16 0.020280752 
319 485 9 10 0.02027667 
293 273 9 11 0.020273766 
99 424 25 27 0.020273473 
596 300 6 9 0.020271815 
246 368 12 13 0.020271594 
114 210 7 9 0.020260843 
389 348 12 13 0.02026072 
768 333 5 8 0.020256206 
253 464 10 15 0.020252656 
121 199 9 14 0.020251608 
426 231 41 45 0.020250631 
550 642 55 62 0.020248072 
296 481 21 28 0.020247405 
603 322 45 63 0.020245362 
0 555 5 10 0.0202447 
835 611 20 25 0.020240758 
557 124 8 13 0.020240445 
397 45 8 14 0.020239655 
467 311 7 10 0.020238185 
351 394 40 43 0.020236967 
128 273 7 10 0.020233307 
968 446 22 28 0.020230109 
406 9 27 20 0.020228252 
172 214 9 12 0.020222671 
741 586 88 107 0.020219784 
467 528 8 11 0.02021784 
209 93 10 9 0.020216445 
262 130 42 51 0.020216167 
658 93 9 12 0.020215174 
447 199 19 29 0.020214781 
380 253 18 26 0.020208802 
428 530 9 9 0.020207528 
356 332 8 9 0.02020705 
252 490 11 13 0.0202066 
674 500 39 53 0.020206083 
645 66 10 14 0.020204486 
432 515 13 11 0.020201618 
472 304 9 12 0.02020099 
246 153 10 15 0.020200085 
817 630 24 29 0.020196559 
638 291 8 12 0.020192374 
554 41 20 32 0.020191219 
919 189 11 12 0.02018621 
676 148 10 16 0.02018504 
570 283 8 13 0.020184519 
719 464 22 28 0.020183248 
189 273 11 13 0.020182336 
900 574 11 9 0.020180613 
574 105 11 17 0.020178858 
841 641 23 25 0.020176942 
452 32 11 14 0.020163385 
339 267 6 9 0.020161632 
699 340 19 26 0.020159472 
374 540 11 14 0.020155907 
207 116 6 7 0.020152107 
83 83 6 9 0.020151485 
831 569 22 28 0.020144796 
581 420 7 8 0.020144738 
14 191 42 64 0.020143747 
542 519 50 54 0.020142976 
712 480 35 50 0.020129155 
304 161 9 15 0.0201277 
111 110 12 18 0.020126374 
250 77 6 7 0.020126214 
534 225 10 17 0.02012203 
655 503 10 16 0.020121332 
310 591 3 4 0.02012036 
109 141 5 7 0.020113999 
90 204 6 8 0.020111812 
215 157 8 14 0.020111019 
350 212 8 13 0.020106513 
13 295 7 13 0.020105597 
658 87 21 27 0.020105515 
186 115 5 6 0.020102706 
616 364 6 8 0.020099089 
728 326 10 14 0.02009685 
645 565 9 13 0.020094886 
860 181 40 57 0.020089664 
406 388 22 29 0.02008911 
453 287 19 22 0.020083401 
594 128 10 15 0.020079002 
549 129 9 14 0.020075286 
187 558 5 5 0.020073595 
471 127 12 19 0.020073246 
864 520 49 50 0.02006997 
281 256 21 29 0.020068604 
632 521 11 13 0.020068299 
406 468 14 16 0.020067567 
409 387 9 13 0.020067539 
399 629 48 51 0.02006427 
419 256 84 103 0.020059329 
180 518 6 7 0.02005275 
458 138 20 30 0.020052478 
7 93 17 37 0.020051211 
326 287 6 9 0.020048518 
650 565 10 15 0.02004503 
252 226 13 16 0.020044893 
448 756 8 6 0.02004139 
361 571 13 14 0.020040404 
508 486 5 5 0.020040244 
594 433 8 11 0.020037256 
287 168 9 13 0.020034973 
797 147 12 17 0.020031642 
562 475 24 29 0.020030202 
737 349 6 10 0.020025464 
690 253 19 25 0.020024074 
-3 448 36 61 0.020022552 
542 132 37 49 0.020022543 
333 260 7 11 0.02002177 
970 308 13 18 0.020019624 
135 95 6 8 0.020012127 
695 354 10 15 0.02001143 
347 581 7 8 0.020011395 
596 363 6 8 0.020007452 
785 176 9 12 0.020005187 
980 594 8 8 0.020003792 
485 477 8 11 0.02000351 
262 414 7 11 0.020001825 
638 483 11 12 0.020000704 
