12_Group_Team_Organized_Group_12_Group_Team_Organized_Group_12_461
149
909 424 21 26 0.9948598 
250 282 27 32 0.9923672 
481 296 54 56 0.99105483 
313 306 10 14 0.98879004 
38 298 29 39 0.9878291 
404 285 22 30 0.9782401 
285 301 12 16 0.97144544 
635 297 23 32 0.9500028 
179 317 17 22 0.9355391 
360 312 12 17 0.78248215 
343 410 23 42 0.77012384 
120 311 9 13 0.568681 
157 310 10 13 0.47173533 
908 327 10 14 0.44703653 
835 421 25 28 0.22003892 
125 311 9 12 0.20826976 
131 308 11 14 0.16588242 
610 292 9 17 0.15498999 
375 310 10 15 0.14016509 
28 555 10 13 0.13724597 
367 315 12 17 0.102280185 
80 537 6 11 0.087552644 
1006 294 7 9 0.082957275 
938 451 10 17 0.070112765 
960 347 6 8 0.06973746 
330 325 18 23 0.06864415 
361 331 13 17 0.066864215 
114 315 12 16 0.06673868 
883 430 18 22 0.06488531 
932 327 9 13 0.06252188 
951 441 26 24 0.059735898 
830 415 16 29 0.057757482 
358 308 10 14 0.05173265 
139 296 10 11 0.04945005 
996 359 8 11 0.047313638 
322 458 12 11 0.046364542 
298 433 23 29 0.044818193 
307 448 25 21 0.043878168 
621 286 5 7 0.0436185 
664 275 13 23 0.040838223 
536 275 23 30 0.04062202 
850 411 22 31 0.039600085 
983 359 6 9 0.038443167 
326 423 34 43 0.038026467 
538 285 33 44 0.03676597 
344 305 9 12 0.0366956 
725 248 34 55 0.036620364 
312 459 12 10 0.036256447 
307 305 10 14 0.035902806 
614 288 14 24 0.03561106 
622 296 8 15 0.03535922 
82 534 5 7 0.03500525 
926 357 8 10 0.03498443 
415 285 24 28 0.033973876 
132 301 13 14 0.033656485 
101 533 3 7 0.033644002 
99 308 10 12 0.033332676 
157 303 10 11 0.033070713 
930 445 13 18 0.03245871 
828 450 24 26 0.0322448 
632 570 7 9 0.03202334 
598 289 6 8 0.03175994 
822 186 10 10 0.031742144 
-21 -167 177 159 0.031420596 
303 294 10 11 0.031198477 
859 433 20 22 0.031178301 
241 281 18 26 0.030717669 
996 292 9 11 0.03060834 
304 290 8 9 0.0294951 
1011 352 6 9 0.028685255 
601 292 8 12 0.028527303 
334 419 6 5 0.02836448 
146 308 8 11 0.028061343 
1016 325 8 10 0.028036159 
1000 365 8 12 0.027886264 
327 417 5 5 0.027859943 
574 297 12 14 0.027668314 
380 306 8 15 0.027645472 
805 186 11 12 0.027520534 
595 293 7 10 0.027505912 
305 329 13 18 0.02740351 
37 543 9 11 0.027087493 
967 368 6 7 0.026769916 
107 312 10 13 0.026339067 
1007 353 6 8 0.026198763 
213 301 12 11 0.026063615 
753 274 7 15 0.025841076 
68 641 7 11 0.025696706 
300 440 12 16 0.02552124 
323 291 4 6 0.025414595 
538 309 37 51 0.0253435 
101 529 3 5 0.025179539 
434 279 20 32 0.025144514 
152 313 12 16 0.025081659 
846 277 5 9 0.024913661 
982 354 6 7 0.024853641 
984 364 6 9 0.024763348 
940 440 20 25 0.024725169 
155 448 7 9 0.024622208 
922 349 10 13 0.024581868 
507 454 27 27 0.024415718 
999 355 5 7 0.024260674 
856 392 7 10 0.024223609 
868 571 11 16 0.024197645 
320 423 7 8 0.024190716 
561 291 9 14 0.024169974 
322 417 5 6 0.024120862 
873 257 5 8 0.023770008 
647 170 32 27 0.023690866 
368 306 13 17 0.02340361 
333 414 5 5 0.02335548 
165 318 8 13 0.02314838 
867 416 11 16 0.022969464 
901 463 20 22 0.022836398 
978 291 5 6 0.022737266 
566 571 25 20 0.022566779 
964 346 7 8 0.022461148 
561 300 24 29 0.02241688 
1017 353 7 10 0.022331709 
636 279 4 5 0.022274686 
981 346 7 9 0.022128223 
471 648 24 25 0.022091996 
314 456 22 23 0.022085384 
1004 290 8 10 0.021901822 
375 322 11 15 0.021889355 
825 416 11 24 0.021875646 
133 296 10 10 0.021455634 
350 306 8 11 0.021377021 
95 311 10 13 0.021341734 
847 312 4 6 0.02122796 
38 512 6 10 0.021100579 
590 289 5 7 0.021087065 
569 285 21 27 0.021025889 
145 295 7 8 0.020991499 
861 417 12 19 0.020881474 
981 303 5 7 0.020813022 
583 637 37 52 0.020717023 
309 436 14 16 0.02068228 
114 302 8 10 0.020594137 
325 449 12 14 0.020585027 
549 488 25 30 0.020560691 
82 541 6 11 0.020553138 
934 402 10 12 0.020481223 
161 296 7 7 0.020467265 
522 539 24 26 0.020430386 
894 395 6 11 0.02038652 
102 304 7 9 0.020370217 
329 415 4 5 0.020340104 
987 296 5 7 0.020049516 
