9_Press_Conference_Press_Conference_9_35
246
304 282 16 28 0.9923124 
687 214 14 19 0.99166954 
854 142 11 17 0.9882274 
401 187 13 16 0.98668146 
188 191 18 21 0.9866304 
623 216 14 18 0.9651155 
267 304 23 40 0.9438208 
377 213 11 15 0.9158996 
328 212 18 22 0.904274 
602 199 12 13 0.89464504 
309 214 16 16 0.84453386 
195 286 21 21 0.83654827 
372 241 14 21 0.76458544 
287 210 12 16 0.70876104 
960 181 44 45 0.5538743 
580 313 19 25 0.5280551 
354 318 33 46 0.49285555 
348 216 10 12 0.39495328 
208 351 44 29 0.39413208 
79 341 22 19 0.34253642 
436 313 20 22 0.2732204 
206 402 55 38 0.26589248 
0 319 9 14 0.2604677 
479 303 25 25 0.2510924 
19 332 26 21 0.22252466 
321 219 14 14 0.20260577 
233 288 19 26 0.19901238 
272 237 13 17 0.17195964 
568 314 22 26 0.14966817 
393 254 10 16 0.14936517 
952 185 90 88 0.13725892 
495 303 20 25 0.13435763 
867 165 9 12 0.13388579 
514 325 20 24 0.1240344 
346 414 51 60 0.122804515 
157 310 26 24 0.11774119 
133 353 29 21 0.114342354 
391 328 25 23 0.112909056 
574 256 9 14 0.11073444 
572 337 39 45 0.108652726 
956 211 30 38 0.108616546 
547 608 13 12 0.10117584 
206 378 59 44 0.0970955 
412 204 13 18 0.094759256 
507 314 18 24 0.09092628 
663 126 69 41 0.08975376 
419 341 24 31 0.08834317 
380 244 12 18 0.081030756 
470 340 18 14 0.08086821 
343 213 10 13 0.079971075 
475 301 7 10 0.07544887 
477 299 15 17 0.07417567 
293 206 9 13 0.072971426 
564 302 23 24 0.072753765 
346 204 8 10 0.0723762 
293 282 19 26 0.06862275 
221 289 11 13 0.065045506 
330 207 12 12 0.06484365 
261 290 21 25 0.064357184 
384 299 22 24 0.06312816 
920 278 18 14 0.06310549 
387 250 12 15 0.06297233 
261 267 10 12 0.06205127 
238 292 37 45 0.061506182 
351 235 12 17 0.059995234 
354 217 9 11 0.058679253 
177 310 23 26 0.057064537 
560 353 27 36 0.055377465 
415 321 27 31 0.05530866 
234 284 14 15 0.054483425 
245 297 13 21 0.05320569 
282 276 15 19 0.053048387 
593 362 20 32 0.05060039 
293 418 97 93 0.049526807 
19 334 44 41 0.049147695 
371 313 20 30 0.049055625 
293 226 21 23 0.048694484 
417 309 27 26 0.048122134 
643 318 14 20 0.047071867 
409 417 77 83 0.047021564 
299 212 18 20 0.04649281 
556 338 24 37 0.04616927 
418 337 16 19 0.044642374 
457 340 21 30 0.043834664 
478 334 27 28 0.043830458 
473 307 9 14 0.04297722 
743 331 24 30 0.042664144 
283 211 9 15 0.042382333 
173 414 94 88 0.04231047 
848 402 213 198 0.041873053 
172 292 16 15 0.04119796 
296 374 32 26 0.040809233 
278 290 36 42 0.040689018 
574 230 11 17 0.040332258 
745 353 24 29 0.03974016 
985 311 62 51 0.038481582 
43 339 27 27 0.03801313 
181 290 24 25 0.037738238 
395 304 28 23 0.03771227 
505 332 26 34 0.037642874 
179 467 24 27 0.037473034 
2 642 24 24 0.037437905 
349 297 21 33 0.036677316 
311 367 47 48 0.03660429 
383 321 47 51 0.036453146 
3 323 11 14 0.036375135 
337 300 23 34 0.036145393 
208 287 23 23 0.035931032 
503 291 10 13 0.035312828 
1003 358 28 28 0.03506538 
516 149 32 27 0.034916155 
253 313 25 31 0.034599595 
220 292 20 25 0.033969477 
436 343 14 19 0.033762272 
341 349 50 57 0.03336091 
346 292 16 18 0.033192407 
487 301 15 14 0.03294955 
425 322 38 39 0.032773353 
556 302 9 15 0.032231897 
321 327 13 14 0.032123655 
310 209 11 12 0.032079797 
368 319 13 20 0.031696703 
599 0 452 306 0.03169523 
451 353 19 27 0.031525124 
15 644 14 15 0.03139701 
391 385 36 42 0.031395555 
1007 369 27 36 0.031261537 
362 414 74 102 0.031202143 
183 285 15 15 0.03103004 
203 309 23 25 0.030889813 
718 173 4 4 0.030608285 
665 385 51 54 0.030551458 
340 284 18 19 0.030302001 
577 306 13 15 0.0302292 
431 347 24 32 0.030161038 
486 258 21 20 0.029929208 
506 308 13 17 0.029859733 
153 387 98 68 0.029752012 
277 316 26 31 0.029610235 
325 212 12 12 0.029586049 
438 342 43 45 0.029549282 
756 169 7 9 0.029334843 
61 474 55 46 0.029325338 
660 353 25 24 0.029258214 
874 158 10 14 0.028733244 
356 289 13 19 0.028245976 
886 165 10 15 0.0280883 
945 250 110 93 0.028059296 
503 218 10 11 0.027852084 
605 190 8 9 0.02773373 
383 301 12 13 0.027624171 
163 435 54 49 0.027265104 
499 427 77 96 0.027264599 
370 389 40 48 0.026997859 
139 346 49 44 0.02673058 
950 258 14 15 0.026664743 
447 317 12 15 0.026533922 
204 394 29 31 0.02653315 
27 352 226 177 0.026418306 
729 340 24 29 0.02633465 
503 224 10 11 0.02632896 
987 356 29 31 0.026260568 
662 174 4 3 0.026256576 
429 337 15 17 0.026254034 
367 573 41 53 0.026150202 
665 313 21 27 0.026147908 
572 262 13 17 0.026003996 
677 374 27 33 0.025956055 
350 202 7 8 0.025906289 
609 198 10 12 0.02579434 
674 172 5 5 0.02559835 
544 454 50 48 0.025564369 
585 207 12 16 0.025342496 
399 334 90 92 0.025283141 
554 269 12 14 0.025124732 
365 338 25 45 0.025112659 
439 233 10 15 0.024919843 
730 382 19 26 0.024837306 
992 182 27 27 0.024835875 
667 173 4 4 0.024833776 
951 203 22 31 0.024679447 
298 237 19 22 0.024658842 
459 336 45 48 0.024558786 
380 472 94 94 0.024445644 
26 328 18 13 0.024382358 
947 257 53 56 0.02437121 
530 659 24 24 0.024337174 
485 316 41 40 0.02428488 
83 335 18 15 0.024280278 
7 -166 270 161 0.024214404 
714 173 4 4 0.024128037 
73 339 39 37 0.024040494 
418 477 59 48 0.023861649 
592 204 10 14 0.023727408 
560 304 13 15 0.023684649 
103 337 15 14 0.023369046 
969 207 31 33 0.023294443 
10 329 11 13 0.023218665 
361 234 17 23 0.023166291 
649 408 47 46 0.02316573 
321 322 22 28 0.023081485 
905 148 17 23 0.02298636 
638 337 85 82 0.022959197 
152 377 54 43 0.022952229 
195 444 31 29 0.022910662 
437 366 31 40 0.022595286 
164 303 14 12 0.022497421 
698 147 32 30 0.022463074 
338 532 50 50 0.022430452 
239 278 20 22 0.022356322 
291 281 12 16 0.022306925 
430 322 15 16 0.022191003 
54 377 56 55 0.022085575 
1003 184 14 15 0.022015814 
244 330 26 26 0.021987401 
407 234 11 12 0.021952985 
64 340 26 23 0.021890292 
652 144 52 47 0.02178739 
362 296 22 31 0.021754304 
225 280 18 22 0.021689663 
241 451 31 23 0.021659598 
941 271 24 32 0.02163352 
987 337 58 56 0.021597829 
331 306 12 17 0.021592505 
527 244 15 12 0.021454558 
278 260 73 82 0.021419043 
663 174 4 6 0.02137936 
298 211 10 13 0.021364588 
520 477 106 88 0.02131643 
924 271 25 26 0.021275546 
557 322 25 33 0.02122907 
192 416 50 44 0.021142725 
263 -9 422 294 0.020926032 
31 342 16 17 0.020878397 
3 328 22 24 0.020850517 
291 369 80 98 0.020685991 
295 204 6 8 0.020672375 
16 470 39 57 0.020670107 
565 350 76 80 0.020669643 
680 353 76 90 0.020569084 
38 311 26 19 0.020389797 
38 329 28 23 0.020364562 
518 398 50 49 0.020170214 
446 507 122 105 0.020137807 
281 439 48 54 0.020129748 
297 491 104 106 0.020121012 
