9_Press_Conference_Press_Conference_9_325
64
681 107 61 124 0.9941882 
332 183 58 89 0.98684806 
433 270 9 19 0.7316274 
878 529 36 57 0.69325906 
759 61 13 20 0.28623757 
764 58 18 26 0.27507403 
533 507 11 18 0.2677194 
541 252 10 17 0.2261683 
595 511 12 17 0.1978592 
846 353 69 154 0.19015642 
543 126 11 17 0.17583646 
537 378 10 18 0.113303736 
964 531 22 33 0.08629381 
310 197 10 19 0.07331372 
951 533 17 28 0.06686534 
435 158 10 17 0.065747164 
600 376 10 16 0.06153341 
410 48 9 15 0.05897818 
941 529 8 11 0.049549036 
852 34 14 19 0.04808609 
404 103 38 63 0.04422839 
483 262 10 15 0.04328526 
438 271 8 17 0.040659387 
873 539 21 42 0.040425047 
485 144 11 18 0.03939363 
753 64 12 19 0.035221897 
-1 76 60 182 0.035206925 
136 475 22 23 0.035199083 
411 38 4 6 0.031458367 
941 530 18 28 0.031430632 
276 205 9 19 0.031251285 
412 35 3 4 0.02899548 
945 6 4 6 0.0287946 
968 522 7 10 0.02869061 
855 24 11 12 0.028310284 
847 31 33 41 0.028245047 
349 88 73 121 0.028054643 
411 83 91 125 0.027226353 
975 529 9 12 0.026780514 
942 2 21 28 0.025127688 
441 186 97 119 0.025054403 
606 107 12 18 0.024969853 
21 -214 284 201 0.02473395 
807 120 21 36 0.024618536 
946 6 7 9 0.0242413 
591 456 9 12 0.024165858 
775 13 171 157 0.023574146 
220 546 19 28 0.02323117 
839 38 21 32 0.023028364 
964 518 23 27 0.022718852 
446 417 26 37 0.022445485 
955 528 13 18 0.022161355 
964 167 24 29 0.022069635 
673 82 18 27 0.021955566 
399 455 22 29 0.021724671 
938 536 10 17 0.021718249 
417 39 4 7 0.021536054 
865 524 24 37 0.02133459 
964 348 24 34 0.021206208 
343 405 81 111 0.020579064 
364 100 40 67 0.020500971 
955 520 12 14 0.020472977 
946 523 8 11 0.020395363 
840 35 6 9 0.020017516 
