15_Stock_Market_Stock_Market_15_706
157
328 180 172 223 0.9998535 
125 317 29 34 0.23173514 
67 50 15 17 0.1564771 
147 295 35 46 0.11857046 
893 315 17 26 0.10006899 
800 288 18 22 0.08666201 
840 2 13 12 0.08013602 
803 369 14 23 0.07208351 
823 2 14 12 0.06942634 
1008 437 9 13 0.067807734 
680 340 27 36 0.06705844 
696 313 27 29 0.06669641 
992 13 25 32 0.06627716 
99 318 21 29 0.064786844 
919 308 10 14 0.06125509 
761 39 14 15 0.060716227 
353 53 13 16 0.059643038 
166 303 21 32 0.058180686 
747 483 10 15 0.05659598 
747 535 37 64 0.055731863 
976 443 11 14 0.054916505 
365 75 15 20 0.05488461 
750 570 18 32 0.049633436 
0 617 14 31 0.0480353 
652 321 21 33 0.045128286 
1 345 13 17 0.044910777 
887 297 13 18 0.043798592 
640 316 10 14 0.042024817 
879 148 14 15 0.04195641 
58 54 36 51 0.041482937 
73 366 19 24 0.040944126 
681 510 11 15 0.04089473 
802 133 17 16 0.038941093 
462 167 274 353 0.038003318 
236 299 11 18 0.037702587 
367 57 12 16 0.03724591 
96 480 13 15 0.03698953 
802 1 16 14 0.036672838 
699 100 15 21 0.03627948 
220 315 20 27 0.036147352 
901 357 11 20 0.03575922 
779 35 18 22 0.03508728 
772 355 14 17 0.034510955 
778 158 23 28 0.034436565 
752 550 20 35 0.033884406 
632 111 20 23 0.03376143 
47 60 18 28 0.033627402 
570 354 105 138 0.033450566 
0 429 8 25 0.033449266 
635 534 41 65 0.03322125 
113 286 63 76 0.033181693 
876 292 10 16 0.033045914 
730 53 16 22 0.032688696 
99 366 23 25 0.032411557 
640 413 20 25 0.032112278 
856 284 20 33 0.031918425 
961 484 11 14 0.031875495 
923 324 13 21 0.031799126 
62 57 11 16 0.031460617 
618 369 10 16 0.030409 
627 313 87 105 0.030113483 
72 521 11 12 0.030102558 
673 348 314 411 0.029999683 
630 -184 447 313 0.029793294 
158 281 22 38 0.029599547 
206 175 11 13 0.029288605 
869 314 11 17 0.029270649 
670 173 14 18 0.028981684 
756 530 21 38 0.028914109 
139 466 12 19 0.028858023 
59 80 24 36 0.028319638 
79 58 11 16 0.028180322 
17 322 11 23 0.028097566 
143 268 61 88 0.027929092 
654 539 21 35 0.027811255 
662 92 12 19 0.027472705 
696 337 27 32 0.02724288 
190 0 23 20 0.027193252 
-22 -178 186 187 0.026967416 
79 514 30 26 0.026910782 
964 366 12 22 0.026377765 
424 41 21 32 0.026216526 
571 -40 425 363 0.026209714 
51 69 23 32 0.0261454 
710 157 46 42 0.026118219 
598 409 9 12 0.026056577 
847 300 25 35 0.02560009 
745 485 18 29 0.025476536 
53 46 19 29 0.025309052 
736 364 24 29 0.025293361 
106 348 20 27 0.025211358 
935 172 90 95 0.025183829 
160 257 29 30 0.025171975 
787 580 34 66 0.024948569 
831 150 11 13 0.024929889 
806 264 12 13 0.024827536 
25 386 18 31 0.024710614 
232 303 18 31 0.02459328 
733 48 12 14 0.024496147 
73 63 12 15 0.024218544 
117 304 14 17 0.023867007 
354 43 13 14 0.023790846 
629 339 18 27 0.023776323 
57 59 21 28 0.023379529 
55 440 33 28 0.023198044 
665 53 21 25 0.023067806 
877 338 8 13 0.023033787 
805 345 18 32 0.023027662 
77 48 11 16 0.02302491 
380 -192 465 304 0.023021337 
924 340 12 21 0.022995435 
144 258 25 30 0.022926778 
824 336 15 31 0.022687986 
881 299 75 104 0.022554344 
36 365 11 15 0.022513984 
618 376 12 18 0.022434529 
181 577 73 116 0.02236193 
643 401 11 16 0.022268424 
871 292 20 29 0.022252837 
743 525 69 119 0.022212349 
610 381 21 25 0.022208072 
110 318 27 30 0.022149345 
77 378 26 30 0.022065299 
0 376 29 53 0.022023905 
639 331 7 11 0.02189911 
624 394 10 14 0.021831175 
898 292 10 15 0.021727977 
680 131 19 30 0.021703793 
868 361 10 18 0.021701049 
466 8 9 16 0.021663267 
167 270 25 34 0.021490548 
815 263 85 134 0.021451624 
721 318 76 104 0.021436581 
823 258 21 25 0.021412678 
610 308 11 15 0.021309746 
220 328 13 21 0.021190664 
751 506 12 23 0.021164916 
590 375 58 58 0.02107382 
808 340 13 20 0.021053115 
662 28 13 16 0.021011379 
803 343 12 21 0.02098121 
829 376 12 18 0.020957747 
796 366 15 21 0.020833386 
875 345 17 28 0.020787833 
739 255 22 27 0.020710155 
650 571 10 16 0.02070411 
925 378 18 29 0.020703925 
54 11 17 27 0.020696241 
671 348 8 14 0.020606179 
624 373 10 16 0.02054585 
110 409 11 18 0.020456817 
757 45 21 28 0.020413272 
688 25 25 27 0.020408953 
886 303 20 30 0.020373372 
409 33 48 58 0.020085989 
669 83 43 52 0.020078318 
770 304 27 37 0.02003926 
