47_Matador_Bullfighter_matadorbullfighting_47_236
1196
388 270 91 114 0.9968982 
266 205 18 23 0.9579037 
68 196 17 23 0.9233548 
35 191 17 24 0.8913559 
111 195 17 22 0.8847326 
389 190 24 28 0.86664635 
350 196 18 24 0.8661924 
126 180 14 21 0.8383192 
715 107 21 25 0.8183126 
750 48 13 18 0.8170519 
832 129 19 22 0.7110019 
155 138 16 20 0.6584667 
729 185 15 19 0.6169961 
682 43 12 18 0.6000771 
387 140 17 19 0.592291 
159 176 15 18 0.57017744 
280 120 16 19 0.55017495 
217 564 14 15 0.48245633 
174 569 13 18 0.4712855 
947 50 12 17 0.4151859 
192 550 15 16 0.34403718 
590 129 19 21 0.33398983 
53 210 17 20 0.3130536 
93 185 12 16 0.30208158 
197 583 19 20 0.26286465 
795 120 17 23 0.25633177 
417 126 13 17 0.22817531 
549 204 16 23 0.22753224 
86 108 17 21 0.19871727 
266 73 12 16 0.19773942 
366 182 16 21 0.15893118 
989 96 20 27 0.14899364 
737 91 22 16 0.147985 
383 146 14 22 0.13862887 
452 185 23 31 0.13237095 
218 209 9 16 0.12434112 
703 178 14 16 0.123930596 
177 192 12 20 0.12217808 
603 191 17 20 0.12167611 
414 189 15 21 0.11961942 
158 200 17 21 0.11421546 
255 542 10 13 0.113922335 
206 530 10 9 0.11128066 
369 529 7 9 0.10812327 
383 211 14 17 0.1077498 
58 169 11 16 0.10730115 
540 297 7 12 0.10524973 
143 197 13 23 0.10395653 
254 184 12 16 0.097207375 
232 539 6 7 0.091083504 
42 176 12 16 0.090382025 
349 653 12 15 0.09021773 
343 835 8 12 0.09003612 
188 110 8 14 0.08981536 
152 199 13 21 0.08758134 
328 654 6 9 0.086768486 
232 205 16 19 0.08616024 
234 531 4 5 0.08555034 
687 250 5 7 0.08506364 
223 538 6 7 0.08264845 
214 537 9 8 0.082329 
687 255 5 9 0.08157649 
662 257 6 9 0.081492335 
232 545 7 9 0.08115128 
384 662 8 13 0.08041514 
132 560 16 18 0.080116495 
354 648 10 12 0.07970246 
439 127 13 16 0.07813105 
227 257 8 10 0.07792385 
350 623 6 10 0.0777244 
240 546 8 10 0.07688788 
199 109 8 12 0.07505883 
352 613 6 9 0.07475105 
158 185 18 24 0.07287982 
224 567 13 15 0.07265259 
394 134 13 17 0.07108387 
375 218 10 13 0.06987125 
348 835 8 12 0.06897825 
165 958 594 604 0.06822248 
333 611 10 14 0.06783094 
248 530 6 7 0.06762696 
586 183 11 14 0.06714903 
342 199 12 20 0.06710055 
384 571 7 8 0.06697288 
211 529 9 8 0.066786036 
522 253 6 11 0.06599922 
321 201 16 18 0.06571724 
274 437 6 9 0.06556746 
283 418 73 69 0.065255284 
294 209 17 21 0.06489067 
521 114 12 15 0.0642946 
370 668 5 9 0.06429395 
97 170 14 18 0.06416835 
668 256 5 10 0.064113766 
332 657 6 8 0.06400782 
222 532 6 5 0.06373368 
598 249 13 20 0.062281866 
85 185 12 15 0.061714076 
528 113 11 14 0.061522778 
97 160 12 14 0.061284035 
344 520 7 8 0.061197363 
253 524 4 5 0.060981028 
621 179 14 21 0.060611237 
403 158 19 24 0.060111754 
484 160 14 16 0.05884431 
187 238 8 10 0.05830938 
600 297 8 13 0.05813055 
336 667 6 9 0.058045365 
643 298 8 11 0.05744795 
718 75 10 13 0.0566551 
668 294 6 8 0.056525968 
41 151 13 14 0.05647506 
803 94 13 13 0.05626337 
464 150 12 18 0.05585172 
545 296 7 12 0.0550715 
738 186 11 16 0.054073278 
650 252 5 7 0.053205796 
241 551 9 12 0.053203285 
326 683 7 11 0.05285453 
123 194 15 21 0.052517284 
267 496 6 8 0.052086752 
640 169 12 16 0.05159252 
-2 183 8 18 0.051590446 
546 108 9 12 0.05148247 
899 141 26 28 0.051235925 
377 642 6 8 0.05091951 
883 1026 117 120 0.050618056 
65 172 13 17 0.05021428 
249 536 6 8 0.049993467 
235 526 4 5 0.04962162 
479 215 16 20 0.049521487 
259 499 5 5 0.04943309 
726 178 12 14 0.04910472 
775 119 15 18 0.048851255 
95 151 8 11 0.048571922 
362 630 5 9 0.048453752 
539 260 7 11 0.048422612 
750 90 19 16 0.048413757 
1003 102 10 14 0.048131965 
207 535 9 9 0.047916688 
240 539 5 6 0.047677346 
259 489 5 5 0.04740343 
324 527 11 14 0.04735219 
713 207 14 18 0.047230467 
351 608 6 8 0.04679454 
415 136 15 19 0.04676014 
339 854 9 11 0.046719033 
378 151 9 15 0.046389025 
1017 87 5 9 0.046306007 
334 812 5 6 0.04612644 
363 529 5 8 0.046082843 
667 262 5 9 0.046058796 
964 48 8 12 0.04574395 
645 215 13 16 0.045636784 
343 831 7 9 0.045415714 
405 180 18 25 0.044924032 
377 624 6 8 0.044911716 
171 125 11 15 0.044724423 
565 180 19 19 0.04469219 
924 899 64 78 0.044655845 
640 255 6 10 0.04458895 
403 665 8 14 0.04401154 
87 146 8 11 0.043797415 
693 250 5 7 0.04370507 
314 642 7 11 0.043657742 
329 810 5 7 0.043545734 
603 484 15 22 0.043450512 
251 515 4 4 0.043272685 
363 625 4 7 0.04325352 
532 117 11 13 0.043246765 
420 1046 174 141 0.04314461 
781 111 22 27 0.04305448 
328 584 5 6 0.042865604 
380 666 5 9 0.042779762 
266 516 5 5 0.042575344 
250 498 5 5 0.042457834 
897 165 20 18 0.042247463 
199 141 11 14 0.042204827 
348 522 7 8 0.042083163 
579 150 11 14 0.042057958 
597 149 11 15 0.042015407 
345 812 5 7 0.04192809 
242 532 4 5 0.04187206 
962 80 12 17 0.041836377 
754 184 7 11 0.041716445 
361 582 6 8 0.04163369 
874 613 6 9 0.041336656 
247 545 9 11 0.041236363 
371 537 6 7 0.041146774 
319 826 13 18 0.040937237 
451 124 12 15 0.040926963 
407 646 11 18 0.040883217 
183 576 13 16 0.04072413 
523 297 10 14 0.04063936 
820 594 6 10 0.040465448 
291 241 6 8 0.04042902 
327 573 6 6 0.040420897 
682 297 8 10 0.040112704 
153 117 8 10 0.04010019 
816 227 3 6 0.040061705 
913 751 8 11 0.039976347 
340 672 6 10 0.039916147 
462 123 17 16 0.039860047 
329 506 6 6 0.039745905 
947 774 8 11 0.039592594 
326 638 6 9 0.03942225 
386 658 8 11 0.039215993 
258 516 4 5 0.03908981 
375 538 6 8 0.039087728 
388 649 5 8 0.03906388 
855 777 8 10 0.03901814 
341 842 8 11 0.039005574 
732 72 13 14 0.038946375 
152 184 13 17 0.038930144 
67 150 7 11 0.038926054 
638 183 12 18 0.038885616 
831 573 5 7 0.03884726 
112 152 11 13 0.03874939 
149 610 23 39 0.038741205 
224 526 5 5 0.03864957 
622 259 8 12 0.038577773 
359 588 7 8 0.038544044 
387 128 16 17 0.038538586 
133 189 13 22 0.03851193 
643 251 5 7 0.038452137 
8 271 7 9 0.038388718 
706 672 135 134 0.038299784 
343 803 5 6 0.038243957 
644 171 17 19 0.038046848 
989 734 8 10 0.03798778 
373 531 7 8 0.037888132 
776 101 15 15 0.03787918 
273 477 10 13 0.03781835 
862 120 11 12 0.037757877 
105 586 18 23 0.037728447 
157 260 5 6 0.03759674 
847 599 6 8 0.03755496 
904 147 13 14 0.0374879 
584 284 6 9 0.03747599 
675 263 5 9 0.037386253 
347 562 8 10 0.037357938 
668 506 17 18 0.037323598 
411 608 5 6 0.037130542 
220 131 16 18 0.037110653 
385 643 5 7 0.0370499 
9 324 8 11 0.037039097 
226 546 6 8 0.036892544 
333 651 5 8 0.03682558 
333 828 7 11 0.03679155 
257 506 5 5 0.036761615 
343 631 6 9 0.03676143 
134 596 25 40 0.03675508 
675 257 5 8 0.036641873 
564 256 7 12 0.036583018 
611 185 15 18 0.03655322 
309 178 9 12 0.03640299 
772 198 7 10 0.036393445 
736 535 124 136 0.0362007 
785 1181 147 138 0.03618567 
376 648 6 8 0.036070045 
709 187 25 33 0.036040466 
104 601 31 34 0.03602386 
627 283 6 9 0.035995156 
213 610 19 23 0.035990503 
366 581 8 9 0.035910185 
325 622 7 11 0.035865933 
282 436 8 10 0.03573192 
360 547 5 8 0.03572003 
821 590 5 8 0.035696857 
719 956 98 125 0.035663668 
242 524 4 5 0.03557338 
759 184 8 11 0.03549116 
305 236 11 13 0.035334095 
368 671 6 10 0.035296705 
326 805 5 7 0.035288926 
268 505 5 5 0.035267178 
730 339 4 5 0.03521901 
310 68 4 7 0.035147496 
352 600 5 6 0.03509636 
350 841 8 11 0.035089765 
241 497 6 6 0.03495765 
510 283 5 8 0.03490483 
417 924 62 79 0.034892865 
1018 93 5 10 0.0348288 
328 565 5 7 0.034762535 
930 735 8 9 0.034750465 
862 735 8 9 0.03463266 
687 261 6 10 0.034546368 
361 540 4 6 0.034545336 
881 598 6 7 0.034480203 
939 238 6 7 0.034475435 
409 637 10 14 0.034455217 
0 1029 9 18 0.03434515 
290 435 10 12 0.034336865 
437 157 15 21 0.034317944 
362 525 5 6 0.03429072 
100 153 9 11 0.034278806 
457 131 14 16 0.034179423 
80 160 7 10 0.03417473 
593 108 12 14 0.034168158 
335 520 7 8 0.03410831 
31 168 12 15 0.034072228 
623 1011 69 76 0.034042533 
942 768 6 9 0.03401521 
498 323 6 8 0.03394366 
305 199 12 19 0.03394231 
691 263 7 9 0.033923227 
389 660 10 15 0.03390986 
334 513 7 8 0.03378768 
185 657 125 168 0.033693414 
349 859 11 15 0.03362076 
257 523 5 5 0.033609215 
160 602 17 26 0.033494364 
241 491 5 5 0.033436574 
660 296 7 9 0.03343414 
1007 792 13 17 0.033408828 
344 649 8 11 0.033396766 
307 184 10 14 0.033394888 
521 107 23 28 0.033381768 
312 301 24 36 0.033356592 
8 266 7 8 0.033306584 
342 539 7 8 0.033136126 
289 393 8 9 0.03312723 
205 589 16 19 0.033123568 
732 96 15 16 0.03312332 
170 563 11 14 0.033057738 
816 549 4 5 0.03303548 
964 918 30 46 0.033030175 
377 680 7 10 0.03302528 
820 642 6 8 0.033010505 
998 717 8 8 0.032949965 
926 803 6 9 0.032875706 
838 571 6 8 0.03281765 
848 615 7 11 0.03280107 
856 605 6 9 0.032752275 
740 337 5 6 0.032708872 
48 197 13 19 0.03264793 
342 599 6 6 0.0326445 
214 525 7 6 0.032630045 
401 538 9 10 0.032597944 
449 884 60 75 0.032510042 
86 159 7 12 0.032483473 
434 184 15 20 0.03246611 
260 483 4 4 0.03242643 
703 252 4 6 0.032392453 
579 126 12 16 0.032352723 
398 602 5 5 0.032331705 
128 154 9 10 0.032325964 
291 245 7 10 0.032319687 
309 554 8 11 0.032294564 
252 491 4 4 0.03225163 
214 546 8 9 0.032247555 
888 786 8 10 0.032239445 
627 287 6 13 0.032220766 
829 582 6 8 0.032201786 
372 642 5 7 0.0321976 
24 192 11 19 0.03207413 
346 819 5 8 0.03186191 
292 388 5 6 0.03183474 
161 117 8 10 0.03180827 
966 725 6 9 0.031793147 
822 227 4 6 0.03179014 
856 592 5 6 0.031749334 
1017 79 6 8 0.031692084 
704 254 6 9 0.03159195 
403 599 4 7 0.03159162 
399 671 12 20 0.03151364 
358 809 7 11 0.03150738 
929 835 40 41 0.031486873 
376 862 116 139 0.03148325 
951 758 7 10 0.03148129 
270 437 4 6 0.031395204 
210 565 27 26 0.031394895 
658 477 9 10 0.031374514 
626 294 8 15 0.03130747 
216 185 9 14 0.031303488 
860 1096 121 158 0.031247998 
853 615 7 10 0.031028982 
840 590 6 7 0.030953862 
743 725 7 8 0.03094327 
669 251 4 7 0.030934338 
62 151 8 12 0.030894753 
264 442 67 76 0.030865243 
681 182 11 19 0.03085197 
368 526 6 5 0.030828478 
345 798 4 6 0.030762257 
506 257 5 8 0.030671855 
147 313 6 11 0.030645616 
560 799 139 130 0.030567644 
419 180 21 31 0.030561693 
157 126 14 17 0.030558549 
839 567 5 6 0.030551616 
678 297 7 9 0.030512167 
710 1000 7 8 0.030486139 
846 855 7 8 0.030460753 
578 120 24 31 0.030446038 
794 598 7 9 0.030441765 
367 624 5 8 0.030440504 
659 471 7 9 0.030407412 
754 563 5 8 0.030405715 
751 1013 39 46 0.030379798 
679 250 4 6 0.030368619 
378 675 5 9 0.030327141 
848 604 6 9 0.030318333 
319 591 5 5 0.030277867 
272 496 8 9 0.030250069 
984 734 7 9 0.030214058 
396 145 17 21 0.03021125 
359 382 54 66 0.030207949 
340 647 24 28 0.030172309 
323 239 9 10 0.03012197 
661 251 4 7 0.0300865 
976 718 7 9 0.030054037 
635 129 15 15 0.030052688 
822 549 5 5 0.030023756 
224 263 6 8 0.030008664 
1009 675 6 8 0.029921414 
343 546 6 8 0.029841146 
641 262 7 10 0.029831773 
304 255 13 17 0.02979864 
351 573 6 7 0.029760513 
274 442 6 9 0.029760493 
387 625 5 7 0.029757462 
163 571 11 14 0.029735126 
974 41 10 15 0.029638568 
861 775 8 10 0.029623376 
-151 11 203 407 0.02962169 
537 112 8 10 0.029584706 
188 537 8 8 0.029578984 
823 573 5 6 0.029575493 
303 215 11 16 0.02956426 
964 599 7 9 0.029508056 
380 201 28 34 0.02941783 
458 176 16 21 0.029409619 
273 466 10 13 0.029400125 
231 505 7 8 0.029263979 
921 784 7 10 0.029258242 
165 140 13 17 0.029237173 
509 288 6 10 0.029204898 
386 629 7 9 0.029204767 
853 760 8 8 0.029193403 
925 891 37 50 0.029193304 
976 734 6 8 0.029187815 
898 753 7 8 0.029169217 
265 452 31 37 0.029168015 
308 409 37 42 0.029128183 
822 582 5 8 0.02912556 
816 590 5 7 0.029122895 
844 641 7 9 0.02910983 
335 805 4 5 0.029097574 
866 590 5 7 0.029042916 
855 976 6 8 0.029010607 
905 779 6 8 0.028995745 
319 810 5 8 0.02896786 
394 537 8 10 0.028926974 
878 614 7 9 0.02890279 
341 725 10 12 0.028894747 
334 585 5 5 0.02889385 
420 622 7 10 0.028886987 
109 174 12 17 0.028775088 
331 834 9 11 0.028716374 
896 534 121 142 0.028706266 
932 752 7 8 0.02869869 
659 484 12 15 0.028650163 
345 654 8 12 0.02864884 
468 183 25 36 0.028631883 
854 768 7 8 0.028600529 
283 400 8 11 0.028588707 
822 556 5 6 0.028580496 
682 71 12 18 0.028482152 
188 103 6 10 0.028402656 
981 682 8 8 0.028400986 
982 742 6 9 0.028351711 
360 805 6 9 0.028351132 
904 623 8 8 0.02834396 
286 395 6 7 0.028324451 
346 624 6 9 0.028306585 
376 583 7 9 0.028286252 
784 274 10 13 0.028278148 
654 911 118 141 0.02827215 
924 794 6 9 0.028239798 
327 634 5 8 0.028182084 
334 819 5 8 0.02817739 
268 480 6 7 0.028166339 
302 429 131 155 0.02814672 
1001 625 5 6 0.02807594 
365 212 9 11 0.028061442 
821 134 11 15 0.028011901 
974 752 7 10 0.027951501 
350 557 6 8 0.027917976 
831 566 5 5 0.027875677 
634 170 23 34 0.0278633 
929 765 7 11 0.027861943 
368 632 5 8 0.027842164 
497 318 6 8 0.027831635 
547 293 6 9 0.027825441 
257 190 22 30 0.02781965 
336 855 6 8 0.027773766 
324 674 6 8 0.027750859 
294 125 12 15 0.027723573 
906 784 6 8 0.027701268 
841 597 5 8 0.027692223 
891 533 4 6 0.027614076 
335 639 6 8 0.027594814 
368 278 8 13 0.027561896 
663 489 14 15 0.027558371 
353 582 6 6 0.027551636 
489 274 6 9 0.027526798 
874 598 6 7 0.027496617 
362 674 6 9 0.027472062 
531 102 8 9 0.02746542 
386 567 6 7 0.027423631 
711 1007 7 8 0.02741762 
965 708 7 8 0.02741008 
336 590 5 6 0.027383234 
587 1007 133 136 0.027381174 
603 513 25 32 0.027366765 
244 515 5 5 0.027365638 
457 1099 187 155 0.02736334 
868 121 12 11 0.027306201 
416 215 28 37 0.02729512 
864 844 10 13 0.02727826 
873 566 5 6 0.027273111 
336 847 6 8 0.027193027 
681 99 11 18 0.027181687 
668 492 61 54 0.027154516 
846 589 6 7 0.027087884 
334 246 9 13 0.027086534 
386 617 5 6 0.027073057 
958 777 6 9 0.027072066 
857 121 7 9 0.027061129 
63 318 4 6 0.027046023 
357 174 11 17 0.027029999 
377 630 6 8 0.027007464 
815 557 4 6 0.02699196 
145 186 10 14 0.026986064 
355 805 4 6 0.026984012 
337 599 6 6 0.0269833 
378 658 5 7 0.026983036 
862 606 6 8 0.026955092 
376 545 6 8 0.02692828 
941 760 6 8 0.026927931 
341 517 6 6 0.026906667 
700 165 25 34 0.026896277 
753 558 5 7 0.026896 
440 114 12 14 0.026874306 
318 512 8 9 0.02683885 
965 675 7 7 0.02679003 
600 127 14 18 0.026786828 
215 620 62 65 0.02678389 
369 618 4 5 0.026768936 
318 607 6 8 0.026760986 
198 565 142 144 0.026757818 
958 742 6 9 0.02673612 
878 784 8 11 0.026724206 
537 732 136 142 0.026715515 
358 663 8 12 0.026668815 
345 583 4 5 0.026668333 
406 659 10 16 0.026663814 
349 830 8 11 0.0266471 
73 311 4 6 0.02662941 
411 112 23 33 0.026598198 
849 566 5 5 0.026579399 
670 481 16 18 0.0265793 
81 153 6 10 0.026557017 
368 595 8 11 0.026551617 
880 579 7 9 0.026549976 
325 512 6 7 0.026499547 
124 601 14 22 0.026495347 
880 760 7 9 0.026487555 
279 111 11 13 0.026395611 
267 488 6 8 0.02639455 
418 1006 69 75 0.026363377 
847 861 7 9 0.026363246 
839 855 7 9 0.02636135 
57 311 5 6 0.026343463 
294 224 25 33 0.026312128 
320 309 12 19 0.026308257 
276 504 6 7 0.02629577 
134 160 10 11 0.026273714 
904 795 6 9 0.026234379 
754 617 6 8 0.02618605 
398 166 15 25 0.026168752 
872 590 6 8 0.026145395 
290 905 139 165 0.026127102 
890 778 7 8 0.026114574 
793 593 134 134 0.026112223 
951 573 6 7 0.026101405 
388 538 5 7 0.026097443 
317 599 6 7 0.026064692 
834 800 9 11 0.026064316 
376 556 6 8 0.026046548 
940 751 6 9 0.02603337 
614 282 6 9 0.026011243 
865 598 5 8 0.025996808 
841 642 6 9 0.025982175 
565 616 129 134 0.025982132 
181 552 9 11 0.025978511 
707 191 12 16 0.025934977 
451 158 12 18 0.025917253 
156 263 5 8 0.025900248 
965 777 6 9 0.02589504 
993 752 6 9 0.025857443 
853 931 7 8 0.02585002 
691 256 6 9 0.025849963 
548 539 61 66 0.025845693 
866 565 4 6 0.025802672 
828 614 7 9 0.025787406 
499 1036 5 5 0.025755072 
55 579 55 53 0.025716556 
354 589 5 6 0.025697501 
162 259 5 7 0.025634417 
711 251 5 7 0.025623912 
974 3 166 183 0.02561207 
855 923 7 8 0.02560255 
199 548 13 13 0.02560159 
321 397 70 67 0.025588376 
914 725 7 9 0.025578665 
779 598 6 8 0.025575832 
341 803 27 36 0.025572116 
590 693 6 8 0.025531061 
829 642 6 7 0.025524503 
874 608 5 7 0.025522357 
232 193 15 17 0.02550346 
701 451 57 55 0.025502771 
582 136 25 33 0.02549398 
526 121 15 18 0.025489407 
866 574 4 6 0.025488198 
308 364 12 16 0.025440013 
649 477 7 12 0.025422197 
697 1046 120 152 0.025420146 
420 608 6 7 0.02541879 
592 253 8 12 0.02538332 
596 187 12 14 0.025379237 
250 506 5 5 0.025360966 
517 122 13 18 0.025340974 
497 264 5 8 0.025340224 
66 140 11 15 0.025280079 
639 474 10 15 0.025276942 
69 162 7 12 0.025265738 
965 752 8 9 0.02526538 
997 767 8 13 0.025257507 
976 683 7 8 0.025253734 
947 770 7 9 0.02524869 
999 743 7 8 0.02524127 
134 167 11 14 0.025235195 
608 241 6 8 0.02522882 
774 131 16 19 0.025204359 
374 699 8 9 0.025190162 
326 797 4 6 0.025186216 
977 743 6 8 0.025150077 
362 555 6 7 0.02511331 
698 273 7 10 0.025109606 
438 135 15 20 0.02509505 
951 725 6 8 0.025082575 
891 617 6 7 0.025081472 
22 330 568 614 0.025078129 
281 305 34 44 0.025057267 
86 138 8 10 0.02505505 
953 240 4 7 0.02503959 
838 245 6 8 0.025036657 
814 596 7 8 0.025027348 
307 598 7 9 0.025021136 
775 274 14 18 0.025014006 
378 145 8 13 0.025002228 
324 220 10 12 0.02499702 
266 521 6 6 0.024940707 
998 667 7 9 0.024934964 
540 886 131 92 0.024932502 
334 819 26 33 0.024930218 
1004 242 3 3 0.024922043 
591 115 16 18 0.02490483 
380 573 6 7 0.024882697 
187 584 13 15 0.024834812 
411 601 5 5 0.024795752 
939 563 6 8 0.024770822 
934 563 5 8 0.024753759 
363 574 5 5 0.02472993 
392 625 7 8 0.024703732 
966 718 6 8 0.024700608 
871 744 8 9 0.024683956 
779 181 5 8 0.024669116 
854 862 7 9 0.024655698 
713 971 30 43 0.024650035 
892 622 6 8 0.024637746 
637 252 4 7 0.024591275 
1006 76 9 11 0.024573147 
361 617 5 6 0.024561657 
241 123 10 15 0.024550159 
136 153 10 11 0.024546022 
195 549 24 26 0.024530837 
325 667 6 8 0.024524765 
351 538 5 7 0.024497377 
201 104 5 9 0.024494521 
260 676 14 26 0.024484027 
25 313 9 13 0.02448314 
188 546 12 12 0.024478152 
610 481 28 36 0.024452602 
171 1123 134 142 0.024445083 
101 110 11 13 0.024439331 
178 178 11 16 0.024425006 
839 861 6 8 0.024422534 
369 658 6 9 0.024407929 
817 164 11 16 0.024405885 
506 1036 5 5 0.024389915 
728 613 6 8 0.024375362 
483 890 63 73 0.024339234 
474 153 21 27 0.02430915 
315 556 9 11 0.024248676 
693 1006 7 9 0.024240693 
976 785 7 10 0.024235206 
803 598 8 8 0.024225626 
983 725 7 8 0.02422173 
453 460 8 12 0.024195448 
437 797 6 9 0.024180066 
528 240 53 68 0.024176689 
632 836 8 8 0.024165345 
612 562 144 132 0.024162978 
676 293 5 7 0.02415348 
901 795 6 9 0.024143739 
1017 100 6 11 0.024121076 
327 590 5 5 0.024093358 
205 559 11 13 0.024063015 
880 696 133 149 0.024053006 
666 500 34 32 0.024045678 
984 777 6 8 0.024032462 
38 149 23 29 0.024032217 
970 913 14 22 0.02402311 
392 630 7 9 0.024020737 
650 264 6 9 0.024015946 
133 288 3 4 0.023978245 
556 255 6 12 0.023956817 
772 140 16 18 0.02394683 
318 625 6 9 0.023942884 
279 402 30 40 0.023914719 
62 311 4 6 0.023900976 
276 409 5 8 0.023884974 
806 563 6 7 0.023877125 
288 378 29 37 0.023862004 
807 549 4 5 0.02384446 
855 599 5 7 0.02382122 
422 602 5 4 0.02381336 
929 806 9 12 0.02380215 
797 549 4 5 0.023790823 
190 43 5 7 0.023787508 
857 999 5 8 0.023786575 
854 782 7 10 0.023784962 
654 217 10 14 0.023780754 
326 599 5 6 0.023775991 
309 615 6 9 0.023774883 
771 563 6 7 0.023769703 
815 581 5 8 0.023760831 
437 111 10 12 0.023758166 
864 581 5 7 0.023742476 
242 503 6 7 0.02373883 
924 724 7 8 0.023727303 
856 752 7 8 0.023702819 
586 149 12 14 0.02369352 
890 753 6 7 0.023689935 
846 916 6 7 0.023680812 
838 647 7 9 0.023640972 
857 632 6 9 0.023636699 
922 752 7 9 0.023634559 
941 942 68 91 0.023630477 
631 295 7 13 0.023629507 
859 487 121 136 0.023627395 
855 916 6 6 0.02362283 
994 237 3 3 0.023598162 
335 634 5 8 0.023589859 
191 588 27 32 0.023589144 
864 931 7 7 0.0235826 
275 200 14 20 0.023579888 
839 242 4 7 0.023542853 
950 590 6 9 0.023533734 
343 529 7 8 0.023523984 
333 243 7 9 0.0235235 
846 583 6 7 0.023498213 
971 84 8 12 0.023497183 
192 602 13 17 0.023494897 
728 608 5 7 0.023486335 
189 134 10 16 0.023477849 
309 582 5 8 0.023472777 
317 612 7 10 0.023470463 
352 818 7 10 0.023470383 
847 932 7 9 0.02346892 
230 262 6 9 0.023442347 
815 643 5 8 0.023441732 
635 481 15 25 0.023435954 
209 307 33 43 0.023406077 
966 743 6 8 0.023394952 
487 281 9 14 0.023394313 
793 605 8 10 0.02338663 
811 563 5 7 0.02338347 
737 974 5 8 0.023369022 
215 458 131 134 0.023347259 
822 660 6 7 0.023338566 
889 633 7 8 0.023305869 
289 416 36 38 0.023303447 
507 502 7 8 0.02329765 
79 145 8 11 0.023293713 
993 624 6 7 0.023290947 
872 622 6 9 0.023234025 
759 598 6 9 0.023229122 
835 623 8 11 0.023213137 
993 767 7 11 0.023197453 
465 979 159 144 0.023191841 
948 783 7 10 0.023175627 
385 556 6 8 0.02317532 
941 708 7 8 0.023173977 
550 941 125 118 0.023165127 
776 1134 33 42 0.023129363 
898 786 6 8 0.023102509 
405 593 4 6 0.02310152 
308 112 8 10 0.023100592 
871 750 7 8 0.023091124 
118 159 9 10 0.023090493 
369 546 5 8 0.02308569 
225 275 4 6 0.023078796 
229 184 13 16 0.023076016 
312 186 9 14 0.023069112 
507 336 5 5 0.023059737 
214 109 7 11 0.023040561 
599 786 8 8 0.023017246 
855 565 5 6 0.023015391 
752 202 9 10 0.023008617 
942 726 5 7 0.022990007 
958 724 5 9 0.022958895 
882 565 6 7 0.022929216 
734 613 6 8 0.02290834 
293 486 7 9 0.022882765 
832 548 4 6 0.022845067 
336 798 4 5 0.02283812 
322 805 5 7 0.022834416 
618 260 7 13 0.02280681 
402 131 25 31 0.022791365 
506 1028 6 5 0.02278525 
100 189 12 17 0.022778708 
1010 574 7 8 0.022776337 
71 126 13 17 0.022765731 
955 758 7 10 0.022765493 
872 836 7 9 0.022748997 
351 629 6 9 0.022724524 
464 969 68 71 0.022718703 
242 534 22 28 0.022717038 
726 194 16 22 0.022714283 
904 767 8 10 0.022706771 
863 914 8 8 0.022701045 
830 556 5 6 0.022699209 
163 114 7 7 0.022695918 
728 958 5 6 0.022652594 
824 566 4 5 0.022645675 
350 641 9 11 0.022640476 
490 928 64 71 0.022636076 
499 1044 5 5 0.022620546 
1008 786 9 12 0.022590637 
980 718 8 9 0.022572331 
846 767 7 8 0.02256151 
726 1159 135 141 0.02255964 
422 589 5 6 0.022555105 
409 574 7 8 0.022547567 
795 588 7 8 0.022495061 
805 630 7 10 0.022481238 
1000 734 6 8 0.022476973 
512 263 6 9 0.022476008 
63 548 32 38 0.02247364 
343 591 5 6 0.022446034 
888 792 7 9 0.022434277 
789 549 4 5 0.022432594 
884 120 11 10 0.02242372 
269 444 4 7 0.022416132 
754 339 5 8 0.022405973 
601 241 7 9 0.022390177 
383 590 6 8 0.022360293 
701 989 7 9 0.022351239 
668 222 6 8 0.022342112 
743 719 6 7 0.022333235 
360 642 7 9 0.02233042 
1000 752 6 8 0.022326337 
744 598 6 8 0.022317732 
939 794 7 10 0.022307536 
964 825 10 16 0.02230487 
837 872 7 8 0.022301782 
134 1194 140 136 0.022290222 
985 236 3 4 0.022276485 
283 506 6 7 0.022262806 
915 595 9 10 0.022261567 
141 288 3 4 0.022241862 
82 614 29 35 0.022240972 
890 607 6 7 0.022239123 
314 198 13 19 0.022233645 
579 287 10 15 0.022223888 
721 958 5 7 0.022211561 
324 231 9 9 0.022210812 
718 1056 9 10 0.022209825 
779 187 6 9 0.022206115 
370 190 25 35 0.022206083 
427 862 6 9 0.022199184 
36 308 5 8 0.022179108 
110 144 11 14 0.022165116 
674 222 6 8 0.022161918 
388 123 27 32 0.022160938 
522 262 7 9 0.022148421 
277 403 5 7 0.022143018 
743 336 5 7 0.022133902 
745 623 6 7 0.022126336 
976 778 6 6 0.02212022 
208 524 6 7 0.022112435 
75 599 15 17 0.022099195 
991 726 7 8 0.02208388 
204 104 6 10 0.022082418 
324 239 24 33 0.022082066 
795 539 5 6 0.022076517 
924 759 8 11 0.02207466 
760 751 9 9 0.022049384 
490 264 5 7 0.022046788 
515 118 9 11 0.022035034 
878 109 13 13 0.022025464 
898 759 7 9 0.022022106 
680 951 32 41 0.022005742 
11 259 6 7 0.021987267 
956 692 7 8 0.021983443 
943 718 5 7 0.021981692 
608 1060 8 8 0.02198041 
863 793 7 11 0.02197522 
345 557 6 7 0.021962857 
501 775 12 13 0.021950798 
727 965 5 7 0.021934144 
908 617 6 7 0.021933813 
429 821 6 9 0.021924678 
314 572 7 8 0.021915503 
546 261 6 11 0.021907981 
254 323 11 15 0.021906521 
1009 623 6 7 0.02190635 
717 716 7 9 0.021898052 
33 610 56 66 0.021895805 
405 607 4 6 0.021893395 
897 617 6 7 0.021886585 
441 630 124 141 0.02188586 
101 211 11 16 0.021881511 
56 315 6 9 0.021875247 
49 157 11 14 0.021852028 
754 949 5 7 0.021828974 
806 226 4 6 0.021822907 
810 607 7 8 0.02180089 
675 809 8 8 0.021798177 
950 718 5 8 0.02179413 
877 802 9 10 0.02179236 
45 308 4 7 0.021781279 
983 564 6 7 0.021779228 
289 307 9 12 0.02177735 
806 131 12 17 0.021761304 
700 1001 7 7 0.021748329 
435 800 9 12 0.021734618 
249 185 9 12 0.021726804 
804 685 135 142 0.021722933 
-62 52 216 287 0.021693654 
942 785 6 9 0.02169004 
438 785 5 7 0.021688797 
120 561 57 64 0.021683041 
736 1041 8 10 0.021676341 
166 195 23 32 0.021654055 
190 37 5 7 0.02164351 
285 247 6 8 0.021643007 
992 759 6 9 0.021638658 
268 471 6 8 0.021628596 
1 342 5 7 0.021627255 
957 69 21 33 0.021627214 
608 642 6 6 0.021624047 
762 43 21 26 0.021620385 
562 131 13 14 0.021618731 
943 775 6 10 0.02161633 
813 719 7 8 0.021603012 
873 573 5 6 0.021596553 
1018 675 5 8 0.02158395 
907 733 8 9 0.021581164 
790 134 14 19 0.021575062 
915 810 6 8 0.021562565 
1001 759 6 9 0.02155843 
744 565 6 7 0.02155389 
754 632 6 8 0.021529306 
777 563 7 7 0.021522984 
427 583 6 7 0.021503933 
722 73 13 14 0.021501144 
902 758 9 11 0.021499379 
835 842 8 11 0.021498803 
429 882 5 7 0.021485137 
532 251 4 7 0.021483494 
259 240 29 39 0.021458562 
443 620 8 11 0.021448547 
992 633 6 8 0.021434952 
881 607 6 7 0.021434695 
693 1002 7 7 0.02142051 
718 1034 7 9 0.02141365 
915 676 7 6 0.021386685 
807 557 5 6 0.021385532 
646 304 9 11 0.021385448 
616 829 8 8 0.021385048 
304 70 4 6 0.021376656 
991 557 6 7 0.021354018 
958 719 5 7 0.021349061 
760 957 6 8 0.021347947 
316 278 23 43 0.0213468 
350 698 8 11 0.021344272 
991 740 7 10 0.021334352 
278 477 11 15 0.021328619 
958 751 6 9 0.02131441 
795 557 5 6 0.021311082 
790 539 5 6 0.021285426 
699 1008 7 7 0.02128418 
313 797 119 158 0.021265656 
217 266 4 6 0.021260604 
354 797 4 6 0.021255562 
882 572 7 8 0.021252977 
1008 760 6 10 0.021249935 
754 572 6 7 0.021249782 
879 792 8 10 0.021242771 
964 573 7 9 0.021228109 
1001 643 6 7 0.021221435 
771 574 6 7 0.02122006 
933 538 6 10 0.021216683 
897 623 7 7 0.021210207 
128 147 8 8 0.02120822 
234 497 6 6 0.021202944 
300 462 7 9 0.021202642 
151 261 4 5 0.021197908 
596 485 13 17 0.021173129 
378 619 5 6 0.021171233 
982 785 7 10 0.021169368 
916 778 6 8 0.021157904 
1011 727 5 7 0.021144172 
818 742 9 9 0.021143999 
890 564 5 7 0.021142056 
6 267 5 7 0.02113659 
830 606 6 8 0.021128269 
319 666 6 9 0.021126574 
195 183 9 15 0.021113569 
873 557 5 6 0.02110564 
984 505 5 6 0.02110193 
947 945 35 40 0.021095544 
857 580 5 7 0.021085693 
906 750 7 10 0.021080414 
999 793 23 34 0.02107258 
858 558 4 5 0.021071404 
736 607 5 8 0.021065673 
404 648 8 13 0.021061124 
300 384 9 11 0.021060938 
216 106 5 7 0.02105852 
823 232 4 6 0.02104594 
960 9 50 59 0.021044442 
890 760 6 8 0.021026842 
115 558 14 17 0.021021105 
119 146 9 10 0.021020455 
838 752 7 7 0.021015292 
186 560 12 14 0.021011496 
966 680 113 143 0.021007387 
913 615 9 9 0.02100666 
822 649 5 6 0.021005483 
943 592 5 7 0.020991582 
248 601 64 67 0.020979755 
429 589 6 7 0.020965245 
877 808 11 12 0.020964213 
1010 548 6 6 0.020955287 
831 630 6 8 0.020943241 
828 801 9 10 0.020925162 
19 576 58 66 0.020919356 
86 121 12 16 0.020917345 
846 826 9 12 0.020906372 
1009 618 5 6 0.020906031 
830 598 6 8 0.02089408 
917 793 6 9 0.0208919 
796 109 17 20 0.020885635 
724 983 9 13 0.020872265 
294 154 11 12 0.020865932 
306 381 13 16 0.020852078 
713 177 12 16 0.020845102 
846 921 6 7 0.020839073 
878 829 8 9 0.020836033 
786 264 8 10 0.020834828 
841 582 5 7 0.020832853 
332 252 30 36 0.020826692 
926 817 12 16 0.02081994 
839 452 38 34 0.0208199 
319 584 5 5 0.020816565 
984 767 6 9 0.020814741 
185 189 11 19 0.020810174 
709 174 51 56 0.020803459 
231 510 7 8 0.02079675 
830 588 5 8 0.02078021 
366 1120 318 292 0.02077742 
366 573 6 7 0.020773316 
397 605 4 7 0.020769695 
383 198 17 21 0.02076554 
880 753 6 7 0.020765254 
917 785 7 9 0.020761888 
942 597 6 8 0.020760467 
855 125 8 11 0.020751914 
428 847 6 9 0.020735933 
1009 735 6 7 0.020734966 
847 991 6 8 0.02072422 
335 786 5 7 0.020723997 
927 83 12 19 0.020713558 
292 356 56 69 0.02070968 
676 991 6 8 0.02070379 
741 176 24 31 0.020692358 
884 532 4 6 0.020682659 
351 530 6 7 0.020680182 
394 688 11 18 0.020672997 
968 733 6 9 0.020671979 
202 598 26 28 0.020671558 
161 564 24 28 0.020670203 
275 514 6 6 0.020655641 
737 717 6 7 0.020655625 
499 1052 4 6 0.020651553 
959 43 6 9 0.020650113 
63 144 8 13 0.020641629 
992 548 6 6 0.02063191 
753 735 6 7 0.0206316 
385 655 20 32 0.020628473 
829 863 6 8 0.020608062 
793 845 10 11 0.020605708 
310 639 8 13 0.020596212 
333 574 5 6 0.020593876 
883 1068 39 47 0.020570867 
719 733 8 10 0.020558374 
516 1062 5 6 0.020555904 
769 172 120 140 0.020542275 
275 428 5 8 0.020536957 
377 136 7 10 0.020536434 
104 103 7 9 0.02053479 
223 982 134 136 0.020500636 
717 710 7 8 0.020497188 
762 565 5 6 0.020496337 
1011 743 5 7 0.020493215 
310 65 4 5 0.020488037 
959 598 6 9 0.020487035 
96 613 135 157 0.020485092 
259 599 130 164 0.020466743 
731 150 53 64 0.020455213 
787 597 7 8 0.020434603 
355 566 124 142 0.020432705 
890 1070 18 21 0.020432487 
693 990 7 8 0.020423505 
199 532 6 7 0.020420726 
916 804 5 7 0.02041317 
831 625 6 9 0.020410774 
977 529 6 7 0.020408802 
778 589 6 6 0.02039786 
718 947 6 8 0.020391764 
5 206 15 19 0.020390159 
17 194 11 15 0.020388648 
2 962 6 16 0.020374395 
856 967 5 6 0.020372935 
933 795 6 8 0.020362055 
899 801 7 9 0.020356074 
863 741 8 9 0.02035539 
197 539 7 7 0.02033023 
508 299 6 10 0.02032779 
177 141 9 14 0.020315237 
957 36 6 8 0.02028522 
546 87 7 7 0.020273559 
546 94 7 9 0.020265691 
270 431 4 6 0.020264333 
993 667 7 9 0.020240448 
699 193 10 17 0.020207867 
846 819 9 11 0.020206204 
891 539 5 7 0.020204073 
755 957 5 7 0.020198796 
874 581 6 7 0.020198153 
678 186 22 38 0.02019786 
933 558 5 6 0.02019351 
700 40 10 13 0.0201852 
960 573 5 8 0.020182043 
340 187 11 15 0.020181626 
950 734 6 8 0.020166282 
965 784 6 10 0.020150717 
500 258 5 7 0.020146824 
233 553 8 9 0.020144166 
713 977 10 14 0.020101558 
297 433 11 11 0.020094601 
326 607 22 32 0.02008025 
851 240 5 7 0.020078814 
311 563 6 10 0.020070566 
959 784 6 9 0.020067737 
317 659 6 8 0.020066591 
969 236 3 4 0.020062912 
879 778 8 9 0.020057537 
891 768 6 8 0.020054108 
1004 237 3 3 0.02005053 
304 310 15 21 0.020045666 
841 607 5 7 0.020043269 
933 574 6 8 0.020034662 
323 522 9 10 0.020023104 
728 600 5 6 0.020012975 
396 675 112 134 0.0200128 
999 726 7 7 0.02001031 
287 242 5 7 0.020001194 
