47_Matador_Bullfighter_Matador_Bullfighter_47_782
81
514 155 119 188 0.9986608 
142 842 39 55 0.09743339 
713 810 44 71 0.06128153 
651 627 36 62 0.061130725 
858 1595 20 29 0.05491578 
342 514 60 102 0.050831936 
387 370 81 87 0.047290172 
49 403 217 312 0.04646917 
532 569 38 52 0.04180999 
111 815 38 58 0.040921967 
-2 251 181 205 0.039268862 
551 864 127 218 0.036991138 
498 110 67 94 0.036769684 
487 875 111 196 0.0366118 
305 627 234 454 0.033306137 
86 668 449 847 0.03311203 
627 623 17 34 0.03252429 
864 1094 155 265 0.031920545 
613 528 40 60 0.031590033 
345 401 116 124 0.031042384 
126 804 14 20 0.030993352 
569 647 115 211 0.030401492 
329 420 31 58 0.029173857 
514 719 121 194 0.028131222 
433 398 37 59 0.027821528 
445 466 34 48 0.027802039 
652 1044 134 211 0.027619004 
884 1563 46 49 0.027526187 
-306 -10 266 504 0.027522055 
47 1197 162 257 0.027360598 
544 586 65 99 0.027094437 
691 613 8 17 0.026647832 
482 199 28 52 0.026424464 
642 630 10 22 0.026242187 
514 789 12 30 0.026036702 
780 1402 96 181 0.026000794 
321 417 22 48 0.025825972 
595 1410 29 42 0.025623832 
347 386 16 20 0.025503943 
500 985 130 199 0.025394963 
364 489 119 168 0.02482165 
701 671 10 24 0.02468239 
443 527 42 52 0.024395153 
612 849 12 22 0.02434799 
124 1163 124 210 0.024233058 
25 776 32 54 0.024005469 
815 1566 42 45 0.023915367 
181 1255 32 59 0.023876578 
126 1418 14 22 0.02385463 
469 541 38 49 0.023645805 
136 1418 14 22 0.02360286 
68 799 140 129 0.023286043 
559 280 136 161 0.023253197 
815 348 198 169 0.023201603 
698 661 8 21 0.02304524 
832 1589 32 41 0.022795817 
323 427 11 26 0.022758363 
389 605 167 236 0.022726694 
434 464 10 13 0.022549467 
265 1075 65 84 0.022492725 
315 317 134 137 0.022055374 
806 1514 126 141 0.022036612 
700 579 105 188 0.022015104 
704 989 122 183 0.021924336 
338 400 12 18 0.021743966 
566 1037 137 210 0.02141193 
106 1418 14 22 0.021396657 
-97 39 521 818 0.021226272 
379 1318 13 21 0.021117778 
583 615 37 68 0.02111091 
370 1318 12 21 0.021035086 
493 999 8 15 0.020992357 
703 714 9 18 0.020843694 
120 798 36 46 0.020714816 
652 812 9 17 0.020704485 
396 347 8 10 0.020698098 
581 1139 168 244 0.020602986 
430 486 38 48 0.020548536 
588 913 64 105 0.020335987 
249 1228 32 60 0.02028993 
460 489 37 41 0.020011963 
