47_Matador_Bullfighter_matadorbullfighting_47_42
617
218 97 46 56 0.999025 
797 513 61 37 0.6043187 
528 3 24 18 0.4464231 
894 365 54 52 0.23552975 
281 93 31 32 0.22592685 
551 671 14 13 0.21871819 
614 14 69 42 0.20036426 
943 638 64 61 0.19323723 
101 1 17 13 0.17592151 
793 32 25 22 0.16948262 
219 5 16 17 0.14960125 
162 94 35 47 0.13937132 
688 25 31 17 0.12179699 
248 151 22 27 0.12041809 
839 7 16 12 0.11775503 
681 354 16 11 0.113915935 
969 524 29 36 0.109905325 
879 87 28 22 0.10633998 
910 529 26 31 0.10279886 
200 20 27 26 0.10249579 
693 532 34 36 0.10081658 
185 150 30 29 0.099964365 
710 1 18 10 0.09341609 
774 18 14 15 0.08888277 
396 -11 98 77 0.086717494 
638 685 20 13 0.086222515 
805 506 40 23 0.08517222 
407 6 26 26 0.08496812 
687 19 17 12 0.08417426 
749 533 58 39 0.08379182 
274 108 29 28 0.08339775 
640 390 15 14 0.082524106 
117 1 14 10 0.081823505 
171 79 23 33 0.078623794 
782 6 14 14 0.0775213 
866 351 63 43 0.07716531 
197 5 30 28 0.07514518 
442 11 26 20 0.07471595 
81 3 19 19 0.07098901 
675 393 17 24 0.07091627 
634 18 34 25 0.07021803 
732 82 29 25 0.065712474 
996 525 46 45 0.06558192 
742 1 16 10 0.06346689 
973 415 15 14 0.06345181 
734 20 17 11 0.062464796 
835 415 28 24 0.061907213 
681 367 13 10 0.061693378 
881 341 38 23 0.059832133 
169 400 5 8 0.056956902 
187 30 27 32 0.056448556 
257 38 13 12 0.05599444 
558 380 33 23 0.055959992 
813 6 15 12 0.05504869 
159 329 6 7 0.054870363 
938 565 27 29 0.054781504 
250 35 25 21 0.05412637 
574 84 29 25 0.053915646 
208 30 14 14 0.052531596 
130 1 13 11 0.052128084 
223 2 29 22 0.052060932 
765 360 28 26 0.05177582 
239 24 26 20 0.051363766 
172 388 6 7 0.051165283 
618 15 32 24 0.050974563 
822 409 58 46 0.050838795 
942 8 16 13 0.0506999 
156 349 4 6 0.049974278 
554 635 111 65 0.04977364 
968 90 15 17 0.04827421 
195 280 5 5 0.048002735 
640 1 19 12 0.047791295 
170 57 26 34 0.047717422 
33 467 114 90 0.047676213 
186 330 7 8 0.047427297 
651 15 26 19 0.047312092 
192 298 5 6 0.047297724 
30 96 23 25 0.047270175 
160 323 5 8 0.046955924 
235 5 12 12 0.046759956 
398 27 25 32 0.046738103 
685 349 16 11 0.04618857 
136 7 12 11 0.045603383 
730 26 15 10 0.045524012 
784 560 37 27 0.044945695 
207 101 29 36 0.04486416 
166 304 6 7 0.044612996 
630 13 127 72 0.04455335 
141 3 22 19 0.04393634 
206 5 54 40 0.043253284 
621 622 37 28 0.042894278 
958 500 74 74 0.04280078 
160 336 5 8 0.042741507 
402 0 56 39 0.042721793 
843 362 102 95 0.042548083 
815 17 13 13 0.042523105 
77 85 25 24 0.042496614 
603 31 31 35 0.042098805 
667 1 16 9 0.041905105 
194 284 5 7 0.04185888 
156 343 4 6 0.041811716 
91 2 16 12 0.041620933 
844 18 23 28 0.041508704 
154 6 15 15 0.041486975 
942 90 22 22 0.041308396 
9 0 12 11 0.04113336 
119 37 20 24 0.040720288 
250 330 5 6 0.040692385 
667 24 68 37 0.04027068 
319 -1 106 76 0.04023001 
625 383 32 26 0.039284423 
727 21 15 10 0.03923452 
408 7 13 12 0.038955938 
181 338 4 5 0.038723644 
623 442 79 102 0.038714875 
659 372 11 10 0.03864984 
246 369 4 5 0.038618136 
346 20 17 12 0.03838271 
32 27 109 92 0.038359996 
176 356 5 6 0.038315803 
162 311 5 5 0.03830161 
168 202 4 5 0.038167093 
616 585 47 40 0.0378678 
342 25 52 44 0.03776601 
689 456 9 9 0.03769639 
193 59 7 8 0.037399545 
89 32 9 11 0.03729583 
970 420 22 22 0.036987185 
461 6 26 19 0.036894325 
89 41 22 26 0.03687525 
622 685 54 37 0.03662245 
277 41 25 26 0.036614057 
841 10 22 21 0.03634048 
178 86 11 15 0.036221903 
174 42 30 34 0.036221102 
766 343 34 25 0.036090076 
314 14 14 12 0.036078144 
182 86 22 30 0.036068834 
711 6 16 10 0.035877265 
353 82 34 29 0.035807084 
374 47 10 11 0.035769083 
206 59 31 26 0.035682555 
196 123 8 10 0.035368096 
682 504 90 77 0.03525605 
917 359 30 33 0.035091914 
1014 585 12 20 0.035079144 
225 13 15 18 0.035074107 
968 481 23 26 0.034937244 
245 337 4 5 0.034848493 
207 38 13 13 0.034776557 
745 40 11 8 0.03456466 
253 287 3 5 0.033930473 
246 381 4 6 0.033862345 
697 563 30 25 0.033811323 
172 392 7 9 0.033726204 
166 315 8 9 0.033683743 
675 671 31 26 0.033565275 
620 1 16 11 0.033466555 
1010 675 20 28 0.03339163 
220 69 6 6 0.033372886 
697 13 28 17 0.03334531 
74 75 25 22 0.033274308 
964 554 26 26 0.033244137 
201 7 13 12 0.033241827 
274 90 10 10 0.033240702 
790 345 28 21 0.033147886 
162 317 5 7 0.03296822 
628 358 17 13 0.032932766 
9 261 198 235 0.032903638 
246 331 4 5 0.032880764 
161 52 23 30 0.03284182 
168 293 4 5 0.032761715 
608 362 17 12 0.032718543 
180 73 8 11 0.032671884 
169 387 5 7 0.03256804 
168 298 4 6 0.03256531 
934 82 41 39 0.032476373 
884 57 13 11 0.032327786 
157 336 3 6 0.03229661 
776 369 14 14 0.032285627 
188 305 5 5 0.032269128 
449 359 114 78 0.03217867 
954 483 49 44 0.032173254 
251 567 138 94 0.032171056 
155 387 4 6 0.032008257 
255 -31 247 121 0.032006573 
252 274 4 5 0.031993143 
712 85 31 26 0.031991918 
347 266 27 23 0.03184897 
633 429 400 351 0.03179742 
630 3 29 19 0.031753436 
671 505 45 58 0.0315667 
678 29 30 23 0.03153173 
969 471 13 13 0.031474542 
535 374 31 20 0.031362318 
514 664 58 37 0.031345617 
197 1 11 10 0.031344537 
739 7 15 10 0.03133664 
620 610 31 24 0.03132838 
166 310 7 8 0.03126065 
257 287 4 5 0.031236323 
247 376 3 5 0.031204147 
944 482 30 35 0.031049669 
197 54 7 9 0.031038482 
945 0 32 22 0.031028591 
367 41 21 24 0.030921333 
925 520 77 71 0.030862585 
187 311 5 6 0.030826263 
247 319 4 5 0.0308102 
592 627 62 44 0.030802535 
111 26 23 25 0.030776808 
707 350 28 20 0.030766519 
246 324 4 5 0.030553937 
509 379 49 37 0.030357415 
365 28 25 23 0.030319048 
608 19 26 25 0.030232152 
198 60 6 7 0.030204123 
907 534 49 50 0.03018388 
198 279 6 7 0.030160446 
380 12 28 27 0.030142128 
705 543 124 109 0.030121658 
405 23 13 17 0.030006895 
732 500 104 77 0.030001014 
370 30 8 6 0.02987076 
372 36 6 6 0.029836405 
165 64 10 13 0.029807514 
661 6 30 19 0.029737324 
627 358 28 25 0.029717017 
250 318 5 6 0.02964319 
742 52 15 11 0.029641792 
908 78 46 43 0.029628174 
90 7 24 22 0.02951434 
155 382 4 6 0.029483773 
164 -78 440 270 0.029481323 
339 48 49 45 0.029470555 
175 279 3 6 0.029462727 
376 35 7 7 0.029377425 
61 6 13 12 0.029326119 
308 4 23 19 0.029284364 
187 198 4 4 0.029242957 
847 347 37 21 0.029234605 
87 17 11 12 0.029220127 
170 309 9 9 0.029211823 
824 486 31 22 0.029201547 
948 460 22 22 0.029097855 
828 349 60 39 0.029084064 
799 1 9 9 0.029046118 
565 372 17 11 0.02901867 
173 86 60 73 0.029015647 
62 46 48 47 0.028987365 
958 82 41 38 0.02898361 
802 422 106 91 0.02897969 
617 385 13 10 0.028960463 
847 406 30 29 0.0289439 
250 26 12 11 0.028935349 
735 341 27 19 0.028921634 
82 10 51 40 0.028862854 
-2 -155 84 147 0.028839545 
99 13 12 12 0.02883777 
608 665 61 41 0.028812822 
982 515 29 33 0.028801283 
614 373 31 25 0.028689468 
668 14 29 20 0.028566282 
197 47 9 10 0.028510164 
193 54 7 9 0.028465202 
157 330 5 6 0.028455367 
743 338 18 12 0.028444748 
431 25 34 31 0.028342102 
76 2 10 11 0.028340608 
198 284 7 8 0.02830109 
603 377 15 13 0.028270787 
298 534 124 85 0.028268475 
155 43 23 26 0.028267723 
611 400 52 62 0.028072428 
497 55 37 26 0.028031526 
169 404 5 8 0.027999029 
174 273 4 5 0.02796505 
59 84 95 119 0.027963672 
665 564 46 56 0.027928608 
156 356 3 5 0.027888302 
245 408 5 6 0.02779816 
92 21 23 25 0.027771572 
744 352 15 12 0.027761947 
171 305 7 7 0.027755281 
969 433 25 27 0.027741117 
239 3 12 8 0.027735023 
523 7 15 13 0.027696114 
629 691 17 11 0.02766004 
182 330 5 6 0.027642567 
538 371 17 13 0.027549658 
67 30 13 13 0.027525248 
530 672 16 12 0.027518924 
705 368 23 26 0.027466938 
748 334 18 11 0.027452327 
193 92 13 16 0.02744354 
371 41 6 6 0.027362337 
415 86 27 23 0.027338298 
287 50 7 6 0.027316738 
934 341 16 13 0.027310073 
160 130 69 81 0.027266666 
181 343 4 6 0.027254485 
198 39 26 31 0.02723097 
188 99 26 33 0.02719724 
172 70 9 13 0.027178247 
99 31 23 26 0.027045134 
145 24 22 27 0.027018012 
793 394 29 28 0.02693609 
499 418 13 10 0.026904425 
250 323 5 6 0.026903728 
199 195 5 7 0.026767405 
81 39 19 25 0.02672523 
828 493 16 11 0.026690522 
291 48 8 8 0.026687691 
739 16 26 18 0.02666934 
188 317 6 6 0.026649088 
212 45 51 53 0.02664492 
729 349 25 21 0.026594078 
245 401 5 5 0.02656995 
669 357 97 98 0.02643117 
622 613 16 12 0.026390817 
810 32 28 23 0.026373545 
228 242 23 28 0.026349494 
264 288 3 5 0.02632829 
198 289 7 9 0.026320554 
579 8 23 19 0.02624086 
253 268 3 4 0.026227985 
190 78 7 9 0.026154745 
911 462 47 51 0.026153985 
894 438 54 53 0.026133735 
318 8 24 20 0.026125466 
176 202 4 5 0.026085053 
246 299 3 4 0.026010003 
245 3 12 9 0.02598182 
246 202 39 60 0.025882173 
958 366 12 12 0.025826953 
625 398 10 10 0.025765909 
696 52 33 23 0.025748871 
690 353 17 11 0.02574594 
803 74 59 44 0.025689809 
1008 16 14 15 0.025683137 
536 376 47 38 0.02563631 
252 312 4 5 0.025620498 
256 272 5 8 0.025565058 
75 7 12 14 0.025562193 
240 14 12 11 0.025553884 
252 305 4 6 0.025551785 
94 85 28 26 0.025549185 
718 544 12 17 0.02549117 
570 45 20 23 0.02546982 
176 350 4 5 0.025469633 
184 59 10 12 0.025441622 
664 381 25 29 0.025391815 
861 58 46 43 0.025380794 
246 312 4 4 0.02536162 
896 397 57 57 0.02534086 
677 476 25 35 0.025326028 
719 25 27 19 0.02529047 
281 49 7 7 0.025280481 
544 674 58 39 0.025263987 
66 37 15 16 0.025263341 
252 299 4 4 0.025196312 
148 151 5 8 0.02511654 
195 274 4 4 0.025112852 
867 -41 201 163 0.025104148 
252 278 4 6 0.025082922 
916 510 51 47 0.025079433 
194 20 16 19 0.025016299 
627 645 31 27 0.024962075 
733 360 14 14 0.024959428 
528 668 14 9 0.024942897 
99 19 11 14 0.024940325 
176 55 11 16 0.024922263 
681 5 27 18 0.024915125 
653 363 21 22 0.024895336 
711 502 24 24 0.024859663 
362 15 31 23 0.024814632 
165 413 6 9 0.024779355 
857 84 53 40 0.02472579 
183 77 8 11 0.024696307 
749 434 214 176 0.024686132 
137 39 23 26 0.024653014 
644 675 54 37 0.024627678 
255 276 6 8 0.024574623 
720 345 90 82 0.024573814 
623 392 12 10 0.024496388 
55 20 50 41 0.024452124 
719 38 14 12 0.02442825 
252 292 3 5 0.024420787 
278 54 9 8 0.024312617 
521 465 109 97 0.024267158 
660 678 14 11 0.024251252 
727 33 11 9 0.024247322 
180 42 8 8 0.02424173 
852 19 13 14 0.024238087 
246 363 4 5 0.024153812 
50 -16 99 78 0.024139224 
912 538 14 17 0.024133446 
696 3 27 18 0.024103269 
821 349 38 23 0.024096798 
268 25 53 48 0.02406484 
158 43 12 13 0.024016729 
211 70 7 6 0.024012003 
423 92 15 11 0.024008546 
956 552 101 101 0.024000196 
123 7 22 18 0.023978848 
646 679 26 20 0.023943651 
998 517 29 31 0.023936644 
190 316 7 8 0.023887107 
835 37 27 29 0.023857627 
973 476 15 18 0.023836719 
978 499 27 32 0.023804262 
5 87 23 24 0.023785299 
192 303 6 7 0.023741163 
212 21 14 14 0.02372027 
606 628 33 24 0.023673616 
654 474 5 8 0.023667105 
202 46 10 12 0.02362527 
759 14 10 9 0.023592012 
435 0 17 11 0.023572488 
72 88 17 15 0.02351599 
172 276 25 30 0.023508348 
951 550 27 34 0.023493176 
239 3 28 19 0.023477543 
126 27 25 25 0.023469761 
881 53 23 22 0.023453603 
693 8 13 9 0.023446783 
683 430 11 11 0.023413891 
347 19 31 22 0.023385497 
894 347 35 28 0.023348508 
236 30 48 40 0.023327325 
804 491 33 27 0.023324566 
640 565 45 49 0.023317192 
178 66 9 12 0.02330806 
254 34 11 10 0.023276234 
226 2 14 13 0.023231281 
239 20 14 12 0.023204153 
171 50 12 15 0.023182161 
492 413 26 20 0.023181293 
66 43 20 23 0.02313913 
189 299 5 6 0.02313756 
183 271 23 26 0.02312791 
158 339 6 9 0.023125282 
228 29 31 28 0.02311604 
593 368 42 37 0.023106877 
946 561 43 48 0.023090303 
176 360 5 7 0.023083726 
610 1 16 10 0.02305368 
884 89 50 40 0.023023259 
246 306 4 4 0.02300879 
718 365 25 24 0.02299813 
983 474 13 18 0.022987498 
942 50 47 50 0.022978859 
879 86 15 12 0.022970669 
186 325 6 6 0.022950806 
704 358 18 14 0.022932272 
662 679 24 22 0.022897264 
919 5 95 101 0.022895483 
94 -8 51 35 0.022890085 
256 311 5 6 0.022886675 
326 13 28 21 0.022875724 
713 10 29 18 0.02286951 
223 68 8 7 0.022845954 
382 71 26 27 0.022831269 
818 0 26 17 0.02281438 
210 492 59 49 0.022807706 
239 363 4 4 0.022792852 
160 60 7 8 0.022769425 
826 56 51 49 0.02275816 
245 343 4 5 0.022745606 
109 86 28 26 0.022687383 
645 31 35 32 0.022676993 
421 17 29 31 0.022665195 
721 371 12 13 0.0226603 
1006 42 21 25 0.022659672 
617 628 15 12 0.022648254 
306 69 5 6 0.022590015 
244 425 6 7 0.022576697 
988 530 27 31 0.02255725 
38 408 117 104 0.02253973 
816 18 23 22 0.022522015 
637 403 11 12 0.02250109 
801 414 7 7 0.022399226 
293 56 7 6 0.022388402 
659 662 121 69 0.022375997 
796 475 28 26 0.022358598 
696 33 20 14 0.022340454 
180 202 4 6 0.022295991 
204 12 16 14 0.022284636 
677 358 15 12 0.022262095 
243 272 23 32 0.02223562 
621 379 16 13 0.02220711 
726 346 15 13 0.022185946 
174 383 4 6 0.02216311 
573 671 68 41 0.022086024 
170 382 4 6 0.022063289 
250 335 5 7 0.022029018 
57 83 53 49 0.022008836 
808 453 5 4 0.021977732 
660 611 129 88 0.021952553 
788 374 98 92 0.021942317 
182 43 12 13 0.02192224 
555 46 52 48 0.021903006 
333 8 17 11 0.021841977 
496 394 52 37 0.0218079 
682 26 16 12 0.021793382 
280 586 64 50 0.021761142 
607 371 17 14 0.021760516 
246 287 3 5 0.021728666 
91 52 25 28 0.021727167 
151 350 4 5 0.021726178 
788 361 26 24 0.021708146 
505 -75 524 297 0.021682303 
215 1 12 11 0.021679744 
246 357 3 4 0.021653594 
628 699 18 12 0.021653393 
302 101 11 12 0.021623766 
713 345 14 10 0.021613369 
746 361 31 29 0.021589704 
13 96 11 12 0.02158648 
582 582 53 44 0.021574972 
176 338 5 5 0.02156519 
620 576 27 26 0.021557294 
501 88 60 40 0.021540351 
264 312 3 5 0.021537479 
841 -1 11 7 0.02152335 
995 490 50 59 0.021520844 
948 505 29 28 0.021514442 
259 70 63 72 0.021508457 
840 412 16 15 0.02149627 
810 362 28 26 0.021484014 
800 376 29 26 0.021475466 
927 492 29 31 0.021468462 
571 660 32 27 0.021423081 
508 411 29 23 0.021409402 
171 328 23 25 0.02137374 
622 15 16 13 0.021361252 
28 92 45 47 0.021350509 
872 39 44 43 0.021348823 
638 375 26 26 0.021348301 
622 33 38 31 0.021264406 
257 266 4 6 0.021250686 
850 459 24 22 0.021248605 
169 394 5 6 0.02123805 
286 476 54 41 0.021235589 
790 40 53 46 0.021231988 
910 568 95 110 0.02121504 
574 91 15 14 0.021206545 
417 19 15 17 0.021204991 
941 6 26 29 0.021194099 
531 377 17 14 0.021182775 
841 502 97 85 0.021169927 
284 623 67 44 0.021158792 
95 74 24 23 0.021149354 
804 2 13 11 0.021119848 
714 571 12 10 0.021114329 
586 573 92 80 0.02108241 
608 551 46 47 0.02106913 
823 23 27 25 0.021064356 
181 94 12 19 0.0209927 
163 304 6 7 0.020952586 
312 20 11 10 0.020930909 
-4 81 80 155 0.020921994 
704 53 15 10 0.020901946 
176 342 5 6 0.020882998 
198 74 6 6 0.020869829 
701 1 13 9 0.020846007 
836 3 14 10 0.020843731 
173 78 9 13 0.020834425 
658 24 16 13 0.020818466 
958 469 24 25 0.020809328 
250 361 6 7 0.02080928 
160 65 7 10 0.020747753 
679 1 16 10 0.020730376 
731 341 16 11 0.020706536 
643 83 30 25 0.020695742 
631 391 12 11 0.020684727 
150 68 20 29 0.0206779 
737 28 25 18 0.02065329 
274 42 7 7 0.020614052 
198 67 6 7 0.020608556 
384 26 25 27 0.0205948 
164 428 9 13 0.020570084 
678 455 6 9 0.020535816 
202 184 4 6 0.02053026 
156 361 4 6 0.02050386 
805 413 9 9 0.020499907 
184 67 10 12 0.020490326 
377 41 6 7 0.02047917 
700 531 13 20 0.020447256 
49 546 25 25 0.020432288 
957 664 94 97 0.020420749 
681 37 14 11 0.02037844 
655 409 9 12 0.020367289 
611 634 14 11 0.020363027 
162 120 20 30 0.020345036 
194 292 5 7 0.020335317 
694 2 12 9 0.020333204 
796 27 15 13 0.02031494 
668 686 13 12 0.020296453 
636 379 15 13 0.020278918 
629 368 15 13 0.02024245 
80 -1 12 10 0.020212786 
648 450 5 7 0.020188993 
267 83 24 26 0.020185173 
651 431 7 8 0.020167809 
157 421 20 28 0.020163897 
518 82 34 26 0.020146629 
740 3 26 18 0.020138118 
654 466 4 5 0.020125544 
630 397 12 11 0.020124096 
139 14 20 23 0.02010808 
470 381 56 41 0.020093774 
287 46 27 27 0.020093672 
560 596 58 45 0.020085748 
742 334 46 38 0.020044407 
1005 79 22 22 0.020040002 
143 572 58 53 0.02000399 
