47_Matador_Bullfighter_matadorbullfighting_47_177
846
227 80 18 25 0.9832834 
476 281 20 24 0.5816075 
213 135 19 30 0.52812326 
464 86 474 294 0.37940082 
265 138 11 17 0.26427442 
242 139 12 16 0.1502994 
404 228 36 19 0.1241671 
274 151 249 158 0.1146308 
505 284 8 6 0.11234356 
493 389 7 11 0.10995724 
111 289 11 7 0.100170374 
24 -52 518 309 0.09887612 
761 418 6 5 0.08952494 
411 236 18 11 0.08191708 
337 228 151 75 0.07937163 
659 418 7 5 0.07859373 
119 292 32 21 0.07847763 
940 154 134 88 0.07602648 
508 282 11 9 0.07481392 
596 400 5 4 0.07116265 
410 242 17 11 0.06931778 
496 281 29 18 0.0669181 
198 388 5 4 0.064062394 
241 138 21 30 0.06366898 
224 51 469 345 0.06326509 
494 298 15 13 0.06288419 
73 13 217 194 0.06251113 
994 509 32 19 0.06209182 
871 546 9 6 0.06192652 
221 131 31 37 0.060886588 
254 144 9 15 0.058519516 
427 431 29 22 0.058461476 
763 416 3 3 0.058354355 
263 131 10 14 0.058269113 
61 604 132 82 0.057855077 
588 410 8 6 0.05744583 
645 430 6 6 0.057165362 
522 201 33 19 0.057125952 
485 202 60 33 0.056706835 
768 419 5 4 0.055649225 
197 392 6 5 0.055552706 
671 32 572 315 0.055410683 
654 423 9 7 0.054673336 
603 401 4 4 0.054046314 
415 231 17 9 0.05386454 
-38 303 579 298 0.05382941 
244 498 6 4 0.053147424 
656 416 4 3 0.052567918 
209 115 7 8 0.052351367 
240 121 6 8 0.052053336 
389 245 67 39 0.05163862 
493 468 5 8 0.051381268 
100 641 75 39 0.051289514 
461 283 40 38 0.05011655 
237 131 7 11 0.050071307 
661 415 4 4 0.049944896 
406 239 30 23 0.04958693 
426 -110 684 369 0.049537454 
407 232 12 7 0.049311195 
154 655 13 7 0.049008198 
501 285 7 5 0.04900379 
584 410 6 5 0.048966914 
318 270 157 87 0.04888086 
665 490 7 4 0.04885776 
590 408 5 4 0.04880899 
120 288 12 7 0.048564523 
656 419 6 5 0.04848618 
601 404 9 7 0.048462622 
400 231 13 8 0.048420254 
647 419 5 4 0.047975175 
593 411 8 6 0.047922388 
583 408 6 4 0.047582753 
513 499 9 11 0.04742723 
757 424 6 5 0.04654751 
475 287 10 11 0.046538156 
436 391 606 313 0.046303608 
207 552 32 22 0.046034534 
335 517 64 41 0.045907296 
157 659 12 7 0.045892555 
514 487 5 6 0.044815224 
545 396 117 88 0.044790726 
875 207 65 43 0.044681236 
104 290 9 6 0.04432173 
514 212 53 37 0.044179093 
659 489 8 5 0.044161838 
730 420 5 4 0.044049874 
521 427 3 4 0.043750215 
641 508 37 18 0.043613546 
425 397 35 24 0.043526802 
386 224 34 23 0.04344124 
441 270 8 6 0.043410674 
237 139 9 14 0.04273646 
681 414 5 4 0.042626627 
465 264 8 6 0.042424627 
448 372 41 47 0.04233124 
761 424 7 5 0.042145245 
224 112 8 10 0.042083763 
670 417 8 6 0.042074006 
166 401 6 5 0.041891538 
435 265 7 5 0.041861597 
520 431 5 6 0.041787874 
767 425 7 5 0.041757945 
945 381 124 85 0.041688625 
524 460 5 8 0.041659202 
194 388 5 4 0.041578367 
162 661 10 7 0.04143143 
409 248 17 11 0.041312665 
290 415 4 3 0.04127894 
946 3 36 16 0.041151498 
571 402 4 4 0.041133214 
121 502 7 6 0.04096992 
768 429 8 6 0.04054998 
382 424 110 75 0.04050503 
236 501 8 5 0.040485978 
705 414 6 4 0.040443312 
230 501 7 5 0.040361136 
921 193 7 6 0.040273517 
69 257 111 81 0.040128298 
592 401 4 3 0.040098853 
205 385 7 6 0.040059507 
195 245 27 35 0.03971193 
475 403 6 9 0.039687805 
903 190 6 5 0.039572224 
404 251 31 21 0.0395482 
344 509 8 6 0.039497804 
666 197 7 4 0.03924969 
915 190 6 4 0.0391541 
434 269 10 7 0.03912381 
148 657 14 8 0.038913693 
685 502 7 4 0.038904134 
211 244 102 84 0.038886096 
942 469 122 84 0.03884805 
666 414 5 4 0.038846344 
866 312 5 4 0.038829125 
103 289 31 19 0.038765147 
203 129 8 12 0.038642116 
482 277 12 11 0.038641013 
758 420 5 4 0.03862894 
419 262 11 8 0.038516276 
206 382 5 5 0.038404386 
212 388 5 4 0.038366437 
56 522 146 93 0.03832351 
219 387 5 4 0.038293116 
241 77 10 13 0.038288012 
407 312 56 38 0.038130064 
802 415 4 3 0.037975922 
447 282 9 7 0.037705097 
826 419 7 4 0.03764302 
283 396 5 4 0.03753785 
287 487 127 79 0.037450656 
915 194 7 6 0.037429366 
101 297 10 6 0.037410915 
827 414 5 4 0.037315615 
295 415 5 3 0.037236106 
442 265 6 5 0.03697301 
259 120 11 10 0.036959436 
659 431 7 6 0.036881242 
705 525 5 3 0.036772355 
608 401 6 4 0.036684822 
432 295 8 7 0.03665317 
821 414 4 3 0.03664904 
673 517 17 9 0.036577668 
647 426 5 5 0.036550973 
231 499 5 3 0.03653584 
769 415 4 3 0.036399525 
301 415 5 3 0.036345508 
664 418 8 5 0.03622575 
363 509 7 5 0.03620606 
415 259 10 7 0.036076263 
532 204 8 5 0.03606321 
667 507 14 8 0.036046628 
551 648 30 21 0.0359494 
188 253 49 49 0.035929687 
672 415 5 4 0.035928346 
473 293 10 12 0.035868235 
225 501 7 5 0.035790727 
448 279 7 5 0.035775322 
684 414 6 3 0.035759237 
212 392 6 5 0.03564855 
683 418 9 6 0.035599116 
968 300 6 4 0.03559349 
226 501 31 18 0.03542277 
484 383 20 27 0.03536465 
239 499 5 3 0.035344016 
220 128 9 11 0.03528774 
908 190 7 5 0.035271965 
476 360 4 6 0.035264503 
213 381 4 4 0.035255123 
49 321 135 108 0.035102792 
392 211 64 37 0.035002753 
801 419 5 3 0.034606434 
627 425 5 5 0.034561515 
96 658 15 9 0.03444043 
521 228 129 74 0.03439955 
295 418 6 4 0.034376293 
420 260 9 6 0.034371413 
901 193 10 6 0.03434112 
194 383 4 3 0.03430728 
69 521 7 6 0.034096878 
871 543 6 4 0.034089528 
199 399 8 6 0.034084737 
471 385 24 32 0.034079984 
922 191 6 4 0.03403559 
242 500 9 6 0.033923827 
874 500 144 78 0.033918064 
339 513 9 6 0.033880506 
106 284 57 43 0.033801388 
669 199 9 6 0.033742182 
961 300 5 3 0.033707544 
468 262 5 4 0.033646822 
559 407 5 4 0.0336438 
634 424 7 6 0.033511844 
836 174 144 84 0.033501044 
152 446 135 87 0.033338625 
219 448 64 43 0.03332045 
699 528 6 3 0.03327872 
852 428 4 3 0.03325105 
127 -184 649 311 0.03324279 
145 655 14 7 0.03318718 
216 256 52 46 0.033128288 
218 394 5 4 0.03309621 
437 313 13 11 0.033075623 
955 300 5 3 0.033022672 
476 367 5 6 0.032984756 
257 231 132 77 0.032921806 
628 418 4 4 0.03289176 
111 295 12 8 0.032711223 
599 408 11 8 0.03269475 
523 456 4 6 0.03268783 
465 214 32 20 0.032687042 
155 381 4 4 0.03268382 
319 475 65 45 0.032609932 
596 406 7 4 0.032602895 
460 394 41 52 0.03252276 
434 308 28 24 0.03248033 
413 227 11 7 0.03240564 
496 390 8 11 0.032388035 
450 195 112 70 0.032379996 
253 151 11 17 0.032285318 
463 262 5 4 0.032248512 
434 230 59 40 0.032237146 
165 405 8 6 0.03222176 
463 348 24 28 0.032174766 
494 206 30 18 0.032118566 
664 513 33 17 0.032029577 
446 271 7 5 0.031975824 
530 206 12 7 0.031961054 
585 402 3 3 0.03188421 
862 547 10 7 0.03186193 
96 481 164 108 0.031732634 
684 546 163 83 0.031717982 
223 387 6 4 0.031681594 
866 428 4 3 0.03167788 
204 393 7 5 0.03163945 
672 197 6 4 0.031570863 
352 531 33 23 0.031535637 
816 415 3 3 0.03148915 
357 513 11 7 0.031417947 
443 262 4 4 0.031372264 
276 413 6 5 0.031187758 
795 416 5 3 0.031139284 
597 397 3 3 0.031073451 
458 315 8 8 0.031072767 
208 419 150 92 0.031070892 
724 424 8 6 0.031026473 
821 420 5 3 0.030985923 
482 360 4 6 0.030961117 
417 258 60 41 0.03091677 
109 287 7 5 0.03087096 
622 423 7 6 0.030856362 
510 215 9 5 0.030833406 
52 406 157 94 0.030566476 
774 426 6 4 0.030542718 
491 292 13 12 0.030526169 
479 510 53 43 0.030513532 
986 534 7 6 0.030427828 
1011 442 9 7 0.030413926 
615 400 5 4 0.030412685 
281 399 7 4 0.030377014 
773 430 7 5 0.030321913 
186 381 5 4 0.030275915 
223 285 53 47 0.030234644 
822 408 3 3 0.030211264 
775 420 5 3 0.030115653 
289 396 5 3 0.030079268 
857 547 9 6 0.030064525 
351 509 9 6 0.030062815 
984 482 9 7 0.03002206 
948 529 63 39 0.029977845 
510 493 19 22 0.029922562 
258 396 151 70 0.02988495 
46 449 126 98 0.029850615 
160 296 6 6 0.02982439 
365 393 6 4 0.029603371 
642 418 4 4 0.029487498 
614 406 6 5 0.029482203 
513 475 4 7 0.029482013 
614 413 6 5 0.029477706 
710 415 6 4 0.029469877 
703 417 8 5 0.02945932 
443 209 59 37 0.029445605 
700 499 4 3 0.029362867 
139 660 13 8 0.02925856 
782 419 6 5 0.029232865 
563 404 7 6 0.029225009 
992 497 30 20 0.029215733 
226 498 5 4 0.029129516 
897 183 61 40 0.029109389 
205 493 59 35 0.029067317 
553 400 4 5 0.029020943 
499 288 9 7 0.0289873 
908 194 8 5 0.028978242 
219 382 4 3 0.02891554 
877 543 6 4 0.028864998 
129 355 5 5 0.028777445 
173 389 5 4 0.02875292 
115 659 14 8 0.028745115 
356 517 12 9 0.028743396 
526 204 7 4 0.028714977 
968 424 8 6 0.028703822 
103 299 14 9 0.028685959 
408 394 6 5 0.0286333 
883 542 8 5 0.028617695 
578 403 3 2 0.028615726 
283 415 5 3 0.028578749 
230 508 9 6 0.028570043 
521 436 4 6 0.028563477 
210 128 7 9 0.02854049 
577 407 5 5 0.02853429 
635 414 5 4 0.028522186 
689 419 8 5 0.028466573 
635 418 5 5 0.028436758 
510 188 62 39 0.028428556 
428 262 27 19 0.028421072 
468 321 6 8 0.028416831 
494 464 4 6 0.028411629 
191 261 11 15 0.028407449 
852 547 8 5 0.028396472 
461 612 6 4 0.028376115 
481 356 4 5 0.028341401 
709 417 8 6 0.028337568 
577 412 6 4 0.028320096 
287 400 7 4 0.02828569 
434 291 8 6 0.02826779 
871 311 5 4 0.028256245 
703 527 7 4 0.028250722 
420 242 30 24 0.02822597 
390 418 61 47 0.02820908 
626 431 6 5 0.028187497 
457 349 4 5 0.028140374 
622 419 6 5 0.028073695 
370 349 110 78 0.0280608 
219 503 5 5 0.028053341 
523 452 3 5 0.028031051 
290 419 5 3 0.028020974 
161 406 7 5 0.027936513 
1001 493 15 9 0.027765824 
863 315 8 5 0.027746413 
302 419 6 4 0.027722413 
867 230 62 39 0.027721493 
400 236 14 9 0.027680913 
231 402 5 4 0.027675306 
628 415 4 3 0.02765513 
161 227 90 91 0.027629048 
793 419 6 4 0.027589291 
655 407 4 3 0.027577851 
699 413 5 4 0.027561016 
948 299 5 4 0.027551968 
860 550 12 8 0.027522447 
945 303 7 5 0.027505483 
715 419 7 5 0.027458718 
641 426 5 5 0.027452786 
858 427 5 4 0.02740373 
921 194 27 22 0.027402783 
544 307 34 23 0.02740145 
501 457 4 5 0.027398571 
427 264 9 6 0.027384393 
995 428 12 8 0.027334495 
361 395 5 3 0.027305504 
495 457 4 5 0.027286613 
273 437 150 90 0.02728603 
565 466 29 23 0.027268572 
975 542 6 5 0.027259706 
513 482 5 7 0.027251944 
589 417 8 6 0.027242225 
277 396 5 4 0.027230917 
128 387 160 90 0.02721673 
866 306 4 3 0.027195571 
651 417 22 16 0.027159246 
728 424 7 5 0.02715112 
998 444 7 5 0.027103946 
763 312 5 4 0.027042268 
558 412 6 6 0.027025271 
165 392 7 5 0.026966427 
759 425 26 17 0.026898894 
503 212 11 7 0.026892604 
222 507 9 7 0.026880354 
570 405 6 5 0.026861582 
529 287 25 25 0.026854895 
395 226 10 7 0.026785076 
77 650 36 18 0.026699737 
436 261 6 5 0.026669312 
456 261 5 4 0.026627496 
660 485 5 3 0.026623614 
377 296 74 44 0.026611704 
659 437 7 6 0.026606146 
759 415 3 3 0.026556678 
692 413 6 4 0.026556253 
172 401 7 4 0.026548041 
506 516 5 6 0.026514566 
241 129 10 12 0.026444428 
416 289 50 40 0.026433144 
646 426 25 20 0.026382418 
860 313 4 3 0.026373642 
642 414 5 4 0.02636678 
646 414 5 4 0.026326085 
384 398 8 6 0.026305838 
161 291 5 5 0.02629069 
468 347 6 7 0.026196202 
526 273 111 79 0.026190914 
136 252 51 51 0.02618853 
606 411 9 6 0.026185488 
162 381 4 4 0.026173562 
447 518 56 46 0.02615206 
483 367 5 6 0.026140744 
881 546 10 6 0.026123215 
224 401 5 4 0.026111651 
238 400 7 4 0.02604862 
502 207 12 8 0.02593028 
572 396 3 3 0.025922177 
852 430 7 6 0.025907286 
808 415 3 3 0.025882846 
566 402 4 4 0.025827395 
808 420 4 3 0.02580056 
461 349 5 6 0.025765825 
845 426 6 5 0.025743704 
245 134 10 13 0.025735237 
200 153 10 14 0.025725793 
266 122 7 9 0.025720451 
97 201 49 48 0.025652668 
398 395 6 4 0.025634589 
996 500 14 9 0.025612298 
859 545 30 17 0.025594892 
404 393 6 5 0.02558958 
289 407 6 4 0.02558673 
235 77 20 25 0.02558006 
956 303 5 4 0.025575517 
975 424 11 7 0.025532853 
918 516 70 40 0.025477756 
867 550 12 7 0.02542249 
445 295 41 38 0.025413692 
959 303 7 5 0.025367774 
219 401 5 4 0.025345795 
549 312 10 7 0.025338719 
776 415 4 3 0.025329417 
699 525 5 3 0.02532615 
63 541 8 7 0.0253212 
858 315 7 5 0.025307084 
509 217 13 9 0.02529861 
874 551 11 6 0.025289342 
808 427 4 4 0.02524802 
636 306 4 3 0.025247442 
978 542 8 5 0.025234234 
692 503 5 3 0.025168743 
656 508 11 6 0.02515897 
142 653 29 15 0.025157714 
387 236 14 11 0.025073778 
130 318 141 96 0.02505082 
455 519 8 6 0.025048375 
835 382 4 4 0.025036678 
518 208 9 5 0.025020197 
610 -206 539 270 0.025013467 
405 390 4 3 0.025005726 
257 185 11 12 0.024962032 
680 311 7 4 0.024946522 
853 313 4 3 0.024941577 
175 405 11 8 0.024940463 
503 284 46 38 0.024902675 
192 105 40 53 0.024896719 
350 513 11 7 0.024870105 
882 426 7 5 0.024863282 
424 407 5 4 0.024856621 
92 500 34 26 0.024836905 
653 429 8 7 0.024809914 
523 206 11 7 0.024791023 
255 110 9 9 0.024758203 
1005 444 8 5 0.02475751 
526 485 7 9 0.02475477 
129 498 5 4 0.024732308 
502 217 13 9 0.024729734 
591 443 33 23 0.024727087 
665 494 8 5 0.024713421 
821 426 5 4 0.024709767 
458 519 10 7 0.024600977 
460 342 6 6 0.024565885 
581 417 8 5 0.024557617 
359 401 5 4 0.024535445 
472 356 23 28 0.024532193 
409 335 6 6 0.024518687 
564 474 7 6 0.024483806 
92 184 118 114 0.024477096 
553 394 3 4 0.024475545 
878 427 6 4 0.02445208 
341 511 6 4 0.024451727 
160 400 6 5 0.024441425 
-3 -178 92 136 0.024435887 
332 514 7 5 0.02439687 
449 266 5 4 0.02439325 
200 199 90 94 0.024387697 
171 391 8 5 0.024375089 
943 299 4 4 0.024298202 
476 328 5 7 0.024216881 
257 389 5 4 0.024213783 
179 388 6 4 0.02410485 
187 388 5 4 0.024099164 
56 527 8 6 0.02407574 
537 204 8 5 0.024074076 
152 651 10 6 0.024068965 
218 507 8 5 0.024062261 
801 249 4 3 0.024048608 
423 242 13 9 0.024043884 
371 402 6 4 0.02396285 
379 400 6 4 0.023958674 
738 420 5 3 0.02395762 
469 374 4 4 0.023933131 
662 513 13 6 0.023931932 
167 229 46 46 0.023924336 
247 502 8 5 0.023895316 
985 266 6 5 0.023886863 
389 397 8 6 0.023880098 
558 328 7 6 0.023869837 
577 466 5 5 0.02386921 
507 392 4 7 0.0238387 
367 229 68 38 0.023833722 
770 313 4 3 0.023815736 
591 435 65 46 0.023808105 
896 190 6 4 0.023806687 
95 285 26 17 0.023788355 
814 427 4 4 0.02378357 
515 214 11 7 0.02372252 
130 653 13 8 0.023720944 
570 260 7 5 0.023709066 
545 311 7 5 0.02369941 
777 191 3 3 0.023695672 
904 536 73 40 0.023678072 
218 115 6 8 0.023661967 
258 115 10 9 0.023638595 
972 420 8 5 0.02362646 
108 240 54 54 0.023623409 
521 443 4 6 0.023612004 
433 318 12 9 0.023598311 
429 292 7 5 0.023593737 
846 421 4 3 0.023581712 
250 388 6 4 0.023577318 
276 398 8 6 0.023572652 
463 374 3 5 0.023570556 
387 230 13 10 0.023554714 
107 502 10 7 0.023541378 
501 451 4 5 0.023528889 
175 294 51 47 0.023521485 
686 498 5 4 0.023517292 
642 306 5 3 0.023467978 
243 395 5 4 0.0234654 
494 173 162 88 0.023459839 
724 528 6 4 0.023445316 
230 313 28 25 0.023440368 
819 432 7 5 0.023421373 
456 342 4 5 0.023418983 
222 121 9 12 0.02340672 
705 504 5 4 0.023384636 
1010 439 8 6 0.02336362 
515 426 4 5 0.02335108 
353 402 5 3 0.023319798 
483 170 66 48 0.02330372 
710 524 6 4 0.023293247 
828 408 4 3 0.023288697 
449 262 5 3 0.023270454 
860 306 4 3 0.023258818 
499 279 7 5 0.023250544 
469 314 5 7 0.02323711 
158 288 27 26 0.023214532 
379 234 31 25 0.023201462 
504 201 9 7 0.023196861 
487 379 6 8 0.023196697 
467 613 7 4 0.023174684 
439 271 24 20 0.023169033 
240 293 140 68 0.023161521 
945 222 132 98 0.023157794 
452 313 10 11 0.023118373 
454 311 7 6 0.023114294 
670 490 7 4 0.023112219 
879 311 5 4 0.023076266 
634 439 5 4 0.023064073 
972 526 27 22 0.023048775 
2 276 148 113 0.023013396 
963 430 11 7 0.02301036 
997 508 15 10 0.023009155 
666 485 5 3 0.02300717 
888 542 9 5 0.022978494 
713 509 137 75 0.022972282 
693 499 4 3 0.02295275 
796 249 5 3 0.022937143 
106 572 142 88 0.022932662 
155 388 6 5 0.022890257 
428 260 7 5 0.022883015 
68 541 9 7 0.022872811 
259 159 8 11 0.022823505 
258 400 5 4 0.022819974 
238 388 5 4 0.02280594 
116 502 8 6 0.022793012 
653 437 8 7 0.022786142 
987 494 54 40 0.022785991 
155 292 5 4 0.022776332 
449 249 55 45 0.022752434 
510 208 8 6 0.022714512 
542 288 9 8 0.022683285 
366 401 5 4 0.022617247 
430 346 53 54 0.022613933 
376 405 8 5 0.022609506 
570 412 7 5 0.0226078 
647 437 7 6 0.022577664 
475 373 5 6 0.022572182 
507 455 4 6 0.02254797 
53 522 4 4 0.022533359 
870 432 6 4 0.022528803 
465 268 9 7 0.022519281 
143 356 5 4 0.022514878 
445 513 10 8 0.022491498 
340 562 5 3 0.022481238 
553 368 3 4 0.02247465 
135 355 5 4 0.022467315 
594 403 25 18 0.022452744 
713 498 4 3 0.022417957 
538 206 12 7 0.022398822 
105 659 15 9 0.022381485 
635 432 4 4 0.022358261 
224 394 5 4 0.022341382 
786 316 6 4 0.022319734 
640 504 7 4 0.022297727 
106 656 33 20 0.022286715 
524 467 6 11 0.0222838 
168 381 4 4 0.022283712 
455 266 6 4 0.022257132 
639 529 8 4 0.022242187 
982 485 13 9 0.022189358 
192 211 48 55 0.022175841 
203 466 64 46 0.022169452 
247 122 8 9 0.022156216 
339 566 7 5 0.0221457 
155 344 5 3 0.02214349 
460 269 9 7 0.02214139 
463 541 59 45 0.022128206 
140 292 27 24 0.022118341 
293 400 8 4 0.022077337 
488 384 6 10 0.022069601 
449 262 99 65 0.02206425 
231 247 30 32 0.022047784 
123 499 5 3 0.022034444 
147 651 8 5 0.022034287 
119 294 15 11 0.022026472 
402 228 10 7 0.02201978 
192 507 65 44 0.022017485 
629 438 5 4 0.022003315 
544 327 7 7 0.021987114 
149 381 5 4 0.021960981 
725 421 5 3 0.021945544 
692 529 7 3 0.021942914 
839 426 7 5 0.021935489 
57 520 6 5 0.021917086 
593 481 116 68 0.021911317 
395 220 8 6 0.02190691 
641 311 6 4 0.021890027 
195 246 13 16 0.021884212 
877 419 5 4 0.021883573 
781 424 7 5 0.021877239 
210 339 129 83 0.02186677 
673 311 7 4 0.021865685 
340 490 64 44 0.021842219 
726 502 5 5 0.021828633 
256 105 7 6 0.021821756 
865 420 5 3 0.021792239 
506 281 7 5 0.021775411 
182 382 4 4 0.021775067 
155 297 5 5 0.021774054 
160 388 6 5 0.02176349 
974 547 7 5 0.021759296 
596 446 6 5 0.021746552 
923 299 5 4 0.021745862 
654 490 5 4 0.021728028 
998 439 8 4 0.021708198 
712 459 5 3 0.021683587 
251 395 6 4 0.02158717 
622 400 5 4 0.021574209 
239 395 5 4 0.021572517 
184 392 8 6 0.021568723 
864 542 7 5 0.021540888 
667 311 5 4 0.021531342 
815 420 4 3 0.02152888 
201 126 17 25 0.021528233 
488 283 11 10 0.021522345 
591 396 4 2 0.021487705 
94 496 65 41 0.021483444 
446 335 22 28 0.02147753 
536 204 58 37 0.021474212 
629 400 5 3 0.021472558 
713 504 4 4 0.02146699 
654 319 6 3 0.021451684 
967 547 8 5 0.02143404 
234 508 12 7 0.021419123 
804 542 177 86 0.021414986 
192 398 7 6 0.021414872 
659 318 7 4 0.021395035 
806 431 5 4 0.02139456 
640 399 5 4 0.021380654 
211 121 6 8 0.021377206 
262 395 7 4 0.021359427 
789 415 5 4 0.021351645 
890 426 7 5 0.021350265 
443 283 8 6 0.021336967 
449 519 7 6 0.021332974 
370 393 6 4 0.021322368 
308 414 6 4 0.021321319 
789 249 5 4 0.021319525 
575 190 170 91 0.021302959 
360 447 52 41 0.021293288 
349 510 31 19 0.021265427 
165 418 9 6 0.021263778 
895 192 9 7 0.021258024 
333 567 6 4 0.02125628 
257 395 5 4 0.02125252 
220 510 32 22 0.021241676 
103 432 66 46 0.021227917 
832 413 6 4 0.02122207 
129 134 102 109 0.021219837 
177 400 10 6 0.021197768 
611 446 6 5 0.021174207 
698 418 8 5 0.021162512 
230 556 6 3 0.021134483 
802 427 5 3 0.021118958 
282 406 7 4 0.021113852 
475 218 13 8 0.021095207 
474 354 5 6 0.021094134 
161 411 7 5 0.021092229 
513 456 4 5 0.021080097 
448 140 141 97 0.021040186 
526 427 3 4 0.021022592 
361 390 4 3 0.021021983 
988 499 14 9 0.021017391 
503 466 7 11 0.02101531 
555 258 36 19 0.021001741 
455 271 7 5 0.020983694 
762 539 35 18 0.020947952 
565 396 4 4 0.020942358 
200 382 4 4 0.02092466 
160 440 6 4 0.020909736 
641 406 6 5 0.020909611 
659 199 9 6 0.020874077 
995 620 11 8 0.020863995 
251 402 5 3 0.020854108 
725 306 5 3 0.020853683 
177 391 10 6 0.020852141 
459 496 52 47 0.020849826 
500 333 25 33 0.020841649 
524 313 139 108 0.020835618 
267 159 9 12 0.020828439 
507 437 4 5 0.020827923 
165 412 8 5 0.0208249 
660 311 6 4 0.0208231 
916 200 9 7 0.020798469 
481 211 34 21 0.020792846 
900 546 11 6 0.020763813 
956 427 115 84 0.020759018 
766 542 12 6 0.02074323 
567 363 3 3 0.020736247 
986 542 7 5 0.020727076 
161 343 5 4 0.020723918 
397 322 26 21 0.020718135 
369 404 8 6 0.020698532 
194 435 62 43 0.020681897 
872 427 5 3 0.020666001 
272 404 29 22 0.020642558 
553 388 3 4 0.0206353 
84 549 55 40 0.020630848 
213 377 4 3 0.02060563 
771 191 4 3 0.020603187 
860 -1 41 17 0.020596577 
493 382 5 6 0.020592215 
553 406 4 6 0.020583808 
986 260 5 4 0.020582778 
294 408 7 4 0.020579342 
480 294 14 17 0.02057042 
857 431 8 5 0.02056948 
435 253 6 5 0.020561593 
507 444 4 5 0.020559687 
647 311 6 4 0.020532986 
886 546 12 6 0.020529183 
354 396 4 3 0.020518357 
212 113 7 6 0.020517293 
244 389 5 3 0.02051622 
425 227 11 8 0.020482002 
706 498 4 3 0.020470683 
603 447 5 4 0.02046519 
154 391 8 6 0.020459589 
988 482 11 7 0.02045228 
665 318 8 3 0.020442639 
647 400 5 4 0.02043656 
840 467 5 3 0.020399537 
502 445 4 4 0.020397907 
845 430 7 5 0.020396555 
114 286 8 6 0.020379517 
225 382 4 4 0.020376613 
761 542 8 5 0.020366896 
379 395 53 41 0.020361332 
508 452 3 5 0.020352041 
256 257 55 47 0.02032336 
690 524 8 3 0.020321574 
158 391 9 5 0.020319046 
347 396 4 3 0.020311262 
547 433 4 5 0.0203009 
751 503 4 3 0.020291807 
584 263 552 305 0.020276314 
654 512 14 7 0.020261541 
999 265 6 5 0.020255165 
640 515 7 4 0.020250838 
749 195 7 5 0.020245466 
242 399 7 5 0.020243527 
700 459 4 3 0.020240039 
752 499 3 3 0.02021319 
184 398 9 7 0.020212889 
284 419 5 3 0.020189775 
549 328 8 7 0.020189578 
423 292 7 5 0.020184023 
622 439 5 4 0.02017908 
967 420 7 5 0.020175938 
1003 438 9 6 0.020166429 
709 528 7 3 0.020151047 
655 312 5 3 0.020124169 
869 315 8 5 0.020104222 
247 515 9 6 0.020101428 
858 421 5 3 0.020092987 
295 425 6 4 0.020054115 
926 542 36 22 0.02004933 
635 311 6 4 0.020041395 
1007 436 24 23 0.020018792 
870 171 63 42 0.020013712 
636 400 4 3 0.02000758 
