47_Matador_Bullfighter_Matador_Bullfighter_47_193
533
319 135 23 34 0.990695 
743 450 23 24 0.2926946 
929 560 120 76 0.24254973 
764 425 38 41 0.23089975 
215 360 13 11 0.15706186 
361 265 441 335 0.1366958 
607 78 500 314 0.12799485 
291 80 9 8 0.1254139 
257 75 15 12 0.12091194 
215 350 23 21 0.11711225 
228 59 496 346 0.11271993 
-109 110 497 388 0.11207358 
56 289 227 158 0.10266942 
638 420 125 103 0.10039508 
732 429 46 47 0.097014934 
736 366 43 49 0.09445782 
300 82 6 6 0.091322415 
305 153 9 11 0.08896152 
312 258 10 9 0.08693178 
258 140 12 18 0.08572315 
237 116 26 31 0.08436618 
179 358 66 43 0.08144638 
266 310 9 14 0.079731055 
658 240 556 333 0.07849577 
206 356 24 22 0.07820388 
301 165 6 7 0.07807987 
474 303 119 84 0.07780912 
271 70 21 20 0.076701626 
272 101 23 24 0.07375039 
368 -90 569 338 0.0731347 
802 304 238 163 0.07151235 
347 123 225 178 0.069849 
307 174 6 7 0.06563875 
703 404 89 98 0.06498271 
181 375 16 15 0.06403617 
169 380 67 44 0.06340493 
244 74 30 22 0.061908934 
275 74 9 9 0.061704338 
245 118 11 12 0.06131916 
189 116 72 52 0.061278563 
768 385 24 28 0.059456743 
231 85 9 8 0.059253886 
313 92 6 7 0.059035014 
483 329 61 43 0.05784364 
965 591 38 28 0.05731659 
260 174 7 9 0.056558147 
939 75 141 108 0.05628944 
309 170 6 8 0.055892594 
409 173 141 80 0.05430879 
477 280 50 45 0.05405515 
-27 -124 549 388 0.053631525 
607 302 239 175 0.05277915 
283 260 7 8 0.051156428 
295 176 6 9 0.0509366 
239 359 15 12 0.050661128 
149 344 134 78 0.05019363 
302 147 19 24 0.050085504 
283 74 21 20 0.05005221 
241 344 13 13 0.049262486 
293 77 6 6 0.049144603 
226 80 25 21 0.048556887 
302 75 5 5 0.048536416 
254 175 8 11 0.04850447 
226 353 13 11 0.04831941 
544 307 53 46 0.048283454 
197 364 25 25 0.048147082 
925 559 65 44 0.048131995 
464 252 98 86 0.047571644 
268 114 25 22 0.047566373 
469 496 637 343 0.046927016 
553 393 53 46 0.04570409 
236 92 14 13 0.04542642 
1 598 626 346 0.044823542 
890 513 130 100 0.044515952 
499 299 60 47 0.04419946 
474 254 51 43 0.04351644 
179 379 28 25 0.043432392 
494 313 27 27 0.043422252 
569 326 100 91 0.043286838 
285 76 10 8 0.04290945 
506 258 30 28 0.04290457 
226 90 24 28 0.04285338 
301 85 7 7 0.04280381 
552 368 6 6 0.042501792 
243 131 25 33 0.04216849 
232 82 8 6 0.04176546 
300 273 6 6 0.04154364 
306 86 7 7 0.041437164 
68 100 141 81 0.040927958 
56 21 282 179 0.040362705 
534 282 53 50 0.040346034 
571 76 5 5 0.040138196 
450 185 75 42 0.03978996 
170 372 11 15 0.0396724 
309 74 6 5 0.039211154 
947 364 5 4 0.03914033 
576 23 314 165 0.03890943 
308 163 7 9 0.038829528 
209 366 11 12 0.03881412 
307 92 7 7 0.038794752 
484 182 31 23 0.038737867 
264 74 10 10 0.03864029 
164 371 25 30 0.038498305 
244 77 17 11 0.038469207 
305 101 12 13 0.03844626 
258 129 10 13 0.038304176 
600 230 8 9 0.038247522 
804 81 165 94 0.03782642 
224 156 53 54 0.037657145 
264 92 15 13 0.037542183 
356 114 137 95 0.037295613 
238 71 5 4 0.037275758 
238 75 6 5 0.03726347 
211 110 91 84 0.036529783 
257 86 27 23 0.036512464 
311 99 9 11 0.036354315 
257 171 6 7 0.036172245 
518 299 29 26 0.036140725 
568 418 29 29 0.036122456 
307 83 6 5 0.036117867 
739 210 164 101 0.036117535 
263 56 5 5 0.036003515 
549 48 110 85 0.035880703 
301 176 7 7 0.03569122 
295 169 6 7 0.035584405 
324 116 10 12 0.035351943 
-44 417 409 339 0.035046984 
242 74 9 7 0.03450975 
691 474 68 57 0.03450474 
516 315 29 25 0.034482922 
951 564 26 25 0.034432568 
519 331 60 44 0.034197062 
568 367 53 52 0.034190975 
654 390 230 175 0.034179028 
301 69 6 5 0.033968054 
473 227 60 43 0.03390407 
949 534 59 57 0.03388053 
752 379 15 19 0.03383113 
227 348 25 22 0.033754386 
257 163 6 7 0.03358375 
503 328 31 26 0.03356587 
246 184 40 44 0.033524465 
308 70 6 5 0.03351884 
313 89 4 5 0.033494733 
765 264 150 103 0.033459034 
740 380 8 9 0.033370186 
301 266 6 5 0.033250373 
274 125 10 12 0.03317734 
576 74 7 6 0.03311082 
315 265 9 8 0.033039715 
467 301 55 50 0.03302351 
731 389 24 30 0.03301005 
707 385 62 61 0.032984793 
279 82 12 10 0.03286343 
585 388 136 97 0.03277907 
472 325 29 26 0.032736626 
252 129 11 12 0.032620557 
247 342 11 12 0.03259698 
553 253 27 28 0.032567695 
502 298 28 29 0.032517575 
479 310 28 27 0.03247053 
226 372 13 9 0.03225156 
564 341 23 25 0.032205526 
746 56 34 23 0.03219541 
232 71 5 4 0.032181174 
263 63 5 4 0.032071993 
238 83 57 41 0.031917535 
222 375 34 22 0.03190965 
743 385 52 51 0.031638186 
301 261 7 7 0.03159918 
266 145 8 13 0.031529382 
704 -156 318 124 0.03143455 
556 355 8 8 0.03141294 
381 207 253 208 0.03138656 
254 333 10 10 0.0313233 
569 353 7 8 0.031280387 
674 42 143 88 0.031250875 
313 239 6 7 0.031131132 
488 84 101 74 0.030969234 
171 363 25 25 0.030962924 
287 271 7 8 0.030896945 
220 68 49 37 0.030849906 
275 70 8 7 0.030649042 
269 53 8 8 0.030576339 
549 64 6 5 0.030570531 
80 246 535 285 0.03048804 
557 280 26 27 0.030211428 
500 279 31 24 0.03020316 
500 87 57 40 0.030168436 
261 180 7 9 0.030148953 
688 433 65 56 0.030126687 
594 301 27 35 0.029937342 
296 305 5 4 0.029811563 
455 82 5 4 0.029806916 
297 165 5 6 0.029728485 
712 312 100 98 0.029682495 
748 56 8 5 0.029658718 
232 75 5 4 0.029600307 
231 93 10 9 0.029563028 
140 353 69 46 0.02952244 
244 70 6 5 0.029483609 
171 368 9 9 0.029470861 
944 364 4 4 0.029457295 
556 350 6 6 0.029429253 
262 172 23 27 0.029372381 
229 96 10 11 0.02930206 
516 364 113 84 0.029263591 
294 93 8 7 0.029254517 
289 159 21 25 0.029202994 
294 98 9 9 0.029055068 
626 416 25 26 0.029043704 
490 252 27 25 0.029003806 
258 57 5 4 0.02897234 
948 375 6 5 0.028965686 
300 233 5 7 0.028766384 
925 520 56 52 0.028748518 
236 147 88 89 0.02869629 
588 69 8 6 0.028687978 
249 66 48 36 0.028403345 
329 128 12 21 0.028397812 
245 126 13 15 0.02834567 
224 94 7 7 0.028332643 
266 187 12 13 0.028297275 
211 356 9 9 0.028284835 
262 162 6 9 0.028210942 
596 372 56 50 0.028204836 
617 356 4 6 0.028139794 
202 52 10 8 0.028108789 
751 435 11 15 0.02805162 
564 319 23 29 0.028048888 
551 363 6 6 0.028045291 
937 398 135 91 0.027998416 
137 80 28 20 0.027934868 
220 365 13 11 0.027930154 
562 293 24 30 0.027848152 
160 137 119 107 0.027798895 
302 232 4 4 0.027750779 
312 167 8 11 0.02773646 
438 126 127 83 0.027603554 
567 340 9 11 0.027580662 
251 56 5 4 0.027543347 
280 70 9 8 0.02754212 
250 42 4 5 0.027508827 
304 279 10 8 0.027400546 
262 170 6 8 0.027334373 
552 372 6 8 0.027207952 
481 31 6 5 0.027163109 
264 145 19 28 0.027129497 
300 244 8 8 0.027124042 
615 395 49 43 0.027115908 
955 568 7 7 0.027046865 
309 127 23 32 0.027037125 
568 -167 520 261 0.027036007 
307 273 7 6 0.027031042 
555 69 7 5 0.02702314 
583 74 7 5 0.027000267 
567 291 45 52 0.026992297 
204 344 55 37 0.026870476 
236 99 28 27 0.02683235 
309 254 19 19 0.026818782 
141 37 6 5 0.026782315 
494 216 25 24 0.026651284 
271 82 13 11 0.026632208 
755 366 8 9 0.026570456 
239 332 23 26 0.026532749 
253 191 4 6 0.026482634 
214 366 28 21 0.02641236 
561 74 8 7 0.026387358 
233 365 14 11 0.026228787 
455 86 53 39 0.02622133 
293 66 8 7 0.026200255 
735 412 26 32 0.026187086 
255 189 7 10 0.02614647 
487 201 114 96 0.025730109 
972 602 59 45 0.02566836 
568 349 7 9 0.025633737 
734 399 9 11 0.0254797 
535 365 26 25 0.025457535 
739 399 10 12 0.025456706 
247 111 34 30 0.025446067 
260 68 8 7 0.025414603 
132 37 7 6 0.025412695 
222 104 9 10 0.025412064 
762 465 46 46 0.025393441 
702 17 9 6 0.025385797 
192 61 7 6 0.025385106 
589 73 8 6 0.025383476 
175 382 15 17 0.025314715 
748 420 28 35 0.02530967 
766 408 25 39 0.025288042 
296 272 7 7 0.025255628 
230 36 5 5 0.025227305 
272 85 27 28 0.0252226 
373 322 54 50 0.02521587 
454 87 6 6 0.025204848 
177 359 10 10 0.025184562 
531 233 26 27 0.025169514 
730 27 9 7 0.025145024 
678 473 130 113 0.025143677 
738 383 11 13 0.025117787 
228 107 10 13 0.02508567 
948 359 4 3 0.02506794 
294 261 6 7 0.025048219 
252 51 4 4 0.02502879 
596 181 5 6 0.02500568 
308 259 9 9 0.024993256 
212 371 15 13 0.024969451 
745 348 24 28 0.024960497 
308 265 8 7 0.024953648 
556 360 8 8 0.024897026 
237 122 8 10 0.024852369 
742 460 12 14 0.024838619 
946 620 59 43 0.024789128 
297 102 24 22 0.024768382 
379 294 116 101 0.024675878 
565 349 6 7 0.024625434 
495 240 25 24 0.02456014 
269 182 9 11 0.024527352 
570 311 7 9 0.024511525 
211 98 24 24 0.024459008 
239 63 4 4 0.024436552 
484 209 58 40 0.024424056 
604 14 34 26 0.024423452 
302 77 22 25 0.024374045 
269 156 9 12 0.02432455 
610 341 4 8 0.024301816 
289 182 7 9 0.024296582 
250 62 6 5 0.024277464 
696 12 25 19 0.024207795 
275 60 7 7 0.024202835 
258 50 4 4 0.024197847 
319 255 6 6 0.02419688 
959 567 9 9 0.02417679 
326 113 7 8 0.024173168 
245 56 4 5 0.02417124 
771 386 13 15 0.024164565 
249 172 19 23 0.024134044 
549 67 7 6 0.0240086 
286 222 50 53 0.02398641 
252 201 4 6 0.023908352 
533 248 55 56 0.023868913 
165 378 12 17 0.023824368 
284 60 26 22 0.02380651 
571 85 138 99 0.023794523 
172 360 9 8 0.023788963 
287 67 8 7 0.023784513 
554 336 58 53 0.023773348 
955 365 5 4 0.02375039 
294 251 25 24 0.023739973 
551 355 7 7 0.023738591 
680 398 61 57 0.023721924 
604 342 5 7 0.023619575 
268 166 9 12 0.023616815 
496 380 273 162 0.023564842 
221 106 28 29 0.023558564 
267 121 13 13 0.02354389 
166 361 8 7 0.023487635 
704 541 57 50 0.02345003 
940 28 133 93 0.023377983 
227 379 16 11 0.02337209 
570 131 20 28 0.023344105 
449 88 6 5 0.023343718 
30 -167 317 117 0.02328841 
246 365 14 10 0.023260474 
893 604 128 73 0.023225682 
257 62 24 25 0.023196748 
214 105 10 9 0.023156678 
766 386 10 11 0.023146022 
314 236 5 5 0.023133283 
287 276 6 7 0.023130521 
750 62 6 5 0.023097236 
773 485 26 35 0.023096643 
551 351 7 6 0.023052394 
142 32 5 4 0.023022389 
873 64 4 3 0.023017442 
328 328 142 112 0.022956772 
257 62 5 5 0.02287114 
196 55 9 7 0.022870257 
196 365 12 14 0.022860393 
254 154 8 11 0.022830768 
406 169 10 7 0.022707416 
670 21 30 24 0.022682827 
948 370 5 5 0.022682603 
551 305 6 6 0.022606932 
505 231 9 9 0.022522677 
533 84 55 41 0.022514855 
484 139 59 41 0.02251481 
139 48 9 6 0.022499204 
590 317 5 7 0.022423327 
263 49 5 6 0.022420257 
749 36 7 5 0.022396348 
401 139 33 26 0.022393472 
307 298 9 7 0.022353968 
911 109 33 24 0.022313908 
760 37 8 5 0.022290556 
266 111 12 9 0.02228536 
221 109 11 11 0.022255402 
929 639 62 38 0.022232864 
262 209 5 6 0.022232292 
949 382 7 6 0.022229882 
193 57 7 5 0.022197368 
346 154 23 30 0.022192392 
562 68 7 6 0.022183193 
643 39 29 26 0.022181649 
315 229 5 6 0.022180185 
447 81 7 5 0.022175224 
276 332 5 6 0.022172213 
853 64 4 4 0.022145359 
772 380 10 12 0.0220931 
203 49 8 6 0.022088591 
434 55 9 8 0.022072513 
172 83 57 43 0.022046847 
305 253 9 8 0.022043057 
557 342 7 7 0.02204244 
141 44 8 5 0.022041965 
172 93 6 5 0.022033287 
753 373 12 13 0.02201294 
973 546 65 59 0.02199101 
936 249 5 4 0.02196798 
703 20 8 7 0.02196754 
622 356 4 6 0.021957532 
717 455 58 59 0.021944059 
783 396 11 14 0.02192936 
418 82 129 90 0.021910891 
238 85 14 11 0.021903854 
564 74 30 25 0.021889007 
865 94 7 5 0.02188804 
746 382 12 14 0.021837886 
298 67 24 21 0.021819014 
955 78 4 3 0.021815438 
241 360 29 21 0.02179349 
950 393 34 25 0.021774758 
245 25 99 88 0.021762535 
335 111 5 6 0.02174401 
268 157 23 31 0.021688664 
314 80 6 5 0.021677662 
167 368 8 8 0.021666924 
704 60 5 6 0.021655818 
687 69 6 5 0.021631034 
283 254 5 6 0.021528056 
186 66 7 7 0.02151855 
135 32 5 4 0.021517681 
536 146 50 42 0.02145993 
312 74 7 6 0.021453723 
744 409 12 14 0.021441825 
22 147 239 223 0.021419998 
163 63 110 88 0.021411527 
547 375 6 6 0.021407489 
359 344 57 53 0.02137994 
558 333 20 23 0.021378445 
234 101 10 13 0.021312268 
936 263 4 3 0.02130376 
590 63 6 5 0.021291722 
592 324 4 7 0.021284174 
572 303 6 8 0.021281304 
555 373 7 10 0.021259572 
755 457 11 15 0.021240216 
463 339 31 28 0.02123159 
459 242 24 24 0.021209119 
189 367 12 12 0.021191575 
936 253 4 4 0.021182597 
301 93 7 6 0.021181757 
309 231 4 4 0.021133615 
143 24 5 4 0.02110465 
565 312 5 6 0.021100653 
929 256 4 3 0.021088189 
150 85 12 9 0.021074716 
253 195 4 7 0.02107148 
284 141 43 47 0.021068992 
204 371 11 12 0.021060614 
129 56 6 4 0.021043476 
622 342 5 7 0.021030227 
539 340 29 23 0.020990191 
617 363 5 7 0.020985262 
557 61 7 7 0.020971544 
753 54 10 7 0.020962825 
474 244 24 28 0.020946758 
497 232 10 8 0.020939533 
171 141 66 48 0.02093784 
223 61 25 26 0.02088446 
240 102 215 195 0.02084539 
289 170 6 8 0.020840703 
-1 560 254 161 0.020815317 
473 192 31 27 0.020812184 
696 164 165 110 0.020811446 
271 171 13 13 0.020757264 
260 343 9 8 0.020736901 
164 327 62 51 0.020729437 
635 382 5 5 0.020648457 
957 574 13 13 0.020638809 
436 51 5 4 0.020622592 
543 305 8 6 0.020621322 
242 112 10 12 0.020616265 
532 306 29 25 0.020602312 
754 360 9 11 0.02059241 
521 321 11 9 0.020583821 
521 315 11 10 0.020572478 
279 140 24 30 0.020560397 
315 247 5 5 0.020553345 
295 267 5 5 0.02053798 
301 160 19 23 0.020506825 
409 176 7 6 0.020486614 
194 377 13 13 0.020469252 
298 232 4 4 0.020467052 
557 304 6 5 0.020425646 
289 287 5 5 0.020408945 
292 62 9 7 0.02040709 
999 137 7 7 0.02040536 
741 36 8 6 0.020399762 
859 64 4 3 0.020351414 
312 271 9 6 0.020330088 
193 50 7 5 0.02031904 
312 273 105 96 0.020307949 
558 55 26 23 0.020273801 
288 156 5 7 0.020239906 
699 61 6 6 0.020190634 
501 256 13 13 0.020183474 
691 68 7 7 0.020175679 
274 55 49 43 0.020153442 
542 236 27 32 0.02013224 
193 144 36 26 0.020129483 
761 42 8 6 0.020129407 
547 357 22 25 0.020118454 
943 370 5 5 0.02011651 
479 226 24 22 0.020112341 
955 357 5 5 0.020110767 
287 91 9 8 0.020080464 
490 191 13 10 0.020054154 
290 175 7 9 0.020053087 
251 168 7 8 0.02005032 
583 324 24 29 0.020021543 
604 313 5 6 0.020002171 
565 209 4 4 0.020000763 
