47_Matador_Bullfighter_Matador_Bullfighter_47_636
1049
92 97 113 71 0.7392172 
142 233 33 34 0.40750808 
209 245 119 108 0.27038836 
187 161 31 28 0.24489869 
362 369 23 25 0.21764928 
-76 -55 435 339 0.205061 
402 404 33 28 0.17458874 
89 107 577 315 0.17168778 
137 113 42 35 0.15825267 
619 80 8 7 0.14892797 
305 450 29 28 0.14508772 
763 498 36 27 0.14333673 
142 105 31 25 0.14234543 
576 95 5 6 0.14226417 
215 -145 530 332 0.1287619 
662 580 48 39 0.12289417 
38 43 209 153 0.119450994 
200 196 103 105 0.11599496 
592 85 4 4 0.11021845 
589 87 6 6 0.1100684 
614 88 9 8 0.10830395 
596 225 45 43 0.104645416 
494 -191 617 329 0.10084282 
636 265 13 17 0.09926449 
602 89 5 5 0.09890799 
86 230 28 29 0.096628785 
619 87 10 10 0.09469183 
570 93 5 6 0.09424238 
588 100 8 8 0.09411257 
191 159 234 220 0.09150905 
612 74 508 354 0.088874064 
570 91 4 4 0.08854563 
93 137 102 81 0.08679037 
511 511 593 357 0.08616484 
645 226 9 10 0.08582981 
84 586 21 19 0.08523794 
355 179 464 327 0.08435564 
494 304 570 346 0.08293621 
120 172 28 25 0.08166404 
505 41 8 9 0.079913534 
595 88 5 5 0.07969649 
149 128 38 31 0.07843857 
567 100 7 7 0.07837362 
594 94 6 6 0.078369044 
151 104 12 12 0.07799613 
586 90 4 4 0.07611112 
621 101 8 8 0.07342308 
640 96 7 5 0.073262565 
177 565 620 329 0.0723571 
585 94 4 5 0.07179532 
974 339 30 34 0.07134149 
595 85 4 4 0.07092858 
124 226 79 76 0.07064924 
287 390 100 87 0.070587434 
656 305 17 30 0.06954827 
602 93 6 7 0.069341026 
552 4 51 42 0.0684482 
506 37 7 8 0.0675179 
3 140 128 113 0.06709499 
118 157 58 43 0.06707773 
172 175 91 87 0.06665876 
610 88 5 7 0.066381685 
733 -176 296 126 0.06576075 
427 48 120 73 0.06557684 
641 215 7 7 0.06390245 
339 558 9 10 0.06360473 
210 268 70 52 0.06327871 
592 78 3 3 0.06302483 
122 271 57 56 0.062262613 
501 49 7 7 0.06195211 
638 259 9 12 0.06134301 
246 324 119 115 0.06123042 
589 253 30 27 0.060526736 
378 501 127 94 0.060479794 
340 358 54 43 0.06020061 
380 14 22 29 0.05999583 
503 46 10 10 0.05953523 
628 92 7 8 0.059478626 
498 61 9 8 0.059154466 
566 95 5 5 0.05851744 
654 97 5 4 0.058454406 
202 132 30 25 0.057697292 
607 113 8 10 0.057605177 
436 209 255 173 0.0573436 
230 296 36 31 0.057032354 
508 47 11 11 0.056885015 
182 170 53 41 0.05670686 
967 422 32 30 0.056496754 
513 5 54 42 0.056381714 
203 202 30 27 0.055944253 
-100 351 520 336 0.05581363 
609 94 6 6 0.055807374 
590 495 7 7 0.055596355 
41 133 243 174 0.055567972 
971 421 73 100 0.055260643 
498 40 23 21 0.05484406 
212 189 30 28 0.054705516 
117 302 10 13 0.054660387 
451 74 33 27 0.054316584 
351 320 114 99 0.05396245 
490 54 28 22 0.05377074 
654 100 5 6 0.05366637 
590 93 6 7 0.053632595 
553 209 90 76 0.05359681 
369 28 50 49 0.053013004 
1001 444 25 38 0.052969072 
369 53 225 139 0.05252077 
576 99 5 7 0.05250926 
141 127 108 81 0.052351743 
219 137 13 10 0.052242238 
551 90 7 5 0.05186134 
231 224 5 4 0.051853478 
115 114 41 28 0.051774256 
615 101 7 8 0.05157678 
329 556 53 42 0.051350016 
175 219 52 52 0.05120135 
270 116 29 28 0.05107634 
509 55 13 11 0.05102026 
222 171 29 28 0.050933063 
535 239 62 46 0.050843555 
959 338 100 95 0.05073924 
369 547 8 7 0.05068703 
401 203 122 99 0.0505909 
209 235 28 31 0.05045862 
585 78 3 4 0.04976328 
606 106 7 9 0.049698405 
610 83 5 4 0.049629368 
616 86 20 19 0.049624354 
999 332 22 26 0.0494491 
600 462 9 11 0.049432557 
946 242 115 103 0.049308237 
633 265 9 14 0.04925246 
633 95 6 7 0.04913982 
959 404 33 34 0.049108498 
27 -184 325 148 0.04893042 
153 95 29 23 0.048336916 
556 95 6 5 0.048264835 
235 135 51 51 0.048245803 
567 91 4 4 0.04819336 
150 66 139 103 0.04812902 
502 61 11 8 0.047929525 
592 99 8 8 0.04788517 
624 89 9 8 0.047853447 
523 21 11 11 0.04745572 
999 586 6 7 0.04726193 
646 258 7 9 0.04693383 
447 6 112 83 0.046805203 
353 353 13 14 0.046768006 
934 246 58 57 0.046679094 
627 113 8 8 0.04661968 
627 100 7 7 0.046478968 
73 535 122 95 0.04641924 
127 228 9 9 0.04628908 
517 43 10 10 0.04604403 
351 -2 97 72 0.045946125 
654 240 6 7 0.04592717 
648 96 4 4 0.045825336 
453 291 113 95 0.045164485 
512 30 8 9 0.044944845 
619 112 8 7 0.04493493 
210 133 8 6 0.044816658 
215 138 9 8 0.044729155 
357 115 104 69 0.044719517 
356 553 12 11 0.044515904 
602 100 7 8 0.04447559 
634 100 5 5 0.044469163 
498 535 32 26 0.044360597 
641 222 6 7 0.04398393 
633 113 6 7 0.043973185 
647 121 5 6 0.043817222 
219 269 33 30 0.043717526 
646 247 7 7 0.04353737 
102 131 28 31 0.04340731 
509 0 26 23 0.04328044 
348 553 22 21 0.043210562 
640 233 8 9 0.043171957 
115 604 55 36 0.0430839 
619 119 7 8 0.043016195 
643 126 5 5 0.04290268 
484 41 27 25 0.042741623 
995 422 24 36 0.042711835 
648 554 6 7 0.042578015 
641 109 5 5 0.042431176 
157 197 32 29 0.042394105 
226 223 5 5 0.042377945 
530 242 109 100 0.042281576 
683 521 10 10 0.042263784 
115 229 5 6 0.04213676 
293 174 54 44 0.042078298 
119 112 12 9 0.04206797 
136 92 25 28 0.04204866 
598 79 3 3 0.04202508 
604 84 4 4 0.041779492 
346 572 61 49 0.041753788 
218 152 31 31 0.041745007 
916 114 115 103 0.041710306 
653 594 8 9 0.041638553 
398 280 105 101 0.04160503 
556 90 6 5 0.041555088 
968 342 15 16 0.041478194 
600 516 8 9 0.041471355 
343 477 108 92 0.04146039 
330 167 124 88 0.041286744 
73 244 114 102 0.041226808 
439 229 49 41 0.04091091 
274 119 11 12 0.040879544 
386 48 50 47 0.040856026 
212 214 27 28 0.040848967 
119 119 12 9 0.040839504 
496 68 10 8 0.040762827 
647 126 5 6 0.040719632 
585 85 4 3 0.04067821 
211 139 8 7 0.040657155 
661 97 4 3 0.040394623 
617 78 4 5 0.040390324 
319 157 49 47 0.040383894 
512 35 24 24 0.040226985 
584 100 6 7 0.04020225 
197 125 64 47 0.040031027 
637 556 22 27 0.039935008 
248 105 26 27 0.03976457 
801 173 117 99 0.039637882 
541 0 90 86 0.03954349 
448 312 60 56 0.039526742 
514 60 11 9 0.039469376 
209 142 94 93 0.03935852 
608 100 6 8 0.039319135 
648 92 5 4 0.039269168 
368 554 12 12 0.03911151 
396 571 10 10 0.039105445 
625 335 130 90 0.039084975 
608 201 43 53 0.039070737 
640 241 8 10 0.03900847 
282 446 52 52 0.03896107 
418 385 112 89 0.0388179 
202 279 29 32 0.03875826 
628 119 7 9 0.03874076 
343 560 10 9 0.038704798 
496 332 52 51 0.03868967 
651 290 8 10 0.038617495 
417 459 125 95 0.038584467 
314 425 106 93 0.038526043 
149 177 32 27 0.038525157 
644 557 83 75 0.038475364 
374 3 26 24 0.038450427 
423 60 55 45 0.038405903 
636 108 5 6 0.03834349 
429 331 113 98 0.03830968 
216 135 8 5 0.038272686 
577 91 4 3 0.038055517 
671 260 6 6 0.037838366 
129 198 23 22 0.0376832 
658 303 10 15 0.03764053 
210 144 8 7 0.03762445 
739 477 94 81 0.037500486 
612 79 3 4 0.037481196 
504 26 21 24 0.037463292 
651 235 7 8 0.03737597 
159 109 33 26 0.037367683 
380 3 14 13 0.037259992 
460 81 11 9 0.037221093 
642 91 5 4 0.03713338 
569 607 32 28 0.03709376 
463 39 63 44 0.03708702 
418 506 5 4 0.03702642 
148 249 96 90 0.036997497 
642 114 4 5 0.036941122 
224 218 6 5 0.03693487 
528 11 13 10 0.036854494 
512 23 7 8 0.036822923 
193 215 28 32 0.03682202 
601 498 7 6 0.03680743 
550 92 8 8 0.03677171 
204 132 8 7 0.036685158 
649 101 5 4 0.03662062 
114 98 31 27 0.03660674 
494 50 7 7 0.036596637 
614 113 7 8 0.036522314 
179 143 34 36 0.03649224 
636 216 20 21 0.036463927 
134 285 6 8 0.036309116 
502 50 27 21 0.036241997 
517 266 27 29 0.036151625 
366 553 27 25 0.0361429 
652 253 6 7 0.03613428 
127 297 7 8 0.036131356 
94 223 51 49 0.036011964 
275 126 14 14 0.035963796 
633 89 5 5 0.035876036 
652 248 6 7 0.035642505 
494 56 8 8 0.035538256 
643 121 5 6 0.035523392 
310 571 57 45 0.03537041 
218 140 27 26 0.035361543 
250 457 59 50 0.035350792 
213 230 6 6 0.03532337 
248 525 54 44 0.03522348 
354 44 99 86 0.035184126 
127 293 8 8 0.03515109 
258 144 12 10 0.035126008 
127 226 23 22 0.035106428 
975 188 58 61 0.03501655 
616 81 7 6 0.03501498 
503 55 11 10 0.0349182 
997 172 26 31 0.03489134 
227 146 9 7 0.034807958 
154 109 14 14 0.03473146 
445 3 54 42 0.0347236 
388 108 55 44 0.03466884 
32 412 226 172 0.034618307 
435 525 24 24 0.034615688 
654 92 4 3 0.034583177 
117 234 25 26 0.034560576 
412 394 13 10 0.034543652 
99 111 12 11 0.034536622 
995 372 24 34 0.034479003 
272 496 56 46 0.03446659 
611 597 47 42 0.03442983 
251 199 30 43 0.03442828 
600 522 7 7 0.034412187 
793 379 35 23 0.034405533 
574 566 9 8 0.034365777 
988 403 20 31 0.034333263 
599 503 8 7 0.034277286 
-5 526 416 413 0.034217138 
131 209 14 14 0.034203954 
462 67 36 27 0.0341658 
287 550 115 81 0.034134265 
933 362 53 55 0.034120914 
123 235 5 6 0.034085423 
646 241 8 8 0.03402699 
231 219 5 4 0.03395063 
215 35 109 88 0.033933725 
113 118 11 9 0.03388844 
307 137 50 47 0.03383337 
516 34 9 9 0.0338041 
557 101 5 5 0.033799957 
455 3 27 23 0.033769287 
335 554 20 19 0.033744 
135 112 15 11 0.033710256 
315 -52 268 164 0.033688817 
502 38 4 5 0.033651195 
537 268 8 9 0.03363605 
254 115 59 54 0.03363106 
216 145 8 7 0.033610642 
620 240 42 43 0.033565342 
56 188 107 94 0.03346409 
598 485 97 93 0.033455163 
975 359 32 36 0.03338765 
512 17 7 8 0.033384625 
490 300 53 53 0.033378568 
365 141 33 31 0.033289712 
604 78 3 4 0.033281595 
811 207 52 47 0.033181574 
640 152 5 7 0.033177797 
569 567 8 7 0.03309112 
159 94 9 9 0.033079974 
222 242 8 8 0.033075485 
648 108 5 6 0.033056315 
118 104 13 12 0.032961693 
956 342 25 31 0.03296157 
585 39 125 95 0.032951057 
575 562 9 7 0.03290435 
645 270 129 104 0.032777414 
625 105 8 8 0.032753564 
880 188 119 116 0.03268191 
98 141 14 17 0.032676827 
885 256 123 108 0.032597743 
659 279 6 6 0.03251589 
136 575 53 43 0.03244315 
367 429 125 89 0.032432154 
633 260 8 10 0.032401633 
-9 78 117 118 0.03234595 
87 232 11 12 0.03233709 
121 222 7 7 0.032277122 
92 241 14 15 0.03225247 
310 456 52 48 0.032155048 
247 290 33 32 0.03214684 
591 105 9 10 0.032124404 
631 231 9 11 0.032093633 
702 -10 64 32 0.032059208 
156 99 12 12 0.032044973 
253 111 11 12 0.031994056 
844 374 118 97 0.031993173 
625 589 26 25 0.03198093 
251 108 6 6 0.03192358 
221 144 11 10 0.031917382 
99 116 35 28 0.031875923 
728 502 8 8 0.031875495 
657 240 7 7 0.031869672 
405 506 60 47 0.031856563 
640 100 6 5 0.031830303 
648 113 5 7 0.031782985 
279 161 108 81 0.0317341 
643 560 10 11 0.031724498 
221 134 10 7 0.03146392 
606 273 8 8 0.031413842 
391 567 22 22 0.031408895 
251 113 7 7 0.031383254 
657 518 57 50 0.03133857 
496 277 21 27 0.031304657 
94 119 9 8 0.031126872 
119 591 9 8 0.031115038 
365 526 9 9 0.031109273 
126 242 8 8 0.031106053 
308 281 125 108 0.031063605 
117 141 28 32 0.03105901 
652 548 6 7 0.031040175 
974 447 32 33 0.031010846 
616 105 8 9 0.031002104 
389 -8 49 37 0.030975373 
635 85 4 4 0.030947503 
652 536 9 8 0.030912528 
218 247 34 30 0.030902117 
163 98 12 12 0.030896649 
476 539 58 49 0.030893672 
219 229 5 6 0.030859843 
558 272 30 30 0.030814376 
485 54 10 9 0.030741565 
948 275 61 55 0.030733902 
342 533 116 82 0.030703323 
331 494 52 50 0.030691259 
94 220 9 9 0.030691143 
204 137 9 8 0.030659994 
290 514 51 42 0.030646253 
212 235 7 9 0.030560948 
568 315 7 10 0.030541511 
568 105 7 7 0.03053844 
648 608 6 6 0.030496161 
804 348 20 25 0.030495794 
937 384 95 92 0.030493893 
269 99 30 30 0.03045716 
612 285 10 15 0.030415773 
410 -1 50 38 0.030398741 
116 222 7 8 0.030285161 
354 366 12 13 0.030280676 
317 189 58 45 0.03025197 
415 82 58 48 0.030239861 
218 237 6 7 0.03020144 
170 207 34 30 0.03018216 
615 272 6 7 0.030147217 
433 537 113 85 0.030109989 
332 78 85 93 0.030049866 
623 89 79 94 0.030009245 
247 152 7 8 0.029956099 
648 549 6 7 0.029934743 
675 579 13 13 0.029866612 
269 419 7 7 0.029804517 
621 272 6 8 0.029804116 
136 80 68 54 0.029794687 
105 117 12 10 0.02972481 
507 31 5 6 0.029711789 
612 504 10 8 0.029711446 
153 95 9 10 0.029705523 
954 169 54 49 0.029704781 
362 600 57 44 0.029692605 
270 112 95 84 0.02968352 
640 499 124 102 0.029639138 
93 124 11 9 0.029600583 
586 355 8 14 0.029571278 
1003 421 9 17 0.029528083 
576 294 23 30 0.029505968 
183 197 33 31 0.029466845 
558 589 54 40 0.029449282 
227 139 9 7 0.02940289 
254 86 60 51 0.029330729 
136 268 5 6 0.029258227 
627 83 5 5 0.029242508 
681 545 14 11 0.02923973 
501 44 6 5 0.029217811 
507 281 51 51 0.029203199 
607 497 7 7 0.029188668 
516 9 10 10 0.029172119 
648 132 5 8 0.029117752 
614 256 27 28 0.029115416 
544 84 6 5 0.029092448 
668 260 6 7 0.029024566 
640 139 5 7 0.02899824 
965 242 59 58 0.028914843 
520 309 51 53 0.028911954 
653 607 5 5 0.028906604 
58 220 23 24 0.028873691 
391 15 28 28 0.028854145 
133 270 24 28 0.028824538 
391 60 7 9 0.028815657 
28 3 122 117 0.028813863 
372 369 12 12 0.028797414 
838 172 56 52 0.028790519 
192 126 26 22 0.028786302 
242 269 26 24 0.028766744 
640 134 5 6 0.02876045 
46 611 128 88 0.028733125 
128 210 27 25 0.028725086 
595 523 8 8 0.028708396 
659 236 6 7 0.028680818 
593 268 22 29 0.028651714 
408 34 57 45 0.028605746 
932 294 106 98 0.02851265 
219 223 5 6 0.02847979 
397 216 59 47 0.028445056 
993 349 27 37 0.028383123 
219 85 57 47 0.028348781 
568 230 32 31 0.02833802 
114 220 22 24 0.028277772 
549 311 99 133 0.028187046 
-7 262 130 110 0.028060205 
820 178 7 6 0.028044248 
552 406 7 8 0.02804237 
674 267 5 6 0.028039236 
241 132 23 24 0.028020699 
917 209 63 60 0.028018946 
210 121 8 6 0.027882766 
945 82 107 86 0.027836703 
464 252 10 12 0.027825775 
539 280 55 59 0.027820516 
530 35 8 9 0.027819524 
570 231 14 13 0.027782327 
220 485 114 87 0.027761279 
999 582 6 6 0.027749747 
254 132 27 26 0.02770133 
627 77 5 5 0.027697392 
209 293 33 35 0.02768429 
187 111 25 23 0.027680608 
243 132 7 6 0.027672186 
333 561 8 7 0.027621903 
651 119 8 9 0.027587272 
149 312 5 7 0.0275785 
518 12 25 25 0.027560834 
107 234 7 9 0.027551353 
85 216 25 26 0.02752181 
301 86 25 29 0.027516961 
434 92 29 27 0.02747231 
284 434 5 6 0.027469901 
633 143 8 8 0.027460795 
389 370 7 7 0.02744553 
255 156 59 56 0.027413854 
639 144 6 8 0.02736359 
440 23 25 31 0.027287902 
577 139 246 234 0.027208228 
550 101 6 6 0.027200844 
492 -15 100 76 0.027196612 
238 132 5 6 0.027185546 
574 291 10 10 0.027160939 
660 550 7 7 0.027150864 
603 279 20 30 0.02713954 
532 260 26 27 0.027132595 
661 101 5 6 0.027107695 
546 89 6 5 0.027059685 
123 229 6 7 0.027047485 
605 108 23 25 0.027041065 
153 584 119 81 0.02703889 
464 228 55 47 0.027013442 
359 314 61 56 0.026997682 
747 504 11 10 0.02699412 
154 112 73 50 0.026985245 
519 47 13 12 0.026980491 
657 593 9 9 0.026947249 
591 112 9 13 0.026938085 
280 118 12 12 0.026903385 
229 241 9 9 0.026894253 
132 232 10 9 0.026890835 
1003 586 9 9 0.02688603 
42 386 144 99 0.026883962 
469 289 48 49 0.026874691 
658 287 7 8 0.02685932 
123 123 14 11 0.026857277 
726 516 10 10 0.026830781 
257 114 12 13 0.026805388 
567 259 32 31 0.026775904 
116 299 7 8 0.026755558 
1008 353 26 41 0.026710361 
649 146 5 7 0.026708242 
50 322 124 100 0.026702093 
173 162 28 30 0.026668755 
344 565 10 9 0.02664965 
241 145 10 8 0.026600366 
130 218 12 13 0.026540685 
342 353 11 10 0.02652565 
502 32 4 4 0.026500503 
94 235 11 12 0.026463503 
114 370 60 50 0.02644648 
570 554 10 8 0.026384944 
613 267 8 8 0.026376493 
581 289 10 12 0.026360018 
244 129 5 5 0.026356002 
528 27 11 11 0.026343338 
215 248 13 16 0.026334498 
521 62 9 7 0.026288262 
482 65 31 22 0.026276559 
667 97 4 4 0.026200728 
506 246 50 46 0.026176529 
915 389 56 51 0.02617546 
376 542 8 6 0.026112633 
413 147 139 108 0.026107576 
130 268 5 6 0.026083095 
-1 -200 77 183 0.026081692 
236 159 6 6 0.026041504 
237 140 6 5 0.02603068 
551 85 6 4 0.025975205 
518 17 8 8 0.025962142 
164 139 30 30 0.02593057 
112 112 11 9 0.025912276 
236 161 29 32 0.025861325 
125 85 24 31 0.025825838 
594 283 19 32 0.025813658 
467 -1 28 18 0.025783593 
570 283 24 26 0.025777617 
131 457 143 93 0.025776561 
495 44 6 6 0.025773307 
575 571 58 47 0.025753113 
264 540 25 23 0.025749413 
619 184 93 93 0.025739998 
191 248 27 32 0.02570628 
258 150 7 8 0.025684115 
143 81 26 27 0.025676504 
886 710 56 48 0.025665961 
115 236 6 8 0.025662683 
947 548 8 10 0.025642445 
485 277 46 43 0.025631921 
998 392 7 10 0.025611244 
-1 616 66 191 0.025599305 
479 286 6 8 0.02556974 
606 266 9 9 0.0254938 
636 133 5 6 0.025462925 
112 105 12 10 0.025458843 
632 535 52 47 0.025446765 
588 225 30 28 0.025420213 
298 342 61 51 0.025409093 
161 90 6 5 0.025381347 
664 549 8 8 0.02533992 
514 67 11 8 0.025335973 
522 8 11 11 0.025284361 
81 131 10 10 0.025268791 
671 298 8 11 0.025243022 
153 310 103 105 0.02524042 
504 352 105 111 0.025217846 
835 200 60 54 0.025152849 
254 106 9 9 0.025142632 
100 118 11 9 0.02513093 
502 66 12 9 0.02510733 
336 71 53 52 0.025100494 
351 555 10 9 0.025093138 
94 146 24 29 0.025090909 
633 273 9 16 0.025040418 
532 13 14 13 0.025035564 
966 302 27 30 0.025003983 
387 27 12 17 0.024996812 
492 74 10 8 0.024991877 
958 540 103 86 0.024963712 
578 346 9 13 0.024962284 
501 214 56 48 0.024926089 
592 73 3 4 0.024902979 
569 287 7 8 0.024894953 
149 306 5 6 0.024887023 
344 350 9 8 0.02486201 
228 112 9 8 0.024849223 
403 55 25 28 0.02483828 
746 200 129 100 0.024788361 
118 326 59 59 0.02477382 
250 146 24 26 0.024773484 
138 281 29 31 0.024762783 
116 278 23 25 0.024752587 
586 293 11 15 0.02474992 
680 379 65 45 0.024728537 
83 135 9 13 0.02472338 
360 355 10 11 0.024720166 
218 337 28 31 0.024719585 
485 62 11 9 0.024699 
88 283 54 54 0.024597479 
92 129 13 13 0.024574848 
658 599 7 7 0.024570199 
647 151 6 8 0.024541892 
382 51 26 32 0.024531914 
647 254 6 7 0.024494052 
249 141 6 5 0.02449364 
164 226 31 36 0.024486365 
648 285 7 10 0.024486126 
315 535 57 44 0.024474915 
413 26 26 26 0.024469528 
211 152 7 6 0.024467532 
117 254 7 8 0.024461158 
667 268 5 6 0.024443503 
652 260 6 7 0.024410153 
545 95 7 6 0.024404738 
417 242 47 43 0.024362354 
623 267 21 31 0.024355682 
650 111 9 9 0.024351696 
142 281 5 7 0.02432263 
669 559 9 9 0.02428004 
628 145 7 7 0.024258073 
241 150 9 9 0.02424939 
345 555 9 8 0.024243105 
569 307 20 27 0.024229918 
633 126 6 6 0.024215546 
528 2 11 10 0.024209583 
592 373 8 11 0.024196383 
702 511 133 92 0.024195898 
246 115 4 4 0.02415383 
336 169 54 51 0.024148839 
714 521 53 46 0.02412039 
100 214 9 9 0.024108473 
606 529 6 7 0.024046144 
225 252 15 14 0.024044018 
337 563 11 10 0.024019191 
582 334 6 10 0.024016598 
260 124 10 10 0.024010785 
661 91 4 4 0.024008295 
555 406 7 10 0.023985729 
273 112 11 11 0.023963764 
876 316 56 43 0.023957241 
828 427 127 104 0.023933418 
113 293 21 23 0.023933014 
998 579 27 26 0.02392477 
218 216 7 6 0.023916855 
535 75 25 23 0.02389199 
683 563 29 25 0.023876669 
363 535 55 46 0.023873111 
517 463 55 56 0.023846794 
112 123 13 11 0.02384363 
573 251 60 54 0.023779636 
120 265 25 25 0.023721255 
634 139 6 8 0.02369267 
626 522 10 10 0.023687862 
368 44 28 27 0.02367765 
225 229 5 6 0.023618365 
628 271 7 11 0.023595195 
672 254 23 30 0.023590475 
123 293 5 6 0.023587808 
122 298 7 9 0.023571623 
997 418 11 17 0.023558995 
633 221 7 8 0.023537131 
216 240 8 11 0.02349673 
643 224 20 22 0.023484174 
550 107 6 6 0.023471465 
417 63 20 25 0.023451407 
824 179 7 6 0.02344203 
549 75 7 6 0.023433244 
482 231 103 90 0.023432145 
770 460 26 23 0.023394307 
501 279 12 13 0.023390615 
649 113 116 114 0.02337894 
912 285 63 56 0.02336512 
467 80 16 11 0.023358159 
767 479 8 6 0.023357144 
663 -31 128 68 0.023355668 
244 487 57 47 0.023353098 
613 498 7 6 0.023334365 
267 140 9 8 0.02331982 
520 2 13 10 0.023311773 
666 340 63 51 0.023302596 
336 464 54 48 0.023296123 
247 275 13 12 0.023293432 
454 81 10 9 0.023292955 
279 375 54 57 0.023291973 
711 496 56 45 0.023238927 
295 438 25 32 0.02322367 
66 230 11 12 0.02317596 
369 355 10 9 0.023172533 
665 226 7 9 0.02314898 
579 85 3 3 0.023145266 
968 323 27 30 0.023121573 
683 577 34 22 0.023104655 
244 165 6 6 0.023090942 
176 144 9 9 0.023074394 
613 118 8 10 0.02307076 
452 91 12 11 0.023046004 
536 607 11 9 0.023036148 
486 68 9 8 0.023026576 
675 539 25 20 0.023000406 
122 265 545 373 0.022997214 
989 457 9 12 0.022982167 
992 399 48 67 0.022977583 
120 561 8 7 0.022962227 
355 236 29 27 0.02295026 
641 119 23 29 0.02294192 
81 230 11 11 0.022940382 
639 339 8 12 0.022935819 
613 523 8 8 0.022918744 
390 374 7 8 0.022867944 
557 108 5 5 0.022867786 
410 375 9 9 0.022845369 
113 240 8 10 0.022818696 
650 222 7 7 0.022809202 
584 105 6 7 0.022803226 
128 237 25 28 0.022799497 
448 580 133 84 0.022792539 
986 578 49 52 0.022791015 
661 227 7 8 0.022763528 
472 253 6 8 0.022741972 
586 92 20 22 0.022721548 
227 246 12 11 0.022720404 
652 542 7 8 0.022654293 
320 562 7 6 0.022643507 
529 271 9 10 0.022635961 
582 496 7 7 0.022630928 
381 131 41 27 0.022630043 
236 254 28 28 0.022622049 
140 285 7 8 0.022595573 
252 307 30 31 0.02251247 
870 201 7 7 0.022504264 
86 227 10 10 0.022497758 
87 110 23 23 0.022490546 
641 553 7 8 0.022484496 
194 325 46 52 0.022455305 
634 158 6 7 0.022455042 
495 38 5 5 0.022449827 
362 16 30 30 0.022421386 
150 293 53 57 0.022419233 
248 157 7 7 0.022411197 
259 269 31 35 0.022377353 
730 0 16 8 0.02236866 
772 173 57 56 0.022358563 
238 225 4 4 0.022351904 
688 506 54 49 0.022332998 
644 210 8 8 0.022329783 
654 309 54 50 0.022326695 
527 276 24 29 0.022320492 
35 209 53 51 0.022311082 
570 562 8 7 0.022306256 
218 115 8 6 0.022298034 
993 267 5 6 0.02229773 
230 229 5 6 0.022294823 
362 192 62 47 0.022294262 
648 138 5 8 0.022284834 
123 288 5 6 0.022284025 
289 440 4 6 0.022254841 
646 524 7 7 0.022247527 
207 496 68 46 0.022239422 
260 550 56 53 0.022218995 
428 200 59 46 0.022209875 
539 84 6 5 0.02219384 
582 422 134 111 0.022190042 
571 612 61 41 0.02215292 
630 528 10 10 0.022136047 
994 334 13 15 0.022123942 
629 265 7 9 0.022117715 
428 292 7 10 0.022114232 
177 260 28 32 0.022105673 
86 117 10 10 0.022082746 
765 485 12 10 0.022059035 
835 296 123 93 0.022050148 
284 196 139 94 0.022016367 
141 255 27 32 0.022010462 
142 199 11 12 0.021996416 
607 393 7 8 0.02198378 
167 123 31 27 0.021979753 
658 291 7 9 0.021943647 
423 549 6 6 0.021924483 
110 230 6 6 0.021904906 
734 504 8 7 0.021893295 
651 216 7 7 0.021890122 
601 283 7 12 0.021889126 
431 64 26 28 0.021884045 
562 222 25 26 0.02187734 
365 543 8 7 0.02187694 
473 -2 56 44 0.02186055 
652 615 6 5 0.021813076 
865 210 58 53 0.02179788 
154 305 6 8 0.021793744 
99 124 11 10 0.021789901 
96 215 8 7 0.021787502 
441 243 6 6 0.021786453 
131 143 32 28 0.02178162 
210 128 8 6 0.02177017 
96 105 28 23 0.021765351 
449 250 6 6 0.021761334 
400 568 10 9 0.021760728 
391 66 7 9 0.021743024 
705 3 15 9 0.021740835 
196 41 279 191 0.02172055 
49 625 273 180 0.02171598 
105 123 13 12 0.021681735 
664 591 10 11 0.021673474 
628 125 6 7 0.02166386 
635 151 6 8 0.021663852 
389 79 23 26 0.021660851 
95 112 9 10 0.02164428 
211 222 7 7 0.021643091 
1008 351 13 15 0.021640606 
641 84 5 4 0.021627393 
313 103 47 52 0.02162703 
429 550 7 6 0.021602653 
667 246 6 8 0.021601511 
575 535 9 7 0.021581808 
133 289 7 9 0.021579474 
101 236 9 9 0.021566056 
422 -5 25 20 0.021551743 
812 172 8 7 0.021525033 
562 554 7 8 0.021522945 
146 88 8 9 0.021516116 
566 228 12 12 0.021480791 
155 90 6 6 0.021478347 
169 184 29 27 0.021470146 
224 165 8 8 0.021462303 
983 181 24 28 0.021446725 
667 241 6 8 0.021433 
426 57 19 26 0.021427855 
320 183 36 28 0.021425633 
462 500 5 5 0.021408392 
952 419 28 32 0.021394191 
597 72 4 4 0.021367287 
273 674 55 45 0.021366933 
74 241 27 32 0.021360015 
267 119 9 9 0.021346094 
138 234 11 9 0.021334717 
645 166 8 10 0.02132622 
211 115 7 6 0.021318918 
210 242 11 14 0.021304097 
436 507 64 47 0.021299051 
467 499 6 5 0.021288734 
677 280 8 9 0.021286678 
307 115 29 28 0.021269238 
370 353 62 54 0.021258982 
319 359 102 91 0.021244615 
642 597 26 27 0.021241097 
435 285 7 9 0.021236071 
593 364 117 106 0.021225844 
327 476 26 25 0.02121533 
347 357 25 28 0.021205386 
528 201 56 47 0.021202082 
547 88 22 20 0.021197107 
109 222 7 7 0.021164482 
543 324 7 9 0.021151546 
664 456 127 94 0.021145178 
980 141 48 52 0.02114287 
110 249 21 24 0.021127215 
112 177 52 47 0.021123398 
641 209 7 10 0.02112324 
647 567 27 27 0.021116015 
614 318 55 60 0.02108993 
352 550 7 7 0.021072632 
652 106 7 8 0.0210507 
537 539 111 87 0.02103773 
238 229 4 5 0.021024015 
679 262 6 7 0.02101964 
423 506 6 4 0.021009231 
517 52 28 24 0.021005228 
621 522 9 8 0.020991582 
237 152 7 6 0.020991066 
831 178 7 5 0.020975126 
122 267 6 7 0.020953087 
342 521 52 45 0.020950181 
684 503 7 8 0.020936625 
593 516 9 9 0.020866176 
405 541 27 23 0.020863654 
495 38 115 101 0.02086306 
314 184 16 13 0.020854412 
975 328 13 14 0.020851512 
173 119 13 11 0.020848734 
993 274 5 7 0.020793216 
678 -23 68 37 0.020785682 
965 371 31 32 0.020784924 
455 260 25 32 0.020777622 
223 121 7 5 0.020770036 
458 40 32 27 0.02076792 
214 126 28 24 0.020756513 
113 99 11 11 0.020744242 
1002 430 11 18 0.02074087 
477 672 57 47 0.020733371 
393 44 12 17 0.020726895 
602 86 21 22 0.020724984 
943 -28 126 93 0.020722961 
228 151 9 9 0.020721367 
661 222 6 7 0.020697465 
998 177 8 8 0.020697221 
110 299 53 59 0.020685354 
659 261 6 7 0.02068044 
668 254 6 8 0.020673959 
597 291 109 104 0.020663017 
810 177 10 7 0.020655807 
509 25 62 55 0.020648718 
425 263 24 32 0.020642258 
628 138 6 7 0.020639358 
427 266 54 54 0.02063306 
642 274 9 12 0.020624783 
269 126 9 9 0.020622138 
625 93 20 21 0.020606084 
872 174 57 52 0.02060422 
666 235 6 7 0.020589508 
659 296 8 11 0.020583402 
322 -178 368 116 0.020569846 
725 373 110 74 0.020528143 
147 99 11 11 0.020508828 
552 315 24 32 0.020507108 
761 484 25 26 0.020506877 
652 554 6 7 0.02050372 
456 250 5 5 0.020501725 
60 340 63 53 0.020497018 
231 164 6 7 0.020485858 
806 171 8 7 0.020467894 
650 97 23 25 0.02046351 
145 288 12 13 0.020461904 
544 75 7 7 0.020449918 
582 354 8 13 0.020444252 
979 271 58 50 0.020436399 
120 240 8 8 0.020435005 
658 247 7 8 0.020431263 
168 102 16 13 0.02040467 
633 99 22 24 0.020399375 
555 280 8 9 0.020392174 
256 393 48 50 0.020386022 
437 243 6 6 0.020381266 
80 238 13 15 0.020372426 
356 544 22 22 0.020366376 
736 509 8 7 0.020361558 
236 116 23 24 0.020353235 
269 132 8 8 0.020345503 
359 600 29 24 0.020341482 
398 497 24 21 0.020333778 
571 85 4 3 0.020317579 
697 569 6 6 0.02031605 
155 629 125 90 0.020312415 
145 605 32 24 0.020307843 
412 535 62 50 0.020306183 
412 -24 46 37 0.020293977 
693 568 7 5 0.020293843 
312 674 55 46 0.020287242 
447 -4 26 20 0.020283315 
205 128 8 7 0.020278653 
99 129 12 12 0.02027226 
139 300 28 30 0.020263579 
992 286 5 7 0.020261459 
979 413 15 18 0.020245928 
130 273 6 6 0.020234942 
368 570 31 25 0.020230556 
570 292 6 8 0.020209854 
446 -41 511 341 0.020202944 
102 229 23 27 0.020196095 
594 412 9 13 0.020193972 
537 98 24 23 0.02017947 
76 223 6 6 0.020168535 
384 54 7 8 0.020133886 
523 304 25 26 0.020128999 
106 156 10 12 0.020122169 
460 307 23 36 0.020119546 
627 152 6 6 0.020117054 
301 93 9 10 0.020101823 
1004 582 8 6 0.020100787 
146 82 7 8 0.020096771 
204 227 7 8 0.020073954 
52 385 17 12 0.02007011 
494 303 25 30 0.020062022 
209 399 56 56 0.020039842 
238 147 7 6 0.02003983 
88 247 10 13 0.020038191 
653 267 5 7 0.020036468 
363 152 11 15 0.02001214 
720 -1 14 8 0.020009676 
487 288 5 5 0.020003257 
