47_Matador_Bullfighter_matadorbullfighting_47_812
157
480 334 84 111 0.9969951 
610 1361 50 26 0.10568485 
583 1361 110 52 0.094526656 
530 1371 22 16 0.07626448 
167 1207 162 158 0.06983478 
84 87 584 836 0.058674213 
570 1360 66 35 0.0567461 
31 559 449 744 0.048559565 
255 1323 45 34 0.04732307 
162 1249 15 22 0.046654597 
466 1371 42 29 0.0465673 
519 1295 161 129 0.044233814 
309 1269 36 45 0.044037193 
272 800 32 52 0.043452 
265 1351 51 39 0.043158647 
184 1128 12 14 0.040958297 
301 1299 32 39 0.040549178 
199 1378 18 24 0.03968303 
210 1261 81 80 0.039167184 
354 855 118 171 0.038981732 
394 190 605 828 0.03830444 
2 1265 15 21 0.03823945 
614 705 38 47 0.03823787 
244 1138 146 178 0.0380038 
259 1078 11 19 0.037102245 
130 1034 8 15 0.03650068 
515 1371 10 12 0.03634756 
338 855 10 16 0.035257008 
354 1027 184 164 0.035151638 
196 1188 12 19 0.034330785 
808 1183 37 42 0.03367923 
329 1079 11 16 0.033098795 
361 1300 34 40 0.033038646 
1017 1249 4 7 0.032983087 
837 1235 12 14 0.03193849 
39 1205 11 15 0.030979967 
264 1054 12 22 0.030197924 
554 748 98 186 0.02987567 
459 810 130 216 0.029481163 
680 1143 122 177 0.028946344 
248 1152 70 105 0.028791746 
390 710 31 41 0.028681047 
300 924 135 185 0.028651655 
1017 1245 4 5 0.028479485 
286 1173 7 10 0.028047485 
727 1426 5 4 0.027494079 
327 1103 158 206 0.027243437 
534 901 144 176 0.027118694 
320 1309 32 41 0.027095938 
259 1035 26 49 0.027044736 
263 1189 7 12 0.026973037 
573 1372 22 14 0.026967408 
1099 24 243 376 0.026842644 
804 705 170 181 0.02683141 
369 984 34 50 0.026738435 
68 1199 10 11 0.0266892 
246 1180 29 43 0.026366675 
636 1381 52 47 0.026283376 
376 898 65 90 0.026280874 
252 1076 13 20 0.026211122 
330 972 63 92 0.02612327 
422 879 67 102 0.026117483 
441 837 4 8 0.026065236 
391 734 30 51 0.026003791 
241 1294 80 77 0.025997572 
194 743 153 188 0.02594005 
135 1035 9 16 0.025893318 
199 1317 131 114 0.025615532 
334 1341 40 50 0.025615415 
98 1101 288 377 0.025567526 
638 1195 75 96 0.02548561 
440 827 4 8 0.025455955 
520 1371 14 14 0.0253895 
38 403 159 166 0.025286919 
850 1257 9 10 0.025036272 
455 988 147 180 0.0246932 
234 813 30 51 0.024679728 
166 1263 35 50 0.02464526 
209 1225 30 49 0.024576675 
562 358 10 19 0.02432285 
848 1238 12 12 0.024122385 
-267 -10 245 465 0.023999183 
6 1184 7 9 0.023974776 
762 1214 174 172 0.023901092 
819 1139 10 14 0.02380138 
755 1162 35 56 0.02377796 
190 999 118 189 0.023755437 
690 1016 306 420 0.023732541 
10 335 139 165 0.023657445 
1 1124 4 7 0.02360636 
737 1427 4 4 0.02340222 
874 807 142 172 0.023398306 
721 637 282 408 0.023378853 
690 1004 128 190 0.023364758 
45 491 5 8 0.02335065 
635 705 14 19 0.023310654 
468 912 5 10 0.023271214 
5 1188 10 13 0.023203477 
448 929 6 13 0.02291847 
14 1207 9 11 0.022884455 
821 1193 12 13 0.022714486 
581 897 72 96 0.02259136 
291 1079 10 19 0.02257888 
89 828 166 191 0.022567445 
500 1372 9 11 0.022564594 
1007 1253 4 5 0.022541631 
326 1278 32 44 0.022448126 
360 751 109 172 0.022419155 
148 1056 9 12 0.022399051 
173 1148 11 14 0.022315046 
45 374 6 10 0.02229784 
440 778 5 10 0.022261169 
245 1073 12 18 0.022239748 
292 1066 8 14 0.021869697 
251 1066 26 40 0.021744912 
516 1367 6 7 0.021651153 
88 1062 174 181 0.021591784 
21 127 139 163 0.021544294 
178 1241 31 51 0.021449499 
285 1181 7 10 0.021439763 
111 1026 7 11 0.021380877 
108 1034 7 12 0.0213614 
354 1432 8 7 0.021335706 
420 1193 279 259 0.021311814 
440 911 5 11 0.021254854 
180 1230 74 86 0.021144142 
621 707 17 21 0.02114137 
440 787 5 10 0.021118963 
16 1255 8 11 0.021111328 
448 920 6 13 0.021056937 
598 1367 30 19 0.02105343 
533 997 80 108 0.021049378 
457 930 6 12 0.020973688 
251 1359 33 38 0.020895822 
850 1202 9 9 0.02084984 
786 1167 46 65 0.02076023 
457 940 6 12 0.020746527 
724 1095 104 160 0.020739187 
0 1200 5 8 0.020735981 
458 920 5 12 0.020724606 
193 1196 16 24 0.020629795 
848 1245 10 10 0.020557925 
456 950 7 11 0.020514274 
190 1228 35 52 0.02049254 
637 671 8 12 0.020459235 
440 845 5 9 0.02040702 
533 1368 49 26 0.020363389 
780 1150 29 51 0.020348325 
130 1018 7 11 0.02033769 
1014 1394 4 6 0.02029447 
0 1020 4 7 0.020242335 
458 912 5 11 0.020129764 
34 1256 7 9 0.020071236 
55 482 5 9 0.020039616 
735 949 138 174 0.020032182 
440 856 4 8 0.020018363 
147 1193 9 10 0.02000816 
