47_Matador_Bullfighter_matadorbullfighting_47_746
174
512 258 51 59 0.9975325 
304 -93 497 474 0.304156 
376 24 209 267 0.26560926 
4 191 79 135 0.25092083 
212 176 352 332 0.2132406 
759 85 13 14 0.21098612 
687 46 22 30 0.17669556 
624 268 460 378 0.12664366 
806 75 15 16 0.12452262 
-71 -145 478 432 0.12073031 
363 314 342 399 0.10960569 
612 500 65 137 0.102581844 
-5 450 187 218 0.1024947 
613 322 42 60 0.10138135 
545 418 65 58 0.091302 
63 260 47 62 0.09099561 
416 220 16 30 0.086652175 
-12 372 422 443 0.08432558 
518 666 8 11 0.080916926 
455 665 8 11 0.07629742 
720 -67 434 438 0.07322814 
588 666 8 9 0.07054592 
492 670 10 12 0.06358211 
568 318 89 95 0.0633915 
360 288 106 110 0.059312865 
-8 234 200 226 0.058146972 
77 340 91 71 0.057854563 
532 668 7 10 0.05674822 
630 555 86 120 0.056149803 
569 667 10 11 0.05524723 
418 668 10 11 0.054484334 
642 195 163 190 0.05375485 
570 111 13 15 0.053540267 
562 569 507 361 0.053180557 
668 46 38 50 0.05121386 
442 665 9 11 0.0508482 
688 239 94 89 0.048587967 
622 103 13 13 0.048410285 
645 598 22 37 0.04756522 
363 350 97 97 0.045826226 
116 329 51 49 0.045611612 
602 298 45 57 0.045088205 
933 34 49 43 0.04465788 
529 365 102 85 0.043639123 
401 386 50 51 0.04295028 
49 286 104 84 0.04268037 
259 573 88 118 0.041739292 
698 378 21 23 0.04094391 
38 213 26 37 0.04046995 
727 282 57 61 0.039507076 
512 282 103 92 0.037989102 
878 4 194 283 0.037817784 
630 498 25 45 0.03733616 
694 63 43 49 0.037086703 
640 493 179 187 0.0364398 
933 69 44 50 0.036065325 
407 213 186 214 0.035831656 
506 104 315 374 0.03573084 
94 312 32 32 0.03550496 
476 148 84 133 0.035457794 
564 665 10 10 0.035453916 
623 585 44 67 0.03404949 
629 21 73 90 0.033532742 
697 24 7 10 0.03331182 
314 126 195 244 0.033303607 
182 496 573 359 0.03275918 
503 305 30 34 0.032512557 
260 294 123 135 0.031853214 
710 92 12 13 0.031793352 
836 411 44 49 0.03173484 
380 658 47 49 0.031646624 
-9 326 76 134 0.03140185 
609 293 24 25 0.03129354 
555 543 111 133 0.031285763 
678 18 40 51 0.030909462 
551 435 95 113 0.030370386 
84 321 58 45 0.030098023 
492 376 8 9 0.029862823 
548 351 57 51 0.029743109 
742 74 41 44 0.029511452 
202 615 51 59 0.02936335 
694 28 10 14 0.02922053 
22 -9 199 198 0.02899576 
411 178 89 121 0.02893168 
946 14 51 41 0.028415462 
644 460 102 132 0.028309183 
9 376 135 98 0.02823561 
702 82 24 25 0.028112348 
651 536 5 10 0.02765086 
199 636 27 43 0.027058795 
761 285 50 64 0.026908025 
644 6 44 49 0.026894558 
567 256 73 93 0.026829625 
765 95 44 60 0.026785519 
647 534 6 12 0.026461931 
509 654 120 113 0.02627823 
673 49 14 19 0.026264057 
731 376 24 26 0.026206678 
602 75 43 43 0.02611604 
378 225 75 123 0.026113253 
803 82 13 17 0.026046855 
367 239 46 63 0.026005745 
80 296 33 37 0.025729882 
522 667 8 12 0.025514895 
391 659 13 11 0.025458103 
201 107 203 223 0.025247883 
732 91 26 25 0.024693152 
426 218 10 25 0.024664942 
37 421 121 105 0.024521276 
690 31 99 85 0.024417501 
563 104 49 51 0.024388699 
317 373 105 120 0.024266908 
479 275 72 93 0.023890866 
585 644 56 54 0.023858076 
472 668 11 12 0.023809852 
631 304 8 11 0.02360922 
790 75 19 26 0.023553994 
645 520 7 15 0.023547063 
497 382 88 99 0.023488052 
60 322 26 38 0.023454007 
229 570 45 58 0.023440266 
708 83 50 54 0.023317521 
473 520 97 117 0.023303661 
567 455 50 57 0.023284659 
798 115 20 35 0.023150077 
-11 236 66 138 0.023090597 
288 507 73 127 0.02299374 
412 664 20 18 0.022953255 
202 574 51 63 0.02294592 
627 14 184 168 0.022830235 
765 377 11 12 0.022764545 
83 388 104 97 0.022753594 
470 327 95 111 0.022695243 
454 659 7 10 0.022640603 
492 90 89 129 0.022448054 
790 98 17 28 0.022240248 
811 295 97 139 0.022215778 
842 387 24 36 0.022114404 
692 449 238 183 0.021985965 
398 247 20 33 0.021980356 
548 126 41 60 0.021918254 
409 217 10 20 0.021906378 
196 508 88 115 0.021798471 
665 48 80 99 0.021691894 
799 75 10 13 0.021664921 
655 604 11 21 0.021570485 
568 661 51 49 0.021567548 
783 72 40 52 0.021421505 
393 209 35 48 0.021414528 
-5 -172 95 148 0.021353167 
747 252 96 123 0.02120402 
551 301 52 54 0.021146521 
622 300 11 12 0.0211427 
471 389 8 11 0.021138674 
666 282 85 123 0.021137387 
731 55 96 91 0.021063957 
25 407 25 29 0.02105907 
889 581 112 103 0.021045592 
387 243 20 35 0.020662183 
138 538 78 115 0.020622117 
441 658 9 10 0.0205032 
644 604 47 64 0.02048246 
789 275 45 62 0.020430805 
558 654 23 25 0.020398313 
785 60 74 93 0.020389196 
331 342 56 61 0.020342682 
249 544 25 32 0.020333918 
765 66 39 41 0.020331403 
524 72 110 99 0.02030344 
593 120 18 26 0.02028895 
579 92 49 44 0.02023251 
582 670 8 9 0.020106252 
602 297 15 17 0.020070737 
549 254 43 58 0.020009102 
