47_Matador_Bullfighter_matadorbullfighting_47_779
911
784 390 36 45 0.99863225 
784 253 39 50 0.99855405 
803 115 35 49 0.9964645 
987 151 14 16 0.32696584 
47 302 20 35 0.23090626 
197 180 3 4 0.10482403 
939 149 9 13 0.097765476 
422 100 9 10 0.09384396 
502 187 3 4 0.08825328 
425 187 3 4 0.08553124 
438 182 3 3 0.08504349 
123 555 29 34 0.08211141 
491 200 2 4 0.08004288 
944 145 9 12 0.07953327 
521 182 3 3 0.074639216 
515 182 3 3 0.073871 
200 180 3 4 0.07286685 
413 187 2 4 0.07206908 
419 183 3 3 0.07085545 
482 187 3 4 0.070528425 
413 184 2 2 0.068016805 
489 189 3 3 0.067552045 
478 188 2 3 0.067301124 
419 187 2 4 0.06533986 
496 187 3 4 0.06442339 
1003 149 10 16 0.063332506 
502 199 2 4 0.062615715 
507 187 3 4 0.06255703 
433 182 2 3 0.06236066 
339 179 4 5 0.061261807 
425 183 3 3 0.061170362 
14 167 3 7 0.06027873 
1013 338 12 16 0.05961579 
489 194 3 4 0.059162486 
196 178 3 2 0.059053224 
494 200 3 4 0.05893855 
482 183 3 3 0.058796134 
157 177 2 3 0.058411825 
444 182 2 3 0.058123603 
509 200 3 4 0.057873473 
477 182 3 3 0.057464734 
201 177 2 3 0.057459205 
207 177 3 3 0.05648251 
23 294 8 13 0.056043923 
1007 370 23 41 0.055918697 
502 194 3 4 0.055769555 
964 152 8 10 0.055322684 
164 177 3 2 0.054604553 
522 186 3 4 0.054311845 
347 181 4 4 0.053816225 
53 95 6 8 0.05251864 
459 181 3 4 0.05187958 
508 194 3 4 0.051473092 
138 177 2 3 0.051373996 
206 180 3 4 0.0512619 
508 182 3 3 0.050935037 
496 194 3 4 0.050932016 
1008 152 9 15 0.05077398 
968 680 39 56 0.0502779 
975 363 10 11 0.04963808 
0 320 36 46 0.049589068 
694 193 3 4 0.049579833 
515 199 3 5 0.049166355 
438 187 3 4 0.048958387 
502 233 3 4 0.048816673 
406 183 2 3 0.0484142 
528 183 2 3 0.048052423 
995 354 12 15 0.048005477 
482 194 3 3 0.047805585 
987 658 46 72 0.04762268 
921 92 5 5 0.047170717 
471 188 2 3 0.047145993 
952 156 11 12 0.04666806 
939 140 18 24 0.046104692 
513 231 4 5 0.04599125 
650 189 3 4 0.045787707 
515 187 3 4 0.045577254 
356 719 3 3 0.045560975 
463 181 2 4 0.045482945 
418 193 3 4 0.04542741 
413 193 3 4 0.04528175 
431 186 3 4 0.04525825 
1017 143 8 12 0.044644672 
46 361 24 41 0.044585448 
261 181 2 3 0.044338297 
432 231 4 5 0.043751888 
144 177 3 3 0.043087747 
502 183 3 3 0.043044798 
188 181 3 3 0.043040954 
701 6 23 31 0.042848997 
442 198 4 6 0.04272026 
14 172 4 7 0.04226736 
483 200 2 3 0.042200316 
451 182 2 3 0.042172924 
514 206 3 4 0.04200684 
438 178 3 2 0.041899633 
406 187 2 4 0.041255232 
391 231 4 5 0.04123523 
909 534 29 32 0.040984966 
536 183 2 3 0.040895455 
349 720 3 2 0.040888216 
501 208 3 3 0.04088723 
489 182 2 3 0.04087117 
202 94 11 12 0.040868215 
968 658 5 8 0.04078523 
966 673 6 8 0.04069554 
347 185 4 6 0.040420555 
894 525 9 16 0.040234562 
8 375 4 4 0.040081065 
973 464 27 30 0.039919805 
695 190 3 3 0.03981904 
501 236 5 6 0.039725315 
475 200 3 4 0.03963727 
-1 139 52 97 0.039428864 
444 187 3 3 0.039345816 
682 189 3 4 0.039305925 
125 176 3 3 0.039165284 
509 134 8 8 0.039054457 
1019 177 6 11 0.039036125 
374 181 3 4 0.039013274 
374 200 4 4 0.038923968 
142 260 6 12 0.038913604 
470 181 3 4 0.038899392 
496 207 2 3 0.038859624 
195 187 3 4 0.03884755 
482 232 4 5 0.038671948 
947 144 22 24 0.038642954 
509 206 3 4 0.038604245 
1018 171 7 11 0.038496807 
992 676 5 9 0.038356695 
176 177 2 3 0.038207807 
643 188 2 4 0.037900947 
913 134 27 27 0.037773162 
918 92 4 6 0.037731383 
0 11 17 32 0.037728507 
12 562 9 15 0.03767208 
477 194 3 3 0.037494086 
947 142 7 9 0.03749318 
406 194 3 4 0.037400275 
965 150 47 54 0.03728267 
381 182 3 3 0.037275303 
650 193 3 4 0.03716578 
0 -128 86 122 0.036894407 
440 199 3 5 0.036870595 
125 171 2 3 0.036855288 
961 690 26 34 0.036802907 
168 176 3 3 0.036782205 
215 181 2 3 0.0366951 
524 236 6 7 0.03647848 
1006 141 17 25 0.03639678 
7 377 4 7 0.03637954 
869 706 10 10 0.036267716 
585 136 4 4 0.0360396 
444 178 3 2 0.035895463 
430 198 4 5 0.035798535 
521 177 3 3 0.035713095 
150 177 2 3 0.035651665 
341 186 4 5 0.035579868 
375 194 2 3 0.035541292 
380 193 3 4 0.035500925 
508 232 4 4 0.035254493 
515 195 4 4 0.035244796 
451 194 3 4 0.03506904 
340 176 4 4 0.034952197 
388 177 2 2 0.03489889 
502 212 3 4 0.03487089 
655 188 3 4 0.034861617 
963 176 8 10 0.034855936 
188 177 3 3 0.034531616 
931 72 4 5 0.0344901 
637 188 2 3 0.03443883 
979 152 8 11 0.034420688 
394 194 3 4 0.034382652 
968 461 12 13 0.034290127 
1000 115 4 6 0.03421931 
233 177 3 3 0.034164596 
228 181 3 4 0.033956133 
490 206 3 4 0.033949565 
406 200 3 4 0.03394849 
1013 140 6 8 0.03390961 
701 194 3 3 0.033818543 
515 177 2 3 0.03379413 
547 194 3 3 0.033683304 
956 367 11 14 0.0336317 
29 282 10 15 0.033488624 
496 183 3 3 0.03348331 
126 181 2 3 0.033480354 
539 183 3 3 0.033433545 
972 671 6 9 0.033399384 
1017 150 8 13 0.03326933 
700 190 3 3 0.033137925 
208 194 3 4 0.03309155 
329 181 3 3 0.033055194 
450 198 4 6 0.033013728 
201 187 3 4 0.03300083 
776 164 39 47 0.0329041 
541 682 2 3 0.032877054 
403 100 7 9 0.03283432 
-1 55 22 44 0.032773457 
55 378 11 21 0.032723177 
227 176 2 3 0.032572865 
399 194 3 4 0.032571908 
444 195 3 3 0.032518674 
425 199 4 5 0.032493364 
119 177 3 3 0.032442197 
417 200 3 4 0.032431062 
554 186 2 4 0.032380033 
814 670 11 12 0.032360796 
527 186 3 4 0.032320924 
425 192 3 4 0.032305475 
122 416 36 42 0.03221916 
190 188 2 3 0.032108333 
472 199 3 5 0.032015864 
394 182 2 3 0.03200734 
560 676 3 3 0.031913184 
612 200 2 4 0.031893156 
360 181 4 5 0.03188583 
298 182 3 3 0.03187124 
349 726 3 3 0.03173978 
924 74 4 4 0.031702098 
561 693 2 3 0.031689107 
214 177 3 3 0.03157361 
381 177 2 3 0.031506635 
130 176 2 3 0.03142768 
687 194 3 3 0.031412303 
495 712 3 4 0.03137022 
212 703 5 7 0.031354062 
554 183 3 3 0.03134332 
232 181 3 4 0.031280387 
164 171 2 2 0.031078432 
560 688 3 3 0.031029848 
935 73 4 4 0.030993683 
439 194 2 3 0.030989015 
280 629 3 4 0.030868392 
928 138 20 26 0.030837636 
549 682 2 3 0.030830748 
251 180 3 4 0.030780269 
393 187 4 4 0.030601636 
375 621 4 5 0.030560656 
385 194 4 4 0.03051603 
336 193 3 4 0.030472154 
369 181 3 4 0.03042019 
316 180 3 4 0.030414652 
279 625 3 3 0.030397816 
47 91 5 6 0.0303745 
947 354 46 55 0.030361606 
629 188 3 4 0.030277953 
975 374 12 15 0.030271199 
355 180 4 4 0.030256644 
32 74 5 8 0.030204555 
14 177 4 8 0.030168876 
979 447 24 31 0.030147769 
28 331 42 60 0.030143606 
1018 183 7 11 0.030123957 
265 180 3 4 0.030113025 
644 696 2 3 0.030111259 
960 432 49 58 0.03006306 
337 536 88 97 0.029999621 
122 566 40 50 0.029933807 
994 112 3 4 0.029929105 
495 212 3 4 0.02992508 
451 188 2 3 0.029922977 
508 176 3 3 0.029918315 
336 187 3 4 0.029901074 
54 92 4 6 0.029897755 
220 181 3 3 0.02986045 
653 -11 62 48 0.029791957 
9 167 3 8 0.029764403 
923 77 4 5 0.029748227 
279 181 3 3 0.02973667 
993 115 4 5 0.029734772 
304 181 2 3 0.02966812 
559 187 2 3 0.029571496 
348 176 3 4 0.029468374 
348 127 7 8 0.029444667 
668 503 3 4 0.029433466 
481 236 4 6 0.0294174 
2 379 4 7 0.02939806 
604 187 3 4 0.029336559 
449 231 4 5 0.029316764 
637 194 3 3 0.029251138 
495 232 3 4 0.029234122 
20 378 4 5 0.02922079 
502 712 3 3 0.029199952 
566 702 3 2 0.0291803 
578 188 3 4 0.029168656 
247 181 3 4 0.02911021 
1008 343 11 17 0.029039878 
329 188 3 4 0.029033143 
413 200 3 4 0.029028075 
968 717 26 32 0.028967133 
547 187 3 3 0.028894566 
330 193 3 4 0.028888473 
400 183 2 3 0.028826471 
356 725 2 3 0.028814482 
654 193 3 4 0.028812855 
554 682 2 2 0.028801773 
643 194 2 3 0.028797364 
960 171 7 10 0.028771013 
463 187 3 4 0.028767113 
1011 146 7 13 0.028745687 
425 208 3 4 0.028717823 
196 193 3 4 0.028701616 
436 232 3 4 0.028660694 
590 137 3 4 0.028540425 
560 681 2 3 0.028512964 
221 176 2 3 0.02851183 
714 715 2 2 0.028503902 
412 230 6 7 0.028491125 
415 620 44 47 0.02847706 
119 170 2 3 0.028470991 
918 85 4 4 0.028466823 
217 23 98 93 0.028454997 
1012 132 17 25 0.028437441 
337 176 3 4 0.028398378 
221 189 2 3 0.028393265 
500 131 5 5 0.02832616 
535 186 3 4 0.028283274 
16 379 4 6 0.028193288 
942 143 7 9 0.028122788 
944 364 9 10 0.028118702 
303 187 3 4 0.02808968 
951 166 9 13 0.02808656 
386 181 3 4 0.028084602 
400 187 3 4 0.028076284 
484 208 2 4 0.028076207 
169 171 3 2 0.028052079 
597 137 4 4 0.027984403 
907 387 41 52 0.027950214 
252 629 3 4 0.027936494 
991 457 9 11 0.027854236 
418 375 3 4 0.027804986 
515 708 2 3 0.027691735 
894 467 41 46 0.02766346 
418 378 4 5 0.027654668 
239 177 3 3 0.027639914 
310 180 2 4 0.027596923 
578 202 3 3 0.027533874 
923 84 5 4 0.027523115 
631 200 2 4 0.027427088 
419 177 2 3 0.027385678 
417 206 3 5 0.02738374 
547 693 2 3 0.027371502 
360 719 2 3 0.02736717 
578 611 4 4 0.027339071 
546 183 3 3 0.027314343 
381 715 3 3 0.027275817 
10 48 8 14 0.027263245 
618 188 2 3 0.027213564 
950 147 10 12 0.027198954 
464 734 2 3 0.02718706 
488 232 4 4 0.027184917 
553 693 2 3 0.027139602 
258 543 4 6 0.027118083 
924 137 12 12 0.027115105 
-2 734 65 169 0.027104175 
879 525 10 16 0.027102647 
579 193 3 4 0.027081426 
384 128 5 7 0.027050434 
113 183 2 3 0.027043244 
355 228 3 4 0.02703844 
535 682 2 2 0.027035436 
980 671 6 9 0.027029462 
329 721 3 3 0.027027665 
413 714 3 3 0.02700678 
450 177 3 3 0.026992554 
1002 353 11 15 0.026947454 
349 731 2 3 0.02692147 
342 720 2 3 0.02691969 
541 693 2 3 0.026875168 
689 201 2 3 0.02687188 
26 285 8 12 0.026868608 
182 177 3 3 0.026846575 
214 188 3 4 0.02684366 
527 195 3 3 0.026812037 
933 139 6 9 0.026781483 
682 192 4 5 0.026771305 
1018 136 7 10 0.026749909 
515 212 3 4 0.026691774 
401 468 92 95 0.026690472 
955 162 11 13 0.026690075 
917 361 3 4 0.026660338 
356 715 2 2 0.026612654 
349 706 3 3 0.026599517 
3 10 8 15 0.026598968 
316 195 4 5 0.02658246 
644 200 2 4 0.02656947 
433 177 2 2 0.02655141 
880 571 30 24 0.026533062 
893 503 13 13 0.026521275 
560 702 3 2 0.02651633 
507 212 3 4 0.026512342 
496 719 3 3 0.02645897 
149 180 3 4 0.026451198 
424 231 4 5 0.02643868 
214 193 3 4 0.026399817 
528 177 2 3 0.026394108 
118 181 3 3 0.0263922 
354 231 4 5 0.02638876 
615 137 5 5 0.026375765 
18 290 17 23 0.026360601 
514 228 3 4 0.026350413 
213 409 5 6 0.026313521 
385 187 4 4 0.02625827 
490 707 2 3 0.026252303 
1017 188 9 14 0.026237909 
419 689 2 3 0.0262266 
347 231 4 5 0.026223652 
393 176 2 3 0.026173394 
315 186 5 5 0.026166935 
911 507 48 56 0.02616512 
930 361 4 4 0.026146136 
572 183 3 3 0.02610754 
616 200 3 4 0.026078435 
413 206 3 4 0.026030084 
958 151 10 12 0.026010156 
903 139 38 51 0.02600816 
374 205 4 5 0.026008015 
553 194 3 3 0.025997955 
1008 545 20 35 0.025979588 
400 715 2 3 0.025975738 
278 721 3 2 0.025924535 
471 194 3 4 0.025924101 
593 188 2 3 0.025901524 
365 230 4 5 0.025837585 
382 718 3 4 0.025835773 
675 188 3 4 0.025833132 
348 228 3 3 0.025831813 
381 187 3 4 0.0258303 
989 112 3 4 0.025819482 
541 611 2 4 0.025792884 
1013 116 4 6 0.025778098 
408 645 39 44 0.025691837 
1013 168 18 28 0.025676504 
663 504 2 3 0.025675382 
432 228 3 4 0.02565656 
446 108 6 7 0.025626168 
668 506 4 4 0.025625462 
522 683 2 2 0.025595652 
624 183 2 3 0.025586497 
732 708 3 3 0.025580032 
259 178 3 2 0.025544077 
455 611 5 6 0.025518572 
290 181 2 3 0.025501598 
375 187 2 4 0.025483748 
546 200 3 5 0.025468996 
9 558 17 27 0.025461446 
1000 140 5 6 0.025440775 
687 189 3 3 0.025440214 
985 436 23 27 0.025416238 
431 194 3 4 0.025414787 
378 621 4 6 0.025398469 
598 187 3 4 0.025394598 
554 687 2 3 0.02537788 
290 177 3 3 0.025347339 
199 91 22 25 0.02534489 
403 360 5 7 0.025326861 
200 194 3 4 0.025326451 
962 634 37 60 0.025325378 
566 693 2 3 0.025313672 
430 380 3 4 0.025295649 
1001 112 2 4 0.025287813 
285 194 3 3 0.025271628 
1013 430 6 7 0.025239328 
470 726 2 2 0.025216112 
283 628 4 5 0.025205119 
654 686 3 3 0.025204722 
614 76 6 6 0.025182454 
576 522 94 96 0.025175331 
586 202 2 3 0.025123192 
387 231 4 5 0.025071533 
617 701 3 3 0.025005404 
695 207 2 3 0.024998719 
923 566 22 30 0.024899267 
466 108 5 8 0.024892142 
520 194 3 4 0.024886483 
579 -3 24 31 0.0248809 
207 187 3 4 0.024837092 
662 609 4 4 0.024825955 
546 611 3 4 0.024760222 
8 29 11 16 0.024752498 
290 473 93 93 0.024699703 
271 180 2 4 0.024674313 
603 706 3 3 0.024664083 
668 193 4 5 0.024653198 
47 95 5 7 0.024641197 
350 100 9 11 0.024625683 
16 375 3 4 0.024589783 
984 172 26 28 0.024511227 
630 183 3 3 0.024479495 
605 183 2 3 0.024475213 
496 726 3 3 0.024463069 
501 719 3 3 0.024447575 
285 189 2 3 0.024446195 
573 188 3 3 0.02443915 
566 186 3 4 0.024431614 
752 599 3 4 0.024411585 
240 181 2 3 0.024407372 
375 177 2 3 0.02439898 
555 676 2 3 0.02437544 
367 228 3 4 0.024373207 
714 193 3 4 0.024366768 
14 292 5 9 0.024345066 
941 358 5 7 0.02433371 
654 207 3 4 0.024306403 
643 687 2 3 0.024286779 
362 228 2 3 0.024285425 
354 176 3 3 0.024280198 
706 194 2 3 0.024250867 
35 692 4 6 0.02423251 
977 192 27 30 0.024221197 
1003 235 8 10 0.024189845 
999 147 7 10 0.024161575 
441 0 48 37 0.024133658 
6 736 5 9 0.024107343 
554 200 3 5 0.02408152 
374 227 3 5 0.024078624 
578 182 3 4 0.024042282 
58 84 4 6 0.0240411 
525 233 4 5 0.02403428 
182 181 3 4 0.024030803 
463 615 5 7 0.02395928 
349 714 2 3 0.023948934 
431 207 3 5 0.023947017 
535 177 2 3 0.02393455 
554 701 2 3 0.023929615 
362 231 3 4 0.02391612 
284 625 3 3 0.023906093 
905 452 23 26 0.023896707 
329 176 3 4 0.023885317 
554 668 3 3 0.02384954 
31 83 5 9 0.023847481 
535 611 3 4 0.023847224 
291 193 3 5 0.023845537 
970 675 7 11 0.02384072 
976 733 13 14 0.023839023 
952 624 20 26 0.023828002 
624 187 3 3 0.023824237 
959 139 9 8 0.023818394 
286 181 2 3 0.023796927 
490 712 3 4 0.023789275 
393 700 3 3 0.023777114 
375 231 3 5 0.023761695 
425 228 3 3 0.023757637 
675 706 3 3 0.023755087 
958 632 7 9 0.023748612 
535 706 2 3 0.023738435 
874 499 20 23 0.023725586 
611 187 3 3 0.02372238 
719 598 3 4 0.023709131 
715 190 2 3 0.02370655 
61 376 7 12 0.02366934 
51 106 7 10 0.023655647 
53 82 5 7 0.023652166 
259 696 3 3 0.023649449 
939 734 7 10 0.02364882 
520 199 3 4 0.023647109 
809 660 20 26 0.02362724 
758 599 2 4 0.023623101 
46 283 21 35 0.023592398 
559 668 3 3 0.023576088 
565 677 3 2 0.023574168 
653 608 4 5 0.02357338 
929 670 7 10 0.023553949 
285 721 3 3 0.023552088 
623 201 3 4 0.023543883 
888 678 6 9 0.023540594 
967 114 5 6 0.023515536 
157 180 3 3 0.023496496 
340 193 4 5 0.023495106 
915 664 9 12 0.02346706 
520 232 3 4 0.023455113 
682 506 4 4 0.023451086 
390 236 5 6 0.023430128 
923 149 35 46 0.02342157 
13 307 38 46 0.02341407 
618 183 2 3 0.023393247 
634 609 4 4 0.023392553 
458 177 3 3 0.023341691 
59 91 4 6 0.023338722 
360 725 3 4 0.023334432 
464 583 4 6 0.023334043 
502 708 3 3 0.02333041 
566 184 3 3 0.02331578 
650 207 3 4 0.023291163 
655 682 3 2 0.023279063 
410 134 5 6 0.023239879 
437 227 3 4 0.023213096 
616 207 3 4 0.023204127 
271 178 3 2 0.023198783 
969 358 18 21 0.023183238 
637 696 2 2 0.023177871 
539 186 3 3 0.023176849 
611 183 2 3 0.023150219 
945 599 40 49 0.023148268 
554 611 3 4 0.023118503 
310 194 3 4 0.023081766 
477 177 2 2 0.023045003 
417 230 4 5 0.02303161 
938 669 8 9 0.023026964 
495 708 3 3 0.023015488 
540 194 4 4 0.02298737 
649 183 3 3 0.022981675 
471 734 2 2 0.022979371 
360 185 5 6 0.022963714 
624 700 2 3 0.022949139 
400 694 2 3 0.022940457 
721 194 2 3 0.022922434 
983 158 19 27 0.022919057 
52 100 7 9 0.022900198 
257 437 5 6 0.022895407 
559 183 3 3 0.022892335 
954 141 6 8 0.022875208 
668 189 3 4 0.02287389 
719 714 3 3 0.022866827 
271 610 4 5 0.022854393 
364 63 5 8 0.022809824 
-8 34 60 114 0.022800924 
291 188 3 4 0.022754665 
956 226 37 42 0.022740044 
895 553 41 46 0.022715261 
624 194 3 4 0.022706505 
966 176 21 27 0.022698341 
510 719 2 3 0.022687847 
300 123 5 6 0.022685241 
641 81 5 7 0.022672564 
534 694 2 2 0.022668129 
527 199 3 5 0.022651508 
726 708 3 2 0.022645015 
27 590 4 6 0.02263303 
694 201 3 3 0.02261562 
496 733 2 3 0.022613082 
706 598 3 4 0.022610245 
374 715 3 2 0.022584058 
508 713 3 3 0.022562528 
1002 331 19 25 0.022560133 
297 187 3 4 0.022548588 
622 214 3 4 0.02253238 
661 193 4 5 0.022526715 
53 43 5 8 0.022522729 
137 180 3 4 0.022522228 
438 374 3 5 0.022517191 
706 702 3 3 0.022497078 
978 148 18 25 0.022480335 
954 364 9 10 0.022459147 
674 193 4 5 0.022449125 
655 721 3 2 0.022438755 
938 167 36 51 0.02242885 
508 168 3 4 0.022428274 
922 673 41 48 0.022391314 
393 199 4 5 0.02238638 
0 30 21 33 0.0223852 
662 477 4 3 0.022364253 
183 586 9 12 0.022336695 
996 240 23 28 0.022331925 
584 188 3 4 0.022329303 
238 124 5 5 0.022328727 
471 176 2 3 0.022325048 
720 190 2 3 0.02232319 
361 715 2 2 0.022299655 
317 198 3 5 0.022273667 
387 714 2 3 0.022268318 
593 610 3 5 0.022263724 
471 712 3 3 0.022250744 
62 361 6 11 0.022240588 
1005 338 7 10 0.02221237 
919 79 3 4 0.022207173 
270 628 4 4 0.022200193 
310 187 3 4 0.02218633 
399 206 4 5 0.022185896 
281 647 39 40 0.022182368 
954 434 27 34 0.02218162 
642 610 3 4 0.022166569 
353 306 4 6 0.022166276 
727 714 2 3 0.022151481 
392 128 4 6 0.022148022 
157 171 2 2 0.022140367 
931 68 3 4 0.022135323 
642 183 3 3 0.022122003 
271 625 3 3 0.022117363 
571 470 101 97 0.022098735 
964 149 18 24 0.022096397 
573 137 3 3 0.02208249 
567 199 4 4 0.022063578 
540 687 3 3 0.022042777 
669 707 3 3 0.022040345 
464 695 2 3 0.02203698 
188 194 3 3 0.022032028 
540 677 3 2 0.022029888 
167 180 3 4 0.022009907 
361 206 4 4 0.022007015 
130 181 3 3 0.021959506 
297 465 3 3 0.021958984 
525 22 99 96 0.02194724 
604 459 3 3 0.021939676 
1012 163 5 10 0.021931473 
682 215 3 3 0.021922639 
534 702 3 2 0.021917257 
476 510 95 97 0.021912903 
400 732 2 3 0.021900974 
989 115 4 5 0.021874895 
509 708 2 2 0.021826817 
489 719 3 3 0.021807278 
592 614 4 6 0.021795586 
131 171 2 2 0.021780375 
962 684 14 17 0.021768333 
707 190 2 3 0.021758597 
969 112 3 4 0.021753231 
323 181 3 3 0.021750247 
394 694 3 3 0.021734124 
651 168 41 55 0.02173251 
279 178 2 3 0.02173181 
935 357 5 6 0.021725738 
393 715 3 2 0.021716487 
302 624 3 4 0.021712426 
8 0 6 6 0.021694962 
368 705 2 4 0.021682627 
1008 527 19 32 0.021667197 
386 719 3 3 0.021612069 
336 170 3 3 0.021608466 
700 702 3 3 0.021608163 
650 696 2 2 0.021585416 
585 702 2 2 0.021580067 
650 720 3 3 0.021515824 
869 720 10 12 0.021502407 
413 694 2 3 0.021486321 
697 88 5 7 0.021483285 
960 400 22 27 0.0214818 
629 193 3 4 0.021480396 
507 237 4 5 0.021478688 
1004 17 20 26 0.021442892 
1006 142 5 7 0.021438321 
438 170 2 2 0.021427881 
976 218 77 89 0.021427682 
572 194 3 3 0.02142638 
1009 444 21 27 0.021416595 
156 538 22 23 0.021389967 
458 713 2 2 0.021377722 
175 180 3 4 0.021353826 
950 367 21 30 0.021330537 
541 605 3 3 0.021329172 
221 193 3 4 0.021323852 
512 236 5 6 0.021315144 
189 201 3 3 0.021308612 
879 494 4 6 0.021285297 
626 139 6 7 0.021284735 
893 627 46 54 0.021283003 
476 207 2 4 0.021264931 
21 375 3 4 0.021247262 
598 459 4 3 0.021244636 
54 352 20 31 0.021235663 
967 662 6 9 0.021221178 
451 204 4 7 0.021214971 
630 606 3 3 0.021209732 
252 177 3 3 0.021200225 
510 138 7 9 0.021190621 
654 695 3 3 0.02117895 
880 511 23 27 0.021168346 
375 618 3 3 0.021153945 
412 177 3 3 0.021143865 
257 539 4 5 0.021122668 
336 720 2 3 0.021108935 
532 130 4 5 0.021084605 
464 708 2 3 0.021084601 
425 379 3 4 0.021082599 
758 177 38 47 0.021069787 
738 687 110 84 0.02106779 
674 503 3 3 0.021066122 
534 201 3 4 0.02105112 
577 136 4 4 0.021051051 
609 78 6 6 0.02105056 
259 734 2 3 0.021040099 
400 700 3 3 0.021039518 
654 476 4 4 0.021036217 
630 687 2 3 0.021009602 
419 384 4 5 0.02100928 
53 251 5 6 0.021005228 
443 620 5 7 0.021001512 
15 383 5 8 0.020993607 
424 103 10 12 0.020992976 
535 677 2 2 0.020992238 
595 29 96 100 0.020992104 
649 609 4 4 0.020965582 
531 134 5 6 0.020963732 
365 552 4 5 0.020949008 
603 213 3 4 0.020947685 
341 200 4 4 0.020944325 
260 738 2 3 0.020939296 
418 227 3 4 0.020933444 
214 205 3 4 0.020933386 
463 699 3 3 0.020930747 
41 699 104 95 0.020924905 
365 206 4 5 0.020909647 
164 180 3 4 0.020898867 
400 611 3 4 0.020896174 
1010 553 9 16 0.02089289 
529 682 2 3 0.020892087 
11 42 8 13 0.02088881 
986 675 6 10 0.020887448 
675 702 3 3 0.020865673 
53 667 4 5 0.020865047 
964 362 76 86 0.020862658 
612 700 2 4 0.020847235 
960 639 5 7 0.020844597 
573 702 2 2 0.020841561 
662 506 4 4 0.02083118 
343 205 4 6 0.020823188 
726 598 3 4 0.020812104 
265 178 3 2 0.020810707 
751 603 4 4 0.020806355 
31 88 5 10 0.020783808 
400 690 2 2 0.020781113 
470 232 3 5 0.020775538 
606 200 3 4 0.020752834 
994 508 20 24 0.020738412 
400 718 3 4 0.020734645 
955 168 17 24 0.020728497 
380 706 3 3 0.020715406 
520 206 4 4 0.020695971 
948 153 85 94 0.020692697 
681 707 2 2 0.02069093 
559 719 3 3 0.020682286 
226 206 3 4 0.02068148 
355 149 3 4 0.020671844 
302 627 4 5 0.020667166 
997 181 23 29 0.020660521 
457 186 3 4 0.02065329 
682 503 3 3 0.020620314 
731 603 3 5 0.020613108 
386 199 4 5 0.02060538 
354 374 3 4 0.020603767 
471 709 2 2 0.020602878 
534 605 3 3 0.020592721 
490 211 3 5 0.020590127 
661 189 3 4 0.020560814 
662 206 4 5 0.020551022 
643 605 3 4 0.02054392 
349 193 3 5 0.020525461 
500 378 4 6 0.020514762 
317 177 2 3 0.02050662 
400 740 2 2 0.020502176 
272 616 3 4 0.020490516 
374 211 4 6 0.02048874 
195 91 45 45 0.020488009 
291 169 3 3 0.020487025 
650 687 2 3 0.02048169 
598 193 3 5 0.020474235 
765 231 29 32 0.020469654 
636 199 3 4 0.020463625 
900 576 24 25 0.020460907 
253 696 3 3 0.020457296 
444 463 3 4 0.02042157 
765 599 2 3 0.02041438 
585 131 3 4 0.020383624 
739 202 2 3 0.020380234 
991 464 10 12 0.020376217 
393 706 3 3 0.020371199 
322 187 4 4 0.020351337 
992 665 23 36 0.020346578 
1008 556 6 8 0.02034094 
655 597 3 5 0.02032841 
406 206 3 4 0.020325838 
24 269 22 33 0.02032542 
617 194 3 4 0.02032515 
330 695 2 3 0.020319365 
564 136 4 4 0.020318223 
707 714 2 3 0.020317191 
450 578 3 5 0.020300966 
539 241 5 7 0.020298727 
278 726 2 2 0.020298315 
10 59 8 14 0.020283533 
1001 242 11 13 0.020281522 
572 611 3 4 0.02027918 
458 708 2 3 0.020278843 
361 706 2 3 0.020277867 
57 43 5 8 0.020238914 
580 701 2 3 0.020236775 
940 357 20 25 0.020207582 
144 180 3 4 0.020204034 
725 700 4 4 0.020194115 
548 677 2 2 0.02018704 
613 83 6 6 0.020168807 
426 688 3 4 0.02016372 
573 458 3 3 0.0201595 
503 176 3 3 0.020158945 
342 725 3 3 0.020157767 
614 140 5 6 0.020149715 
234 206 3 4 0.020142093 
996 18 9 10 0.02013459 
401 364 4 6 0.020132992 
349 740 2 2 0.020124601 
111 169 3 3 0.020118082 
187 560 44 47 0.020110844 
58 372 7 10 0.020106792 
399 200 3 4 0.020086708 
571 418 103 93 0.02008358 
552 727 3 3 0.020071704 
393 732 2 3 0.020063236 
700 597 3 4 0.02004948 
979 138 7 9 0.020046676 
546 205 4 5 0.020044181 
369 731 2 4 0.020042978 
650 201 2 3 0.020036986 
164 356 41 47 0.020034604 
457 579 3 4 0.020030793 
547 727 3 3 0.020024074 
458 699 2 3 0.020010207 
630 609 4 4 0.020009102 
663 674 2 4 0.020004904 
584 193 3 4 0.02000291 
24 75 8 12 0.02000011 
