14_Traffic_Traffic_14_361
2405
513 277 6 7 0.50359786 
356 172 13 17 0.45976138 
673 320 9 10 0.45924768 
847 293 21 20 0.26121402 
460 179 8 9 0.23903781 
525 386 10 13 0.23518223 
104 288 541 335 0.23415229 
717 290 5 7 0.21392031 
429 307 6 6 0.19327217 
444 271 6 6 0.19154394 
552 276 7 7 0.16484502 
414 353 9 11 0.1505592 
453 319 8 7 0.13706541 
0 24 6 12 0.12776461 
450 338 12 12 0.12502696 
608 316 7 7 0.12399874 
319 168 7 8 0.12369381 
360 323 4 4 0.11897951 
297 298 4 5 0.1182802 
526 270 5 5 0.117088966 
551 273 5 4 0.11677598 
625 360 10 8 0.11421081 
511 302 7 8 0.11233262 
553 265 4 4 0.11218079 
525 368 6 5 0.111536026 
672 310 4 5 0.11100991 
564 277 6 5 0.110244334 
565 271 5 3 0.10818642 
609 356 28 23 0.10796326 
493 276 5 5 0.10787203 
918 291 11 13 0.10532308 
570 272 5 4 0.10403282 
668 310 5 5 0.103932425 
353 326 5 6 0.1039088 
603 271 6 6 0.103616945 
595 340 15 9 0.10117466 
564 268 4 3 0.100556195 
436 316 5 5 0.10021383 
555 207 7 7 0.10004146 
552 200 4 5 0.09909009 
567 325 8 9 0.09827563 
495 274 3 4 0.09819837 
525 377 8 8 0.09764494 
597 259 5 4 0.09759657 
242 30 11 18 0.09741335 
673 316 6 6 0.09656739 
517 280 6 7 0.095086835 
426 297 2 4 0.09429962 
559 272 5 3 0.09416653 
520 371 6 6 0.092427336 
513 273 5 4 0.09165268 
284 416 13 13 0.091639265 
508 302 5 6 0.09126609 
557 277 6 6 0.0901424 
291 302 4 5 0.08956939 
501 296 5 5 0.08773395 
416 310 5 5 0.08771341 
261 -80 565 353 0.087492436 
497 375 9 9 0.08724517 
660 322 6 6 0.08703605 
462 264 5 6 0.08671534 
593 295 7 6 0.086712465 
404 304 4 4 0.08585785 
650 338 9 8 0.08585479 
479 333 10 10 0.084884994 
516 302 11 10 0.08478542 
441 326 5 7 0.083998956 
423 332 7 9 0.08388082 
353 323 4 5 0.08367908 
577 271 4 4 0.08343356 
478 315 6 6 0.08251931 
544 220 5 6 0.08223041 
499 276 5 5 0.08198354 
654 316 4 4 0.08184671 
468 337 14 11 0.07943344 
422 338 7 9 0.07937881 
665 322 6 6 0.07931082 
502 333 14 13 0.07924114 
302 300 3 3 0.078747824 
508 271 3 4 0.07873454 
400 271 4 5 0.077942766 
434 309 6 6 0.07793515 
351 155 8 8 0.0777547 
509 225 13 9 0.077709235 
290 299 3 4 0.07753495 
548 187 7 7 0.07719114 
531 271 6 5 0.07687166 
430 354 5 7 0.07619165 
489 258 5 6 0.07542283 
858 285 20 21 0.075196594 
563 282 6 5 0.07516216 
953 365 108 72 0.07491406 
591 246 4 4 0.0747079 
381 265 4 5 0.073877886 
513 365 5 6 0.07380018 
444 366 7 8 0.073595524 
370 327 7 6 0.07344054 
588 253 5 5 0.07332977 
487 272 4 5 0.0731161 
717 82 15 12 0.07310396 
661 316 4 4 0.07305187 
685 316 5 5 0.07299824 
476 258 6 7 0.072267085 
367 328 6 5 0.07219487 
729 279 5 5 0.07211899 
537 368 6 5 0.072111085 
521 271 4 5 0.0720325 
559 267 4 3 0.07167547 
986 380 33 25 0.07153471 
432 316 4 5 0.07106076 
594 290 6 6 0.071056314 
572 285 4 5 0.071053006 
421 315 6 6 0.070863895 
671 239 33 31 0.07078574 
546 282 4 6 0.07076069 
374 269 4 5 0.07027068 
405 266 4 4 0.06993492 
552 207 6 7 0.06944167 
410 339 5 7 0.06917587 
488 309 7 7 0.06889783 
584 271 5 4 0.06854473 
451 320 6 6 0.06818006 
309 131 3 5 0.068110205 
372 323 5 5 0.06807273 
402 329 7 6 0.0679125 
367 323 4 4 0.06773594 
508 377 8 8 0.06771638 
513 361 6 6 0.06770583 
577 278 5 5 0.06765913 
305 112 3 4 0.06727854 
631 365 9 8 0.067265116 
721 313 8 9 0.06724278 
719 354 5 6 0.067073025 
348 322 4 4 0.06692442 
572 268 3 2 0.06688577 
430 270 4 5 0.06688095 
473 315 7 5 0.066853724 
634 327 5 5 0.066631235 
567 332 9 10 0.0661232 
923 93 4 3 0.06603743 
944 580 125 91 0.06590147 
456 290 5 5 0.06588859 
733 318 8 11 0.06585083 
492 226 7 6 0.06581845 
360 345 6 7 0.06566669 
-3 577 144 267 0.06557436 
518 361 5 5 0.065567866 
596 277 5 4 0.06554088 
577 248 4 3 0.06550976 
331 305 2 4 0.06524921 
399 304 4 4 0.06501933 
294 198 9 9 0.06496507 
335 305 3 4 0.064735815 
524 372 7 6 0.06456918 
425 308 4 5 0.06436446 
500 273 4 4 0.064268574 
635 324 4 5 0.0642677 
568 276 6 4 0.06417332 
492 327 8 7 0.064050026 
606 269 6 7 0.06390602 
369 397 9 8 0.06367382 
520 367 5 5 0.06331458 
362 384 8 9 0.06324142 
707 254 3 4 0.06318084 
590 279 5 4 0.062639445 
416 314 6 5 0.062326357 
364 333 8 7 0.06223691 
728 318 9 11 0.062090594 
486 281 6 6 0.06185307 
455 286 5 4 0.061744448 
585 253 5 4 0.061592754 
627 350 8 7 0.061446533 
577 283 4 5 0.06138311 
305 132 3 4 0.061121527 
431 346 5 7 0.06095414 
379 377 7 8 0.06080385 
631 360 11 8 0.06058108 
365 380 6 7 0.06056734 
555 341 9 8 0.060444787 
585 -102 577 402 0.06038768 
610 297 4 4 0.060222384 
383 378 7 8 0.06016745 
348 318 4 5 0.06016687 
595 285 5 4 0.060041443 
384 217 9 9 0.059970338 
497 331 11 9 0.059956525 
475 311 5 4 0.059914805 
553 388 15 11 0.059903633 
358 380 7 10 0.059780862 
505 222 23 19 0.05976822 
454 262 7 7 0.05975871 
572 288 4 5 0.05958998 
461 317 5 4 0.059529513 
802 100 13 10 0.059435684 
584 283 4 4 0.059336305 
440 322 6 7 0.059241015 
494 371 22 20 0.05905118 
591 283 4 4 0.05901228 
473 164 7 8 0.058994804 
399 338 9 9 0.058830738 
467 264 4 5 0.0585195 
423 328 7 8 0.058494523 
579 267 3 3 0.05846705 
591 291 5 5 0.058361102 
297 136 3 5 0.058319166 
430 297 4 4 0.05822061 
460 321 6 5 0.058167268 
609 311 5 5 0.057987463 
363 353 6 8 0.057970926 
636 201 4 5 0.05788134 
589 335 7 4 0.05786169 
565 260 4 3 0.05709511 
532 275 8 7 0.056944612 
371 385 5 6 0.056849 
546 272 5 4 0.056666162 
652 360 6 7 0.056610037 
367 298 3 4 0.056450244 
361 319 3 3 0.05641394 
310 300 3 3 0.056280244 
525 276 6 6 0.0562236 
443 275 5 6 0.05621474 
618 359 12 10 0.056209844 
398 297 3 4 0.056165274 
544 278 5 5 0.0561258 
469 316 5 4 0.056089792 
597 166 8 8 0.055978462 
610 303 4 4 0.05597361 
487 313 8 6 0.05571433 
532 186 6 7 0.05562608 
351 379 19 21 0.055620298 
515 381 21 23 0.055570193 
378 364 6 8 0.05552682 
472 321 7 6 0.05552569 
297 292 2 4 0.055462163 
507 339 10 10 0.055459935 
354 318 3 4 0.05535452 
486 167 9 8 0.05518689 
726 279 5 5 0.0550932 
308 155 4 6 0.05489752 
547 386 28 20 0.054821134 
724 291 5 5 0.054787654 
417 305 4 4 0.05476356 
726 262 2 2 0.054624125 
550 193 6 6 0.054614086 
304 179 9 11 0.054584876 
501 304 6 5 0.054564055 
600 258 6 5 0.05442228 
722 318 8 10 0.054344177 
283 257 3 5 0.054338545 
582 363 30 22 0.054258596 
618 208 3 4 0.054151643 
305 106 2 4 0.054130316 
527 259 3 4 0.053954206 
404 271 4 5 0.053903162 
315 243 5 8 0.053781535 
596 264 5 5 0.05358288 
415 366 7 9 0.053510725 
602 275 6 5 0.05350099 
568 339 9 9 0.053389486 
591 258 4 3 0.053387087 
352 301 5 7 0.05310323 
612 315 7 7 0.053081952 
394 297 3 5 0.052905742 
562 353 9 8 0.05289068 
381 305 3 4 0.05282368 
530 373 5 5 0.052815624 
309 106 3 4 0.05271557 
507 381 11 12 0.05269381 
460 292 6 5 0.052545574 
456 338 12 10 0.05240827 
447 276 5 5 0.052406542 
499 314 6 5 0.05238573 
89 41 6 6 0.052346695 
610 225 5 6 0.05233614 
830 284 21 25 0.051969882 
412 271 4 5 0.051966492 
450 318 5 4 0.051929116 
655 313 4 3 0.051923018 
580 571 561 352 0.051740706 
590 321 5 5 0.051701244 
442 292 3 4 0.051670868 
361 310 3 4 0.051599897 
601 331 6 4 0.05154606 
610 283 6 6 0.051538933 
290 68 3 4 0.05143528 
587 347 11 8 0.05140052 
584 315 4 5 0.051295966 
331 671 7 9 0.05127714 
584 289 5 5 0.051222235 
6 38 5 10 0.05108521 
482 226 6 7 0.051042177 
620 334 6 6 0.050904464 
499 283 6 5 0.05080548 
413 311 4 4 0.050790716 
1 34 7 15 0.05077976 
719 358 6 7 0.050743677 
584 267 4 3 0.05067114 
308 111 3 5 0.050623726 
378 323 5 4 0.050490778 
584 247 4 4 0.050466016 
356 166 9 12 0.05037165 
667 273 4 4 0.050291557 
590 317 5 5 0.050277036 
412 315 5 4 0.0502499 
839 153 7 7 0.05023916 
730 70 9 8 0.050211634 
621 214 5 5 0.050207883 
597 254 4 3 0.050207313 
425 305 4 4 0.050115094 
297 123 3 5 0.050061326 
384 371 6 7 0.050054505 
461 285 5 4 0.049948115 
589 270 5 4 0.049873225 
438 320 5 7 0.049854316 
891 375 95 89 0.049823828 
487 278 5 5 0.049650658 
424 272 5 4 0.049613297 
323 306 3 3 0.049611818 
456 177 18 21 0.04956314 
412 266 3 4 0.04954886 
527 267 4 4 0.0493571 
430 265 4 5 0.04932366 
296 118 3 4 0.0492419 
552 260 4 3 0.048894685 
713 278 4 6 0.048859872 
475 285 6 5 0.04885171 
406 299 3 3 0.048847303 
587 352 11 7 0.04877427 
622 309 4 5 0.048658345 
726 341 28 34 0.048649285 
622 208 4 4 0.048634194 
885 93 4 3 0.048604947 
482 272 4 4 0.048574284 
367 318 3 4 0.04853045 
352 162 46 39 0.04851988 
436 267 4 4 0.048273183 
590 267 4 4 0.048265077 
491 323 8 6 0.048264835 
710 359 6 7 0.04824046 
506 375 7 7 0.048224658 
580 391 27 20 0.04821419 
987 653 37 26 0.048182875 
421 320 7 8 0.048098616 
339 309 4 6 0.04808395 
392 316 4 4 0.04799197 
326 354 6 6 0.04781694 
379 278 5 6 0.047738004 
892 422 115 84 0.047723994 
296 111 4 5 0.047666077 
584 258 4 4 0.047543842 
930 92 4 3 0.047459688 
412 304 3 4 0.047269046 
361 232 5 7 0.04720401 
366 402 8 9 0.047150426 
618 215 4 4 0.047133885 
314 153 6 8 0.047133353 
468 273 5 4 0.04693811 
491 313 7 6 0.046922676 
565 195 5 5 0.0468765 
488 323 6 5 0.046852175 
386 305 3 4 0.046849072 
608 265 5 5 0.046832036 
410 335 5 6 0.046759885 
499 309 6 6 0.046746265 
594 335 9 5 0.046733964 
642 174 4 5 0.046669934 
532 369 5 4 0.046619598 
576 289 4 5 0.046560694 
461 295 5 5 0.046410695 
516 289 8 7 0.046359062 
648 174 4 5 0.04628546 
597 245 4 5 0.04626915 
418 272 4 4 0.046196617 
441 373 29 28 0.046165798 
631 382 7 9 0.046105888 
198 35 8 12 0.04604448 
303 303 3 4 0.046030954 
282 309 4 5 0.045964073 
630 207 5 5 0.045953225 
284 67 3 5 0.04595203 
342 324 3 4 0.045925703 
417 266 3 4 0.045924366 
667 315 5 5 0.045794874 
336 299 2 3 0.045773946 
481 309 5 4 0.0457373 
309 304 4 4 0.045731504 
296 302 4 5 0.045679808 
610 238 5 6 0.045657065 
481 305 5 4 0.045638476 
379 362 4 6 0.045624193 
663 274 3 3 0.045603104 
264 183 5 5 0.045555003 
456 296 5 4 0.045522243 
481 284 5 5 0.045494 
509 344 8 8 0.045484584 
289 292 4 4 0.045432806 
327 359 4 7 0.045358695 
513 306 7 7 0.045323644 
557 201 4 4 0.045301966 
469 276 5 5 0.04526529 
443 316 5 5 0.045230582 
320 152 8 13 0.045202214 
565 289 5 5 0.045201555 
305 116 3 6 0.045148894 
389 205 8 7 0.04506903 
419 277 5 6 0.045059334 
712 253 3 4 0.045016125 
621 317 4 4 0.044937927 
734 314 8 9 0.04489952 
570 355 13 13 0.044815723 
579 261 3 2 0.044777937 
584 280 5 3 0.044755913 
699 141 5 7 0.04473011 
525 283 5 6 0.04471732 
628 200 4 5 0.044687565 
740 308 8 9 0.044674218 
883 104 5 6 0.044673946 
628 291 4 5 0.04466019 
498 359 23 22 0.044614665 
624 200 4 5 0.044588372 
455 165 6 8 0.044544846 
610 245 5 7 0.04452794 
686 310 4 4 0.044427875 
642 200 3 5 0.0443375 
577 251 5 4 0.044335265 
803 152 3 4 0.0442545 
347 327 5 5 0.044253558 
648 312 4 4 0.044214915 
437 270 4 4 0.04415869 
327 671 7 9 0.044107165 
654 155 4 5 0.044069234 
382 149 8 7 0.044040386 
400 267 4 4 0.04395094 
622 372 12 10 0.043929745 
718 313 6 9 0.043909043 
642 207 4 5 0.043872684 
438 291 4 5 0.04381793 
370 334 7 6 0.04370289 
679 310 5 5 0.04368686 
629 182 4 4 0.043630693 
537 271 6 5 0.043492917 
609 277 6 6 0.04348648 
930 89 4 3 0.043480676 
596 271 5 5 0.043446165 
653 355 5 5 0.043377075 
924 88 3 2 0.043350905 
618 349 23 21 0.04334487 
450 312 4 3 0.04330813 
538 183 4 5 0.043249227 
732 66 6 6 0.043174412 
358 327 5 5 0.04305495 
505 297 5 4 0.04304085 
435 346 6 6 0.043036226 
356 155 8 7 0.043026622 
499 379 27 25 0.04297638 
419 352 7 9 0.04296622 
419 297 3 4 0.0428867 
551 282 6 5 0.042827435 
336 309 3 5 0.042754404 
446 342 12 13 0.042734116 
263 185 7 8 0.04271239 
394 277 3 5 0.042702246 
617 298 4 4 0.04268775 
455 162 6 7 0.04268447 
479 263 5 5 0.042577352 
397 324 5 4 0.042576324 
649 156 4 6 0.04252367 
372 159 25 21 0.0424958 
316 305 3 4 0.042437688 
828 91 4 5 0.0424254 
399 277 3 5 0.042422265 
379 281 4 6 0.042415313 
467 328 8 6 0.042403113 
725 282 5 6 0.042388283 
610 208 4 4 0.042329136 
494 265 4 5 0.042302735 
411 251 5 5 0.042133316 
408 209 9 10 0.041989483 
604 317 5 4 0.041981928 
602 253 4 4 0.04192311 
511 375 6 6 0.041922763 
474 278 5 4 0.041862745 
903 276 6 7 0.041803572 
282 316 4 4 0.041759584 
361 303 3 4 0.04175877 
278 67 3 5 0.04164266 
558 261 4 3 0.041639805 
364 370 6 8 0.041636698 
514 266 3 3 0.041617636 
590 360 14 9 0.041537993 
478 162 7 7 0.041499935 
662 278 3 4 0.041451737 
308 116 4 6 0.041448537 
736 296 5 5 0.04139427 
510 336 7 7 0.041325666 
323 336 4 5 0.041242838 
444 266 4 4 0.041204844 
742 295 5 6 0.041183967 
465 186 9 9 0.041183807 
383 335 9 7 0.041151054 
354 292 4 4 0.04113816 
367 311 3 3 0.041080434 
373 226 7 8 0.041046824 
487 225 7 7 0.041010596 
475 272 4 5 0.040978786 
724 295 4 6 0.04097335 
521 260 3 3 0.040954288 
988 118 4 5 0.0407592 
488 264 4 5 0.04071519 
431 292 4 4 0.040713545 
309 67 3 5 0.04070174 
618 201 3 4 0.040627293 
493 258 4 5 0.040609267 
546 207 5 6 0.04059343 
679 316 5 6 0.040574063 
852 304 24 23 0.04053768 
636 173 5 6 0.04044124 
729 282 5 5 0.040418614 
617 390 10 9 0.040376708 
386 271 3 5 0.040375482 
878 88 3 3 0.040332593 
877 72 5 4 0.040294744 
379 269 4 6 0.04010956 
485 173 10 8 0.040066548 
888 291 12 14 0.039988793 
732 262 3 3 0.039968506 
455 260 5 5 0.039959606 
466 192 10 11 0.039934095 
735 301 7 6 0.039927643 
303 309 3 4 0.03990942 
508 278 4 4 0.039846692 
713 260 3 3 0.03983096 
373 381 4 5 0.039817568 
354 384 7 10 0.039803624 
593 344 13 9 0.039662126 
831 281 12 16 0.039661087 
717 301 5 7 0.039658155 
535 276 9 7 0.039534 
628 188 4 5 0.039529115 
278 309 4 4 0.03952652 
377 667 10 9 0.03952428 
596 331 6 4 0.039514687 
384 212 8 9 0.03949625 
566 234 4 4 0.039473925 
730 292 5 4 0.039457776 
839 151 6 6 0.03938693 
748 338 9 8 0.03938554 
720 261 3 3 0.03937787 
545 265 5 3 0.039375063 
650 277 3 4 0.039362527 
610 291 4 4 0.03936127 
363 340 8 8 0.0393515 
556 220 8 8 0.039303802 
871 312 24 24 0.03929027 
534 407 124 86 0.03925617 
825 262 5 8 0.038959175 
572 163 4 4 0.038946226 
380 310 3 3 0.03892086 
508 366 5 6 0.038917992 
297 67 3 5 0.03882983 
930 432 4 5 0.03882105 
353 297 4 6 0.038801588 
545 260 5 3 0.038796347 
538 225 5 5 0.03869744 
521 377 6 7 0.0386759 
537 186 5 6 0.03867101 
918 239 47 44 0.038659245 
651 160 6 8 0.038640663 
711 155 5 6 0.038637348 
857 351 27 26 0.0385831 
491 348 26 22 0.038571306 
617 173 4 6 0.03855224 
650 286 3 4 0.038544875 
753 338 9 9 0.038526148 
488 305 5 4 0.038404826 
650 290 3 4 0.03839875 
279 267 2 3 0.03838842 
303 136 4 5 0.038368292 
832 91 5 5 0.03831879 
383 449 5 7 0.038270626 
434 304 5 6 0.038262267 
741 329 20 22 0.03826063 
528 254 3 4 0.038260266 
416 340 6 7 0.038258854 
500 257 4 5 0.038256735 
864 110 5 5 0.03824979 
600 336 9 5 0.03823354 
663 284 3 5 0.03823252 
876 281 18 23 0.03818564 
540 260 4 4 0.03818123 
743 291 4 5 0.03817866 
314 128 4 6 0.03811043 
508 267 4 3 0.038107753 
297 149 4 5 0.03809422 
382 188 8 7 0.037997108 
879 92 4 4 0.0379436 
451 332 25 19 0.03794302 
400 291 3 5 0.037938435 
873 285 11 15 0.03793353 
323 340 4 6 0.03792761 
394 304 3 4 0.03792488 
712 63 12 9 0.037862435 
378 188 7 7 0.03784436 
427 327 8 11 0.03782611 
634 206 4 5 0.037795022 
557 195 5 5 0.037765555 
482 337 11 11 0.037747435 
515 260 3 4 0.03774742 
518 198 8 6 0.03774644 
470 313 4 3 0.037730817 
619 376 22 21 0.037730552 
313 88 102 91 0.03769925 
297 142 3 5 0.03767938 
495 296 4 4 0.03758855 
539 200 5 5 0.037586853 
374 305 2 3 0.037532486 
487 332 22 21 0.03751747 
220 590 53 39 0.03751607 
425 293 2 3 0.03749025 
572 253 4 3 0.03743542 
822 354 56 48 0.037364602 
603 265 4 4 0.037352324 
808 151 4 4 0.037345808 
603 321 6 5 0.037319865 
879 100 4 4 0.03731622 
356 159 8 9 0.03724486 
349 211 9 9 0.03724481 
437 278 4 5 0.037235044 
540 234 3 5 0.03722986 
865 106 5 5 0.037228253 
648 316 4 5 0.03719914 
718 319 6 9 0.03714718 
392 272 4 5 0.037103772 
411 278 3 4 0.037082396 
374 176 11 11 0.037071962 
572 260 3 3 0.037061084 
861 320 25 22 0.03703555 
473 175 7 7 0.03697134 
500 338 20 20 0.036942422 
480 175 8 7 0.03690117 
342 297 4 4 0.036896434 
924 431 4 4 0.036880348 
609 260 4 4 0.03683187 
718 279 3 4 0.036806826 
405 291 3 4 0.036790535 
361 335 6 6 0.03676239 
380 297 3 4 0.036751505 
873 100 4 4 0.036722116 
415 348 8 8 0.03671401 
303 141 4 6 0.03670268 
297 132 4 4 0.036686018 
622 304 4 4 0.03667632 
538 265 5 4 0.036653534 
655 278 3 3 0.03663973 
596 238 5 7 0.03660824 
384 265 4 5 0.036597095 
465 344 11 9 0.0365599 
525 380 24 20 0.036545727 
507 252 4 5 0.036538173 
517 179 9 9 0.036536522 
725 265 4 4 0.03653604 
266 186 7 7 0.03652187 
643 291 3 3 0.036477454 
654 274 4 4 0.03645443 
392 323 5 5 0.036438484 
707 258 3 4 0.036437582 
472 415 50 39 0.036427695 
591 241 5 4 0.03641409 
503 328 9 9 0.036406834 
305 157 3 5 0.036393285 
736 309 7 7 0.036369145 
367 178 11 11 0.03636363 
336 323 3 4 0.0363398 
925 292 10 12 0.03632173 
827 99 4 5 0.036305193 
340 315 4 5 0.036258057 
522 267 3 3 0.03619606 
375 160 13 12 0.036195535 
828 155 4 4 0.03613428 
519 328 6 5 0.036061615 
924 98 4 4 0.036054663 
442 332 5 8 0.03603828 
620 352 8 7 0.036021568 
373 310 3 3 0.036007266 
655 290 3 4 0.036001038 
611 214 4 4 0.03599985 
317 646 41 46 0.035977203 
569 194 5 5 0.035923418 
891 88 4 3 0.035905983 
308 161 4 7 0.035837915 
406 278 4 4 0.03583739 
814 157 5 5 0.035806276 
423 284 3 4 0.03580572 
891 93 4 3 0.035767674 
878 302 20 22 0.03572123 
442 311 6 5 0.035706222 
596 227 4 5 0.035635494 
654 322 5 4 0.03563094 
403 309 5 4 0.03560569 
668 279 4 4 0.035595696 
601 171 10 11 0.03558447 
290 200 6 7 0.03556948 
487 327 8 7 0.03555954 
596 317 5 4 0.035549212 
636 171 4 4 0.035529904 
397 335 8 6 0.03552683 
590 311 6 4 0.035526473 
873 105 5 6 0.035501335 
634 353 13 10 0.035445374 
316 299 3 3 0.035431582 
597 214 5 5 0.035428748 
564 208 5 5 0.035415146 
710 353 4 6 0.03540195 
298 106 3 4 0.03534881 
621 174 4 5 0.03532737 
674 279 4 5 0.035321977 
460 161 7 7 0.03531886 
625 334 7 7 0.035313748 
386 296 4 5 0.03529633 
595 231 6 6 0.035258405 
923 438 4 6 0.03518589 
817 268 9 11 0.035181813 
411 258 4 5 0.03517876 
390 368 7 6 0.0351656 
949 404 125 88 0.035115447 
592 201 3 4 0.035109837 
498 226 8 6 0.03509218 
610 219 4 5 0.03509201 
845 25 121 94 0.03508547 
604 201 5 5 0.035080597 
916 99 4 5 0.035066657 
362 298 3 5 0.03504828 
467 291 6 4 0.03500751 
505 360 7 7 0.03500285 
844 292 13 15 0.03498479 
708 164 3 5 0.034980193 
353 308 4 5 0.034927536 
998 365 25 25 0.034918804 
550 216 8 8 0.034906983 
158 48 45 44 0.03485746 
423 276 5 5 0.034856614 
460 328 7 6 0.034840394 
958 319 90 85 0.03483597 
621 330 5 4 0.034820165 
713 87 96 84 0.034806818 
717 308 6 9 0.034770023 
699 137 4 6 0.034767736 
610 249 5 6 0.034758244 
685 321 5 6 0.034731697 
914 317 22 25 0.03471415 
307 176 6 8 0.034709137 
381 449 4 6 0.03466513 
425 266 4 3 0.034644127 
13 40 5 7 0.03459286 
754 346 8 10 0.034526367 
602 291 5 4 0.034494385 
576 162 5 5 0.03447655 
655 334 9 7 0.034473263 
845 99 6 4 0.034389548 
905 289 16 20 0.03438281 
283 253 4 5 0.034344185 
665 326 6 7 0.034304593 
622 297 4 5 0.034289345 
598 208 3 4 0.03428776 
314 160 5 7 0.034285843 
462 277 5 4 0.0342342 
501 266 3 4 0.03419418 
622 323 5 4 0.0341649 
385 366 6 7 0.03415815 
396 398 8 7 0.0341335 
499 200 5 6 0.034133185 
431 358 5 7 0.034095265 
527 328 5 5 0.03403407 
397 368 7 5 0.034012303 
917 283 11 10 0.033983886 
720 266 3 3 0.033966918 
448 384 58 42 0.033964712 
349 405 9 9 0.03391947 
385 277 4 6 0.03391503 
393 266 3 4 0.033886034 
596 322 5 4 0.033837087 
866 356 12 11 0.033823647 
389 380 6 6 0.033813052 
559 235 4 3 0.03380467 
719 215 3 4 0.0338035 
855 280 10 9 0.03379367 
380 260 3 4 0.0337777 
495 375 6 6 0.033771902 
360 290 4 4 0.033768006 
372 339 7 7 0.033745635 
912 405 5 6 0.033732623 
627 356 25 20 0.033727966 
680 279 4 5 0.03372095 
289 194 6 6 0.03368345 
674 150 4 6 0.03366555 
411 372 5 6 0.033661805 
341 290 4 5 0.033557635 
737 292 5 5 0.03355118 
330 299 3 3 0.033547375 
513 354 6 7 0.03349803 
617 196 4 4 0.03348145 
296 310 3 4 0.03345037 
650 208 3 4 0.033440158 
336 315 3 5 0.033431657 
412 298 3 4 0.033431504 
809 102 8 7 0.03343098 
513 300 19 20 0.03342987 
882 429 46 50 0.03341494 
297 92 3 5 0.033410862 
565 330 116 77 0.03341027 
885 100 3 4 0.033380955 
352 663 47 40 0.033363 
505 315 5 5 0.03335365 
379 336 7 5 0.03334638 
415 246 5 6 0.033339974 
309 136 4 5 0.033336286 
380 246 498 291 0.033327222 
454 271 6 5 0.033314534 
323 310 3 3 0.03329791 
830 153 3 3 0.03328727 
424 200 6 7 0.033286292 
289 309 4 4 0.033273783 
452 285 4 3 0.033259742 
622 224 6 7 0.03317871 
479 321 5 5 0.033070743 
374 298 3 4 0.033036362 
656 261 23 27 0.033016063 
4 26 6 8 0.033010002 
430 277 4 5 0.032999936 
869 337 28 27 0.032940328 
379 373 6 6 0.032939833 
666 205 5 6 0.032907378 
914 295 12 15 0.032903783 
383 339 11 9 0.03287873 
531 282 7 7 0.03286628 
937 297 20 23 0.03286244 
374 293 3 3 0.032843906 
551 168 6 6 0.03284168 
523 227 6 5 0.03283913 
441 359 7 7 0.03282816 
935 88 5 3 0.03281174 
708 156 3 5 0.03280505 
427 200 6 7 0.03278985 
35 212 129 103 0.032785807 
383 444 5 6 0.032778524 
380 292 3 3 0.032756317 
668 196 4 4 0.03272844 
534 260 3 3 0.032710638 
584 321 5 5 0.032690093 
647 334 9 7 0.032674868 
418 330 5 5 0.032657884 
589 340 10 7 0.032590218 
623 259 4 4 0.032589894 
451 293 4 3 0.03258758 
396 245 9 9 0.032574423 
522 468 121 88 0.032550763 
297 98 3 5 0.032550056 
367 293 3 3 0.032531835 
867 365 13 15 0.032503538 
430 261 4 4 0.03249749 
482 278 5 5 0.032488808 
444 355 60 43 0.03248745 
700 271 4 5 0.032477614 
558 290 5 5 0.0324655 
703 340 5 6 0.032455426 
929 318 21 23 0.032434367 
544 224 5 6 0.032426383 
653 227 80 78 0.032425527 
453 185 9 9 0.032406457 
602 284 6 5 0.032385316 
471 326 8 7 0.03237656 
383 323 6 4 0.032365482 
369 391 9 8 0.0323549 
558 281 5 6 0.0323542 
590 331 6 4 0.032339837 
519 389 9 11 0.032308232 
624 182 3 4 0.032305196 
526 363 5 3 0.032302525 
585 207 4 5 0.032291565 
897 317 22 26 0.0322658 
929 436 5 7 0.032256488 
326 341 4 6 0.032252125 
383 328 8 6 0.032250524 
443 297 4 4 0.032212395 
386 363 4 5 0.032204043 
-2 -173 93 149 0.032197148 
290 256 5 7 0.03216225 
333 154 6 7 0.032149944 
332 164 9 12 0.032149706 
631 351 12 8 0.032148983 
404 317 5 4 0.032148633 
661 313 4 3 0.032139 
714 296 4 5 0.032114424 
686 305 4 4 0.03211292 
620 284 5 6 0.03209283 
617 331 5 4 0.032076668 
331 660 7 8 0.03204965 
257 91 80 93 0.03204332 
571 233 4 4 0.032024927 
362 358 5 7 0.031988993 
367 302 3 4 0.031983707 
174 72 7 9 0.031976275 
303 245 6 6 0.031969205 
565 200 5 4 0.031899575 
431 321 6 7 0.03189791 
545 202 4 4 0.03188289 
743 340 22 24 0.03187183 
289 72 4 5 0.03184011 
706 352 6 6 0.031837113 
329 309 3 4 0.031825304 
436 354 6 6 0.031819273 
290 154 44 44 0.03180839 
236 37 19 31 0.03180121 
405 259 5 6 0.031774484 
304 92 3 4 0.03176534 
713 319 4 7 0.031753365 
393 291 3 5 0.031718154 
298 157 3 5 0.031716973 
595 363 14 10 0.031714033 
-10 435 496 310 0.03169615 
873 87 4 4 0.031664435 
919 93 3 3 0.03165595 
713 215 3 4 0.03162613 
732 155 4 5 0.031616155 
733 320 18 21 0.03160172 
487 221 6 4 0.03159572 
539 252 4 4 0.031588953 
449 264 5 5 0.031541158 
461 193 8 9 0.031540032 
824 295 41 39 0.03153725 
479 288 6 6 0.031511955 
513 329 6 6 0.031498 
501 253 4 4 0.0314771 
310 144 17 25 0.031473733 
704 140 5 8 0.03145285 
458 335 9 6 0.031391274 
14 36 5 6 0.0313835 
535 226 3 4 0.03137986 
544 120 50 48 0.031374935 
359 416 6 7 0.031371143 
429 341 6 7 0.03134075 
173 531 129 96 0.031317808 
314 103 4 6 0.031314705 
674 306 3 3 0.031300478 
397 317 5 3 0.031271152 
297 73 3 4 0.03126824 
326 173 8 9 0.031251617 
753 351 9 10 0.031222157 
174 66 22 25 0.03120671 
888 306 11 13 0.031205833 
386 317 5 4 0.031177096 
345 207 7 7 0.031168357 
325 158 7 9 0.03114976 
342 603 100 93 0.03114942 
203 172 23 34 0.031147046 
690 354 6 5 0.031118557 
595 310 6 5 0.031117337 
652 346 6 6 0.03111249 
1011 286 7 8 0.031099029 
278 317 4 4 0.031071197 
838 310 21 20 0.031065295 
724 155 5 6 0.031034581 
297 85 3 5 0.03103083 
436 360 5 6 0.03102076 
617 218 4 5 0.031013923 
419 293 3 3 0.030956315 
387 310 3 3 0.030952742 
649 273 4 4 0.030902391 
363 180 12 13 0.030901333 
601 213 6 6 0.030900875 
347 306 5 6 0.030895207 
416 259 4 4 0.030856889 
576 235 4 3 0.03084865 
437 284 4 4 0.030842975 
262 237 6 7 0.03081945 
488 297 5 4 0.030810185 
603 207 4 5 0.030802654 
565 253 4 3 0.030799624 
534 184 4 4 0.03077904 
669 307 3 3 0.030777082 
377 339 8 8 0.030777058 
340 153 5 7 0.030765379 
145 50 11 11 0.0307612 
391 327 6 6 0.03074157 
712 282 4 5 0.030734526 
922 421 23 30 0.030720707 
294 342 98 95 0.03070342 
421 346 6 8 0.030690294 
571 317 4 4 0.030689789 
922 81 5 4 0.030673673 
643 286 3 4 0.03066759 
532 267 5 3 0.030665735 
309 240 4 5 0.030665508 
284 265 3 5 0.030651748 
454 327 8 7 0.030630304 
708 97 9 12 0.030628074 
354 380 6 8 0.030610407 
662 290 3 4 0.030588016 
538 371 6 6 0.030556083 
423 365 6 8 0.030533286 
956 505 113 95 0.030518217 
425 261 4 3 0.030514227 
455 156 6 5 0.030500615 
283 304 4 4 0.03049196 
728 -146 290 120 0.030481502 
479 193 8 7 0.030473541 
415 252 4 5 0.030422764 
637 362 10 9 0.030340688 
873 92 3 3 0.030296993 
606 168 7 8 0.030296799 
343 271 3 4 0.030280031 
621 218 6 6 0.030276624 
888 403 6 7 0.030269884 
901 412 6 6 0.03025857 
597 303 6 4 0.030256916 
710 167 4 6 0.030241257 
585 241 3 3 0.030239573 
905 619 138 99 0.030235987 
395 260 21 28 0.03021994 
376 96 52 45 0.030213375 
441 344 8 11 0.030200731 
538 281 7 7 0.030192422 
636 227 4 4 0.030187184 
1007 300 11 12 0.03017888 
637 197 3 3 0.0301781 
437 296 4 5 0.030174498 
726 201 3 4 0.03016229 
1008 331 19 23 0.03014376 
327 667 7 8 0.030139346 
274 194 8 9 0.030134546 
316 168 6 8 0.030117605 
445 350 11 12 0.03011117 
284 297 4 5 0.030108985 
350 162 11 13 0.030096302 
494 305 4 4 0.030093614 
876 476 51 47 0.030069089 
315 249 5 7 0.030067494 
629 380 538 360 0.030028319 
441 391 105 77 0.030024962 
346 302 6 8 0.030018423 
531 328 5 5 0.030011483 
498 320 8 6 0.029992681 
570 229 5 4 0.02997709 
696 290 7 9 0.029975446 
378 328 6 5 0.02997013 
642 195 3 5 0.029967524 
300 226 5 7 0.029965293 
427 453 125 94 0.029956158 
304 68 3 4 0.029939482 
801 64 6 6 0.029930811 
329 316 3 5 0.029905992 
655 286 3 4 0.029902736 
348 154 6 7 0.029898696 
712 75 47 36 0.029890867 
434 220 7 8 0.029890662 
316 310 3 3 0.029888215 
819 265 6 7 0.029880319 
290 123 5 6 0.029847648 
571 354 29 21 0.029834313 
848 288 42 34 0.029820982 
466 175 8 8 0.029820416 
302 150 4 5 0.029795576 
466 335 11 8 0.02976724 
423 155 7 7 0.02976019 
508 112 114 95 0.029737825 
662 266 4 4 0.029732311 
469 321 6 5 0.029732252 
870 488 7 6 0.029707007 
842 331 8 9 0.029683514 
369 332 45 44 0.029681016 
468 371 31 21 0.02966701 
944 227 28 30 0.02966502 
314 172 7 8 0.029659221 
627 232 5 8 0.029646331 
443 285 106 88 0.029646043 
558 241 5 4 0.02963263 
532 324 4 5 0.029621758 
309 309 4 4 0.029620005 
713 314 6 9 0.029606314 
703 358 7 8 0.029599752 
462 271 5 5 0.029590098 
261 171 51 50 0.02958718 
304 86 3 4 0.029583048 
800 99 8 7 0.029568613 
606 335 9 6 0.029550994 
605 361 54 40 0.029533671 
698 335 6 6 0.029521927 
240 123 4 8 0.029511841 
507 379 47 37 0.029485807 
577 201 5 4 0.029484823 
602 192 8 8 0.029460885 
333 408 6 6 0.029457534 
706 350 4 5 0.029439708 
561 368 23 23 0.029437987 
636 112 42 50 0.029429788 
27 35 4 5 0.029406482 
666 214 4 6 0.029366449 
734 6 53 41 0.029353075 
556 379 60 39 0.029340493 
488 339 46 42 0.029339168 
347 291 3 5 0.029288402 
399 310 5 4 0.029255657 
477 263 4 5 0.029252954 
622 290 4 4 0.029248696 
303 124 4 4 0.029229514 
403 151 6 5 0.02922125 
881 321 46 45 0.029213661 
436 367 5 6 0.029212363 
539 238 4 4 0.029181425 
467 166 8 8 0.029164735 
625 196 3 4 0.029149942 
650 21 13 8 0.029148724 
853 105 4 4 0.029142221 
308 142 4 6 0.029137254 
743 75 7 5 0.029132793 
297 227 5 6 0.029132405 
309 355 5 5 0.02913079 
242 82 6 10 0.029103193 
540 222 4 4 0.029082205 
399 284 4 5 0.029081937 
393 282 3 5 0.029071126 
489 397 49 42 0.029065207 
303 250 6 9 0.029057926 
916 418 4 5 0.029023573 
998 301 8 9 0.029019821 
907 281 9 9 0.02900269 
643 377 11 9 0.029000267 
577 240 4 3 0.028994404 
617 291 4 3 0.028986888 
271 278 3 4 0.028970493 
374 278 4 5 0.028959664 
321 69 6 12 0.028954273 
667 201 4 5 0.028949836 
635 233 5 6 0.028947625 
290 374 5 5 0.028947419 
304 668 48 52 0.028926875 
654 150 4 5 0.02892517 
412 291 3 4 0.028919341 
507 259 4 4 0.0289064 
295 379 5 6 0.02890516 
849 360 25 26 0.028898994 
861 106 4 4 0.02888228 
268 193 7 8 0.028874919 
561 379 9 6 0.028858634 
796 94 23 18 0.028845983 
505 321 6 6 0.028841192 
546 213 5 4 0.028835932 
516 174 10 9 0.028835794 
307 166 5 7 0.028819285 
911 387 5 6 0.028800497 
605 312 4 3 0.02875134 
808 368 41 46 0.028729344 
797 152 3 4 0.02871689 
377 153 10 8 0.028698266 
653 174 5 6 0.028695434 
489 253 4 4 0.028677378 
525 196 6 5 0.028670607 
898 249 45 46 0.028663551 
534 233 4 5 0.028638484 
706 298 19 26 0.02863545 
548 254 3 3 0.028634017 
501 292 5 4 0.028624428 
863 475 107 88 0.028619088 
309 214 6 7 0.028613243 
626 225 5 6 0.028604593 
262 197 6 9 0.028586216 
986 300 8 9 0.02858427 
649 194 4 6 0.028580021 
514 314 7 7 0.028572144 
616 260 4 4 0.028558094 
733 78 54 41 0.028510809 
303 293 3 3 0.028493535 
312 185 9 11 0.028485214 
649 213 3 5 0.028485028 
618 170 4 5 0.028476799 
506 309 5 5 0.02846879 
577 166 6 7 0.028426142 
693 141 5 8 0.028406672 
629 175 4 5 0.02840138 
480 298 5 4 0.028394202 
194 117 26 29 0.02838647 
660 204 5 7 0.028385477 
660 148 5 6 0.028384248 
686 175 4 5 0.028365362 
193 158 23 31 0.028357334 
570 344 7 8 0.028354233 
479 166 7 7 0.028338283 
395 192 45 43 0.02832982 
495 253 4 4 0.02831506 
468 260 4 4 0.028304944 
818 156 5 5 0.028294979 
628 296 4 5 0.028262924 
474 289 7 5 0.028242923 
644 312 3 4 0.028240886 
315 241 5 6 0.02822376 
369 172 12 11 0.02822156 
370 175 23 24 0.02820415 
450 297 4 4 0.028201194 
758 440 55 51 0.028198779 
889 411 6 8 0.028189875 
680 362 5 4 0.028151482 
590 208 4 4 0.028129384 
384 335 26 22 0.028127806 
323 299 3 3 0.028087491 
347 150 4 5 0.02807414 
341 629 4 6 0.028071573 
280 199 6 7 0.028056238 
440 360 21 24 0.02802109 
323 664 20 24 0.028017348 
438 339 18 22 0.028016297 
493 282 6 5 0.02800381 
326 336 4 5 0.027989969 
375 166 46 42 0.027953692 
689 130 3 5 0.027946923 
744 77 8 6 0.027943427 
687 297 99 77 0.027933514 
290 316 4 4 0.027932433 
904 281 6 8 0.027926872 
512 160 7 7 0.027921434 
532 193 6 6 0.027893184 
518 384 8 9 0.027883831 
457 253 4 4 0.027871285 
362 166 25 22 0.027870433 
552 254 4 3 0.027838537 
732 47 53 41 0.02782479 
571 247 4 3 0.027823908 
475 437 56 48 0.027796706 
601 179 9 9 0.027795875 
707 167 4 6 0.027765518 
517 297 8 8 0.02776551 
706 137 4 6 0.027743723 
461 156 6 5 0.02773514 
283 412 6 6 0.0277156 
375 144 25 21 0.02769343 
386 283 4 4 0.02769123 
518 356 5 5 0.027678015 
597 217 4 6 0.027676348 
448 259 5 5 0.027675755 
541 150 49 46 0.027659297 
916 398 5 6 0.02765477 
298 177 17 21 0.027648874 
361 398 20 19 0.02763311 
668 188 3 4 0.027606983 
368 279 3 4 0.027599689 
675 189 3 4 0.027596783 
487 163 7 6 0.027583707 
524 232 6 5 0.027575001 
636 264 26 29 0.027556146 
679 354 6 4 0.027544426 
297 161 4 6 0.027519904 
812 99 6 6 0.027517306 
833 155 6 5 0.027516194 
816 264 4 6 0.02751026 
419 283 4 5 0.027507901 
186 595 63 44 0.02749518 
279 258 3 4 0.027492803 
385 206 8 8 0.027478667 
398 329 6 5 0.027476499 
335 150 4 6 0.02747562 
402 153 8 7 0.027462808 
728 301 52 42 0.027447809 
532 371 53 42 0.027441544 
584 311 4 5 0.027438078 
398 372 6 5 0.027427386 
506 291 6 5 0.027420975 
308 244 5 7 0.027407032 
514 252 3 5 0.027397051 
344 183 47 44 0.027352685 
388 336 10 7 0.02734493 
642 188 3 5 0.027334737 
606 178 7 8 0.02732419 
278 271 3 4 0.027303122 
290 251 6 7 0.027285336 
794 344 38 42 0.02728531 
409 329 6 6 0.027264468 
456 313 4 3 0.027257076 
922 304 21 24 0.027236665 
543 374 9 6 0.027233709 
459 165 8 9 0.027223306 
804 89 9 7 0.027218523 
357 347 3 5 0.027207065 
494 292 5 4 0.027202118 
988 121 5 7 0.027198968 
386 292 4 4 0.027177231 
877 105 4 5 0.0271635 
553 234 4 4 0.027159063 
291 193 19 22 0.027157048 
352 110 54 50 0.027152898 
294 181 52 47 0.027141262 
743 279 4 5 0.027131977 
353 331 6 7 0.027125204 
255 656 56 46 0.027106155 
577 157 5 5 0.027094053 
715 69 10 9 0.027067186 
779 112 8 9 0.02704118 
489 246 4 5 0.027036237 
828 316 20 23 0.027026957 
341 302 5 7 0.027020562 
420 358 8 9 0.026992237 
731 152 4 4 0.026992165 
505 227 11 10 0.026986854 
230 63 21 36 0.026968498 
281 186 21 24 0.026951557 
814 152 5 4 0.026951455 
608 201 5 5 0.02694661 
257 155 4 6 0.02694319 
570 167 5 6 0.026936691 
565 246 4 3 0.026931327 
597 203 3 3 0.026926493 
501 247 4 5 0.026919542 
883 334 84 88 0.026914725 
476 305 5 4 0.02690125 
584 330 5 5 0.026896074 
959 284 9 8 0.026893843 
737 283 5 5 0.026880791 
681 188 3 4 0.026872845 
278 278 3 5 0.026870996 
275 290 4 6 0.026870266 
443 284 4 4 0.026843403 
302 241 4 5 0.026842494 
882 281 9 12 0.026832364 
329 322 3 4 0.026829118 
954 450 115 98 0.026828516 
878 70 4 3 0.026819006 
592 220 3 4 0.02680578 
486 213 7 6 0.026801378 
585 335 6 5 0.026799347 
392 311 4 4 0.026797228 
889 398 5 7 0.026793871 
731 265 4 4 0.026782302 
392 180 11 10 0.026773842 
869 495 12 8 0.026747178 
703 8 107 84 0.02673235 
577 215 4 4 0.026722973 
333 394 9 10 0.026716368 
779 90 11 9 0.02670581 
771 76 39 37 0.026699828 
778 101 91 91 0.026694387 
262 252 4 5 0.02668781 
403 249 6 7 0.02668578 
513 296 6 5 0.02668572 
916 411 4 5 0.026663437 
542 378 10 7 0.026651915 
504 351 9 9 0.026618265 
732 203 97 89 0.026616214 
615 353 7 7 0.026610851 
918 263 43 41 0.026608208 
688 143 4 6 0.02660501 
374 283 4 5 0.02658763 
1006 313 22 28 0.026574114 
308 72 4 4 0.026573317 
948 87 5 4 0.026570925 
290 379 5 5 0.026564425 
412 222 10 11 0.026557472 
716 78 11 10 0.026542105 
616 226 4 5 0.026537428 
493 222 6 4 0.026534112 
422 323 17 22 0.026527593 
418 333 5 6 0.02651551 
572 137 46 45 0.026507895 
685 296 5 5 0.026505869 
309 159 19 23 0.026485858 
719 285 3 5 0.026462495 
666 4 54 42 0.026462285 
402 245 7 8 0.026460405 
570 240 4 4 0.026454952 
270 231 6 7 0.026400601 
519 354 107 79 0.02638326 
833 88 5 4 0.026373075 
534 222 3 4 0.02637104 
635 238 6 6 0.026367653 
875 366 8 10 0.026339242 
628 195 3 5 0.026297625 
264 176 5 5 0.026288077 
429 211 7 8 0.026263252 
360 143 50 39 0.02625374 
521 161 48 45 0.026246952 
661 188 3 5 0.026211815 
597 349 14 9 0.026207197 
546 184 4 4 0.026201112 
735 154 6 7 0.02618066 
758 339 8 8 0.026171401 
-5 598 73 159 0.026169555 
861 111 4 4 0.026137467 
341 151 4 5 0.026129795 
647 355 7 5 0.026121058 
359 211 7 8 0.026109055 
700 341 4 5 0.026106171 
917 104 3 4 0.026105667 
400 142 25 21 0.026101507 
271 285 3 4 0.026099015 
887 733 56 47 0.02608353 
371 238 6 7 0.026079597 
323 570 24 35 0.026069673 
14 45 5 7 0.02606572 
713 303 5 6 0.026064524 
641 181 4 5 0.026059479 
592 233 5 4 0.026043516 
293 194 8 8 0.026037397 
626 377 10 10 0.026034119 
928 290 18 22 0.02602521 
622 231 6 8 0.026016425 
341 636 4 5 0.02600457 
340 654 5 7 0.025966343 
744 283 4 5 0.02596484 
693 152 104 101 0.025925992 
397 200 7 6 0.02591678 
916 392 5 7 0.02591375 
599 164 41 44 0.025903711 
360 370 7 9 0.025900573 
680 296 5 5 0.025899276 
621 291 110 93 0.025896195 
847 105 4 4 0.025863422 
858 493 50 43 0.025861163 
469 286 4 3 0.025845794 
883 108 5 6 0.025840705 
877 109 5 5 0.02583562 
719 349 5 5 0.025828367 
272 267 3 4 0.0258037 
232 48 5 6 0.025799854 
475 298 5 4 0.02579735 
729 309 7 7 0.025794199 
746 352 8 10 0.02577078 
463 313 4 3 0.025763545 
542 89 55 49 0.02576133 
423 151 6 6 0.02575531 
213 105 4 6 0.025751775 
275 186 7 7 0.025733551 
636 220 3 4 0.025730887 
373 318 3 3 0.025729122 
410 247 6 6 0.02572486 
416 156 7 6 0.02570899 
815 303 5 7 0.025690297 
679 282 5 6 0.025682697 
604 200 93 86 0.025665175 
603 83 56 47 0.025665067 
616 284 5 6 0.025658868 
897 344 27 27 0.025653515 
241 570 56 43 0.025646647 
816 -175 194 79 0.025644196 
511 173 10 8 0.025643017 
409 151 7 5 0.02564067 
642 170 4 5 0.025638869 
673 273 4 5 0.025637262 
740 350 11 14 0.02563425 
739 261 2 3 0.02562582 
661 202 4 5 0.025625603 
379 418 5 6 0.02561494 
700 110 5 7 0.025607727 
732 296 5 5 0.025603693 
333 159 8 10 0.025599757 
320 30 116 91 0.025580557 
271 311 4 4 0.025563285 
405 256 105 94 0.02555729 
328 432 4 10 0.02553856 
352 180 23 25 0.025536252 
935 91 5 5 0.025533322 
918 432 4 4 0.02553216 
540 206 4 5 0.025516942 
500 366 8 7 0.025504198 
199 82 68 104 0.025497392 
961 288 10 8 0.025490899 
700 169 4 4 0.025487697 
285 291 3 4 0.025479132 
130 215 3 4 0.025469271 
661 195 4 5 0.025465753 
873 497 13 9 0.025457896 
838 97 7 6 0.02545043 
518 161 6 6 0.025437756 
444 260 5 4 0.025422074 
883 366 6 7 0.02540966 
427 159 8 8 0.025401479 
603 304 4 3 0.025398904 
685 354 6 5 0.025378257 
942 87 4 4 0.0253464 
769 336 6 5 0.025329344 
319 250 5 7 0.025327425 
918 300 13 16 0.025322296 
291 116 4 6 0.025317904 
458 460 61 50 0.025316183 
735 301 18 21 0.025305906 
374 220 6 7 0.025305532 
929 99 4 4 0.025298191 
309 360 5 5 0.025295772 
526 324 5 4 0.025270674 
650 151 3 4 0.025260424 
340 641 5 7 0.025256967 
270 245 5 5 0.02524525 
973 372 30 30 0.025243668 
213 71 5 8 0.02523852 
654 225 5 7 0.025237884 
513 223 7 6 0.025220659 
296 315 3 4 0.025220623 
360 285 4 5 0.025219077 
675 144 3 5 0.025211915 
523 181 6 6 0.025210299 
964 301 8 9 0.025204558 
520 254 3 3 0.025193056 
611 233 4 5 0.025174478 
369 184 8 9 0.025158258 
581 396 14 10 0.02515209 
684 328 6 6 0.025148943 
508 283 4 5 0.025148198 
457 344 10 10 0.02514595 
308 79 4 5 0.02512024 
792 83 24 21 0.025120107 
891 82 5 3 0.02511619 
232 107 20 34 0.02511218 
321 434 5 8 0.025100298 
462 260 4 4 0.025095107 
711 163 4 5 0.025088938 
184 52 20 30 0.025084108 
929 426 4 4 0.02507801 
668 149 3 6 0.025071781 
448 210 8 9 0.025070459 
718 313 17 21 0.025053237 
916 404 5 7 0.025048783 
321 622 25 32 0.02504058 
718 252 4 4 0.025023496 
6 33 5 9 0.025008168 
431 284 4 5 0.025002286 
357 396 8 9 0.024996974 
621 170 5 5 0.024993569 
355 415 5 8 0.024989048 
681 195 3 4 0.024984924 
629 324 4 5 0.024979902 
268 179 23 24 0.024970246 
532 200 6 6 0.024950119 
358 207 8 7 0.024942597 
409 351 17 20 0.024929909 
838 92 7 5 0.024921907 
851 279 9 9 0.024919074 
265 140 49 54 0.02491851 
176 74 10 12 0.024905981 
454 219 7 8 0.024904205 
687 148 4 6 0.02490189 
566 317 4 4 0.024889415 
314 2 46 39 0.024875874 
683 110 89 97 0.024861583 
808 372 89 95 0.024859963 
467 162 7 6 0.024848267 
1 242 12 15 0.024842827 
692 136 4 6 0.02483002 
948 299 23 23 0.024822008 
712 265 4 5 0.02482062 
360 237 6 7 0.024817921 
549 379 9 5 0.024816997 
412 284 3 4 0.02480982 
323 331 3 4 0.024809465 
442 339 7 10 0.024808714 
239 81 5 10 0.024806568 
310 86 3 4 0.024788016 
297 129 44 50 0.024756743 
643 213 4 5 0.024731407 
564 227 5 4 0.024730481 
678 349 7 5 0.024723126 
533 388 12 11 0.0247168 
897 307 19 22 0.024688251 
272 271 2 3 0.024680208 
429 366 5 6 0.024673503 
223 210 6 10 0.024648968 
455 173 7 9 0.024634115 
406 284 3 5 0.02461856 
502 356 46 43 0.024610342 
464 189 20 20 0.024608487 
799 353 7 7 0.024603086 
660 246 5 5 0.024601484 
447 192 9 9 0.024590557 
724 151 5 5 0.0245807 
642 227 3 4 0.0245801 
369 166 12 10 0.024579203 
621 341 7 7 0.02457794 
558 316 3 4 0.024572562 
803 364 25 31 0.024570199 
904 443 5 7 0.02456854 
828 456 44 39 0.024553185 
505 162 23 20 0.024540816 
711 349 4 5 0.024538513 
749 75 6 5 0.024538124 
661 144 4 5 0.024534322 
599 133 47 50 0.024533637 
891 286 11 13 0.024532752 
292 210 10 11 0.024532398 
998 314 7 8 0.02452926 
507 247 4 5 0.024515726 
243 123 5 8 0.024513435 
768 340 7 6 0.02451247 
844 319 23 21 0.024509402 
839 86 6 5 0.024500005 
828 74 3 4 0.024481136 
629 170 4 5 0.024480918 
707 193 4 7 0.024479616 
648 168 5 6 0.024477534 
222 617 55 46 0.024475556 
627 219 5 6 0.024461327 
382 248 8 8 0.024458291 
219 141 79 89 0.02445811 
538 329 6 5 0.02444571 
300 416 8 8 0.02444525 
552 465 64 48 0.024440696 
871 81 5 3 0.024438182 
748 328 7 7 0.024436785 
700 156 3 5 0.024427354 
625 189 3 4 0.024425618 
940 366 6 8 0.024411136 
733 8 27 19 0.0244074 
352 150 6 6 0.024393817 
347 390 42 40 0.024392229 
302 167 5 6 0.024387237 
443 303 5 5 0.024385786 
910 292 43 43 0.024383783 
848 486 10 9 0.024380034 
659 326 8 6 0.024376305 
272 239 4 5 0.024374029 
885 88 4 3 0.024368104 
374 260 3 4 0.024366591 
565 396 12 9 0.02436042 
424 377 8 9 0.024347221 
666 109 8 10 0.024340682 
457 80 115 95 0.024337143 
572 200 4 5 0.02432496 
801 15 5 5 0.024307031 
712 151 4 5 0.02430172 
301 355 6 5 0.024300246 
700 350 4 3 0.024295764 
724 253 4 3 0.02428762 
643 1 52 35 0.024284309 
304 99 3 4 0.02427462 
654 213 4 5 0.024270862 
464 358 12 8 0.024263356 
907 322 11 14 0.024253234 
472 330 19 18 0.024251858 
440 351 9 9 0.024193263 
713 308 6 9 0.024177155 
277 245 4 5 0.024175467 
370 243 7 7 0.024161156 
991 119 5 5 0.024144078 
309 151 4 4 0.024141766 
911 411 4 5 0.024138832 
292 111 4 5 0.02413464 
616 311 5 4 0.024133494 
690 361 6 5 0.024121052 
841 145 3 4 0.024118686 
912 338 11 11 0.024102272 
729 127 108 95 0.02409217 
651 379 8 6 0.024079513 
917 388 5 6 0.024076924 
480 155 5 5 0.024070183 
654 188 4 5 0.024025217 
421 159 8 7 0.024000982 
822 93 4 4 0.023999464 
911 392 7 7 0.023988403 
33 35 4 6 0.023985522 
613 341 8 6 0.023983212 
685 30 52 49 0.023981458 
487 290 5 6 0.023977263 
622 346 7 7 0.023956327 
998 285 8 6 0.0239497 
401 194 8 7 0.02394761 
332 654 6 8 0.023941357 
364 408 22 25 0.023936722 
402 111 52 44 0.023933101 
826 293 96 75 0.023930568 
870 452 29 28 0.023924747 
504 181 9 7 0.023924112 
885 3 57 45 0.023920156 
475 252 5 5 0.023920063 
707 265 4 5 0.02391021 
402 333 6 7 0.023904022 
631 371 9 9 0.023901686 
680 271 5 5 0.02389926 
780 86 9 7 0.02389791 
680 175 4 5 0.023889652 
553 329 4 4 0.02388017 
88 150 55 43 0.023868123 
284 374 3 5 0.0238572 
982 327 9 10 0.023836706 
819 355 28 31 0.023824507 
534 253 3 4 0.023821041 
474 178 8 8 0.023806082 
667 282 4 6 0.023801303 
649 182 4 4 0.023782797 
673 353 6 5 0.023771174 
343 267 3 4 0.02376593 
694 407 3 4 0.0237638 
463 304 4 3 0.023745958 
585 390 16 11 0.02372512 
123 464 161 103 0.023716902 
628 212 5 6 0.023716474 
128 22 6 4 0.023715263 
542 367 8 5 0.023676705 
832 98 6 5 0.023675216 
402 198 8 6 0.023671944 
545 234 4 4 0.023666615 
906 326 23 25 0.023657577 
974 342 15 14 0.023651645 
308 118 18 29 0.023636015 
605 38 58 46 0.02363431 
904 447 5 7 0.023624474 
725 208 4 4 0.023623755 
226 60 4 6 0.023620564 
557 352 8 7 0.02361598 
937 408 67 52 0.023611097 
600 332 26 20 0.023608506 
397 150 7 6 0.023607096 
466 174 98 92 0.023603909 
561 340 9 9 0.023583753 
578 189 4 4 0.023574762 
653 167 5 7 0.023570413 
218 661 124 95 0.023570344 
818 160 6 7 0.023567058 
568 353 9 9 0.023562903 
724 303 5 7 0.02356183 
652 193 5 7 0.023553526 
828 88 4 5 0.023550067 
423 344 43 42 0.023535157 
872 108 5 6 0.023516737 
513 168 21 21 0.023513539 
687 408 3 4 0.023513436 
330 121 53 50 0.023498017 
601 312 19 19 0.02349766 
224 197 92 99 0.023493422 
980 297 7 7 0.023487972 
401 366 7 6 0.023457464 
630 285 4 5 0.02345653 
277 355 3 4 0.023455592 
918 81 5 4 0.023454236 
9 284 3 6 0.023451345 
348 278 3 5 0.023450838 
416 151 6 5 0.02344943 
674 195 4 4 0.023445992 
732 201 3 4 0.023434635 
379 245 7 7 0.023434317 
520 54 119 103 0.023423795 
267 182 6 6 0.023423566 
486 411 29 22 0.02341566 
531 355 6 5 0.023396803 
903 272 6 6 0.02339049 
987 285 6 5 0.023380069 
378 237 8 7 0.023373844 
910 379 5 5 0.023369875 
335 178 20 22 0.023368165 
834 151 4 4 0.023360861 
41 214 3 4 0.023355013 
716 301 18 22 0.0233408 
528 246 3 5 0.023339855 
519 322 6 6 0.023338454 
432 166 12 11 0.02330134 
776 303 4 6 0.023298971 
628 329 5 4 0.023284376 
712 7 26 20 0.023283312 
739 267 3 3 0.023279214 
192 30 17 22 0.023276992 
737 279 4 4 0.023276372 
34 21 5 5 0.023275262 
910 431 4 5 0.023270652 
649 322 6 5 0.023270186 
840 75 4 3 0.023266418 
386 259 4 5 0.023259094 
992 284 7 6 0.023259046 
527 239 4 5 0.023258798 
390 247 8 9 0.023252005 
381 455 4 7 0.023233173 
476 350 27 19 0.023229133 
635 243 8 8 0.023225943 
563 213 6 5 0.023218721 
646 360 8 7 0.023211678 
320 165 18 21 0.023207083 
526 271 22 18 0.023189146 
680 33 5 6 0.023185983 
386 237 11 10 0.023184093 
336 671 7 9 0.023154087 
1016 337 8 13 0.0231394 
538 246 4 5 0.0231385 
498 257 115 96 0.023136755 
637 28 50 45 0.023135431 
553 247 4 3 0.023132326 
741 301 7 8 0.023119744 
315 264 5 5 0.023115423 
689 366 6 5 0.02310045 
701 164 3 4 0.023099937 
26 -176 180 81 0.023093846 
836 84 132 96 0.023089996 
705 100 7 10 0.023088083 
482 221 5 5 0.023081237 
991 122 5 6 0.023053411 
417 186 44 43 0.023044912 
388 170 26 23 0.023042774 
939 309 22 24 0.023038499 
680 208 4 4 0.023038192 
275 239 5 4 0.023038113 
297 79 3 5 0.023027971 
100 66 9 8 0.023023373 
1011 314 7 8 0.023020312 
327 66 5 6 0.02301834 
735 409 107 95 0.023014663 
634 213 5 5 0.02300281 
884 317 23 27 0.023000225 
801 22 5 4 0.022995919 
903 287 8 11 0.02299383 
903 425 4 5 0.022990815 
564 353 57 40 0.022990692 
529 301 7 8 0.022986786 
369 92 112 88 0.02298176 
252 155 4 7 0.022981482 
494 201 6 5 0.022968078 
654 143 4 5 0.022966668 
144 52 87 86 0.022957671 
654 137 5 7 0.02295614 
975 632 68 46 0.02295026 
309 125 3 4 0.022949642 
513 199 8 7 0.022939837 
618 188 3 5 0.022924451 
380 250 6 6 0.02291977 
649 189 4 5 0.02291544 
601 217 5 6 0.022915334 
602 298 5 4 0.022913069 
296 181 6 8 0.022888197 
398 381 6 4 0.022882536 
979 287 8 8 0.02288237 
647 329 7 6 0.022882313 
196 569 63 48 0.02287972 
684 29 5 5 0.022878934 
943 80 123 90 0.022877373 
345 340 52 47 0.022873508 
209 123 22 30 0.022869386 
559 345 10 8 0.02286522 
318 190 8 9 0.022859054 
368 271 4 4 0.022851216 
878 80 4 4 0.02283877 
797 88 10 9 0.022824008 
-2 19 14 24 0.022821505 
341 622 4 6 0.022814007 
556 346 20 20 0.0228137 
897 445 5 6 0.022810321 
648 199 4 5 0.022806186 
415 238 6 6 0.022804018 
410 380 5 6 0.022800682 
636 291 3 4 0.022795638 
427 204 7 9 0.022793265 
748 98 29 29 0.02278558 
591 172 23 25 0.022782188 
613 245 6 8 0.022780707 
700 360 6 6 0.022776619 
482 357 13 9 0.022765342 
297 167 5 7 0.022764891 
295 373 5 6 0.02275592 
259 182 4 6 0.02275387 
961 400 23 24 0.022748629 
803 156 3 5 0.022742325 
564 168 5 5 0.022741865 
335 271 3 4 0.022738522 
334 635 5 6 0.022730472 
349 3 52 41 0.022726605 
103 35 5 5 0.022724427 
260 271 4 5 0.02272032 
972 301 7 7 0.02271978 
106 66 7 8 0.022718662 
336 279 3 4 0.022714201 
323 316 3 5 0.022712354 
498 339 12 11 0.022710573 
847 76 5 3 0.022710538 
707 188 3 5 0.022709385 
296 285 4 5 0.022700826 
1015 320 8 11 0.022697428 
545 335 5 4 0.022678357 
911 397 6 7 0.0226748 
919 87 3 3 0.022660375 
334 629 4 6 0.022659332 
579 195 4 4 0.022652743 
591 57 56 45 0.022651687 
771 104 21 24 0.022650462 
434 160 8 7 0.022646815 
538 194 5 6 0.022642534 
584 202 4 4 0.022638192 
95 202 28 25 0.022635717 
401 399 6 5 0.022626124 
727 75 11 9 0.02260105 
359 227 6 6 0.022599047 
704 295 6 7 0.02259834 
660 251 5 5 0.022574924 
674 282 4 5 0.0225723 
558 311 3 4 0.022570467 
616 264 4 5 0.02256358 
378 411 5 6 0.02256004 
819 595 139 96 0.022538858 
472 151 46 39 0.02253363 
312 178 7 10 0.022526292 
391 362 5 5 0.022513451 
363 360 52 45 0.022503726 
849 483 8 7 0.02250357 
340 647 5 7 0.02249555 
348 426 5 6 0.022488846 
281 193 7 8 0.022488562 
671 342 7 5 0.022488456 
660 382 4 5 0.022470154 
474 246 5 5 0.022462081 
615 277 5 7 0.022460105 
667 288 4 6 0.022451766 
70 34 6 6 0.022444434 
895 33 63 48 0.022444047 
196 53 39 56 0.022439517 
650 144 3 4 0.022431077 
741 179 6 10 0.022428213 
584 296 5 5 0.022418186 
285 380 3 4 0.022417448 
295 349 5 5 0.022416709 
689 136 3 5 0.022415482 
996 302 24 29 0.022415094 
526 187 5 5 0.02241291 
923 363 23 31 0.022405785 
336 290 4 5 0.02240233 
517 168 8 8 0.022400808 
566 240 4 4 0.022397766 
284 71 4 5 0.022395346 
385 382 6 8 0.022392739 
795 15 5 5 0.022389196 
272 291 4 5 0.0223862 
691 316 5 5 0.022383925 
290 354 5 5 0.022382664 
492 324 20 18 0.02238196 
632 385 33 22 0.022379085 
958 294 11 10 0.02237434 
436 260 4 4 0.022370497 
938 391 5 7 0.02236912 
794 22 6 4 0.022366995 
679 29 6 5 0.022357978 
460 313 23 19 0.022346817 
625 341 8 7 0.022338424 
351 388 8 11 0.022334768 
314 116 4 6 0.022327919 
654 251 5 6 0.022326495 
557 168 7 6 0.022320125 
865 117 6 5 0.022302328 
816 15 3 5 0.02229827 
258 251 5 5 0.022297036 
866 99 4 4 0.022294251 
897 264 5 7 0.022284357 
603 247 4 4 0.022278061 
377 383 7 7 0.022272725 
614 236 5 8 0.022271946 
367 407 11 11 0.02226703 
655 207 4 5 0.022263339 
307 205 7 8 0.022261823 
576 150 6 5 0.022254372 
532 298 4 4 0.022247992 
341 278 3 5 0.022245467 
913 448 8 10 0.022243397 
308 373 6 6 0.022237374 
532 162 5 5 0.022214588 
593 227 3 4 0.022201456 
861 363 13 14 0.02219924 
264 205 6 7 0.022198046 
294 367 6 6 0.022197267 
145 33 24 22 0.022184178 
413 368 4 6 0.02217855 
903 388 23 27 0.02217064 
408 204 19 21 0.02216757 
347 628 3 6 0.022155935 
290 238 4 5 0.022153644 
965 384 28 29 0.022148995 
326 166 7 9 0.022148788 
615 232 5 7 0.022143861 
826 259 5 6 0.022142984 
278 71 4 5 0.022140574 
379 354 4 6 0.0221378 
332 360 5 6 0.022133239 
804 149 55 49 0.022129402 
704 335 4 6 0.022126261 
517 105 55 53 0.022121944 
383 135 24 20 0.022118436 
387 243 10 10 0.02211842 
739 201 3 5 0.022117661 
499 358 9 8 0.022115165 
523 314 7 8 0.022101188 
921 456 6 7 0.022078201 
7 43 5 10 0.02205348 
675 176 4 4 0.022046808 
1012 144 5 6 0.022044424 
897 284 18 22 0.022039248 
154 38 7 7 0.022037527 
447 327 7 7 0.022028392 
835 146 4 3 0.022008708 
263 277 4 5 0.02200036 
673 152 5 8 0.021999162 
813 77 6 7 0.02199854 
302 218 6 7 0.021991987 
472 187 9 9 0.021988975 
891 98 4 4 0.021975566 
1005 314 6 7 0.021961644 
385 165 12 11 0.021950021 
467 155 7 5 0.021946525 
638 239 7 6 0.021940315 
545 205 20 19 0.021940256 
263 283 4 6 0.021929417 
648 232 4 5 0.021921644 
721 352 7 9 0.02192088 
416 159 8 7 0.02191788 
705 130 4 6 0.02191758 
998 91 7 6 0.021915609 
379 212 19 21 0.0219138 
404 161 48 45 0.021906467 
706 245 4 5 0.021900553 
427 518 134 101 0.021893946 
795 133 117 96 0.021881036 
531 156 6 5 0.021878542 
750 334 20 20 0.021871706 
836 356 26 28 0.021869656 
809 16 4 4 0.021865964 
340 347 6 6 0.021858938 
817 369 10 13 0.02185643 
822 1 4 7 0.021849377 
84 36 6 4 0.021847297 
437 254 4 4 0.021846013 
252 70 4 7 0.021837028 
815 21 4 5 0.02183653 
703 50 49 42 0.021832626 
885 346 20 29 0.021830365 
305 72 2 4 0.021828294 
418 200 6 8 0.021826267 
807 308 43 44 0.021819528 
307 377 7 7 0.021810988 
385 437 3 5 0.021806287 
447 318 23 20 0.02180038 
591 214 3 4 0.021794874 
479 187 8 7 0.02178841 
511 167 9 8 0.02178797 
697 145 5 8 0.02178723 
578 297 3 4 0.021763237 
667 143 3 6 0.021762213 
732 302 6 5 0.021756608 
705 303 5 6 0.021755645 
657 340 8 6 0.021754645 
754 78 8 5 0.021740885 
348 296 4 6 0.021723649 
289 204 6 8 0.021712597 
532 362 4 4 0.021698724 
308 367 6 6 0.021693287 
468 252 5 5 0.021686295 
852 251 46 49 0.021683674 
341 609 4 7 0.021678457 
617 182 3 5 0.021649357 
844 92 7 5 0.021649092 
900 346 8 9 0.021646144 
827 78 4 5 0.021645844 
398 162 25 23 0.021642324 
939 320 8 8 0.021633191 
12 497 7 16 0.021630645 
801 61 5 4 0.021629274 
362 67 51 45 0.021629022 
987 306 7 8 0.021628454 
450 218 5 7 0.021620385 
679 213 4 5 0.021608135 
309 184 21 21 0.021606792 
403 372 7 6 0.02159346 
597 581 145 91 0.021593412 
358 658 24 25 0.021591438 
281 205 6 9 0.021588208 
634 334 5 5 0.021562764 
440 160 8 8 0.021561781 
526 162 5 5 0.021560997 
383 454 6 8 0.021554196 
354 349 18 25 0.021543872 
177 111 43 59 0.021542365 
263 290 5 6 0.021542152 
122 404 130 86 0.02154059 
833 330 21 22 0.021531923 
277 327 5 6 0.021524152 
624 237 51 43 0.021519057 
378 345 7 6 0.021510812 
380 318 3 3 0.021510776 
324 360 4 6 0.021510195 
693 147 4 7 0.021506295 
812 92 6 5 0.021501373 
371 371 5 7 0.021495972 
29 100 108 87 0.021494543 
768 73 9 7 0.021492146 
725 213 4 6 0.021488722 
243 19 6 7 0.021475736 
238 87 6 10 0.02147489 
918 425 3 5 0.021466563 
346 159 9 10 0.021464856 
340 284 4 6 0.021449639 
494 161 46 41 0.021430971 
318 210 8 9 0.021420976 
470 352 11 8 0.021413337 
321 133 6 10 0.021412345 
130 220 4 4 0.021409366 
353 231 6 8 0.021400882 
578 208 4 4 0.021399276 
364 223 20 22 0.021385835 
382 445 3 5 0.021375708 
643 315 4 5 0.02136435 
169 696 58 47 0.021361759 
94 121 56 46 0.021361351 
732 74 29 20 0.021356575 
687 195 3 4 0.021349093 
761 85 10 6 0.021348609 
279 305 3 4 0.021346541 
375 396 7 8 0.021344937 
456 246 4 5 0.021325335 
327 362 48 45 0.02132413 
482 171 23 18 0.021321813 
53 188 4 4 0.021313196 
649 226 4 5 0.021300398 
279 9 25 23 0.021299673 
596 180 7 7 0.021297336 
711 174 4 6 0.02129276 
277 252 5 5 0.021292089 
678 343 6 5 0.021288881 
326 347 5 6 0.021288287 
468 405 36 24 0.021284351 
979 107 49 39 0.021275064 
744 304 21 26 0.02127163 
906 360 26 28 0.021260168 
306 678 111 91 0.021259047 
198 69 7 11 0.021254577 
574 326 7 8 0.021254096 
1 490 22 44 0.02125252 
852 100 5 4 0.021252291 
843 267 9 9 0.021250011 
321 128 6 8 0.021249384 
363 135 24 22 0.021248942 
346 641 4 7 0.021246906 
481 253 4 4 0.021245409 
949 373 11 12 0.021243088 
337 284 3 5 0.021239243 
724 160 5 6 0.021239173 
465 169 21 20 0.021233192 
868 341 47 51 0.021225335 
788 15 5 5 0.021217426 
40 226 4 6 0.021216614 
897 188 6 5 0.021212626 
809 22 4 4 0.021206763 
704 121 5 8 0.021192318 
741 84 9 7 0.021190615 
365 202 45 40 0.021188281 
285 271 2 5 0.021186462 
772 219 100 99 0.021175105 
585 401 29 24 0.02117169 
602 238 4 5 0.02116223 
871 254 21 23 0.021158267 
913 279 20 20 0.02115819 
491 161 9 8 0.021151837 
346 653 4 8 0.021145536 
745 259 3 5 0.021140456 
719 208 3 4 0.0211404 
835 94 25 26 0.021140339 
423 246 4 5 0.021135096 
706 271 4 5 0.021113599 
8 287 4 8 0.021104412 
951 358 10 10 0.021103606 
339 539 34 27 0.021095866 
332 645 6 8 0.021092214 
940 326 7 8 0.021088572 
374 365 5 8 0.021087894 
728 295 19 20 0.02108618 
306 339 7 7 0.021067139 
31 488 136 100 0.021064734 
338 378 7 8 0.021062423 
697 322 6 5 0.021061478 
773 20 9 7 0.02105611 
576 322 5 7 0.021051453 
212 109 5 7 0.021051208 
653 181 5 5 0.021050928 
539 214 5 4 0.021044973 
504 322 23 21 0.021042326 
585 234 3 4 0.021032343 
462 361 29 20 0.021031655 
486 315 20 18 0.021028452 
276 323 5 5 0.021027863 
843 472 8 10 0.021027382 
415 204 9 10 0.021024594 
892 269 6 7 0.021018036 
858 249 23 27 0.021003878 
326 206 7 7 0.020998443 
707 314 45 41 0.020998288 
493 137 50 44 0.02099813 
41 207 3 5 0.020987516 
875 513 59 47 0.020977018 
184 721 54 47 0.02097354 
992 390 17 13 0.020972434 
298 203 10 9 0.020967726 
911 425 4 5 0.02096747 
348 432 27 31 0.020965714 
374 126 51 43 0.02095686 
175 30 38 42 0.020955281 
773 14 9 7 0.020935027 
941 263 45 44 0.020932842 
680 201 3 4 0.020928513 
812 86 5 5 0.020922711 
786 258 19 25 0.020916479 
619 384 11 9 0.020911608 
697 308 7 7 0.020903444 
603 226 5 6 0.020901969 
924 419 3 5 0.02089788 
640 233 5 5 0.02088021 
100 220 24 24 0.020876601 
226 104 4 7 0.020869046 
494 246 5 5 0.020867748 
998 307 8 10 0.020864392 
815 259 3 5 0.020863049 
740 18 25 19 0.020862484 
277 285 3 4 0.020843508 
727 323 97 85 0.020838886 
726 65 23 18 0.020835053 
908 454 7 8 0.020834317 
639 339 22 20 0.02082695 
331 353 7 8 0.020818302 
908 519 52 48 0.020816743 
204 651 30 27 0.020812167 
698 374 5 5 0.020796994 
674 361 6 5 0.020787245 
861 330 13 11 0.020776434 
376 230 8 8 0.020771028 
653 329 7 6 0.020767977 
449 304 4 4 0.020764127 
429 331 18 24 0.020755079 
355 296 46 49 0.020747649 
762 75 7 5 0.02074745 
497 295 45 40 0.020739011 
980 300 6 8 0.020737905 
585 214 3 4 0.020734062 
766 85 10 7 0.020730251 
313 354 5 6 0.020729057 
302 132 19 26 0.020727511 
116 23 4 4 0.020727452 
775 111 7 7 0.02072504 
941 281 8 10 0.020722331 
259 258 4 4 0.020719701 
806 66 6 5 0.020719672 
455 224 6 9 0.020719424 
305 79 3 5 0.02071865 
551 386 9 7 0.020712795 
456 302 4 4 0.02071009 
495 167 11 8 0.020708086 
341 328 5 5 0.020704329 
612 394 13 10 0.020695217 
667 264 4 5 0.020694697 
499 426 54 47 0.020691479 
947 363 9 10 0.02068806 
680 305 4 4 0.020686686 
916 380 5 5 0.02068627 
687 115 5 7 0.02067364 
347 635 4 7 0.020653907 
363 237 7 8 0.02064089 
905 432 22 27 0.020640263 
288 185 7 8 0.020637486 
21 36 3 4 0.020636022 
876 330 16 13 0.020633353 
385 391 5 6 0.020631822 
400 218 10 11 0.020629097 
604 346 11 8 0.020625468 
699 265 4 5 0.020618567 
436 332 6 8 0.020607322 
474 155 6 5 0.020603377 
858 483 5 5 0.020600177 
509 369 22 24 0.020594008 
615 271 5 5 0.020582424 
393 217 12 11 0.020577487 
914 259 23 23 0.020573117 
781 59 8 8 0.020570211 
378 219 7 7 0.020569414 
699 130 4 5 0.02056814 
889 393 5 7 0.02056251 
955 308 23 23 0.02055479 
260 266 3 4 0.02055356 
110 210 8 7 0.020547876 
635 181 4 5 0.020547193 
755 288 7 6 0.020535652 
687 169 3 6 0.020535128 
606 351 9 7 0.020534532 
54 263 8 7 0.02053408 
687 278 4 5 0.02053235 
849 326 12 11 0.02052753 
895 182 7 6 0.020520844 
640 372 24 21 0.020520268 
1009 234 19 31 0.02051665 
20 40 4 6 0.02050838 
85 42 7 5 0.02050161 
613 357 11 10 0.02047804 
640 249 7 7 0.020477096 
232 51 5 9 0.02047278 
455 279 4 3 0.0204719 
665 217 5 7 0.020471832 
302 336 8 6 0.02046603 
522 175 7 7 0.020461662 
96 22 5 5 0.020459559 
805 429 99 85 0.02045839 
654 231 5 6 0.020445867 
238 606 14 13 0.02043977 
698 226 6 6 0.020435605 
383 254 24 29 0.020433946 
333 640 5 8 0.020430515 
447 325 47 41 0.020424899 
924 393 51 49 0.020401048 
289 327 7 5 0.020398688 
695 -5 48 36 0.020397242 
644 382 11 9 0.020397063 
365 628 6 6 0.020394448 
749 288 7 7 0.02037789 
436 341 5 7 0.020376995 
980 391 31 29 0.020376548 
425 -17 284 169 0.020370152 
567 376 10 9 0.02036097 
347 333 5 6 0.02035928 
306 189 9 10 0.020358233 
558 253 4 3 0.020356199 
703 109 6 10 0.020356074 
827 103 4 5 0.02035355 
675 214 3 5 0.020348607 
519 223 5 5 0.020337034 
410 238 7 7 0.020333977 
686 291 5 6 0.020332882 
921 392 5 6 0.020329773 
372 364 20 23 0.020329488 
889 246 86 88 0.020326447 
486 162 25 19 0.020321842 
903 188 5 5 0.020318594 
290 233 4 5 0.020317504 
243 167 5 8 0.020312974 
545 240 4 3 0.020312948 
923 426 5 5 0.020308165 
327 363 5 8 0.020304002 
800 34 7 5 0.020302542 
584 189 4 4 0.020298144 
302 176 6 7 0.020293053 
665 278 22 27 0.020287983 
952 380 24 26 0.020287247 
330 675 9 12 0.020282768 
727 194 3 6 0.02028143 
815 61 4 4 0.020274097 
364 423 8 8 0.02027132 
265 68 3 4 0.020267572 
591 196 4 4 0.020267261 
679 291 6 6 0.02026178 
25 505 6 11 0.02025909 
703 447 101 92 0.020258997 
436 193 7 8 0.020258524 
897 411 6 7 0.020256957 
896 270 5 6 0.02025524 
871 471 5 4 0.020250587 
457 376 12 10 0.020249657 
796 156 4 5 0.02024767 
410 154 6 6 0.02024703 
891 351 7 11 0.020241357 
358 641 28 28 0.020237919 
258 68 4 5 0.020235622 
358 412 6 7 0.020235082 
363 166 10 10 0.020232381 
691 309 6 7 0.020214561 
361 235 23 24 0.02021387 
363 626 50 52 0.020212993 
382 656 23 26 0.020211747 
452 210 9 10 0.020196252 
354 426 6 6 0.020195557 
372 665 20 20 0.020194529 
985 288 8 6 0.020190153 
957 343 12 10 0.020187143 
359 423 7 8 0.020177545 
625 389 12 10 0.020176696 
239 118 5 8 0.02016858 
780 15 7 6 0.020164138 
545 309 6 6 0.020163188 
318 244 6 7 0.02016162 
660 174 4 7 0.020156324 
387 238 23 24 0.020148689 
418 93 50 43 0.020146629 
578 316 4 5 0.020142604 
761 346 6 7 0.020120766 
424 253 3 4 0.020120023 
864 489 6 5 0.020117493 
490 176 10 9 0.020112101 
525 157 6 5 0.020110577 
623 251 5 5 0.020107428 
48 271 140 93 0.020103129 
38 21 5 5 0.020100292 
458 223 8 10 0.020094119 
947 317 25 24 0.020086678 
445 204 10 10 0.020085976 
804 358 9 10 0.020084864 
819 77 5 7 0.020084081 
590 189 5 5 0.020082409 
258 238 5 6 0.020070935 
692 129 4 6 0.020065935 
364 206 8 8 0.020064335 
660 384 5 6 0.020062478 
284 233 4 4 0.020060038 
821 21 4 6 0.020055626 
556 379 9 6 0.020052195 
700 354 5 4 0.020051662 
684 32 5 6 0.020047702 
322 103 5 7 0.020041892 
821 99 4 4 0.020041607 
491 316 47 41 0.020034794 
732 -13 51 36 0.02003471 
346 647 4 7 0.020032726 
661 350 11 10 0.020027677 
77 46 6 5 0.020023067 
797 346 10 9 0.02002242 
46 35 5 4 0.020021748 
872 477 4 4 0.020020548 
793 352 8 7 0.020018607 
268 243 81 90 0.020015152 
668 297 4 4 0.020010868 
