14_Traffic_Traffic_14_504
340
784 249 33 36 0.9973341 
348 108 46 68 0.99016225 
179 238 86 70 0.30007496 
123 523 13 14 0.25121593 
313 309 80 85 0.19651142 
529 298 16 24 0.14139898 
227 307 101 90 0.13697252 
2 43 15 29 0.13291664 
523 17 8 9 0.12798895 
25 191 153 208 0.12702103 
146 532 40 39 0.12599795 
128 86 59 50 0.12519954 
1011 374 9 14 0.11742263 
71 271 29 29 0.11140673 
1001 377 19 31 0.09738491 
76 184 63 54 0.09577781 
198 277 104 85 0.08583944 
98 528 14 15 0.08456414 
703 64 6 7 0.08150574 
49 204 86 93 0.075050354 
80 129 32 40 0.07441209 
980 315 13 15 0.06769713 
393 210 38 41 0.06722443 
303 312 31 39 0.06702146 
599 506 110 75 0.064789094 
69 39 25 32 0.06437916 
31 96 30 31 0.0641587 
155 517 11 10 0.06407647 
76 331 34 30 0.06254587 
120 531 43 47 0.0622373 
997 381 11 16 0.059196156 
169 491 14 14 0.058560673 
354 347 12 12 0.057716697 
187 487 88 74 0.056973867 
177 526 55 52 0.055958584 
667 375 97 94 0.055816934 
425 300 10 19 0.050145 
61 241 51 46 0.050079346 
938 535 40 28 0.04931512 
524 13 6 8 0.04860788 
310 122 34 55 0.047706384 
485 38 23 28 0.047471642 
635 37 5 7 0.047017448 
123 510 7 6 0.046755444 
710 176 410 336 0.045880117 
45 542 10 13 0.044398826 
928 486 8 8 0.04426701 
981 551 35 25 0.044253968 
156 101 28 28 0.044009004 
82 540 36 40 0.043837614 
445 217 42 47 0.043828584 
994 311 12 11 0.043786176 
150 517 25 25 0.043278687 
47 280 100 95 0.042957045 
89 508 11 13 0.042935785 
990 330 12 14 0.04279822 
668 36 21 26 0.042173706 
994 353 19 23 0.04153949 
854 427 10 12 0.04118225 
200 186 100 99 0.041119598 
487 44 10 12 0.041115858 
96 98 84 99 0.040744368 
135 458 99 82 0.03936751 
1011 314 7 7 0.039058432 
494 17 67 52 0.038982213 
170 501 11 11 0.038569845 
348 351 24 28 0.038457446 
815 459 23 37 0.038408615 
995 325 10 10 0.03820805 
137 263 21 26 0.03777975 
948 312 14 13 0.03735161 
34 101 46 48 0.037130255 
86 532 23 26 0.036908023 
435 155 481 377 0.036370747 
224 398 56 50 0.036290497 
381 256 26 29 0.03605299 
610 38 6 7 0.03604086 
212 355 120 91 0.035773374 
335 333 32 36 0.035332162 
197 547 24 30 0.03531212 
857 444 33 26 0.03517662 
217 496 26 29 0.03498762 
19 133 93 125 0.03480882 
255 248 49 45 0.034525063 
318 223 47 62 0.034496423 
374 108 26 43 0.033837248 
847 429 21 25 0.033743955 
119 187 53 61 0.033371955 
8 38 11 22 0.03231427 
991 307 9 9 0.03229892 
965 335 12 13 0.032263122 
897 487 6 5 0.032166775 
755 297 66 97 0.03210428 
902 512 113 67 0.031816546 
366 260 47 47 0.031620495 
889 480 7 7 0.03158478 
836 246 242 162 0.031528648 
832 472 6 10 0.03147823 
983 306 11 12 0.03144401 
94 505 9 10 0.03126077 
759 356 97 124 0.031076096 
148 507 5 6 0.030910766 
1010 320 7 7 0.030783389 
966 313 5 6 0.030681035 
609 42 8 9 0.030609222 
269 334 22 30 0.030485207 
1001 346 13 18 0.030458068 
172 495 22 24 0.030452628 
108 328 12 15 0.030409196 
66 272 12 17 0.030211892 
33 93 14 16 0.030148728 
144 483 50 45 0.030119106 
6 143 28 34 0.030007826 
21 320 132 112 0.030001858 
674 324 94 97 0.029969554 
926 492 10 9 0.029867565 
329 115 40 61 0.029784396 
177 240 197 151 0.02953068 
235 510 58 55 0.029371293 
616 38 5 6 0.029308656 
272 308 54 49 0.029217463 
37 316 64 53 0.02920912 
971 318 9 11 0.029106574 
167 89 49 46 0.029033737 
411 212 49 46 0.02901777 
363 136 39 62 0.028917952 
633 24 87 80 0.028802022 
105 268 90 106 0.028769335 
311 249 89 87 0.028707825 
41 193 44 60 0.028595004 
466 114 46 45 0.028399393 
224 266 60 46 0.028311307 
819 457 111 88 0.028287403 
1001 313 11 10 0.028121438 
100 523 43 44 0.028033312 
939 258 102 101 0.028003192 
885 475 5 5 0.027968269 
633 42 7 11 0.027916705 
1 504 35 48 0.027804077 
116 527 22 25 0.027724905 
84 139 46 51 0.02772462 
303 350 12 17 0.027701057 
353 309 32 31 0.027658632 
482 35 47 57 0.02733083 
998 305 26 24 0.027307643 
197 492 31 30 0.027249515 
425 514 4 6 0.027177854 
106 517 9 8 0.027140612 
506 22 109 89 0.02692655 
921 487 7 7 0.02682656 
530 14 7 7 0.026756827 
599 35 7 9 0.026633266 
42 489 108 103 0.026594132 
702 67 8 9 0.026544763 
300 268 49 57 0.02653241 
124 538 12 14 0.02642717 
108 389 17 13 0.026316607 
132 236 90 98 0.026293589 
544 27 25 32 0.026289567 
141 518 7 7 0.026215734 
865 114 115 83 0.026186116 
205 523 54 49 0.026171025 
720 433 14 16 0.025980398 
460 526 124 76 0.025949504 
1007 368 17 27 0.025879318 
884 480 7 6 0.0258694 
607 289 7 6 0.025811343 
124 530 11 14 0.025780948 
197 415 94 84 0.025749682 
895 113 63 47 0.025713952 
993 356 45 56 0.025661722 
102 503 8 9 0.025653431 
907 490 57 42 0.02557785 
977 304 22 25 0.025533304 
30 338 7 8 0.025494369 
250 477 27 27 0.025338093 
985 318 20 22 0.025233936 
989 318 10 11 0.025143899 
135 517 6 8 0.025028605 
261 180 24 35 0.025021834 
711 401 89 96 0.025012009 
166 506 9 8 0.02499565 
32 77 23 27 0.024918927 
627 42 22 30 0.02491792 
484 60 9 12 0.024836477 
1007 336 11 14 0.024802208 
141 505 26 26 0.024769925 
0 95 77 94 0.024765786 
148 512 7 6 0.024738459 
226 106 49 50 0.024719294 
147 517 9 8 0.02469207 
5 32 10 19 0.024684416 
188 520 27 35 0.02461475 
222 500 8 10 0.02444236 
102 492 6 6 0.024436139 
803 462 4 6 0.024397023 
558 53 90 79 0.024333615 
635 35 5 5 0.02432827 
650 37 46 42 0.024310749 
990 369 7 11 0.024277113 
31 334 6 7 0.024272373 
327 104 25 44 0.024268689 
274 275 86 100 0.024243992 
122 507 7 6 0.024130428 
56 327 10 12 0.024061142 
48 218 21 37 0.02403261 
248 231 87 85 0.024018811 
36 80 10 12 0.023927918 
168 517 11 11 0.023871435 
128 124 221 172 0.023831999 
1018 313 6 8 0.023819514 
788 489 11 13 0.023813657 
166 486 8 9 0.02378396 
288 483 8 10 0.02376918 
232 485 15 13 0.02375728 
447 175 43 41 0.0237176 
119 499 88 81 0.023647359 
526 9 5 6 0.023636889 
171 132 7 9 0.023636172 
903 482 5 5 0.02347597 
236 145 31 35 0.02347059 
450 148 26 31 0.023376873 
222 148 73 85 0.02337068 
921 492 8 8 0.023345618 
660 268 193 163 0.023341311 
211 80 31 27 0.023317736 
143 512 4 5 0.023224613 
238 525 25 35 0.023199484 
11 72 43 50 0.02319296 
222 492 8 8 0.023187838 
610 47 48 44 0.023131216 
590 30 22 21 0.023107931 
426 293 17 33 0.02310358 
1018 321 6 7 0.02299829 
117 252 45 61 0.02291136 
285 476 9 10 0.022788843 
890 476 6 5 0.02277117 
1008 332 10 10 0.022755776 
208 464 59 51 0.022731164 
104 89 50 55 0.022650778 
162 515 12 11 0.022633297 
136 513 5 5 0.022631582 
288 110 35 61 0.02258023 
114 164 30 34 0.0225579 
622 38 4 6 0.022539489 
336 351 55 59 0.022534648 
702 60 3 4 0.022507649 
938 479 11 7 0.022468958 
338 493 7 8 0.02232512 
617 35 3 4 0.022313436 
890 485 6 6 0.0222742 
55 323 25 29 0.022273088 
715 412 49 52 0.02226894 
120 520 11 10 0.022221424 
282 81 7 12 0.02216711 
54 130 28 33 0.02213301 
184 505 11 11 0.022131681 
162 482 5 5 0.02209692 
972 313 9 7 0.022067463 
838 478 5 7 0.022052962 
801 425 50 66 0.02199694 
62 266 58 65 0.021994468 
725 424 24 29 0.021947509 
-63 104 374 385 0.021890169 
902 487 6 6 0.021858664 
106 510 8 8 0.02185323 
152 512 10 9 0.021850003 
151 57 52 58 0.021801269 
867 488 60 43 0.021708323 
552 53 56 40 0.021686228 
284 265 26 34 0.02166798 
89 499 6 6 0.02164379 
333 165 72 85 0.021616371 
145 110 30 29 0.021594606 
601 35 22 22 0.021588666 
93 543 52 52 0.021532346 
52 337 24 29 0.021471279 
428 511 6 8 0.021469492 
23 45 28 31 0.021380477 
610 34 4 5 0.021378996 
180 487 14 14 0.021361824 
415 294 20 31 0.021361211 
1002 318 22 21 0.021360423 
69 140 28 28 0.021239227 
817 404 50 58 0.021223111 
985 336 11 13 0.021205308 
153 108 52 50 0.021196708 
61 50 42 47 0.021153193 
672 27 6 6 0.02111977 
39 485 5 7 0.021089152 
563 47 27 30 0.021059513 
567 33 54 36 0.020995218 
276 469 22 24 0.020989595 
868 331 119 113 0.020935647 
397 309 89 99 0.02091439 
315 256 26 31 0.020882674 
150 534 14 16 0.02084398 
860 433 10 10 0.020832447 
64 108 41 47 0.02080714 
530 39 55 43 0.020691091 
1003 324 10 9 0.02066293 
135 274 9 10 0.020656733 
893 411 121 103 0.020653106 
693 57 19 24 0.020651935 
905 497 11 12 0.020637633 
897 482 6 5 0.020619648 
178 505 10 11 0.02061408 
70 285 23 29 0.020588616 
130 522 10 12 0.020581394 
742 -192 287 148 0.020580357 
712 461 115 98 0.020555476 
747 436 16 14 0.020498652 
157 128 23 26 0.020464182 
378 281 46 54 0.02044229 
353 331 32 26 0.020432165 
493 38 9 9 0.020430176 
67 146 12 13 0.020425914 
385 73 20 37 0.020394202 
945 112 57 44 0.020394046 
1003 318 11 10 0.02038001 
939 113 9 8 0.020379303 
229 500 29 28 0.02037059 
265 512 22 28 0.020309199 
240 422 58 47 0.020281356 
144 509 3 4 0.020280244 
384 109 43 57 0.020277547 
254 161 26 37 0.020253241 
1005 369 9 13 0.020206474 
115 504 22 22 0.020180956 
562 453 58 47 0.020162415 
156 291 91 99 0.020157492 
127 281 9 11 0.020119224 
170 424 60 54 0.020098424 
251 187 53 56 0.020078242 
222 480 28 25 0.020067418 
895 499 9 8 0.020038567 
516 12 20 19 0.020031542 
-1 50 33 45 0.020018093 
127 505 7 6 0.02001107 
806 461 5 7 0.020007253 
