14_Traffic_Traffic_14_55
2202
612 150 10 10 0.45334867 
352 320 6 7 0.33083045 
299 229 16 12 0.24049976 
444 248 12 12 0.23480898 
240 521 11 10 0.22260556 
934 265 12 11 0.19013843 
878 6 13 11 0.1623812 
260 445 29 25 0.14781183 
260 190 7 7 0.13989647 
625 176 11 9 0.13976507 
35 111 9 7 0.122561276 
816 277 12 11 0.11955059 
918 271 9 8 0.1142009 
576 352 10 10 0.109552726 
662 144 33 16 0.109071545 
158 270 11 12 0.107916154 
150 268 21 24 0.10700383 
226 201 5 5 0.103666276 
46 110 7 6 0.10305391 
745 106 5 5 0.102215275 
845 70 60 52 0.09169578 
269 490 7 7 0.085407235 
282 491 5 5 0.08483462 
377 70 17 12 0.082904935 
119 1 11 7 0.08151364 
314 190 5 5 0.080008626 
745 102 3 4 0.0785595 
267 154 2 3 0.0771407 
300 197 5 5 0.07622094 
261 289 9 8 0.07620625 
300 200 5 8 0.07553113 
182 340 5 7 0.07513661 
348 323 5 5 0.074297 
400 65 12 9 0.0739774 
352 311 6 6 0.07377961 
296 158 5 5 0.073611334 
263 193 6 6 0.072319515 
192 239 6 7 0.07213666 
103 2 7 7 0.07000387 
360 303 6 6 0.06990392 
112 440 11 11 0.069783874 
348 311 5 5 0.06900387 
517 47 10 8 0.068634205 
268 493 8 9 0.06859187 
737 138 5 7 0.067853585 
347 306 5 5 0.067571364 
866 158 5 5 0.06741715 
654 555 23 27 0.067238875 
874 298 9 5 0.06715229 
10 1 3 4 0.06667543 
779 97 31 22 0.06557484 
258 58 3 4 0.064443335 
730 106 6 5 0.06410629 
589 429 7 8 0.064047605 
753 189 11 10 0.06270998 
163 268 9 10 0.061821595 
920 299 8 6 0.06153635 
120 58 14 12 0.06117796 
414 39 12 10 0.06096893 
291 159 4 4 0.060672488 
107 95 36 24 0.060596235 
37 138 8 9 0.06046879 
589 125 6 6 0.060363654 
664 147 15 9 0.05984723 
213 466 12 12 0.0585005 
263 21 20 24 0.058500152 
110 225 10 9 0.058441617 
314 308 29 25 0.058136363 
276 262 7 6 0.057984028 
731 94 4 4 0.057416614 
38 109 6 5 0.057041615 
106 2 11 7 0.05588817 
348 320 5 5 0.055789534 
160 147 627 380 0.05578742 
583 133 4 5 0.05538305 
13 0 5 5 0.054978132 
265 159 3 4 0.05444221 
188 241 5 6 0.05408662 
590 132 5 5 0.054073106 
292 229 26 26 0.053478688 
95 48 7 8 0.053418845 
803 234 115 75 0.053262662 
94 17 6 7 0.053111885 
748 193 10 10 0.053105365 
481 8 5 7 0.052805353 
835 280 10 7 0.05248024 
366 64 32 22 0.052316606 
60 11 11 7 0.05227862 
438 448 3 3 0.051938087 
455 444 6 5 0.051848024 
283 153 3 4 0.05176218 
485 196 7 5 0.051583167 
8 2 4 6 0.051550392 
732 88 4 4 0.051538736 
907 312 11 9 0.051270902 
935 299 7 5 0.051091496 
475 176 8 6 0.050933074 
284 159 3 3 0.05087846 
506 63 5 5 0.05070842 
352 305 6 5 0.050666463 
740 1 9 8 0.05061551 
357 317 7 7 0.050614223 
265 458 16 14 0.050575063 
355 298 9 7 0.0505093 
905 410 11 8 0.050223783 
253 190 3 4 0.05020405 
478 182 10 6 0.050196063 
670 168 26 17 0.05010984 
128 76 7 5 0.050039545 
356 322 6 7 0.050024584 
621 56 6 5 0.050015382 
241 362 49 39 0.049908485 
253 187 3 3 0.04963558 
578 121 4 4 0.04955043 
96 223 6 5 0.04950845 
261 38 3 4 0.04950432 
483 441 5 5 0.049482424 
584 127 4 4 0.04944631 
221 204 3 4 0.0494327 
102 227 7 6 0.04941194 
641 541 7 6 0.04936882 
162 275 10 11 0.04932551 
260 356 34 20 0.04922612 
261 488 9 8 0.049214393 
589 120 8 7 0.048774477 
274 54 8 7 0.048509005 
137 286 4 5 0.048439115 
23 54 122 88 0.04840255 
277 492 5 4 0.048254464 
678 63 5 4 0.048143 
55 -4 584 343 0.047993146 
271 486 5 5 0.047973454 
57 4 8 5 0.047963854 
595 136 8 8 0.04780665 
730 114 5 4 0.04779355 
201 31 6 5 0.04773618 
214 380 102 85 0.047672793 
654 64 7 5 0.047614004 
771 82 59 42 0.047591895 
908 303 9 7 0.04757024 
211 270 9 8 0.047543112 
351 337 5 5 0.047338963 
348 203 5 4 0.047270067 
572 445 11 9 0.047260128 
578 572 60 40 0.047159314 
94 21 7 7 0.047127232 
882 297 8 6 0.04694209 
734 476 12 10 0.046789635 
754 121 5 5 0.046775684 
78 12 25 23 0.046767436 
69 202 91 81 0.046720773 
828 305 36 22 0.046712577 
121 443 8 11 0.046642315 
750 120 4 5 0.046614043 
303 192 3 4 0.046519194 
338 71 33 21 0.046460122 
282 56 5 6 0.04637751 
593 144 9 8 0.046375338 
618 500 570 347 0.046133347 
455 19 6 7 0.04598972 
126 2 9 6 0.045800284 
917 300 6 5 0.04552791 
371 216 8 7 0.045524325 
455 441 6 5 0.045443382 
741 141 104 77 0.045425206 
553 432 11 6 0.045353487 
868 209 47 35 0.045214172 
105 449 10 12 0.045178954 
665 297 10 9 0.044994373 
542 526 68 40 0.044875547 
188 353 4 3 0.044867627 
731 178 5 5 0.044799317 
999 371 5 5 0.044786725 
223 393 53 40 0.04466093 
766 51 108 82 0.044411488 
294 0 7 5 0.04435335 
274 495 6 6 0.04435145 
213 318 13 7 0.04424819 
98 37 5 4 0.044216134 
451 190 120 80 0.044213858 
976 541 13 14 0.044099018 
136 280 4 4 0.044032697 
737 114 4 4 0.043989565 
744 127 4 4 0.04395082 
259 490 20 21 0.043927558 
596 256 4 3 0.04391755 
511 49 9 7 0.043876976 
270 195 5 5 0.043814957 
372 297 12 11 0.043747477 
271 159 4 4 0.043693792 
576 133 6 5 0.04368437 
310 191 4 4 0.04366401 
326 314 13 10 0.04364134 
815 114 4 4 0.0433489 
267 29 9 12 0.04330545 
583 138 5 5 0.043083407 
731 29 39 39 0.043035805 
579 127 3 3 0.042986736 
592 547 57 40 0.04298212 
598 87 5 7 0.042969633 
19 66 8 7 0.042926293 
95 538 7 8 0.042749144 
187 331 4 4 0.04265468 
869 296 25 17 0.042595327 
230 235 10 7 0.042413 
730 -190 290 132 0.042393625 
220 237 5 4 0.0423347 
761 161 36 21 0.04228518 
609 152 8 9 0.04226069 
270 154 4 3 0.042240366 
438 4 3 4 0.04221824 
216 401 28 24 0.042091295 
300 206 8 10 0.04202446 
456 21 10 12 0.041910894 
886 318 10 6 0.04186944 
180 246 5 6 0.04184674 
822 114 4 3 0.041656803 
255 495 9 10 0.04164638 
95 224 27 22 0.041580457 
732 45 3 4 0.041561972 
572 121 5 4 0.04145562 
437 395 4 4 0.04140343 
617 57 5 4 0.04137027 
744 94 4 4 0.041255884 
91 17 6 6 0.04124403 
361 74 13 9 0.04119391 
61 4 10 6 0.04118852 
257 490 8 8 0.041066818 
347 338 5 4 0.04103435 
441 235 120 73 0.041024607 
352 202 5 5 0.040989634 
316 51 97 82 0.04091203 
415 226 24 20 0.040909387 
746 2 9 7 0.04082446 
365 317 5 5 0.040794533 
347 198 4 4 0.040738013 
884 80 12 10 0.04072719 
98 3 6 6 0.040685043 
207 402 5 4 0.040633883 
738 427 42 40 0.040626436 
134 76 8 5 0.040560924 
455 9 6 6 0.040491026 
369 91 11 8 0.04043826 
564 126 6 5 0.04043195 
495 4 49 43 0.04036736 
930 426 9 8 0.04032739 
449 11 4 5 0.040239416 
103 224 6 5 0.040220913 
667 63 249 145 0.04019287 
298 192 3 4 0.04018074 
405 152 53 37 0.040180378 
186 325 4 4 0.040143583 
617 426 5 7 0.04010156 
207 330 7 7 0.039950226 
438 1 3 4 0.039950058 
170 456 10 7 0.039893072 
442 4 4 4 0.03987384 
263 43 4 4 0.03979218 
442 395 4 5 0.039688952 
656 30 50 43 0.03966435 
245 502 4 6 0.039664224 
819 156 31 23 0.03962756 
136 261 4 4 0.0396133 
740 128 3 3 0.03948715 
21 507 24 25 0.039405655 
475 183 7 5 0.039362386 
444 442 3 3 0.03928802 
92 48 6 7 0.03928223 
730 171 5 4 0.03926377 
96 30 5 5 0.039183263 
453 503 141 81 0.03914872 
291 165 3 4 0.039141 
667 316 5 6 0.03913982 
363 189 99 78 0.039113224 
267 23 11 11 0.03903659 
118 157 48 37 0.03901687 
-7 460 499 372 0.038995553 
182 0 14 10 0.03897445 
457 459 6 5 0.038955294 
596 95 7 11 0.038938615 
350 54 57 41 0.03884329 
651 129 63 39 0.03883639 
675 170 15 9 0.03881185 
205 321 9 7 0.038802586 
733 56 3 5 0.038659792 
185 338 4 6 0.0386433 
295 428 5 5 0.038627844 
750 184 7 6 0.03853595 
283 147 4 3 0.038506497 
487 106 5 5 0.03844516 
742 89 5 5 0.0384018 
278 153 3 3 0.038375363 
852 327 128 95 0.038373865 
107 20 10 10 0.038358226 
734 183 6 6 0.03835449 
443 11 4 5 0.03834231 
149 21 13 8 0.038180787 
476 174 5 4 0.0381495 
847 178 4 4 0.038127072 
503 289 106 86 0.038125876 
438 11 4 5 0.038120758 
270 47 22 23 0.03810173 
826 115 4 4 0.037889265 
110 54 26 22 0.037856266 
90 163 5 7 0.03783526 
353 198 4 4 0.037780482 
14 2 5 6 0.03774773 
341 341 6 5 0.037591122 
347 333 4 3 0.037590902 
393 61 28 22 0.037564673 
272 30 10 11 0.037514515 
726 107 4 4 0.03750228 
748 106 5 6 0.037489448 
739 195 130 106 0.037463624 
258 60 4 6 0.037414968 
724 95 5 4 0.03736449 
265 164 3 4 0.037358288 
229 215 6 6 0.037322983 
218 241 6 5 0.037312724 
845 164 6 4 0.037148025 
872 312 25 16 0.037094828 
739 172 4 3 0.037078045 
773 202 7 8 0.037063994 
664 205 123 98 0.037063025 
744 172 4 3 0.03700976 
613 69 7 4 0.03694649 
658 64 6 5 0.036936212 
411 9 6 7 0.03693477 
143 278 4 6 0.03692712 
355 292 8 7 0.036870085 
976 2 8 8 0.036817838 
397 63 10 6 0.03673987 
129 79 8 6 0.036725655 
214 298 114 85 0.036710806 
338 310 22 22 0.036699515 
726 114 4 4 0.036643147 
711 120 5 4 0.036574483 
184 341 5 6 0.036521677 
233 186 3 2 0.036506042 
386 100 12 9 0.036473364 
763 218 5 4 0.036460742 
880 303 10 7 0.036425143 
225 207 7 8 0.036404017 
-10 287 521 297 0.036385093 
596 438 14 14 0.03636772 
885 296 5 3 0.036332346 
480 173 6 5 0.03623772 
471 445 8 5 0.03623286 
743 178 4 4 0.036212835 
193 47 24 24 0.036182534 
267 259 8 7 0.036181297 
764 166 15 9 0.036138017 
835 162 10 7 0.03612866 
878 296 5 3 0.03611464 
739 89 5 5 0.03608456 
783 102 16 11 0.03605312 
294 3 8 5 0.036019992 
275 247 23 22 0.035992287 
850 119 7 6 0.035935387 
754 125 6 5 0.035920236 
244 192 4 3 0.035856307 
648 69 4 4 0.035853207 
150 17 11 7 0.03585303 
176 3 56 40 0.035775457 
254 376 50 43 0.03576997 
439 442 3 3 0.035744824 
244 446 50 45 0.03574223 
313 226 9 8 0.035728555 
807 219 5 6 0.03571279 
397 2 7 8 0.03570558 
437 453 6 4 0.035651702 
595 132 6 6 0.035643216 
109 224 7 6 0.03560909 
308 231 11 9 0.035603095 
270 192 4 4 0.03557997 
596 104 6 8 0.0355318 
334 266 5 6 0.035476077 
504 215 9 6 0.035466153 
182 332 4 4 0.03546226 
739 94 4 4 0.035412177 
874 301 11 8 0.03536579 
746 51 11 10 0.03534774 
896 67 118 95 0.035314307 
738 56 4 5 0.03529029 
674 63 5 5 0.03522833 
365 273 5 5 0.03522748 
52 5 7 4 0.035166245 
326 261 4 5 0.0351237 
408 15 7 9 0.03508957 
291 153 3 3 0.035048217 
644 545 10 10 0.0350442 
377 18 50 41 0.035041153 
685 69 5 4 0.03502305 
276 60 6 6 0.034991153 
277 487 4 3 0.03497795 
402 161 28 21 0.034943778 
161 146 5 4 0.034935944 
148 13 7 4 0.03492824 
403 310 50 44 0.034889057 
194 353 5 3 0.03475924 
732 83 3 3 0.034747053 
197 239 5 6 0.03470748 
853 190 26 21 0.034688454 
231 415 5 5 0.034640912 
877 5 24 22 0.0346321 
321 190 7 5 0.0345479 
758 99 4 6 0.034532223 
229 202 6 5 0.03450446 
521 7 41 35 0.03448694 
90 29 6 6 0.034483902 
264 29 6 8 0.034452416 
260 43 3 4 0.03444818 
597 97 121 90 0.03444787 
626 171 9 7 0.03443739 
909 339 33 24 0.0344258 
743 190 5 5 0.034423918 
142 247 4 6 0.03433759 
646 364 6 4 0.034310896 
535 47 12 8 0.0341792 
372 335 3 6 0.034154274 
181 261 4 5 0.034124736 
753 488 31 30 0.034042943 
121 48 8 6 0.03403966 
367 46 15 10 0.034039225 
554 347 8 8 0.03397266 
365 270 4 3 0.033954944 
865 25 6 5 0.033951644 
-5 -146 68 153 0.033933535 
751 126 4 4 0.033920877 
731 165 5 4 0.033913713 
876 409 8 5 0.033902463 
648 376 12 11 0.033899233 
366 77 13 9 0.033891097 
502 -13 522 337 0.033872206 
928 299 7 5 0.033808958 
686 65 4 3 0.033794142 
103 434 21 20 0.033790957 
-7 225 104 101 0.03378638 
271 164 4 4 0.033758134 
443 401 4 5 0.033726994 
-1 352 97 128 0.03370329 
898 295 44 35 0.0337006 
735 2 8 7 0.03369775 
883 20 8 9 0.03369199 
859 159 5 4 0.03359892 
515 25 21 22 0.033570092 
851 164 5 4 0.033555146 
499 217 8 5 0.033554208 
747 0 8 5 0.03354789 
154 200 6 8 0.033531494 
275 1 6 4 0.03351967 
888 295 6 4 0.033514157 
217 190 6 4 0.03349986 
484 134 3 3 0.033493903 
862 194 12 9 0.033460252 
520 121 6 5 0.033434585 
904 304 8 6 0.033434477 
153 13 8 4 0.033433598 
397 8 8 9 0.03339304 
243 336 56 41 0.033385552 
272 368 37 20 0.033357203 
586 115 3 3 0.0333177 
299 158 6 5 0.03328124 
743 53 7 8 0.033278376 
360 273 5 5 0.033269618 
284 192 3 3 0.033246033 
734 140 3 4 0.03324521 
264 147 3 3 0.033233535 
4 0 3 5 0.03321739 
144 420 120 91 0.03321442 
660 115 5 4 0.03318032 
3 2 4 7 0.033175264 
777 102 6 5 0.033146318 
737 166 4 3 0.033137538 
876 318 10 6 0.033135474 
136 266 5 6 0.033134244 
210 183 7 6 0.03313406 
633 38 50 43 0.03309504 
872 296 5 3 0.03306826 
773 315 117 104 0.03306678 
238 186 4 3 0.033060893 
926 293 8 6 0.03302647 
913 303 8 6 0.033021085 
186 246 5 6 0.032961912 
467 162 54 44 0.032959085 
626 548 6 6 0.032927725 
180 253 5 5 0.032894943 
374 75 14 11 0.032869663 
484 365 12 11 0.03286081 
654 538 49 42 0.03282307 
175 336 5 6 0.03282268 
592 227 53 44 0.032789387 
540 53 13 8 0.03276006 
226 235 7 6 0.032730423 
663 306 5 5 0.032724656 
75 195 6 7 0.0326981 
569 48 9 8 0.03267529 
664 302 9 8 0.03266142 
131 260 4 5 0.032645416 
364 278 6 5 0.032606013 
267 107 2 4 0.032597374 
703 289 105 82 0.032589592 
321 256 4 3 0.03257446 
277 263 10 8 0.032569334 
740 102 4 4 0.03251694 
720 108 4 4 0.032448262 
1 79 6 7 0.032441743 
372 318 5 5 0.03241868 
140 272 6 7 0.032369975 
430 4 4 5 0.032362312 
889 220 14 10 0.03235008 
738 133 3 4 0.032346867 
676 267 54 43 0.032343615 
283 165 4 3 0.032325864 
256 29 6 6 0.03231144 
570 432 8 6 0.032310143 
849 191 50 38 0.032260485 
559 506 61 41 0.032239582 
128 12 111 73 0.032218553 
161 465 5 5 0.032216668 
73 186 4 3 0.032187995 
500 96 4 5 0.032152127 
457 456 5 3 0.03213829 
346 292 7 6 0.032125533 
660 119 7 5 0.032123733 
30 141 11 9 0.032116286 
170 49 9 6 0.032111324 
488 139 3 4 0.032059267 
750 171 7 5 0.032012355 
866 153 6 4 0.03200957 
764 201 12 11 0.0320039 
92 117 12 9 0.031998932 
265 50 4 4 0.031983767 
0 515 23 23 0.03197261 
251 215 7 5 0.03194343 
668 65 4 4 0.031939648 
430 141 51 42 0.03193577 
536 62 10 6 0.031906758 
462 455 7 5 0.031892605 
341 333 5 4 0.0318824 
87 136 47 37 0.03187305 
291 198 3 4 0.031846907 
861 302 30 21 0.031797364 
556 38 50 40 0.031791776 
748 184 25 20 0.031790316 
880 412 7 6 0.031788424 
575 432 7 5 0.031787124 
432 1 3 4 0.031756666 
523 39 44 36 0.03174107 
167 426 26 21 0.03173826 
358 312 7 6 0.031723283 
137 272 5 7 0.031669647 
646 119 7 5 0.031659544 
100 48 8 8 0.03165523 
563 442 23 18 0.03164709 
731 103 4 4 0.031627562 
737 179 5 4 0.03160443 
745 120 5 4 0.031597223 
4 144 9 8 0.031572632 
853 413 6 5 0.031571023 
171 453 9 6 0.031505156 
7 5 109 87 0.031497918 
118 76 56 43 0.031485822 
754 9 9 7 0.031481024 
920 303 8 7 0.03146803 
231 420 6 5 0.03145572 
347 192 5 3 0.0314243 
843 199 28 23 0.031420443 
259 51 3 3 0.031397898 
608 148 19 17 0.03134446 
249 413 49 48 0.031192854 
738 120 4 4 0.03118832 
82 500 8 9 0.03118011 
737 107 5 5 0.03116492 
475 456 11 7 0.031124633 
212 241 6 4 0.031122528 
609 75 6 4 0.031094775 
415 10 6 6 0.031089772 
269 41 7 5 0.031089028 
275 3 7 5 0.031086486 
854 315 26 21 0.031046214 
746 371 11 8 0.031042827 
274 49 8 6 0.031038767 
689 326 95 82 0.031033391 
846 185 4 4 0.030992925 
665 120 7 5 0.030984534 
573 346 19 18 0.03097497 
535 64 32 20 0.030945174 
294 431 6 7 0.030944802 
763 95 3 4 0.030918116 
295 431 602 371 0.03090783 
445 421 3 3 0.03089909 
261 154 3 3 0.030886406 
672 114 7 5 0.030863386 
434 38 7 4 0.030856881 
507 45 24 19 0.030804096 
621 171 23 18 0.030789476 
444 447 3 4 0.030779958 
199 236 4 5 0.030749587 
252 497 6 7 0.030740505 
257 185 4 4 0.03073454 
271 231 10 9 0.030697763 
738 160 3 3 0.030697603 
258 230 4 4 0.030696552 
362 92 10 8 0.030694522 
283 198 4 4 0.030691743 
314 195 6 5 0.030688467 
161 190 5 6 0.03068086 
264 35 5 6 0.030673474 
425 10 5 6 0.030642888 
393 415 4 5 0.030625565 
171 56 8 5 0.030588193 
176 432 10 7 0.030580424 
650 549 11 13 0.030577717 
731 37 4 5 0.030562889 
466 143 108 73 0.03052324 
283 60 5 6 0.030516187 
45 140 105 101 0.030491846 
627 68 6 5 0.030489912 
342 198 5 4 0.03048552 
755 166 8 6 0.030481635 
198 329 6 5 0.030455614 
586 157 9 10 0.030446421 
100 36 7 6 0.030442506 
118 437 9 10 0.030440627 
174 349 102 81 0.030429365 
222 412 7 6 0.030417418 
424 383 4 4 0.030410979 
483 145 4 5 0.030390311 
43 413 96 103 0.03038876 
650 555 12 15 0.030379444 
510 215 7 5 0.030368265 
876 80 25 21 0.030356558 
801 128 6 4 0.03035484 
737 143 5 7 0.030293895 
149 300 5 5 0.030286193 
66 210 5 5 0.030284608 
205 35 8 5 0.030281084 
666 312 4 6 0.03025633 
920 292 9 7 0.03023874 
536 120 9 7 0.030231036 
752 175 12 7 0.030206343 
949 426 13 7 0.030197406 
263 230 6 5 0.030194202 
695 347 50 41 0.030156562 
367 252 108 89 0.030152949 
786 88 11 9 0.030128874 
291 428 4 4 0.03012344 
167 57 7 5 0.030096218 
28 165 4 5 0.030063372 
438 391 3 3 0.030043967 
443 242 5 4 0.030024312 
723 475 43 37 0.030004641 
864 180 11 9 0.030002337 
188 273 4 5 0.02999999 
846 189 5 5 0.029996142 
273 259 22 18 0.029987395 
660 68 5 4 0.029964408 
436 400 5 5 0.0299485 
423 22 8 8 0.029930238 
845 24 84 84 0.029919997 
485 440 6 5 0.029919077 
620 69 7 5 0.02991151 
753 169 10 6 0.029863156 
511 351 22 22 0.029857496 
884 4 12 8 0.02985299 
280 298 60 41 0.029846163 
584 122 4 4 0.029762166 
63 14 9 6 0.02975222 
371 332 5 5 0.029740702 
475 26 50 42 0.029732723 
785 233 20 19 0.02973111 
1014 494 12 14 0.029718006 
266 102 2 3 0.029717773 
250 414 5 6 0.029715188 
436 15 6 7 0.029704705 
662 155 35 23 0.029697044 
51 17 7 5 0.029690024 
276 158 4 4 0.02968273 
894 223 27 24 0.02967562 
155 19 32 23 0.029659556 
655 67 6 4 0.02965418 
593 125 7 6 0.029653614 
913 293 24 19 0.029601108 
1002 382 4 6 0.029587977 
208 206 3 3 0.029587897 
220 199 4 3 0.029577121 
480 363 22 21 0.029566737 
327 309 12 10 0.029565573 
594 431 8 8 0.029559813 
744 82 3 4 0.029546836 
89 223 6 6 0.029526047 
258 236 4 4 0.029521253 
175 331 5 5 0.029520156 
360 204 3 4 0.029516308 
271 478 5 5 0.02951516 
214 205 3 3 0.029459776 
133 3 8 6 0.029453192 
488 102 4 4 0.029437242 
204 30 8 6 0.029430296 
762 99 4 5 0.029427795 
794 264 7 8 0.029411381 
753 75 3 4 0.029392732 
586 89 19 26 0.029388528 
738 82 4 4 0.029352186 
869 150 9 6 0.02935194 
696 114 7 5 0.029345088 
111 415 4 4 0.029343398 
634 471 4 6 0.02933194 
329 265 4 5 0.029325394 
155 197 5 6 0.029317291 
512 54 7 5 0.029308243 
431 346 4 3 0.02930577 
448 12 21 23 0.029283684 
261 56 104 92 0.029283332 
52 469 58 67 0.029245183 
838 199 6 4 0.029235633 
506 211 7 5 0.02923342 
875 10 12 11 0.029209401 
782 155 120 83 0.029204097 
400 632 56 46 0.029179936 
205 260 7 6 0.029179124 
82 214 6 7 0.029150117 
486 395 8 5 0.02914782 
899 15 12 11 0.02914326 
992 522 47 42 0.029131506 
880 311 11 7 0.029109456 
476 0 4 5 0.029097533 
746 10 9 7 0.029096149 
413 127 52 43 0.029093692 
616 223 106 88 0.029092083 
523 33 8 8 0.029091416 
207 398 4 3 0.029090581 
768 218 6 4 0.02906477 
116 61 9 8 0.029058289 
169 325 5 5 0.029055493 
199 324 7 6 0.029043097 
750 63 5 5 0.029018443 
595 111 6 7 0.029007891 
325 190 7 5 0.029003559 
754 5 9 5 0.029001491 
923 266 22 18 0.02898887 
863 29 8 6 0.028985593 
371 112 45 40 0.028974272 
155 60 33 23 0.028957777 
162 338 4 4 0.02894414 
362 217 3 4 0.028941084 
276 120 4 5 0.028924983 
309 186 4 3 0.02891135 
244 197 4 3 0.028904926 
571 126 5 4 0.02887094 
104 414 5 6 0.028862452 
731 49 4 5 0.028857313 
660 355 8 6 0.028844245 
757 70 3 3 0.028820956 
756 106 6 6 0.028803488 
520 207 33 24 0.028796373 
858 241 7 6 0.028795881 
484 139 3 4 0.028789036 
480 395 7 6 0.028775625 
20 63 6 6 0.028775228 
585 144 4 5 0.028772658 
428 216 6 5 0.028763844 
391 4 23 25 0.028763615 
183 434 10 6 0.028763 
430 9 5 6 0.028735705 
753 69 3 4 0.028704591 
564 121 6 4 0.028684815 
867 410 5 4 0.028682431 
354 192 4 3 0.028664498 
342 203 5 4 0.028653268 
659 28 9 9 0.02862712 
734 135 3 3 0.028613022 
478 312 51 41 0.028601727 
758 95 3 4 0.028590415 
181 348 4 6 0.028588176 
307 196 5 5 0.028587759 
425 413 114 84 0.028576912 
768 221 5 5 0.028556928 
195 274 4 5 0.028555704 
182 244 5 5 0.028508393 
117 415 4 4 0.028489957 
473 441 7 5 0.028480899 
97 105 48 40 0.028457053 
660 76 5 4 0.028436428 
272 148 3 3 0.028434135 
615 74 7 5 0.02842448 
75 206 8 9 0.028419781 
656 54 9 7 0.028389212 
792 254 7 6 0.028320175 
845 396 4 5 0.028311452 
270 49 5 6 0.028303765 
712 82 5 4 0.028296303 
726 45 3 4 0.028287325 
143 325 4 4 0.028280491 
853 271 32 18 0.028249864 
293 200 19 23 0.028244967 
428 37 7 5 0.028238757 
246 499 4 5 0.028234331 
368 97 11 9 0.028231686 
345 342 5 5 0.028220305 
667 47 7 8 0.028212197 
84 115 23 19 0.02820798 
240 197 4 3 0.028189203 
74 23 120 88 0.028184177 
90 260 46 49 0.028181039 
201 222 105 83 0.028164538 
952 53 116 95 0.028143687 
266 426 9 7 0.028141515 
999 364 6 4 0.028138746 
239 192 4 3 0.028133191 
76 202 8 8 0.028131196 
731 152 4 4 0.028124588 
635 69 5 4 0.02811396 
291 191 3 4 0.028108144 
20 170 6 6 0.02808162 
442 1 4 4 0.028076787 
795 239 5 5 0.028075011 
488 145 4 4 0.028072199 
269 449 17 13 0.028070854 
891 5 27 21 0.028030988 
233 191 4 4 0.028012155 
596 250 4 4 0.027992627 
451 460 4 4 0.027986052 
590 114 5 5 0.027970504 
335 262 3 4 0.027965046 
71 209 6 6 0.027935615 
166 464 8 6 0.027927628 
869 158 8 6 0.027910363 
113 10 10 6 0.027909389 
360 191 4 4 0.027897805 
775 29 50 42 0.027879154 
261 159 3 4 0.027874468 
793 103 14 10 0.02787145 
352 483 146 83 0.02785461 
494 216 6 5 0.02784397 
250 114 110 92 0.027840514 
316 187 4 3 0.027836995 
342 192 4 4 0.027834307 
451 442 3 3 0.02781844 
201 35 5 5 0.027816879 
34 109 7 5 0.02781434 
750 94 4 5 0.02780677 
270 95 3 4 0.027800262 
737 150 5 5 0.027791297 
418 228 6 5 0.02777536 
217 401 8 6 0.027769115 
277 164 4 4 0.027763238 
127 49 8 6 0.027760247 
401 284 52 47 0.02775954 
283 141 4 4 0.027759206 
747 207 10 9 0.02775123 
648 31 29 27 0.027726691 
734 188 7 7 0.027717361 
277 141 4 4 0.027710896 
157 416 26 22 0.02770762 
608 68 7 5 0.02770256 
489 134 2 3 0.027701927 
216 351 56 42 0.02769845 
204 266 8 7 0.02767308 
198 23 8 6 0.027670724 
579 446 8 6 0.027668532 
609 250 6 4 0.02766623 
290 202 4 5 0.027645655 
266 216 10 10 0.027631124 
229 208 6 7 0.027629767 
355 44 33 22 0.02762324 
44 11 8 5 0.027609494 
194 408 5 4 0.027606217 
492 196 7 5 0.027600635 
249 406 6 6 0.027578851 
685 95 4 4 0.027561424 
538 60 51 36 0.027551074 
368 337 4 5 0.027536364 
117 421 5 5 0.027530571 
140 5 9 5 0.027512634 
108 10 8 6 0.02749679 
201 403 4 3 0.02749003 
199 374 54 45 0.027489921 
187 236 5 5 0.027458388 
8 67 5 7 0.027448533 
633 126 7 5 0.027445644 
897 299 25 18 0.027443707 
377 95 25 18 0.027438784 
618 154 10 9 0.027432015 
373 345 3 5 0.02742633 
98 65 51 41 0.027419195 
746 196 5 6 0.027416905 
585 426 19 21 0.027403947 
99 263 26 21 0.027403127 
857 195 9 7 0.027401894 
525 121 6 4 0.027361207 
188 266 5 6 0.027359182 
641 70 5 3 0.027358873 
252 139 4 4 0.027349465 
368 325 4 4 0.02734777 
944 234 10 8 0.027331842 
268 208 6 7 0.027329246 
854 107 5 5 0.027321551 
98 226 6 7 0.027297702 
284 171 3 4 0.027296625 
756 216 6 5 0.027284922 
570 133 6 5 0.027257867 
264 141 3 3 0.027252587 
173 185 5 4 0.027244702 
760 4 10 6 0.027233204 
259 245 24 22 0.027223572 
627 56 7 5 0.027215436 
264 172 3 4 0.027207661 
262 350 8 5 0.02719894 
137 290 5 8 0.027197035 
749 114 5 4 0.027191296 
84 29 7 6 0.027188355 
460 458 8 5 0.027187545 
744 113 4 5 0.027173832 
516 51 9 7 0.027168578 
110 432 6 5 0.027159845 
403 4 6 7 0.027151365 
438 459 125 79 0.027151285 
280 4 7 5 0.027137201 
452 274 107 80 0.027135175 
487 216 6 4 0.027131952 
192 267 5 5 0.027117664 
135 242 6 6 0.02711586 
277 147 4 4 0.027105795 
110 428 5 5 0.027101662 
270 405 56 47 0.02709756 
322 260 6 6 0.027094884 
257 241 4 4 0.02708385 
272 120 4 5 0.02707358 
622 63 6 4 0.027056584 
301 140 4 4 0.027044475 
542 119 9 7 0.027044099 
335 336 22 18 0.027039796 
900 314 27 19 0.027015705 
507 55 6 6 0.027003953 
350 292 9 7 0.027000261 
537 43 9 6 0.02698393 
578 308 4 4 0.026983812 
436 346 4 3 0.02697097 
245 186 4 2 0.026958672 
198 273 5 5 0.026953395 
724 383 5 4 0.026952595 
122 74 8 6 0.026941633 
667 329 4 6 0.026894903 
1013 46 7 11 0.026872834 
348 293 19 16 0.02687224 
569 442 9 6 0.026865654 
835 109 5 4 0.026855644 
187 438 16 10 0.026843945 
110 197 4 4 0.026838573 
112 103 13 9 0.026832573 
128 42 9 6 0.026831273 
762 121 5 4 0.026822561 
27 157 6 5 0.026805941 
667 115 6 3 0.026789663 
142 260 4 5 0.026784232 
421 229 12 10 0.026781172 
261 146 3 3 0.026772363 
354 236 4 4 0.026772091 
674 118 12 7 0.026771698 
404 171 30 23 0.026763095 
852 160 5 5 0.026721695 
184 398 51 39 0.02672116 
870 146 8 6 0.026720403 
108 236 49 44 0.026699934 
792 259 7 7 0.02669684 
793 249 7 5 0.026693348 
489 128 2 3 0.026672667 
657 20 27 26 0.02666227 
810 118 59 44 0.026654752 
653 364 5 4 0.026640551 
223 240 8 6 0.0266326 
897 226 11 8 0.026632216 
492 394 8 6 0.026627395 
719 90 4 3 0.026627025 
218 247 6 5 0.026626358 
864 4 7 5 0.026615286 
482 445 6 4 0.026604736 
610 57 5 5 0.026599053 
858 414 5 4 0.026590789 
10 510 44 57 0.026581557 
625 -150 539 343 0.026579257 
257 261 7 6 0.026575662 
645 559 42 43 0.026572127 
289 433 5 7 0.026544359 
725 51 4 4 0.026540566 
287 208 6 7 0.026535895 
52 12 7 5 0.026533727 
194 345 4 4 0.026529662 
109 -65 56 49 0.026522832 
756 81 4 5 0.026508281 
753 184 12 9 0.026506387 
858 164 5 4 0.026506288 
511 235 9 6 0.026492829 
115 191 4 4 0.02648209 
204 262 22 20 0.026469843 
263 56 4 5 0.02645806 
624 288 4 3 0.026451334 
206 408 6 4 0.02644783 
259 140 3 4 0.02644402 
320 249 5 4 0.026437875 
299 163 7 5 0.026436515 
238 217 6 5 0.026430551 
661 84 4 3 0.026429594 
858 177 7 5 0.02641976 
398 129 12 10 0.026405765 
391 0 5 5 0.026405318 
204 43 9 8 0.026398083 
844 387 5 6 0.026376296 
975 1 5 4 0.026370054 
826 0 6 4 0.026356021 
365 70 55 43 0.026354056 
556 344 7 7 0.02635282 
-8 306 109 96 0.026349397 
653 76 6 4 0.026347756 
867 28 8 7 0.026340572 
412 32 22 20 0.02633606 
186 223 4 5 0.026335532 
337 106 56 47 0.02633293 
157 191 4 5 0.02633011 
359 330 5 6 0.026329083 
483 128 3 3 0.026322164 
271 102 3 3 0.026289284 
199 353 5 4 0.026282176 
340 278 7 6 0.02627182 
774 224 5 4 0.026263285 
71 461 28 29 0.026262874 
719 102 4 4 0.026261263 
733 146 4 4 0.026244624 
110 472 134 85 0.02623903 
763 82 4 5 0.02623852 
210 260 8 6 0.026212169 
597 282 4 3 0.026208164 
209 254 24 20 0.02620785 
656 551 11 13 0.02620691 
731 160 4 3 0.02620624 
78 184 4 4 0.02618791 
60 -75 122 99 0.026180152 
726 350 47 42 0.026168613 
432 448 3 3 0.02616738 
266 350 12 7 0.026164716 
216 253 8 7 0.026159555 
393 391 3 3 0.026140185 
200 206 3 3 0.02613878 
290 171 4 4 0.026135707 
470 3 6 7 0.02612924 
92 38 4 4 0.02612797 
111 421 4 4 0.026118971 
321 205 5 4 0.026114939 
84 431 24 23 0.026114259 
726 171 4 4 0.026096 
773 121 7 5 0.026093688 
81 207 7 8 0.026087033 
175 425 12 8 0.026081491 
493 211 6 3 0.026071873 
887 16 10 10 0.026058726 
860 1 4 4 0.026044328 
387 390 3 3 0.02603221 
92 14 5 4 0.02602434 
539 88 55 46 0.026007472 
354 241 3 4 0.026005046 
9 48 10 9 0.026001755 
757 75 4 4 0.025991896 
591 440 6 7 0.025985017 
72 -64 50 45 0.025980622 
127 100 10 8 0.025978766 
800 255 5 6 0.025965394 
725 196 4 4 0.025956228 
174 324 5 5 0.025935195 
502 220 10 7 0.025933284 
491 193 60 41 0.025917882 
483 177 8 6 0.025914978 
176 503 13 9 0.02590994 
154 317 7 6 0.025898479 
918 268 6 6 0.025894893 
449 454 4 3 0.025881583 
82 203 5 6 0.025876729 
231 199 4 3 0.025860328 
364 312 6 5 0.025848389 
603 26 54 45 0.0257988 
167 184 6 5 0.025793394 
252 230 5 4 0.025784278 
243 406 7 7 0.025783543 
394 311 9 6 0.025779348 
72 147 50 46 0.025777629 
119 366 42 42 0.025759399 
588 275 5 4 0.025759323 
445 416 3 4 0.025757078 
794 235 6 6 0.025755746 
131 266 4 5 0.02575526 
840 387 5 6 0.025752729 
355 142 49 47 0.025746204 
330 74 9 7 0.025734557 
141 242 5 6 0.025732523 
197 36 24 23 0.025713766 
171 465 10 7 0.025706097 
658 28 93 79 0.02569895 
256 417 25 26 0.025684295 
335 254 4 4 0.025684211 
266 95 2 4 0.025680585 
116 49 6 5 0.025678545 
762 70 4 4 0.02567196 
194 403 5 4 0.025652418 
538 24 47 37 0.025638593 
800 236 4 5 0.025636142 
86 17 6 5 0.025635451 
82 75 27 19 0.025613772 
935 295 6 4 0.025606964 
499 359 60 45 0.02560529 
405 68 13 11 0.02559871 
620 155 131 87 0.025596255 
411 6 5 5 0.0255933 
347 19 32 24 0.025580827 
234 400 10 9 0.02557924 
480 190 6 5 0.025566028 
331 524 136 85 0.025552161 
277 126 4 5 0.025551936 
788 239 7 5 0.025548741 
900 234 8 6 0.025538098 
876 323 7 5 0.02552297 
203 24 8 5 0.02551727 
590 155 21 22 0.02551014 
280 395 115 93 0.025509562 
737 195 5 5 0.025507845 
258 478 23 21 0.025503729 
551 352 12 11 0.02549981 
602 156 6 7 0.025492357 
531 120 8 6 0.025489679 
282 487 5 4 0.025469964 
837 201 7 5 0.025443831 
360 198 3 4 0.02543524 
576 428 5 5 0.025431627 
181 1 30 20 0.025429253 
475 166 6 4 0.025426209 
262 62 5 6 0.025421754 
864 241 7 5 0.025396291 
188 355 5 6 0.025382793 
146 5 9 5 0.025381172 
155 299 5 6 0.025352282 
908 235 6 6 0.025351662 
290 1 6 4 0.025340643 
752 24 41 38 0.025334025 
498 100 6 5 0.02532256 
761 207 9 7 0.025305377 
361 279 5 4 0.02529824 
760 18 6 5 0.025294866 
372 291 9 7 0.025291199 
768 439 112 88 0.025288435 
200 409 5 4 0.02528739 
368 217 6 5 0.025281139 
627 64 6 4 0.025279928 
475 157 27 25 0.025266852 
763 221 6 5 0.02526049 
485 279 58 43 0.025249494 
484 115 3 3 0.025239823 
277 192 3 3 0.025219312 
447 242 7 5 0.025215374 
617 288 4 3 0.025213832 
697 102 7 5 0.025202004 
212 402 6 4 0.025194846 
268 33 23 25 0.025189681 
837 376 6 5 0.02518268 
177 438 10 7 0.025156494 
36 116 10 7 0.025155121 
133 227 9 10 0.025154522 
143 16 27 17 0.025147751 
654 36 6 6 0.025136825 
299 0 8 5 0.025115496 
647 248 54 44 0.025104806 
785 108 11 8 0.025098361 
148 272 81 89 0.025092918 
520 138 60 48 0.025083993 
833 88 5 4 0.025079561 
856 174 23 21 0.0250787 
484 107 3 4 0.025077106 
11 73 8 9 0.025072776 
117 56 6 5 0.025071835 
181 266 4 6 0.025056725 
19 19 8 6 0.025053237 
567 53 27 21 0.025046576 
341 93 90 90 0.025039382 
287 61 5 6 0.025037793 
518 69 51 43 0.025026761 
246 347 99 73 0.02502501 
160 300 5 5 0.025019169 
467 441 9 7 0.025010806 
491 106 7 6 0.02501053 
284 213 8 9 0.025007209 
149 272 6 7 0.024981134 
733 62 3 4 0.024956435 
201 397 4 4 0.02494429 
287 11 8 5 0.024942528 
763 88 3 5 0.024938226 
298 3 10 6 0.024937471 
212 237 5 4 0.0249115 
91 159 4 4 0.024910737 
536 539 118 71 0.024892515 
887 305 8 6 0.024884775 
489 354 24 22 0.024882294 
168 152 5 4 0.02486602 
474 190 7 5 0.024856996 
67 273 100 99 0.024851646 
219 207 5 6 0.024848446 
481 217 6 4 0.02484383 
468 165 5 4 0.024833102 
508 212 69 44 0.024831105 
62 275 50 47 0.024822168 
129 419 6 7 0.024819387 
538 36 6 5 0.024812903 
289 4 7 5 0.024812846 
297 262 51 40 0.02480982 
802 133 5 4 0.0248062 
563 383 6 5 0.024801714 
375 619 56 46 0.024789505 
69 474 9 11 0.02478575 
8 -267 421 366 0.024773594 
241 434 30 26 0.024746211 
505 48 8 7 0.024733389 
597 287 5 4 0.024731813 
520 -1 24 29 0.02472718 
603 324 3 5 0.024715995 
828 159 14 10 0.024714341 
730 193 6 6 0.02471396 
257 274 61 43 0.024713328 
202 47 9 9 0.024703987 
583 432 5 5 0.024703013 
90 425 7 8 0.024690708 
756 63 4 5 0.024689397 
655 114 5 4 0.024685416 
588 356 7 6 0.024676265 
189 7 12 9 0.024669679 
668 326 3 5 0.024659883 
385 237 6 4 0.02464278 
121 256 21 24 0.02464146 
19 0 6 4 0.02462967 
67 186 3 4 0.024629086 
315 279 7 6 0.024628669 
743 185 5 4 0.02462856 
1008 540 13 10 0.024609994 
840 119 6 5 0.024607362 
566 61 48 38 0.024601586 
758 9 11 7 0.0246009 
183 18 26 24 0.024582792 
296 163 5 5 0.024575979 
55 9 25 17 0.024562275 
460 8 7 7 0.024555046 
909 266 43 34 0.02453919 
178 430 35 20 0.024529569 
648 65 5 4 0.024525587 
332 190 6 5 0.024521047 
243 413 6 6 0.024519384 
852 191 5 4 0.024510007 
335 332 5 5 0.024493022 
6 48 25 20 0.024491973 
298 140 4 4 0.02447732 
420 427 3 4 0.024473775 
598 44 115 95 0.024467861 
275 42 8 7 0.02446382 
282 495 6 5 0.024458786 
44 4 9 5 0.02445481 
639 47 28 21 0.02445453 
875 145 9 7 0.024436487 
584 236 25 23 0.024435274 
336 316 10 8 0.024433544 
523 213 11 8 0.024432408 
474 15 6 8 0.024424875 
726 178 4 4 0.024418455 
360 210 3 3 0.024414413 
593 223 8 6 0.024396637 
492 389 8 6 0.024360817 
810 633 55 44 0.024355583 
427 27 9 7 0.02434854 
110 229 12 12 0.024348019 
757 206 25 21 0.024340335 
234 518 20 19 0.024339689 
58 14 8 7 0.024334183 
351 279 6 5 0.024334017 
132 47 100 82 0.0243233 
445 20 51 43 0.024322663 
133 69 8 6 0.024321489 
777 447 4 5 0.024316499 
667 68 5 4 0.024315022 
776 196 5 6 0.024312805 
359 338 5 5 0.024304496 
628 169 548 360 0.024299651 
413 188 11 8 0.024283383 
505 44 8 7 0.024279566 
626 339 6 4 0.02427913 
142 65 54 43 0.024273545 
591 287 5 4 0.024258122 
500 56 6 5 0.02425598 
469 172 5 4 0.024254452 
753 53 8 8 0.02424815 
236 414 7 5 0.024243042 
665 279 9 7 0.024235798 
256 215 6 5 0.024234144 
225 192 4 3 0.02423362 
609 64 6 4 0.024227891 
142 13 7 3 0.024225911 
511 435 8 5 0.024224274 
236 420 6 5 0.024210963 
230 411 25 23 0.024210218 
9 -6 4 5 0.024208996 
744 167 4 3 0.024207374 
627 127 7 5 0.02420197 
619 131 11 7 0.024196483 
900 10 10 8 0.024185285 
718 94 5 4 0.024168063 
667 84 4 3 0.024163183 
-1 121 107 101 0.02416315 
190 58 27 30 0.024154874 
212 0 55 43 0.02414855 
1000 374 5 5 0.024147749 
602 250 5 4 0.024146996 
541 41 11 8 0.024145642 
726 103 3 3 0.02414375 
737 50 5 5 0.024136301 
802 241 4 4 0.024135716 
782 202 4 5 0.024133112 
467 170 26 18 0.024130384 
450 467 3 3 0.024125803 
699 64 6 4 0.02411157 
186 251 6 7 0.024101345 
412 161 6 4 0.024098862 
341 351 6 4 0.024093956 
212 179 4 4 0.024070866 
194 2 12 9 0.0240683 
51 109 5 5 0.024059217 
103 420 5 5 0.024054196 
840 395 5 7 0.02405333 
449 5 5 4 0.024050437 
139 76 7 5 0.024025876 
91 421 6 6 0.024025401 
790 464 49 39 0.024023965 
74 214 8 10 0.024023885 
753 82 3 4 0.023996742 
23 72 9 9 0.023990914 
166 453 9 7 0.023988944 
475 145 5 5 0.02398582 
412 164 12 8 0.02398555 
408 234 8 7 0.02397551 
120 241 24 23 0.023968767 
262 255 6 6 0.023957876 
461 445 8 5 0.023953674 
387 125 42 40 0.023946416 
469 7 7 8 0.02394423 
398 175 57 41 0.023936933 
281 236 25 25 0.023923011 
458 331 49 45 0.023916686 
434 106 94 86 0.023909174 
148 247 42 45 0.023908492 
852 114 5 5 0.023906182 
474 133 5 5 0.023900824 
92 80 11 7 0.023895014 
369 88 9 7 0.02389225 
240 265 8 7 0.023886777 
425 4 5 6 0.023874566 
549 452 8 5 0.02387333 
648 55 7 5 0.0238706 
881 409 6 5 0.023862502 
365 86 27 21 0.023861567 
174 248 6 5 0.023857465 
17 147 26 22 0.02385424 
218 397 7 5 0.023852384 
90 168 5 8 0.023849968 
290 148 3 3 0.023845537 
747 14 8 8 0.023839487 
124 222 22 23 0.023838557 
510 222 8 5 0.023825435 
359 76 28 22 0.023809846 
528 658 56 47 0.023773981 
414 22 23 21 0.023770118 
29 22 9 7 0.023760363 
0 21 4 10 0.023754911 
105 197 4 5 0.023749031 
315 166 4 4 0.023748944 
113 111 11 8 0.02374629 
99 119 7 6 0.02373157 
6 -48 104 95 0.023724675 
594 157 7 9 0.023723664 
704 63 6 5 0.023715597 
826 376 149 90 0.023715585 
441 460 5 4 0.023709992 
516 632 55 46 0.023709724 
498 389 7 5 0.023709223 
467 454 10 6 0.023695022 
493 191 6 5 0.023682177 
767 190 7 6 0.023681015 
31 156 7 6 0.023678785 
585 208 43 41 0.02367674 
263 185 5 5 0.023668086 
919 396 4 4 0.023663858 
57 300 52 48 0.023657456 
135 255 5 5 0.023647716 
660 293 21 20 0.023637809 
861 33 10 8 0.02362777 
871 10 8 7 0.023612875 
157 277 11 14 0.023611149 
141 345 43 49 0.023609228 
477 619 56 46 0.02360447 
118 126 51 43 0.023601864 
1008 534 12 9 0.023597615 
524 210 10 7 0.023597118 
524 43 7 7 0.023593118 
744 132 3 4 0.023589022 
298 280 23 23 0.023583796 
262 260 8 6 0.02357553 
493 440 6 4 0.023574585 
779 100 11 8 0.023564106 
8 74 6 6 0.023561988 
861 199 11 8 0.023554638 
895 10 9 7 0.023550231 
500 211 7 5 0.02354634 
112 266 48 53 0.023544874 
67 191 4 3 0.023542803 
563 347 7 8 0.023538118 
874 150 8 7 0.023530547 
212 173 4 3 0.023526464 
388 236 8 6 0.023502558 
573 22 51 42 0.023496447 
833 0 5 4 0.023481939 
615 139 6 5 0.023472706 
921 560 60 41 0.023472706 
293 183 6 6 0.02346481 
536 68 10 7 0.023456452 
254 58 2 3 0.02345623 
533 32 4 4 0.023447497 
339 324 8 6 0.023441406 
297 154 4 3 0.023441024 
347 296 8 8 0.023439791 
450 339 122 87 0.023439093 
864 288 113 79 0.02343743 
148 325 4 5 0.023431933 
271 140 4 4 0.02342494 
359 261 4 4 0.02341926 
851 87 7 6 0.023404732 
827 109 4 3 0.023402471 
107 414 46 46 0.023400499 
574 441 9 7 0.023398442 
502 118 50 44 0.023389047 
352 342 5 5 0.023388032 
823 113 27 24 0.023386035 
518 123 7 7 0.023385208 
130 27 13 9 0.02338082 
781 197 5 5 0.02336775 
500 440 6 4 0.023363804 
852 125 5 6 0.023361657 
888 279 10 6 0.023359057 
280 34 8 8 0.023358101 
94 443 10 10 0.023355812 
648 115 5 4 0.023354053 
424 345 4 4 0.023337746 
142 18 7 4 0.02332411 
503 311 9 8 0.023321852 
92 44 4 4 0.023318896 
871 409 7 5 0.023308527 
821 110 4 3 0.023301102 
474 138 6 5 0.023293713 
870 241 8 6 0.023291392 
480 182 29 20 0.023290992 
155 330 5 6 0.023290092 
320 311 10 8 0.023287704 
858 191 8 6 0.023283258 
657 41 9 7 0.023281362 
852 196 7 6 0.023276001 
172 190 8 5 0.023260746 
637 542 20 19 0.023258366 
76 489 22 23 0.023252586 
170 2 11 7 0.023244962 
622 543 6 5 0.023242254 
533 36 5 5 0.023238592 
16 91 8 9 0.023237877 
502 63 5 5 0.023230383 
750 87 95 84 0.023228101 
372 325 4 4 0.02322394 
749 361 44 42 0.023223234 
284 408 4 5 0.02321929 
333 197 6 4 0.02321852 
724 191 6 5 0.023215191 
486 389 8 5 0.023209786 
725 88 4 4 0.023194475 
900 273 8 6 0.023190772 
902 423 29 21 0.023187693 
437 458 6 5 0.023186967 
96 43 6 5 0.023184437 
870 322 8 7 0.023180772 
624 155 11 9 0.023175184 
550 344 8 6 0.023172216 
406 63 11 8 0.023168126 
501 435 6 4 0.023163432 
73 190 3 4 0.023160582 
657 281 49 41 0.023131635 
859 3 6 5 0.02312609 
7 8 5 8 0.023123363 
909 419 8 6 0.023121752 
131 35 11 7 0.023112055 
472 189 25 19 0.023110082 
725 158 4 4 0.02308708 
600 87 6 7 0.023082929 
160 460 27 19 0.023077032 
218 185 5 4 0.023076383 
914 293 9 6 0.023066107 
66 213 5 6 0.023057042 
178 39 47 42 0.02305228 
890 377 7 5 0.023043836 
911 315 10 8 0.023042472 
178 190 6 5 0.023042113 
601 145 7 7 0.023041623 
491 660 55 44 0.023039153 
743 10 7 6 0.02302629 
761 224 26 22 0.0230259 
846 400 5 5 0.023023007 
874 658 55 46 0.02301887 
373 211 5 4 0.023014579 
335 249 4 4 0.023012497 
844 306 8 6 0.023002712 
288 491 4 5 0.022993894 
927 304 9 7 0.022990424 
485 202 8 5 0.022990001 
588 349 7 6 0.022981096 
12 61 7 7 0.022978097 
492 382 8 6 0.022974417 
634 121 6 4 0.022973906 
434 516 7 6 0.02296054 
271 133 3 4 0.022960264 
596 53 49 40 0.022959018 
223 245 23 21 0.022946944 
355 261 4 4 0.022945631 
848 150 22 22 0.022943802 
261 432 9 8 0.022942722 
865 414 6 4 0.022942232 
600 164 7 7 0.022938224 
857 284 11 7 0.02291292 
167 190 6 5 0.022909429 
386 239 10 7 0.022908181 
739 62 4 5 0.022900432 
258 134 4 4 0.022890644 
855 15 26 23 0.022880545 
592 94 5 7 0.022843035 
244 216 6 5 0.022824666 
441 452 5 5 0.022824652 
202 16 34 23 0.022815311 
175 413 28 20 0.022810437 
692 64 5 4 0.022809649 
224 454 96 79 0.022802303 
213 397 5 4 0.022799116 
197 17 9 7 0.022791227 
249 468 23 27 0.02279041 
590 241 6 5 0.022785515 
952 348 8 7 0.022784526 
152 28 10 7 0.022768302 
762 107 4 5 0.02276665 
431 304 50 44 0.022747269 
847 0 5 4 0.022743747 
250 420 6 6 0.022739291 
284 179 3 4 0.022737 
287 56 5 6 0.022736799 
546 47 12 9 0.022735624 
187 346 47 42 0.022728676 
293 95 54 50 0.022727361 
269 471 8 7 0.022724533 
469 16 7 7 0.022720795 
65 415 55 48 0.022713806 
376 647 54 45 0.022711111 
242 475 46 42 0.022710782 
243 402 7 6 0.022710249 
292 237 11 9 0.02270236 
171 233 21 25 0.022701483 
854 537 5 4 0.022699662 
120 8 10 6 0.022694543 
420 435 3 4 0.02269237 
261 356 12 9 0.022687847 
745 632 57 45 0.022680977 
883 8 50 53 0.022672806 
260 166 3 3 0.022662979 
277 67 5 5 0.022655793 
866 164 5 4 0.02264988 
225 263 24 20 0.02264978 
456 9 93 78 0.022643102 
871 4 7 6 0.022631815 
359 287 6 5 0.022622958 
323 619 57 47 0.022611948 
432 391 4 3 0.02260721 
124 75 24 19 0.022606464 
344 377 8 7 0.022596072 
506 440 7 4 0.022583295 
549 215 9 7 0.022575507 
486 45 26 22 0.022570668 
672 166 10 6 0.022568407 
333 389 6 5 0.02256055 
461 441 7 5 0.022560319 
474 8 6 8 0.022554813 
835 194 26 21 0.022549585 
424 350 5 5 0.02254928 
171 196 9 7 0.022547413 
511 439 8 4 0.022540886 
86 44 4 4 0.022540133 
849 122 50 40 0.022533512 
111 192 4 3 0.022524081 
294 232 12 9 0.022521699 
869 15 9 8 0.02251816 
505 229 8 5 0.022516876 
449 15 5 7 0.022515068 
61 327 91 95 0.022513662 
139 23 9 6 0.022503493 
107 1 25 17 0.022501932 
744 62 4 6 0.022477731 
318 319 12 10 0.02247717 
908 3 8 6 0.022469724 
512 44 7 6 0.022469128 
751 140 4 4 0.022465387 
750 89 4 4 0.022463365 
379 237 5 4 0.022452557 
604 68 7 6 0.022451663 
66 204 4 4 0.022436827 
122 240 74 87 0.022435604 
270 184 5 5 0.02242057 
840 272 62 41 0.022420175 
759 433 43 42 0.02241825 
667 109 4 4 0.022410551 
130 131 11 9 0.022404002 
511 229 7 5 0.022400796 
367 211 4 3 0.022394927 
415 160 8 6 0.02238547 
484 227 10 7 0.022383394 
194 330 6 5 0.022366762 
730 511 59 52 0.022361282 
297 211 22 23 0.022351477 
352 331 5 5 0.022351108 
609 288 4 3 0.022341987 
719 114 4 4 0.022341235 
127 244 10 9 0.022338882 
549 439 8 5 0.022332186 
616 430 5 6 0.022323959 
318 131 54 43 0.02232285 
660 -2 23 24 0.02232211 
852 0 5 4 0.022319797 
253 181 3 2 0.022319723 
93 44 20 20 0.022318589 
212 247 6 5 0.022312311 
913 358 26 25 0.02230971 
348 85 28 21 0.022298396 
798 98 27 23 0.022275984 
681 94 4 4 0.022274073 
178 57 7 4 0.02226744 
327 204 6 4 0.02226323 
834 112 6 5 0.02225553 
737 202 5 5 0.022250647 
764 8 11 7 0.022236185 
857 200 9 7 0.022226496 
111 446 11 13 0.022218335 
845 160 6 5 0.022212557 
439 169 10 6 0.022203187 
469 289 34 23 0.022198627 
272 127 3 4 0.022197472 
697 106 7 5 0.022196004 
910 243 6 5 0.022195376 
793 276 99 85 0.02218997 
465 135 27 27 0.022185018 
515 122 5 4 0.02217755 
401 659 56 46 0.022176173 
606 254 52 42 0.022164933 
542 61 10 7 0.022160884 
813 109 5 4 0.022160256 
337 310 9 7 0.022158116 
23 67 8 7 0.022157207 
231 433 5 5 0.022156069 
627 347 29 22 0.022152971 
869 318 10 7 0.022138948 
261 343 9 6 0.022137426 
297 146 5 4 0.022135481 
848 283 31 20 0.022135008 
254 405 8 8 0.022131631 
1005 369 6 6 0.02212832 
724 120 6 5 0.022122538 
410 40 10 9 0.022118878 
849 632 54 46 0.022117127 
733 76 3 3 0.022112865 
750 100 4 5 0.022098916 
444 408 3 5 0.022098085 
662 317 5 6 0.022088042 
441 38 6 4 0.022086838 
11 145 7 6 0.02208558 
614 64 6 4 0.022080883 
361 269 4 4 0.022069715 
588 261 6 4 0.022068327 
512 211 7 5 0.022066087 
903 286 24 20 0.022064209 
672 531 119 80 0.022062238 
870 413 7 5 0.0220601 
852 178 4 3 0.022058375 
711 116 5 4 0.022033097 
193 356 6 5 0.02203247 
101 13 23 20 0.022028998 
618 539 87 80 0.022019103 
724 153 4 4 0.022014014 
264 234 5 5 0.022011757 
263 74 4 4 0.022011088 
442 16 5 5 0.022001266 
556 120 9 6 0.02199442 
86 508 10 11 0.021993063 
628 120 6 4 0.021992657 
22 165 4 5 0.021989847 
653 330 8 6 0.021974606 
778 85 28 23 0.021968381 
658 24 8 8 0.021966053 
462 0 20 23 0.021964159 
671 280 8 7 0.021961678 
590 138 5 6 0.021960491 
400 13 10 11 0.021959713 
685 73 6 6 0.021958522 
433 164 9 6 0.021958064 
494 222 6 4 0.021956481 
523 61 262 145 0.021945694 
846 197 6 5 0.021928234 
841 184 3 4 0.021924332 
922 396 4 4 0.021921463 
894 317 8 6 0.021917792 
32 165 6 5 0.021915052 
306 165 6 5 0.02189897 
497 394 7 6 0.021896964 
329 582 121 88 0.02189566 
863 23 31 33 0.021892471 
620 157 25 21 0.021887045 
374 218 11 8 0.021873146 
659 575 120 89 0.02187099 
695 337 31 28 0.021870932 
30 152 8 7 0.021868428 
866 294 5 4 0.021862933 
662 109 4 3 0.021860162 
195 9 12 8 0.021851815 
211 413 8 5 0.021840116 
156 338 4 4 0.021837482 
708 239 111 93 0.02183133 
662 311 5 5 0.021827905 
290 100 4 4 0.02182475 
489 96 3 3 0.021820312 
246 350 11 6 0.021819243 
259 68 4 5 0.02181494 
131 23 12 8 0.021811925 
26 0 6 4 0.021810306 
505 240 9 6 0.021804694 
228 221 8 7 0.021803027 
783 220 56 45 0.02179472 
471 1 4 4 0.021793703 
846 230 60 38 0.021792086 
780 111 9 6 0.021791762 
743 168 27 20 0.02178766 
336 352 4 3 0.02178297 
469 184 5 4 0.021777129 
686 89 4 4 0.021776743 
296 207 6 7 0.021776026 
585 171 3 5 0.021773096 
680 82 5 5 0.021772796 
862 235 29 19 0.021771317 
583 6 24 19 0.021771096 
26 134 22 22 0.02176516 
412 19 51 44 0.02176282 
258 620 57 45 0.021755122 
842 222 26 20 0.021749396 
565 132 6 5 0.02174643 
483 458 7 5 0.02173922 
770 108 4 4 0.021736598 
116 119 8 6 0.02173336 
787 61 8 6 0.021731991 
212 216 3 4 0.021731343 
349 316 19 18 0.021731252 
326 330 6 6 0.021726688 
701 409 88 83 0.021723066 
551 5 6 6 0.02171821 
911 102 3 4 0.02171407 
424 620 58 44 0.021710126 
54 10 51 43 0.021707065 
882 322 8 6 0.0217069 
440 164 9 6 0.021706445 
111 389 45 47 0.021698948 
119 65 25 20 0.02169236 
45 17 8 6 0.021685429 
617 334 5 3 0.021663042 
101 -20 103 80 0.021660851 
823 606 57 45 0.02165971 
649 258 110 80 0.021659566 
719 382 5 4 0.021656983 
516 353 12 12 0.021653948 
608 138 6 7 0.02165371 
648 50 7 6 0.02164898 
316 204 4 4 0.021646824 
334 185 5 4 0.021646818 
430 168 31 21 0.021631442 
712 73 6 5 0.021629233 
530 357 24 26 0.02161224 
788 247 21 22 0.021605862 
480 389 7 5 0.021604465 
228 228 10 7 0.021586563 
85 222 6 7 0.021581503 
853 409 4 5 0.021580178 
52 171 4 6 0.021572499 
492 43 8 7 0.02155779 
885 288 6 3 0.021556007 
350 633 55 45 0.021546254 
170 413 10 7 0.021544315 
149 304 5 5 0.021535136 
200 186 4 3 0.021523813 
400 98 46 43 0.0215165 
417 313 5 4 0.021509105 
665 88 5 4 0.021508658 
872 217 6 5 0.021502245 
771 95 3 4 0.02150003 
629 288 4 4 0.021496937 
744 200 5 6 0.021491425 
239 11 43 37 0.021487694 
825 198 113 75 0.02147473 
459 448 29 18 0.021473063 
236 423 26 23 0.021471169 
8 84 20 21 0.021470467 
910 426 9 6 0.02146933 
469 178 6 5 0.02146106 
685 102 5 4 0.021460742 
194 206 3 3 0.021459619 
877 216 7 5 0.021458043 
657 47 8 8 0.021456955 
578 117 4 3 0.021456227 
250 501 6 7 0.021455977 
776 191 5 4 0.021453574 
153 449 8 6 0.021445984 
813 273 8 7 0.021444023 
717 43 6 7 0.021442633 
76 135 24 24 0.021440923 
372 237 5 3 0.021437772 
450 446 4 4 0.02143486 
736 10 7 6 0.021428969 
681 558 59 43 0.021420851 
712 89 4 4 0.021417664 
189 279 4 6 0.021414647 
864 16 7 6 0.02140857 
562 440 8 5 0.021403102 
284 183 4 5 0.021398718 
132 273 4 5 0.021394165 
755 40 8 11 0.021391625 
647 74 6 5 0.021377644 
209 315 28 17 0.021369796 
425 217 6 4 0.021368917 
163 10 12 7 0.021365482 
615 444 6 6 0.02136401 
277 132 4 4 0.021353155 
280 50 6 5 0.021342678 
645 505 53 46 0.021340724 
87 160 3 4 0.021334404 
328 338 4 4 0.021328717 
130 399 5 6 0.02132605 
680 89 5 4 0.021323085 
641 363 6 5 0.02131637 
736 378 47 40 0.02131012 
788 198 28 23 0.021308197 
924 370 5 4 0.021303328 
498 197 8 4 0.021300925 
107 43 27 22 0.021290272 
347 76 14 10 0.021281786 
339 253 5 4 0.021278847 
590 144 6 7 0.021277748 
368 294 46 39 0.02127648 
466 647 54 45 0.02127283 
398 416 5 5 0.021272624 
58 117 53 45 0.021270022 
947 375 7 7 0.021259204 
258 179 3 3 0.021256229 
563 447 9 5 0.021251436 
300 496 6 8 0.021246728 
351 287 6 5 0.021244917 
317 209 5 5 0.021243932 
482 436 4 3 0.021235947 
720 279 60 50 0.021233989 
537 343 28 23 0.02122852 
276 280 8 5 0.021225072 
858 144 25 20 0.021223497 
928 265 9 9 0.021215288 
465 671 55 45 0.021211209 
624 421 4 4 0.021208694 
488 211 5 3 0.021206725 
485 446 5 4 0.02120505 
193 279 4 6 0.021202968 
340 262 4 4 0.021200007 
642 67 26 20 0.021193052 
426 646 56 46 0.021192173 
589 136 21 20 0.021188885 
304 213 7 9 0.02117985 
252 237 4 4 0.021176592 
114 34 53 41 0.021176547 
152 5 8 5 0.021171499 
498 43 8 8 0.02117145 
777 94 5 5 0.021170108 
209 49 6 6 0.021169994 
218 320 15 9 0.021169689 
193 38 5 5 0.02116515 
314 254 7 6 0.021163024 
665 41 9 9 0.021160994 
227 252 11 9 0.021157628 
458 156 29 25 0.021149324 
121 125 24 20 0.021147685 
839 87 6 6 0.021135395 
164 448 24 18 0.021133296 
179 293 7 7 0.021132095 
108 248 9 7 0.021131262 
731 204 4 4 0.02113009 
462 185 5 4 0.021127762 
331 347 24 24 0.021120755 
590 235 7 6 0.021117127 
22 165 22 23 0.021115916 
462 139 5 5 0.021114586 
423 16 6 6 0.021114232 
95 214 8 6 0.02111234 
369 52 12 9 0.021112014 
504 453 10 5 0.021111978 
433 234 6 5 0.021090107 
175 350 4 5 0.021086093 
396 187 27 22 0.021085795 
528 374 54 43 0.021085698 
639 544 9 10 0.021075921 
575 137 6 5 0.021072319 
718 340 26 24 0.0210686 
223 286 24 23 0.021065094 
265 222 20 20 0.02106304 
507 435 6 4 0.021055806 
863 323 8 7 0.02105395 
101 245 27 21 0.021043336 
132 245 8 7 0.021037832 
101 445 9 8 0.021036237 
312 285 7 7 0.021034932 
347 236 4 4 0.02102987 
108 49 7 6 0.021026228 
904 377 5 4 0.02102092 
549 37 6 5 0.021019923 
634 453 4 4 0.021009838 
818 318 29 24 0.021008216 
839 308 7 5 0.02100818 
121 145 6 6 0.0210036 
451 435 3 4 0.021000585 
773 227 6 5 0.020994077 
394 420 4 5 0.020989938 
429 156 29 20 0.020988388 
518 439 7 5 0.020983266 
904 88 4 6 0.020969365 
845 114 6 4 0.020962812 
90 519 7 10 0.020962294 
468 138 6 6 0.020953575 
101 463 7 9 0.020951625 
756 396 99 93 0.020950455 
861 153 4 4 0.02094574 
399 604 60 48 0.020930143 
933 412 8 6 0.020928597 
832 242 6 5 0.020922864 
27 111 23 18 0.020906704 
840 124 6 6 0.020904155 
123 80 7 6 0.02090239 
589 249 6 5 0.020902175 
543 68 10 7 0.020884132 
252 134 4 4 0.02088404 
500 235 6 5 0.02087374 
782 241 5 4 0.020872114 
636 542 5 6 0.020870931 
430 313 6 5 0.020862864 
643 -3 47 44 0.02086048 
9 60 46 40 0.020859553 
626 74 7 4 0.020859329 
776 162 18 10 0.020857332 
620 427 5 6 0.020854158 
146 451 8 6 0.020854104 
265 83 2 4 0.020852873 
921 400 5 5 0.02084984 
707 121 4 3 0.020842817 
679 2 6 7 0.02083859 
710 139 6 5 0.020837853 
293 8 97 94 0.020835489 
24 18 8 6 0.020834107 
10 53 9 9 0.020829085 
561 240 29 24 0.02082097 
142 1 55 37 0.02081958 
518 62 8 5 0.02081682 
502 69 4 4 0.020807238 
553 68 10 7 0.02080568 
575 490 53 38 0.020798255 
858 292 9 6 0.0207954 
772 207 7 6 0.020795329 
853 530 5 4 0.020783914 
789 255 6 4 0.020783683 
429 508 25 21 0.020776594 
888 322 8 6 0.020773213 
654 119 7 5 0.020769656 
895 4 7 6 0.020765014 
491 214 26 18 0.020763924 
184 260 107 91 0.020761248 
592 311 89 85 0.020758202 
486 172 6 5 0.020753983 
63 62 64 46 0.020748017 
286 236 47 39 0.020744028 
134 11 8 5 0.020743834 
35 513 11 11 0.020739764 
250 426 6 6 0.020737141 
652 265 8 6 0.020718852 
349 242 4 4 0.020718433 
354 105 24 23 0.020712832 
807 128 5 4 0.020710107 
375 671 56 46 0.020709062 
212 408 7 5 0.020704709 
433 157 9 6 0.020704657 
601 5 7 5 0.020701298 
234 306 59 43 0.02070039 
289 234 8 7 0.020698218 
690 68 6 4 0.020697977 
861 146 4 4 0.020697933 
940 407 6 6 0.020694626 
289 182 6 6 0.020683073 
283 418 22 25 0.020682346 
249 517 6 8 0.020681927 
249 261 8 6 0.020681083 
15 223 4 5 0.02067726 
526 22 6 7 0.020677194 
840 0 5 4 0.020674437 
650 566 13 16 0.020672735 
706 116 5 3 0.020668741 
726 37 3 4 0.020661354 
353 208 5 5 0.020644108 
733 319 27 26 0.02064408 
668 540 24 24 0.020638235 
215 267 9 7 0.020634048 
904 93 4 5 0.020633778 
396 83 31 26 0.0206326 
265 178 3 4 0.020621724 
531 435 7 4 0.0206172 
319 278 6 7 0.020606577 
869 311 11 7 0.020598771 
491 339 55 44 0.020598162 
233 254 24 21 0.020594057 
758 23 5 6 0.020590993 
14 85 11 10 0.020589191 
134 0 7 5 0.020587796 
265 264 11 7 0.020571804 
398 390 5 4 0.020566424 
898 408 22 16 0.020560661 
501 73 5 7 0.020559082 
713 135 3 3 0.020558722 
166 293 25 26 0.020557234 
781 439 5 5 0.02055543 
597 275 5 3 0.02055055 
435 180 31 25 0.020540413 
208 17 10 7 0.02053574 
321 186 5 4 0.020526294 
259 102 3 3 0.020524913 
635 115 5 4 0.02052277 
206 241 6 5 0.020515583 
957 149 106 87 0.020512693 
441 166 53 44 0.020511655 
169 300 4 4 0.020508477 
948 347 8 8 0.020501459 
563 216 46 42 0.020498393 
550 448 7 4 0.02048001 
508 24 45 41 0.020479986 
792 19 24 26 0.020477328 
674 82 5 5 0.020474616 
860 30 6 5 0.020473117 
764 474 46 39 0.020471878 
244 389 23 26 0.020467542 
816 161 12 8 0.02046583 
773 234 7 7 0.020460324 
217 473 9 9 0.020457342 
711 318 6 6 0.020456072 
535 159 56 47 0.020453691 
629 116 5 3 0.020451678 
571 53 12 8 0.020451134 
221 234 23 18 0.020450799 
302 415 4 5 0.020446844 
731 120 4 4 0.020442022 
482 374 24 21 0.020435605 
577 249 7 5 0.020435052 
285 258 13 10 0.020433744 
240 349 12 7 0.020433616 
259 264 9 8 0.020433526 
39 101 6 5 0.020433344 
544 434 8 5 0.02042969 
116 65 9 8 0.020429615 
160 310 6 6 0.020427179 
18 72 9 10 0.020416649 
172 177 6 5 0.02041438 
284 427 4 5 0.020414349 
47 439 51 55 0.020409003 
586 111 19 20 0.02040872 
319 324 29 29 0.02039202 
131 22 60 38 0.02039132 
84 38 4 4 0.020384736 
290 408 4 4 0.020382632 
903 345 7 5 0.020381287 
351 660 54 45 0.02038002 
555 438 8 6 0.020379579 
781 446 5 6 0.020376634 
530 55 8 5 0.020368872 
108 54 7 6 0.02036627 
663 54 25 21 0.020357765 
498 191 7 5 0.020356221 
168 147 3 3 0.020339327 
339 249 4 5 0.020337265 
635 75 5 4 0.020336658 
481 0 3 5 0.020328153 
424 30 26 20 0.02032506 
486 223 7 5 0.020322619 
978 547 51 42 0.020322163 
266 342 11 7 0.020319942 
430 317 5 5 0.020319847 
301 145 5 4 0.0203189 
488 369 12 11 0.020316763 
132 279 4 5 0.02031597 
571 428 7 5 0.020310653 
432 107 51 45 0.020305812 
752 47 9 10 0.020305138 
430 383 5 4 0.020301288 
436 312 6 6 0.020300644 
675 8 22 28 0.020289581 
750 21 19 27 0.020289047 
733 127 4 3 0.020288672 
672 68 5 4 0.020285837 
353 273 5 5 0.02028143 
897 305 6 5 0.020278953 
371 153 107 73 0.020273292 
798 139 7 6 0.020271882 
858 183 8 6 0.020268753 
64 0 8 5 0.020267924 
681 69 4 4 0.020262526 
686 326 5 5 0.020260988 
685 2 6 7 0.020259753 
192 244 6 7 0.020252302 
485 191 7 5 0.020249337 
416 15 6 7 0.020244181 
186 414 6 5 0.020243732 
187 57 5 4 0.02024003 
162 177 24 22 0.02023389 
137 270 21 25 0.020229898 
30 510 10 9 0.020219736 
254 63 3 3 0.020216351 
339 296 22 23 0.02021615 
942 349 6 5 0.020213196 
431 395 5 5 0.0202131 
741 144 6 7 0.020210285 
103 -3 45 36 0.020207837 
858 17 7 5 0.020204738 
232 180 3 3 0.020203363 
648 259 26 21 0.02019292 
191 62 7 6 0.02018952 
658 272 8 6 0.020184541 
887 306 26 18 0.020182952 
1 496 105 116 0.020174656 
344 273 7 6 0.020172993 
258 195 5 5 0.020172011 
788 249 6 5 0.020162849 
788 130 26 23 0.020157954 
283 132 3 4 0.02015465 
29 17 25 20 0.020149441 
495 238 31 20 0.020148287 
38 -41 48 49 0.020144075 
480 15 6 8 0.020141564 
622 53 5 4 0.020139268 
115 432 8 7 0.020132164 
850 27 28 23 0.02013032 
32 131 9 7 0.020130029 
296 214 6 8 0.020125985 
922 424 21 20 0.02012181 
909 337 8 5 0.02011244 
518 435 7 5 0.020111348 
225 399 13 9 0.020107884 
407 247 10 9 0.020107156 
265 128 3 4 0.020103496 
160 440 7 5 0.020103099 
424 223 6 5 0.02009846 
116 197 4 4 0.020098431 
646 126 7 5 0.02008641 
518 389 6 5 0.020086223 
448 396 4 4 0.020083487 
557 383 7 5 0.020080643 
258 254 6 6 0.020080151 
961 402 10 6 0.020071123 
663 2 11 12 0.020063546 
859 140 4 4 0.020062102 
15 42 25 19 0.020059573 
162 141 5 4 0.020058928 
831 197 7 5 0.020056207 
895 381 8 6 0.020051708 
969 3 7 7 0.0200517 
488 436 4 4 0.020044621 
751 7 24 20 0.020042408 
733 69 4 5 0.020042023 
398 0 5 5 0.020035712 
797 8 45 39 0.020034999 
907 247 9 6 0.020034188 
153 288 7 9 0.020030871 
903 316 9 6 0.020029183 
677 167 10 6 0.020024348 
431 16 5 6 0.020023104 
263 506 8 12 0.020019962 
302 185 4 4 0.020015161 
930 370 4 4 0.020010883 
200 320 23 20 0.02000999 
330 3 12 6 0.020005947 
496 75 45 42 0.02000412 
