14_Traffic_Traffic_14_850
157
588 148 93 118 0.99984705 
357 312 43 51 0.40942916 
432 532 27 37 0.23619278 
447 550 64 54 0.21322711 
670 564 11 11 0.16903113 
593 649 29 31 0.13728078 
601 566 9 12 0.1296938 
337 273 12 21 0.12907717 
267 -96 411 300 0.095624164 
629 551 9 10 0.08089717 
382 320 9 9 0.077457175 
589 583 13 17 0.073299676 
623 657 13 13 0.06971315 
137 359 31 33 0.06495571 
607 652 29 24 0.06435008 
453 -26 431 345 0.06202775 
457 546 34 32 0.060253236 
781 355 5 6 0.056530926 
266 294 13 16 0.05362496 
629 577 11 11 0.05269232 
294 311 100 81 0.048661977 
787 365 5 7 0.047329783 
604 586 11 15 0.045186225 
628 588 28 34 0.040545087 
579 623 47 51 0.039184198 
37 232 13 11 0.037013147 
625 546 18 19 0.036942217 
785 376 8 10 0.036060847 
643 569 10 10 0.035949413 
641 563 11 10 0.035167545 
28 555 230 196 0.03455536 
611 552 10 14 0.033745993 
540 302 5 8 0.03371494 
209 394 42 66 0.033417787 
635 579 13 14 0.033267617 
787 418 9 9 0.033223715 
788 362 4 6 0.03284665 
268 295 26 24 0.032572053 
514 570 52 60 0.032429148 
682 594 14 15 0.032399878 
599 562 17 21 0.031870984 
321 284 43 43 0.031749513 
763 514 75 107 0.03143561 
322 347 48 55 0.031208677 
757 607 52 47 0.030496484 
207 18 43 45 0.030452332 
781 360 6 6 0.030047324 
-34 510 442 340 0.029972306 
730 348 80 106 0.029881593 
271 294 48 44 0.029644875 
432 519 9 11 0.029567199 
602 558 8 11 0.029440556 
622 572 24 22 0.029269585 
487 14 31 30 0.028980622 
424 502 80 90 0.028918665 
600 581 11 15 0.028813468 
51 233 26 25 0.028806977 
774 385 9 10 0.028676698 
530 297 5 8 0.02844515 
-42 -121 460 312 0.028270865 
624 528 10 15 0.028245661 
776 366 7 7 0.028219672 
472 18 53 52 0.028164262 
368 314 13 10 0.0280789 
636 576 25 27 0.027881157 
678 608 9 10 0.027738815 
564 573 85 91 0.027428733 
509 20 27 33 0.02721351 
41 225 14 14 0.02698614 
773 373 9 8 0.026854124 
585 590 21 26 0.026771443 
514 289 7 9 0.02667622 
434 507 9 8 0.026477655 
357 321 11 10 0.026473282 
469 532 25 30 0.026409939 
681 579 13 13 0.026283182 
768 379 8 8 0.026103877 
339 360 7 8 0.026100049 
754 578 51 53 0.026070757 
-121 48 440 355 0.025909277 
428 515 9 8 0.025857603 
527 35 5 8 0.025763934 
756 629 34 34 0.025695622 
640 570 89 93 0.025595604 
513 551 26 30 0.025515277 
354 310 29 26 0.02544097 
472 519 7 7 0.025046855 
594 552 100 92 0.024652982 
768 354 6 6 0.024649197 
519 412 5 7 0.024606535 
778 389 10 12 0.02449175 
222 469 69 106 0.024403386 
601 656 15 18 0.024179596 
771 376 25 28 0.024110798 
631 563 23 21 0.024022521 
775 404 7 8 0.024007268 
665 591 46 52 0.023956053 
7 -174 269 163 0.023866681 
576 563 462 300 0.023840494 
768 416 8 10 0.023840364 
780 365 7 7 0.023734353 
773 379 8 8 0.023617044 
389 328 7 8 0.023365956 
530 288 6 8 0.02335889 
272 273 94 79 0.023345808 
643 574 11 12 0.023313662 
675 587 13 13 0.023293685 
99 192 43 41 0.023254555 
204 358 25 29 0.023013772 
604 573 12 14 0.022876607 
24 198 8 9 0.022761052 
761 386 7 8 0.02260347 
775 345 4 4 0.022545122 
462 548 15 14 0.022388685 
468 542 16 14 0.022383468 
388 462 167 155 0.022346623 
262 495 44 50 0.022341141 
604 578 22 26 0.022158094 
595 575 9 12 0.022093808 
735 593 44 49 0.022041468 
442 513 7 7 0.021915732 
334 308 32 30 0.021840941 
697 649 28 22 0.021795537 
676 600 11 13 0.021713123 
733 -142 286 133 0.021691166 
432 511 9 10 0.021609683 
738 554 47 59 0.021571776 
221 130 433 352 0.021535385 
781 350 4 4 0.021512002 
583 595 7 12 0.021490991 
692 595 10 10 0.021444969 
586 597 11 15 0.021364246 
868 456 95 113 0.021262309 
578 570 44 49 0.021248378 
689 589 12 12 0.021171734 
33 232 8 9 0.021044748 
631 551 21 21 0.020970069 
623 594 13 13 0.020965239 
525 568 28 32 0.020895012 
435 8 103 95 0.020797854 
362 326 10 10 0.020764805 
48 224 12 12 0.020672323 
580 621 13 14 0.020521492 
603 568 52 45 0.020509407 
356 315 11 10 0.020467095 
773 392 26 31 0.020410337 
817 595 47 56 0.020384058 
775 362 6 6 0.02032336 
667 525 7 10 0.020228297 
591 569 17 23 0.020178251 
638 550 8 10 0.02017816 
536 370 7 9 0.020172343 
620 574 12 12 0.020134248 
776 339 3 3 0.020093963 
60 205 22 24 0.020091671 
759 346 6 7 0.020074075 
181 27 51 47 0.020016799 
