38_Tennis_Tennis_38_485
21
390 89 163 194 0.99945277 
-18 -216 189 178 0.07204773 
769 481 100 80 0.062386934 
494 76 87 111 0.03819689 
238 246 68 51 0.037305325 
869 -217 227 170 0.03693966 
0 -241 456 246 0.035311624 
3 366 164 348 0.033313707 
266 242 32 32 0.03156217 
262 262 26 34 0.029838895 
208 229 111 105 0.029438125 
415 345 156 199 0.027129758 
323 -239 474 252 0.026194818 
280 463 87 92 0.02407516 
822 491 67 55 0.022515288 
861 497 10 9 0.022397015 
214 304 52 54 0.021872064 
849 502 12 14 0.02085693 
89 92 120 108 0.020788886 
503 301 30 33 0.020318894 
836 512 12 16 0.02005377 
