38_Tennis_Tennis_38_230
133
301 171 154 168 0.99855906 
438 634 128 73 0.119135 
74 247 151 142 0.09468437 
476 638 32 28 0.06596934 
388 657 72 49 0.061402503 
491 628 33 30 0.05901935 
731 192 208 192 0.05709165 
578 126 413 369 0.05451589 
434 669 25 34 0.045385357 
72 227 123 79 0.041576963 
414 548 184 143 0.041147638 
52 295 310 398 0.04018203 
841 496 4 6 0.03738733 
514 671 34 32 0.037046317 
853 656 3 6 0.03387957 
854 651 3 6 0.033684354 
-21 -124 180 171 0.03363084 
505 642 28 30 0.03221128 
842 643 3 5 0.03204715 
775 610 6 8 0.031632014 
402 684 30 32 0.031532228 
280 201 292 358 0.031439647 
531 467 112 132 0.03068757 
846 652 4 5 0.030669106 
336 648 113 85 0.030463299 
436 283 109 79 0.030417968 
937 472 3 4 0.030245403 
471 629 29 24 0.029575467 
821 650 4 5 0.029248746 
834 496 4 6 0.029226849 
279 85 29 37 0.02920448 
860 656 3 5 0.028605126 
648 581 26 24 0.028430752 
496 617 26 25 0.028277494 
405 688 15 18 0.028139818 
847 496 3 6 0.02797678 
828 483 3 6 0.027727216 
773 458 7 8 0.027665146 
849 225 230 175 0.027617246 
860 491 4 5 0.027245453 
287 92 10 12 0.027191902 
911 479 3 4 0.027162345 
828 663 3 5 0.02715545 
601 627 112 87 0.02703462 
261 100 31 33 0.026891943 
779 609 7 8 0.026517075 
852 -138 278 166 0.026258226 
982 749 48 42 0.026243443 
776 598 6 7 0.026197251 
923 491 4 4 0.026189113 
637 591 23 25 0.02615992 
841 639 3 5 0.026084527 
840 657 4 6 0.02600193 
385 458 350 319 0.02599941 
520 646 12 15 0.025867779 
853 491 4 5 0.02568093 
848 490 4 6 0.025153128 
769 611 6 8 0.025072329 
374 653 32 30 0.025033755 
789 617 6 9 0.024946705 
397 680 16 21 0.024862655 
54 747 138 94 0.024516473 
14 707 220 221 0.024477644 
989 754 23 23 0.024319489 
918 479 4 4 0.024301711 
898 479 4 4 0.024199825 
815 649 4 6 0.024151884 
848 656 3 6 0.024137044 
511 627 29 27 0.024132755 
827 502 5 7 0.02387718 
28 158 135 251 0.023843862 
835 657 4 6 0.023825051 
358 36 33 20 0.023691986 
821 645 4 5 0.023682196 
-25 592 413 459 0.023668934 
834 483 3 6 0.023664823 
773 462 8 9 0.023636462 
841 632 4 4 0.02363076 
808 669 4 5 0.023626119 
378 691 16 15 0.023444239 
809 651 4 5 0.023362324 
534 446 25 26 0.022972526 
866 491 3 5 0.022848913 
893 478 4 5 0.022671588 
930 471 4 5 0.022645418 
841 491 3 5 0.022636121 
405 663 14 17 0.022610568 
560 646 13 23 0.022585759 
866 656 4 6 0.022553109 
835 639 4 4 0.022522187 
137 -19 415 389 0.022385148 
835 662 3 6 0.022328647 
-15 537 63 167 0.022275202 
801 616 6 9 0.022246033 
519 636 28 31 0.022214213 
252 76 56 66 0.022194762 
847 644 3 5 0.022139281 
931 491 3 4 0.021963472 
835 644 3 5 0.021958299 
911 486 4 4 0.02182189 
841 663 4 6 0.021745794 
760 603 5 7 0.021702493 
867 638 3 4 0.02167261 
880 650 3 5 0.021576734 
924 459 3 3 0.021505985 
822 484 4 6 0.021411523 
386 695 15 18 0.021304013 
873 650 3 6 0.021300688 
918 471 4 5 0.021213327 
139 222 161 209 0.021209346 
879 484 4 5 0.021191606 
948 309 25 30 0.021161387 
787 595 6 8 0.021002242 
259 123 26 33 0.020991726 
572 660 13 15 0.020941176 
809 644 4 5 0.020932531 
648 621 26 27 0.020924695 
775 617 7 9 0.02090029 
809 664 4 5 0.020898383 
464 576 12 13 0.020806715 
405 676 15 17 0.020768628 
917 486 4 4 0.0206809 
779 618 6 9 0.020678941 
860 637 4 5 0.020674549 
930 466 4 5 0.02048569 
531 611 25 26 0.020458048 
460 643 27 24 0.020395214 
847 235 101 121 0.020385453 
924 485 3 4 0.020279992 
424 687 14 18 0.020171616 
841 651 4 5 0.020136837 
904 477 4 5 0.020079317 
528 646 12 15 0.020075353 
