0_Parade_marchingband_1_360
1709
474 98 50 70 0.9995382 
857 131 49 60 0.99868876 
91 160 46 43 0.99866056 
763 317 13 15 0.98367614 
577 225 25 27 0.9831928 
933 296 16 21 0.9426902 
1000 325 9 11 0.8686385 
194 344 9 9 0.64855206 
324 320 12 12 0.6171073 
8 334 9 11 0.51050353 
1005 281 7 9 0.43638873 
294 296 6 8 0.3874758 
916 85 4 5 0.31199825 
928 80 5 6 0.27797973 
180 347 4 5 0.2581825 
962 75 4 5 0.24233243 
923 44 3 4 0.22425452 
974 75 4 5 0.22087348 
744 105 5 6 0.21788774 
213 347 6 8 0.20070985 
723 257 4 5 0.19379391 
966 97 5 6 0.18589222 
919 41 3 5 0.18356317 
748 106 5 6 0.17835392 
954 91 5 6 0.17378668 
967 93 5 6 0.17328621 
866 44 3 4 0.17261685 
849 49 3 3 0.16911006 
956 76 3 4 0.16459332 
909 55 4 4 0.16278216 
975 77 4 6 0.15712658 
930 85 4 5 0.15382522 
904 98 6 8 0.15214571 
931 63 3 4 0.14983004 
956 79 3 4 0.14898436 
937 75 4 4 0.14761463 
897 35 3 5 0.14759168 
942 62 3 4 0.14736795 
950 68 3 4 0.14601117 
937 88 4 4 0.14407656 
923 84 4 5 0.14241892 
900 73 4 5 0.1403568 
955 87 3 5 0.13755898 
924 62 3 4 0.13381173 
963 79 3 4 0.13287796 
952 74 2 4 0.13248715 
913 43 2 4 0.1316812 
942 75 4 5 0.12988453 
775 123 5 6 0.1295483 
928 75 4 4 0.12743689 
721 259 4 4 0.12532546 
667 321 4 5 0.12504753 
879 109 13 13 0.12469148 
794 322 6 8 0.123236015 
905 93 4 5 0.11884706 
853 48 3 4 0.117797114 
27 334 5 7 0.11641108 
365 119 4 4 0.11599798 
707 278 3 4 0.11586758 
925 47 3 4 0.11386709 
662 323 3 4 0.11322559 
695 265 3 4 0.11319243 
704 91 5 5 0.11260584 
925 82 3 4 0.111829564 
205 334 7 7 0.111767806 
866 47 3 3 0.110865325 
50 199 8 8 0.11063226 
701 273 3 3 0.108066134 
628 307 5 6 0.10790615 
911 48 3 3 0.10778204 
707 275 3 3 0.10643002 
951 81 3 3 0.10520345 
712 280 3 3 0.104698054 
922 95 4 5 0.10469595 
238 259 22 25 0.10403427 
663 293 2 4 0.103363685 
735 116 5 6 0.103326835 
779 321 9 10 0.1030274 
695 292 2 3 0.10270596 
891 69 3 4 0.10229135 
758 86 3 5 0.10212728 
899 30 3 3 0.101727754 
950 64 2 3 0.10130861 
718 330 16 14 0.10056384 
927 74 3 4 0.09968881 
725 344 10 11 0.09883321 
938 63 3 3 0.09866767 
935 92 4 5 0.09784766 
971 75 2 4 0.09733252 
986 297 4 6 0.09720348 
937 50 3 3 0.09695168 
674 293 3 4 0.09663033 
44 200 9 8 0.09606912 
918 92 4 5 0.09482429 
696 316 6 8 0.09444152 
900 24 2 3 0.09428129 
830 43 3 4 0.09354219 
970 81 3 4 0.09334587 
937 55 3 3 0.093307644 
918 82 3 4 0.0929031 
905 35 3 4 0.09266664 
705 54 5 4 0.09263939 
893 56 3 4 0.092413895 
987 85 4 5 0.09227397 
980 79 3 5 0.0918982 
849 55 3 3 0.09159645 
731 61 4 5 0.09097453 
348 119 4 4 0.090892024 
701 280 2 3 0.090800576 
635 342 4 6 0.09035047 
932 92 4 5 0.09029509 
860 57 3 3 0.09025918 
862 47 2 4 0.089887016 
841 38 3 3 0.089350775 
930 66 4 4 0.088950604 
693 275 2 3 0.08881539 
987 67 4 5 0.088788114 
782 112 3 4 0.08867865 
315 267 3 4 0.088392645 
355 119 3 4 0.08832507 
29 207 7 8 0.08775865 
944 80 3 3 0.087626874 
669 292 3 4 0.08677238 
765 107 3 4 0.086760074 
944 67 2 4 0.086607 
969 87 4 5 0.08648789 
913 86 4 4 0.085336894 
768 112 4 4 0.08529321 
310 267 3 4 0.08519469 
769 88 3 5 0.085182466 
975 284 4 5 0.08452777 
873 57 3 3 0.08427671 
734 308 7 9 0.08415487 
714 101 4 5 0.084056064 
693 71 5 6 0.08398979 
932 55 3 4 0.083830886 
731 279 3 4 0.083491914 
682 309 6 8 0.083075844 
320 133 4 4 0.08265131 
296 351 5 8 0.08256288 
641 344 3 5 0.08175913 
906 55 4 4 0.081298426 
944 56 3 3 0.0811457 
668 319 4 4 0.081054725 
989 73 3 5 0.08070159 
737 105 4 4 0.08010942 
962 88 4 4 0.07982008 
951 87 3 4 0.07956661 
931 49 2 4 0.079145335 
694 67 4 6 0.07879871 
813 99 5 6 0.07875217 
963 92 4 6 0.07856938 
913 75 3 3 0.078538656 
872 44 3 3 0.07835476 
337 131 3 5 0.077927515 
937 80 3 4 0.07778236 
906 30 2 4 0.07750378 
306 267 2 4 0.07730819 
980 73 3 5 0.07707184 
355 329 4 5 0.07698532 
714 287 2 3 0.07693738 
157 324 3 5 0.076707266 
861 45 3 3 0.07666316 
986 278 4 6 0.07651918 
874 48 2 3 0.076473854 
360 330 4 5 0.07605725 
902 73 4 5 0.07599983 
978 335 5 6 0.07593775 
186 348 5 5 0.07564082 
960 291 4 5 0.075427435 
676 297 3 4 0.07529169 
891 72 3 5 0.07502498 
782 108 4 4 0.074889526 
778 108 3 4 0.074778356 
816 91 4 6 0.07405273 
805 319 7 11 0.07383682 
938 44 2 3 0.07381533 
827 66 3 4 0.07377984 
919 38 2 4 0.07361264 
177 348 3 5 0.07344338 
848 44 2 3 0.07332469 
214 268 10 13 0.07317054 
283 271 5 6 0.07311167 
855 62 2 4 0.07290859 
700 267 3 3 0.072881244 
919 62 3 4 0.07285304 
180 344 5 5 0.0720959 
925 28 3 4 0.07191716 
925 67 3 4 0.071738966 
349 317 3 5 0.07152027 
985 366 6 8 0.07151319 
808 87 3 5 0.07138059 
975 59 3 5 0.07122368 
848 63 3 3 0.07087521 
717 290 4 5 0.07077789 
911 30 3 3 0.07050858 
706 291 3 4 0.070389144 
733 106 4 4 0.07037435 
710 309 6 7 0.07027361 
854 75 3 4 0.06984729 
719 106 4 5 0.06977146 
866 75 3 4 0.06968524 
993 298 5 6 0.06963714 
957 69 2 3 0.0695556 
374 119 3 4 0.06935814 
854 44 3 3 0.069280356 
808 92 4 4 0.06918575 
720 274 3 4 0.06917679 
695 262 2 3 0.06888815 
829 48 3 4 0.068612054 
248 98 6 8 0.06853086 
880 55 3 4 0.06844765 
854 57 2 3 0.06832559 
775 120 5 4 0.0681116 
938 68 3 3 0.06801699 
995 88 4 4 0.06764818 
917 75 3 4 0.06759144 
941 88 4 4 0.06734268 
738 73 4 5 0.06733751 
698 66 4 5 0.06729401 
757 107 3 4 0.06696009 
649 267 3 4 0.06689517 
765 112 3 4 0.066587225 
682 277 2 4 0.06650266 
893 37 3 3 0.0663152 
868 56 2 4 0.06631192 
982 68 4 4 0.0663042 
719 74 4 4 0.065814056 
960 335 7 8 0.065771185 
363 119 3 4 0.065493435 
963 68 3 4 0.06536027 
185 342 6 6 0.065322675 
983 298 4 5 0.06527077 
740 278 3 4 0.06523221 
888 68 2 4 0.06499734 
661 319 3 3 0.064784035 
765 87 4 5 0.06469114 
988 82 3 4 0.06462501 
836 37 2 3 0.06450314 
688 288 2 3 0.064415 
688 266 2 3 0.06411325 
867 80 3 4 0.06390334 
930 43 3 4 0.06386142 
1000 89 3 4 0.06338458 
842 41 2 4 0.063159354 
819 88 5 5 0.0631467 
905 43 3 4 0.063082494 
924 24 3 4 0.06302746 
244 250 8 8 0.06292562 
860 81 3 4 0.062924564 
689 274 2 4 0.06281596 
912 23 2 3 0.06274955 
860 75 3 3 0.06273502 
411 125 4 4 0.06273059 
697 73 5 6 0.06262369 
828 75 4 4 0.062471062 
961 286 3 4 0.0624502 
993 91 4 5 0.062398966 
691 99 5 6 0.062135503 
912 81 3 4 0.0617807 
987 92 4 5 0.061758496 
859 61 3 3 0.061745055 
675 288 2 3 0.061737586 
723 106 4 5 0.061657477 
830 36 2 3 0.061655946 
942 120 5 5 0.061633516 
657 305 2 3 0.061616175 
567 248 8 12 0.061406586 
919 55 3 4 0.061325204 
810 100 3 4 0.061251245 
336 266 3 4 0.06114253 
753 302 12 12 0.06073694 
893 30 3 3 0.060355164 
706 287 3 4 0.060300637 
988 55 3 4 0.059801694 
867 36 3 3 0.059627224 
682 275 2 3 0.059485067 
873 81 3 4 0.05927711 
751 81 3 4 0.059255376 
213 226 4 6 0.059249293 
687 292 2 3 0.059227068 
975 57 3 4 0.05919071 
706 80 4 5 0.0591678 
750 73 3 4 0.05915761 
768 107 3 4 0.05909615 
778 88 2 4 0.05901261 
957 62 2 3 0.058925062 
660 305 3 4 0.058833823 
634 309 4 5 0.058656238 
880 62 3 3 0.058643032 
833 43 3 4 0.05849262 
700 54 4 4 0.058447544 
786 322 7 8 0.0584191 
906 24 3 3 0.058410086 
736 113 4 5 0.05817004 
919 48 2 4 0.05816454 
745 68 3 4 0.058128543 
886 36 3 3 0.05807785 
896 42 4 4 0.05804635 
718 66 4 5 0.05799508 
715 291 2 4 0.057973422 
224 261 25 27 0.05772701 
886 56 3 3 0.05747762 
746 279 3 3 0.057276435 
909 99 4 5 0.057221584 
732 256 3 3 0.057205956 
202 226 3 4 0.057141233 
790 357 10 12 0.057101842 
925 37 3 3 0.05690508 
885 30 3 3 0.056873962 
944 101 3 4 0.05682662 
674 315 4 6 0.056817815 
725 256 4 3 0.056786392 
899 68 3 5 0.056784924 
950 29 4 6 0.056678068 
848 79 3 5 0.056653902 
720 278 3 4 0.05662385 
893 42 3 4 0.056400184 
816 88 3 5 0.056372378 
662 298 2 3 0.056370474 
711 314 8 11 0.056301117 
747 325 8 10 0.056281842 
879 81 3 4 0.056256372 
732 259 3 3 0.056150477 
682 288 2 3 0.056080654 
822 66 3 4 0.056009054 
738 68 3 4 0.055985693 
975 87 3 5 0.05581201 
319 132 3 4 0.055729266 
663 287 2 2 0.05566908 
887 73 3 4 0.055606797 
750 126 4 5 0.055504143 
694 62 3 4 0.055426985 
910 94 3 4 0.05499681 
938 99 3 4 0.05491096 
418 125 3 4 0.05478284 
887 62 3 3 0.054731917 
821 75 3 4 0.05469986 
334 286 5 5 0.054634564 
894 48 3 4 0.054618638 
719 54 4 4 0.054497324 
693 278 3 4 0.054461136 
897 55 3 4 0.054405153 
669 288 2 3 0.054337464 
801 101 4 4 0.054238215 
745 74 3 4 0.053998083 
1000 91 3 4 0.053849947 
361 319 3 4 0.0536833 
880 31 2 3 0.05365688 
348 262 3 3 0.053607102 
897 48 3 4 0.053560156 
945 49 2 3 0.05350017 
266 216 2 3 0.053494934 
983 280 4 4 0.053489164 
822 43 3 4 0.053419117 
822 63 3 4 0.053332184 
750 131 3 4 0.053314082 
873 31 3 3 0.053285073 
860 16 2 4 0.053257026 
874 75 2 4 0.053212047 
804 88 2 4 0.05315872 
321 136 3 4 0.053150747 
721 303 7 8 0.052986626 
1007 47 3 6 0.052845046 
642 311 3 4 0.052741077 
642 337 3 4 0.05270748 
947 99 4 4 0.052695513 
365 239 6 8 0.052578602 
722 318 13 14 0.052554 
816 75 3 4 0.05242838 
725 292 4 4 0.0521742 
283 277 5 6 0.051852077 
694 112 4 5 0.051845327 
698 62 4 5 0.05174479 
817 90 6 6 0.051684976 
210 351 7 9 0.051616866 
324 146 3 4 0.051522944 
778 112 3 4 0.051450342 
711 54 4 4 0.0512685 
962 41 3 4 0.05124577 
532 234 28 28 0.051169682 
925 56 2 4 0.05113353 
719 247 3 3 0.0510572 
1019 276 5 7 0.051048186 
974 292 4 5 0.05101546 
975 280 3 4 0.05095034 
835 48 3 3 0.05092791 
27 331 3 5 0.050859656 
816 68 3 3 0.05085463 
682 112 4 5 0.05076071 
740 275 2 3 0.050701566 
656 344 3 4 0.05054564 
732 275 3 3 0.050535195 
828 63 3 4 0.050510734 
1019 67 4 5 0.050300945 
810 43 3 4 0.05029772 
483 79 14 16 0.05027892 
725 246 3 4 0.050215643 
962 62 3 4 0.050020423 
951 93 3 4 0.049925163 
907 48 2 4 0.04990638 
719 288 2 3 0.04987703 
361 323 3 4 0.049843214 
987 293 3 4 0.049841683 
848 75 3 4 0.04979514 
682 293 3 3 0.049785648 
276 341 4 6 0.04974033 
880 50 3 3 0.04950179 
655 349 4 4 0.04933496 
847 67 3 4 0.04921125 
811 325 8 12 0.04910919 
795 99 4 4 0.049084093 
750 68 4 4 0.04907613 
672 117 5 6 0.049035598 
745 111 4 5 0.048959754 
679 314 6 7 0.04892856 
290 272 4 5 0.048841402 
969 68 3 3 0.048741598 
352 342 4 6 0.048723683 
705 67 5 5 0.048697706 
801 322 6 7 0.048675265 
331 150 4 5 0.0486067 
298 285 4 5 0.048599552 
341 267 3 3 0.048551105 
330 133 3 4 0.048542716 
655 286 3 3 0.048496667 
937 22 3 4 0.04842117 
565 227 24 28 0.048389357 
179 234 6 5 0.04831125 
1003 286 6 9 0.048305172 
872 35 3 3 0.04822964 
745 80 3 4 0.0482114 
202 222 3 5 0.048164748 
868 31 2 3 0.048152234 
636 265 3 4 0.048141513 
644 330 3 4 0.048122343 
848 38 2 3 0.04801723 
335 304 5 5 0.048012234 
817 48 3 4 0.048008204 
648 330 3 4 0.047871634 
290 265 4 5 0.047734052 
888 90 5 6 0.04765288 
744 118 4 5 0.04761802 
712 93 4 4 0.047498126 
282 266 5 7 0.047400795 
912 69 3 3 0.047332574 
758 111 4 4 0.047293264 
751 86 3 4 0.04728521 
809 57 3 3 0.04728392 
701 92 4 5 0.04702261 
759 80 3 4 0.0469825 
297 137 3 5 0.04690691 
687 68 4 5 0.046841834 
636 273 4 5 0.046789397 
753 320 10 14 0.04676972 
957 56 3 4 0.046769086 
168 312 3 4 0.046762276 
754 295 11 9 0.046634585 
731 301 7 7 0.046597883 
686 262 3 3 0.04645518 
350 342 3 5 0.0463983 
945 43 2 3 0.046245314 
983 61 3 4 0.04615545 
351 317 4 5 0.046073012 
686 72 5 5 0.046062913 
685 111 4 5 0.04605365 
349 131 3 5 0.04586234 
435 135 6 8 0.045859285 
854 68 3 3 0.045835715 
732 66 4 5 0.045808863 
1012 26 5 7 0.045784194 
1019 73 4 6 0.045732386 
182 336 4 6 0.045708526 
387 131 4 5 0.045683272 
649 260 3 3 0.045553014 
215 223 3 4 0.04555023 
34 327 4 6 0.045444064 
738 99 4 5 0.0453444 
674 243 3 3 0.045325242 
246 222 2 3 0.04525552 
679 297 3 5 0.0452365 
184 337 5 6 0.04523126 
905 87 3 4 0.045216467 
943 93 3 3 0.04519684 
733 113 4 4 0.04519612 
290 285 3 5 0.045187883 
912 36 2 4 0.044946622 
680 119 4 4 0.044942573 
260 234 3 4 0.044875406 
348 114 3 4 0.044861272 
681 72 4 5 0.04476848 
706 88 4 4 0.044706874 
859 86 3 4 0.044657584 
781 117 4 4 0.044646505 
852 79 3 5 0.04464459 
360 132 4 4 0.044537555 
706 310 5 5 0.044524908 
374 126 3 3 0.0444519 
702 286 2 3 0.0443676 
717 63 4 3 0.04427179 
649 281 2 3 0.044244237 
874 61 2 3 0.044215765 
879 86 3 5 0.044167753 
675 278 2 4 0.04412645 
911 61 3 4 0.044001997 
656 299 2 3 0.043955155 
738 62 4 4 0.043880835 
822 56 2 3 0.043819215 
694 288 2 3 0.043708056 
419 131 3 3 0.043597486 
751 119 4 4 0.043591447 
917 68 3 4 0.043561902 
757 125 4 4 0.043556776 
714 62 3 4 0.043416105 
919 24 2 3 0.043404844 
649 284 3 4 0.043400716 
675 79 3 5 0.043371145 
318 291 3 4 0.043199405 
905 69 4 4 0.043082252 
899 79 3 5 0.043068055 
724 273 4 4 0.043046642 
323 152 3 4 0.042944286 
898 87 4 5 0.04288268 
296 337 4 5 0.042869575 
880 36 3 3 0.042863883 
219 266 14 15 0.04276498 
674 323 4 5 0.042740013 
367 124 4 4 0.042722393 
649 298 2 3 0.042702217 
994 301 5 7 0.04268243 
724 54 4 5 0.042640038 
832 76 4 4 0.04263604 
880 43 3 3 0.042607386 
193 226 3 4 0.042595625 
694 55 3 4 0.042523652 
322 126 3 4 0.042382456 
330 324 8 9 0.042371154 
426 128 2 3 0.04235878 
1008 99 3 4 0.04232854 
683 314 6 8 0.04232666 
176 344 4 4 0.04225501 
218 222 4 5 0.042223856 
694 299 3 4 0.042189095 
355 114 3 4 0.0421858 
866 69 3 3 0.042184837 
728 279 2 3 0.042118855 
330 146 3 4 0.04207333 
1012 48 3 5 0.041996874 
1013 54 3 4 0.041964076 
427 93 3 4 0.041946907 
729 126 4 6 0.041926093 
962 281 3 3 0.041808955 
892 60 3 4 0.041747473 
987 336 4 5 0.041742798 
918 29 3 4 0.041722737 
950 55 2 4 0.041680492 
674 311 4 6 0.04166533 
962 37 3 4 0.041604638 
891 79 4 5 0.04159798 
206 226 3 5 0.041507076 
980 284 4 5 0.04150569 
880 76 2 3 0.04147934 
988 99 5 5 0.041445263 
1013 272 3 5 0.04140123 
347 330 4 4 0.041309856 
219 226 3 5 0.041300826 
814 44 3 3 0.04127261 
245 227 2 4 0.041261565 
803 93 3 3 0.04124828 
1004 53 4 5 0.041213196 
899 18 3 4 0.041193865 
744 327 6 8 0.041174665 
702 292 2 4 0.04115447 
726 126 4 5 0.0411324 
768 90 3 5 0.041108713 
995 82 3 4 0.04105138 
964 304 3 5 0.04103846 
355 348 4 5 0.04093871 
745 235 4 4 0.040775664 
330 137 3 4 0.040712614 
973 296 4 5 0.040655036 
816 56 3 4 0.040635925 
784 93 3 5 0.04059748 
354 138 3 5 0.04054998 
347 143 3 5 0.040535655 
886 90 5 7 0.040491987 
712 275 3 3 0.04048723 
668 274 2 3 0.040454157 
725 119 4 3 0.04040109 
657 331 2 3 0.04035541 
424 140 4 4 0.040305145 
655 292 3 3 0.040282678 
301 286 4 4 0.040279802 
828 79 4 4 0.04019344 
885 49 3 4 0.040129885 
707 101 4 4 0.040120006 
424 131 3 3 0.04009593 
986 283 4 6 0.040038876 
733 292 4 4 0.040033624 
712 67 4 4 0.039987072 
867 61 2 4 0.039918177 
980 86 4 5 0.039805375 
650 343 3 3 0.039774496 
1002 52 4 5 0.03969086 
968 34 4 6 0.03964821 
887 16 3 4 0.03962198 
329 304 4 5 0.03961936 
983 56 3 4 0.039564446 
822 49 3 4 0.039550297 
317 305 3 4 0.039520822 
725 62 4 4 0.03947052 
687 61 4 4 0.039444614 
695 304 3 5 0.039396632 
336 127 3 3 0.039343808 
978 340 5 7 0.0392605 
290 280 3 4 0.039234765 
662 337 3 4 0.03922608 
355 126 3 3 0.039213024 
1002 283 6 7 0.039211642 
382 148 5 6 0.039187852 
-21 -168 177 158 0.03909151 
987 341 4 5 0.0390886 
355 262 3 2 0.03906506 
975 68 3 4 0.039044965 
713 248 3 3 0.038990315 
175 269 11 10 0.038987484 
808 67 3 4 0.03896793 
340 132 3 4 0.038957573 
974 92 4 5 0.038947813 
329 126 3 3 0.038899627 
957 43 2 3 0.03888683 
0 322 4 7 0.03886125 
205 222 4 5 0.038773466 
1019 340 5 7 0.03877192 
796 95 3 3 0.038643885 
20 339 5 8 0.038591783 
316 120 3 4 0.03858721 
656 337 3 4 0.038569815 
958 287 2 3 0.03856931 
1008 117 4 5 0.038554754 
736 312 8 11 0.038522016 
721 256 3 3 0.038515348 
834 55 2 4 0.038433786 
270 265 3 5 0.03839537 
992 53 4 5 0.0383542 
1003 51 3 3 0.038327124 
886 87 4 5 0.03832192 
1019 283 6 8 0.038289636 
780 306 7 9 0.038271178 
1008 28 4 5 0.03815697 
342 342 4 6 0.03814 
810 36 3 3 0.038076133 
874 87 3 4 0.038075905 
649 350 3 4 0.038036164 
701 261 3 3 0.038031247 
330 113 3 4 0.038014203 
789 113 3 4 0.037976116 
355 324 3 4 0.037952535 
699 310 4 5 0.03794579 
861 37 3 3 0.037879564 
293 309 6 7 0.037876513 
1008 95 2 3 0.037760396 
831 79 5 5 0.03773366 
284 285 4 5 0.037729014 
692 118 5 4 0.03771738 
670 279 2 3 0.037662726 
27 339 5 8 0.037627023 
366 331 4 4 0.037562963 
874 69 3 3 0.03752397 
930 100 3 4 0.037512302 
296 265 4 5 0.03749751 
687 119 3 4 0.03747058 
886 80 3 5 0.03738651 
199 330 4 5 0.037376244 
631 348 3 5 0.037360866 
930 36 3 4 0.037229296 
355 247 3 4 0.03717631 
726 67 3 4 0.037173368 
739 256 3 3 0.037137996 
986 348 6 7 0.037104994 
681 80 4 5 0.037079282 
649 293 2 4 0.03705016 
317 272 3 4 0.036989443 
822 80 3 4 0.036980595 
681 266 3 3 0.036972918 
707 105 4 4 0.036966436 
1001 277 4 6 0.036928944 
635 347 4 5 0.036902424 
963 296 3 5 0.036880903 
707 268 2 2 0.036878977 
867 16 3 3 0.036875214 
668 242 3 3 0.03685788 
422 142 5 6 0.03685572 
195 234 3 5 0.036834244 
317 126 3 3 0.03680848 
348 124 3 4 0.036794648 
725 88 3 4 0.036763623 
794 340 7 9 0.036725074 
943 114 3 3 0.036722578 
781 339 9 11 0.03668753 
822 34 4 3 0.036678288 
322 337 3 5 0.03663027 
841 49 3 3 0.03661841 
674 245 3 4 0.036616493 
303 120 3 4 0.036616065 
643 316 3 4 0.036588144 
368 344 3 4 0.036552373 
962 49 3 4 0.036510948 
397 179 5 9 0.03649462 
323 279 3 3 0.03641542 
698 112 4 5 0.03639086 
315 152 3 3 0.036388256 
617 246 3 5 0.036368195 
969 62 3 4 0.036362194 
233 68 4 5 0.0363549 
860 68 3 3 0.03625982 
725 74 4 4 0.0362099 
802 43 4 3 0.036142968 
707 247 3 3 0.036129627 
688 298 3 4 0.03611365 
1018 27 4 6 0.036047768 
362 113 3 3 0.036043644 
303 291 4 4 0.036031794 
906 18 3 3 0.03601258 
343 262 2 3 0.036002964 
387 126 2 4 0.036000013 
962 329 5 7 0.03598353 
374 113 3 4 0.035965074 
681 262 3 3 0.035964325 
219 327 6 7 0.03590591 
718 100 4 4 0.035889305 
880 16 3 4 0.035849534 
950 33 3 6 0.035803683 
422 150 7 9 0.03578003 
974 308 5 7 0.035776366 
651 338 2 4 0.03576947 
969 286 3 3 0.03576906 
315 312 3 4 0.035738416 
1002 291 5 6 0.035684112 
354 131 3 4 0.035671923 
723 79 5 6 0.03566356 
278 93 2 3 0.03562316 
974 105 5 5 0.035595786 
962 55 3 4 0.03558784 
181 226 4 4 0.035565477 
777 93 3 4 0.035518926 
348 139 3 5 0.03549123 
676 329 3 5 0.03547528 
192 222 4 5 0.03544247 
637 277 3 4 0.035417877 
304 272 3 4 0.03538914 
366 311 4 5 0.03538301 
757 121 4 4 0.035311382 
676 275 2 3 0.035279714 
649 270 3 5 0.03525206 
780 125 4 5 0.035245415 
796 87 3 3 0.035224326 
661 331 3 3 0.03521251 
673 112 4 5 0.03513717 
334 290 4 5 0.035126727 
737 94 4 5 0.03509419 
315 330 4 5 0.035088483 
706 61 4 4 0.035086196 
662 280 3 3 0.03507771 
322 119 3 4 0.0350547 
720 88 4 4 0.034981694 
987 302 4 6 0.034876052 
816 62 3 3 0.03487118 
342 143 4 5 0.03486321 
322 113 3 3 0.03470169 
830 55 2 3 0.034685787 
308 272 3 4 0.03467701 
720 119 3 4 0.034668077 
969 296 3 6 0.034653742 
924 11 3 4 0.034635782 
1007 80 3 4 0.034611076 
725 112 4 4 0.03453684 
298 94 3 5 0.034525424 
669 298 3 4 0.0345183 
1 334 5 7 0.034496468 
976 48 3 4 0.03448491 
752 100 3 4 0.03447097 
225 263 12 12 0.03445393 
233 222 3 3 0.034434915 
808 62 4 4 0.034424145 
244 238 4 6 0.03438497 
759 75 3 3 0.034382075 
366 317 3 4 0.034366503 
719 92 4 4 0.034321807 
681 246 4 4 0.034317587 
700 50 3 3 0.03431311 
994 106 4 4 0.034300122 
975 99 4 5 0.03426536 
797 81 3 3 0.03425561 
802 80 3 3 0.034248866 
993 292 4 4 0.03424538 
692 80 4 5 0.034229714 
176 354 4 6 0.034207497 
323 267 2 3 0.03420397 
1017 398 6 8 0.03420014 
707 305 3 4 0.034195967 
689 278 2 4 0.034157045 
176 375 3 6 0.034051236 
317 113 3 3 0.034044065 
682 235 2 3 0.034030195 
334 112 4 4 0.034012552 
815 104 4 5 0.034003828 
266 220 3 4 0.03398565 
993 68 4 5 0.033943307 
367 335 4 5 0.033929687 
426 88 2 4 0.033927366 
778 54 3 3 0.033922505 
738 291 4 5 0.033919256 
8 323 4 5 0.033901744 
642 278 3 4 0.033893045 
986 33 4 6 0.033846613 
658 318 2 4 0.03382749 
980 47 4 5 0.03377359 
712 317 12 14 0.03376609 
783 88 2 3 0.03374823 
880 68 3 3 0.033721182 
200 336 6 5 0.033672307 
228 223 2 3 0.033600233 
1014 95 3 3 0.033589534 
700 80 4 5 0.03357702 
309 94 4 5 0.033576027 
719 337 20 20 0.0335645 
886 43 3 3 0.033552624 
720 268 3 3 0.033542372 
291 310 4 5 0.03349813 
390 131 4 5 0.03349363 
269 330 4 6 0.033489805 
309 300 4 4 0.033431146 
796 36 3 3 0.03341391 
296 272 3 4 0.03338108 
765 101 3 3 0.03336251 
333 145 4 4 0.033346698 
711 131 5 5 0.033332415 
342 113 3 4 0.033330433 
809 82 3 3 0.03332536 
343 273 3 3 0.03330328 
374 132 4 4 0.03325332 
669 305 2 3 0.033216823 
994 278 4 5 0.033173554 
636 339 3 4 0.033134956 
688 99 5 5 0.03313139 
707 254 3 4 0.033130873 
269 283 5 6 0.033128534 
156 328 3 5 0.033119626 
754 306 17 21 0.03311297 
0 328 5 8 0.03311048 
739 259 4 4 0.033099853 
727 308 19 22 0.033096246 
429 150 6 7 0.033089533 
790 89 3 3 0.033067312 
731 56 4 3 0.03304992 
1008 88 2 4 0.03304488 
1019 335 5 7 0.033040445 
997 307 7 9 0.033019092 
245 235 3 4 0.033004146 
633 344 2 4 0.032941975 
668 80 3 4 0.032908555 
981 292 3 4 0.032869153 
1014 67 3 4 0.032867935 
291 337 4 5 0.032853846 
743 62 3 4 0.032849528 
656 324 2 4 0.03283417 
987 330 4 6 0.032817878 
987 62 3 4 0.032785743 
179 353 5 6 0.032736674 
598 87 5 5 0.032735873 
0 348 5 8 0.03272763 
965 330 6 7 0.03271494 
993 74 4 4 0.032683868 
639 78 5 6 0.032654364 
656 281 2 3 0.032601967 
700 306 3 4 0.03254918 
706 50 4 3 0.03254817 
335 298 3 4 0.032545857 
336 262 2 2 0.032510538 
950 50 3 3 0.032506157 
873 15 3 5 0.03248409 
381 144 4 4 0.032481436 
310 305 3 4 0.03247829 
264 235 3 4 0.032293387 
174 336 4 5 0.03224324 
903 80 3 5 0.032233305 
413 101 3 4 0.03219639 
676 262 3 3 0.032133177 
528 185 39 41 0.0321116 
185 353 5 7 0.03209172 
930 107 4 3 0.03208378 
411 130 3 4 0.03206742 
1014 88 3 4 0.03204054 
738 286 3 4 0.032020386 
841 29 3 4 0.031998165 
891 16 3 5 0.031975493 
725 92 3 4 0.031974845 
281 296 5 5 0.031930283 
430 93 3 4 0.03190896 
304 124 3 4 0.031900622 
432 100 3 4 0.031898502 
675 336 3 6 0.03182721 
970 56 2 4 0.031817224 
368 324 3 4 0.031808924 
951 43 3 4 0.031804834 
854 38 3 3 0.031777043 
636 287 3 4 0.03177121 
757 100 3 4 0.031768512 
598 91 5 6 0.031759772 
399 139 3 4 0.03174892 
687 243 3 3 0.03162318 
796 57 3 3 0.031609803 
693 93 4 4 0.031574946 
365 365 4 8 0.031574193 
676 266 2 4 0.031571385 
360 137 4 4 0.031533945 
310 119 3 4 0.031531893 
733 100 3 4 0.031517092 
661 311 3 4 0.03150475 
433 138 3 4 0.031503007 
855 28 2 4 0.031459298 
720 79 4 5 0.031458486 
714 114 2 3 0.03143807 
682 242 3 3 0.031379297 
294 340 5 6 0.03135443 
802 106 3 4 0.031352375 
283 340 4 5 0.031348515 
939 333 10 15 0.03134434 
0 352 5 11 0.031337224 
860 30 2 3 0.031290773 
772 125 4 5 0.03128784 
381 140 3 3 0.031243099 
284 338 4 4 0.031240495 
766 92 3 4 0.031229047 
827 126 3 4 0.031228589 
917 125 4 6 0.031211235 
803 75 3 5 0.031151833 
969 292 4 5 0.031140408 
783 49 3 4 0.03110137 
758 67 3 4 0.031088177 
316 261 2 3 0.031062411 
637 262 3 4 0.031011749 
992 100 4 5 0.030988658 
708 244 2 2 0.030981313 
336 139 2 3 0.030974923 
711 254 4 3 0.030952515 
348 268 3 3 0.030949198 
808 74 3 4 0.030897984 
1020 55 3 5 0.030888014 
856 16 2 4 0.030860575 
367 114 3 3 0.030846573 
842 56 2 3 0.030836206 
433 133 2 3 0.03083279 
700 87 4 4 0.030826317 
996 314 8 11 0.03082385 
718 297 4 5 0.030794144 
211 342 6 6 0.030784119 
188 226 3 4 0.03078215 
674 75 4 4 0.030766837 
803 37 3 3 0.030764544 
234 228 3 4 0.03074312 
784 63 2 4 0.030722464 
551 326 7 10 0.030712983 
21 335 5 8 0.030689359 
642 286 3 4 0.03068024 
736 298 5 7 0.030560683 
867 87 3 4 0.030551873 
643 325 2 4 0.03052066 
1008 274 4 4 0.030510284 
964 98 4 5 0.030496426 
938 289 9 11 0.03049416 
898 99 5 6 0.030469779 
211 232 5 6 0.03042703 
248 217 2 3 0.030404136 
994 61 3 5 0.03039929 
674 304 4 5 0.030392755 
746 125 4 5 0.030380553 
365 354 4 6 0.030378507 
681 125 3 4 0.030374432 
1020 61 4 5 0.030301776 
668 246 3 3 0.030295381 
702 255 3 3 0.030252237 
271 217 2 3 0.030245023 
771 118 3 4 0.030170962 
302 137 3 5 0.030107118 
8 330 6 7 0.030082244 
7 347 5 7 0.030068772 
919 98 4 5 0.030028325 
26 371 8 10 0.030015757 
11 329 7 8 0.030013805 
628 316 4 5 0.030001184 
361 343 3 5 0.029991653 
733 285 2 4 0.029980004 
377 245 8 9 0.029959511 
336 108 3 3 0.02995023 
655 266 3 5 0.029897224 
710 80 5 5 0.029885594 
330 266 3 4 0.029876636 
227 228 2 4 0.029868256 
636 317 3 4 0.029799566 
321 304 3 4 0.029791193 
190 223 3 4 0.029786956 
803 56 3 4 0.0297735 
898 92 4 5 0.029768875 
624 252 3 4 0.029730253 
925 17 2 4 0.02972199 
303 228 3 4 0.029712353 
321 291 3 4 0.029689336 
930 29 3 4 0.029619172 
271 220 2 4 0.029613947 
1009 282 6 8 0.029593784 
284 102 2 3 0.029555172 
816 80 3 4 0.029539747 
745 274 3 3 0.029519524 
386 139 4 4 0.029504357 
279 297 4 5 0.029495476 
276 337 4 5 0.029430022 
709 300 2 3 0.029428769 
886 25 3 3 0.029394004 
679 53 4 6 0.02939312 
256 99 3 5 0.029329766 
241 222 2 3 0.0292967 
1006 61 4 5 0.029280974 
45 195 6 6 0.02927558 
1 311 3 6 0.029272152 
328 85 4 4 0.029241508 
745 100 3 4 0.029220602 
687 80 3 4 0.0291698 
758 93 3 4 0.029168412 
328 81 4 5 0.029140836 
347 151 4 5 0.029094279 
14 323 4 6 0.02909263 
698 100 4 4 0.02909069 
437 132 4 6 0.02907001 
231 272 13 13 0.029066032 
360 259 4 5 0.02906334 
904 62 4 4 0.029063098 
958 281 2 3 0.029059598 
713 242 3 3 0.029047685 
734 318 10 12 0.029016735 
361 334 4 5 0.02898312 
785 333 7 10 0.028972056 
342 139 4 5 0.028943349 
399 145 3 3 0.028930636 
736 86 4 5 0.028895913 
315 146 3 4 0.028885735 
12 345 7 9 0.02886675 
269 279 5 6 0.028863579 
685 245 4 4 0.028854016 
272 343 4 5 0.028737482 
1001 101 4 3 0.028707238 
945 105 3 4 0.028674033 
742 320 7 10 0.028664762 
367 133 4 4 0.02865267 
253 222 3 3 0.028622162 
712 126 4 4 0.028576048 
938 37 2 3 0.028532935 
31 202 6 6 0.02852479 
210 329 6 6 0.028521439 
720 242 3 3 0.028520824 
1004 294 6 8 0.02851462 
687 255 3 3 0.028488405 
412 105 4 4 0.028481748 
966 116 6 7 0.028478945 
893 24 3 4 0.028465854 
745 131 3 4 0.028455628 
998 296 5 7 0.028375003 
970 281 2 3 0.028372454 
643 292 3 4 0.028353289 
840 24 3 4 0.02833115 
779 314 8 11 0.028271193 
283 233 3 4 0.028220076 
294 365 5 7 0.028217167 
993 49 4 5 0.028198335 
744 286 4 4 0.028195342 
310 312 3 4 0.028187012 
731 327 10 11 0.028186293 
348 348 3 5 0.028179547 
349 312 3 4 0.028156726 
157 317 3 4 0.0280614 
796 43 4 4 0.028056527 
725 298 5 5 0.028054666 
9 318 3 4 0.028039588 
291 242 4 3 0.027997525 
1013 278 4 6 0.0279862 
650 305 2 3 0.027977692 
749 280 3 3 0.027973078 
738 234 4 4 0.027931701 
669 236 2 3 0.027919564 
718 303 6 7 0.027912572 
968 41 3 5 0.027911337 
1018 123 5 6 0.027888892 
719 112 4 4 0.02786804 
548 231 24 31 0.02786195 
764 285 4 5 0.02786082 
259 240 4 4 0.027858432 
668 75 4 4 0.027841322 
193 336 5 5 0.027831899 
635 297 3 4 0.0278245 
1002 62 3 5 0.027794257 
318 138 2 3 0.027779529 
266 228 3 4 0.027760684 
410 156 4 5 0.027725056 
405 114 3 3 0.027711373 
738 80 4 4 0.027690219 
304 279 3 4 0.02767703 
295 293 5 4 0.02766963 
854 87 3 4 0.027655207 
342 249 2 2 0.027652053 
649 325 3 3 0.027640881 
310 132 2 4 0.027622003 
1019 119 4 5 0.027608506 
395 181 4 6 0.027599292 
730 129 4 5 0.027583022 
7 228 4 5 0.027580718 
271 348 4 6 0.027575409 
974 347 6 8 0.0275608 
678 304 5 6 0.027551662 
720 127 4 4 0.027536215 
814 125 3 4 0.027501563 
400 153 3 3 0.027461875 
929 119 4 4 0.027428465 
392 138 3 4 0.027417237 
289 260 4 5 0.027416442 
713 299 3 3 0.027412992 
668 312 3 4 0.027383842 
724 267 3 4 0.027378734 
956 98 4 5 0.02737169 
1001 81 3 4 0.02734831 
979 348 6 8 0.027342368 
979 331 5 5 0.027250024 
380 133 3 4 0.027247053 
361 311 3 4 0.027246887 
788 92 4 4 0.027199894 
659 343 4 4 0.027150134 
317 288 3 3 0.027137429 
1017 288 8 11 0.027132884 
783 99 3 4 0.02712693 
342 118 3 4 0.027112989 
162 312 3 4 0.027098566 
322 287 3 4 0.027092319 
969 49 3 4 0.02709127 
279 90 2 3 0.027077693 
663 273 2 3 0.027065359 
324 255 2 3 0.027053755 
385 144 4 5 0.02703963 
678 320 6 8 0.027038692 
778 50 3 4 0.027009264 
234 217 2 3 0.027003702 
295 252 4 4 0.027000807 
988 49 3 4 0.026940404 
406 156 3 4 0.026940254 
340 305 4 5 0.026907584 
406 145 3 4 0.026855601 
1013 105 4 5 0.026829625 
763 125 4 4 0.0268266 
297 331 4 5 0.026820188 
834 62 2 4 0.026806545 
681 68 4 6 0.026777556 
1020 272 4 6 0.026768373 
822 30 3 5 0.02676311 
359 349 4 4 0.026747525 
297 246 4 4 0.0267405 
950 24 3 3 0.026730958 
713 74 4 4 0.026726916 
1013 99 4 4 0.026722947 
160 324 3 5 0.026685975 
816 35 3 3 0.026682096 
718 130 5 4 0.026677141 
816 169 25 23 0.026654141 
265 283 5 7 0.026626702 
711 50 4 3 0.026614614 
955 35 3 4 0.02661263 
842 74 3 4 0.026611144 
316 300 3 3 0.026608512 
975 341 6 7 0.026602542 
348 248 3 3 0.026600843 
14 226 4 6 0.02654226 
676 230 2 2 0.026540207 
898 62 3 3 0.026526578 
643 306 3 3 0.026518717 
635 306 4 4 0.026494034 
645 298 2 4 0.026492413 
706 315 5 6 0.026485939 
955 335 7 9 0.026477106 
675 235 2 3 0.02647477 
308 292 4 4 0.026455821 
716 359 7 8 0.026443701 
360 126 3 4 0.026441429 
842 81 3 3 0.026439535 
311 262 2 3 0.026438393 
1009 107 3 3 0.026428372 
867 24 3 4 0.026374819 
309 151 3 4 0.02637217 
1014 268 3 3 0.026363252 
295 316 4 5 0.02635514 
636 329 3 4 0.02633093 
241 228 2 4 0.02631038 
271 334 3 6 0.026290653 
759 63 2 4 0.026268672 
379 120 3 4 0.026264045 
983 303 3 5 0.026240261 
311 139 2 3 0.026217215 
980 93 4 5 0.026199965 
276 348 5 6 0.026189502 
330 291 3 4 0.02618654 
323 261 2 3 0.02618352 
729 308 8 8 0.026157025 
979 99 4 5 0.02613844 
712 305 4 5 0.026111422 
682 231 2 2 0.026094826 
987 120 4 5 0.026087107 
283 247 4 4 0.026085598 
806 340 6 9 0.026071727 
208 233 4 5 0.02605331 
347 271 3 4 0.026036164 
643 246 4 5 0.026018009 
291 247 3 4 0.026002323 
387 120 3 4 0.025972418 
809 320 9 12 0.025949512 
284 253 3 5 0.025929173 
183 254 9 9 0.025910668 
726 287 3 4 0.025901908 
343 348 4 5 0.025895339 
277 305 3 5 0.025889363 
797 75 3 4 0.025881799 
935 149 7 6 0.025864897 
694 320 5 8 0.025845772 
763 80 3 4 0.025838688 
746 255 3 3 0.025837878 
674 106 4 5 0.025837831 
207 331 5 6 0.025821622 
860 23 3 4 0.02581917 
627 228 4 5 0.025818162 
801 303 4 5 0.025807679 
924 108 4 3 0.025799518 
377 254 10 12 0.025785977 
782 54 3 3 0.025780356 
335 248 3 3 0.025773978 
955 29 3 5 0.025749953 
730 80 4 5 0.025749879 
769 286 4 4 0.025748938 
998 116 5 6 0.025746973 
713 267 3 3 0.025744556 
996 303 7 8 0.025719259 
675 54 4 5 0.02571154 
746 87 3 4 0.025690556 
330 100 3 4 0.025689404 
706 132 4 5 0.025686348 
726 241 3 3 0.025660701 
298 98 3 4 0.02560238 
694 311 4 5 0.025596479 
964 340 7 9 0.02559256 
301 373 5 8 0.025591237 
966 304 4 5 0.025586141 
589 93 5 5 0.025579492 
843 69 3 3 0.025558224 
469 68 4 4 0.025524572 
304 262 3 3 0.025520386 
822 172 14 11 0.025514444 
797 311 4 5 0.02551371 
329 299 3 3 0.025498344 
279 235 3 3 0.025495108 
424 100 3 4 0.025484055 
303 234 3 4 0.025460841 
374 106 3 4 0.025447039 
232 209 3 3 0.025444655 
438 75 3 4 0.025444224 
693 49 3 4 0.02544118 
665 98 5 5 0.02541553 
705 74 4 5 0.02541414 
335 255 3 3 0.02538357 
163 330 3 5 0.02538146 
994 285 3 5 0.025369784 
802 327 5 7 0.02535462 
367 137 4 4 0.025350928 
629 292 3 4 0.025345413 
752 61 3 4 0.025341598 
764 119 3 4 0.025339283 
407 126 2 4 0.025296511 
1019 48 4 5 0.02528606 
298 134 2 4 0.025282988 
682 138 3 4 0.025268612 
173 331 4 4 0.02525796 
668 86 4 4 0.02524733 
360 239 5 7 0.02523255 
413 121 3 3 0.025216945 
1017 322 7 10 0.02521485 
1007 76 3 4 0.025191156 
412 139 3 4 0.02518658 
957 49 2 4 0.025177397 
783 68 3 3 0.025157258 
342 361 5 7 0.025088238 
317 279 3 3 0.025052896 
942 23 3 4 0.025049372 
265 241 3 4 0.025044765 
354 337 3 5 0.025014168 
848 9 4 5 0.025013939 
789 118 3 4 0.025012296 
329 119 3 3 0.025000334 
732 94 4 4 0.024994597 
169 331 3 4 0.024971996 
807 308 6 10 0.02497026 
874 24 2 3 0.024929095 
630 235 3 4 0.0249122 
698 374 5 6 0.024901299 
660 349 4 5 0.024895232 
973 117 5 6 0.024891455 
297 242 4 4 0.024887275 
796 113 3 3 0.024878891 
169 335 3 5 0.024863627 
684 320 5 8 0.024858667 
437 126 3 4 0.02485288 
24 329 3 5 0.024841942 
180 238 5 7 0.024832753 
355 254 3 3 0.024813427 
764 62 3 4 0.024810089 
169 344 3 4 0.02480049 
316 315 3 5 0.024785418 
930 113 3 3 0.024765277 
629 239 3 4 0.024760837 
242 255 11 11 0.024749137 
730 74 4 5 0.02473564 
804 68 3 4 0.024728928 
240 217 2 3 0.024725283 
723 306 7 9 0.024688423 
1014 63 3 3 0.02466673 
975 306 4 5 0.024646258 
641 274 3 4 0.0246454 
417 121 3 4 0.024621183 
756 292 6 7 0.024618698 
828 31 3 3 0.02457398 
284 229 3 3 0.024548715 
745 339 10 11 0.024529707 
611 88 4 4 0.02451682 
800 309 5 7 0.024513291 
713 119 3 3 0.024509639 
950 286 3 4 0.02450847 
777 99 3 4 0.024500184 
449 75 3 5 0.024485065 
616 303 4 7 0.024474772 
310 287 3 3 0.024454242 
848 29 2 4 0.024363708 
808 105 4 4 0.024360526 
283 292 4 5 0.024334587 
624 241 3 4 0.02431325 
937 107 3 3 0.024294162 
819 98 4 6 0.024292983 
341 323 4 6 0.024285717 
252 228 3 3 0.0242744 
290 106 3 4 0.02427141 
725 36 4 5 0.02426782 
302 298 4 6 0.024266997 
719 40 4 5 0.024229303 
418 139 3 4 0.02418326 
380 125 3 4 0.024104055 
323 107 3 3 0.024102245 
879 24 3 3 0.024096066 
305 311 3 4 0.0240926 
292 340 4 5 0.024079219 
932 24 2 3 0.024074102 
1004 307 6 9 0.02405065 
801 334 5 7 0.024023551 
291 315 5 6 0.023992172 
765 56 3 3 0.023989307 
674 87 4 4 0.023974173 
1006 67 4 5 0.023965068 
369 107 3 4 0.023960017 
432 144 3 5 0.023946712 
995 112 4 5 0.023944378 
181 330 4 4 0.023919344 
699 119 4 4 0.023911461 
329 255 3 3 0.023908516 
918 119 3 3 0.02390317 
687 235 3 3 0.023880763 
745 93 4 5 0.023856224 
167 246 6 8 0.023848513 
1008 44 3 4 0.023836602 
630 93 4 5 0.023822818 
678 328 5 7 0.023817638 
635 241 3 4 0.023763776 
374 138 3 4 0.023734234 
342 291 4 5 0.023718506 
330 274 2 4 0.023713086 
292 93 2 4 0.023697613 
291 290 3 5 0.023695743 
297 280 3 4 0.023686858 
739 267 3 3 0.023685766 
969 411 10 14 0.023683628 
743 290 4 5 0.023668302 
668 343 4 5 0.023662595 
770 101 3 4 0.023649335 
393 152 3 4 0.023616914 
342 316 3 5 0.023585865 
585 125 4 4 0.023563622 
765 74 3 4 0.023555418 
356 241 3 4 0.023526393 
751 48 5 4 0.023495216 
750 94 3 4 0.02346481 
699 126 4 3 0.023426158 
636 291 4 4 0.023398383 
670 118 3 5 0.02339438 
707 261 2 3 0.023389816 
310 114 3 3 0.02338878 
648 317 3 4 0.023382707 
701 249 3 2 0.023380138 
207 355 6 6 0.02337009 
998 113 4 5 0.023362305 
420 144 3 5 0.02333831 
750 138 4 4 0.023325143 
328 335 4 5 0.023306672 
302 105 3 4 0.023283394 
1014 81 2 3 0.023274334 
316 335 4 5 0.023263006 
272 90 2 3 0.023249527 
290 234 4 4 0.02324413 
405 131 3 4 0.023216484 
27 325 3 4 0.023193127 
804 345 8 10 0.023170851 
791 55 3 3 0.023165531 
397 249 7 11 0.023165362 
667 94 4 5 0.023138825 
348 337 4 4 0.023121228 
271 240 3 3 0.0231193 
1011 118 4 4 0.023096832 
967 310 5 6 0.023089593 
648 312 3 4 0.0230854 
328 278 4 4 0.023085145 
701 242 3 2 0.023078365 
217 340 6 8 0.023058217 
566 74 3 4 0.023051279 
336 310 4 6 0.023037778 
949 106 4 4 0.023026867 
912 19 3 3 0.023016807 
874 109 25 27 0.022993121 
420 112 2 3 0.02295178 
796 106 4 4 0.02295057 
668 268 2 3 0.02294888 
1 341 4 7 0.022936016 
602 88 4 4 0.02292108 
668 336 3 5 0.02290451 
988 310 5 5 0.022898648 
757 227 4 5 0.02286495 
775 295 6 8 0.022859242 
187 233 4 5 0.022827603 
392 145 3 4 0.02281559 
392 127 3 3 0.022810055 
1017 392 7 8 0.022808366 
411 145 3 4 0.02280189 
765 280 2 3 0.022793198 
369 239 6 6 0.02277961 
724 100 4 4 0.022767818 
773 342 10 14 0.022721706 
157 348 3 5 0.022690153 
427 159 10 14 0.022676231 
737 125 4 4 0.02267313 
843 63 3 3 0.022670867 
798 48 2 3 0.022662928 
1019 327 6 8 0.02265335 
174 225 5 6 0.022642197 
314 157 5 5 0.022634419 
910 105 4 5 0.02262144 
232 240 4 4 0.022614108 
362 356 3 5 0.022607243 
793 345 8 12 0.022583174 
623 248 3 4 0.022580892 
687 55 3 4 0.022569166 
278 240 3 4 0.022563841 
732 267 3 4 0.022563133 
785 74 3 3 0.022561092 
12 263 6 9 0.022548147 
694 87 3 4 0.022531973 
767 297 6 7 0.022531137 
918 496 22 24 0.02253094 
32 336 4 6 0.02252708 
323 274 2 3 0.022522865 
937 18 2 3 0.02250515 
777 75 3 4 0.022499036 
634 356 4 5 0.022498546 
406 153 2 3 0.02249838 
1002 67 3 4 0.02248292 
1 316 3 6 0.022476044 
379 114 3 3 0.022475017 
917 107 3 4 0.022473238 
952 346 7 9 0.022440007 
716 307 7 9 0.022404982 
278 266 4 5 0.022387119 
681 133 3 3 0.022375314 
769 75 3 4 0.022368947 
988 42 3 5 0.022329886 
642 266 3 4 0.022328615 
279 271 4 6 0.022297 
880 92 3 5 0.022294747 
586 94 3 5 0.022292722 
776 325 8 10 0.022283368 
157 312 2 4 0.022263516 
995 117 4 5 0.022253884 
323 100 3 4 0.022216264 
1009 114 3 4 0.022211315 
310 279 3 4 0.022202242 
311 146 3 4 0.02219642 
675 254 3 3 0.022168728 
680 49 4 4 0.022156611 
628 115 6 7 0.022154098 
335 101 3 3 0.022146221 
340 311 4 5 0.022137532 
801 111 4 4 0.022118874 
406 139 2 4 0.02211057 
805 333 7 9 0.02210161 
342 125 3 4 0.022098277 
303 241 3 4 0.02209752 
719 37 4 4 0.022088679 
706 341 4 6 0.022076236 
207 359 6 8 0.022015078 
272 93 2 3 0.021955233 
710 340 7 8 0.021955216 
322 85 4 5 0.02194265 
302 112 3 5 0.021940527 
967 105 5 5 0.02193619 
602 92 4 4 0.021932347 
778 81 2 3 0.021914084 
655 354 4 5 0.021899847 
342 279 3 4 0.021895453 
19 268 5 8 0.021890715 
183 369 4 5 0.021866858 
687 106 4 5 0.021855906 
733 86 3 4 0.021807767 
700 300 2 3 0.021807306 
323 300 2 3 0.021776682 
290 330 3 5 0.021765115 
253 217 2 3 0.021760274 
279 293 3 4 0.021758838 
354 267 3 3 0.021753173 
336 273 2 4 0.021750337 
342 255 2 3 0.021740818 
835 170 13 15 0.021720193 
699 359 5 8 0.021715745 
323 327 6 9 0.021680152 
777 292 4 5 0.02166637 
965 135 6 7 0.021659471 
610 106 4 4 0.021657383 
751 254 3 3 0.021655625 
625 309 4 6 0.021648198 
656 311 2 4 0.021646122 
680 106 4 4 0.021644875 
297 87 3 4 0.02164457 
35 198 23 19 0.02164169 
366 250 7 9 0.021629628 
692 105 4 4 0.021613954 
707 126 4 3 0.021613736 
219 335 6 8 0.02161216 
277 353 6 8 0.021605536 
553 76 4 5 0.021600403 
996 274 3 4 0.021589356 
758 285 3 4 0.021581497 
836 30 3 3 0.021549337 
809 32 3 3 0.021526007 
412 152 3 4 0.02151365 
669 331 2 4 0.02150896 
970 17 3 4 0.021490933 
304 133 3 4 0.021488518 
770 228 5 4 0.02148131 
270 271 4 6 0.02143118 
1020 78 4 6 0.021412369 
975 330 4 6 0.021405129 
978 309 5 6 0.02139506 
169 349 4 5 0.021394623 
682 254 2 3 0.021390911 
199 234 3 5 0.021379616 
309 126 3 4 0.021376353 
431 105 4 5 0.021375438 
732 139 4 5 0.021359496 
425 151 9 13 0.021343093 
623 88 4 5 0.021327687 
336 280 3 3 0.021317853 
792 100 3 3 0.021315003 
1021 266 4 6 0.02130611 
1000 274 4 4 0.02127467 
834 68 3 4 0.021250471 
323 81 4 5 0.02124007 
380 240 5 6 0.021237578 
718 49 4 4 0.021230604 
260 222 2 3 0.021221565 
277 279 3 5 0.021202242 
809 48 3 3 0.021200102 
400 126 3 4 0.021197898 
277 285 4 4 0.021197358 
803 62 3 3 0.021186605 
675 99 4 5 0.021175256 
1008 285 19 25 0.021175122 
341 151 4 4 0.021152139 
330 260 3 3 0.021151885 
797 303 3 4 0.02113148 
366 235 4 5 0.021124428 
839 93 4 5 0.021120192 
37 205 9 8 0.021102251 
944 29 3 4 0.021094488 
329 309 5 6 0.021090781 
234 234 3 4 0.0210843 
347 47 3 5 0.021083433 
367 229 3 4 0.02107422 
643 262 3 3 0.021068048 
349 255 2 3 0.02106395 
802 48 3 4 0.0210621 
432 89 2 3 0.021060085 
1012 114 4 4 0.021050671 
469 73 3 5 0.021023696 
854 24 3 4 0.021021739 
348 323 3 4 0.021013012 
277 221 3 3 0.020998042 
848 87 3 4 0.020994686 
636 324 3 5 0.020990398 
674 93 4 4 0.020988045 
795 318 5 6 0.020955952 
297 119 3 4 0.020933097 
746 334 9 10 0.020932721 
393 119 3 4 0.020920666 
883 97 6 8 0.020901412 
944 37 2 4 0.02089948 
685 304 5 6 0.020897437 
1020 93 3 4 0.020894436 
186 215 4 4 0.02089281 
979 117 6 7 0.02086927 
283 258 5 6 0.02085695 
777 63 2 3 0.020850267 
756 48 4 4 0.020837465 
368 305 3 4 0.02083451 
419 89 3 3 0.020818513 
329 106 3 4 0.020807162 
739 132 3 4 0.020787943 
694 235 3 3 0.020785524 
298 112 3 5 0.02075746 
1019 388 5 7 0.020740557 
694 248 3 3 0.020734603 
764 49 4 4 0.020731142 
330 287 3 3 0.020715479 
1014 277 19 25 0.02070843 
650 256 2 3 0.02067358 
827 87 4 4 0.020666515 
217 238 5 6 0.0206592 
678 336 4 6 0.020658985 
750 285 4 4 0.02064244 
788 74 3 4 0.020641502 
707 321 5 7 0.020617412 
395 177 3 5 0.020614417 
999 106 3 4 0.02060847 
14 352 6 9 0.020606568 
735 320 19 22 0.020590538 
308 341 4 6 0.020571299 
713 236 3 3 0.020569215 
707 114 3 3 0.02054725 
967 314 6 8 0.020546148 
1013 289 6 9 0.020542419 
334 81 4 4 0.020539753 
251 241 4 4 0.020503758 
233 202 3 3 0.020497749 
654 272 4 4 0.020476248 
713 261 3 3 0.020461423 
9 311 3 4 0.020458942 
874 12 2 3 0.020447131 
3 232 3 5 0.02043961 
796 119 3 4 0.020437174 
382 235 3 4 0.020424169 
432 127 2 3 0.020416897 
698 354 5 8 0.020413116 
772 279 3 4 0.020406812 
13 358 7 10 0.020403711 
303 99 3 4 0.02040032 
283 106 3 3 0.020383924 
992 321 7 9 0.02036962 
932 17 2 4 0.020345388 
765 240 4 5 0.020340074 
688 230 2 3 0.020329375 
681 85 4 5 0.020320712 
268 289 5 7 0.020317568 
291 366 5 6 0.02030941 
259 229 3 3 0.02030864 
746 267 2 3 0.020290324 
693 125 4 4 0.020284908 
331 249 2 3 0.020284113 
669 261 2 3 0.020276798 
316 106 4 4 0.020268029 
1014 75 3 4 0.020256227 
707 120 3 4 0.020242946 
82 216 8 13 0.020228103 
541 54 4 4 0.020209301 
741 307 8 11 0.020199342 
290 253 4 4 0.020190159 
386 240 3 5 0.020187497 
924 112 3 4 0.020180834 
781 290 5 7 0.020178193 
260 217 2 2 0.020117689 
687 125 4 4 0.020104438 
601 110 5 5 0.020091401 
751 261 4 4 0.02008312 
8 234 3 4 0.020076249 
771 56 3 4 0.020066608 
962 11 2 4 0.020066543 
979 111 5 7 0.020064035 
743 302 6 9 0.020056041 
310 337 3 4 0.020052986 
761 228 5 4 0.020047277 
181 243 6 7 0.020039318 
706 400 5 6 0.020031752 
937 29 3 4 0.020018347 
417 107 3 3 0.020014882 
798 69 2 3 0.020012932 
679 100 4 5 0.020001922 
