0_Parade_marchingband_1_620
585
912 325 31 36 0.998164 
798 411 33 41 0.99490404 
117 276 20 21 0.97900236 
841 352 26 28 0.97596973 
658 335 31 38 0.9669886 
440 242 20 23 0.96230644 
769 340 24 31 0.9466067 
819 252 22 25 0.9333618 
903 216 17 21 0.86661786 
255 201 18 18 0.8508017 
86 194 13 16 0.8352134 
334 245 19 21 0.81826967 
289 238 16 18 0.8152941 
193 175 17 23 0.8031737 
609 241 18 19 0.7349551 
858 202 18 23 0.7326327 
956 236 14 17 0.72075844 
515 176 10 13 0.64131117 
1009 330 20 27 0.6368355 
919 257 15 23 0.6265395 
64 246 22 22 0.51608306 
970 269 18 26 0.50090575 
774 411 20 26 0.4427854 
473 197 9 12 0.43846273 
322 241 22 24 0.37252775 
585 180 12 16 0.37120938 
980 223 11 16 0.35977829 
872 229 13 17 0.3577199 
762 208 17 22 0.33182222 
397 194 10 15 0.3156207 
415 192 8 12 0.3138225 
934 557 63 69 0.29851297 
1 203 31 35 0.29452795 
628 191 7 11 0.2189074 
843 234 13 16 0.21737051 
408 174 10 13 0.20617606 
620 163 8 11 0.20320162 
495 218 9 14 0.18614702 
617 275 17 29 0.17848666 
628 166 7 10 0.17601818 
329 179 10 12 0.17516822 
310 188 12 14 0.17493916 
426 188 8 13 0.17382051 
962 170 13 15 0.17167936 
486 239 17 15 0.1705661 
420 183 10 15 0.1681416 
114 191 9 10 0.15370373 
810 196 13 15 0.14425223 
207 209 11 14 0.14376879 
339 192 7 9 0.14201781 
517 116 31 30 0.13775028 
476 203 8 15 0.13743266 
130 232 24 26 0.13419412 
452 200 7 9 0.13345611 
315 186 10 11 0.120205395 
745 216 10 13 0.11532087 
490 196 8 10 0.10942228 
506 174 7 8 0.10602139 
527 186 11 12 0.10190916 
414 179 9 12 0.10190778 
518 199 8 10 0.1014554 
318 168 6 9 0.09828735 
34 265 19 32 0.09579098 
326 176 8 10 0.0955214 
391 197 9 12 0.094864264 
686 184 4 4 0.091982014 
669 191 3 4 0.086505756 
669 193 3 5 0.08494625 
867 207 18 24 0.08207488 
836 242 18 27 0.0817429 
407 214 12 16 0.0802867 
468 197 8 11 0.079538204 
592 184 10 14 0.07801106 
119 197 8 10 0.07787997 
491 212 8 12 0.07643423 
675 177 3 4 0.07502908 
675 183 3 4 0.07294189 
718 168 5 6 0.072820835 
738 252 11 17 0.06915052 
661 189 3 4 0.068323694 
479 230 8 10 0.068308994 
977 234 11 18 0.06749282 
649 194 5 6 0.06678861 
348 222 17 17 0.06576112 
659 200 4 6 0.06431865 
595 190 9 13 0.063929096 
974 216 13 16 0.06309365 
320 173 7 9 0.062238887 
680 184 3 4 0.06211379 
681 189 3 4 0.061838713 
436 193 6 9 0.061818637 
761 311 22 30 0.0615007 
409 195 10 14 0.061022103 
983 244 13 21 0.060410734 
343 193 7 8 0.059548058 
324 181 12 13 0.059096947 
570 147 5 7 0.058273964 
942 180 12 17 0.058146 
655 190 3 4 0.057991453 
867 295 19 27 0.057665396 
649 189 4 5 0.05726614 
798 446 90 114 0.05706901 
0 248 26 29 0.056920364 
874 182 8 9 0.05638115 
706 177 3 4 0.05630297 
699 183 3 5 0.055838224 
563 154 7 9 0.055684924 
853 182 12 15 0.05537255 
75 206 10 12 0.054853525 
743 194 7 10 0.054702207 
772 241 13 16 0.054300133 
669 176 3 4 0.054130107 
478 214 9 14 0.054116905 
625 162 7 11 0.053854406 
746 259 10 15 0.053651888 
695 178 3 4 0.053613394 
698 177 3 5 0.053231325 
75 250 15 13 0.05316514 
247 191 9 10 0.05306606 
866 220 14 19 0.052740935 
139 200 4 5 0.05270344 
778 267 9 12 0.05263476 
499 174 5 7 0.052493773 
863 226 10 15 0.052450947 
226 219 11 15 0.052046236 
108 189 10 11 0.051638424 
680 381 12 18 0.05132603 
778 247 12 14 0.051040176 
125 223 9 11 0.050534926 
841 293 10 14 0.05004535 
644 177 3 5 0.049988836 
726 175 4 7 0.04965302 
110 189 18 20 0.049488656 
995 558 37 56 0.048765123 
518 194 7 9 0.04871485 
621 173 7 10 0.048650414 
139 197 3 5 0.048579738 
529 168 9 9 0.048322607 
984 192 8 13 0.048072327 
687 189 3 4 0.047788158 
149 204 4 7 0.04775894 
408 182 10 14 0.047614235 
659 196 4 5 0.047522064 
632 181 5 7 0.04747564 
521 179 10 11 0.047096685 
483 212 11 17 0.047055595 
674 204 4 4 0.046969537 
872 203 11 17 0.04671047 
311 181 11 13 0.046292257 
320 178 9 12 0.046113666 
731 21 15 12 0.04593205 
493 175 5 6 0.045796145 
560 158 12 18 0.04571987 
675 208 4 4 0.045621768 
117 203 11 13 0.045567464 
669 468 27 28 0.045415334 
111 272 16 17 0.045039523 
655 194 4 6 0.0447574 
706 183 4 4 0.044715483 
764 347 15 19 0.04447093 
819 220 14 18 0.04422791 
130 208 5 8 0.043957118 
64 189 12 15 0.043753542 
642 181 4 6 0.043399755 
405 198 16 21 0.043238804 
430 216 23 25 0.042982437 
951 401 12 15 0.04297175 
315 172 7 10 0.042933144 
119 215 17 24 0.04187754 
460 198 7 10 0.041796654 
348 172 3 4 0.041349586 
489 175 5 6 0.041052844 
142 201 4 6 0.04088145 
1000 579 5 8 0.040858272 
487 206 7 11 0.040290575 
180 194 7 8 0.040247556 
720 175 4 5 0.040113587 
730 0 16 12 0.03991941 
738 177 4 6 0.039842315 
720 235 9 16 0.0395926 
244 189 6 7 0.039565206 
725 169 4 6 0.03949567 
180 156 12 15 0.039466776 
403 234 8 11 0.03944263 
203 205 10 15 0.03924596 
673 190 3 4 0.039105445 
143 196 3 5 0.03901713 
674 195 3 4 0.03891734 
728 221 9 16 0.038881868 
888 181 5 6 0.03873545 
323 157 4 5 0.038580358 
741 185 7 10 0.038529523 
786 186 6 8 0.038425334 
707 189 4 5 0.03840904 
238 182 5 7 0.03818059 
122 247 9 12 0.03816677 
687 178 3 4 0.03792779 
94 224 13 17 0.037867438 
695 183 3 4 0.03784432 
396 264 12 16 0.037804928 
860 285 13 17 0.037756324 
600 196 8 12 0.037473466 
942 386 20 26 0.037351634 
268 175 6 9 0.037199803 
207 180 8 11 0.037099652 
632 173 6 8 0.037070252 
373 201 4 6 0.03702781 
157 202 3 5 0.036974497 
402 208 10 13 0.036793016 
721 228 8 13 0.036765937 
149 189 4 7 0.0367026 
662 185 3 3 0.036662165 
937 193 19 22 0.03658974 
848 254 18 24 0.03648332 
564 151 6 7 0.036177408 
288 182 6 9 0.036010228 
601 243 12 13 0.035839934 
628 180 6 8 0.03582879 
743 177 4 6 0.035559583 
110 14 15 14 0.03551742 
521 172 10 12 0.035427332 
366 189 4 5 0.03540303 
316 165 4 6 0.035250586 
161 201 4 6 0.035220023 
991 573 23 36 0.035208486 
550 544 7 12 0.03517816 
738 181 6 9 0.034993816 
511 184 9 10 0.03498604 
366 177 4 5 0.034957733 
670 185 3 3 0.03495765 
49 251 12 17 0.034878813 
0 135 8 16 0.034711983 
700 188 3 4 0.03425073 
200 195 11 13 0.033895448 
516 169 8 10 0.03365645 
129 239 7 8 0.033622105 
375 182 3 5 0.03360625 
680 178 3 3 0.03349858 
333 204 10 12 0.033345398 
60 254 14 19 0.033342987 
745 289 14 22 0.033331707 
378 202 4 6 0.033240587 
510 194 8 9 0.033147845 
172 194 7 8 0.033146057 
120 189 7 8 0.03278192 
115 218 8 11 0.032720402 
339 188 6 7 0.032669157 
110 199 9 9 0.032567736 
906 191 10 11 0.03233278 
264 176 6 8 0.032224722 
630 272 20 28 0.032214373 
289 177 5 5 0.03220024 
80 200 12 15 0.03198599 
561 528 96 93 0.031964064 
907 225 19 29 0.03190566 
254 262 9 9 0.031901814 
669 203 3 4 0.031749137 
320 164 4 6 0.031717323 
385 289 4 6 0.031582404 
853 199 15 20 0.03154276 
284 177 3 4 0.031449623 
311 189 20 22 0.0313764 
999 574 5 6 0.03133879 
795 192 5 7 0.031316184 
150 220 5 7 0.03131392 
618 166 5 9 0.031255092 
904 177 4 5 0.031252235 
803 25 12 11 0.031118387 
487 182 6 8 0.031004447 
462 194 6 9 0.03089591 
753 260 11 14 0.030884644 
285 182 4 6 0.030830882 
787 182 5 6 0.030772848 
598 187 7 11 0.030692566 
795 264 11 16 0.03060796 
320 245 13 15 0.030605257 
141 308 15 17 0.030588284 
535 192 8 10 0.030506369 
851 379 20 30 0.03047419 
830 201 12 17 0.03038283 
647 200 4 6 0.030379867 
657 200 4 5 0.030304508 
970 235 11 15 0.030221337 
595 158 7 9 0.030084122 
327 170 4 7 0.030015549 
622 179 6 8 0.029909356 
910 211 15 19 0.029886777 
438 218 12 12 0.029601261 
243 183 5 6 0.029579729 
999 582 6 10 0.029564852 
143 206 4 6 0.029555859 
834 256 13 19 0.029553508 
122 238 6 8 0.029531607 
134 212 5 7 0.029513793 
346 189 5 7 0.02932815 
371 277 5 6 0.02925365 
218 183 5 6 0.029198028 
1008 573 3 6 0.02916194 
136 209 4 5 0.029145826 
681 346 12 18 0.029098557 
757 177 4 4 0.029073348 
871 184 7 9 0.02894536 
428 183 7 10 0.028916514 
979 196 8 11 0.028852731 
858 260 14 18 0.028849585 
1005 282 24 22 0.028756754 
950 209 13 16 0.02872797 
295 230 13 19 0.0286785 
132 241 12 12 0.02861763 
410 209 12 14 0.028581316 
656 178 3 3 0.028576778 
880 201 10 15 0.02856277 
1008 285 14 12 0.02850593 
258 177 4 4 0.028404303 
784 177 3 5 0.028311662 
768 218 14 18 0.028115219 
537 168 7 8 0.028028157 
406 229 9 14 0.027995737 
587 160 7 10 0.027899565 
507 187 6 7 0.027824922 
481 284 5 9 0.027756402 
771 397 10 16 0.027711516 
720 182 4 5 0.027710494 
692 189 4 5 0.027528772 
741 212 10 14 0.027495466 
366 199 4 6 0.027322149 
115 224 9 13 0.027319554 
558 196 5 7 0.027300816 
459 276 24 34 0.02722866 
681 195 3 5 0.027189372 
686 196 4 4 0.027168022 
348 183 4 5 0.02716573 
749 198 5 7 0.027093967 
340 177 4 4 0.02708897 
328 162 4 6 0.027052594 
162 252 12 14 0.027043877 
434 187 7 9 0.026779061 
783 260 12 14 0.026632216 
150 215 4 5 0.026618868 
491 181 7 7 0.026571713 
734 217 9 12 0.026569309 
710 182 4 5 0.026566522 
469 211 7 10 0.026563691 
711 176 4 5 0.026539505 
595 202 8 13 0.026538175 
371 283 5 8 0.0265357 
739 195 5 7 0.02652345 
263 250 6 9 0.026368627 
304 193 14 15 0.026306171 
251 183 4 5 0.02627211 
713 171 4 5 0.026259398 
725 181 5 7 0.026239121 
764 287 10 15 0.02619298 
156 195 3 5 0.02612315 
902 193 21 22 0.026031038 
961 230 13 18 0.026027737 
287 152 17 26 0.025959484 
123 228 8 11 0.025937183 
337 182 6 8 0.02592471 
847 245 13 18 0.025864998 
885 187 5 7 0.025848646 
950 230 14 18 0.025836721 
783 181 4 6 0.025826313 
648 183 3 4 0.02579264 
859 445 13 16 0.025759924 
269 237 22 24 0.025731053 
317 203 12 15 0.025713537 
731 170 3 5 0.025637869 
86 222 12 16 0.025625456 
701 196 4 4 0.025514387 
293 200 5 8 0.025495533 
946 230 27 35 0.025420614 
283 343 5 5 0.025407935 
1008 347 25 37 0.02538665 
682 202 3 4 0.025368422 
853 186 19 25 0.02534549 
141 215 5 6 0.025334327 
878 220 12 17 0.025321448 
784 251 10 10 0.025311494 
731 186 5 7 0.025196824 
669 173 3 4 0.025168885 
705 194 5 6 0.025142528 
156 241 11 13 0.02510424 
506 181 6 6 0.025079703 
719 165 4 5 0.025067393 
471 208 18 23 0.025058663 
76 193 9 12 0.025034651 
461 203 6 10 0.02499572 
912 188 8 9 0.024974624 
54 248 15 17 0.0249599 
673 215 5 5 0.024929438 
97 195 31 45 0.024913793 
729 175 4 7 0.024882013 
859 421 19 29 0.024831185 
1018 566 6 8 0.024742905 
864 496 23 22 0.02473247 
152 237 9 14 0.024713775 
257 182 5 6 0.024671951 
181 241 6 6 0.024656266 
524 163 8 9 0.024648098 
227 183 3 4 0.02459116 
301 330 5 5 0.024559129 
423 177 5 6 0.024541477 
124 221 22 23 0.024483789 
284 184 6 9 0.02445189 
102 191 8 11 0.024407385 
238 177 4 6 0.024399664 
855 452 13 15 0.024346858 
490 186 7 8 0.02430665 
656 184 3 3 0.024292884 
302 241 11 15 0.024279524 
502 169 19 20 0.0242649 
648 178 3 4 0.024260854 
229 193 7 12 0.024225818 
167 201 4 6 0.024179308 
630 187 7 10 0.024178967 
1015 567 4 5 0.024178794 
968 569 49 68 0.024111347 
168 196 5 6 0.023966094 
858 353 14 18 0.023958746 
953 260 10 16 0.023955837 
1013 562 4 5 0.023904657 
374 178 3 4 0.023887785 
861 184 9 11 0.023885814 
750 207 6 8 0.023824083 
783 192 6 9 0.023760345 
650 172 3 4 0.023757815 
586 185 18 27 0.023755107 
613 216 10 14 0.023739723 
651 281 8 13 0.023729514 
447 203 8 13 0.023713991 
767 387 10 18 0.02369584 
630 318 21 26 0.023670653 
854 232 11 17 0.02364208 
238 206 5 7 0.0235769 
330 191 11 11 0.023572365 
395 237 8 13 0.023474494 
935 568 29 39 0.023469208 
655 308 23 24 0.023455152 
980 273 11 17 0.023432512 
335 171 4 5 0.023426007 
944 174 9 11 0.023414299 
860 273 12 16 0.023395965 
276 336 5 5 0.023379518 
246 177 3 5 0.023144318 
740 243 8 13 0.023130698 
292 185 6 9 0.023082998 
51 1 7 8 0.023069127 
352 282 23 29 0.023007963 
100 218 19 25 0.02299468 
323 190 11 12 0.022977117 
493 172 6 5 0.022938091 
956 253 11 15 0.022914235 
238 213 6 8 0.022905955 
914 199 8 10 0.02284733 
693 387 18 22 0.022837875 
642 188 4 6 0.022817085 
400 186 11 15 0.022814417 
127 201 5 6 0.02281011 
116 165 5 6 0.02275504 
239 186 5 7 0.022665571 
482 232 12 12 0.022634085 
891 178 3 5 0.022540618 
846 279 19 25 0.022524862 
889 188 5 6 0.022463968 
317 169 16 20 0.022384653 
510 168 10 10 0.02237848 
692 202 5 5 0.022340883 
396 175 7 8 0.022302099 
275 188 6 8 0.022258556 
352 189 5 6 0.022258196 
915 242 16 27 0.022240028 
730 181 5 6 0.022225952 
348 176 3 4 0.0221886 
231 189 5 6 0.02215726 
344 223 11 14 0.022101332 
379 207 4 5 0.022080755 
659 213 5 6 0.022055374 
643 172 3 4 0.022025492 
949 183 11 15 0.021940231 
472 310 7 9 0.021933744 
251 177 4 4 0.021871218 
228 177 3 5 0.021859625 
998 588 8 13 0.02185077 
686 201 4 5 0.02184613 
504 236 10 14 0.021821635 
479 277 7 11 0.021811483 
403 215 9 13 0.021800473 
307 168 6 7 0.02178307 
726 164 3 5 0.021766696 
500 188 6 6 0.021765247 
693 195 3 4 0.021747986 
1006 296 22 27 0.021713853 
875 270 10 15 0.021635784 
874 292 13 18 0.021618389 
328 158 3 4 0.021612741 
776 214 11 15 0.021582592 
123 182 5 6 0.021581858 
944 370 9 15 0.021569628 
917 553 23 32 0.021554131 
928 583 25 41 0.021517668 
267 249 10 11 0.021489348 
475 224 7 10 0.021482572 
509 199 6 7 0.02141069 
119 229 18 25 0.021402529 
417 196 10 13 0.021399101 
361 190 4 4 0.021292837 
145 190 3 5 0.021283781 
899 176 4 6 0.02128314 
1008 568 2 4 0.021232165 
894 275 10 11 0.02121058 
545 194 5 7 0.021208417 
210 190 8 11 0.021200519 
269 185 7 10 0.02119478 
269 171 4 5 0.021185655 
342 172 3 3 0.02118222 
329 198 17 21 0.021176588 
498 198 6 8 0.021166436 
783 187 5 8 0.021163039 
277 182 4 6 0.021160774 
766 226 11 16 0.02112821 
1005 579 5 8 0.021117967 
393 185 12 17 0.021108398 
93 200 10 14 0.021106046 
758 266 11 13 0.021090047 
110 205 8 10 0.021018146 
757 183 4 5 0.020984089 
220 177 3 5 0.020964565 
133 233 10 11 0.020963062 
663 178 2 3 0.020950178 
659 209 4 5 0.020937964 
781 347 13 16 0.020937925 
232 183 4 5 0.020930137 
655 535 5 6 0.02085256 
259 172 3 4 0.020839226 
521 163 18 20 0.020820942 
739 263 12 15 0.02081826 
724 188 5 6 0.020810872 
722 193 7 8 0.020799102 
278 177 3 4 0.020793801 
797 215 11 15 0.020789612 
910 183 4 5 0.020745419 
274 192 7 10 0.02071478 
108 224 9 13 0.020714747 
677 376 11 15 0.020681165 
534 187 8 10 0.020668697 
1007 561 4 4 0.02066035 
746 172 2 3 0.02064049 
876 177 5 7 0.02063469 
789 178 3 4 0.020614538 
855 173 10 12 0.020576127 
302 174 6 9 0.020552961 
588 157 6 7 0.02049012 
370 289 6 8 0.020485163 
706 171 3 4 0.020454505 
250 205 9 11 0.020439047 
435 181 6 7 0.020435482 
749 245 18 28 0.020433417 
396 206 10 16 0.020432625 
740 203 9 12 0.02041661 
622 186 6 8 0.020410957 
465 309 9 11 0.020406524 
749 188 5 6 0.020405201 
643 279 12 17 0.020400379 
99 199 8 9 0.020388713 
237 200 6 8 0.020370869 
771 228 31 40 0.020364946 
512 212 8 10 0.020330336 
445 211 8 11 0.020304378 
764 431 12 18 0.020297311 
740 399 13 16 0.020239403 
567 154 7 9 0.020228133 
643 202 4 5 0.020220961 
335 158 3 4 0.020216633 
907 197 9 11 0.020189017 
782 199 7 10 0.020105155 
918 177 3 5 0.020068754 
960 178 22 27 0.020065194 
669 209 2 4 0.020059895 
353 183 4 5 0.020059528 
500 181 5 6 0.02005444 
642 195 5 5 0.02003621 
386 286 4 5 0.02002913 
668 216 4 4 0.020026907 
895 222 11 15 0.02000235 
