0_Parade_Parade_0_246
311
270 607 453 359 0.739168 
457 710 130 99 0.17178418 
660 28 475 482 0.16910963 
0 483 69 105 0.1635227 
-19 35 408 468 0.15231973 
203 391 443 420 0.097053595 
491 724 67 56 0.08497135 
599 342 427 367 0.08059596 
90 223 451 414 0.06761847 
480 755 61 51 0.065937385 
435 402 44 54 0.05852733 
411 -13 414 338 0.056925997 
40 456 44 60 0.053330325 
517 773 35 32 0.050933372 
155 406 54 52 0.048881173 
523 761 57 55 0.047095165 
914 466 8 8 0.047019575 
766 468 109 92 0.046970613 
299 416 51 61 0.044540837 
449 762 57 51 0.044532344 
272 427 51 63 0.043704156 
514 47 173 185 0.04191664 
363 330 174 198 0.041536495 
201 327 227 207 0.04148165 
624 467 105 103 0.040045023 
849 197 23 21 0.039787643 
354 403 5 7 0.03938648 
652 498 58 56 0.039371084 
714 412 214 182 0.03901848 
786 504 24 31 0.038127232 
799 510 59 52 0.038042273 
709 436 42 57 0.03800596 
125 378 105 95 0.037747353 
354 410 5 6 0.037260067 
536 429 88 110 0.0366822 
365 792 117 109 0.03646142 
-74 631 427 453 0.036414996 
300 116 56 57 0.03564541 
920 483 25 25 0.035305955 
770 232 47 54 0.035269544 
395 746 102 101 0.035235442 
853 481 63 53 0.035085633 
578 442 96 115 0.034643054 
761 212 87 100 0.033864845 
517 748 37 38 0.033741884 
465 396 30 43 0.033694055 
997 975 21 21 0.03352413 
361 247 434 446 0.033310216 
143 301 97 100 0.032934405 
586 458 48 56 0.03279711 
354 416 5 7 0.032666836 
523 798 30 33 0.0325135 
467 706 65 58 0.032323223 
542 417 32 50 0.032226425 
-105 310 368 482 0.032016218 
513 496 511 508 0.03192673 
757 503 61 60 0.031908635 
354 396 5 7 0.031830616 
590 250 79 101 0.031777307 
822 528 55 62 0.03165118 
300 434 27 33 0.031637225 
85 343 205 218 0.03142134 
508 780 15 15 0.03130259 
399 370 95 94 0.03124801 
121 206 45 49 0.0309621 
447 423 51 72 0.030887982 
508 719 33 35 0.030887509 
160 351 49 45 0.030774936 
484 736 158 134 0.030619947 
679 207 226 241 0.030562975 
722 454 24 28 0.030216992 
139 222 23 26 0.030120863 
615 510 50 53 0.029899472 
735 553 51 62 0.029896082 
733 444 48 48 0.029865112 
729 491 111 126 0.029446889 
807 501 33 36 0.029406382 
-28 428 143 204 0.029403405 
159 759 25 24 0.029382445 
917 463 5 6 0.029340098 
344 421 8 12 0.02927847 
678 517 60 55 0.028941212 
-22 640 97 147 0.028925613 
246 182 13 13 0.028700935 
341 621 50 52 0.028646326 
797 224 42 55 0.02862317 
187 401 48 52 0.028357299 
499 783 34 38 0.028098904 
704 440 89 90 0.028022207 
920 466 8 8 0.027995257 
809 228 401 427 0.027992284 
427 421 23 32 0.027961351 
801 506 14 15 0.02793672 
346 403 6 7 0.027935386 
347 123 89 80 0.027780648 
582 88 76 110 0.02769574 
663 415 88 95 0.027694369 
399 794 53 60 0.027649477 
922 463 6 6 0.027419448 
436 47 78 122 0.027227357 
546 785 14 20 0.027184047 
338 597 99 98 0.027144145 
396 353 30 32 0.026996447 
961 490 14 17 0.026939128 
921 496 29 30 0.026602058 
414 374 9 10 0.026569603 
344 414 7 10 0.02632093 
493 691 64 58 0.026308846 
812 503 9 11 0.02625335 
347 397 5 7 0.026249804 
617 743 12 18 0.026142905 
504 370 203 223 0.026138935 
884 470 30 26 0.026063047 
752 466 52 56 0.025877908 
906 469 22 24 0.025848754 
361 404 4 6 0.02584414 
495 735 34 30 0.025825748 
799 498 8 9 0.02580349 
361 410 5 6 0.025716187 
334 739 40 45 0.025715152 
609 466 47 58 0.025705121 
455 380 28 33 0.025613785 
131 281 5 6 0.025564319 
16 217 94 129 0.025524203 
756 435 34 29 0.025522396 
613 290 26 27 0.02550565 
86 230 90 118 0.02548563 
338 419 10 14 0.025435636 
610 439 43 51 0.025366053 
794 718 430 519 0.025168885 
208 452 40 57 0.02514768 
799 441 52 55 0.024966149 
838 193 48 42 0.024903359 
568 206 103 94 0.024891088 
125 304 10 10 0.02485964 
353 423 5 7 0.024859259 
912 456 21 25 0.02481558 
250 33 212 216 0.024778202 
878 188 46 43 0.024769135 
330 174 11 15 0.02473844 
236 51 454 470 0.024669692 
485 776 33 37 0.024666036 
768 259 26 32 0.024449134 
318 145 54 54 0.02444464 
810 522 30 28 0.024352925 
541 380 38 46 0.024283636 
662 506 117 128 0.024250934 
175 57 98 83 0.024187377 
196 432 11 14 0.024112435 
453 791 45 49 0.024028672 
765 422 48 59 0.023986606 
307 803 109 100 0.023944467 
607 262 24 35 0.023869622 
817 502 12 12 0.023862176 
253 223 44 61 0.023805652 
898 284 185 196 0.023751585 
539 786 29 35 0.023741374 
846 390 100 106 0.023729727 
825 448 6 6 0.023561087 
318 386 48 63 0.023467656 
610 379 201 204 0.02345596 
42 170 246 231 0.02342698 
630 526 51 65 0.023424368 
539 799 15 18 0.023412623 
106 232 45 54 0.02338516 
493 773 17 18 0.02338161 
278 205 44 57 0.02336181 
835 508 58 55 0.023317115 
361 417 4 6 0.023309322 
413 368 51 55 0.023305701 
151 813 104 104 0.023288902 
530 456 44 58 0.023225985 
347 389 5 8 0.023142526 
664 508 29 33 0.023098081 
501 768 17 19 0.023081956 
287 769 87 102 0.023069728 
416 208 82 107 0.02303324 
774 465 27 32 0.02302899 
361 423 4 6 0.022902835 
428 776 54 56 0.022900758 
668 473 29 25 0.022854023 
533 718 14 17 0.022791918 
587 205 12 15 0.022774823 
108 766 21 25 0.022773191 
365 239 43 53 0.022769138 
760 536 53 64 0.022760196 
333 510 27 24 0.022738758 
295 218 84 89 0.022724861 
645 161 79 95 0.022673897 
336 593 52 54 0.022665195 
281 135 109 93 0.022661269 
176 734 46 52 0.022649052 
346 409 6 8 0.02263163 
772 446 10 10 0.022605948 
728 463 12 13 0.022554422 
119 93 13 11 0.022551555 
322 435 47 53 0.02254697 
558 484 51 65 0.022523751 
323 210 21 28 0.022520944 
334 416 23 33 0.022507139 
682 571 24 27 0.022506077 
802 487 26 31 0.022498386 
190 336 42 46 0.02244711 
586 461 21 35 0.022431154 
760 397 45 53 0.022423351 
463 364 79 103 0.022417666 
908 470 11 13 0.02237438 
764 233 25 31 0.022370646 
-5 323 76 144 0.022358188 
786 490 10 12 0.022335598 
690 547 62 68 0.022335207 
375 329 94 97 0.022318985 
759 451 34 34 0.02231207 
201 424 45 55 0.02229131 
552 778 15 20 0.022271376 
664 446 8 10 0.022268614 
150 791 12 12 0.022237929 
353 390 6 8 0.022235332 
312 730 84 90 0.022181317 
116 247 24 25 0.022170454 
527 726 14 17 0.02214283 
361 430 5 6 0.022125559 
646 956 107 119 0.022101227 
772 651 24 29 0.022024654 
466 94 9 10 0.021931833 
329 380 92 113 0.02189331 
353 429 5 7 0.02186988 
583 208 27 28 0.021826796 
459 99 10 12 0.021801349 
815 477 121 95 0.021785766 
366 847 63 56 0.02178363 
665 406 40 49 0.02172557 
782 476 28 35 0.02169778 
420 320 98 94 0.021695683 
483 400 23 40 0.021673867 
841 218 43 49 0.021657506 
954 447 9 9 0.021650366 
561 482 22 28 0.021649575 
915 186 51 44 0.02161021 
311 234 24 36 0.0215573 
706 258 90 115 0.021513488 
653 504 23 30 0.021506863 
466 100 9 10 0.021501116 
770 606 27 25 0.021495895 
116 691 23 23 0.02146703 
597 413 42 53 0.02146066 
198 86 49 45 0.021447219 
857 486 9 9 0.021409877 
386 167 37 28 0.021380648 
307 -7 134 83 0.021364432 
317 415 28 32 0.021341946 
459 94 10 11 0.0213232 
517 187 96 87 0.021305628 
859 301 5 7 0.021295857 
-8 106 57 137 0.021282723 
731 519 50 58 0.021121327 
209 216 91 108 0.02110145 
757 166 21 26 0.021087443 
587 971 110 102 0.021048881 
330 849 51 51 0.021044867 
992 0 34 23 0.021039292 
561 437 41 57 0.02100921 
-9 -14 81 157 0.020998288 
875 452 92 81 0.020986516 
145 209 94 115 0.02096888 
887 453 24 24 0.020958984 
337 432 10 13 0.020936089 
785 913 98 107 0.020916954 
249 554 140 126 0.020887591 
350 739 12 23 0.020848773 
434 822 55 54 0.020837156 
792 478 9 11 0.02082089 
917 511 31 32 0.020778658 
689 584 55 63 0.020776736 
708 372 95 100 0.020767085 
68 166 101 125 0.02075461 
352 403 21 32 0.020734921 
669 167 38 46 0.02072344 
918 480 14 16 0.020699156 
339 408 7 11 0.020698532 
346 384 6 8 0.02069602 
356 217 24 26 0.02069384 
607 300 23 29 0.020690842 
139 620 92 104 0.02067978 
34 707 195 208 0.020670505 
525 391 68 94 0.020618202 
397 381 25 26 0.020617107 
487 737 18 16 0.020603374 
871 503 60 50 0.020581009 
666 451 8 11 0.020493625 
678 463 27 27 0.02048577 
114 76 10 8 0.020467335 
90 268 38 56 0.02046671 
552 490 103 121 0.020461835 
503 803 34 34 0.020421574 
779 490 10 12 0.020402392 
658 397 11 15 0.020344842 
861 529 57 62 0.020295372 
181 365 51 49 0.020287761 
680 509 32 29 0.020264274 
343 432 9 12 0.020243017 
899 488 26 28 0.020216232 
794 493 8 10 0.020199286 
473 101 9 9 0.020171337 
143 221 12 13 0.02014198 
652 286 9 11 0.020132503 
219 388 20 32 0.020130215 
556 411 22 32 0.020099368 
820 471 56 55 0.020081442 
482 450 21 31 0.020063752 
127 772 59 54 0.02004993 
