0_Parade_marchingband_1_932
1148
722 344 32 35 0.9987224 
851 355 30 39 0.99792 
435 335 29 37 0.9950401 
47 330 31 40 0.9872793 
106 356 22 27 0.9447358 
540 340 18 24 0.52155834 
640 375 20 25 0.41882303 
484 341 19 24 0.38304392 
119 379 21 21 0.24762855 
513 357 12 16 0.21716678 
857 273 9 11 0.21214311 
160 373 12 14 0.14868988 
164 363 10 11 0.13500933 
410 97 7 8 0.13155974 
111 367 26 26 0.12768734 
728 218 8 10 0.12260621 
997 6 11 9 0.106765695 
963 85 7 10 0.1055725 
455 57 7 8 0.10363692 
784 194 11 15 0.10219806 
964 108 8 10 0.10143118 
420 91 6 8 0.10129666 
485 86 8 8 0.10090219 
706 275 18 24 0.099531755 
848 273 8 11 0.09361772 
567 184 12 11 0.09248523 
825 200 9 8 0.08984021 
511 366 22 26 0.08552009 
464 46 8 7 0.08430413 
728 223 10 12 0.083115146 
407 117 10 8 0.08142576 
567 135 7 8 0.076081045 
524 135 9 8 0.07547871 
672 364 25 19 0.0745638 
734 224 8 11 0.07455801 
647 253 11 11 0.071118906 
537 135 7 7 0.06948996 
653 123 7 8 0.069143675 
640 203 8 8 0.0682304 
622 150 29 25 0.066032164 
651 193 8 9 0.06551186 
332 91 6 7 0.064466625 
967 59 7 8 0.06328661 
774 231 6 7 0.061996523 
478 50 10 9 0.06097933 
845 270 8 10 0.05992441 
973 38 8 8 0.059592515 
502 361 12 17 0.05947143 
515 155 5 7 0.059310805 
583 138 6 7 0.05792909 
935 67 7 8 0.057238363 
537 131 6 6 0.057217486 
434 99 7 7 0.056837723 
601 124 8 7 0.05658597 
466 129 7 8 0.056276824 
25 115 20 26 0.056263532 
496 34 8 8 0.05526378 
921 61 9 11 0.055070236 
648 365 10 10 0.05418146 
481 111 7 7 0.053812023 
972 47 8 8 0.05373812 
608 129 7 7 0.05363131 
978 77 8 8 0.053035107 
439 245 10 8 0.052511517 
652 201 11 12 0.052029777 
709 242 9 9 0.05181689 
706 243 7 7 0.05147453 
577 129 7 7 0.051387217 
454 123 7 8 0.050753657 
818 283 10 12 0.050585367 
423 59 6 6 0.05030778 
652 239 10 8 0.049469933 
659 179 9 8 0.049064714 
670 206 9 9 0.048705395 
660 332 9 11 0.0483901 
921 275 6 8 0.04781616 
359 40 7 6 0.0477545 
579 158 10 10 0.047678735 
331 86 6 5 0.047240485 
938 51 8 8 0.046759848 
733 199 8 9 0.046279714 
414 96 8 10 0.046210345 
747 232 6 9 0.046145663 
648 124 7 6 0.0461157 
446 39 9 9 0.046111852 
774 227 6 7 0.046105552 
430 97 6 7 0.046005882 
88 366 11 10 0.045857646 
990 177 12 12 0.045770485 
480 40 7 6 0.04575845 
473 52 9 7 0.04537298 
1014 76 10 10 0.045244996 
408 111 8 8 0.045030456 
649 249 10 10 0.044983625 
643 302 10 11 0.04497951 
365 48 6 5 0.04473463 
423 55 6 5 0.044690475 
491 232 9 7 0.04447737 
-22 -168 179 163 0.044374358 
716 243 8 9 0.044325348 
435 102 8 8 0.044149525 
334 98 6 6 0.043895062 
897 26 6 6 0.04388611 
713 298 11 14 0.043706432 
497 229 11 8 0.04361291 
391 53 6 5 0.04275979 
421 87 5 6 0.04274065 
421 34 9 6 0.042718023 
643 164 11 9 0.042667765 
878 252 5 6 0.04228719 
484 233 9 7 0.042226788 
445 244 9 10 0.042064972 
906 257 8 11 0.041975524 
465 51 9 7 0.041929506 
727 215 7 8 0.04184716 
384 238 8 8 0.04181125 
786 229 7 9 0.041690215 
469 259 6 6 0.041625272 
880 257 8 8 0.04133596 
622 124 7 6 0.041274667 
820 264 5 7 0.04098587 
728 224 16 23 0.04085551 
486 228 7 4 0.040831503 
440 104 6 7 0.040709335 
468 92 6 6 0.04067719 
552 150 6 6 0.040287673 
564 147 8 8 0.040240303 
578 125 6 6 0.040188324 
326 91 7 6 0.040155247 
494 29 6 7 0.040142402 
865 258 6 7 0.04010812 
410 102 8 9 0.04004668 
564 142 9 9 0.03995187 
451 39 9 8 0.0397894 
508 193 13 14 0.039764725 
169 361 8 9 0.039679926 
530 130 8 6 0.039587088 
448 86 6 5 0.039584674 
856 264 10 11 0.03956785 
551 144 7 6 0.039547563 
754 326 13 14 0.039491393 
483 123 10 9 0.039426334 
927 39 7 8 0.03939628 
621 263 8 9 0.03933789 
521 163 5 5 0.03928336 
669 211 9 10 0.03903134 
446 173 11 8 0.039000154 
818 47 10 8 0.03899985 
664 211 9 11 0.03899101 
371 55 7 5 0.0389462 
447 91 7 6 0.03880837 
966 53 7 7 0.038793746 
845 265 7 7 0.03879172 
397 48 5 5 0.038724132 
581 124 7 7 0.03865583 
979 115 9 9 0.038594626 
857 280 9 10 0.038567573 
453 22 8 6 0.038468152 
1015 1 8 8 0.038273163 
443 86 5 5 0.038243067 
650 244 11 10 0.03811814 
660 169 7 6 0.038114548 
966 63 8 10 0.03810758 
497 28 7 7 0.037769638 
659 174 8 7 0.03765274 
570 131 6 6 0.037641767 
374 104 9 7 0.03762191 
601 128 8 7 0.037537795 
391 60 6 6 0.037361655 
405 98 5 6 0.037352894 
371 48 6 5 0.037223045 
575 99 5 6 0.037207305 
427 54 6 6 0.036983263 
524 131 8 7 0.036911104 
947 66 6 7 0.036905132 
444 92 6 6 0.036874328 
507 165 4 3 0.036780737 
869 258 6 7 0.03677171 
819 207 7 7 0.036749814 
658 156 8 7 0.03665988 
471 48 9 6 0.03661375 
976 34 9 10 0.03659795 
680 309 5 7 0.036583103 
819 199 8 8 0.036562387 
650 143 7 6 0.036522403 
472 120 9 9 0.036461588 
935 259 5 6 0.036412366 
836 277 8 10 0.036377486 
910 28 6 7 0.0363569 
398 98 5 6 0.036303956 
665 168 6 6 0.03619048 
523 174 7 6 0.036179814 
485 40 7 6 0.036150556 
474 73 9 10 0.0359841 
770 231 5 8 0.035983935 
652 118 7 6 0.035768252 
838 269 8 9 0.035762627 
895 255 7 8 0.035723466 
497 57 8 10 0.035624377 
466 42 7 6 0.03562275 
448 53 6 7 0.03559518 
544 157 6 5 0.035581227 
454 47 7 6 0.03556329 
644 201 7 9 0.035527125 
294 98 5 7 0.03548703 
496 238 8 7 0.035466213 
473 41 6 6 0.035383295 
767 246 6 7 0.035382647 
685 180 7 8 0.035378315 
830 63 10 10 0.03537154 
819 306 14 14 0.035345484 
372 67 6 6 0.03532693 
663 240 11 12 0.035192158 
551 97 6 6 0.035100926 
1001 2 10 8 0.035064604 
698 246 6 6 0.03505799 
499 182 6 6 0.035035975 
744 220 5 8 0.03493656 
350 265 9 9 0.034518942 
919 251 8 9 0.03438699 
443 109 6 7 0.034378037 
427 59 6 6 0.034363877 
854 267 16 19 0.034303 
481 238 7 6 0.03425463 
359 47 5 5 0.03422561 
86 350 29 25 0.03417535 
821 253 4 4 0.034072243 
651 136 8 8 0.03403476 
940 79 7 8 0.03400633 
504 34 7 7 0.03384239 
938 153 9 11 0.033829648 
446 35 9 7 0.033795748 
460 41 8 7 0.033770815 
947 61 6 6 0.033768576 
572 100 4 4 0.03372914 
649 284 7 6 0.033667155 
871 252 6 7 0.033598993 
327 85 7 6 0.033530843 
827 252 4 5 0.033463072 
651 180 8 7 0.033434074 
308 103 5 7 0.033393264 
377 54 6 5 0.03338197 
461 72 6 8 0.033366013 
453 35 8 7 0.033350796 
383 54 6 5 0.03330005 
352 42 6 5 0.03325958 
518 130 6 6 0.033195283 
850 252 6 7 0.03308345 
877 264 7 7 0.03299548 
523 212 8 8 0.03297038 
608 174 9 7 0.032957837 
449 81 6 5 0.032949075 
446 240 8 8 0.032928195 
472 105 7 6 0.03292618 
742 231 8 10 0.032922897 
575 103 6 6 0.032907844 
624 187 12 8 0.032878216 
881 251 7 8 0.032859746 
551 156 6 6 0.03285401 
435 85 5 6 0.032849893 
1007 177 12 12 0.032828946 
515 151 4 6 0.032820515 
384 244 10 9 0.03278311 
238 398 6 8 0.032732397 
517 210 8 9 0.03266389 
636 186 11 9 0.03265683 
624 211 12 12 0.032656174 
513 129 7 7 0.032535583 
547 174 8 10 0.032476164 
493 227 9 6 0.032312572 
707 82 12 11 0.032218568 
387 240 9 8 0.032213736 
877 247 5 6 0.032201488 
447 46 7 7 0.032179557 
459 21 8 6 0.0320078 
524 124 6 6 0.03200098 
498 38 8 8 0.031988196 
498 140 10 8 0.031985383 
910 243 6 8 0.03198003 
503 89 8 8 0.03197707 
817 214 8 8 0.031961735 
345 100 8 9 0.03191709 
594 129 7 7 0.031864222 
825 264 6 7 0.031855457 
831 205 7 7 0.031849813 
330 123 9 9 0.031838667 
846 259 6 5 0.03183562 
850 259 7 7 0.031829096 
1005 39 10 9 0.031791806 
417 60 5 5 0.031763848 
473 59 8 7 0.03175409 
594 124 7 7 0.03164563 
521 248 14 10 0.031636335 
622 198 12 10 0.031596437 
497 345 20 25 0.031580154 
606 117 8 7 0.031561155 
480 353 22 25 0.031540684 
519 111 6 6 0.03148529 
498 75 10 10 0.031481758 
507 29 6 6 0.031464323 
454 27 7 6 0.031460736 
435 155 7 7 0.031447105 
885 246 6 6 0.03144269 
646 192 8 7 0.031391297 
545 151 6 5 0.031381022 
338 98 6 6 0.031361092 
436 59 7 7 0.031352587 
289 67 5 6 0.031338662 
901 22 6 6 0.03132666 
901 58 6 8 0.031276256 
647 138 7 6 0.03127227 
483 116 8 7 0.031232027 
466 272 7 8 0.031225733 
942 40 6 6 0.031093173 
89 360 9 8 0.030991983 
265 375 11 11 0.030972654 
662 327 9 11 0.03094044 
448 21 7 6 0.030869052 
181 364 9 12 0.030784896 
511 118 8 7 0.030753482 
657 193 8 9 0.030717127 
421 73 7 7 0.030689975 
367 54 6 5 0.03059064 
984 20 9 9 0.030577568 
537 116 8 7 0.030553026 
433 108 8 9 0.030521952 
658 256 8 9 0.03052058 
503 39 8 8 0.03050556 
485 97 11 10 0.030498862 
459 53 8 8 0.030457582 
421 66 7 6 0.030457528 
440 54 6 7 0.03044618 
871 283 7 8 0.030415347 
570 125 5 6 0.030408535 
466 124 7 8 0.03038281 
516 124 7 6 0.03028768 
391 49 6 5 0.03027862 
736 170 6 6 0.030271884 
769 238 5 7 0.030242518 
421 47 7 6 0.030219108 
486 34 6 6 0.03017306 
343 249 9 9 0.030149098 
377 99 7 6 0.03004071 
689 308 10 11 0.030010978 
177 378 11 12 0.029995328 
469 34 6 6 0.029976707 
416 55 5 5 0.029957287 
658 326 16 21 0.029938981 
850 264 7 8 0.02993046 
479 34 6 6 0.029894896 
427 108 7 9 0.029844847 
703 212 7 8 0.029836597 
590 130 6 6 0.029773824 
833 245 5 6 0.02976991 
404 49 6 4 0.029731045 
685 239 5 7 0.029728677 
775 239 6 7 0.029707052 
358 111 8 8 0.029702405 
498 22 7 6 0.029692482 
436 54 7 6 0.029691117 
666 78 7 6 0.029684301 
622 130 6 6 0.02962631 
412 230 10 10 0.029622382 
621 118 6 5 0.02957641 
709 40 7 7 0.029551897 
644 188 8 7 0.029515143 
784 332 14 15 0.029511737 
441 40 8 8 0.029498084 
384 100 5 5 0.029494444 
599 197 9 9 0.029491523 
696 187 6 6 0.02945643 
724 213 6 7 0.029445205 
5 252 29 32 0.029439993 
464 135 9 9 0.029390672 
595 118 6 6 0.029279565 
473 34 6 7 0.029272899 
740 223 7 10 0.029223725 
264 49 5 5 0.029208018 
494 177 5 5 0.029200364 
543 137 6 5 0.029184386 
461 213 9 7 0.029127816 
532 117 7 6 0.029079137 
436 80 5 5 0.029064722 
740 185 10 9 0.029018534 
555 164 11 11 0.029015 
825 220 6 6 0.028939888 
717 181 6 7 0.028934626 
449 58 7 8 0.02892174 
696 38 9 7 0.028911436 
876 270 7 7 0.028884774 
678 326 7 9 0.0288689 
600 84 9 7 0.028864572 
512 122 8 7 0.028846692 
648 118 6 5 0.028845891 
481 21 6 6 0.02882984 
518 42 7 6 0.028828423 
504 58 8 9 0.028806597 
480 221 5 5 0.02879026 
644 155 11 9 0.028789973 
472 22 7 6 0.028780427 
922 45 8 8 0.028756993 
537 111 8 7 0.028751196 
954 270 7 7 0.028729398 
468 263 6 6 0.0287249 
480 227 7 5 0.028705856 
366 67 6 5 0.02870245 
660 303 6 7 0.028684644 
518 231 8 8 0.028668765 
544 131 6 6 0.028601304 
613 277 8 9 0.028593753 
536 162 9 8 0.028573256 
639 102 9 9 0.02855198 
565 99 5 5 0.02853515 
940 71 7 7 0.02852582 
929 237 5 7 0.028500563 
845 251 7 7 0.028419346 
357 101 8 9 0.028362788 
538 99 8 6 0.028330013 
627 130 8 6 0.028302414 
866 253 5 5 0.028284268 
601 99 7 6 0.028221456 
889 28 6 7 0.028190155 
462 86 5 5 0.02818589 
866 237 7 8 0.028180448 
169 239 9 9 0.02810389 
385 48 6 5 0.028098242 
382 233 7 7 0.02808883 
480 27 6 7 0.028032364 
487 221 6 5 0.028022746 
477 66 9 9 0.02801753 
601 118 7 6 0.02801716 
884 240 5 6 0.027985137 
659 161 7 7 0.027966205 
820 260 4 5 0.027950201 
350 140 10 10 0.027948517 
82 362 28 23 0.027946202 
447 27 7 6 0.027934242 
577 118 5 6 0.027916966 
869 237 8 8 0.027899362 
321 112 5 5 0.027888542 
651 128 9 8 0.027886895 
456 111 6 6 0.027830167 
940 47 7 7 0.02780096 
1017 128 8 11 0.027780306 
565 105 5 5 0.027774079 
344 41 7 6 0.027772296 
889 266 7 8 0.027764676 
322 92 5 5 0.02772186 
660 321 6 8 0.027719555 
322 87 5 4 0.02768855 
467 87 6 5 0.027681382 
571 103 5 6 0.027679477 
966 161 8 8 0.027666664 
492 22 7 6 0.02764279 
781 232 6 7 0.027641695 
338 102 7 8 0.027618231 
604 372 10 10 0.027618095 
466 115 10 9 0.027617559 
538 104 8 6 0.027573071 
332 117 7 8 0.02755633 
370 58 7 7 0.027516015 
618 211 11 12 0.027479889 
236 354 7 6 0.027473813 
1013 33 10 10 0.027472777 
532 125 6 5 0.027470622 
461 66 7 7 0.027466513 
921 262 7 8 0.027453678 
696 225 9 9 0.027424866 
371 317 29 21 0.02741048 
520 169 6 5 0.027406925 
451 243 9 9 0.027384931 
924 59 8 8 0.02737969 
495 116 6 7 0.027348854 
520 135 7 8 0.027323328 
858 252 5 6 0.027301216 
594 136 7 7 0.027241 
466 59 7 7 0.027239824 
353 113 5 6 0.027232207 
310 67 4 5 0.02722826 
813 206 6 7 0.027222779 
517 118 6 5 0.027213316 
484 21 7 7 0.027148997 
431 86 4 6 0.027145397 
869 275 8 10 0.027144792 
193 361 6 8 0.027138082 
670 201 7 7 0.027133796 
517 151 6 6 0.027123589 
333 104 6 6 0.027086241 
742 20 10 8 0.02707402 
909 32 6 8 0.027035782 
824 213 7 8 0.02699752 
632 128 10 7 0.026997408 
819 247 4 5 0.026970731 
658 308 6 8 0.026936803 
704 208 6 6 0.0269248 
632 125 8 6 0.02692365 
417 79 5 6 0.026899919 
305 252 9 9 0.026857827 
511 176 6 5 0.02685195 
871 245 6 7 0.0268491 
422 78 6 6 0.026844187 
519 105 6 6 0.026840022 
243 354 7 6 0.026830139 
314 237 7 7 0.02682772 
826 227 6 7 0.02682401 
333 221 6 6 0.026805382 
340 112 6 8 0.02679048 
555 98 6 5 0.026760606 
473 231 9 7 0.026757844 
834 233 6 7 0.026730018 
591 91 10 8 0.026728 
223 340 8 7 0.026688458 
925 53 8 7 0.026679704 
440 33 8 7 0.026628312 
923 40 7 8 0.026626587 
511 72 9 9 0.026612014 
447 117 7 7 0.026600799 
903 257 7 9 0.026520059 
428 47 7 6 0.026503393 
549 130 7 6 0.026500823 
474 241 5 5 0.02650045 
502 72 10 10 0.026499754 
639 72 9 7 0.026493995 
421 109 10 10 0.026460148 
544 123 7 7 0.026446356 
917 257 7 8 0.026424514 
606 263 6 7 0.026415968 
832 270 7 8 0.026392225 
953 86 6 8 0.026365764 
479 104 7 7 0.026365248 
583 118 6 6 0.026323708 
210 357 11 12 0.026308652 
550 161 7 8 0.026304474 
506 251 15 12 0.02628754 
353 47 5 5 0.026280938 
499 86 9 8 0.02624104 
774 219 7 7 0.026235549 
844 246 6 5 0.02622948 
890 251 6 7 0.026217792 
550 137 6 5 0.026217284 
832 280 8 11 0.026200898 
321 399 6 6 0.026192226 
391 74 6 6 0.026191937 
550 123 6 7 0.02616996 
495 182 5 5 0.026168793 
763 227 5 8 0.026168521 
958 76 7 9 0.026167408 
842 276 11 14 0.026140006 
602 103 8 8 0.02612077 
1005 324 22 24 0.026100328 
396 53 6 6 0.026086647 
446 105 7 7 0.026067292 
327 105 6 6 0.026029665 
660 119 4 5 0.026014637 
868 271 8 8 0.02601063 
514 163 4 4 0.02600931 
263 52 6 6 0.026008952 
587 137 7 7 0.02600663 
599 135 7 7 0.02597086 
697 250 6 8 0.02592971 
756 232 5 8 0.025918072 
909 59 6 8 0.025884777 
410 220 6 6 0.025880352 
392 65 6 6 0.025848618 
479 245 7 6 0.02583042 
455 104 6 7 0.0258005 
511 42 7 6 0.02578817 
650 302 7 8 0.025777493 
666 131 5 6 0.025771422 
673 310 5 6 0.025753573 
653 286 8 9 0.025734799 
542 177 11 11 0.025721485 
582 104 7 6 0.02570414 
736 174 6 7 0.025687803 
510 111 7 6 0.025668733 
852 240 5 5 0.025663009 
671 216 8 9 0.02563836 
686 245 5 7 0.025635399 
889 257 7 7 0.025634637 
351 116 7 6 0.025631396 
719 26 9 9 0.025566757 
882 79 8 8 0.025559774 
898 244 5 7 0.025540644 
837 205 7 7 0.025526581 
775 253 6 6 0.025525237 
664 205 10 10 0.025500305 
653 343 7 7 0.02548143 
837 364 21 29 0.025472037 
826 259 5 6 0.025471399 
461 78 6 6 0.02547061 
550 104 6 6 0.025452312 
429 93 5 6 0.025441645 
236 360 8 7 0.02541527 
911 138 5 7 0.025407033 
606 109 8 8 0.025361272 
495 341 11 16 0.025359346 
876 239 6 7 0.02535002 
573 363 11 15 0.025341716 
343 116 8 6 0.02532958 
918 233 5 6 0.025287906 
486 28 6 6 0.025279762 
861 51 9 9 0.025242127 
492 141 10 8 0.025232086 
415 47 7 6 0.02519477 
410 47 7 5 0.025122162 
391 232 7 6 0.02510851 
468 27 7 7 0.02510726 
428 104 7 8 0.025090843 
896 240 5 6 0.025088841 
471 110 8 7 0.025087478 
402 112 8 8 0.025084691 
557 137 6 5 0.02507574 
945 40 7 7 0.02507051 
676 207 7 7 0.02506473 
607 83 10 9 0.025063733 
71 463 25 37 0.025056848 
761 232 6 7 0.025044167 
639 212 9 9 0.02501996 
237 393 6 7 0.024979005 
474 245 6 6 0.024972558 
621 135 8 7 0.024963219 
523 105 7 6 0.024907945 
812 199 7 8 0.024903418 
211 353 8 9 0.024859972 
353 227 6 6 0.024855828 
775 245 6 7 0.02483338 
505 110 8 6 0.024814783 
435 39 7 8 0.024799593 
635 236 11 11 0.024786668 
467 21 8 6 0.024767144 
941 143 8 9 0.02476409 
651 199 20 24 0.024755761 
689 76 9 9 0.024751417 
434 239 9 8 0.02472239 
508 176 5 5 0.02470789 
902 245 5 7 0.024707738 
708 233 8 7 0.024698783 
672 175 5 7 0.024695255 
625 136 8 7 0.024683107 
537 157 7 6 0.024682218 
539 150 5 6 0.02467461 
441 81 5 5 0.024662603 
815 246 5 6 0.024644313 
633 77 8 7 0.024629625 
928 277 6 8 0.024628388 
502 188 11 10 0.024599556 
409 85 6 6 0.024564557 
149 355 4 7 0.024545727 
485 245 8 7 0.024541652 
703 27 8 6 0.024532659 
920 169 7 8 0.024498623 
612 133 8 9 0.024495648 
917 272 6 7 0.024481824 
858 246 5 6 0.024460237 
945 71 6 7 0.024455613 
321 118 5 6 0.024453877 
639 125 7 5 0.02443799 
468 254 5 5 0.024430653 
690 246 6 7 0.024404455 
757 226 5 7 0.024386464 
932 40 6 6 0.024377912 
672 46 7 6 0.024367794 
619 172 10 8 0.02434611 
146 384 8 11 0.02434273 
660 136 7 7 0.02432646 
308 110 6 7 0.024317946 
327 81 5 5 0.024307925 
505 104 7 7 0.024295239 
465 66 7 8 0.024279747 
508 170 4 3 0.024250122 
178 360 9 10 0.024235504 
747 226 7 8 0.024224361 
709 71 8 8 0.024220781 
588 118 7 6 0.024189012 
441 28 7 6 0.02416238 
832 252 5 6 0.024161287 
307 99 5 6 0.024152823 
650 360 24 21 0.024150908 
659 316 7 8 0.024146972 
384 60 6 6 0.024144085 
484 237 9 7 0.024140278 
404 93 5 5 0.024120608 
659 216 9 11 0.024117362 
417 72 6 6 0.0241169 
722 208 6 7 0.024105664 
326 117 6 7 0.024102455 
857 259 7 8 0.024093496 
850 281 8 10 0.02409043 
813 234 5 5 0.024088416 
446 161 11 9 0.024085853 
505 118 8 7 0.024072848 
469 240 6 6 0.02406976 
615 150 5 7 0.024065413 
472 27 7 7 0.024055483 
466 247 6 5 0.024037665 
408 184 8 8 0.024028694 
827 239 7 7 0.024020871 
936 264 5 6 0.024020586 
815 253 4 5 0.024007333 
850 207 8 8 0.024001032 
531 111 6 6 0.023985092 
894 283 7 8 0.023980802 
357 53 6 5 0.023980191 
448 432 24 44 0.02396333 
664 136 6 7 0.023959905 
846 232 4 6 0.023938812 
779 239 6 7 0.023932386 
357 60 7 7 0.023932021 
840 221 5 5 0.023920624 
453 86 6 6 0.023914894 
630 213 10 10 0.023908896 
692 371 22 26 0.023908101 
846 207 7 6 0.023886612 
647 129 7 6 0.023879135 
459 28 7 6 0.023863891 
242 361 7 6 0.023862962 
302 256 9 8 0.023852587 
613 170 8 7 0.023842633 
436 66 6 6 0.023837494 
716 21 10 7 0.023831695 
883 102 7 7 0.023828361 
658 226 8 8 0.023809891 
666 143 7 8 0.02380649 
1001 114 12 14 0.023798238 
966 141 8 8 0.023784408 
663 360 11 9 0.023768185 
717 272 7 9 0.023754911 
92 361 44 49 0.023738213 
845 200 7 7 0.023732802 
505 123 8 6 0.023722295 
754 211 8 8 0.023718726 
414 219 8 7 0.023712216 
674 123 7 8 0.023708949 
705 168 7 8 0.023680938 
505 182 7 6 0.023657419 
938 60 7 6 0.023651069 
929 283 6 7 0.023643715 
177 368 11 12 0.023640526 
523 182 9 7 0.023640178 
377 155 9 9 0.023598174 
639 296 8 8 0.023587728 
494 111 7 8 0.023569295 
815 240 4 5 0.023562307 
490 90 8 8 0.02355813 
916 137 6 8 0.023542613 
462 116 7 7 0.023531076 
727 240 9 12 0.023528693 
322 81 5 4 0.023515247 
908 250 6 8 0.023498833 
550 111 6 6 0.02348865 
649 167 8 7 0.023471497 
884 160 7 8 0.023465605 
888 245 6 7 0.023460064 
959 65 7 8 0.02345032 
199 354 5 7 0.023448437 
637 282 9 8 0.023434432 
722 199 7 7 0.023421306 
499 177 6 4 0.023402466 
302 100 4 5 0.023394499 
571 93 4 5 0.023391875 
966 46 7 8 0.02335715 
750 266 4 5 0.023342643 
793 226 6 7 0.023333725 
632 230 10 11 0.023306672 
828 247 4 5 0.023306556 
453 79 6 6 0.023305349 
541 117 9 7 0.023285758 
455 118 6 7 0.023271466 
479 15 7 5 0.023246022 
577 94 5 4 0.023237342 
796 260 3 5 0.023188569 
665 302 6 8 0.02318804 
454 15 8 6 0.023152927 
746 16 8 6 0.023148835 
927 259 6 6 0.02314077 
834 239 6 7 0.023123765 
592 96 9 7 0.023118943 
491 53 7 7 0.02309494 
377 49 6 4 0.02308627 
346 47 5 5 0.023080215 
717 176 7 7 0.023039088 
523 157 7 7 0.023034586 
290 283 12 10 0.023034014 
664 162 7 8 0.023027217 
678 46 7 6 0.023013867 
702 40 8 7 0.023000356 
467 105 8 7 0.022993885 
851 224 8 9 0.022986686 
978 92 7 7 0.022983113 
550 117 7 7 0.022973096 
422 347 7 9 0.02296508 
664 200 7 8 0.022931928 
544 143 7 6 0.022921203 
636 277 10 8 0.022920793 
575 155 9 10 0.022909494 
460 111 7 6 0.02288806 
636 130 9 6 0.022861255 
701 231 9 9 0.02285382 
556 105 7 6 0.022848615 
648 112 6 6 0.022848012 
662 156 8 7 0.022845883 
799 84 7 8 0.022833832 
414 102 9 10 0.02277912 
608 72 8 6 0.022777563 
326 111 7 7 0.022763405 
216 339 10 8 0.022750897 
767 219 7 7 0.022747152 
471 271 6 8 0.022746244 
651 113 6 5 0.022734653 
458 35 8 6 0.022732908 
889 282 8 9 0.022716196 
499 221 8 5 0.022711853 
344 35 6 5 0.022711836 
589 301 10 11 0.022703862 
594 103 9 8 0.022694446 
676 212 7 7 0.022694219 
774 348 10 12 0.022685004 
734 252 6 9 0.022664651 
945 51 7 8 0.022653216 
299 116 6 8 0.02265241 
397 41 6 5 0.02263748 
1007 328 11 11 0.022624709 
507 157 4 4 0.02258774 
920 52 9 10 0.022562834 
913 90 8 9 0.02253455 
726 21 9 7 0.022523645 
799 4 7 5 0.022515073 
613 282 11 14 0.022511363 
819 277 7 9 0.022507628 
306 125 6 6 0.022497583 
735 188 8 7 0.02249638 
837 233 6 7 0.022494804 
416 66 6 6 0.02246921 
908 72 6 8 0.022468152 
782 226 6 7 0.022464335 
402 312 12 9 0.02246012 
865 247 5 6 0.022456814 
646 225 8 9 0.022448609 
497 129 9 7 0.022419248 
513 144 5 5 0.022415154 
415 108 9 9 0.022410847 
637 181 10 8 0.022402981 
308 117 5 6 0.02239619 
816 186 8 8 0.022381788 
780 220 6 7 0.022365522 
917 251 6 8 0.022345496 
754 238 6 7 0.022343848 
814 193 8 9 0.022336764 
518 62 9 10 0.022324879 
686 304 6 6 0.022322362 
528 193 10 9 0.022270767 
366 128 8 8 0.022269104 
538 142 6 6 0.022258004 
489 126 11 11 0.022249715 
672 366 11 8 0.022246392 
920 78 8 9 0.022240922 
1001 31 21 18 0.022226019 
921 233 6 7 0.022203973 
910 22 5 5 0.022202639 
542 99 7 5 0.02219296 
491 97 9 8 0.022169854 
710 66 7 7 0.022165004 
680 304 5 6 0.022162063 
634 73 8 5 0.02216124 
296 149 7 7 0.02213601 
385 41 7 5 0.02213276 
569 111 6 6 0.022127008 
864 14 8 7 0.022119125 
578 391 10 9 0.022113286 
764 246 6 7 0.02210863 
513 98 6 6 0.022106973 
587 104 8 7 0.022092853 
371 41 7 6 0.022090616 
495 206 8 8 0.022077382 
399 94 4 4 0.02205811 
140 366 20 24 0.022057235 
795 217 6 9 0.022055332 
281 61 7 7 0.022053583 
859 240 5 5 0.022052318 
145 375 11 12 0.02205147 
717 233 6 7 0.022049274 
314 112 5 5 0.022039764 
321 99 4 6 0.022032958 
698 239 7 7 0.022031946 
548 166 8 8 0.022023335 
1009 200 11 10 0.022010997 
656 388 25 27 0.021995183 
773 204 8 10 0.021983156 
647 279 7 5 0.021979522 
463 275 6 7 0.021979375 
691 303 8 8 0.021959707 
419 27 11 8 0.02195758 
376 359 8 8 0.021953255 
915 239 5 7 0.021939404 
884 18 7 9 0.02193936 
658 130 6 7 0.021937244 
367 61 7 6 0.021937024 
435 73 5 6 0.0219346 
709 27 7 6 0.02193 
382 225 7 7 0.02190157 
855 192 8 7 0.02190152 
315 117 6 6 0.021899134 
663 322 7 8 0.021897553 
195 226 11 10 0.02187712 
895 265 6 7 0.021872725 
966 136 7 8 0.02186947 
468 98 6 6 0.02186933 
935 48 6 7 0.021863475 
732 258 5 7 0.021851068 
482 128 8 7 0.02184629 
578 86 5 5 0.021840977 
389 156 8 8 0.021804806 
816 260 4 5 0.021789651 
524 111 6 6 0.021785308 
396 60 6 6 0.02176612 
638 251 12 10 0.021751404 
965 256 9 10 0.021750866 
576 135 7 7 0.021749638 
303 104 4 6 0.021748137 
396 80 6 6 0.021732097 
588 124 7 7 0.021728177 
759 212 7 7 0.021713853 
741 25 13 10 0.021710386 
459 15 9 6 0.021708991 
856 206 8 9 0.021696635 
738 266 4 5 0.021677686 
914 28 6 6 0.021651808 
650 149 7 6 0.021649979 
383 104 6 6 0.021644516 
589 161 8 9 0.021634148 
497 124 7 7 0.021619016 
994 348 12 11 0.021603236 
780 246 6 6 0.021599516 
902 54 5 7 0.02159298 
718 199 6 7 0.02156729 
730 204 8 9 0.021565925 
637 362 21 26 0.02156307 
294 69 4 4 0.021558661 
612 125 7 6 0.021552386 
830 226 6 6 0.021550508 
672 303 5 6 0.021549601 
340 241 6 6 0.021519555 
746 219 7 8 0.021519084 
613 116 7 8 0.021513496 
483 47 9 8 0.021490833 
787 221 6 7 0.02148962 
283 124 5 6 0.021481853 
755 218 7 8 0.021462107 
652 218 6 8 0.021458117 
973 181 20 20 0.02145293 
411 243 13 13 0.0214526 
454 241 6 6 0.021452196 
678 148 6 7 0.021447752 
408 149 8 8 0.021426167 
584 93 6 6 0.021409731 
864 10 7 6 0.021408577 
430 245 9 9 0.021403505 
339 93 5 6 0.021392677 
707 255 9 10 0.02137788 
569 154 7 8 0.02136616 
477 58 10 8 0.021361312 
509 231 9 8 0.021354802 
652 367 35 38 0.021353567 
396 66 6 7 0.021350408 
301 124 5 6 0.021348504 
735 20 12 8 0.021338874 
494 170 5 5 0.021337647 
692 225 8 8 0.021332476 
228 359 10 11 0.021321954 
410 213 8 7 0.021305177 
340 245 7 8 0.021303473 
935 270 6 8 0.021298075 
404 86 5 6 0.021290863 
729 189 7 6 0.021280685 
578 141 7 8 0.021272758 
652 278 7 7 0.021267377 
668 112 5 6 0.021267343 
837 194 6 6 0.02125474 
883 270 8 8 0.021249544 
165 256 7 9 0.02124175 
640 78 8 7 0.02123551 
82 365 10 9 0.02122954 
421 95 7 8 0.021225616 
583 98 6 6 0.021218667 
852 219 7 8 0.021218311 
371 74 6 6 0.0212116 
369 123 11 11 0.021209272 
411 54 6 5 0.021201992 
386 94 5 5 0.02119605 
312 104 6 7 0.021190798 
197 335 6 7 0.021187063 
613 71 8 7 0.021186136 
491 47 7 7 0.021183422 
690 239 6 6 0.021172708 
891 239 5 7 0.021143684 
795 265 4 6 0.021135904 
447 347 16 17 0.021134563 
327 47 7 6 0.021128194 
242 399 6 7 0.021124346 
268 54 6 6 0.021114526 
897 53 6 8 0.021108532 
664 257 7 8 0.021095889 
720 31 9 10 0.021094657 
820 241 4 5 0.021083409 
509 46 8 7 0.02108079 
941 35 6 6 0.02107607 
883 233 6 7 0.021070115 
715 257 8 9 0.02106796 
916 33 5 7 0.021064159 
95 361 8 7 0.021058515 
588 329 9 9 0.021057729 
428 73 6 7 0.021049147 
796 240 4 6 0.021040812 
161 378 23 22 0.021036102 
506 22 6 5 0.021030746 
480 88 9 9 0.021029377 
678 245 6 7 0.02102632 
781 252 6 6 0.021008134 
320 122 6 7 0.021003185 
425 28 9 6 0.020999802 
852 246 5 5 0.020999406 
621 272 10 13 0.020997144 
707 293 14 15 0.020996721 
421 40 8 6 0.020987855 
313 147 9 8 0.020984113 
371 240 7 5 0.02097378 
701 46 9 8 0.020973483 
909 105 6 7 0.020970818 
615 262 7 8 0.020952182 
680 232 6 8 0.020935467 
734 28 27 19 0.020932792 
434 47 6 6 0.020919655 
319 257 7 7 0.0209192 
671 21 9 7 0.020918742 
485 206 9 7 0.020918613 
454 99 7 6 0.0209158 
124 277 6 9 0.02091568 
474 227 7 6 0.020914758 
583 86 6 5 0.020910015 
236 403 8 10 0.020909118 
679 225 6 7 0.020907689 
895 295 7 8 0.020907609 
448 233 6 6 0.02090605 
629 148 15 11 0.020902175 
816 265 4 5 0.020894522 
514 170 4 4 0.02089214 
485 58 9 9 0.020846851 
692 200 6 6 0.02083531 
505 219 9 7 0.020835286 
403 54 5 5 0.020831117 
948 89 6 8 0.020827526 
500 171 4 4 0.020802984 
451 91 7 6 0.020794598 
768 227 6 7 0.020790944 
73 258 5 5 0.020788861 
755 8 9 7 0.020781958 
643 368 4 5 0.020766946 
429 79 6 6 0.020744499 
499 15 7 6 0.02073969 
423 226 8 8 0.020728957 
858 252 18 21 0.020724041 
260 361 9 6 0.020718297 
439 21 7 7 0.020713799 
229 353 9 7 0.020706633 
439 98 7 7 0.020704638 
197 360 6 8 0.020697305 
898 15 5 5 0.020693434 
499 150 8 6 0.020691697 
701 35 8 6 0.020675605 
598 277 9 9 0.020675475 
319 251 7 8 0.020672703 
391 99 5 5 0.020670498 
599 187 8 7 0.020638846 
923 103 8 8 0.020631999 
672 129 7 8 0.020626793 
927 264 5 6 0.020613864 
555 156 6 7 0.020605827 
535 232 10 8 0.020599298 
293 270 9 8 0.020591903 
398 86 5 5 0.020587908 
312 252 7 6 0.02057446 
402 105 7 7 0.020565644 
565 111 5 6 0.020563604 
672 136 6 7 0.020552523 
870 263 6 7 0.02055061 
736 258 4 6 0.020549532 
736 8 8 6 0.020548973 
884 276 7 8 0.020546248 
499 187 8 7 0.02053734 
301 79 4 5 0.020528298 
657 232 9 8 0.020523934 
935 249 7 8 0.02051995 
729 14 8 7 0.020515783 
179 355 6 6 0.020513332 
296 144 6 6 0.020498792 
414 143 8 7 0.020492008 
689 352 8 8 0.020480132 
914 84 7 9 0.020446854 
825 172 7 9 0.02043405 
870 225 8 7 0.02042566 
300 143 7 7 0.020420281 
448 122 7 9 0.020417796 
532 156 7 6 0.020410663 
677 219 7 7 0.020396974 
901 64 7 8 0.020386964 
679 251 6 7 0.02036181 
705 251 8 9 0.020340743 
90 320 60 69 0.020334186 
659 143 6 7 0.02033387 
938 245 9 9 0.020323703 
510 33 7 7 0.020308122 
262 393 8 7 0.020305255 
626 243 10 10 0.020292712 
397 116 7 7 0.020278748 
831 265 7 8 0.020277524 
774 212 8 9 0.020273084 
455 233 6 6 0.020255165 
763 238 5 7 0.020240748 
91 356 6 6 0.020235572 
875 291 8 6 0.020217853 
662 192 9 8 0.020216022 
272 375 10 11 0.02019344 
653 308 7 7 0.020190887 
121 323 5 7 0.020190474 
520 34 6 6 0.020163573 
587 156 7 8 0.020162046 
831 221 6 6 0.020158956 
499 163 5 5 0.020156339 
682 46 8 6 0.020140627 
505 130 6 6 0.020115523 
821 231 6 7 0.020103011 
805 192 8 10 0.020095529 
126 265 6 7 0.020082446 
467 165 10 9 0.020081468 
837 202 7 6 0.02007958 
356 96 9 9 0.020078054 
209 363 11 12 0.02006108 
768 250 6 8 0.020058747 
629 369 4 5 0.020055972 
511 29 6 6 0.02004658 
375 109 9 7 0.020043718 
460 217 10 8 0.020037364 
813 175 6 7 0.020022202 
847 228 5 5 0.020021696 
729 53 8 7 0.02000656 
338 161 7 8 0.020005796 
184 354 7 7 0.02000128 
832 257 6 7 0.02000034 
