0_Parade_marchingband_1_759
27
368 20 50 63 0.99985015 
340 125 45 56 0.9997085 
498 136 44 67 0.999658 
172 2 47 63 0.9996062 
140 146 49 63 0.99959606 
136 46 45 60 0.99952126 
305 19 45 61 0.9994511 
87 16 36 52 0.9990742 
570 138 58 64 0.9990662 
8 35 36 44 0.99899465 
630 115 57 80 0.9969105 
54 42 34 44 0.9927447 
408 127 45 64 0.96005464 
223 12 34 54 0.95584494 
42 72 21 34 0.0774607 
0 24 18 32 0.055150487 
605 698 48 42 0.05094923 
28 16 27 31 0.050762203 
658 584 40 45 0.049811002 
465 118 38 56 0.039747965 
210 556 8 10 0.03934101 
211 93 24 24 0.034803245 
109 4 26 24 0.029008528 
837 453 10 13 0.028525678 
30 8 14 16 0.027139602 
240 219 55 63 0.021293795 
528 378 29 31 0.02065019 
