0_Parade_Parade_0_917
3875
150 237 9 9 0.82431924 
680 267 90 85 0.7781028 
130 541 109 79 0.7180172 
81 289 9 12 0.6028362 
135 254 16 16 0.5941272 
633 134 15 12 0.43889582 
653 134 24 24 0.38194317 
0 314 8 14 0.3406657 
60 404 26 29 0.23855755 
768 317 24 21 0.22392765 
937 326 48 43 0.19938877 
472 253 10 8 0.18127452 
835 509 15 15 0.16321203 
715 442 53 46 0.16044232 
158 256 9 11 0.14019147 
90 290 7 10 0.13721201 
365 308 6 8 0.13467252 
325 431 8 10 0.1262524 
540 295 10 10 0.12031739 
547 321 10 13 0.11848417 
988 352 24 28 0.11296385 
284 257 8 9 0.11023272 
24 329 8 8 0.107639365 
35 401 4 4 0.10623307 
609 511 19 22 0.10081662 
15 402 4 4 0.10053759 
8 400 4 5 0.099757805 
136 262 13 16 0.09923967 
561 427 8 13 0.09899889 
856 112 6 5 0.09796117 
482 406 83 90 0.09704087 
489 277 10 8 0.096273735 
636 329 27 26 0.09454531 
190 243 12 14 0.08905291 
0 400 5 7 0.08902951 
689 384 12 13 0.08854871 
138 218 7 9 0.08714499 
0 252 5 9 0.085612625 
171 562 34 33 0.080127835 
398 109 46 59 0.07807408 
411 350 5 4 0.077871814 
594 251 5 6 0.07773357 
531 300 15 15 0.07721649 
578 489 23 22 0.0766131 
781 307 14 12 0.07521724 
12 339 10 13 0.07506723 
7 413 6 6 0.07460762 
622 254 4 5 0.07444066 
122 295 7 11 0.07408063 
813 267 5 5 0.07402019 
50 284 5 8 0.07384838 
408 304 6 8 0.0735414 
115 246 9 10 0.0715372 
532 285 7 9 0.0713092 
873 462 13 15 0.0703223 
825 265 6 5 0.069578096 
20 402 4 4 0.069329344 
81 294 11 16 0.06925137 
543 288 9 10 0.06894032 
858 101 4 4 0.067962244 
1007 177 4 5 0.06672162 
815 317 11 9 0.06599151 
39 401 4 5 0.06579161 
28 402 4 3 0.06550591 
625 351 29 28 0.06472613 
567 404 8 9 0.06432543 
994 181 6 5 0.064269125 
807 39 7 9 0.0635209 
544 332 9 11 0.06301595 
497 127 2 3 0.06282946 
854 89 3 3 0.062149715 
842 89 3 3 0.061946888 
893 261 3 4 0.061601017 
91 246 5 5 0.06139084 
666 129 14 13 0.06123396 
589 306 14 12 0.0610931 
411 380 6 6 0.060583886 
38 372 7 7 0.060512524 
83 498 6 5 0.060297374 
816 359 26 22 0.060171053 
855 83 3 3 0.059390105 
540 315 12 13 0.057798874 
845 265 5 5 0.05773327 
998 178 5 5 0.05749191 
92 241 4 4 0.057191093 
746 276 7 8 0.056671087 
853 140 3 3 0.05631576 
26 326 6 6 0.056248423 
1018 123 6 9 0.056101073 
16 343 12 13 0.056057237 
250 284 8 8 0.05585562 
73 395 10 13 0.055818036 
674 127 11 10 0.05568877 
930 204 4 4 0.055250984 
84 272 7 7 0.055177968 
6 327 5 9 0.055090334 
996 102 4 4 0.055004943 
151 249 11 12 0.054944877 
854 95 4 4 0.054876618 
392 304 6 7 0.05487637 
871 304 6 7 0.054669578 
998 181 5 5 0.05459391 
825 261 5 5 0.054545697 
1003 123 6 6 0.054378767 
501 314 22 25 0.054349396 
867 82 4 4 0.05415504 
106 291 5 7 0.05389286 
737 86 6 6 0.053725556 
329 397 3 3 0.053706788 
924 210 4 4 0.05367929 
821 265 5 5 0.053638965 
196 166 8 10 0.05360811 
280 254 9 8 0.053589772 
821 242 5 4 0.053543385 
803 336 46 37 0.05348206 
475 258 10 7 0.053421944 
609 305 12 14 0.053404752 
206 226 6 9 0.05337699 
821 261 5 4 0.05329246 
864 145 6 5 0.05291481 
535 288 10 11 0.052890833 
890 273 5 5 0.052835982 
855 100 4 3 0.052764717 
929 209 5 4 0.05271346 
669 400 203 167 0.05262981 
547 296 6 9 0.052620206 
985 180 7 7 0.05258982 
898 120 3 3 0.05247158 
870 265 5 5 0.052314643 
418 368 6 5 0.052255973 
858 107 5 5 0.052187297 
878 151 5 5 0.052159544 
493 259 7 5 0.052130558 
893 113 4 4 0.052085336 
630 218 31 31 0.0515894 
14 336 7 8 0.05155654 
28 480 3 3 0.051430006 
1004 120 5 5 0.05134421 
462 355 5 5 0.051053356 
112 295 17 25 0.051031597 
967 216 4 5 0.050901704 
701 303 28 22 0.050816037 
560 416 17 23 0.050600916 
848 83 2 3 0.050504714 
591 253 5 6 0.050436307 
766 290 11 13 0.050356098 
178 546 28 31 0.05035117 
994 177 5 7 0.050284706 
44 401 5 6 0.050256718 
335 407 4 4 0.050224762 
6 335 22 25 0.050209932 
728 291 7 6 0.05019783 
577 202 33 39 0.05002389 
217 490 5 5 0.049898636 
470 363 14 15 0.04965104 
462 351 5 4 0.04953921 
897 302 5 7 0.0495339 
999 102 4 4 0.04940995 
84 276 7 7 0.04930339 
7 396 4 5 0.049276393 
810 266 4 6 0.04923457 
34 373 7 7 0.049052104 
766 114 3 4 0.049043387 
23 340 11 11 0.049025483 
924 97 3 3 0.048959676 
516 126 3 3 0.048943043 
854 227 4 5 0.048924454 
213 489 4 6 0.04883496 
852 303 7 6 0.04877904 
189 161 11 11 0.04870383 
6 407 5 6 0.048658933 
865 87 5 4 0.048548114 
594 249 5 5 0.048548013 
495 279 9 7 0.048437003 
987 191 5 4 0.048392907 
62 387 8 9 0.04831978 
617 360 26 29 0.048281744 
0 324 8 14 0.048245255 
840 139 4 3 0.048197277 
845 261 5 4 0.048178904 
569 490 6 9 0.04816081 
465 266 7 6 0.04815164 
233 485 4 4 0.048122715 
864 118 6 5 0.048000094 
918 233 9 7 0.04798768 
339 406 4 5 0.04798094 
13 328 7 8 0.047922034 
14 317 5 7 0.047917932 
828 272 5 5 0.0479116 
-23 -182 202 167 0.04789992 
557 485 9 15 0.04789305 
846 254 4 4 0.04772112 
873 299 5 5 0.04770011 
545 278 6 7 0.047656827 
14 323 5 6 0.047593106 
497 348 10 11 0.047547948 
967 120 4 4 0.0475067 
429 386 6 5 0.04749358 
425 505 427 526 0.047472253 
821 247 5 4 0.047461152 
875 303 6 6 0.047441106 
879 138 4 4 0.04736859 
782 4 5 4 0.04735471 
326 442 8 10 0.04728624 
852 272 5 5 0.04720131 
846 89 3 3 0.04713423 
847 139 4 3 0.047068268 
487 275 8 6 0.04699006 
528 396 440 298 0.046974126 
20 333 8 9 0.04689815 
411 356 4 4 0.04688144 
30 331 6 5 0.046847496 
954 195 7 6 0.04679334 
848 135 3 3 0.046768878 
14 406 4 5 0.046739466 
717 241 4 5 0.04663793 
53 472 4 4 0.046625786 
884 138 5 5 0.04662038 
747 285 7 7 0.04654756 
15 253 4 7 0.04650698 
447 265 9 7 0.046450447 
139 237 10 10 0.046379685 
860 95 4 4 0.04635946 
924 101 3 3 0.046357647 
469 255 8 6 0.046327222 
622 247 4 5 0.04630314 
623 115 10 14 0.04626566 
35 406 4 4 0.046117485 
311 130 28 28 0.046100814 
985 101 5 5 0.046060618 
539 306 13 12 0.04599472 
854 260 4 5 0.04594152 
650 319 27 24 0.04591327 
866 266 4 4 0.045868527 
823 287 9 10 0.04572812 
866 139 4 4 0.045706045 
27 483 5 5 0.045635223 
976 119 4 5 0.045605343 
113 293 11 14 0.04559704 
335 396 4 4 0.045578424 
333 401 4 4 0.045540385 
866 77 3 3 0.04550096 
816 328 24 21 0.045466203 
981 191 5 4 0.045415793 
981 128 5 5 0.04540458 
211 157 6 6 0.045218434 
872 95 4 3 0.045189075 
468 258 8 6 0.045127053 
793 39 7 8 0.04510074 
40 406 5 5 0.045073815 
21 325 5 5 0.04496191 
566 409 10 12 0.044897404 
1016 71 10 18 0.044860322 
594 516 29 23 0.044853505 
122 240 8 8 0.044819318 
803 299 5 6 0.04478444 
878 114 4 4 0.04477727 
834 261 4 4 0.044740018 
762 294 42 41 0.04467104 
225 490 5 5 0.04463962 
876 299 5 5 0.044598937 
949 135 3 3 0.044578362 
852 135 4 3 0.044525355 
843 83 3 3 0.044427063 
457 337 4 4 0.044416413 
210 163 5 7 0.04421186 
1000 95 4 4 0.044167556 
746 57 2 3 0.044082303 
60 388 24 23 0.04404634 
871 260 4 4 0.0440195 
462 360 6 7 0.04389214 
871 87 4 4 0.043849997 
849 316 7 8 0.04378707 
820 308 8 8 0.04373208 
115 265 9 9 0.043726906 
686 381 22 24 0.043709513 
519 503 6 6 0.04370198 
987 203 4 3 0.04364645 
582 400 7 8 0.04363086 
293 71 7 11 0.043619014 
340 389 4 4 0.043587577 
719 238 3 3 0.043585032 
859 274 4 4 0.04345313 
1008 113 4 5 0.043396175 
323 397 3 3 0.04334599 
865 95 4 4 0.043252535 
801 357 9 10 0.043233395 
757 146 4 4 0.043200728 
872 118 5 5 0.043116733 
196 223 10 13 0.042915724 
443 377 5 4 0.042898037 
92 119 4 5 0.042887345 
712 55 6 7 0.04286153 
64 382 6 5 0.042820945 
379 305 5 6 0.04280963 
197 488 10 8 0.04277721 
828 369 11 11 0.04277459 
820 253 6 5 0.042731587 
921 244 7 8 0.042719588 
332 435 6 8 0.042717453 
893 120 4 4 0.042709634 
641 111 44 48 0.042699944 
788 34 6 6 0.04266272 
833 267 5 4 0.042567234 
526 208 27 23 0.04252054 
835 120 3 4 0.042474363 
872 83 4 3 0.042440515 
2 394 4 6 0.042391673 
969 127 3 4 0.042355575 
214 486 4 3 0.042345054 
845 273 6 5 0.0423348 
584 254 5 6 0.042333607 
461 260 6 4 0.042320494 
316 260 5 5 0.042313613 
841 135 3 3 0.04219993 
984 176 8 7 0.042170897 
921 226 7 6 0.042134546 
609 547 24 21 0.042131156 
847 96 3 3 0.042130176 
842 128 3 3 0.042092744 
435 386 6 5 0.04207722 
23 480 3 3 0.042059027 
544 266 4 4 0.042025484 
847 249 4 4 0.041984815 
719 50 4 4 0.041978765 
825 284 7 8 0.041955452 
816 222 4 4 0.041954216 
398 427 5 5 0.04191996 
884 259 5 5 0.041912198 
436 376 5 4 0.041911487 
669 356 29 26 0.041899893 
924 204 4 3 0.041895624 
112 246 5 6 0.04187198 
414 379 8 7 0.041870575 
859 266 5 5 0.041859817 
29 419 8 8 0.041821577 
491 128 2 2 0.04181445 
949 241 4 4 0.041774556 
334 383 4 3 0.041764706 
848 241 5 4 0.041741766 
941 203 5 4 0.04173658 
92 113 4 6 0.041729923 
741 87 6 6 0.04170947 
396 380 8 6 0.04170331 
878 94 4 4 0.041613214 
502 496 9 8 0.04160055 
617 254 3 4 0.041591674 
1000 106 3 5 0.041587405 
737 126 5 5 0.04151183 
385 392 6 6 0.04146646 
91 293 9 12 0.041464794 
801 352 24 21 0.041425515 
469 355 6 6 0.04138877 
973 299 4 4 0.04129176 
346 271 10 9 0.041260157 
486 495 7 6 0.041230045 
836 497 23 23 0.04118578 
861 89 3 3 0.041152738 
756 151 5 4 0.041006338 
21 408 4 3 0.040999625 
996 106 3 4 0.04098065 
29 334 7 7 0.040963918 
876 25 31 28 0.040937707 
621 322 7 9 0.040928837 
452 361 6 6 0.0409252 
217 495 7 6 0.040925 
936 337 4 5 0.040913858 
1006 181 5 6 0.040800877 
208 162 5 7 0.040724263 
979 130 7 6 0.0407128 
826 240 5 5 0.040702503 
428 376 6 5 0.04067797 
405 357 4 3 0.040672082 
886 115 3 3 0.04066996 
946 350 29 27 0.04066681 
885 298 4 6 0.040654905 
22 414 4 4 0.040623225 
730 289 27 24 0.040621173 
871 100 5 4 0.04058883 
669 80 9 9 0.040572707 
441 344 6 5 0.04054154 
15 397 3 3 0.040499087 
39 396 4 4 0.040452104 
493 267 6 4 0.0404198 
859 140 4 3 0.040406387 
1011 114 5 5 0.040369242 
133 231 8 9 0.040350627 
854 108 4 4 0.04034051 
769 5 4 4 0.04033633 
991 190 5 4 0.040292244 
668 137 14 16 0.040278956 
286 262 9 10 0.040249415 
536 413 8 9 0.04024559 
97 118 4 5 0.040218223 
35 397 3 3 0.040217515 
591 248 5 5 0.04021307 
384 374 5 5 0.04010127 
34 484 4 4 0.040097225 
897 114 4 4 0.04009214 
847 113 4 4 0.04005871 
842 261 3 3 0.039966367 
910 286 4 4 0.039956313 
969 165 3 4 0.039950334 
107 289 8 11 0.03993527 
41 165 3 5 0.03992821 
852 311 5 5 0.039925065 
584 247 4 5 0.039901424 
529 438 8 9 0.039900765 
962 298 5 4 0.039893474 
455 261 6 4 0.039893147 
325 278 6 7 0.039879814 
942 298 6 6 0.0398336 
930 335 5 6 0.03981272 
781 34 6 6 0.03979848 
329 401 4 3 0.039774902 
835 115 4 3 0.039744146 
263 131 5 8 0.03973102 
228 203 3 4 0.039684337 
417 350 4 4 0.039646428 
521 125 3 4 0.039641146 
808 44 6 9 0.03962017 
805 302 6 7 0.039616443 
816 101 3 3 0.03960315 
832 271 5 5 0.039588198 
206 157 6 6 0.039583184 
436 384 5 4 0.039563872 
692 33 14 13 0.039553903 
27 508 12 9 0.039553635 
930 332 5 5 0.03954655 
524 409 23 30 0.039516088 
836 357 11 12 0.039511353 
68 392 10 11 0.039492123 
534 128 3 3 0.03942148 
840 249 4 4 0.03940054 
999 113 4 4 0.03938547 
827 279 5 6 0.03937759 
740 58 2 3 0.03936958 
397 431 6 6 0.039357826 
891 266 5 5 0.039327517 
967 222 4 4 0.03930795 
418 302 7 8 0.039241996 
410 434 6 5 0.039228804 
492 496 7 5 0.039221242 
1001 120 4 5 0.0392157 
968 298 5 4 0.03916913 
918 97 3 2 0.039147627 
935 332 5 4 0.039134555 
956 224 4 3 0.03912781 
923 345 3 4 0.03900881 
208 67 4 7 0.038934916 
630 322 12 12 0.03891174 
830 278 6 6 0.0389073 
488 344 6 5 0.038898915 
454 357 6 5 0.038897164 
734 300 11 9 0.038892392 
322 408 4 4 0.038861487 
568 291 7 9 0.038836252 
737 136 8 6 0.03878868 
872 151 5 4 0.038734064 
422 387 7 5 0.03872013 
731 463 29 26 0.038638625 
851 240 5 5 0.03863827 
362 372 10 7 0.03863655 
886 81 4 4 0.038611587 
955 200 6 6 0.038570948 
513 286 6 5 0.03849696 
962 210 5 5 0.03848316 
20 485 4 4 0.038474746 
905 141 4 3 0.038449265 
935 204 4 4 0.038427826 
341 403 4 3 0.03841942 
765 120 3 4 0.038391307 
885 221 5 5 0.038377367 
315 280 5 5 0.03837311 
520 122 3 3 0.038371827 
486 284 74 81 0.038335 
920 239 7 8 0.038332384 
223 285 8 7 0.038320865 
583 195 23 24 0.038297486 
450 338 4 3 0.03825678 
177 249 10 14 0.038250268 
626 321 9 10 0.038244292 
666 302 24 33 0.03822584 
491 273 8 6 0.03821759 
841 95 4 3 0.038131345 
58 257 7 8 0.038101986 
594 413 41 42 0.038088642 
21 490 5 6 0.03807692 
429 382 6 5 0.038056698 
563 449 21 24 0.038026154 
835 133 3 4 0.038020268 
565 322 6 9 0.03799596 
236 285 7 7 0.037988074 
821 229 4 4 0.037970565 
244 485 6 5 0.037914928 
1001 189 4 5 0.037904266 
146 242 11 11 0.037897512 
840 241 5 4 0.037889663 
5 333 8 11 0.037886813 
287 270 8 7 0.03785494 
373 395 5 4 0.037853282 
864 132 5 5 0.037814904 
984 105 6 6 0.037807528 
322 426 6 7 0.037793584 
711 49 5 4 0.037788156 
839 228 5 5 0.037786935 
579 373 9 11 0.037764844 
740 442 9 8 0.03776036 
57 383 7 6 0.0377421 
5 339 9 15 0.03770491 
592 401 13 14 0.037661966 
157 245 9 10 0.03764495 
39 420 7 8 0.03763429 
874 256 3 3 0.03759073 
163 257 9 10 0.03754379 
544 208 27 24 0.037532166 
898 132 4 5 0.037522968 
6 309 5 8 0.037518527 
852 268 4 4 0.03751538 
681 96 33 44 0.037502274 
310 260 5 5 0.037496734 
583 256 6 9 0.03748462 
301 314 7 10 0.037481457 
903 233 6 6 0.037468392 
891 144 4 5 0.037425075 
905 143 4 5 0.037388485 
412 346 4 3 0.03738299 
538 496 5 6 0.037380308 
492 254 8 7 0.037364017 
765 291 21 27 0.037336927 
860 82 3 2 0.0373349 
440 347 9 7 0.037334546 
115 241 6 7 0.037333954 
285 255 7 6 0.03732394 
865 113 6 5 0.03731152 
953 304 7 6 0.037289534 
581 511 11 12 0.037264466 
738 45 5 3 0.037256554 
967 209 4 5 0.037198782 
547 284 8 10 0.037195887 
496 122 3 3 0.037175726 
743 457 28 25 0.03715568 
858 118 7 5 0.037140757 
440 424 9 9 0.037133172 
603 246 4 5 0.03712277 
307 313 8 9 0.03710973 
133 227 6 7 0.03709705 
949 224 4 4 0.037074607 
989 211 3 3 0.03707302 
96 245 5 6 0.037070155 
430 357 5 5 0.037068665 
686 64 5 4 0.037058122 
42 374 8 8 0.03703687 
625 549 12 12 0.03701048 
457 397 14 13 0.03700949 
980 120 4 5 0.037002895 
553 267 4 4 0.036982123 
292 258 7 7 0.036969457 
28 408 4 4 0.0369473 
14 311 4 6 0.036930516 
530 411 8 10 0.03690573 
752 125 4 4 0.03690091 
603 254 4 6 0.036877975 
611 253 3 5 0.036871336 
294 392 7 6 0.036816973 
294 67 6 8 0.036785822 
514 274 4 4 0.036764003 
854 145 4 4 0.036703113 
825 248 4 4 0.03668541 
612 496 24 25 0.03667551 
328 408 4 4 0.03660577 
631 73 25 24 0.036583725 
748 92 5 6 0.03655022 
532 502 6 6 0.036540873 
1004 331 7 8 0.036505084 
986 197 5 4 0.03650463 
635 363 14 14 0.036488418 
884 125 5 5 0.036469128 
827 89 3 4 0.03645395 
890 126 4 4 0.03643732 
610 248 4 5 0.036421236 
524 290 41 40 0.036417965 
102 119 5 5 0.036413424 
27 415 5 4 0.036404524 
315 113 29 27 0.03638877 
331 433 5 7 0.03638476 
980 112 4 5 0.036350634 
717 55 5 5 0.03631809 
880 185 3 4 0.036317717 
871 112 6 5 0.036302157 
632 328 12 11 0.036282342 
937 344 5 4 0.036242835 
59 266 5 6 0.03624068 
623 519 9 10 0.036227215 
840 351 13 14 0.036210954 
897 299 4 6 0.036200855 
851 214 5 5 0.036197882 
679 56 6 5 0.03618853 
487 254 6 6 0.03618678 
83 481 6 7 0.03618273 
335 388 4 4 0.03618145 
870 308 7 7 0.036165513 
924 215 4 4 0.036134943 
512 502 7 7 0.036120795 
953 299 6 5 0.036092587 
741 137 7 6 0.036084075 
995 112 5 5 0.03607882 
97 125 5 6 0.036063414 
694 103 11 13 0.03604854 
215 499 10 11 0.036047935 
718 43 5 4 0.03604459 
680 291 6 6 0.036038324 
21 420 6 6 0.0360262 
851 292 7 6 0.036025587 
738 133 6 6 0.03601043 
518 456 239 160 0.036009796 
227 288 9 9 0.03597191 
834 249 4 4 0.035961 
443 338 5 4 0.03595227 
885 278 5 6 0.03594933 
195 121 11 15 0.03594786 
580 224 26 29 0.03591626 
35 479 3 3 0.03586421 
860 126 5 5 0.035859056 
929 198 4 3 0.03585558 
223 93 25 27 0.03583747 
879 101 4 3 0.03582249 
757 107 3 4 0.035822283 
815 261 4 4 0.035814058 
326 419 6 6 0.03580379 
7 305 4 5 0.035792008 
509 127 3 3 0.035778698 
531 497 6 6 0.035748333 
839 120 4 4 0.035742417 
904 133 4 4 0.035741594 
195 135 11 11 0.03572506 
935 235 5 5 0.035713222 
842 100 3 4 0.035678443 
80 497 5 6 0.035675805 
437 265 5 4 0.035675082 
324 401 3 4 0.035666116 
51 400 6 7 0.035655715 
862 313 23 22 0.035649903 
842 255 3 3 0.035622373 
980 182 6 6 0.035615314 
890 278 4 5 0.03560388 
624 227 4 6 0.035593577 
764 57 3 4 0.035590097 
185 265 24 20 0.035573937 
422 363 6 5 0.03556966 
779 30 6 5 0.03556024 
744 125 4 5 0.035557605 
831 238 7 6 0.035536464 
738 83 4 4 0.035531048 
976 114 5 4 0.035505075 
867 260 4 4 0.035439994 
43 405 7 7 0.035436213 
767 27 6 6 0.035435986 
470 215 26 21 0.035412632 
54 386 7 7 0.03541042 
814 271 5 5 0.03538089 
923 222 5 5 0.03537781 
815 324 15 14 0.03536974 
437 344 6 5 0.03534198 
624 207 28 29 0.035337865 
949 236 5 4 0.035334207 
717 400 6 10 0.035326183 
714 285 25 22 0.03531613 
106 287 4 5 0.035292268 
839 267 6 4 0.03527169 
917 209 5 4 0.035268933 
64 284 7 8 0.035246156 
608 241 4 5 0.035239898 
922 196 5 5 0.035219625 
575 398 7 9 0.03520447 
801 350 6 7 0.035165317 
349 89 11 11 0.0351582 
52 391 7 8 0.035156228 
369 309 6 8 0.035134595 
66 485 4 4 0.035131995 
475 345 5 3 0.03511673 
12 419 6 5 0.035092767 
699 229 5 5 0.035067283 
873 77 4 3 0.035063613 
284 407 5 9 0.03505354 
838 144 5 5 0.035048835 
926 240 7 7 0.03503277 
541 266 4 4 0.035006702 
505 280 7 5 0.0350025 
427 369 6 5 0.034992725 
701 473 12 15 0.03499103 
897 127 4 3 0.03499087 
570 235 5 4 0.034967013 
943 134 3 4 0.034952097 
461 337 5 4 0.034927484 
90 287 6 7 0.03492323 
876 118 5 5 0.034903005 
809 5 3 4 0.034898777 
744 285 6 6 0.034890346 
534 279 4 5 0.03488475 
870 147 5 4 0.034871362 
982 198 4 4 0.034864627 
308 414 4 5 0.03481012 
346 87 8 8 0.0348093 
803 5 4 4 0.034801904 
847 215 4 4 0.03480073 
319 309 11 11 0.03479774 
405 351 4 4 0.034796488 
777 5 4 4 0.034743868 
544 273 5 5 0.034741838 
917 101 3 3 0.034725994 
739 50 3 3 0.03472558 
178 173 10 13 0.034723084 
203 489 8 7 0.03472291 
29 346 9 9 0.034711774 
505 285 7 5 0.0346906 
884 305 5 5 0.034682497 
465 409 47 56 0.034678344 
448 439 6 6 0.03467544 
297 316 6 8 0.034631465 
852 298 7 6 0.034617998 
528 482 21 24 0.03459719 
899 82 3 3 0.034590945 
646 107 9 10 0.034587927 
851 209 6 5 0.034567513 
638 344 29 29 0.034445643 
877 222 6 4 0.03444157 
618 508 10 11 0.03441303 
39 412 6 6 0.034410704 
782 11 5 3 0.03439093 
15 164 3 5 0.03438302 
462 344 5 4 0.03437587 
525 503 5 5 0.03437285 
685 67 5 5 0.034356866 
223 126 10 13 0.034356255 
590 259 5 6 0.03435587 
838 215 5 5 0.034344118 
21 397 4 3 0.034322668 
38 361 6 7 0.034321185 
974 317 6 7 0.03431314 
591 265 5 8 0.034305524 
859 227 5 5 0.034292914 
822 351 12 12 0.03427782 
96 242 4 5 0.034269616 
822 273 4 4 0.034241367 
943 101 4 4 0.03424099 
468 351 5 4 0.034229826 
398 362 5 5 0.034198314 
840 113 4 4 0.034197636 
618 297 88 75 0.03419513 
66 490 4 5 0.034186803 
853 223 5 5 0.034169134 
488 331 3 5 0.034156494 
897 261 4 4 0.034141608 
569 481 7 8 0.0341411 
982 202 4 4 0.034133665 
866 100 4 4 0.034119096 
446 360 9 8 0.03411369 
203 151 7 6 0.034107134 
856 304 6 6 0.03408902 
448 344 6 5 0.03406652 
69 271 7 8 0.03404609 
845 99 4 4 0.03403045 
110 241 6 6 0.03402636 
562 401 7 7 0.034024335 
948 228 5 5 0.034019478 
723 292 7 6 0.0340178 
562 266 5 7 0.03398364 
17 485 3 4 0.03397275 
512 290 7 7 0.033969395 
437 262 5 5 0.033957697 
9 260 3 5 0.03394803 
101 482 6 7 0.033917706 
974 127 4 4 0.03388154 
929 233 6 6 0.03386286 
830 425 7 7 0.0338581 
761 290 9 12 0.03385197 
846 229 5 4 0.033838645 
706 236 5 4 0.033838347 
557 476 6 7 0.033813722 
853 150 5 5 0.033772323 
596 239 5 7 0.03376382 
378 394 5 4 0.03375956 
885 228 5 5 0.033755522 
391 428 5 4 0.033753376 
889 158 6 6 0.03374856 
885 146 5 4 0.03374841 
586 374 7 8 0.03372858 
832 235 6 5 0.033717256 
859 223 4 4 0.03371138 
878 266 5 5 0.03370003 
661 331 29 26 0.033693865 
232 489 6 6 0.033692002 
745 610 29 23 0.033670425 
897 223 4 4 0.033659197 
346 401 6 4 0.03364298 
701 373 21 31 0.033610336 
590 241 5 5 0.033605587 
403 432 6 5 0.033598952 
860 78 3 3 0.033592977 
59 472 4 4 0.033581354 
92 125 3 5 0.033580337 
29 359 10 9 0.03357748 
187 479 5 5 0.03356328 
341 384 4 3 0.033515446 
518 469 24 24 0.03351274 
172 249 9 14 0.033511795 
733 323 10 9 0.03349776 
535 405 8 9 0.03349089 
488 338 4 4 0.033480935 
515 122 3 3 0.033473678 
948 297 6 6 0.033466008 
681 391 27 34 0.033456314 
953 456 8 6 0.0334532 
853 279 5 5 0.03344972 
956 229 4 4 0.033426866 
806 311 7 6 0.033421334 
712 112 4 5 0.03337669 
842 328 9 9 0.033337653 
468 337 6 4 0.033337004 
30 260 4 6 0.033328652 
822 361 12 11 0.0333277 
547 302 8 10 0.033315856 
879 261 4 3 0.033314843 
600 333 9 11 0.033284552 
726 87 3 4 0.033266325 
917 246 6 6 0.03324026 
650 126 13 14 0.033224925 
732 138 5 5 0.033222888 
514 279 5 5 0.033222657 
762 144 5 4 0.033215735 
514 268 4 4 0.0332108 
108 286 6 8 0.033177245 
745 319 5 5 0.03316861 
319 260 6 5 0.03314288 
563 467 8 10 0.033121843 
935 240 5 5 0.033112574 
324 103 26 27 0.033106443 
226 486 4 3 0.033089623 
572 242 4 4 0.033076957 
602 530 27 23 0.03307617 
491 283 10 7 0.033058614 
556 377 10 11 0.03305398 
845 109 5 3 0.03305117 
942 458 5 4 0.033050552 
103 242 5 5 0.033046864 
828 82 3 3 0.03304654 
838 271 6 6 0.033040002 
118 290 9 11 0.033039402 
117 131 4 6 0.033022445 
197 155 9 9 0.033009227 
392 364 4 4 0.033000328 
823 34 6 7 0.03298759 
750 107 4 4 0.032979764 
510 316 9 11 0.032966867 
55 387 13 13 0.03296185 
877 108 5 4 0.03294047 
960 305 6 5 0.03292999 
579 339 3 4 0.03292756 
472 354 9 7 0.03292455 
922 24 7 6 0.032919407 
632 370 25 29 0.03290326 
111 253 5 6 0.03290308 
898 150 6 6 0.03288384 
931 101 3 4 0.032882653 
851 496 9 11 0.032875527 
890 221 4 5 0.03287337 
743 133 6 6 0.032870594 
795 451 22 23 0.032863077 
114 259 8 8 0.03285188 
704 111 5 7 0.03283493 
974 234 6 6 0.032833703 
195 238 11 14 0.03282577 
930 107 4 4 0.032814573 
206 485 4 4 0.032810375 
985 335 8 10 0.032809965 
968 133 4 3 0.032806538 
211 73 4 7 0.032804452 
411 377 5 5 0.0328006 
863 292 6 5 0.032784384 
728 297 8 8 0.03276575 
568 475 8 10 0.03275933 
790 461 13 13 0.032754496 
963 215 5 5 0.032749802 
885 77 4 3 0.032746043 
40 318 4 5 0.032726206 
320 280 8 9 0.032724902 
352 400 6 6 0.03268502 
828 338 27 22 0.03268394 
962 223 5 4 0.03267799 
847 146 4 3 0.032677203 
20 253 5 7 0.032661967 
822 316 9 8 0.03265168 
981 106 6 6 0.03262311 
34 369 7 7 0.032611642 
409 438 6 5 0.032605924 
660 175 32 26 0.032601275 
89 278 5 6 0.03259833 
859 285 5 5 0.03259592 
27 253 4 6 0.03258961 
818 338 13 13 0.032582425 
526 508 5 6 0.032579824 
995 94 4 4 0.032579802 
713 237 4 3 0.032575723 
806 316 8 8 0.0325511 
886 273 4 5 0.03253744 
260 110 42 56 0.03250957 
905 78 3 3 0.032492775 
475 337 6 4 0.032478873 
416 357 4 4 0.03247486 
835 322 9 9 0.032472596 
834 327 11 11 0.032452844 
857 261 5 5 0.032444336 
884 151 4 4 0.032440055 
926 244 8 8 0.03242692 
794 265 6 7 0.03240622 
559 260 4 5 0.032402016 
863 453 22 28 0.032374207 
322 389 4 4 0.032366082 
869 107 8 6 0.032360468 
817 107 3 4 0.032352258 
916 239 7 7 0.032348365 
120 259 8 8 0.032339633 
961 151 5 5 0.032335218 
929 215 5 4 0.032319587 
246 480 49 42 0.03231134 
421 375 7 6 0.03230886 
561 481 9 12 0.03230597 
975 133 4 4 0.032298017 
899 139 4 4 0.032297507 
652 146 12 11 0.032292087 
789 5 4 3 0.032285463 
354 438 4 5 0.032277808 
510 318 25 25 0.03225863 
763 16 4 5 0.032254826 
936 88 5 4 0.0322397 
943 241 5 4 0.032227654 
718 37 6 5 0.03222197 
77 271 7 7 0.03221258 
133 440 6 5 0.03220897 
66 471 4 4 0.032195453 
795 6 4 3 0.032178655 
328 390 4 3 0.0321774 
272 405 5 9 0.032174 
847 128 4 3 0.032169066 
911 97 3 3 0.032155287 
942 209 5 5 0.03212524 
453 367 7 7 0.032118224 
491 134 2 3 0.032115497 
757 140 4 4 0.03211532 
503 141 2 2 0.03211425 
522 442 9 10 0.032102976 
361 309 6 7 0.032089356 
751 87 4 5 0.032086033 
91 236 4 4 0.03207498 
642 529 7 5 0.032061893 
384 370 5 5 0.03205498 
463 256 4 4 0.032048833 
885 233 6 6 0.03202059 
77 278 7 7 0.03201771 
67 272 5 6 0.032014087 
695 432 31 31 0.031991534 
589 381 6 6 0.031985547 
197 254 10 13 0.031973902 
962 134 4 3 0.031969182 
442 382 5 4 0.031966176 
386 427 6 5 0.03195241 
601 503 54 40 0.03194987 
103 479 4 4 0.03194516 
983 100 4 5 0.031942766 
776 29 5 5 0.031939816 
746 52 3 3 0.03193068 
468 344 5 4 0.03192756 
934 214 7 6 0.031913362 
695 112 9 14 0.031909347 
719 230 4 4 0.03190274 
757 58 3 3 0.031893585 
208 72 4 7 0.03187295 
662 62 24 24 0.031859487 
29 397 3 3 0.03185652 
962 121 4 4 0.03185104 
502 127 2 3 0.03182246 
890 139 4 5 0.03180748 
905 81 3 3 0.031787243 
346 407 5 4 0.03178483 
499 490 9 7 0.031763148 
482 344 5 4 0.03173414 
393 369 5 4 0.031730007 
752 33 9 8 0.03171559 
492 291 8 8 0.031710554 
404 427 5 5 0.031689472 
854 77 3 3 0.03166985 
898 145 5 5 0.031661753 
731 130 6 6 0.031659357 
824 254 6 4 0.03165133 
592 297 12 12 0.03164442 
775 35 6 6 0.031642854 
86 471 4 5 0.031642307 
854 255 4 3 0.031609304 
828 146 4 4 0.031607326 
962 140 4 3 0.031595938 
860 133 5 4 0.03156685 
38 355 5 6 0.031565595 
1007 93 4 5 0.031550407 
665 289 58 56 0.031540375 
699 236 4 4 0.03154032 
818 235 5 5 0.031531814 
521 438 21 25 0.031531543 
852 285 6 5 0.031526446 
44 368 6 7 0.031514384 
904 293 3 5 0.03151077 
219 82 21 28 0.031506263 
685 73 6 6 0.03150172 
890 151 5 4 0.031498346 
613 379 9 12 0.031494513 
430 152 4 6 0.031491242 
878 82 4 3 0.031465676 
885 120 4 3 0.031458877 
988 221 5 5 0.031454448 
11 495 6 8 0.031453215 
710 123 7 10 0.031451505 
911 150 5 5 0.03144809 
574 393 7 8 0.031445675 
453 266 6 6 0.03143732 
911 101 4 3 0.031436916 
423 381 6 6 0.03142457 
624 242 27 26 0.031413827 
65 478 4 4 0.031410705 
769 17 4 4 0.03140688 
681 63 4 4 0.031405423 
681 69 5 4 0.031386476 
666 25 27 23 0.03137463 
814 357 16 14 0.031371146 
987 94 4 4 0.03136307 
46 396 4 4 0.03136266 
528 128 3 2 0.031360593 
542 508 11 15 0.031355973 
836 215 4 4 0.031353172 
719 112 4 5 0.03134753 
415 376 7 6 0.031343747 
113 242 17 19 0.0312987 
828 102 3 4 0.03129377 
948 203 6 4 0.03129218 
442 260 5 5 0.031283367 
816 228 3 4 0.031271543 
591 531 23 23 0.031258594 
405 362 4 5 0.03125137 
238 128 7 10 0.031251054 
220 486 3 3 0.03124607 
473 393 24 30 0.031243414 
538 490 6 6 0.031242872 
822 454 4 4 0.031230653 
15 490 4 6 0.0312284 
883 267 5 4 0.03122779 
861 320 12 11 0.031197123 
72 472 4 4 0.031189725 
744 145 5 5 0.031187829 
858 278 4 5 0.031178143 
596 505 26 22 0.031171685 
551 255 5 5 0.031166162 
974 240 5 5 0.031155236 
815 94 3 4 0.031151677 
905 120 3 3 0.031136736 
792 370 11 12 0.031127762 
846 279 5 5 0.031123215 
569 443 8 10 0.031117925 
646 296 8 7 0.03111054 
270 122 7 10 0.03110561 
884 134 5 4 0.031101428 
340 394 4 4 0.031096706 
97 286 4 6 0.031091321 
988 216 4 4 0.031085137 
103 245 5 6 0.031083226 
442 388 7 5 0.03107988 
629 367 15 16 0.031079007 
481 350 6 5 0.031061115 
449 377 5 5 0.031054316 
834 255 4 4 0.031040983 
878 337 5 5 0.031023454 
184 165 11 12 0.031014457 
459 374 7 6 0.031014225 
588 205 46 49 0.031012762 
754 157 8 7 0.031012705 
309 363 4 4 0.030980237 
859 145 5 4 0.030978136 
301 299 25 24 0.030962136 
498 258 7 6 0.030958746 
505 461 27 24 0.03095518 
785 298 7 8 0.030942556 
233 481 4 3 0.030933753 
663 325 11 12 0.030933257 
267 272 9 6 0.030930867 
563 260 4 5 0.030914988 
764 107 3 5 0.030896368 
201 106 4 6 0.030893326 
876 311 6 5 0.030891713 
449 382 5 4 0.030888071 
747 445 8 6 0.030887287 
269 113 6 8 0.030882748 
853 438 6 5 0.030881478 
448 261 7 5 0.030879483 
846 208 5 4 0.030877793 
519 274 5 4 0.03087607 
410 426 5 5 0.030858763 
259 132 5 6 0.030848393 
615 196 26 25 0.030837094 
860 157 5 5 0.030834509 
807 349 8 7 0.030830856 
515 475 10 8 0.030830706 
851 235 5 5 0.03082826 
646 227 25 27 0.03078541 
448 410 36 53 0.030772278 
212 168 6 8 0.030762099 
205 109 7 10 0.030758547 
99 479 4 4 0.030753497 
704 48 6 6 0.030752586 
519 279 5 5 0.030730812 
879 342 5 5 0.030723583 
65 277 6 8 0.03072291 
891 132 4 4 0.030706426 
851 158 5 5 0.030683989 
910 145 5 4 0.030681955 
834 82 4 4 0.030664608 
917 191 5 4 0.030651825 
792 33 7 8 0.030644182 
162 165 4 4 0.030629966 
264 213 8 9 0.030626902 
626 328 9 10 0.030605221 
845 285 6 5 0.03059497 
455 343 5 5 0.030586913 
155 152 5 6 0.030583665 
572 248 4 4 0.030569497 
857 439 5 6 0.030564046 
287 285 7 6 0.030556014 
514 220 25 23 0.030546086 
314 306 21 21 0.030529458 
993 211 3 3 0.030516472 
967 293 5 4 0.030506153 
934 208 5 5 0.030501122 
941 305 5 5 0.030490274 
239 484 4 4 0.030489378 
321 134 12 13 0.030487567 
751 122 4 3 0.030475143 
820 222 4 4 0.030462554 
265 398 5 8 0.0304617 
67 387 8 7 0.030442169 
627 495 8 8 0.030441066 
711 421 109 88 0.030429333 
34 164 4 5 0.0304289 
518 291 7 7 0.030424492 
558 443 6 9 0.030410882 
841 108 4 4 0.030399967 
891 82 4 3 0.030398468 
617 248 3 4 0.030394703 
354 112 6 6 0.030394549 
313 311 8 8 0.03039064 
801 292 6 5 0.030375091 
217 290 8 7 0.030372161 
757 113 3 5 0.030372093 
418 363 5 5 0.03036241 
656 334 11 10 0.030354341 
621 328 7 9 0.030353626 
577 246 4 5 0.030350614 
327 412 6 6 0.03034947 
574 498 20 24 0.030325525 
96 114 4 5 0.03032051 
437 438 41 52 0.03031629 
943 235 5 4 0.030314503 
108 301 9 12 0.030311123 
314 282 7 7 0.030304158 
577 235 5 5 0.030298246 
724 111 6 6 0.030295227 
309 278 5 5 0.030294836 
949 305 6 5 0.03029155 
491 216 24 20 0.030287266 
929 226 6 6 0.03027873 
206 215 4 6 0.030271826 
909 196 6 5 0.030263055 
206 222 5 7 0.030241188 
647 335 14 13 0.030205827 
559 266 5 6 0.0301978 
391 380 6 6 0.030176202 
617 98 38 42 0.03017339 
1013 178 7 11 0.030172601 
15 344 24 22 0.030160604 
961 172 4 4 0.030160192 
853 127 5 4 0.030155389 
849 76 3 4 0.03015434 
960 351 14 12 0.030143341 
565 427 9 12 0.030140385 
686 190 12 13 0.030129986 
918 197 5 4 0.030106973 
805 313 46 39 0.030099168 
371 400 6 5 0.03007529 
958 200 7 6 0.030074814 
901 241 6 6 0.030068489 
665 347 85 87 0.030043723 
438 357 11 11 0.030031644 
588 552 6 7 0.030024484 
1007 172 3 5 0.03002327 
147 570 9 10 0.030018494 
20 318 5 5 0.030012911 
572 475 25 24 0.030008264 
324 94 7 7 0.030000616 
850 428 8 8 0.030000547 
527 269 4 3 0.02999118 
674 34 32 27 0.029974239 
353 408 5 4 0.029969584 
48 471 4 4 0.029962758 
942 145 4 4 0.029961945 
209 101 10 13 0.029957805 
207 106 6 8 0.02994347 
480 240 6 5 0.029942896 
28 390 38 43 0.02994045 
461 368 6 7 0.029938802 
584 265 5 7 0.029932074 
623 242 3 5 0.029926535 
928 351 5 5 0.0299214 
839 208 5 5 0.029906878 
690 228 7 7 0.029902425 
756 93 4 4 0.0298878 
473 247 7 6 0.02986632 
29 264 4 6 0.029865984 
648 342 13 15 0.029854165 
381 467 25 18 0.029832449 
725 437 29 25 0.029829515 
911 82 3 3 0.02981716 
899 246 4 5 0.029810833 
746 290 22 29 0.029806308 
1013 118 4 5 0.02979947 
858 291 6 6 0.029793542 
242 285 7 7 0.029791899 
625 111 7 9 0.029789751 
835 90 3 3 0.029780328 
147 558 26 26 0.029777763 
541 262 4 4 0.02977186 
59 270 5 7 0.029768713 
941 227 6 6 0.029766064 
729 301 10 8 0.029761821 
223 79 8 11 0.029738277 
985 125 5 5 0.029720528 
413 456 24 25 0.029720487 
424 357 5 5 0.029713277 
933 225 7 7 0.029710267 
508 268 4 3 0.029703123 
537 438 7 9 0.029694818 
834 228 6 4 0.029685933 
648 211 26 28 0.02968483 
566 248 4 4 0.029674787 
302 255 6 5 0.029667387 
52 369 5 6 0.029666899 
879 255 3 4 0.029665604 
865 107 7 5 0.029662527 
594 348 9 10 0.029659932 
46 413 7 8 0.02965589 
529 404 8 10 0.029653946 
854 248 3 3 0.029653266 
929 222 5 5 0.029643472 
489 261 5 4 0.029641226 
868 316 11 10 0.029637016 
661 337 15 13 0.029626729 
117 126 5 5 0.029620808 
882 337 5 4 0.029606346 
904 260 5 4 0.029597271 
914 16 25 24 0.029596055 
628 254 4 5 0.029595507 
752 58 2 2 0.02957847 
907 233 7 6 0.029562756 
60 491 4 4 0.029558944 
494 239 6 6 0.029553179 
757 287 19 25 0.029551212 
534 134 3 3 0.029549334 
751 113 4 4 0.029537005 
353 106 6 6 0.029532058 
768 34 6 7 0.02952022 
828 119 3 4 0.02951622 
949 146 4 4 0.029507032 
570 286 5 6 0.029503047 
941 293 25 25 0.029499646 
545 262 4 5 0.029469995 
237 288 9 9 0.029456947 
834 127 3 4 0.029455014 
257 95 5 5 0.029452994 
585 489 12 12 0.029447502 
195 283 13 11 0.029443711 
834 102 3 3 0.029437242 
788 11 5 4 0.029433224 
864 298 6 5 0.029431725 
85 285 17 22 0.029425541 
634 297 7 6 0.029420663 
854 454 4 5 0.029416692 
839 178 4 5 0.029414702 
949 457 7 5 0.029412607 
7 254 3 5 0.029408636 
511 507 10 11 0.02939093 
904 90 4 3 0.029378826 
622 503 6 7 0.02936492 
885 185 4 4 0.029343156 
260 279 10 8 0.029333444 
843 347 10 10 0.029325014 
723 131 6 6 0.029324308 
850 348 7 8 0.029318426 
576 532 6 9 0.029315725 
885 254 4 5 0.029311689 
880 126 4 4 0.0292953 
537 278 7 6 0.02929369 
23 474 3 3 0.029288972 
323 420 5 5 0.029288944 
555 439 19 26 0.029287767 
89 498 7 5 0.029287312 
583 393 6 7 0.029287161 
953 319 28 28 0.029284175 
886 284 5 6 0.029266898 
521 240 25 22 0.029263426 
723 137 5 6 0.029249087 
237 149 19 29 0.029248208 
581 278 6 7 0.029245865 
521 269 4 4 0.02923409 
571 228 4 5 0.029228756 
533 138 3 4 0.029226303 
252 246 5 7 0.029224576 
864 273 5 5 0.029222725 
754 290 9 12 0.02922041 
973 322 6 7 0.029208876 
514 488 24 19 0.029208638 
252 209 3 5 0.029203994 
13 428 6 5 0.029200006 
552 260 4 5 0.029199 
902 247 6 5 0.029195104 
601 320 9 10 0.02919225 
767 277 6 7 0.029192207 
744 290 6 6 0.029191654 
805 291 6 7 0.029189318 
629 215 4 5 0.029176215 
889 233 5 5 0.02917224 
562 476 8 8 0.029171444 
94 260 4 5 0.029166086 
87 126 3 4 0.029163966 
32 415 5 5 0.02916197 
498 254 8 7 0.029151114 
566 229 5 5 0.029147396 
291 304 20 24 0.029142033 
981 177 6 6 0.029138496 
87 131 3 5 0.029136697 
155 165 4 4 0.029135732 
898 272 4 6 0.02913436 
459 269 8 7 0.02913436 
282 248 6 6 0.029132562 
429 144 5 6 0.029127132 
35 348 7 8 0.029118191 
392 376 5 5 0.029100154 
84 242 4 4 0.029096616 
280 279 8 5 0.029091276 
621 276 7 9 0.029087754 
260 163 9 14 0.02908141 
756 125 4 4 0.02907384 
29 355 9 8 0.029071208 
751 146 4 3 0.029066077 
878 89 4 3 0.029054778 
777 17 6 5 0.02905411 
198 112 6 8 0.029034514 
955 172 4 3 0.029032744 
435 367 7 6 0.02902533 
833 29 5 5 0.029022507 
13 509 5 6 0.0290177 
734 87 4 4 0.029012717 
486 491 6 6 0.029005405 
904 115 4 3 0.028997 
645 531 9 8 0.028994005 
5 416 7 7 0.028990898 
219 285 6 6 0.028985402 
156 157 4 5 0.028981427 
1015 124 5 6 0.028968737 
782 0 5 3 0.028967233 
405 438 7 6 0.02895969 
28 245 4 6 0.02895933 
645 302 10 11 0.028956452 
838 278 6 6 0.028955288 
835 140 4 3 0.028937386 
857 450 6 8 0.028925302 
646 68 24 24 0.028925264 
225 164 4 6 0.02891941 
294 389 7 6 0.028904282 
392 432 5 5 0.028899085 
942 151 5 5 0.028887024 
948 191 5 4 0.028876442 
668 332 12 12 0.028870584 
954 90 6 4 0.028868113 
549 404 37 44 0.028859051 
137 214 6 8 0.028857006 
944 139 3 4 0.028852522 
354 434 4 5 0.028847752 
838 316 7 6 0.028847482 
59 485 4 4 0.028819392 
410 386 6 6 0.028814923 
26 317 5 6 0.028808935 
590 312 23 24 0.028808346 
606 370 24 28 0.028806502 
891 229 4 4 0.02880443 
898 293 4 4 0.028804375 
322 413 5 6 0.028804 
623 235 4 5 0.028798033 
417 346 4 3 0.028797071 
593 500 10 10 0.02879567 
157 572 33 29 0.028794678 
88 501 11 9 0.028794626 
957 140 3 3 0.028782973 
466 253 21 15 0.028774682 
821 303 10 10 0.028774323 
838 312 5 5 0.028772177 
32 325 4 5 0.028764052 
807 182 5 7 0.02875421 
633 303 8 7 0.028750641 
265 395 5 6 0.028746458 
563 455 8 11 0.028741429 
0 319 37 51 0.02873686 
523 449 8 10 0.028733548 
424 350 4 4 0.028727893 
589 223 10 11 0.028725266 
688 394 12 15 0.028724927 
794 298 5 5 0.028710023 
429 361 6 6 0.028705072 
183 247 12 16 0.02870478 
868 30 56 49 0.028688896 
717 292 8 7 0.028681496 
188 166 20 26 0.028675552 
524 438 8 8 0.028662056 
540 324 19 22 0.028644774 
161 187 5 8 0.028634308 
109 489 9 9 0.028620617 
876 330 6 6 0.028615938 
526 274 5 4 0.028594328 
557 468 20 25 0.02859397 
822 285 5 7 0.028589163 
949 311 5 5 0.028578572 
764 125 3 5 0.028578127 
143 548 5 5 0.02856406 
848 312 4 5 0.02856042 
237 426 4 6 0.02854485 
562 138 11 10 0.028542168 
952 454 7 5 0.028519517 
815 247 5 5 0.028518656 
443 504 5 4 0.028517174 
21 354 22 20 0.028495349 
287 406 5 8 0.028495297 
399 357 4 3 0.028493956 
704 106 5 7 0.028486203 
828 236 4 4 0.028484864 
584 387 25 24 0.028478682 
47 388 4 5 0.028468577 
917 203 5 3 0.02846242 
40 168 5 7 0.028456066 
228 128 8 12 0.02841897 
961 293 6 5 0.028417228 
226 74 5 8 0.028414132 
47 279 5 6 0.028413845 
80 502 5 5 0.028411398 
192 128 22 24 0.028410519 
952 309 9 7 0.028385568 
898 241 5 6 0.028380938 
3 319 7 12 0.028367018 
633 494 8 8 0.028355107 
748 289 7 8 0.02835026 
879 147 4 4 0.028326305 
885 94 4 3 0.028322274 
755 322 7 7 0.028320028 
29 474 3 3 0.028317228 
905 222 5 5 0.028308118 
39 377 6 8 0.02830582 
657 572 12 13 0.028301155 
431 350 5 4 0.028299296 
827 229 3 4 0.028298808 
524 226 9 8 0.028298613 
909 158 6 5 0.028297845 
701 389 9 14 0.028286105 
839 235 5 5 0.0282831 
255 243 7 10 0.02828269 
212 126 22 29 0.0282803 
623 222 5 6 0.028279684 
1007 107 4 4 0.028276132 
112 466 25 26 0.028269572 
474 350 6 6 0.028267074 
627 530 26 22 0.028263833 
33 302 6 7 0.028261809 
749 448 7 8 0.028246896 
286 248 6 5 0.028244613 
616 335 7 8 0.028236395 
903 297 5 6 0.028221589 
791 30 7 6 0.02821921 
924 89 3 3 0.028218362 
809 260 4 5 0.028203739 
70 275 8 9 0.028193206 
54 381 5 6 0.028179983 
680 88 21 26 0.028164897 
948 208 5 5 0.028158981 
625 107 4 6 0.028154684 
731 93 6 6 0.028135303 
487 266 6 5 0.02812701 
109 265 6 8 0.028104179 
613 476 6 7 0.028103065 
200 288 12 9 0.028092911 
798 305 23 22 0.028088767 
879 133 4 4 0.028077262 
200 127 10 13 0.0280692 
962 127 3 4 0.02806695 
445 398 7 8 0.028048476 
953 317 8 7 0.0280476 
185 155 10 10 0.028043883 
33 380 5 5 0.028040167 
315 139 14 13 0.028032118 
402 379 7 6 0.028028363 
568 455 11 12 0.028019082 
483 273 20 17 0.028017048 
639 309 6 8 0.02801549 
496 133 2 3 0.028012348 
459 372 25 22 0.028001942 
558 230 4 4 0.027997995 
83 491 6 5 0.027993426 
733 316 9 7 0.027985383 
655 346 12 11 0.02797659 
963 335 12 11 0.027960243 
993 126 4 4 0.027959907 
747 323 7 6 0.027945412 
304 380 10 9 0.02793505 
968 202 5 5 0.027934283 
778 384 12 12 0.027921868 
297 311 4 6 0.02791835 
721 110 20 23 0.027914515 
193 112 6 8 0.027912444 
904 280 4 4 0.027904946 
880 76 3 4 0.027900109 
547 307 9 11 0.02789839 
965 331 9 8 0.027897917 
492 343 7 7 0.027894486 
588 279 6 7 0.02789363 
836 145 4 4 0.027879229 
663 311 11 16 0.02787679 
603 240 5 6 0.02786989 
627 319 25 22 0.027869366 
46 321 5 7 0.027850647 
281 273 8 6 0.027838297 
35 171 3 5 0.02783421 
497 283 8 7 0.027831726 
662 78 19 20 0.027822452 
841 335 9 9 0.027813539 
86 120 4 4 0.027796237 
493 492 6 5 0.02777627 
302 259 6 5 0.027758949 
561 448 8 11 0.02775501 
523 499 23 24 0.027753944 
535 428 9 11 0.027752515 
199 485 7 6 0.027749877 
412 264 10 9 0.02774307 
79 491 5 5 0.027735395 
859 247 4 4 0.027730688 
911 253 4 6 0.02772043 
159 200 6 8 0.027716627 
737 151 7 5 0.02771388 
811 315 21 17 0.02771003 
334 279 5 4 0.02770143 
628 234 5 6 0.027697945 
175 179 20 26 0.027695753 
975 330 44 46 0.027680106 
210 68 4 7 0.027660707 
865 286 4 5 0.027656818 
904 228 5 5 0.027655363 
420 331 26 22 0.027650848 
588 376 39 44 0.027645493 
104 294 7 9 0.027631886 
346 396 5 4 0.027630087 
594 507 9 9 0.027623627 
577 241 5 5 0.027619438 
88 298 9 13 0.027614422 
780 42 5 6 0.027605485 
422 299 6 6 0.027588723 
724 107 5 5 0.02758189 
829 141 3 3 0.027579315 
352 80 7 7 0.027561715 
851 336 7 7 0.027556142 
986 132 5 5 0.027552065 
90 424 6 7 0.027509974 
850 88 94 90 0.027502978 
782 16 6 5 0.027498912 
551 487 9 12 0.027497062 
707 242 4 4 0.027490795 
52 466 4 4 0.027489794 
547 558 10 9 0.027489655 
975 216 4 4 0.027485682 
936 93 5 5 0.027485613 
530 508 7 7 0.02747887 
612 182 31 26 0.027475227 
210 290 8 7 0.027473697 
444 353 10 8 0.02747342 
793 305 6 6 0.027469238 
916 150 5 5 0.027467823 
764 62 5 5 0.027465492 
377 406 6 6 0.027463246 
264 99 5 5 0.027461419 
949 138 3 4 0.027460545 
621 258 5 6 0.027452111 
47 319 4 5 0.027448509 
482 337 5 4 0.027448414 
599 406 97 72 0.027445791 
147 553 6 6 0.027436234 
633 309 8 8 0.027435679 
158 254 20 22 0.02743157 
745 64 2 3 0.027420944 
611 283 9 11 0.027420161 
268 105 5 7 0.027408913 
138 509 26 24 0.027404333 
757 63 3 4 0.027399505 
897 266 5 5 0.0273976 
725 237 4 3 0.027387306 
550 272 5 6 0.02738687 
973 190 6 5 0.027381783 
925 434 3 4 0.027377937 
657 319 12 13 0.027376628 
564 344 20 26 0.027363883 
930 133 4 4 0.027363047 
618 241 3 5 0.027347295 
202 136 7 9 0.027324537 
854 348 9 9 0.027323175 
726 93 4 4 0.02732277 
859 242 4 4 0.027309509 
518 360 22 22 0.02730069 
320 94 7 6 0.027292322 
518 496 8 7 0.027292062 
570 500 7 9 0.027286263 
735 439 10 9 0.027283676 
940 330 7 6 0.027283091 
927 252 7 7 0.02727115 
916 145 4 5 0.027271088 
12 502 6 7 0.027264247 
779 22 8 7 0.02726041 
950 93 5 5 0.027260154 
535 422 9 11 0.027251849 
878 157 5 5 0.027247509 
730 240 5 5 0.027247367 
805 354 10 9 0.027242843 
861 34 9 9 0.027242715 
681 364 14 13 0.027242053 
575 442 9 11 0.02723019 
959 310 8 7 0.02722183 
903 272 6 6 0.027215827 
908 191 6 4 0.027206134 
812 463 6 5 0.027204217 
159 558 7 8 0.027204163 
681 359 10 10 0.027203105 
909 248 5 5 0.027198792 
744 92 6 6 0.02718083 
2 304 4 6 0.027175175 
942 94 4 4 0.027174981 
859 254 4 4 0.02717151 
993 204 3 4 0.027162634 
735 89 8 8 0.027159197 
681 123 8 10 0.027158272 
295 381 6 6 0.027157564 
541 416 24 27 0.027157424 
555 405 8 9 0.027156381 
165 180 6 9 0.027147204 
736 145 7 5 0.027142558 
386 382 5 5 0.027141595 
239 481 3 4 0.027127527 
773 368 24 25 0.02711611 
850 328 8 8 0.02711346 
406 345 4 3 0.027102048 
487 501 10 9 0.027101308 
944 83 4 3 0.027098846 
834 107 4 4 0.02708106 
966 139 5 4 0.02707402 
322 121 14 13 0.02706414 
12 328 21 21 0.027064133 
497 341 8 9 0.027058851 
448 443 7 7 0.02705774 
899 109 3 3 0.027052386 
893 94 3 3 0.027050158 
538 290 19 23 0.027044808 
472 358 25 23 0.027044544 
624 312 12 13 0.027042706 
309 266 5 5 0.027042277 
956 146 4 4 0.027038379 
574 403 8 10 0.027036771 
635 255 5 5 0.027022062 
268 279 8 7 0.027004505 
788 314 11 11 0.027002947 
571 337 5 5 0.026999347 
624 574 21 25 0.02699581 
71 478 5 5 0.026995804 
47 271 6 7 0.026995229 
305 413 4 6 0.026993928 
559 255 4 5 0.026992822 
318 95 24 24 0.026981935 
594 229 9 10 0.02696942 
607 226 6 8 0.026960647 
502 353 9 10 0.02695682 
211 286 7 6 0.026953056 
320 253 5 6 0.026946504 
641 101 21 24 0.02693051 
890 297 5 7 0.026929794 
209 87 21 26 0.026918547 
749 139 5 5 0.026909908 
577 366 8 10 0.026906643 
216 120 11 15 0.026899429 
994 119 4 5 0.026898813 
329 383 4 3 0.026895082 
482 277 8 7 0.026891693 
283 395 4 5 0.026882537 
540 127 3 4 0.026878221 
228 209 3 4 0.026877262 
632 515 30 25 0.026871368 
564 406 20 22 0.026866253 
564 254 4 5 0.02684261 
345 388 5 4 0.026822912 
223 497 6 6 0.02682235 
59 278 5 7 0.026814021 
931 96 4 3 0.026802476 
530 335 6 6 0.026800778 
808 458 5 6 0.026797296 
779 326 41 44 0.026792921 
897 374 26 25 0.026790185 
256 280 7 6 0.02678449 
682 391 13 12 0.026771648 
602 330 80 76 0.026767531 
404 377 6 5 0.026766997 
263 218 7 8 0.026755612 
792 333 9 10 0.02673841 
132 223 4 5 0.026737629 
295 255 5 6 0.026735155 
725 43 4 4 0.026735049 
589 283 6 7 0.026726991 
600 485 9 12 0.026725117 
505 292 6 5 0.026723685 
328 351 6 4 0.026718749 
175 134 11 14 0.026712663 
703 118 7 10 0.026710734 
675 313 27 28 0.02670345 
819 317 23 21 0.02670327 
211 494 7 7 0.026701067 
153 227 7 8 0.026691465 
592 290 9 8 0.026688237 
883 394 5 5 0.026683519 
283 400 4 6 0.026682708 
263 124 6 8 0.026677962 
974 311 5 5 0.026673518 
961 145 5 4 0.026668295 
0 332 8 14 0.02666236 
795 10 4 4 0.026659846 
340 413 5 5 0.026659213 
905 128 3 3 0.026656466 
66 467 5 3 0.026652785 
760 320 10 10 0.026652439 
40 323 4 5 0.02665206 
748 157 6 6 0.026646921 
90 471 4 5 0.026644692 
496 505 12 12 0.026643304 
78 472 4 4 0.02663638 
52 491 5 4 0.026627364 
809 16 4 5 0.026626755 
529 462 9 9 0.026618043 
244 380 5 7 0.026602117 
835 95 2 3 0.026600776 
46 466 4 4 0.026594847 
693 74 6 6 0.026591633 
228 121 10 13 0.0265877 
183 174 10 11 0.026575414 
231 75 5 7 0.026573632 
788 320 11 12 0.026566263 
911 259 5 6 0.026565675 
677 80 6 6 0.026563099 
222 297 10 10 0.026562879 
22 163 3 5 0.026560564 
733 58 3 3 0.026551161 
962 166 4 4 0.026548726 
295 248 6 6 0.026546163 
494 330 5 5 0.026545085 
339 312 6 5 0.026541278 
735 292 6 5 0.026534239 
909 241 5 5 0.026530229 
648 329 14 12 0.02652422 
286 278 9 7 0.026520053 
544 462 22 25 0.026519837 
903 266 5 6 0.026518501 
492 351 10 10 0.026510287 
535 397 10 12 0.026508022 
134 180 20 25 0.026504898 
954 242 4 4 0.026494632 
269 394 6 7 0.026491346 
258 351 5 4 0.026489805 
50 269 6 9 0.026481044 
645 258 8 8 0.026475316 
935 246 6 6 0.02645934 
584 387 6 8 0.026457392 
761 156 7 6 0.026451005 
14 248 4 5 0.02644356 
795 260 5 6 0.02644153 
864 303 7 6 0.026425786 
7 266 5 6 0.026425002 
702 41 8 8 0.026405936 
593 259 6 7 0.026399942 
421 437 8 7 0.026392296 
156 553 5 6 0.02638696 
155 219 6 9 0.026384626 
335 97 13 13 0.026382077 
969 170 4 5 0.026380362 
272 247 21 21 0.02637437 
572 530 20 27 0.026356824 
551 463 6 8 0.026355432 
119 121 25 24 0.026351351 
611 507 13 14 0.026345473 
713 385 21 28 0.026341464 
148 548 5 6 0.026339345 
823 89 4 3 0.026338719 
981 222 4 4 0.02633712 
20 118 5 6 0.026334157 
635 522 7 6 0.026327506 
975 223 3 4 0.02632532 
849 490 18 24 0.026316538 
430 492 4 5 0.026315553 
690 234 7 6 0.026312683 
919 89 3 3 0.026310762 
321 466 5 4 0.026302442 
150 124 9 10 0.026287131 
998 54 6 6 0.026281744 
195 263 12 12 0.026279526 
892 77 4 3 0.026278326 
26 304 6 5 0.026276747 
463 384 25 25 0.026273863 
48 485 4 4 0.026261428 
260 188 10 11 0.026250938 
739 279 23 24 0.026245978 
487 347 8 7 0.02624567 
449 465 5 5 0.026239155 
320 265 5 6 0.02623872 
95 386 6 8 0.026232788 
517 508 7 6 0.02622366 
252 466 128 90 0.026210226 
775 327 14 15 0.026206825 
523 402 11 12 0.02620212 
904 255 4 4 0.026198624 
15 158 3 5 0.02618826 
903 466 5 5 0.026186675 
475 322 38 51 0.026181988 
974 209 5 4 0.02617901 
250 129 7 8 0.02617193 
59 478 4 4 0.026167028 
584 242 5 4 0.02614832 
574 291 7 9 0.026146684 
429 483 5 6 0.026144937 
309 275 4 4 0.026134469 
756 12 4 4 0.02612828 
556 433 9 12 0.026126146 
252 94 5 5 0.026120437 
467 360 8 8 0.026115209 
912 134 3 3 0.026114253 
823 113 3 4 0.026112184 
223 143 7 8 0.026107842 
904 203 5 4 0.026107438 
658 346 32 27 0.026106577 
827 93 4 4 0.026106138 
557 290 6 8 0.02610114 
706 229 6 5 0.026101038 
438 349 6 5 0.02610086 
723 129 24 23 0.026090492 
929 298 6 6 0.026077308 
795 55 5 6 0.026075529 
812 332 13 12 0.026074825 
491 342 19 22 0.02607335 
907 227 7 7 0.02606561 
256 235 5 6 0.026055483 
673 192 26 30 0.026036648 
885 248 4 5 0.02603544 
953 209 5 5 0.026028978 
360 408 4 4 0.026024655 
719 88 3 4 0.02602427 
631 313 11 10 0.026024181 
7 164 4 5 0.02601198 
358 395 7 5 0.026009688 
941 338 6 5 0.026005495 
489 140 3 3 0.026002804 
617 308 12 12 0.02599407 
297 62 4 6 0.02599098 
921 349 6 6 0.025988104 
604 538 11 10 0.025972297 
627 248 5 5 0.025971513 
884 330 5 6 0.025958464 
611 149 27 22 0.025957877 
524 455 8 9 0.025950793 
909 201 6 5 0.025944121 
570 381 6 7 0.025940424 
503 147 3 2 0.02593155 
992 222 5 6 0.025926843 
973 203 6 4 0.025924528 
237 121 9 12 0.02591185 
974 163 4 5 0.025910465 
158 195 6 8 0.025910465 
71 105 5 7 0.02590402 
529 220 24 25 0.025903882 
510 122 2 2 0.02589988 
104 280 4 4 0.02589116 
845 510 12 14 0.025890099 
701 28 10 9 0.025881609 
975 107 5 4 0.025876831 
904 23 27 26 0.025874615 
899 255 4 4 0.025869532 
705 462 32 28 0.025869424 
561 374 7 8 0.02586853 
815 114 3 3 0.025857974 
864 228 6 5 0.025850646 
226 357 4 5 0.02584907 
606 288 9 10 0.025845071 
513 260 5 5 0.025837757 
660 420 6 6 0.02583497 
847 236 4 4 0.02582636 
697 233 25 25 0.025825033 
822 49 4 6 0.025820354 
571 566 5 8 0.02581068 
954 190 6 5 0.025809115 
577 489 7 9 0.02579932 
744 323 6 6 0.025798008 
899 90 4 3 0.025795246 
769 56 4 5 0.025794478 
352 96 7 9 0.025790513 
711 229 5 5 0.025788303 
256 239 6 9 0.02578687 
288 389 7 6 0.025785362 
651 259 9 9 0.025779042 
904 169 4 6 0.02577338 
569 390 8 10 0.02577275 
428 261 7 6 0.025767498 
502 513 26 28 0.025767399 
828 352 22 21 0.025763132 
910 209 6 5 0.025761958 
889 291 6 7 0.025761817 
679 297 7 9 0.02575656 
667 376 28 24 0.025745004 
718 270 27 22 0.025744433 
556 448 7 10 0.025742663 
412 233 6 8 0.025742428 
118 268 9 10 0.025738671 
450 277 24 20 0.025738489 
885 310 5 5 0.02573758 
852 457 6 8 0.025735237 
369 374 7 4 0.025724065 
18 426 8 6 0.025722489 
726 240 5 5 0.02571915 
19 359 9 10 0.025716452 
55 396 13 12 0.025710309 
335 306 4 4 0.025704458 
365 389 6 4 0.025698503 
957 134 3 3 0.025690218 
802 286 4 5 0.025681747 
46 164 5 6 0.025680471 
206 168 4 7 0.025679868 
185 482 6 6 0.025677083 
552 139 7 7 0.02567611 
923 132 4 4 0.025668649 
185 141 8 9 0.025666943 
86 152 3 5 0.025664007 
707 480 10 11 0.025651144 
365 400 6 5 0.025647013 
462 333 5 3 0.025646131 
498 273 7 5 0.02564442 
250 100 26 27 0.025638537 
793 464 27 24 0.025638003 
765 274 4 5 0.025633333 
16 480 3 3 0.025631383 
830 284 6 7 0.025626017 
51 280 4 6 0.025625218 
892 109 4 4 0.025618926 
890 254 5 5 0.025613334 
863 341 8 7 0.025604146 
545 471 6 6 0.025591748 
320 99 8 9 0.025590995 
149 251 17 21 0.02558954 
185 149 8 9 0.025589025 
613 305 21 22 0.0255846 
352 382 5 4 0.025581155 
603 258 5 7 0.025577856 
516 398 24 27 0.025575146 
545 464 6 7 0.025562495 
607 341 8 10 0.025559874 
190 147 10 10 0.025552982 
859 151 5 5 0.02554811 
37 510 6 6 0.025546359 
509 134 2 3 0.025546003 
925 286 4 4 0.025545027 
975 139 4 4 0.025543755 
905 197 5 5 0.025543729 
672 76 6 5 0.025539473 
202 143 7 7 0.025539452 
557 471 5 6 0.025535583 
936 348 8 7 0.025528096 
686 56 6 5 0.025525212 
553 425 18 25 0.025524385 
924 120 3 3 0.025522782 
968 145 4 4 0.025518822 
454 271 8 6 0.025518028 
848 305 4 4 0.02551692 
53 478 4 4 0.025514593 
456 333 5 4 0.025511608 
736 286 7 6 0.025509484 
823 295 9 9 0.025503078 
928 354 5 6 0.025495758 
504 478 9 7 0.025494566 
585 499 24 23 0.025494322 
682 398 12 15 0.02549181 
268 226 6 6 0.025491135 
729 121 9 10 0.025485635 
866 254 4 5 0.025484504 
680 74 5 5 0.02548426 
300 395 5 4 0.025483567 
655 298 21 28 0.025471285 
221 154 8 9 0.02546074 
894 330 7 7 0.02544748 
924 108 4 3 0.02544466 
730 97 7 8 0.02543583 
809 234 6 6 0.025428113 
858 445 4 6 0.025425695 
753 63 3 3 0.025416115 
28 113 4 6 0.025414176 
731 145 6 5 0.025413692 
352 389 6 3 0.025411226 
150 502 27 22 0.025406957 
46 289 6 7 0.025403941 
708 418 8 11 0.02539753 
578 342 5 5 0.02539614 
930 344 4 4 0.025389818 
876 316 8 8 0.025388155 
255 97 8 8 0.025384014 
937 134 4 4 0.025382156 
723 221 7 7 0.025381004 
491 295 9 10 0.025379164 
546 125 5 5 0.025378192 
290 392 6 6 0.025378015 
53 502 4 5 0.025376288 
250 156 5 8 0.025375133 
878 271 5 6 0.02537117 
872 139 4 4 0.025366742 
1007 100 5 5 0.025354065 
94 300 9 12 0.025353773 
941 343 8 6 0.025353607 
302 408 5 5 0.025348729 
248 485 7 5 0.025347542 
512 334 25 22 0.025347492 
276 394 4 6 0.025346313 
755 88 4 5 0.02534453 
638 304 7 7 0.025343547 
327 274 5 5 0.025343118 
456 465 5 6 0.025341405 
546 229 5 5 0.025336212 
334 377 4 4 0.025333742 
899 78 3 2 0.025319625 
40 484 4 5 0.025317684 
736 120 6 6 0.025309235 
935 100 5 5 0.025293479 
901 151 6 6 0.02528746 
259 135 6 8 0.025286969 
395 369 5 5 0.02528277 
338 86 7 7 0.025280185 
870 125 6 5 0.025278721 
246 157 4 7 0.025277494 
757 122 3 3 0.025275879 
358 400 7 5 0.025274595 
168 158 4 5 0.02527182 
916 227 7 6 0.025268955 
316 265 5 5 0.025266401 
832 320 23 24 0.025263783 
966 152 5 4 0.025262285 
666 63 6 5 0.025258657 
664 389 31 32 0.025258072 
290 401 5 6 0.025250472 
534 172 29 24 0.025248908 
555 134 21 21 0.025244555 
897 227 5 5 0.025241353 
639 297 6 5 0.025237804 
965 316 7 7 0.025234718 
13 292 4 5 0.025221055 
878 285 5 6 0.025212025 
627 107 6 6 0.025211131 
935 23 7 5 0.02520598 
775 125 6 6 0.025204528 
936 83 4 3 0.025202716 
611 520 24 25 0.025191497 
740 63 2 3 0.02519 
872 343 5 5 0.02518991 
603 291 6 7 0.025178831 
697 476 9 10 0.025177293 
1001 87 4 5 0.025169032 
214 481 3 3 0.025161823 
447 431 6 7 0.025161626 
52 485 4 4 0.025160972 
101 125 6 6 0.02515617 
538 464 7 8 0.02515096 
911 396 3 3 0.02514092 
491 397 10 13 0.02513568 
910 421 4 4 0.025131362 
719 107 4 5 0.025131017 
405 369 4 4 0.025130598 
1000 334 8 9 0.025116604 
568 461 27 24 0.025107218 
864 149 7 5 0.02510402 
619 436 31 36 0.025102118 
890 247 4 5 0.025098514 
621 334 8 9 0.025097266 
419 308 8 8 0.025095673 
866 197 4 4 0.025092892 
710 381 9 15 0.025076775 
1016 175 8 11 0.025073824 
307 417 5 7 0.025071284 
450 333 5 4 0.025059786 
708 28 8 8 0.02505351 
289 252 23 21 0.02504758 
632 576 10 12 0.02504468 
494 336 5 6 0.025030281 
0 332 15 30 0.025027175 
497 499 12 10 0.025024746 
884 401 5 5 0.025021235 
580 515 24 26 0.025020735 
829 133 3 3 0.02502042 
975 151 4 4 0.025019659 
341 306 5 4 0.025018688 
590 493 11 11 0.025011238 
191 171 9 12 0.025010763 
858 311 5 5 0.025009558 
581 199 11 14 0.025005424 
491 346 9 10 0.025003681 
897 215 4 5 0.024995405 
524 496 8 7 0.024993971 
538 228 7 6 0.024987342 
314 362 7 4 0.024975982 
230 280 6 5 0.024975741 
929 273 4 6 0.024971588 
843 319 10 10 0.024955107 
888 309 6 6 0.024954598 
478 354 8 7 0.02495183 
897 233 5 5 0.02494791 
936 304 5 5 0.024947833 
936 107 4 4 0.024945682 
333 466 6 6 0.024945218 
1019 120 5 6 0.024935875 
758 102 3 3 0.024933346 
905 95 3 3 0.024925949 
652 405 7 8 0.024925658 
765 23 4 5 0.024921075 
486 476 7 7 0.024920572 
449 498 5 4 0.024913417 
489 397 26 31 0.024911651 
683 360 26 30 0.024909219 
135 541 6 6 0.024907159 
641 140 25 23 0.024907077 
943 455 4 3 0.024903225 
437 498 4 4 0.024897292 
947 151 5 4 0.024891429 
201 348 4 6 0.024891324 
972 247 7 6 0.02489094 
980 211 5 4 0.024889816 
415 386 7 7 0.02488202 
910 282 4 3 0.024875687 
437 338 5 4 0.024875011 
504 479 26 22 0.02487179 
208 78 4 7 0.024870392 
924 293 4 4 0.024862431 
73 139 3 4 0.024862036 
472 263 10 8 0.02486065 
508 141 3 2 0.024853563 
911 140 3 3 0.02485271 
968 241 4 5 0.02485103 
516 334 10 8 0.024849465 
948 183 5 5 0.024848677 
43 362 6 6 0.02484129 
835 513 21 25 0.024841072 
557 411 7 8 0.024840102 
356 85 8 10 0.024835084 
800 266 6 6 0.024830095 
108 258 5 7 0.024827778 
673 55 6 5 0.02482444 
961 227 5 5 0.024823774 
395 438 8 6 0.024819223 
177 164 11 14 0.024809867 
567 222 25 29 0.024802199 
814 254 5 5 0.024801897 
218 73 6 9 0.024800248 
814 235 5 6 0.024798803 
229 501 8 8 0.024798738 
557 500 7 9 0.02479785 
226 169 4 7 0.024781711 
166 194 6 8 0.024778623 
838 183 5 4 0.02477047 
104 381 5 6 0.024768103 
627 222 5 5 0.024763031 
269 400 5 7 0.024760654 
261 272 9 7 0.024760332 
966 304 7 5 0.024758289 
172 559 9 9 0.024756784 
168 165 4 5 0.024748871 
559 269 6 8 0.02474547 
161 157 4 5 0.024730215 
987 121 4 4 0.02472573 
625 507 8 10 0.024723351 
670 309 11 18 0.024717703 
518 285 6 6 0.02471686 
851 118 6 6 0.024710128 
321 273 5 5 0.024697477 
855 445 4 5 0.024697114 
155 548 5 6 0.024696551 
341 279 5 5 0.024681596 
322 298 23 25 0.024669008 
954 164 5 4 0.024659174 
910 77 4 3 0.024654321 
222 499 9 10 0.024653725 
360 388 5 4 0.024653345 
931 114 3 3 0.024648935 
354 116 6 8 0.024646921 
620 538 23 23 0.02463762 
702 396 9 14 0.024635695 
680 375 14 13 0.024631709 
92 106 3 5 0.024630344 
309 409 3 4 0.024629978 
840 299 5 5 0.024627618 
440 392 8 7 0.0246262 
267 128 8 11 0.02462163 
19 510 9 7 0.024619587 
473 241 7 5 0.024613198 
449 522 6 5 0.024607614 
94 496 9 7 0.024602791 
238 169 5 7 0.024597593 
530 226 8 8 0.024597187 
313 350 7 4 0.024588497 
39 330 5 5 0.024587173 
721 295 9 8 0.02458161 
50 372 7 9 0.02457002 
793 22 6 6 0.024564363 
845 452 5 5 0.02456398 
956 151 4 4 0.024559714 
993 216 4 4 0.024559274 
834 453 4 4 0.024555458 
418 300 5 6 0.02455441 
531 430 8 10 0.024551883 
935 299 5 5 0.02455065 
813 459 5 5 0.02455017 
47 491 4 4 0.024549613 
576 376 8 10 0.02454726 
882 323 6 7 0.024545126 
396 375 7 6 0.024542134 
561 492 8 11 0.02453819 
763 248 5 5 0.024537843 
237 279 6 6 0.024535691 
348 383 4 4 0.024534287 
723 400 6 7 0.024532827 
430 394 6 6 0.024528183 
823 94 3 4 0.02451939 
466 457 7 10 0.024519147 
732 44 5 3 0.024512362 
807 286 5 6 0.024510961 
1005 88 5 5 0.024505964 
968 107 5 4 0.024503646 
661 148 13 16 0.024489034 
859 318 7 6 0.024485908 
936 325 5 5 0.024484944 
504 488 9 8 0.024481755 
571 254 5 5 0.024477402 
481 383 23 26 0.02446972 
190 127 12 13 0.024469698 
314 414 4 5 0.02446905 
47 133 4 5 0.024468133 
533 441 10 11 0.024465617 
542 501 10 11 0.024445564 
87 156 4 6 0.024438826 
722 36 7 5 0.024435185 
347 305 5 5 0.024428464 
910 107 4 4 0.024409385 
359 112 5 5 0.024404557 
568 306 41 46 0.024402205 
183 549 12 14 0.024398789 
143 553 6 7 0.024394477 
321 350 5 4 0.024387395 
507 274 5 4 0.024384854 
244 343 5 6 0.024380678 
800 308 6 8 0.02438025 
197 147 11 10 0.024370575 
634 293 6 5 0.02436822 
590 269 5 9 0.024365759 
211 121 9 13 0.024352277 
517 296 8 10 0.024350982 
486 290 10 9 0.024346154 
608 238 19 26 0.024345482 
910 265 5 6 0.024338143 
650 307 9 12 0.024335612 
437 332 5 4 0.024332901 
528 447 10 12 0.024330026 
64 265 5 6 0.02432891 
759 314 8 9 0.024324918 
2 298 3 6 0.024324907 
788 23 5 6 0.024318345 
943 50 21 18 0.024318207 
569 436 6 8 0.024313191 
31 245 4 7 0.024306504 
524 290 8 8 0.024303634 
267 219 7 8 0.024302676 
617 329 6 8 0.024300748 
904 208 4 5 0.024298595 
593 556 24 25 0.024297528 
601 571 7 8 0.024291575 
834 208 5 5 0.024287805 
578 253 4 6 0.024285533 
874 186 4 3 0.02427317 
463 457 6 8 0.024272373 
292 325 24 24 0.02426279 
789 265 6 6 0.024258688 
594 284 6 7 0.024257334 
845 437 7 6 0.02424949 
87 164 3 5 0.024248902 
347 319 4 4 0.024247602 
94 504 12 10 0.024246432 
725 56 2 3 0.024244595 
609 221 5 7 0.024243928 
163 183 4 6 0.02424301 
691 359 8 10 0.024227493 
755 266 5 6 0.024218326 
523 396 11 12 0.024213012 
34 318 4 5 0.024206912 
346 80 7 6 0.024197798 
600 408 11 14 0.024193425 
914 253 6 6 0.024190135 
577 495 8 9 0.024187246 
122 111 6 8 0.02418002 
776 23 6 6 0.024169011 
745 68 3 4 0.024166139 
673 63 5 4 0.024159169 
358 100 5 6 0.024152625 
114 284 9 13 0.024147391 
838 424 9 8 0.02414589 
455 528 5 6 0.024135709 
570 386 7 8 0.024134263 
923 191 4 4 0.024133965 
556 455 7 10 0.024133459 
871 47 6 7 0.024132881 
745 121 4 4 0.024125185 
602 265 5 7 0.024115289 
39 389 5 5 0.02411236 
184 28 23 23 0.024108645 
939 221 7 7 0.024108177 
4 315 20 24 0.024099212 
595 573 7 7 0.024090087 
794 286 5 5 0.024082541 
724 100 5 5 0.024081068 
276 400 4 7 0.024072422 
848 110 27 22 0.02406993 
373 407 6 4 0.02406837 
97 105 4 6 0.024058128 
973 171 44 57 0.024055276 
577 392 20 25 0.024051003 
864 368 6 6 0.024041675 
588 399 11 11 0.024041446 
496 512 12 13 0.024041055 
891 185 4 4 0.02403866 
940 213 7 7 0.024037406 
7 381 5 6 0.024030076 
749 100 5 5 0.024022173 
1 163 4 7 0.024020743 
588 560 7 7 0.024016194 
831 317 7 7 0.024009952 
259 295 10 10 0.02400798 
918 396 4 4 0.024006175 
202 237 9 12 0.024005668 
788 40 6 7 0.024001066 
691 120 8 11 0.023996957 
864 190 4 4 0.023984253 
549 476 19 25 0.023983324 
816 454 4 4 0.0239769 
753 443 8 8 0.023970783 
96 253 5 7 0.023962215 
104 209 5 6 0.023960982 
727 83 3 3 0.023950687 
78 285 7 9 0.023948867 
800 36 5 6 0.023948345 
169 175 5 7 0.023947988 
264 426 5 6 0.02394616 
540 335 6 7 0.023942962 
897 280 4 4 0.02394142 
919 345 3 4 0.02394131 
333 311 6 7 0.023941085 
246 302 12 13 0.023939997 
165 187 6 8 0.023935478 
742 151 6 5 0.023935184 
208 87 5 7 0.02393447 
816 133 3 4 0.023934357 
466 303 8 7 0.023932528 
591 471 22 26 0.023932299 
147 535 6 7 0.023922566 
503 482 11 8 0.023922525 
314 466 4 4 0.023919003 
808 89 3 4 0.023918452 
257 126 7 7 0.02391534 
878 159 26 23 0.023913372 
743 43 6 4 0.023903724 
937 283 21 23 0.023903683 
488 325 4 5 0.023899378 
839 286 6 5 0.023899341 
73 402 11 15 0.023898883 
947 157 5 5 0.023897719 
863 310 8 7 0.023897355 
453 353 23 24 0.023894198 
3 388 41 46 0.023892984 
273 321 10 11 0.02389159 
564 486 19 23 0.023879405 
917 82 4 3 0.023879375 
393 300 4 4 0.023870863 
547 395 12 15 0.023861805 
917 134 3 3 0.023858 
756 260 5 5 0.023856817 
607 276 18 23 0.023856038 
860 171 4 4 0.0238559 
744 105 6 6 0.023848562 
886 89 3 3 0.023836011 
302 401 4 4 0.023830526 
347 428 5 4 0.023824917 
621 553 26 26 0.023818545 
38 303 5 7 0.023810051 
949 317 5 6 0.0238096 
856 431 6 7 0.02379938 
730 288 6 5 0.02379686 
912 89 3 2 0.023791218 
988 408 4 4 0.023791078 
444 498 3 4 0.023785556 
722 30 7 5 0.023784015 
490 495 23 19 0.023782061 
1000 204 4 4 0.02377536 
89 475 6 8 0.023768442 
96 381 6 7 0.023763996 
589 546 7 9 0.02376215 
948 165 5 5 0.023752868 
455 392 35 44 0.023751277 
224 116 10 12 0.023750728 
232 358 4 4 0.023745926 
626 278 7 8 0.023730246 
186 250 20 21 0.02372677 
955 215 4 5 0.023722667 
949 107 4 4 0.023717461 
78 483 5 5 0.023704505 
1005 187 6 7 0.023701614 
84 477 6 6 0.023699014 
502 134 3 3 0.023692627 
947 214 6 5 0.023689246 
917 69 3 4 0.023687068 
1009 328 8 9 0.023677967 
872 43 5 6 0.023665959 
166 481 8 8 0.023661844 
263 227 6 6 0.023646811 
869 522 23 29 0.023635508 
871 338 6 5 0.023633188 
1011 92 6 10 0.023631675 
868 327 10 9 0.023630429 
121 131 7 7 0.023625745 
600 347 7 9 0.02362398 
844 341 8 9 0.023615632 
109 491 28 25 0.02361309 
628 272 5 6 0.023611426 
173 496 30 22 0.023600228 
138 244 13 12 0.02359754 
956 233 5 5 0.023584895 
724 95 23 26 0.023584833 
942 292 7 7 0.023582105 
829 289 7 8 0.0235681 
292 273 8 6 0.023562592 
952 92 7 6 0.02355763 
245 151 5 7 0.023555199 
929 279 4 5 0.023553308 
942 157 5 5 0.023553308 
810 451 23 23 0.023546873 
822 101 3 4 0.02354471 
587 214 12 14 0.023542963 
658 231 11 11 0.023540165 
878 408 5 6 0.023538554 
135 554 6 6 0.023538299 
366 315 5 6 0.02353728 
835 337 13 12 0.023530902 
59 310 5 6 0.023527805 
20 280 4 5 0.023523664 
614 321 8 9 0.023521781 
483 301 39 47 0.023521246 
238 164 4 6 0.023520477 
597 327 19 24 0.023517566 
724 145 5 5 0.023516603 
309 255 5 5 0.02351212 
529 139 3 3 0.023510765 
751 152 4 4 0.023509772 
510 297 10 9 0.023503574 
609 380 7 10 0.023497563 
728 105 8 8 0.02349428 
155 207 5 7 0.023493422 
507 260 4 4 0.023489855 
207 49 4 5 0.02348876 
202 276 9 8 0.023487838 
194 486 24 20 0.023486553 
231 168 4 8 0.023486307 
814 305 20 18 0.023486279 
849 487 10 11 0.023482412 
641 362 25 26 0.0234788 
525 284 6 7 0.023472799 
987 112 4 5 0.023472494 
573 423 8 10 0.023464985 
270 142 26 33 0.023463978 
385 432 6 6 0.023461046 
812 340 12 11 0.02345951 
740 266 7 5 0.02345795 
534 447 10 12 0.023455657 
871 293 4 5 0.023455026 
843 27 9 7 0.023452738 
486 248 7 5 0.023451217 
812 46 5 8 0.023450995 
454 349 7 5 0.023433434 
744 76 3 3 0.023432894 
811 499 23 25 0.023430219 
691 68 5 5 0.023428993 
33 112 3 6 0.023422742 
904 286 4 4 0.023418363 
364 395 7 5 0.02341404 
173 179 7 10 0.023413729 
894 520 9 10 0.023412256 
301 247 7 6 0.02340589 
41 157 3 6 0.02340079 
316 94 5 5 0.023400499 
125 291 8 10 0.023398208 
192 497 28 22 0.02339702 
621 271 6 8 0.023396777 
922 252 7 7 0.023391875 
27 164 3 5 0.023391781 
585 354 23 27 0.023388013 
885 291 5 6 0.023386825 
863 337 8 7 0.023386676 
127 252 7 8 0.023379846 
660 233 23 28 0.023376515 
207 61 4 6 0.023375735 
163 252 9 10 0.023374792 
903 311 5 5 0.023374194 
718 102 4 4 0.023373682 
303 266 5 5 0.023371734 
789 50 5 6 0.023368219 
196 173 8 10 0.02336509 
866 150 24 23 0.023364998 
462 448 6 10 0.023352735 
640 258 7 7 0.023351444 
610 260 4 5 0.023348147 
539 485 5 5 0.023347428 
975 177 4 4 0.023335235 
830 298 7 7 0.023335207 
628 266 5 6 0.023333644 
274 274 7 5 0.023319224 
499 266 5 5 0.02331465 
110 270 5 7 0.02330711 
255 213 5 6 0.0233003 
623 216 4 5 0.023294678 
512 254 6 6 0.023294676 
961 241 5 5 0.023291538 
910 426 4 4 0.023289027 
543 489 6 8 0.023288118 
731 36 7 5 0.023281487 
531 490 6 6 0.023280645 
141 297 6 8 0.02327935 
580 532 9 11 0.023276554 
341 377 4 4 0.023275323 
249 136 7 8 0.023273902 
627 240 5 6 0.023273462 
595 221 22 28 0.023271626 
935 251 6 8 0.023270486 
658 225 8 11 0.023270389 
843 495 11 12 0.023258837 
924 457 11 7 0.023258261 
582 169 22 21 0.023249267 
613 555 12 12 0.023246823 
757 311 7 9 0.023242373 
262 381 6 7 0.023234036 
202 120 20 26 0.023232412 
820 297 7 8 0.02323225 
190 141 10 9 0.023231093 
134 547 6 7 0.023230061 
497 323 11 15 0.023227327 
648 292 6 5 0.0232247 
445 286 25 19 0.023223428 
957 457 8 6 0.02322021 
493 273 22 20 0.023219075 
934 353 8 8 0.023218516 
923 144 5 5 0.023211014 
411 339 5 4 0.023203567 
185 140 24 22 0.023191782 
834 5 5 4 0.02318825 
803 11 4 4 0.023186944 
57 284 7 9 0.023186106 
892 90 3 3 0.023180757 
602 230 8 10 0.023180658 
538 478 6 6 0.023179729 
193 484 6 6 0.023178766 
876 227 6 6 0.023178544 
557 464 6 7 0.023176795 
749 132 5 5 0.02317446 
809 55 4 4 0.023167085 
240 70 4 5 0.023165673 
631 546 9 10 0.023165558 
60 504 3 4 0.023163859 
762 152 6 5 0.0231599 
384 437 8 6 0.02315854 
443 510 5 5 0.023157451 
971 330 8 8 0.023155104 
534 269 3 3 0.023151044 
846 292 6 5 0.023150781 
723 316 23 20 0.023150232 
635 255 26 27 0.023143223 
26 311 5 6 0.023140056 
224 136 7 9 0.023138853 
981 171 6 5 0.023138436 
685 238 7 8 0.023134599 
185 99 21 26 0.02313159 
869 424 10 10 0.02313136 
563 527 7 9 0.02313045 
260 290 9 7 0.023122404 
801 234 6 6 0.02312083 
423 491 5 5 0.023119826 
882 131 20 23 0.023117581 
697 457 8 11 0.023117568 
231 112 22 27 0.02311251 
672 339 29 29 0.023110399 
713 107 4 5 0.023107242 
170 173 9 11 0.023101786 
723 123 9 10 0.023101458 
203 295 12 10 0.02309078 
860 166 4 4 0.023088736 
711 44 6 5 0.023084233 
41 312 3 4 0.023083804 
953 81 5 4 0.023081468 
870 272 5 5 0.02308108 
37 335 6 7 0.02308083 
352 395 6 5 0.02307881 
394 464 9 7 0.02307731 
937 198 4 3 0.023075731 
742 273 6 6 0.023075037 
977 335 7 9 0.023071926 
620 496 7 6 0.023071894 
795 293 5 5 0.023071766 
274 279 8 5 0.023071675 
592 352 9 11 0.023066672 
930 326 4 4 0.02306434 
423 292 6 6 0.023059214 
14 258 4 6 0.023059124 
616 321 23 26 0.023052275 
32 263 5 8 0.023042893 
617 259 4 6 0.023042062 
737 240 5 5 0.023038536 
359 426 5 5 0.023038514 
387 71 27 20 0.02303604 
809 178 4 5 0.023035724 
968 115 4 4 0.023035234 
244 375 5 6 0.023034668 
507 234 24 24 0.023030955 
421 313 22 22 0.023027781 
928 303 6 5 0.023025483 
546 234 5 5 0.023021031 
769 10 4 4 0.0230155 
769 0 4 3 0.023010084 
777 0 4 3 0.023005245 
676 475 26 25 0.023003688 
517 253 7 7 0.02300244 
809 114 3 4 0.022979222 
272 427 3 5 0.022976242 
441 420 7 6 0.02297464 
930 138 4 4 0.022971682 
555 393 8 8 0.022971302 
31 423 7 7 0.022966636 
201 293 24 23 0.022964677 
63 258 7 8 0.022964275 
553 321 9 11 0.022959007 
804 437 24 26 0.022955356 
516 133 2 3 0.022954669 
545 310 18 25 0.022954542 
328 135 25 31 0.022950154 
811 347 11 9 0.022948885 
192 479 5 4 0.02294447 
974 293 4 4 0.022943553 
724 395 5 6 0.02294205 
865 278 4 5 0.02293933 
660 219 7 8 0.022939116 
217 94 45 46 0.022935828 
600 244 18 24 0.022935446 
789 0 4 3 0.022933045 
195 115 9 12 0.022926718 
128 232 8 8 0.022919942 
664 300 11 14 0.02291912 
683 355 9 8 0.022918364 
396 309 5 7 0.022917997 
304 369 5 4 0.022916835 
958 188 8 6 0.022911767 
821 464 5 5 0.022902315 
537 440 24 26 0.022900144 
289 84 7 12 0.022897618 
181 155 21 21 0.022896245 
793 270 6 8 0.022885885 
809 271 5 6 0.022882136 
935 285 6 6 0.022881387 
130 440 6 5 0.022878367 
965 309 7 7 0.022876456 
930 292 6 6 0.022870831 
711 396 8 13 0.02286828 
179 489 7 7 0.022866966 
883 343 5 6 0.02285997 
613 277 8 9 0.022859726 
627 369 91 84 0.022852564 
91 385 6 8 0.022852488 
552 470 6 7 0.022850897 
1014 171 4 7 0.022846313 
333 413 4 5 0.022846034 
491 233 24 23 0.022843335 
301 350 6 4 0.022842078 
295 301 48 40 0.022838937 
72 99 5 6 0.022838475 
359 420 5 5 0.022834083 
211 222 4 7 0.02283276 
974 229 4 4 0.022830438 
903 304 4 5 0.02282942 
825 30 6 5 0.022827452 
774 258 5 6 0.022825763 
182 180 9 12 0.022816772 
692 355 7 7 0.022810671 
607 314 44 47 0.022808053 
934 146 5 4 0.022806624 
259 426 4 6 0.022798901 
641 104 5 7 0.022798482 
725 387 5 7 0.02279828 
50 288 6 8 0.022797398 
997 419 11 9 0.022797287 
635 81 5 5 0.02279656 
498 502 24 25 0.022793729 
433 324 24 23 0.022790441 
933 291 6 6 0.022786498 
468 332 5 4 0.022785796 
797 363 14 14 0.022785366 
577 355 5 7 0.022783596 
753 161 10 8 0.022779766 
354 419 5 6 0.022777924 
956 407 4 4 0.022777284 
815 239 5 6 0.022775413 
687 189 25 25 0.02276691 
178 185 10 13 0.022765255 
128 111 7 8 0.02276485 
863 220 8 6 0.022761866 
641 196 26 28 0.02275939 
876 527 8 10 0.022758275 
81 418 8 9 0.022755178 
310 431 5 7 0.02275097 
601 314 9 9 0.022748962 
511 310 8 9 0.022741929 
899 191 48 48 0.022741199 
79 479 4 4 0.022735609 
611 393 10 14 0.022731503 
732 237 4 3 0.02272457 
1006 54 5 6 0.022724466 
586 505 11 12 0.022722183 
537 501 8 8 0.022714619 
590 208 14 16 0.0227108 
706 69 4 4 0.022706887 
693 192 10 12 0.022703873 
300 278 7 6 0.022701487 
694 473 25 27 0.02269802 
852 42 6 7 0.022697462 
436 273 6 5 0.022694534 
52 133 4 5 0.022693723 
842 76 3 4 0.022690132 
70 490 6 5 0.02268758 
599 211 8 10 0.022683373 
619 368 13 16 0.022677843 
572 355 5 7 0.02267601 
595 521 69 49 0.022675565 
50 405 7 8 0.02267516 
904 109 4 3 0.022672374 
14 279 4 5 0.02266771 
187 114 21 25 0.022662276 
443 265 6 6 0.022658681 
543 403 8 10 0.02265545 
577 439 6 6 0.022647373 
290 237 25 26 0.022643205 
972 171 4 4 0.022642018 
262 105 7 7 0.022641774 
572 410 9 10 0.022635425 
828 216 3 3 0.022632139 
155 143 6 7 0.022631763 
270 95 4 5 0.022629064 
507 255 5 5 0.022620441 
458 282 11 9 0.02261415 
446 427 6 6 0.022613809 
484 402 10 14 0.022611715 
800 342 6 8 0.022609599 
281 329 8 8 0.022602862 
578 330 5 7 0.022600621 
92 183 3 5 0.022600533 
318 109 10 11 0.022599606 
96 490 7 6 0.022597698 
841 313 22 22 0.022593077 
34 491 5 5 0.022591097 
103 386 6 8 0.022590285 
160 137 5 7 0.022586554 
879 190 4 4 0.02258637 
232 164 4 6 0.022576783 
767 322 11 11 0.022568958 
556 221 23 25 0.02256889 
974 304 4 5 0.02256789 
444 391 9 9 0.022560108 
918 299 4 4 0.02255992 
447 310 9 7 0.022559794 
625 534 9 9 0.022556202 
902 317 6 6 0.02255591 
227 215 4 6 0.022552561 
573 448 10 12 0.022547552 
540 517 11 16 0.022546664 
885 215 5 5 0.022545261 
443 333 5 4 0.022541953 
577 510 55 48 0.022538496 
69 316 11 11 0.02253827 
316 275 4 4 0.022536807 
527 133 3 4 0.022536704 
777 10 4 4 0.022531245 
655 273 181 150 0.022524409 
667 286 5 5 0.022524156 
497 296 8 8 0.022523217 
923 34 22 25 0.022518132 
764 102 3 3 0.02251761 
48 266 5 7 0.022513485 
322 88 5 4 0.022512339 
864 420 22 24 0.02250915 
989 139 3 4 0.022501308 
871 220 6 5 0.022495909 
282 285 8 6 0.022490546 
441 435 10 9 0.022490298 
687 203 30 28 0.022489214 
549 418 8 8 0.022488518 
172 112 8 9 0.022487018 
119 172 22 25 0.022485336 
566 243 4 3 0.022485057 
828 332 14 13 0.022474531 
588 365 8 10 0.022461899 
333 351 5 4 0.022456832 
103 490 5 5 0.022454208 
430 497 4 5 0.022452207 
211 152 6 5 0.022450686 
840 306 4 4 0.022445377 
587 487 48 42 0.022442598 
162 171 4 5 0.022438806 
787 247 6 6 0.022436505 
483 128 3 3 0.022432461 
837 422 27 23 0.022431081 
642 523 6 5 0.022420028 
848 299 5 4 0.022417963 
158 573 10 9 0.022416107 
158 548 26 28 0.022415424 
581 536 20 26 0.022414824 
679 233 6 7 0.022412121 
390 356 5 3 0.022409355 
347 439 5 5 0.022407621 
467 448 6 10 0.022405239 
198 93 36 48 0.022403594 
848 119 4 5 0.022402257 
226 360 5 6 0.022400353 
370 290 21 23 0.022399573 
575 387 6 7 0.022398446 
606 329 8 9 0.022395846 
143 471 28 23 0.022393987 
433 285 24 19 0.022388518 
845 221 5 5 0.022384422 
949 80 5 5 0.022379966 
464 296 9 8 0.022379693 
210 278 6 6 0.022376942 
282 343 6 6 0.022369396 
36 343 7 8 0.022367341 
896 460 5 4 0.022361407 
366 408 5 4 0.022360008 
365 107 4 5 0.022350637 
646 405 7 8 0.022348147 
905 395 4 4 0.022345884 
329 132 12 15 0.02234334 
148 158 5 5 0.022341542 
484 226 23 22 0.02234036 
346 376 5 4 0.022336576 
850 466 41 43 0.022335805 
740 298 9 8 0.022335062 
821 322 12 10 0.022333307 
130 547 5 7 0.022323424 
98 139 4 4 0.02231124 
7 299 4 5 0.022305405 
803 127 4 3 0.022299431 
265 207 9 10 0.022295715 
583 196 8 9 0.022292659 
986 330 7 7 0.022291142 
928 30 7 6 0.022289956 
916 63 4 4 0.022289956 
262 386 6 7 0.022288088 
522 462 9 9 0.022285677 
583 271 6 7 0.022272535 
841 460 5 4 0.022265177 
314 388 5 4 0.022263525 
608 348 7 9 0.022262499 
923 61 5 5 0.02226241 
635 248 6 6 0.02226136 
74 133 3 4 0.022260709 
583 224 7 9 0.02225882 
816 217 3 3 0.022258364 
511 496 7 7 0.022258032 
943 107 4 4 0.02225762 
684 618 23 20 0.022257581 
293 278 8 8 0.02225656 
641 253 8 7 0.022246942 
330 126 12 13 0.02224655 
635 543 24 22 0.022240961 
462 310 7 6 0.022240372 
848 185 4 3 0.022231672 
571 266 4 5 0.022228165 
615 342 6 8 0.022227503 
583 438 6 7 0.022225391 
541 525 8 12 0.022224968 
117 144 5 7 0.02222279 
613 199 79 77 0.022221277 
110 125 5 6 0.022219809 
605 334 8 10 0.022217529 
800 315 8 8 0.02221635 
341 427 4 5 0.02221052 
684 218 8 10 0.02220946 
796 425 24 26 0.02220652 
809 228 5 5 0.022206401 
449 230 5 4 0.02220568 
361 305 5 6 0.022205459 
684 166 28 28 0.022203367 
882 316 6 7 0.02220158 
933 329 29 23 0.022199955 
320 382 6 4 0.022199359 
159 553 6 8 0.022196013 
227 480 3 4 0.022195134 
724 51 3 4 0.022193303 
213 49 4 6 0.022191036 
490 122 3 3 0.022190738 
418 430 12 10 0.022185262 
365 382 7 4 0.022181654 
915 22 8 8 0.022181487 
447 365 9 9 0.022177858 
625 307 23 22 0.022167308 
562 518 8 10 0.02216635 
863 349 8 7 0.022160353 
915 215 6 6 0.022159122 
406 300 5 4 0.022156939 
787 53 6 8 0.022155901 
493 355 24 27 0.022153834 
714 88 3 4 0.022153666 
85 466 3 4 0.022153584 
144 536 5 6 0.02214697 
543 495 7 8 0.022146143 
423 483 5 5 0.02214377 
525 320 7 9 0.02214247 
96 130 6 6 0.022141445 
78 133 4 4 0.02213852 
265 283 9 7 0.022133853 
482 332 5 5 0.022133581 
696 450 28 32 0.022133538 
934 150 6 6 0.022127926 
731 150 6 6 0.022123588 
650 170 26 25 0.022122942 
979 138 5 5 0.022122819 
231 209 3 4 0.022117682 
822 119 3 4 0.022116482 
743 83 4 3 0.022115346 
120 84 21 26 0.022113703 
661 214 6 8 0.022113152 
492 248 7 6 0.022111312 
574 336 23 26 0.02211096 
915 219 6 7 0.02210684 
871 158 6 5 0.022100033 
552 134 5 4 0.022095433 
929 24 6 5 0.022092454 
14 304 5 5 0.02208371 
413 370 4 4 0.022077821 
312 419 6 6 0.02207662 
924 324 3 5 0.02207396 
548 501 43 48 0.022070179 
653 92 7 7 0.022064555 
823 55 3 4 0.022061067 
626 502 8 9 0.022060461 
614 348 7 9 0.022059932 
354 427 4 5 0.022055708 
609 383 24 30 0.02205526 
947 196 6 4 0.022054804 
366 426 7 6 0.022051547 
725 151 6 5 0.022049753 
865 203 6 4 0.022049328 
864 241 5 6 0.022049055 
240 75 4 5 0.022047283 
478 247 8 6 0.022047278 
220 481 3 3 0.022045175 
594 373 9 9 0.022044253 
134 111 8 9 0.022043051 
569 528 7 8 0.022042848 
43 466 3 4 0.022038316 
155 445 8 6 0.022032889 
303 376 5 5 0.02203173 
856 455 7 10 0.02203093 
907 272 5 6 0.022027062 
838 222 6 5 0.022023566 
397 388 7 5 0.02201868 
690 86 7 8 0.022017201 
319 361 7 5 0.022014514 
121 136 7 8 0.022013923 
495 324 5 7 0.02201365 
795 18 5 4 0.022013087 
542 493 20 25 0.022010295 
219 283 20 19 0.022009328 
835 152 4 4 0.02200735 
790 326 10 10 0.0220043 
389 393 6 5 0.022003364 
873 319 10 11 0.02200138 
917 433 4 4 0.02199899 
723 30 24 20 0.02199385 
413 585 24 22 0.021992365 
872 286 4 5 0.021988504 
600 219 8 10 0.021984247 
212 145 5 5 0.021983687 
51 498 5 5 0.021980716 
378 389 5 4 0.021978676 
585 126 24 27 0.02197781 
590 232 7 7 0.021974565 
948 330 7 6 0.021973655 
960 101 5 4 0.021972805 
793 48 6 7 0.021966534 
46 311 4 5 0.02196555 
147 531 23 26 0.02196449 
359 414 4 5 0.021963896 
919 269 74 97 0.021957438 
762 29 6 6 0.02195617 
596 470 112 95 0.02195579 
530 470 8 8 0.021952752 
436 277 7 7 0.021946393 
137 94 4 5 0.021944162 
129 554 6 6 0.021943541 
878 293 4 5 0.021943465 
802 16 5 5 0.021941204 
966 227 5 5 0.021940261 
835 222 5 5 0.021938777 
760 39 8 8 0.021938713 
892 101 4 3 0.021937659 
725 229 5 5 0.021936009 
451 324 24 21 0.021927817 
482 512 11 12 0.021924365 
613 502 9 10 0.021916455 
48 138 4 5 0.021911982 
128 126 8 7 0.021911725 
485 226 9 8 0.021906821 
856 486 9 12 0.021905629 
697 219 8 8 0.021904115 
1001 81 5 6 0.021902792 
456 374 6 6 0.021901105 
580 571 8 8 0.021900643 
104 113 4 5 0.021900548 
193 347 6 8 0.02189991 
66 319 20 21 0.021899799 
540 274 4 4 0.021899575 
566 235 5 4 0.02189835 
645 112 11 13 0.021895528 
417 339 5 4 0.021893375 
447 275 10 9 0.021886962 
484 141 3 3 0.021884652 
815 55 3 5 0.021882467 
348 459 4 5 0.021874115 
171 570 13 14 0.021873906 
744 248 4 4 0.02187384 
679 87 5 6 0.02186822 
737 156 8 7 0.02186567 
812 15 6 5 0.021864718 
496 146 3 3 0.021862939 
340 284 6 6 0.021860283 
280 374 6 7 0.021858098 
949 446 5 5 0.021854153 
555 398 8 10 0.021853117 
549 125 6 5 0.021853117 
213 297 22 26 0.021851666 
764 12 4 4 0.021851156 
341 298 5 6 0.021848898 
170 477 8 7 0.021845618 
523 409 11 13 0.02183594 
231 361 4 5 0.021835055 
309 144 28 34 0.02183038 
478 525 9 11 0.021826627 
65 497 4 5 0.021823552 
39 497 6 5 0.021819936 
108 281 19 24 0.021817453 
688 224 25 27 0.021815812 
659 80 7 6 0.021815563 
106 242 33 44 0.02181143 
973 183 5 5 0.021809455 
851 327 25 23 0.021807106 
16 473 3 4 0.021801246 
828 106 3 5 0.021801058 
399 352 4 3 0.021800406 
616 235 5 6 0.021791559 
581 441 9 10 0.021789948 
124 94 5 5 0.021783661 
410 362 5 5 0.021783046 
164 180 71 96 0.021782447 
733 423 26 25 0.021779476 
884 101 4 4 0.021779057 
616 210 5 5 0.021776574 
303 321 26 27 0.021776367 
741 157 8 6 0.021772183 
478 346 25 23 0.021770291 
808 278 5 6 0.02177002 
558 418 7 9 0.021769378 
630 114 10 12 0.021766627 
549 501 7 10 0.021766579 
636 351 15 16 0.021763014 
59 132 4 5 0.021762297 
582 284 6 7 0.021758735 
119 289 17 25 0.021757655 
934 459 6 4 0.021754548 
248 162 8 11 0.021752037 
656 375 12 13 0.021750452 
764 278 6 6 0.021749683 
608 476 6 7 0.021743828 
766 5 3 4 0.021736993 
828 464 5 4 0.021730684 
662 345 14 13 0.021730557 
925 281 3 3 0.021729201 
156 541 5 6 0.021725716 
234 422 3 4 0.021724258 
584 234 6 6 0.021720633 
552 229 4 5 0.021716377 
834 432 5 5 0.021715691 
838 5 5 4 0.021713877 
363 71 24 22 0.021708826 
181 299 20 25 0.021704942 
582 355 7 8 0.021703811 
498 291 7 6 0.021701708 
744 112 5 5 0.021701073 
457 208 26 22 0.02169062 
542 412 7 9 0.021689713 
956 361 13 13 0.021685263 
179 549 9 11 0.02168521 
71 497 5 5 0.021684337 
555 513 9 12 0.02168377 
525 336 8 6 0.021682885 
385 364 5 3 0.021680806 
974 75 5 5 0.021676695 
982 95 4 4 0.021675017 
821 279 5 5 0.021674357 
281 380 6 6 0.02167162 
59 304 5 7 0.021669071 
220 138 6 7 0.02166895 
179 483 7 7 0.021668535 
572 354 20 24 0.02166412 
236 143 7 8 0.021661377 
995 146 4 4 0.021659339 
330 110 12 12 0.021658808 
821 134 3 4 0.021657525 
317 515 134 93 0.021655597 
896 465 6 5 0.021652132 
694 393 14 19 0.021645484 
357 118 6 6 0.021641262 
572 442 21 24 0.021641053 
160 207 6 7 0.02163987 
236 135 7 9 0.021635056 
931 402 3 3 0.02163406 
928 265 6 7 0.021633677 
25 503 9 7 0.02162907 
104 254 5 6 0.021627452 
954 297 81 90 0.021625185 
759 439 26 30 0.021625027 
923 113 4 4 0.02162498 
860 235 4 4 0.02162364 
255 378 8 9 0.021619279 
159 496 9 7 0.02161848 
897 34 28 27 0.021615341 
1004 130 6 6 0.021613255 
243 386 6 9 0.02161178 
398 394 5 5 0.02161072 
864 157 6 6 0.021610219 
20 495 7 7 0.021608943 
464 350 25 22 0.021607399 
895 470 6 6 0.021607287 
95 392 7 8 0.021605873 
897 170 5 7 0.021604657 
175 100 5 6 0.021604422 
431 345 5 4 0.021600861 
799 407 7 8 0.02159591 
469 528 22 23 0.021593936 
891 331 6 6 0.021593839 
261 507 32 30 0.0215744 
577 183 22 27 0.02157433 
891 216 4 4 0.021574067 
775 295 14 13 0.021571219 
52 322 5 6 0.02156987 
398 421 5 5 0.021567395 
557 278 5 7 0.021567024 
699 70 4 4 0.02156544 
263 153 8 14 0.021564694 
435 352 23 21 0.021562535 
335 274 4 5 0.021555347 
92 267 4 5 0.021552501 
225 227 5 7 0.021550667 
954 158 5 5 0.02155041 
538 470 6 8 0.021544626 
916 157 6 6 0.021542117 
273 349 22 21 0.021541502 
827 460 4 4 0.021538246 
14 515 6 6 0.021536272 
502 504 13 14 0.021536103 
203 114 9 13 0.021533139 
577 361 6 8 0.021531885 
455 402 10 10 0.021531858 
456 381 6 6 0.021530645 
453 430 6 8 0.02153046 
593 489 9 10 0.021529708 
828 4 4 4 0.021528438 
610 539 11 10 0.021527346 
7 389 4 5 0.021525405 
823 82 3 3 0.021524008 
626 339 9 11 0.021521488 
444 313 24 23 0.02151993 
52 138 4 5 0.021519084 
140 464 7 7 0.021513974 
692 79 6 7 0.02150977 
59 498 4 4 0.021495625 
926 274 3 4 0.021494988 
605 294 21 23 0.021494238 
954 177 5 4 0.02149322 
940 347 10 9 0.02149244 
104 272 4 6 0.021491816 
630 495 31 29 0.021490294 
759 33 8 8 0.021485228 
316 461 4 3 0.021484276 
543 220 22 26 0.021475345 
558 234 4 5 0.021474224 
732 410 11 12 0.021473957 
606 295 9 10 0.021473302 
789 308 10 9 0.021473069 
918 428 4 4 0.021470264 
619 537 11 12 0.021468576 
831 309 7 8 0.021464627 
152 117 7 9 0.021459674 
104 95 4 5 0.021455038 
898 402 4 4 0.021451965 
954 446 6 5 0.021447722 
196 207 18 28 0.021446016 
941 246 6 6 0.021440176 
161 152 4 6 0.021439932 
742 99 7 7 0.021423476 
238 343 5 5 0.021419829 
218 78 8 11 0.021417983 
760 323 20 21 0.021417813 
326 261 5 5 0.021416798 
35 474 3 3 0.021415686 
410 300 4 5 0.021410918 
499 478 9 7 0.021405557 
525 279 5 4 0.021402592 
30 504 8 7 0.021402458 
939 307 25 24 0.021398265 
847 343 20 20 0.021396846 
311 379 8 7 0.02139575 
63 297 7 10 0.021395223 
30 364 20 21 0.021393225 
966 324 7 7 0.021389468 
389 139 240 176 0.021387173 
175 129 22 24 0.021385036 
71 504 4 5 0.021384692 
926 258 8 9 0.021384051 
600 353 8 9 0.021380581 
941 88 4 4 0.021374326 
369 317 6 6 0.021372028 
974 99 6 6 0.021367362 
224 232 6 9 0.021356462 
250 150 6 8 0.021355912 
101 131 7 7 0.02135548 
981 215 4 4 0.021355052 
689 414 28 27 0.021354722 
845 458 6 7 0.021354452 
678 226 7 8 0.021353984 
354 319 4 4 0.021351596 
737 467 15 15 0.021344213 
354 415 4 4 0.021339366 
383 305 6 6 0.021339277 
496 141 3 3 0.021334201 
262 117 9 10 0.021333672 
92 253 4 5 0.021333199 
526 426 22 27 0.02132537 
754 450 7 7 0.021322707 
569 515 20 27 0.021320319 
758 76 4 4 0.021319529 
689 218 10 10 0.02131757 
342 103 10 9 0.021314489 
102 339 65 96 0.021314329 
186 470 7 6 0.021307826 
110 203 4 5 0.021306565 
259 349 23 23 0.021300947 
640 532 9 8 0.021300262 
888 316 7 8 0.02129776 
890 406 6 6 0.021294463 
733 50 4 3 0.021294022 
332 96 25 23 0.021292152 
685 425 6 8 0.02128901 
424 509 5 5 0.021288881 
72 467 4 3 0.021287913 
435 395 8 5 0.02128601 
649 365 13 15 0.021283308 
91 467 3 3 0.021279834 
373 389 5 4 0.021278149 
89 420 7 7 0.02127738 
569 313 22 25 0.021271084 
998 60 6 6 0.02126991 
597 404 21 28 0.021269448 
367 300 4 4 0.02126492 
255 222 6 6 0.021264667 
736 247 6 5 0.021263389 
955 106 4 4 0.021261832 
8 291 4 6 0.02126131 
587 194 11 13 0.021254543 
268 99 4 5 0.021254033 
764 94 4 4 0.02125366 
870 36 5 6 0.021252817 
495 449 31 25 0.02125128 
933 258 7 8 0.021248274 
383 472 8 6 0.021245502 
90 132 4 5 0.02124335 
179 559 10 11 0.02124037 
439 428 11 11 0.021237547 
126 164 24 25 0.021230564 
686 80 5 6 0.021224802 
516 551 9 11 0.021223878 
503 327 13 17 0.021223864 
599 508 10 10 0.021221753 
129 104 5 7 0.021219341 
179 413 6 9 0.02121419 
660 94 7 5 0.02121369 
268 233 7 8 0.021210723 
671 234 7 8 0.021205762 
608 572 7 7 0.021202583 
659 368 8 10 0.021196777 
377 383 6 4 0.02119394 
360 106 4 5 0.021186242 
738 77 3 3 0.021182658 
279 256 20 18 0.021179928 
871 348 7 7 0.021179918 
98 151 4 6 0.021179268 
975 160 4 3 0.02117567 
316 326 26 24 0.021174219 
905 189 5 4 0.021170173 
853 70 3 4 0.02116981 
878 163 5 5 0.021168934 
729 595 28 21 0.021166567 
546 254 5 5 0.021166213 
187 288 14 12 0.021166177 
332 427 5 5 0.021165866 
110 139 5 5 0.021160092 
751 82 4 4 0.02115813 
469 247 6 5 0.021156088 
925 451 10 6 0.021154398 
346 312 5 5 0.02114959 
423 279 5 5 0.021147585 
980 232 6 7 0.021141471 
136 100 4 6 0.021132719 
212 138 6 7 0.021132298 
495 531 11 12 0.021126999 
981 69 4 4 0.021121757 
366 100 5 6 0.021121 
629 389 25 27 0.021119898 
474 291 7 7 0.02111764 
999 317 6 7 0.0211174 
262 139 8 12 0.021115739 
429 503 5 6 0.021112775 
590 190 6 7 0.021107368 
230 142 7 9 0.021102846 
42 471 4 4 0.021102581 
302 386 7 7 0.021101648 
529 330 7 7 0.021101614 
589 540 7 9 0.021101497 
458 338 41 49 0.021100584 
121 126 6 5 0.021099545 
992 132 5 5 0.021098403 
251 240 5 6 0.021097837 
916 30 5 5 0.021090643 
491 300 9 11 0.021087173 
956 101 5 4 0.021086136 
588 347 9 10 0.021085557 
897 155 6 7 0.02108339 
701 482 12 15 0.021083262 
549 408 10 11 0.021081377 
756 246 5 6 0.021079216 
930 312 4 4 0.021077916 
715 405 10 15 0.0210753 
98 100 4 5 0.021073122 
1017 51 7 11 0.02107163 
912 115 3 4 0.021069976 
500 248 6 5 0.021058554 
106 204 4 4 0.021058109 
510 487 10 8 0.02105768 
468 413 23 31 0.021057446 
560 525 21 26 0.021054009 
166 240 6 8 0.021052206 
19 304 5 5 0.021047032 
423 497 5 5 0.02104132 
490 225 10 9 0.02104059 
20 170 4 6 0.021038702 
111 132 5 6 0.021035653 
834 446 4 5 0.021033993 
214 143 19 22 0.02103055 
917 115 4 3 0.021029959 
202 270 9 9 0.021029476 
79 242 4 5 0.021026189 
557 285 5 8 0.021023631 
703 424 9 10 0.021020481 
186 208 4 6 0.021019839 
452 337 24 20 0.021015763 
456 255 5 4 0.02101495 
46 357 4 5 0.021014836 
325 111 10 9 0.021014428 
96 259 4 6 0.021014273 
53 512 4 4 0.021012427 
865 49 4 5 0.021009542 
229 115 10 11 0.021006161 
1006 139 4 5 0.021005841 
207 55 3 5 0.02100211 
207 209 3 5 0.021001458 
485 353 9 8 0.020997992 
502 434 28 24 0.02099591 
129 561 5 6 0.020995125 
20 312 4 5 0.02099489 
64 504 5 4 0.020989638 
449 255 5 4 0.02098861 
822 108 3 4 0.020985538 
373 113 3 5 0.020985497 
674 114 20 24 0.020983757 
817 146 3 3 0.02098331 
552 234 4 5 0.020980423 
316 100 6 7 0.020978907 
211 215 4 6 0.020978674 
516 227 9 7 0.02097637 
296 351 5 4 0.020972282 
224 236 7 11 0.020970087 
446 297 10 8 0.020965813 
365 112 4 5 0.020964652 
336 109 11 10 0.020961314 
-10 315 75 85 0.020958193 
991 197 5 4 0.020955717 
801 24 5 5 0.020954216 
898 395 4 4 0.02095007 
933 464 8 5 0.02094534 
671 239 7 8 0.020945188 
763 141 4 3 0.020943258 
905 216 5 5 0.020942 
627 226 5 7 0.02094099 
244 330 25 24 0.020940265 
956 403 4 4 0.020939866 
968 247 5 5 0.020938702 
980 75 4 4 0.020936158 
702 494 10 11 0.020935563 
502 122 2 3 0.02093325 
142 541 6 6 0.020932341 
344 287 23 24 0.020931315 
354 311 5 5 0.020927588 
962 406 5 6 0.020924488 
930 120 4 3 0.020923924 
892 69 4 4 0.020920573 
492 391 9 11 0.020920487 
117 138 5 6 0.020919254 
499 241 6 5 0.020917881 
516 546 9 9 0.020916969 
291 317 5 6 0.020912504 
496 114 3 3 0.020908924 
718 118 5 7 0.02090828 
523 489 9 7 0.020903084 
165 591 9 9 0.020895721 
614 341 28 30 0.020893281 
736 278 7 7 0.020892588 
539 342 5 7 0.020885773 
282 322 6 7 0.020880839 
555 138 10 9 0.020880053 
752 11 5 4 0.020878265 
142 99 5 6 0.020877693 
963 75 5 4 0.02087716 
715 385 6 11 0.020871272 
917 77 4 3 0.020871213 
59 139 4 4 0.020870741 
1000 228 4 5 0.020870367 
303 417 5 9 0.020869162 
580 525 9 11 0.020868193 
585 553 6 6 0.020867268 
839 152 4 4 0.020865643 
624 92 25 26 0.020862795 
691 240 6 6 0.020858457 
289 350 6 5 0.020856243 
664 227 7 9 0.020855507 
516 463 9 8 0.020853782 
917 287 3 4 0.020848434 
848 166 3 3 0.020839889 
647 100 6 6 0.020839687 
5 356 8 12 0.020837046 
711 104 20 25 0.020834051 
726 311 11 8 0.02083232 
662 240 11 14 0.020831002 
422 394 6 6 0.020829868 
704 392 21 31 0.020828674 
218 151 9 9 0.020827262 
58 251 7 8 0.020826524 
958 315 9 8 0.020825945 
703 419 7 9 0.02082429 
924 338 4 4 0.020821162 
915 42 24 28 0.020819776 
1 292 4 5 0.020817546 
870 228 6 6 0.020816574 
46 350 4 5 0.020815203 
104 473 4 4 0.020814413 
593 270 7 9 0.020811059 
755 273 5 6 0.020810084 
914 162 8 9 0.020808775 
921 182 6 6 0.020808637 
888 162 9 8 0.020807432 
575 481 10 9 0.020804899 
575 348 7 7 0.020801242 
34 496 5 6 0.020800788 
819 96 49 56 0.020797722 
531 477 7 7 0.02079717 
164 244 8 9 0.020795997 
705 55 6 7 0.020792454 
821 447 4 4 0.020789519 
826 48 5 6 0.020786906 
698 129 6 8 0.020784082 
81 399 6 8 0.020783883 
969 328 22 24 0.020783741 
949 71 5 4 0.02077919 
448 456 7 7 0.020778632 
334 345 5 3 0.020776989 
635 215 5 5 0.020775853 
649 248 11 12 0.020770358 
185 65 8 9 0.020767055 
123 561 5 6 0.020762043 
752 239 23 25 0.020759292 
571 121 4 3 0.020757666 
134 553 25 27 0.020756546 
833 464 5 5 0.020755516 
270 483 25 21 0.020753765 
390 437 7 7 0.020752586 
179 155 8 8 0.020747626 
473 469 8 11 0.020743685 
829 153 3 2 0.020741869 
44 243 7 9 0.020741599 
492 234 8 7 0.020736305 
764 67 5 5 0.020735517 
590 573 7 7 0.020734116 
354 305 4 5 0.020722207 
660 292 5 5 0.020721449 
785 350 43 43 0.020721065 
767 62 5 5 0.020719778 
684 95 11 15 0.02071916 
151 481 25 21 0.020716546 
228 79 8 10 0.020715969 
821 458 5 5 0.02071258 
919 339 3 4 0.020711092 
312 514 8 9 0.020708444 
442 101 136 126 0.020708375 
66 377 5 4 0.020706244 
179 147 8 10 0.020705294 
434 342 24 20 0.020704808 
557 297 6 8 0.020704279 
226 113 44 54 0.020699373 
748 294 9 11 0.020697396 
698 292 16 16 0.02068561 
79 508 5 6 0.020681886 
135 296 6 8 0.02067674 
637 397 11 12 0.020669252 
491 377 9 11 0.020668978 
237 489 6 6 0.02066859 
33 389 5 4 0.020667175 
243 279 6 6 0.020666782 
635 285 5 6 0.020664692 
891 522 7 8 0.020664662 
462 325 5 5 0.02066451 
438 146 3 4 0.020660631 
429 279 6 6 0.02065997 
1000 145 5 5 0.020659413 
550 454 7 11 0.02065923 
924 312 4 4 0.02065801 
685 233 7 7 0.020657383 
377 373 7 6 0.020654615 
934 266 5 6 0.020653723 
283 388 5 6 0.020653637 
576 528 6 8 0.020653069 
605 403 10 13 0.020652987 
439 278 8 7 0.02064906 
159 483 9 7 0.02064906 
649 149 7 7 0.020647138 
866 248 4 4 0.020647008 
203 95 19 27 0.020645346 
359 123 6 8 0.020642096 
277 81 5 6 0.02064207 
518 260 5 5 0.020639097 
46 512 4 4 0.020636933 
380 300 4 5 0.020636095 
353 377 5 4 0.020632343 
237 419 4 6 0.020629857 
129 541 5 7 0.020629726 
146 446 6 5 0.020626843 
524 306 10 13 0.0206236 
273 297 10 8 0.020619947 
475 325 5 5 0.020619772 
747 439 9 7 0.020617288 
524 423 9 9 0.020616027 
80 152 3 4 0.02061352 
410 387 23 21 0.020611938 
383 406 7 6 0.020610206 
834 35 5 5 0.020609645 
574 540 8 10 0.020605246 
816 119 3 4 0.020603778 
716 125 6 7 0.020603377 
718 138 6 5 0.020599654 
475 333 5 4 0.020598836 
904 70 4 3 0.02059841 
213 55 4 6 0.02059518 
108 280 5 6 0.020589724 
339 433 5 6 0.020589348 
516 456 9 8 0.020588305 
652 531 9 8 0.020586692 
747 30 23 24 0.020583702 
659 62 7 6 0.020583378 
1 412 6 7 0.020579727 
724 117 8 9 0.020578962 
429 156 6 8 0.020577548 
610 73 25 26 0.02057711 
633 515 8 7 0.02057679 
873 191 4 4 0.020576037 
509 482 10 9 0.020568732 
646 523 8 5 0.020567888 
950 128 3 3 0.02056443 
38 503 6 5 0.020564206 
536 456 9 9 0.020560306 
340 75 21 21 0.02055829 
194 94 5 6 0.020557063 
899 93 4 4 0.02055525 
295 344 6 4 0.020554647 
572 260 4 5 0.020548826 
308 439 5 6 0.020547207 
192 470 7 6 0.020545106 
981 229 5 5 0.020544626 
373 120 4 4 0.020544326 
623 210 5 5 0.020542953 
97 375 5 6 0.020541225 
72 269 34 44 0.020539518 
343 339 24 19 0.020535944 
815 447 4 4 0.020534217 
275 444 7 7 0.02053401 
708 205 11 10 0.02052595 
392 457 25 21 0.02051541 
322 435 8 9 0.02051489 
217 231 7 9 0.020511204 
122 553 5 7 0.020508036 
96 265 4 7 0.020506501 
645 122 11 13 0.020504823 
473 297 8 8 0.02050009 
898 196 4 4 0.020499641 
136 494 11 9 0.020497682 
512 233 7 6 0.020497149 
813 291 6 7 0.020496646 
452 297 10 8 0.020494398 
691 477 8 8 0.020494116 
428 303 7 8 0.02049371 
148 516 7 7 0.020483708 
484 531 12 14 0.020482091 
229 368 6 8 0.020480873 
413 321 23 22 0.020479916 
479 259 23 19 0.020474931 
91 177 3 5 0.020470362 
487 310 6 8 0.020470008 
563 392 7 8 0.020470005 
288 381 7 6 0.020468887 
815 89 3 3 0.020467836 
326 361 6 5 0.020460617 
499 459 51 47 0.02045803 
458 277 10 9 0.02045764 
828 115 3 3 0.02044653 
370 85 10 9 0.020444652 
910 292 5 5 0.020440869 
923 439 5 4 0.020440357 
252 420 4 6 0.02044028 
580 565 8 9 0.020439625 
44 329 6 6 0.020436551 
711 67 5 6 0.02043611 
794 342 8 9 0.02043434 
563 501 6 8 0.020433916 
196 147 22 23 0.020430699 
764 242 4 5 0.020430472 
103 264 6 8 0.0204287 
41 479 3 4 0.02042805 
300 327 9 9 0.020418713 
269 343 6 5 0.02041037 
298 318 10 12 0.020400105 
769 120 3 4 0.020399991 
988 414 4 4 0.020397678 
440 257 22 18 0.020396102 
736 254 5 5 0.02039559 
88 481 8 8 0.020394865 
833 25 5 5 0.020394234 
38 410 21 22 0.020392438 
579 480 14 12 0.020384176 
71 484 6 5 0.020378515 
450 454 22 28 0.020375844 
879 63 4 4 0.02037559 
776 255 4 5 0.020372802 
873 249 3 4 0.020370409 
282 363 5 5 0.020370273 
157 116 39 48 0.020362835 
884 518 23 26 0.020361282 
485 503 24 23 0.020360239 
988 89 3 4 0.020359559 
618 104 19 24 0.02035842 
571 562 4 5 0.020356514 
185 112 6 7 0.020355623 
55 368 21 23 0.020355083 
308 247 6 7 0.020353843 
448 233 5 5 0.020348687 
207 481 4 3 0.020344177 
169 169 4 6 0.020341467 
193 106 6 6 0.02033822 
213 209 3 5 0.020337604 
853 47 6 7 0.02033696 
714 24 23 19 0.020335687 
264 96 4 3 0.020330243 
563 504 20 26 0.020326007 
55 276 19 25 0.02031735 
136 151 6 6 0.020316659 
1000 50 5 5 0.020315316 
380 83 16 11 0.020314727 
230 498 7 5 0.02031114 
530 484 7 6 0.020310566 
734 63 2 3 0.02030971 
516 316 7 9 0.02030899 
993 88 5 5 0.02030882 
823 61 4 6 0.020307293 
103 106 5 6 0.020304719 
956 414 4 4 0.0203031 
208 98 5 8 0.020301862 
509 476 10 7 0.020293694 
993 226 5 6 0.0202923 
675 370 13 12 0.020289565 
852 61 5 5 0.020287836 
71 241 4 5 0.020281846 
205 348 5 7 0.020281795 
143 188 18 23 0.020277109 
163 487 10 9 0.020274665 
286 291 8 6 0.020272762 
92 153 3 5 0.0202721 
726 437 12 10 0.020271769 
540 234 5 5 0.020271413 
940 324 7 6 0.020271312 
660 426 6 6 0.020262498 
66 133 4 4 0.020259859 
114 489 10 9 0.020256177 
598 486 25 24 0.020252282 
711 58 7 8 0.020248974 
571 344 75 81 0.020245949 
899 183 4 6 0.020244231 
217 514 8 9 0.020240182 
476 283 23 22 0.020233762 
296 400 5 6 0.020231111 
159 489 9 8 0.020229848 
262 111 9 10 0.020229187 
403 421 6 4 0.020228645 
477 395 12 14 0.02022835 
156 201 5 7 0.020226236 
25 423 9 8 0.020224767 
135 210 14 20 0.020223234 
848 6 4 3 0.02021733 
737 163 8 7 0.02021518 
710 430 32 28 0.020212175 
297 364 4 3 0.020206016 
333 315 7 7 0.020203352 
930 70 5 4 0.02020314 
771 125 4 6 0.020203052 
251 250 5 9 0.020202193 
622 486 27 26 0.020199716 
721 405 7 9 0.02019385 
307 369 6 4 0.020193312 
373 305 5 5 0.020191394 
146 520 9 10 0.020191124 
821 147 3 3 0.020190569 
558 368 6 7 0.020190267 
174 172 40 48 0.020187506 
231 273 4 6 0.020182926 
462 490 6 7 0.020181254 
366 420 6 5 0.020179516 
428 135 6 10 0.020174084 
830 69 3 4 0.020173391 
669 385 12 11 0.020171598 
550 198 46 46 0.020168623 
828 177 4 4 0.020165754 
892 210 4 4 0.020164749 
957 121 3 3 0.02016431 
8 158 4 6 0.02016404 
193 86 6 7 0.020161929 
130 100 4 6 0.020161737 
308 99 6 7 0.020159451 
578 257 6 8 0.020157158 
716 392 6 10 0.020156104 
91 188 5 7 0.020154316 
449 528 5 6 0.020154262 
84 246 5 5 0.020154236 
67 139 3 4 0.020153014 
389 110 120 91 0.020152206 
124 100 4 5 0.020144556 
413 394 10 8 0.020140514 
476 540 13 13 0.020137986 
484 134 2 3 0.02013666 
884 367 4 7 0.020134972 
498 226 9 8 0.020129386 
49 340 20 25 0.020127347 
565 222 5 5 0.02012364 
517 345 11 10 0.020118266 
424 502 5 6 0.020116137 
460 440 9 12 0.020116137 
551 444 7 9 0.020114912 
264 405 6 10 0.020114018 
465 471 24 25 0.020112567 
839 438 6 5 0.02011045 
536 523 18 26 0.020105468 
279 297 22 21 0.020102076 
812 303 8 7 0.020100998 
447 315 9 8 0.020099558 
226 219 5 8 0.020092797 
936 69 5 5 0.020091437 
697 17 21 19 0.020089457 
532 274 4 4 0.020089155 
973 80 5 5 0.02008796 
266 297 10 8 0.020085819 
821 183 4 4 0.020085774 
39 492 4 4 0.020082735 
890 304 5 6 0.020082276 
703 115 17 24 0.020078821 
821 177 5 5 0.020078352 
834 48 4 5 0.020077985 
71 460 5 4 0.020074757 
247 203 3 4 0.020073947 
903 469 6 6 0.020071609 
437 492 4 5 0.020067114 
52 363 5 5 0.020063521 
568 326 6 10 0.020062849 
816 140 3 4 0.020062257 
931 396 3 4 0.02006206 
732 395 5 6 0.02006117 
110 234 6 7 0.020058792 
612 403 8 12 0.020057492 
523 477 8 7 0.020056207 
248 97 11 10 0.02005348 
861 177 4 4 0.020045843 
166 458 7 4 0.020041939 
670 564 29 26 0.020040624 
591 317 11 12 0.02004044 
673 245 6 8 0.020038815 
171 488 8 8 0.020038025 
628 260 5 5 0.020036811 
315 255 5 5 0.0200338 
978 445 30 22 0.020029403 
924 319 4 4 0.020027297 
556 310 5 7 0.020026874 
916 54 5 7 0.020021293 
891 482 7 8 0.020020831 
606 233 6 8 0.020019066 
582 410 8 10 0.020018768 
279 513 11 10 0.020018246 
755 285 6 8 0.020018099 
146 545 22 26 0.020017674 
891 401 6 6 0.020017397 
439 139 3 4 0.020016037 
6 496 6 8 0.020015953 
108 123 22 25 0.02001212 
293 283 8 7 0.020009136 
255 180 7 8 0.020006001 
862 512 9 9 0.020004597 
653 80 8 6 0.020001518 
