0_Parade_Parade_0_239
106
275 303 25 30 0.99956375 
395 287 30 36 0.99864453 
504 290 32 37 0.9986389 
707 290 22 34 0.9983677 
353 292 31 43 0.9930286 
902 277 30 44 0.99220544 
502 374 31 42 0.98313403 
607 293 31 37 0.9818903 
227 315 36 44 0.9739856 
880 325 34 42 0.95157504 
747 291 30 36 0.93077695 
834 310 10 14 0.4573876 
941 34 112 170 0.27741614 
483 280 18 28 0.16863807 
220 392 14 15 0.09251122 
6 298 11 15 0.07427344 
786 273 12 16 0.070463166 
704 258 9 14 0.065179996 
24 65 5 6 0.053666476 
2 63 5 7 0.049686335 
806 737 32 30 0.04696443 
1006 310 24 34 0.045776878 
40 64 5 8 0.043791432 
36 81 7 10 0.04297203 
267 362 33 30 0.040955648 
480 265 6 12 0.040839978 
755 198 7 8 0.036366723 
27 69 5 7 0.036287304 
61 366 20 35 0.03614596 
10 201 9 13 0.035984397 
969 312 24 28 0.03553537 
22 68 5 7 0.03450169 
821 292 11 18 0.033921283 
253 -7 25 21 0.03279281 
83 61 7 10 0.03241022 
-1 284 5 13 0.03056926 
166 30 8 10 0.030518994 
925 283 20 30 0.030173887 
5 302 16 24 0.02969999 
228 5 10 14 0.028941255 
32 75 6 8 0.028421573 
617 281 27 33 0.028305428 
6 65 5 5 0.028225275 
803 271 11 20 0.027930632 
85 51 5 6 0.027423173 
342 314 10 15 0.027006716 
208 228 28 30 0.026937658 
33 64 6 7 0.026862193 
707 127 5 7 0.02635101 
62 76 7 10 0.026237618 
257 326 21 28 0.026038697 
716 173 7 8 0.025799744 
28 76 4 7 0.025138969 
194 1 19 24 0.025130888 
140 351 21 27 0.025105132 
800 304 10 13 0.024929602 
799 302 17 25 0.024714075 
82 67 7 11 0.02468382 
39 59 5 5 0.024222957 
30 70 7 8 0.023977587 
521 172 20 20 0.02389109 
780 197 6 9 0.023726963 
327 283 22 22 0.023506334 
231 0 6 6 0.023464669 
0 304 8 13 0.023442695 
5 375 22 32 0.023378365 
673 274 16 24 0.023287728 
78 0 6 6 0.023135515 
994 323 33 46 0.022941055 
898 245 17 25 0.022739409 
708 255 9 12 0.02254594 
60 0 4 6 0.02222943 
12 1 5 7 0.022215938 
45 58 5 6 0.02216607 
839 309 11 14 0.02214319 
206 289 34 51 0.022028387 
140 322 9 10 0.021953905 
377 321 20 32 0.02193633 
63 33 8 9 0.021924745 
100 67 7 10 0.021896582 
45 69 6 8 0.021677636 
618 244 14 16 0.02166549 
648 293 19 26 0.021631503 
61 430 16 25 0.021619301 
992 233 36 57 0.021515802 
14 64 5 6 0.021373076 
20 0 5 7 0.021325178 
139 25 18 26 0.021306587 
2 195 15 24 0.021186188 
997 252 11 20 0.021113714 
710 128 5 6 0.020899609 
60 387 24 31 0.020768272 
58 296 9 15 0.020680495 
264 353 25 24 0.020573545 
792 305 8 11 0.020517742 
50 57 6 7 0.02048639 
19 4 6 8 0.020425957 
21 76 6 7 0.020374976 
40 17 6 8 0.02031344 
70 366 26 32 0.020227408 
342 286 23 31 0.020214098 
695 250 9 13 0.020210274 
52 0 5 6 0.020146795 
241 686 21 28 0.020057453 
489 315 16 27 0.020042088 
213 333 11 16 0.020035487 
