0_Parade_Parade_0_429
22
608 246 96 120 0.9997657 
151 265 111 121 0.99942565 
393 236 109 133 0.9988709 
72 113 17 23 0.074593544 
164 -6 29 19 0.05956686 
78 241 18 24 0.048524816 
431 21 8 11 0.041241884 
173 48 21 25 0.03902207 
8 50 27 25 0.03777368 
217 -6 26 19 0.03624178 
703 83 7 8 0.029824514 
877 34 27 23 0.02949123 
225 49 20 23 0.02804718 
872 10 46 46 0.02722463 
18 115 18 24 0.02604048 
127 181 22 27 0.02470619 
446 24 8 9 0.02352849 
889 326 6 10 0.023082461 
354 0 31 21 0.022830954 
765 752 10 10 0.02225205 
26 243 16 20 0.020433707 
888 254 7 8 0.02039475 
