0_Parade_marchingband_1_488
1542
40 267 21 25 0.99887043 
271 333 12 15 0.9957424 
446 269 20 28 0.9953785 
324 313 12 19 0.9813198 
611 321 12 22 0.9474262 
687 331 10 15 0.9470859 
910 386 6 8 0.6214962 
644 350 9 10 0.5846523 
382 276 17 23 0.48022333 
987 403 7 8 0.42298648 
729 360 8 10 0.3903777 
372 344 9 13 0.31237715 
895 393 7 8 0.2584207 
767 370 10 10 0.2567942 
808 385 6 8 0.25577435 
390 305 12 16 0.24865024 
61 122 8 10 0.24395858 
858 371 7 8 0.23968253 
480 291 22 24 0.18809369 
677 333 10 12 0.1753744 
974 392 5 7 0.1669259 
942 375 6 7 0.16260302 
939 377 8 10 0.15674478 
242 255 21 27 0.14365532 
974 398 6 9 0.13970928 
761 370 10 10 0.128316 
867 207 5 6 0.12609312 
834 221 10 8 0.1179562 
80 273 18 20 0.11575609 
624 71 12 10 0.1091819 
70 122 7 9 0.10719546 
857 207 6 6 0.100561425 
861 216 10 12 0.09405714 
831 225 9 8 0.09245222 
780 400 6 6 0.09218399 
84 116 6 9 0.09197475 
868 196 3 4 0.09098238 
697 328 8 12 0.08950981 
367 189 5 7 0.08934009 
704 21 7 11 0.08829997 
1016 307 9 12 0.087631986 
411 39 6 8 0.08679793 
87 123 7 10 0.08612961 
821 412 7 8 0.08561449 
852 196 4 5 0.082064696 
451 193 8 10 0.08082934 
401 292 14 17 0.079639845 
420 42 6 8 0.07728676 
639 37 8 11 0.07705011 
787 399 6 7 0.07521823 
96 131 5 7 0.07387873 
827 399 5 5 0.07360245 
595 91 8 10 0.07356852 
683 327 10 14 0.0728295 
401 323 12 21 0.07250709 
968 410 6 7 0.071867295 
673 29 6 8 0.07148376 
992 286 47 55 0.07032915 
980 412 6 8 0.069883086 
828 225 6 7 0.06974819 
868 204 4 5 0.068759955 
897 388 4 5 0.06869224 
-22 -171 185 159 0.06858289 
852 366 4 6 0.067807555 
873 383 10 10 0.06764064 
512 354 9 10 0.067515284 
624 65 12 10 0.065778725 
983 437 6 10 0.065687664 
204 377 7 9 0.06483626 
49 117 7 8 0.06432196 
808 383 5 6 0.06408482 
645 34 7 10 0.06347511 
945 374 5 6 0.06332883 
569 253 7 7 0.06321698 
864 369 5 7 0.061197173 
62 57 7 8 0.060883924 
939 382 9 11 0.060311016 
851 355 4 5 0.06001842 
854 208 5 6 0.05854166 
90 118 5 7 0.058448937 
98 66 9 10 0.058135618 
449 198 8 10 0.057894938 
759 376 12 13 0.05769024 
690 23 6 7 0.055986375 
561 264 7 8 0.05593418 
594 58 8 8 0.055730116 
683 322 8 10 0.055532902 
834 418 5 6 0.055276304 
686 25 8 11 0.05504812 
845 398 5 6 0.05398111 
841 202 4 5 0.05357623 
1004 300 25 26 0.053119197 
97 134 6 9 0.052801333 
610 98 6 7 0.05265065 
898 383 4 4 0.05216681 
810 411 8 7 0.051446386 
209 95 360 392 0.05130216 
984 416 8 10 0.05119482 
855 373 5 6 0.051062837 
842 399 4 5 0.050846353 
870 196 4 5 0.050820075 
74 123 6 9 0.05074194 
606 257 6 7 0.050606348 
505 93 7 8 0.05006141 
671 338 10 12 0.049759123 
936 375 7 7 0.049683556 
549 421 10 10 0.0496756 
500 53 94 84 0.04951548 
871 375 6 6 0.049227618 
652 34 7 9 0.049032513 
731 29 3 5 0.049031466 
660 29 4 6 0.048457358 
757 368 7 7 0.04818578 
523 90 11 12 0.048082225 
593 54 9 8 0.047813404 
209 395 30 27 0.047780775 
859 401 5 5 0.047696613 
79 106 4 6 0.047576454 
579 49 11 11 0.047497746 
632 39 8 10 0.04726257 
870 204 4 6 0.046829354 
679 328 8 10 0.04682763 
651 38 7 10 0.04673503 
859 203 4 4 0.04673054 
655 29 4 6 0.046661157 
74 231 20 28 0.046556905 
911 383 5 6 0.046349976 
849 366 4 6 0.04609615 
570 257 8 8 0.04590489 
726 23 3 5 0.045367263 
881 381 7 6 0.04514172 
622 328 13 16 0.045121208 
848 196 4 4 0.04508146 
367 331 11 13 0.044470645 
542 85 9 10 0.044402573 
618 67 11 10 0.044325136 
504 97 9 11 0.04381521 
839 225 12 9 0.043758992 
678 28 6 8 0.043746397 
732 47 4 6 0.04374062 
571 70 49 51 0.043424044 
385 66 7 8 0.0430781 
339 176 5 6 0.043061364 
595 86 6 7 0.04304896 
366 193 5 7 0.042831752 
740 59 4 7 0.042515647 
948 410 7 9 0.042464934 
717 28 6 8 0.04234137 
978 226 75 101 0.042311877 
680 23 5 6 0.042193353 
988 211 46 55 0.04215321 
891 382 5 5 0.042138666 
591 88 22 25 0.042042557 
869 401 7 6 0.04204181 
975 389 4 6 0.04192722 
676 33 7 10 0.041908056 
738 54 4 6 0.04174012 
792 398 7 8 0.0415244 
85 127 6 9 0.0414277 
755 372 8 9 0.04139906 
713 68 4 6 0.041317783 
615 246 5 5 0.041311458 
525 87 7 8 0.04119173 
338 315 9 12 0.04117199 
950 134 4 4 0.041020367 
945 384 7 9 0.04074352 
764 381 12 13 0.04044281 
583 85 7 7 0.040141247 
92 114 4 5 0.040038925 
913 381 6 8 0.040004786 
724 355 6 7 0.039882995 
832 413 5 6 0.039545126 
665 29 5 7 0.03949537 
273 318 11 12 0.03948606 
335 129 6 7 0.039396156 
851 363 4 6 0.039371062 
671 92 7 9 0.039266594 
80 100 3 4 0.03920662 
859 197 4 4 0.039204672 
599 78 8 8 0.039164796 
877 404 7 7 0.03893928 
868 192 2 3 0.038882274 
525 385 5 6 0.03885033 
697 21 7 10 0.038781628 
59 57 6 7 0.03864074 
538 457 30 25 0.038618986 
699 384 13 16 0.038466103 
801 404 5 6 0.03846335 
341 186 6 8 0.038286988 
598 95 8 10 0.03811456 
566 253 6 6 0.03806967 
686 32 7 10 0.037866242 
919 420 13 16 0.037721317 
870 405 6 6 0.03769825 
211 411 29 28 0.03766335 
144 373 99 104 0.037588533 
853 201 4 5 0.03757203 
740 41 3 5 0.037533738 
875 375 8 7 0.037435845 
911 376 5 4 0.037421413 
364 136 6 7 0.037371 
684 261 88 111 0.037368964 
702 329 45 56 0.037360605 
745 325 4 5 0.03722483 
739 38 3 4 0.03721024 
844 202 4 5 0.037101828 
339 182 6 6 0.037082944 
48 121 8 10 0.037020385 
648 347 11 11 0.036807198 
876 392 9 7 0.03678301 
690 323 8 10 0.036782034 
648 30 4 5 0.036691297 
812 382 5 6 0.036629416 
566 518 23 24 0.036610287 
583 81 6 6 0.03658668 
788 395 6 6 0.036586355 
871 412 6 7 0.036117233 
775 394 5 5 0.036110193 
97 63 7 5 0.036100343 
665 324 5 5 0.03608912 
786 361 7 8 0.036024176 
835 204 4 3 0.03600891 
601 319 10 15 0.03599108 
78 111 4 6 0.035937842 
66 398 13 19 0.035790294 
73 111 5 6 0.035714693 
858 363 5 6 0.03557418 
408 60 10 11 0.035540212 
59 119 5 7 0.035511475 
767 361 8 8 0.035508845 
77 128 6 8 0.035476413 
716 33 6 9 0.035454087 
804 423 11 11 0.0353824 
641 30 5 5 0.035377733 
637 117 25 26 0.035369687 
360 196 4 6 0.03536966 
658 33 6 8 0.03535959 
646 45 7 10 0.03506102 
834 209 4 5 0.035006933 
819 387 5 6 0.034985457 
893 387 5 5 0.034969416 
795 362 5 6 0.034960866 
726 40 5 7 0.034913745 
559 529 22 23 0.034854475 
718 348 21 27 0.034802124 
807 406 7 6 0.03473375 
751 318 5 4 0.03473282 
703 334 6 9 0.034556128 
242 170 7 10 0.03452276 
867 376 20 19 0.034495443 
420 282 12 17 0.034388904 
79 117 5 7 0.034291215 
745 330 5 6 0.034290407 
782 362 6 6 0.034179296 
599 86 8 7 0.034111314 
200 1 56 43 0.034099877 
881 403 8 8 0.034094527 
730 2 5 6 0.034058437 
660 39 6 10 0.0340521 
787 354 6 6 0.033978213 
693 17 5 5 0.03396798 
841 197 4 4 0.033965822 
996 308 10 10 0.03394819 
686 17 5 5 0.03388266 
864 393 5 6 0.033869337 
875 226 6 6 0.03384898 
737 336 5 6 0.033800885 
559 325 13 13 0.033753034 
829 170 5 5 0.033750933 
610 64 11 9 0.03368722 
973 403 7 9 0.033636123 
756 353 7 7 0.03363268 
877 401 6 6 0.033607658 
723 365 9 11 0.03354844 
899 397 8 9 0.03354789 
759 390 11 11 0.03349441 
941 361 5 6 0.03345753 
365 133 5 6 0.03331443 
731 42 4 6 0.033288915 
27 251 6 7 0.03328431 
864 401 5 5 0.03322741 
587 52 8 8 0.033180058 
212 361 5 7 0.033131596 
811 391 6 8 0.033100307 
725 29 4 5 0.033058956 
600 104 22 26 0.033045437 
857 376 7 9 0.03299976 
905 387 5 5 0.032856926 
745 317 4 5 0.032715335 
822 400 5 5 0.03270272 
187 381 3 6 0.032691676 
977 393 6 8 0.03268587 
706 17 4 6 0.0326663 
256 258 13 17 0.03263659 
608 93 6 7 0.03262243 
740 425 24 27 0.032589022 
226 404 28 24 0.032558456 
768 399 7 9 0.032503862 
914 391 7 9 0.032447763 
725 368 12 14 0.03236656 
394 298 17 22 0.03232956 
656 347 10 9 0.03228091 
373 88 6 5 0.032240607 
820 357 5 4 0.032238957 
586 85 8 8 0.032232843 
725 68 4 6 0.032223664 
867 213 7 9 0.032211646 
347 176 4 5 0.032136165 
828 388 4 5 0.03212489 
989 417 8 11 0.03212212 
878 423 6 8 0.03210763 
719 73 4 6 0.03205475 
184 194 6 7 0.032030113 
713 73 5 6 0.03202283 
811 406 7 7 0.03200273 
633 35 7 9 0.031992584 
604 316 28 35 0.031978276 
773 361 6 7 0.031929918 
238 66 6 7 0.031906508 
871 225 8 8 0.03190231 
692 3 6 5 0.031898186 
942 369 5 5 0.031866238 
361 142 5 7 0.031841874 
498 111 7 9 0.031822257 
256 166 7 8 0.031814653 
783 395 5 5 0.03180847 
950 127 4 4 0.03178349 
755 376 8 11 0.031763088 
512 117 7 7 0.03173263 
922 393 6 8 0.031731762 
848 -187 271 163 0.03172845 
564 81 6 5 0.03169226 
725 36 4 6 0.031665377 
696 324 7 9 0.03165599 
832 400 4 5 0.031652454 
511 102 10 11 0.031641908 
960 138 4 5 0.03158208 
697 3 6 5 0.031543225 
898 420 11 12 0.03144557 
74 108 3 4 0.031406797 
589 60 8 7 0.03137446 
859 213 8 9 0.031346213 
544 74 6 6 0.031327978 
985 213 6 10 0.031323954 
674 24 4 4 0.03132187 
788 349 5 5 0.03125255 
65 113 4 5 0.03124003 
534 81 20 21 0.031231947 
781 367 6 7 0.031213632 
955 394 5 6 0.031184264 
756 318 4 5 0.03114837 
949 138 4 4 0.03113422 
702 341 6 8 0.031127993 
665 41 6 8 0.031120023 
194 373 4 7 0.031084968 
848 192 3 4 0.031078592 
929 394 5 7 0.031071354 
865 379 6 7 0.031067226 
662 324 5 5 0.031066457 
631 75 10 10 0.031061778 
58 127 9 11 0.031002274 
594 57 46 42 0.030981822 
353 194 5 7 0.03096461 
212 395 8 6 0.030913688 
377 278 11 15 0.030912058 
651 339 11 11 0.030890383 
338 127 5 6 0.030856255 
676 341 12 15 0.030815521 
827 219 21 16 0.030815272 
787 373 8 9 0.030777432 
1008 311 13 13 0.030763062 
219 101 4 5 0.030744003 
95 117 5 7 0.030724086 
598 59 10 10 0.030718323 
673 39 6 8 0.03068809 
996 314 10 11 0.03063148 
95 140 7 11 0.030620398 
858 212 19 21 0.030616915 
600 75 23 26 0.030606851 
635 318 5 6 0.030605087 
654 23 5 5 0.030603053 
831 225 24 25 0.030599317 
865 405 6 6 0.030597715 
710 26 6 10 0.030586736 
713 80 5 5 0.030567387 
732 36 4 5 0.030488344 
638 72 9 10 0.030471891 
753 392 8 9 0.030463465 
936 133 4 5 0.030430475 
953 133 5 4 0.030422905 
882 387 7 7 0.030403936 
866 387 6 7 0.030383753 
767 392 8 8 0.030369053 
352 182 4 6 0.030357238 
762 362 7 7 0.030327154 
611 246 5 6 0.030291539 
551 124 6 7 0.03028366 
916 376 4 5 0.03023003 
613 92 7 8 0.030195145 
760 118 10 9 0.030194167 
588 71 7 9 0.030179508 
627 97 6 7 0.030157382 
948 362 5 5 0.03014263 
788 388 6 6 0.030137237 
740 135 13 12 0.030106602 
607 103 8 9 0.030082773 
738 49 4 5 0.030069971 
948 369 5 6 0.030033538 
57 134 9 12 0.030019341 
643 37 20 30 0.02992519 
956 127 4 4 0.029924521 
44 125 9 12 0.029891087 
578 252 6 6 0.029860036 
821 383 4 4 0.029754756 
787 366 7 7 0.029753208 
638 43 10 12 0.029752288 
628 241 5 5 0.029750349 
954 399 5 6 0.029736264 
628 94 28 27 0.029732365 
821 362 5 4 0.029659448 
813 375 5 5 0.02965444 
634 52 8 8 0.029626822 
664 328 6 8 0.029625777 
849 399 6 6 0.029624967 
487 98 6 7 0.029585635 
809 376 4 4 0.029557066 
242 257 11 16 0.029539414 
349 165 3 4 0.029521333 
705 329 26 26 0.029513095 
185 394 5 5 0.029502828 
588 79 7 7 0.02939837 
347 194 5 7 0.029384408 
660 2 8 7 0.029382061 
922 382 5 6 0.029330574 
426 279 9 17 0.02929856 
684 40 6 8 0.029286396 
218 388 32 23 0.02928439 
625 75 24 24 0.029272899 
941 390 8 10 0.029213918 
620 252 7 9 0.02920463 
59 132 22 27 0.029166246 
343 166 3 4 0.029156985 
521 190 4 5 0.029144697 
756 362 5 6 0.029112928 
57 119 16 18 0.029023709 
690 86 7 8 0.029014923 
838 215 6 5 0.029008307 
639 77 10 11 0.028989293 
93 377 11 17 0.02897136 
582 252 5 6 0.028968703 
187 388 4 5 0.028944932 
882 393 8 7 0.028789807 
979 296 27 25 0.028785748 
570 81 6 6 0.028773997 
952 661 10 9 0.028746659 
718 69 4 5 0.028744536 
953 407 7 8 0.028736541 
757 382 21 23 0.02871197 
121 59 10 11 0.02869891 
211 69 26 31 0.02865571 
845 209 5 5 0.028650174 
679 39 6 8 0.028597208 
516 109 8 8 0.028582511 
549 98 8 8 0.028578876 
650 46 8 11 0.028575877 
698 35 5 7 0.02856398 
100 81 10 10 0.028551945 
672 8 7 7 0.028547324 
956 139 4 5 0.028478215 
573 104 9 8 0.028475462 
971 411 7 7 0.028468948 
360 88 6 6 0.028423613 
621 92 8 7 0.028415717 
567 79 24 22 0.028330585 
253 163 3 6 0.028318672 
622 41 5 6 0.02829954 
842 397 4 4 0.028290942 
942 406 6 6 0.02827382 
712 33 7 11 0.028244907 
943 134 4 4 0.02822758 
883 375 5 5 0.028224537 
97 113 4 5 0.028206764 
853 192 3 4 0.028196067 
183 383 3 4 0.02819503 
780 380 7 8 0.028169401 
409 45 8 8 0.028148694 
233 138 4 6 0.0281432 
562 445 11 11 0.028140843 
724 360 8 9 0.028140455 
617 108 24 29 0.028132075 
898 376 5 5 0.02805028 
556 79 7 7 0.028044987 
672 325 30 40 0.02804198 
501 310 7 9 0.028034119 
594 48 8 8 0.02802955 
718 92 5 7 0.027987953 
242 162 5 7 0.0279678 
589 71 20 27 0.02796421 
988 307 12 12 0.0279371 
641 4 6 5 0.02792163 
95 125 5 6 0.027902765 
516 54 7 8 0.027867705 
187 375 4 5 0.027854104 
790 344 4 5 0.027853755 
25 152 8 12 0.027852038 
837 419 5 6 0.02784086 
904 382 5 5 0.027824996 
781 388 6 6 0.027818099 
793 405 6 6 0.027782619 
148 15 100 113 0.02778256 
571 261 7 9 0.027779998 
734 53 3 6 0.02776881 
768 354 7 7 0.027735766 
276 314 12 11 0.027717374 
570 74 5 6 0.027699798 
188 362 3 6 0.027679054 
749 312 5 5 0.027676014 
491 131 8 6 0.027664596 
562 89 25 23 0.027638365 
564 55 7 6 0.027636249 
743 392 7 8 0.027618263 
582 247 7 6 0.027610792 
869 390 8 8 0.02759887 
772 355 6 6 0.02755939 
896 366 6 7 0.027544318 
522 194 4 6 0.027530022 
833 215 6 5 0.027523063 
416 43 8 10 0.027517598 
560 259 5 7 0.027505381 
362 133 4 4 0.027480163 
769 349 6 6 0.027435223 
182 393 4 5 0.02740079 
605 60 12 10 0.027358465 
601 454 9 12 0.027335927 
568 315 9 8 0.027305584 
772 416 20 25 0.02730193 
123 54 6 7 0.027299259 
826 362 5 5 0.027221352 
644 341 24 22 0.027214514 
772 386 7 8 0.027182372 
593 65 9 8 0.027162693 
969 392 5 7 0.027144311 
211 66 7 8 0.02714089 
612 82 12 12 0.027137697 
26 161 7 9 0.027134972 
890 376 5 4 0.027129784 
737 349 5 6 0.027081782 
895 362 6 7 0.027080368 
620 47 7 6 0.027075717 
546 90 28 23 0.027067458 
821 349 5 5 0.02706504 
582 519 30 29 0.027051752 
239 361 5 7 0.027045367 
558 55 6 5 0.027010653 
541 381 3 5 0.027010212 
90 135 6 9 0.026995396 
396 67 7 6 0.026992662 
842 436 6 9 0.026989222 
128 264 9 8 0.026982196 
550 252 6 8 0.026982082 
719 15 4 7 0.026970807 
734 435 20 27 0.026970593 
609 237 23 27 0.026969843 
763 254 4 5 0.026964875 
578 79 6 6 0.026964825 
277 326 12 15 0.026963586 
779 373 7 8 0.026949862 
998 215 26 29 0.026910389 
730 342 5 6 0.026896374 
353 177 4 5 0.026891205 
212 73 6 7 0.026838832 
556 451 25 26 0.026838426 
934 138 7 7 0.026838066 
737 13 5 7 0.02682793 
645 342 10 12 0.026807358 
772 378 8 10 0.026787424 
810 112 7 7 0.026786927 
741 387 7 8 0.0267651 
665 33 5 8 0.02673675 
513 87 5 6 0.026727002 
684 105 7 7 0.026713897 
612 81 24 25 0.02671022 
647 322 6 7 0.026708484 
805 416 10 10 0.026688019 
763 364 17 19 0.026687214 
687 4 5 4 0.026686683 
657 78 12 17 0.026679968 
661 23 4 5 0.026647178 
91 65 21 17 0.02664322 
954 119 5 5 0.02660796 
588 66 8 8 0.026603939 
713 62 4 5 0.026603457 
606 333 10 17 0.026600529 
599 72 9 10 0.026594162 
564 67 5 6 0.026553737 
390 61 6 7 0.026525997 
987 394 5 6 0.026524466 
248 403 9 10 0.026513537 
900 435 11 14 0.026513485 
744 49 3 6 0.02651198 
635 30 16 21 0.026497863 
841 222 9 7 0.026497224 
851 395 4 5 0.02649486 
60 113 4 5 0.026481837 
-10 121 74 110 0.026481323 
812 399 6 7 0.026479613 
72 119 6 7 0.026463304 
684 430 25 31 0.026460573 
273 282 8 9 0.026423067 
737 9 5 7 0.026406012 
580 101 24 28 0.026404534 
593 451 23 30 0.026396595 
936 369 5 5 0.026379872 
756 348 7 7 0.026374804 
353 188 5 6 0.026365953 
704 32 6 10 0.02633325 
865 430 20 27 0.026331436 
256 359 21 26 0.026301287 
653 73 8 9 0.026295414 
628 318 6 7 0.02629231 
882 425 7 9 0.026289884 
878 144 5 5 0.026272092 
68 126 9 11 0.026247416 
812 441 9 11 0.026231995 
814 369 5 5 0.026202353 
251 168 6 7 0.02618313 
742 239 7 9 0.026176177 
620 51 44 47 0.026175855 
761 353 7 8 0.026170652 
609 69 23 22 0.026162917 
543 80 7 8 0.026161764 
624 322 9 11 0.026156018 
746 402 10 12 0.026146123 
921 387 6 6 0.02613967 
672 132 8 8 0.026132323 
645 4 6 4 0.026113499 
738 23 4 6 0.026112845 
782 452 12 12 0.026110519 
653 112 7 6 0.026078688 
793 395 6 6 0.026066327 
691 32 6 9 0.026063286 
941 355 5 6 0.02606321 
203 383 9 10 0.026029998 
678 104 6 7 0.025988348 
877 420 6 6 0.025981251 
133 292 22 24 0.025893046 
185 187 7 8 0.025890402 
224 80 7 7 0.025884073 
73 100 3 4 0.025874589 
564 258 6 8 0.025874523 
860 395 5 5 0.025821771 
410 80 6 6 0.025754822 
688 305 9 13 0.025725769 
588 92 9 8 0.025722183 
194 362 4 6 0.025712518 
724 53 5 9 0.02570914 
360 190 4 5 0.02570533 
832 369 5 5 0.025696905 
626 62 8 8 0.025691867 
368 185 3 4 0.02568791 
691 104 7 8 0.025669731 
783 355 5 5 0.025649885 
202 35 24 22 0.025608277 
923 362 5 4 0.025598912 
738 80 4 7 0.025583953 
238 61 5 5 0.025544576 
334 183 5 6 0.025534706 
718 342 6 6 0.025533086 
648 318 5 5 0.025526037 
608 84 8 9 0.02552414 
773 402 8 10 0.025521662 
720 238 20 29 0.025502237 
859 356 3 5 0.025478108 
723 240 10 15 0.025476158 
751 355 5 6 0.025468059 
957 661 11 10 0.025465563 
824 431 7 8 0.025454363 
824 229 3 4 0.025430974 
842 381 3 5 0.025398787 
486 104 8 8 0.02539593 
947 406 7 8 0.025389144 
225 -7 29 18 0.025388166 
556 85 8 7 0.025374161 
26 247 6 7 0.02535308 
499 103 8 9 0.025352875 
717 22 5 7 0.025343472 
704 239 8 12 0.025329594 
687 10 5 5 0.025304757 
833 397 4 4 0.025299424 
552 271 5 7 0.025297606 
30 159 7 10 0.02528907 
928 370 5 4 0.025279546 
959 62 99 92 0.025271492 
200 356 21 29 0.025262179 
793 374 6 8 0.02525658 
881 427 20 25 0.025242386 
876 412 7 8 0.025232133 
730 338 5 5 0.025229748 
845 388 5 6 0.025207557 
501 62 6 5 0.0252002 
730 347 6 7 0.02518068 
601 335 10 15 0.025168527 
209 365 8 9 0.025135994 
600 102 9 11 0.025130983 
1001 243 28 32 0.02512798 
714 234 9 13 0.02511431 
578 75 5 5 0.025104145 
872 192 3 4 0.025091551 
725 75 4 5 0.025082288 
450 204 10 11 0.025071273 
525 81 6 6 0.025068525 
839 209 4 5 0.025062174 
863 413 6 7 0.02505127 
524 60 7 7 0.025049815 
931 381 5 6 0.025042763 
943 351 4 4 0.025041878 
621 98 7 7 0.025032131 
232 413 14 12 0.025027446 
546 89 11 11 0.025016576 
584 47 10 9 0.025001775 
699 67 4 5 0.025001211 
231 66 6 7 0.024999658 
516 58 7 9 0.02499351 
1010 302 12 12 0.02498622 
725 3 5 6 0.02497396 
583 451 5 7 0.024954243 
365 92 6 6 0.024951998 
961 133 5 4 0.024938116 
661 17 5 6 0.024929687 
205 74 5 7 0.02491822 
955 387 5 6 0.024883242 
477 116 10 9 0.024861127 
119 255 25 24 0.024831045 
871 369 5 5 0.024828807 
82 140 19 30 0.024826914 
222 189 72 100 0.024826491 
942 399 6 8 0.02481072 
710 37 7 11 0.02477963 
738 29 3 5 0.024774373 
631 59 9 10 0.024774332 
924 369 5 5 0.024745338 
41 116 18 22 0.02473866 
353 165 4 4 0.024730705 
626 104 7 7 0.024723925 
551 67 6 6 0.024717906 
893 368 4 6 0.02470425 
833 170 6 5 0.024675716 
929 374 5 5 0.024675354 
559 68 5 5 0.024661528 
238 169 5 8 0.024658713 
767 399 20 25 0.024657717 
737 329 6 7 0.02465067 
112 134 11 11 0.024646394 
330 463 28 23 0.024605101 
808 369 4 5 0.024591997 
681 363 13 17 0.024588596 
576 61 6 6 0.024579268 
562 74 7 6 0.024565866 
619 338 37 45 0.024564357 
627 94 6 6 0.024547346 
512 289 8 10 0.024519313 
720 328 24 26 0.024518842 
559 254 5 6 0.024514677 
382 52 8 9 0.024514502 
115 259 6 7 0.024511576 
652 436 26 30 0.024504371 
44 246 20 20 0.024494408 
711 335 6 8 0.024477573 
384 60 7 7 0.0244756 
614 251 7 8 0.024467302 
791 430 11 13 0.024460021 
552 265 5 7 0.024447735 
384 70 8 8 0.02444018 
839 429 6 9 0.024439188 
623 10 4 5 0.024435395 
629 42 6 7 0.024429824 
932 141 9 10 0.024428796 
638 64 10 11 0.024411617 
633 321 7 8 0.024409806 
589 247 5 6 0.024402514 
736 342 5 6 0.02439716 
794 388 5 6 0.02439005 
891 440 19 26 0.024388894 
949 145 4 3 0.024379846 
724 17 4 5 0.024379551 
27 144 12 17 0.024377063 
980 157 6 6 0.024375875 
844 213 6 6 0.024372736 
574 46 12 11 0.024367765 
1000 272 5 6 0.024362385 
828 369 4 4 0.024352038 
636 252 5 6 0.024346393 
232 61 5 6 0.02433958 
804 386 4 6 0.024336372 
694 67 4 5 0.024329958 
595 461 8 11 0.024327861 
752 408 20 25 0.024323175 
956 143 5 5 0.02431919 
613 71 11 10 0.024313886 
378 86 6 6 0.024307668 
564 247 21 22 0.02430172 
940 411 7 9 0.024296867 
232 72 6 7 0.024290187 
725 46 5 8 0.024268571 
553 473 12 11 0.024259208 
750 393 7 7 0.024253473 
660 7 7 7 0.024247257 
657 73 9 11 0.024238933 
222 2 30 19 0.024237465 
796 434 10 12 0.024230408 
804 434 10 13 0.024226593 
576 42 22 20 0.024222529 
911 369 4 5 0.024208501 
758 247 3 5 0.024205403 
370 192 5 8 0.024201857 
931 190 4 4 0.024193715 
365 99 6 6 0.024193387 
529 91 31 27 0.024190608 
263 317 31 37 0.024179107 
676 135 7 9 0.024177633 
949 350 5 5 0.024169631 
556 104 27 24 0.02416264 
389 72 7 7 0.024159359 
549 79 7 7 0.024143154 
120 260 7 7 0.024140537 
666 23 5 5 0.024110887 
64 49 5 6 0.02410628 
745 23 4 5 0.024105793 
51 126 19 23 0.024103215 
207 58 10 10 0.024100848 
668 138 5 6 0.024098454 
178 370 44 49 0.024092494 
612 455 23 26 0.024080807 
679 131 6 7 0.024075253 
366 105 5 6 0.024067074 
-3 147 36 66 0.024066016 
779 424 8 10 0.024061602 
659 379 9 10 0.024048869 
836 197 3 4 0.024046782 
728 312 25 33 0.024042077 
555 91 10 8 0.024025142 
460 512 26 25 0.02401553 
58 120 45 56 0.024012227 
815 357 4 4 0.024011422 
998 278 6 7 0.023996783 
39 162 6 9 0.023983436 
688 302 6 9 0.023976605 
188 369 3 5 0.02395908 
743 15 4 6 0.023958165 
365 88 5 5 0.023955416 
557 270 8 10 0.02394521 
286 333 9 11 0.02393602 
711 348 6 7 0.02393583 
641 318 4 5 0.023935763 
684 110 10 11 0.023929102 
490 106 8 7 0.023928506 
182 390 3 4 0.023881035 
570 67 5 6 0.02385687 
185 400 6 7 0.023848755 
333 310 21 22 0.023840342 
946 398 7 8 0.023836637 
104 292 19 27 0.023836572 
90 277 13 16 0.023832839 
945 392 7 8 0.023830296 
828 375 4 4 0.02381611 
853 212 6 6 0.023810646 
711 17 5 6 0.02379574 
538 73 7 7 0.023788355 
346 118 6 6 0.023785012 
588 310 8 9 0.0237849 
583 446 23 28 0.023783792 
505 60 6 6 0.023777705 
692 9 6 7 0.02377397 
174 392 4 6 0.023771266 
208 100 3 5 0.02377084 
599 310 9 10 0.02376298 
686 337 35 45 0.023762614 
49 133 10 14 0.023761496 
251 285 21 25 0.02376069 
507 87 4 6 0.023755366 
655 332 12 13 0.023744123 
234 131 4 5 0.023740863 
544 124 8 7 0.023737568 
348 183 4 6 0.02373272 
907 395 9 11 0.023721041 
891 240 7 8 0.023720415 
185 364 19 28 0.023718894 
218 423 28 27 0.023715446 
709 21 7 9 0.023711486 
588 450 7 9 0.023707047 
524 54 6 7 0.02369407 
894 401 10 11 0.023693595 
658 329 9 8 0.023689544 
552 74 5 6 0.023676375 
551 104 7 7 0.02367633 
551 117 7 8 0.023671793 
820 375 5 5 0.023653662 
823 234 4 5 0.023648944 
360 183 4 5 0.023640519 
909 239 7 6 0.023618992 
516 117 8 7 0.023618924 
833 408 5 4 0.023611616 
629 125 4 5 0.02361124 
825 234 6 6 0.023596339 
773 350 5 5 0.023585938 
602 222 5 6 0.02358159 
830 158 27 20 0.023575585 
570 60 6 6 0.023573318 
604 90 22 25 0.023572806 
758 253 4 5 0.023558764 
405 41 6 6 0.023553152 
648 124 6 6 0.023549182 
565 228 4 5 0.023543406 
634 310 5 5 0.023543328 
83 33 7 8 0.02354117 
667 8 6 6 0.023526968 
615 241 5 6 0.023521246 
819 406 6 6 0.02351676 
522 102 11 12 0.023486454 
216 394 9 8 0.023481958 
749 323 5 6 0.023480609 
737 386 7 10 0.02346098 
491 98 7 7 0.02346074 
704 425 26 31 0.023447897 
738 74 4 6 0.023446538 
174 368 4 5 0.023442255 
384 47 7 8 0.023428502 
555 323 11 9 0.023424542 
37 154 6 11 0.023415439 
563 47 8 6 0.023397956 
672 329 6 8 0.023387833 
584 74 6 6 0.023374952 
902 404 8 9 0.02337281 
225 169 4 7 0.023365717 
880 197 3 3 0.0233564 
193 381 5 6 0.023355013 
193 387 5 6 0.023352407 
719 61 4 6 0.023344683 
962 120 5 4 0.023343442 
558 73 6 6 0.023331383 
1004 307 11 11 0.02332106 
661 292 4 5 0.02330423 
81 54 9 8 0.023303205 
199 385 26 25 0.023284202 
795 356 4 5 0.02327213 
814 363 4 4 0.023270195 
828 357 4 4 0.023269644 
353 119 5 5 0.023268724 
232 54 6 6 0.023263505 
618 60 10 8 0.0232565 
193 194 5 6 0.023254849 
980 310 8 8 0.023254627 
888 382 19 20 0.023249045 
594 61 22 25 0.023243213 
233 169 19 27 0.023242055 
612 52 10 9 0.023238627 
93 236 10 15 0.023231281 
560 62 4 4 0.023228522 
627 54 7 8 0.023215985 
749 356 36 43 0.023214191 
713 360 22 26 0.023213904 
18 152 8 12 0.02320679 
936 127 5 5 0.023195213 
506 67 5 7 0.023193888 
719 54 4 7 0.023191068 
605 488 26 25 0.023182739 
371 93 6 5 0.023180733 
597 259 5 6 0.023179587 
730 24 4 5 0.023176502 
917 203 4 4 0.023176044 
793 417 8 9 0.023172867 
607 77 10 10 0.023162542 
743 54 4 6 0.02315923 
904 376 4 5 0.023158504 
619 317 9 11 0.02313778 
392 79 7 6 0.023127316 
831 229 10 8 0.023126151 
276 306 24 21 0.023118278 
773 423 9 12 0.023106145 
981 138 5 5 0.02310077 
224 72 7 7 0.023096424 
628 45 6 7 0.023086108 
667 132 6 6 0.023054907 
530 118 8 8 0.023051951 
211 94 5 6 0.023051564 
943 139 4 4 0.023035172 
620 246 7 7 0.023030162 
81 59 9 11 0.022998763 
672 3 6 5 0.022992624 
717 349 6 6 0.022992598 
378 80 7 6 0.022986304 
243 351 20 29 0.022984361 
923 373 5 6 0.022976413 
583 63 20 23 0.022967042 
982 119 5 5 0.022961067 
693 80 5 6 0.022947237 
106 132 19 27 0.02294234 
402 79 7 6 0.022941135 
803 381 4 6 0.022939026 
942 127 5 4 0.022936625 
622 35 5 6 0.022924367 
648 157 4 5 0.02292431 
201 379 5 7 0.022910008 
69 143 21 27 0.022908196 
90 142 7 10 0.022892095 
182 195 5 6 0.022877011 
640 304 4 5 0.022867698 
63 66 7 8 0.022864098 
565 101 11 10 0.022862677 
-8 367 368 460 0.02285832 
380 119 4 5 0.02285232 
806 398 7 9 0.022845497 
56 251 20 21 0.022820212 
227 352 22 28 0.0228137 
605 253 5 7 0.022801956 
646 334 8 9 0.022800146 
907 431 20 22 0.022795273 
443 200 6 9 0.022782512 
852 388 4 6 0.022781214 
270 278 8 10 0.022779979 
505 284 21 29 0.022779638 
680 315 6 8 0.022773731 
607 253 6 8 0.022773275 
598 53 11 9 0.022766931 
828 382 3 4 0.022756271 
195 356 3 6 0.022731943 
686 74 5 6 0.02272941 
746 335 5 6 0.022727763 
794 367 5 6 0.022726716 
759 403 10 11 0.022726566 
860 191 3 4 0.022720985 
564 60 6 6 0.022719037 
393 313 16 25 0.022712259 
711 354 8 8 0.022711836 
21 171 11 17 0.022709977 
731 330 5 6 0.022684172 
466 236 62 90 0.022680651 
271 315 9 10 0.022678325 
532 381 4 5 0.022673737 
17 150 22 33 0.022664392 
878 369 5 5 0.022655481 
95 360 6 8 0.02265535 
580 89 9 11 0.022653816 
546 60 6 6 0.022651322 
510 137 25 23 0.022638857 
617 75 12 11 0.022634616 
364 322 8 8 0.022627926 
623 22 5 6 0.022626037 
290 248 4 5 0.02261963 
841 369 4 5 0.022614324 
627 314 36 49 0.0226029 
974 383 4 4 0.022599852 
972 156 6 7 0.022589296 
231 163 5 7 0.022579756 
664 333 9 11 0.022574361 
589 104 7 8 0.022561282 
819 112 6 6 0.022540305 
733 82 3 5 0.022537854 
681 19 18 23 0.022527862 
511 92 7 8 0.022525249 
201 375 5 6 0.02252237 
782 350 5 4 0.022521473 
360 119 4 5 0.022508536 
220 170 4 7 0.022498533 
587 49 23 19 0.022464419 
764 267 4 5 0.022462415 
315 311 16 24 0.022453489 
698 371 21 25 0.022446783 
556 98 10 8 0.022437813 
888 88 24 21 0.022435626 
611 220 28 33 0.022426957 
940 117 7 7 0.022425286 
800 413 8 6 0.022423496 
110 130 7 9 0.022404326 
349 170 3 4 0.022387642 
593 116 9 9 0.02237974 
397 74 7 7 0.022376208 
818 118 9 9 0.022374496 
183 348 3 6 0.022372335 
590 112 6 7 0.022369321 
563 86 8 6 0.022365315 
787 424 8 9 0.022359287 
517 66 7 8 0.022357203 
349 159 3 4 0.022335978 
217 27 10 8 0.022326019 
500 92 6 8 0.022325791 
397 100 7 5 0.022320949 
738 65 5 9 0.022307504 
687 240 3 7 0.022305585 
554 228 4 5 0.022302836 
778 408 21 24 0.02230132 
526 393 5 6 0.022300549 
194 369 4 7 0.022300322 
745 342 4 5 0.022288699 
628 247 5 6 0.022263251 
725 369 20 25 0.022262217 
979 388 5 6 0.022260983 
68 58 8 10 0.022259185 
82 47 7 7 0.02224374 
240 144 3 5 0.022241138 
100 142 7 9 0.022238884 
334 186 5 7 0.022238515 
930 196 4 5 0.022228561 
121 332 83 111 0.0222237 
686 68 5 5 0.022221766 
613 47 8 8 0.02222106 
645 73 9 9 0.022219237 
490 28 24 22 0.022215808 
595 311 7 8 0.022215305 
174 381 4 5 0.022211837 
544 54 7 6 0.022207985 
208 105 4 6 0.022202535 
776 435 21 24 0.022199498 
792 423 9 10 0.022182157 
248 396 10 12 0.022173395 
388 47 6 7 0.022172442 
672 14 6 7 0.022172436 
859 387 5 6 0.02216778 
522 86 20 21 0.022165908 
321 280 5 5 0.022149917 
929 202 4 6 0.022147408 
-40 168 311 404 0.022139702 
219 93 5 6 0.022135561 
710 340 7 7 0.022120783 
538 79 8 8 0.022112053 
341 170 4 4 0.022102285 
569 311 8 6 0.022102285 
646 329 7 8 0.022094553 
714 233 46 56 0.022085119 
719 47 5 8 0.022083566 
858 200 18 21 0.022081796 
623 345 12 15 0.02207523 
733 86 4 6 0.022071553 
963 393 4 6 0.022040423 
821 169 4 5 0.022031542 
758 323 3 4 0.022026692 
679 79 7 7 0.022012543 
205 46 8 8 0.022009643 
743 494 26 25 0.02200173 
731 8 5 7 0.02199674 
188 356 4 5 0.02199255 
969 388 4 6 0.02199129 
267 85 7 8 0.021974577 
577 67 5 5 0.021973256 
848 376 3 4 0.02196557 
980 280 24 25 0.021951407 
211 356 5 6 0.02194737 
968 399 6 8 0.021947311 
550 60 6 6 0.021946244 
604 115 26 30 0.021940764 
89 122 17 24 0.02194002 
59 140 11 13 0.021930607 
595 72 7 9 0.021930119 
354 170 4 4 0.021930108 
734 355 7 8 0.021923339 
594 101 9 11 0.021921823 
211 387 7 7 0.021913683 
328 216 3 5 0.021911202 
362 202 3 5 0.021892477 
205 393 9 8 0.021890072 
210 46 8 7 0.021886095 
353 126 5 5 0.021867637 
850 424 7 9 0.021865837 
647 117 7 7 0.021861494 
576 455 7 8 0.021860758 
845 405 6 7 0.021854758 
504 129 10 9 0.021839725 
629 310 5 5 0.021839146 
79 120 17 23 0.021822764 
282 280 4 6 0.021817308 
568 86 8 6 0.021813514 
678 3 5 5 0.021807404 
667 215 3 5 0.021803392 
867 184 3 4 0.021803021 
661 144 4 5 0.021798108 
705 10 5 5 0.021797957 
660 84 22 26 0.021797312 
340 119 5 6 0.02179484 
567 111 27 24 0.021794422 
525 49 6 6 0.021793006 
871 437 6 9 0.021790959 
798 455 11 11 0.021790665 
819 369 5 5 0.021789882 
250 347 7 10 0.021786029 
801 375 4 5 0.021768421 
83 423 10 14 0.021731423 
636 125 5 6 0.021731239 
661 157 3 5 0.0217304 
735 430 9 11 0.021730209 
557 311 8 6 0.021729223 
937 342 4 5 0.021728134 
655 156 4 6 0.021706825 
505 124 9 9 0.021704337 
815 350 4 4 0.021703886 
694 62 4 5 0.021694435 
817 441 12 13 0.021689042 
634 84 9 9 0.021684421 
180 537 5 4 0.021678109 
534 104 30 31 0.02167625 
671 98 10 14 0.021666346 
605 315 11 15 0.021660328 
814 170 4 5 0.021658378 
717 227 7 7 0.021654727 
733 411 23 25 0.021652484 
237 388 24 27 0.021647226 
543 67 7 6 0.021646762 
111 400 5 7 0.021642618 
623 16 5 6 0.021634594 
193 394 6 7 0.021632181 
692 -1 5 3 0.021622907 
602 462 7 10 0.02161315 
214 397 13 10 0.021607935 
840 408 4 5 0.02160266 
169 381 3 4 0.02160219 
194 349 4 6 0.021589518 
128 112 7 7 0.02158918 
508 349 18 20 0.0215848 
653 117 8 8 0.021583982 
621 315 20 24 0.021583106 
801 410 20 19 0.021578437 
985 302 10 10 0.021573476 
621 117 7 8 0.021572301 
959 406 6 7 0.021558732 
873 383 23 21 0.021556137 
408 70 9 9 0.021554725 
582 59 7 8 0.021553468 
617 344 11 13 0.021546248 
226 164 4 6 0.02151754 
889 434 8 12 0.021515455 
225 101 5 5 0.021515332 
181 188 5 7 0.021509808 
910 357 4 4 0.021504726 
191 187 6 8 0.02148572 
668 83 9 10 0.021480428 
337 177 4 5 0.021479454 
357 53 8 7 0.021477845 
913 454 11 12 0.021476714 
985 208 6 8 0.021473605 
100 129 6 8 0.021471096 
206 367 6 9 0.021462616 
255 368 11 14 0.021445941 
387 52 8 9 0.021445341 
408 55 8 8 0.021445125 
906 410 10 12 0.021441044 
789 336 4 5 0.021437185 
615 257 6 7 0.021427484 
973 311 6 6 0.021425491 
375 71 8 8 0.02142496 
76 52 21 23 0.021411479 
613 40 8 8 0.021407593 
122 265 6 7 0.021403741 
980 163 7 7 0.021402713 
653 329 8 8 0.021389369 
597 264 5 7 0.021383367 
359 100 6 6 0.021379096 
926 99 30 30 0.021373147 
364 80 7 7 0.021356741 
697 40 5 8 0.021355784 
999 281 26 26 0.02134658 
552 71 26 23 0.021341072 
724 343 5 5 0.021336462 
557 105 7 6 0.021313688 
697 327 18 23 0.021298708 
523 355 7 8 0.021297613 
571 228 4 5 0.021285996 
808 350 4 4 0.021285363 
553 203 4 5 0.021283599 
513 269 9 13 0.021277696 
507 256 20 30 0.021275584 
972 167 6 7 0.021269994 
717 365 8 10 0.021265728 
357 78 8 8 0.021264376 
905 450 21 22 0.021254057 
764 248 3 5 0.021248674 
972 150 6 7 0.021242449 
770 259 5 5 0.02124123 
121 272 7 7 0.021238638 
732 91 5 8 0.021237936 
723 338 6 5 0.021233117 
273 311 11 10 0.021232113 
997 424 6 9 0.021230012 
499 131 7 6 0.021229563 
602 126 7 6 0.021228489 
621 241 6 6 0.021226386 
679 -1 5 3 0.021221824 
595 435 23 24 0.021219961 
231 48 6 6 0.021203192 
913 421 11 13 0.02119579 
630 55 23 25 0.021190003 
796 447 11 12 0.02118966 
884 228 4 5 0.021188477 
691 314 7 10 0.021182658 
651 105 8 8 0.02117674 
763 257 4 6 0.0211743 
724 59 4 8 0.02116861 
911 189 5 6 0.021160457 
282 285 5 5 0.021149946 
542 103 9 8 0.021113636 
971 438 6 7 0.021111801 
64 423 9 12 0.02111046 
968 94 25 23 0.021110257 
217 79 7 8 0.021100013 
668 227 4 5 0.021092989 
358 317 21 23 0.021089429 
775 343 4 4 0.021088714 
101 390 7 10 0.021083346 
371 79 8 7 0.021082575 
218 355 4 6 0.021081628 
70 72 7 8 0.021074995 
839 425 5 8 0.021071991 
1004 319 10 11 0.021066075 
67 101 3 3 0.021062309 
660 7 81 111 0.021061068 
670 365 21 24 0.021060053 
950 118 5 5 0.021059848 
512 66 7 8 0.021056648 
799 422 18 22 0.021047719 
601 114 9 12 0.021045435 
40 124 6 8 0.021045066 
107 259 8 8 0.021035764 
238 72 8 9 0.021026453 
687 235 4 5 0.021026066 
107 253 21 24 0.02101793 
993 278 7 9 0.0210143 
207 195 4 5 0.02101389 
773 377 21 24 0.021008365 
871 417 6 8 0.020994505 
239 231 21 26 0.020983055 
941 337 4 5 0.020980503 
750 388 6 7 0.020977736 
930 387 4 6 0.020968257 
821 395 4 4 0.020951532 
430 272 18 27 0.020948421 
562 316 9 6 0.020947034 
672 323 5 7 0.020946387 
879 151 5 7 0.020942347 
107 161 76 99 0.020931102 
532 49 7 6 0.020930193 
583 67 7 6 0.02092034 
903 362 5 5 0.020894516 
614 457 10 11 0.020889888 
681 106 19 21 0.020888127 
824 416 7 8 0.020883586 
901 99 10 9 0.020880759 
664 123 7 8 0.02087771 
206 369 23 24 0.02086798 
94 146 7 12 0.020865338 
103 55 5 5 0.020863073 
883 615 8 9 0.020861914 
214 351 24 28 0.020860983 
665 339 9 10 0.020860542 
726 79 4 6 0.020858197 
219 174 5 8 0.020848697 
29 18 10 13 0.020841153 
121 253 6 7 0.020840803 
354 144 4 5 0.020839028 
629 130 5 6 0.020838521 
575 449 7 8 0.02083218 
937 381 18 23 0.020823216 
723 349 6 5 0.020816052 
734 372 7 10 0.020809624 
606 207 26 30 0.020804737 
658 366 21 25 0.020798245 
661 317 5 6 0.020794233 
628 120 5 5 0.02079338 
962 127 3 3 0.020790594 
606 53 10 8 0.020787647 
364 64 7 7 0.020782141 
803 201 4 6 0.020781036 
850 418 7 8 0.02077737 
604 56 23 20 0.020777054 
744 28 4 6 0.020775864 
537 59 9 7 0.020769978 
685 80 6 6 0.020765627 
692 245 4 7 0.020755319 
99 108 3 4 0.020750633 
550 258 6 8 0.02074558 
554 47 26 23 0.02074133 
793 342 6 6 0.02072935 
545 423 7 8 0.020725923 
632 96 9 9 0.020725768 
243 66 7 7 0.020725496 
918 369 4 4 0.020720882 
211 42 7 6 0.020716099 
679 74 6 6 0.020714888 
892 229 5 5 0.020712115 
756 343 5 7 0.020709215 
219 374 23 23 0.020683723 
782 344 4 4 0.020665083 
538 118 8 7 0.020662753 
607 33 8 8 0.020660713 
61 403 11 20 0.020660253 
528 376 4 4 0.020660112 
751 374 6 8 0.020648608 
819 304 6 6 0.020644132 
927 404 20 22 0.020643966 
588 252 6 6 0.020640552 
594 39 24 21 0.020637646 
671 124 8 8 0.020623418 
943 221 4 6 0.02061927 
544 118 8 8 0.020613873 
610 220 6 6 0.020594375 
625 250 8 8 0.020594057 
538 67 7 7 0.020590533 
765 407 11 14 0.020582067 
606 69 11 12 0.020573607 
567 461 9 10 0.020558657 
896 233 6 6 0.020555586 
735 379 19 24 0.02054946 
754 395 20 22 0.020549435 
746 370 20 23 0.020549333 
113 77 23 25 0.02054371 
89 61 7 7 0.020542271 
497 136 9 8 0.02054069 
618 53 9 8 0.020539548 
594 331 7 12 0.02053769 
339 191 7 10 0.020536058 
402 93 7 6 0.020535223 
859 404 5 6 0.020529812 
443 194 5 7 0.02052174 
651 337 34 41 0.020518444 
111 404 6 8 0.020513605 
641 125 5 6 0.020507257 
198 73 6 7 0.020506289 
314 291 6 6 0.020502554 
358 103 6 7 0.020490957 
240 157 4 5 0.020490436 
736 226 7 7 0.020489406 
558 275 11 13 0.020488162 
237 54 6 5 0.02048465 
678 86 7 7 0.020483961 
671 432 22 27 0.020483311 
903 368 4 5 0.020482277 
230 59 21 25 0.0204813 
-6 -183 58 145 0.020478982 
546 381 3 6 0.020474644 
588 259 5 7 0.020469127 
117 48 20 24 0.02045437 
531 59 8 8 0.020450741 
743 43 4 5 0.020450506 
125 578 24 25 0.020450367 
0 -111 32 98 0.02044819 
644 109 11 10 0.02044249 
178 546 6 6 0.020441812 
841 178 42 51 0.02043909 
68 65 8 9 0.020435873 
342 122 22 26 0.020429675 
594 321 8 13 0.020421186 
75 58 10 11 0.020417191 
61 95 3 4 0.020412425 
651 76 11 14 0.020412326 
654 3 5 5 0.020406703 
712 53 4 8 0.020405227 
820 151 5 5 0.020403372 
885 164 4 5 0.020400906 
665 88 10 13 0.020391153 
115 251 6 7 0.02038881 
531 130 8 8 0.020386359 
909 233 6 6 0.020379817 
45 132 9 13 0.02037765 
527 401 4 6 0.020374343 
689 71 21 25 0.020373262 
529 65 24 24 0.020373182 
903 356 5 6 0.020372417 
486 125 7 7 0.020371247 
973 135 20 24 0.020371102 
524 360 7 8 0.02036768 
665 316 5 6 0.020365462 
515 427 21 23 0.020351568 
619 21 42 48 0.02034344 
501 67 6 7 0.020340694 
784 394 18 19 0.02033664 
686 244 4 7 0.020334208 
599 465 25 27 0.020334126 
981 131 4 5 0.020325813 
462 488 6 9 0.020317735 
575 86 9 8 0.020311495 
472 100 7 6 0.02030338 
533 376 4 5 0.020296799 
233 244 21 31 0.020295627 
833 356 5 5 0.02028714 
314 314 8 13 0.020281479 
752 395 11 12 0.020276928 
516 309 8 10 0.020276627 
687 87 6 6 0.020268332 
226 337 19 27 0.020254264 
559 465 12 13 0.020247119 
615 126 6 6 0.020244453 
208 371 8 11 0.02023192 
520 79 5 7 0.020224437 
262 73 7 8 0.020218993 
217 361 5 6 0.020212444 
786 417 7 9 0.020212192 
183 331 81 91 0.0202119 
198 41 7 6 0.020206807 
236 189 8 12 0.020205969 
949 112 6 6 0.020205809 
833 388 4 5 0.020197658 
123 104 5 7 0.020195343 
626 112 7 7 0.020194586 
211 87 6 6 0.020191906 
511 281 8 11 0.02017502 
910 362 4 5 0.02017268 
31 178 8 14 0.020169722 
962 388 3 5 0.020167042 
379 94 6 4 0.02016581 
593 453 10 12 0.020160817 
68 120 18 24 0.02013599 
871 132 5 5 0.020135617 
913 396 8 10 0.020126449 
587 226 7 8 0.020115249 
891 232 5 6 0.020111907 
320 213 5 7 0.02008879 
234 18 11 10 0.020080714 
625 356 9 14 0.020079495 
881 111 14 13 0.020075217 
365 526 31 27 0.020075193 
733 59 4 7 0.020070123 
175 363 4 5 0.020069642 
808 363 4 4 0.020065786 
398 62 5 6 0.020065654 
47 137 20 28 0.020063307 
806 430 19 22 0.02006289 
933 392 7 9 0.020062098 
753 385 10 11 0.020059703 
499 125 7 7 0.020058112 
986 322 8 9 0.02005564 
404 48 6 6 0.020054985 
780 416 8 11 0.020053681 
640 328 6 9 0.020050228 
893 222 4 4 0.020047052 
732 74 4 6 0.020043643 
747 408 10 12 0.020037312 
200 368 4 6 0.020031428 
512 47 7 7 0.020028042 
661 38 21 31 0.020018173 
251 158 4 5 0.020018151 
212 101 4 5 0.020009331 
623 126 5 5 0.020006888 
736 3 5 6 0.020004597 
512 294 8 10 0.020001683 
865 363 4 5 0.02000086 
