0_Parade_marchingband_1_593
489
254 321 8 13 0.9954704 
752 330 9 10 0.99338645 
541 373 9 14 0.99328107 
599 348 8 11 0.98842 
676 335 8 11 0.9870862 
908 348 9 13 0.9866257 
153 337 9 11 0.9856834 
615 303 8 11 0.9854916 
372 324 8 10 0.98407906 
469 379 8 12 0.97415787 
802 301 8 12 0.97249866 
487 309 9 11 0.9719729 
306 304 8 11 0.9703743 
211 334 8 12 0.9668121 
762 315 9 10 0.9636533 
780 326 8 11 0.96265715 
863 336 9 12 0.96105886 
182 330 10 14 0.95953804 
445 347 9 11 0.9583962 
507 377 8 13 0.95773757 
176 304 9 11 0.9566544 
471 315 9 11 0.9521703 
436 288 8 12 0.94368136 
624 378 9 12 0.9403372 
505 289 8 11 0.93996733 
697 348 9 12 0.9397283 
223 322 8 10 0.93864787 
585 378 8 12 0.92969507 
359 298 7 10 0.9194834 
624 341 9 11 0.9190633 
760 345 8 11 0.9182638 
105 333 9 11 0.916575 
403 322 8 11 0.9161972 
773 303 8 10 0.9159828 
722 294 8 11 0.9149704 
77 344 10 11 0.9089714 
710 324 9 9 0.90307754 
581 305 7 10 0.89959663 
109 311 8 9 0.89817387 
436 321 8 10 0.89505035 
539 322 8 13 0.8882819 
660 377 9 13 0.8853032 
569 324 9 11 0.879099 
799 340 10 11 0.86741585 
649 304 8 12 0.8669345 
128 330 7 10 0.86010313 
593 288 7 11 0.84622645 
563 295 7 11 0.84247005 
531 343 8 11 0.8260646 
475 342 9 11 0.8220739 
351 359 9 11 0.81823033 
519 308 8 11 0.8140339 
238 308 9 12 0.79721355 
345 317 8 10 0.79194176 
724 334 8 10 0.7858251 
601 318 8 11 0.78152895 
273 304 7 11 0.77826965 
319 323 8 9 0.7508982 
288 323 7 10 0.74813944 
694 311 8 10 0.7448462 
792 321 7 9 0.7087267 
653 341 8 10 0.7038921 
360 384 9 11 0.69548446 
735 322 8 9 0.66262746 
725 352 8 11 0.657704 
208 308 8 11 0.6467288 
139 306 8 10 0.62867564 
532 293 8 10 0.6180517 
394 376 7 11 0.5739915 
681 315 8 11 0.56503606 
701 327 8 11 0.5627574 
310 356 9 10 0.54396564 
431 376 8 13 0.51136094 
631 311 8 11 0.5083141 
801 327 8 10 0.49092314 
121 319 7 10 0.47966957 
155 352 7 12 0.4723946 
503 344 8 10 0.45968616 
636 338 8 13 0.4555297 
269 359 9 12 0.4424457 
456 304 7 10 0.43272233 
564 341 8 11 0.4046343 
209 292 6 10 0.369798 
146 322 7 9 0.36797234 
601 302 7 10 0.35092464 
730 323 7 8 0.33936822 
227 358 9 11 0.32874954 
359 343 7 9 0.29176092 
813 330 7 8 0.28008756 
566 348 8 12 0.2738834 
134 317 7 8 0.273865 
159 317 7 11 0.25945917 
817 330 7 8 0.2451662 
139 292 7 8 0.23661692 
503 318 8 10 0.21764106 
385 355 6 10 0.21533145 
459 317 7 10 0.20814905 
359 308 7 11 0.19804727 
377 348 7 11 0.19510703 
736 304 7 9 0.17727533 
415 341 6 12 0.17709844 
135 291 7 8 0.17545624 
724 280 6 7 0.1654766 
216 323 6 10 0.16518566 
446 372 8 12 0.15992562 
563 277 7 10 0.15896377 
378 353 7 10 0.15380433 
543 343 7 10 0.15365033 
397 290 7 10 0.15072256 
345 299 7 10 0.1460004 
456 291 6 9 0.13949102 
584 323 6 9 0.13872781 
377 340 8 11 0.1341204 
369 365 7 11 0.13300207 
565 368 6 11 0.13065343 
224 304 7 9 0.13032906 
230 334 8 11 0.12485421 
452 330 7 10 0.11938692 
311 337 8 11 0.11561529 
651 390 8 11 0.1131174 
587 361 7 12 0.10846407 
574 377 8 11 0.10768383 
363 285 6 8 0.1031293 
658 360 7 12 0.101897284 
724 323 6 8 0.099211544 
481 323 7 10 0.098854154 
235 335 7 9 0.09869745 
772 308 8 10 0.09714443 
656 337 8 10 0.09619614 
319 333 9 12 0.088416345 
385 367 6 10 0.0812887 
89 343 9 11 0.0801823 
438 274 5 8 0.07970286 
562 327 9 10 0.07812149 
786 329 6 9 0.077418834 
562 351 8 12 0.07732659 
238 291 6 8 0.077178486 
501 297 7 11 0.07659589 
224 336 7 10 0.07630135 
568 307 8 11 0.07432535 
172 323 8 12 0.07411544 
633 297 6 9 0.07360284 
488 293 6 8 0.0732066 
597 321 6 10 0.07245669 
396 278 6 9 0.071990386 
315 323 7 10 0.0718558 
474 299 7 9 0.07147994 
459 291 6 9 0.07029584 
489 314 9 12 0.06970679 
306 290 7 9 0.06966375 
142 336 6 10 0.06942606 
660 348 7 9 0.06900033 
352 324 6 10 0.06883126 
607 317 6 11 0.067120574 
523 324 6 9 0.06653094 
261 345 8 12 0.06567541 
509 303 7 9 0.065253034 
325 335 7 10 0.065053165 
467 304 7 8 0.065028645 
596 328 6 10 0.06461466 
770 286 6 9 0.064391814 
135 310 9 9 0.06393783 
728 280 5 7 0.0633363 
283 322 7 10 0.06251696 
506 301 7 11 0.062002905 
698 323 8 10 0.060780834 
654 365 8 12 0.06026956 
535 278 7 10 0.060126424 
403 304 7 11 0.05960792 
344 342 6 9 0.05955505 
612 317 7 11 0.05898477 
69 329 6 8 0.058666464 
178 315 7 11 0.057830207 
133 334 7 11 0.057480544 
530 359 8 10 0.056996617 
169 415 10 16 0.05673827 
555 318 7 10 0.0566391 
262 335 7 10 0.056405082 
586 334 7 9 0.055503316 
569 373 7 10 0.05530729 
357 328 7 9 0.05472224 
819 318 6 8 0.054609712 
401 292 6 9 0.053450424 
222 347 8 10 0.053146042 
175 291 6 7 0.050939284 
275 290 5 8 0.050742496 
388 360 7 11 0.05046258 
445 377 7 13 0.05027376 
484 321 8 11 0.05013743 
347 328 6 9 0.05001247 
595 274 5 7 0.04969716 
128 317 6 9 0.04945039 
300 329 7 9 0.049181204 
680 302 6 10 0.047837604 
596 303 7 9 0.047776986 
532 302 7 11 0.04747769 
493 343 6 9 0.0474477 
154 318 6 10 0.047433995 
324 353 7 9 0.047430698 
372 309 7 10 0.047036264 
138 297 8 9 0.04697511 
217 312 6 7 0.04612869 
792 327 7 10 0.045628708 
881 290 10 13 0.045136727 
600 364 9 15 0.044835344 
360 602 4 5 0.04431228 
107 321 8 10 0.044226535 
529 373 7 11 0.044225007 
224 309 6 9 0.04388379 
692 292 6 9 0.043829948 
91 317 5 8 0.043578967 
577 309 7 10 0.043098804 
585 330 6 9 0.043091606 
259 322 7 12 0.042853046 
318 327 9 12 0.042694874 
396 297 6 9 0.042407352 
401 317 8 12 0.041938122 
518 292 6 9 0.041878786 
421 362 7 11 0.04180651 
372 341 6 9 0.04164759 
320 354 7 9 0.041177977 
340 349 6 9 0.041145373 
422 356 5 9 0.040742487 
229 304 7 9 0.04073461 
693 304 8 10 0.04061097 
606 349 7 10 0.040605806 
481 311 6 9 0.04013229 
651 291 7 10 0.03955858 
455 297 7 10 0.039540682 
683 298 7 10 0.039410137 
791 318 6 8 0.039029274 
492 293 6 7 0.03874428 
695 297 7 9 0.038734145 
146 327 7 11 0.038590245 
853 393 6 9 0.038462594 
813 317 6 8 0.03841459 
768 329 6 10 0.038182635 
58 330 6 7 0.038138527 
896 350 5 7 0.038128823 
296 335 7 9 0.03808335 
340 595 6 7 0.038028445 
525 335 6 11 0.038007725 
295 348 7 9 0.03798829 
361 588 4 4 0.03787243 
189 352 9 13 0.037529618 
772 315 8 10 0.037380453 
298 342 7 9 0.037236094 
90 312 6 8 0.037155256 
83 296 6 8 0.03708266 
344 347 7 10 0.037011094 
281 303 6 10 0.036988426 
765 346 8 11 0.036717992 
210 316 7 9 0.03642144 
812 335 8 10 0.036396947 
149 600 5 6 0.036351986 
920 315 134 134 0.03613408 
735 335 7 10 0.03587473 
605 362 8 12 0.035808887 
428 309 7 13 0.035723288 
186 317 7 10 0.035454 
893 381 8 10 0.035340436 
626 322 7 11 0.035175093 
405 391 7 12 0.03515706 
318 305 7 10 0.03508251 
831 310 5 8 0.035026535 
482 369 6 11 0.03480677 
208 562 3 4 0.03467536 
250 326 7 12 0.034653343 
288 303 6 9 0.034517277 
408 305 7 9 0.034247298 
596 278 6 9 0.034075167 
626 360 8 11 0.03400836 
166 320 8 13 0.033877123 
240 299 7 8 0.03362453 
230 428 24 26 0.033496764 
542 308 7 11 0.033216033 
167 335 6 11 0.03318933 
274 313 7 12 0.03308938 
200 305 5 8 0.032615054 
380 609 3 5 0.03230673 
90 322 7 8 0.03213572 
693 398 7 9 0.031990297 
558 329 6 9 0.031859342 
373 608 3 5 0.031621 
622 583 4 4 0.03145343 
94 318 7 9 0.03132024 
84 318 5 8 0.031310484 
142 322 7 9 0.031254932 
562 285 7 12 0.031244904 
857 305 7 9 0.031215057 
340 336 6 10 0.031207193 
763 297 7 9 0.031174557 
825 338 8 9 0.031111572 
831 307 5 6 0.03107306 
841 350 6 9 0.030977475 
583 600 5 5 0.030938068 
261 358 9 12 0.030887533 
723 318 6 10 0.030869432 
448 333 8 11 0.030507997 
478 304 6 8 0.030437242 
430 324 6 9 0.03016347 
380 612 4 5 0.030049942 
435 341 6 11 0.030044341 
435 348 6 10 0.029906098 
245 326 5 7 0.029841056 
391 290 6 9 0.029553454 
352 593 6 5 0.029495107 
478 298 6 8 0.029338242 
393 424 9 12 0.02933817 
295 330 7 9 0.029314619 
352 298 6 9 0.02896952 
521 575 4 5 0.028962392 
530 328 7 11 0.028791426 
729 318 7 9 0.028626366 
826 319 6 7 0.028615586 
672 322 7 9 0.028412316 
193 310 5 8 0.028404096 
736 400 6 7 0.028321842 
776 327 8 12 0.028305694 
537 355 8 11 0.02822049 
723 286 6 7 0.028214267 
463 602 4 4 0.028093295 
65 330 6 7 0.028065955 
565 308 6 10 0.028031258 
173 334 6 13 0.027962182 
1018 569 6 7 0.02777934 
870 324 6 8 0.02765246 
146 310 6 8 0.027561042 
275 606 6 6 0.02737128 
139 316 7 10 0.027336916 
714 329 8 10 0.027332217 
922 319 5 5 0.027168 
217 317 6 9 0.027159983 
570 362 7 10 0.027141707 
466 335 8 11 0.027075583 
596 351 8 12 0.027053507 
586 303 7 11 0.026871078 
408 334 8 10 0.026787834 
185 323 8 14 0.026769852 
614 287 5 8 0.026642818 
368 600 3 5 0.0266169 
648 292 6 8 0.026507912 
371 355 6 9 0.026487313 
380 367 6 10 0.026440613 
481 294 5 7 0.026368035 
167 328 7 13 0.026361888 
710 334 8 10 0.026293207 
730 305 6 8 0.026283355 
508 574 5 6 0.026269788 
193 603 4 4 0.026096184 
160 305 5 7 0.026077136 
321 594 5 5 0.026028065 
727 330 8 10 0.025992246 
812 340 8 10 0.025916567 
418 280 4 6 0.025837801 
87 360 11 15 0.02579258 
861 316 7 10 0.025757289 
287 312 7 9 0.025636945 
1006 562 4 5 0.025584692 
971 607 7 6 0.025545958 
633 374 7 10 0.025430435 
380 584 3 3 0.025429968 
703 394 7 9 0.025350967 
403 297 6 8 0.025301572 
505 279 6 10 0.025207639 
463 594 3 4 0.0251835 
360 583 4 4 0.02500675 
301 324 7 9 0.024991425 
875 290 10 12 0.024921263 
246 329 5 7 0.024916401 
578 591 3 4 0.024860067 
342 342 5 9 0.024834812 
179 288 4 7 0.024797976 
856 613 8 6 0.024671631 
488 287 5 7 0.024545375 
882 324 6 9 0.02454131 
493 348 7 9 0.024422623 
581 316 7 9 0.024399975 
863 296 9 10 0.024368713 
417 356 6 8 0.02436468 
172 316 8 11 0.02434485 
960 606 7 7 0.024221085 
115 330 6 9 0.024216892 
126 337 7 13 0.024203151 
773 291 6 9 0.024179207 
704 389 4 6 0.02414617 
167 562 4 5 0.024141941 
615 291 6 9 0.024083119 
902 348 9 12 0.02404219 
867 291 11 11 0.02398218 
345 337 6 9 0.023893934 
639 309 7 10 0.023864796 
862 322 7 11 0.02384192 
-3 217 43 68 0.023813887 
869 300 10 13 0.023622725 
633 368 6 10 0.023604501 
883 284 8 11 0.023586793 
187 556 5 5 0.023525601 
767 298 8 10 0.02345582 
524 328 6 10 0.023436725 
338 329 8 10 0.023378389 
919 319 4 5 0.023352161 
650 322 9 11 0.023320483 
441 303 7 10 0.023303935 
435 303 7 10 0.02328238 
332 336 6 9 0.023255222 
657 389 9 13 0.02321331 
595 365 8 14 0.023160197 
490 305 7 10 0.02304858 
434 336 7 10 0.022869106 
393 575 3 5 0.02286398 
391 612 5 6 0.022770867 
792 340 7 11 0.022759257 
857 298 7 9 0.022713391 
403 354 6 9 0.022679498 
559 291 6 10 0.02262331 
341 299 6 9 0.022570705 
788 323 7 10 0.022519464 
509 359 9 15 0.02251864 
577 594 4 4 0.02251465 
511 316 6 10 0.022485686 
602 281 4 6 0.022475664 
478 316 7 10 0.022457158 
885 295 9 12 0.022409005 
672 317 6 8 0.022387454 
563 302 7 10 0.022372901 
476 294 5 7 0.022360366 
457 589 3 3 0.02235279 
397 303 7 10 0.02234669 
348 607 5 5 0.022226967 
991 542 7 7 0.022225484 
406 328 9 11 0.022196604 
84 556 4 6 0.022192692 
601 310 8 12 0.022107026 
715 335 7 8 0.02198583 
871 272 7 9 0.021978134 
387 577 3 3 0.021944284 
455 322 6 9 0.021901174 
417 286 5 8 0.021841452 
88 352 10 12 0.021763435 
416 291 5 8 0.021752855 
184 305 6 8 0.021703193 
24 329 7 9 0.021575324 
429 363 7 10 0.02157275 
718 569 6 6 0.021554533 
779 311 7 10 0.021404516 
561 336 9 12 0.021376904 
562 360 7 12 0.021367842 
182 555 3 5 0.02135682 
701 351 9 12 0.021349821 
430 349 6 10 0.021291524 
680 285 5 8 0.021249434 
411 291 6 8 0.021212503 
397 275 5 6 0.021171963 
567 278 6 10 0.021166157 
440 327 7 11 0.021147 
449 305 6 8 0.0211234 
468 300 6 8 0.021117587 
200 310 5 8 0.02107769 
630 299 5 7 0.021054365 
226 154 14 13 0.020975243 
238 556 4 5 0.020966992 
117 322 6 9 0.020964695 
272 287 5 7 0.02093198 
546 556 3 4 0.020903341 
520 342 5 10 0.020875242 
506 274 6 8 0.020864533 
392 588 3 4 0.020799518 
33 335 6 8 0.020784367 
840 311 5 7 0.020771984 
327 563 4 5 0.020763619 
374 583 3 3 0.020627378 
359 315 7 10 0.020625712 
360 608 4 4 0.020593619 
282 317 6 9 0.020522375 
691 412 8 12 0.020512287 
531 308 7 11 0.020418694 
359 613 4 5 0.020366546 
897 339 4 4 0.020209624 
463 590 3 3 0.020194652 
374 614 3 4 0.020185046 
534 575 4 5 0.02016894 
396 413 8 9 0.020131133 
729 285 5 7 0.020118497 
834 317 5 7 0.020066556 
123 340 6 11 0.020059824 
217 305 6 8 0.020057747 
504 327 9 11 0.02002967 
817 335 8 10 0.020002704 
