0_Parade_Parade_0_664
1335
938 336 27 28 0.99968207 
122 323 23 24 0.998637 
619 339 19 28 0.99823135 
515 313 14 19 0.99768794 
464 340 24 30 0.99709284 
488 324 18 24 0.99339724 
209 314 24 25 0.99231064 
658 319 19 23 0.98401076 
196 293 14 15 0.9835027 
426 309 8 14 0.9798998 
16 339 36 35 0.9783046 
31 306 20 21 0.9774047 
414 336 17 22 0.9727236 
843 326 19 21 0.9688774 
462 301 15 18 0.9637747 
582 326 18 22 0.96375364 
975 345 20 19 0.9529384 
577 310 11 13 0.94452286 
359 324 18 16 0.9223644 
67 283 11 13 0.9163519 
921 310 10 10 0.91627 
784 327 15 14 0.9121633 
808 350 18 21 0.90694183 
543 353 24 24 0.903491 
503 298 9 11 0.8894162 
355 305 14 14 0.87243354 
127 276 11 13 0.8379008 
977 320 12 12 0.83463603 
269 279 10 10 0.83162284 
634 312 9 12 0.8300898 
999 304 8 9 0.8271048 
794 293 6 7 0.7986841 
748 302 6 7 0.78852093 
710 289 6 6 0.76552397 
256 356 37 27 0.7448799 
684 300 8 8 0.74433154 
490 304 11 14 0.71737266 
106 304 18 18 0.7121738 
162 305 11 14 0.70240843 
173 353 19 21 0.6894214 
673 314 13 17 0.6801905 
468 282 6 8 0.6751305 
133 304 13 14 0.6691073 
699 306 10 11 0.6688063 
730 288 5 5 0.63816774 
744 290 6 6 0.62523943 
38 287 10 11 0.6248538 
658 301 11 10 0.6092946 
987 295 6 6 0.6073011 
438 305 11 16 0.6022648 
981 309 10 11 0.59686 
768 306 7 8 0.58307636 
179 289 8 8 0.55851144 
782 293 5 7 0.54569423 
874 326 9 12 0.5412764 
616 278 4 5 0.5379081 
557 293 6 7 0.53443354 
737 333 15 15 0.53281593 
889 321 10 11 0.5322039 
246 311 20 19 0.5242115 
909 289 5 6 0.5223129 
607 276 4 5 0.51052475 
698 284 4 5 0.5094588 
57 310 18 20 0.4943881 
794 290 5 6 0.4875755 
895 311 8 8 0.4873675 
671 299 8 8 0.48029286 
60 303 13 12 0.475352 
857 308 8 7 0.47420397 
956 313 10 10 0.45399964 
843 299 6 7 0.4533863 
683 314 11 17 0.45080847 
756 296 5 6 0.44940194 
719 281 3 4 0.44471753 
662 279 4 4 0.44216117 
529 302 9 8 0.4352666 
633 282 6 6 0.43334103 
545 296 6 6 0.4319555 
89 291 10 9 0.42049423 
345 306 9 10 0.40690705 
944 297 8 7 0.40673313 
917 297 6 7 0.39058807 
291 303 11 13 0.38791957 
723 356 25 23 0.38072643 
694 283 4 5 0.37957272 
1013 324 11 13 0.37668312 
399 287 5 5 0.35982502 
763 326 9 10 0.359656 
859 299 7 6 0.35799488 
925 287 5 6 0.35506243 
845 296 5 6 0.35102364 
501 279 4 4 0.35029158 
775 288 4 4 0.3470895 
669 280 3 3 0.3454718 
230 299 10 9 0.3437878 
826 284 4 4 0.3431101 
650 279 3 4 0.3426341 
675 282 4 4 0.34219703 
481 277 3 5 0.33640704 
725 299 5 6 0.32692882 
675 280 3 3 0.32688832 
8 277 6 5 0.32570785 
594 299 7 7 0.32559994 
576 289 6 6 0.32500175 
512 290 5 5 0.3249711 
575 293 6 6 0.32489085 
783 291 4 5 0.3161192 
823 285 4 4 0.31359276 
1003 302 9 8 0.3128889 
14 288 8 8 0.31160322 
478 275 3 5 0.30991438 
756 290 4 4 0.30963695 
942 299 7 7 0.30694082 
547 279 3 3 0.30152142 
444 283 5 7 0.29918638 
536 311 10 11 0.29518896 
599 282 3 5 0.29310843 
541 280 3 3 0.28930488 
641 284 5 5 0.28476408 
693 289 4 5 0.28452712 
935 318 12 10 0.27946255 
591 283 3 5 0.27804554 
1008 302 7 6 0.27398148 
554 278 3 4 0.27143714 
369 303 10 10 0.27046514 
373 274 4 6 0.2693928 
757 299 6 7 0.2689092 
900 323 9 10 0.26828134 
930 301 6 6 0.26801223 
550 306 6 8 0.26586917 
1005 294 6 5 0.2633829 
358 294 9 9 0.262398 
51 274 5 7 0.25980508 
0 268 6 6 0.2593977 
953 311 9 10 0.25579628 
579 284 4 5 0.25517362 
249 276 8 8 0.25031307 
370 287 6 7 0.2502118 
591 278 3 3 0.24824832 
17 264 3 4 0.2455465 
686 290 4 6 0.24448398 
708 289 4 5 0.24367747 
59 259 3 4 0.24244867 
59 281 5 6 0.24154311 
211 299 10 11 0.24085091 
621 288 7 7 0.24077597 
776 300 6 7 0.23866454 
789 284 3 4 0.23635693 
536 284 3 3 0.23499195 
903 301 7 7 0.23351851 
506 281 5 5 0.2320353 
539 282 3 4 0.23166606 
495 276 3 4 0.23157921 
771 308 8 8 0.2298189 
528 278 3 2 0.22776453 
880 358 26 17 0.22723915 
489 276 4 4 0.22591299 
247 305 13 13 0.22567463 
557 278 4 3 0.2251836 
948 308 8 7 0.22424221 
809 285 4 4 0.21945956 
373 273 4 4 0.21931793 
935 289 6 5 0.21747456 
599 289 4 6 0.21718636 
534 278 3 3 0.21573998 
649 281 4 5 0.21537827 
547 281 4 4 0.21420331 
783 284 3 3 0.21390799 
976 297 5 5 0.21263617 
314 282 7 8 0.2108406 
791 317 10 9 0.21022432 
108 324 23 25 0.2083587 
688 279 3 3 0.20818928 
423 288 4 6 0.20797926 
834 289 4 4 0.20636973 
20 263 4 4 0.20524324 
655 281 4 5 0.20485379 
360 285 4 5 0.20454128 
13 275 6 5 0.20352076 
769 337 11 10 0.20264085 
813 289 5 5 0.20262946 
736 295 5 6 0.20203283 
802 284 4 4 0.19997846 
502 281 4 5 0.19964679 
726 282 3 4 0.19959855 
887 286 3 3 0.19874947 
291 278 4 4 0.1986201 
341 358 26 21 0.19820471 
764 284 3 4 0.19766988 
573 279 3 3 0.197427 
810 288 4 5 0.19686235 
641 287 6 5 0.19627352 
680 283 3 4 0.19600028 
656 279 3 3 0.19556472 
598 279 3 4 0.19420137 
776 285 3 3 0.1935081 
863 343 13 15 0.19349897 
419 278 2 3 0.19332133 
337 280 7 7 0.19247329 
751 290 4 4 0.19192553 
681 279 2 3 0.19046545 
10 266 3 4 0.18821628 
238 275 5 6 0.1876319 
249 299 11 12 0.18678164 
433 277 2 3 0.18538237 
661 281 4 5 0.1837368 
583 283 4 5 0.18255171 
399 277 3 3 0.18149233 
796 284 4 4 0.18116798 
277 302 14 15 0.17906058 
110 274 5 7 0.17882311 
772 283 3 3 0.17865227 
640 300 6 6 0.1785834 
827 296 6 6 0.17853835 
866 284 5 5 0.17839806 
400 286 3 3 0.17800091 
825 300 6 7 0.17749566 
619 295 9 8 0.17722635 
572 282 4 4 0.17678577 
508 279 3 4 0.17511219 
47 264 4 4 0.17484887 
848 290 4 4 0.17477818 
822 289 4 4 0.17457622 
535 306 10 10 0.17281349 
527 284 3 3 0.17241947 
506 289 5 6 0.17218187 
476 273 3 3 0.17154251 
46 275 5 7 0.16959612 
891 301 6 6 0.16874625 
870 307 6 7 0.16871324 
975 300 6 6 0.16832739 
647 289 5 6 0.16816644 
714 280 3 3 0.16737403 
481 281 4 5 0.16708322 
839 289 4 4 0.16634402 
885 289 4 4 0.16528858 
253 339 20 19 0.16380428 
699 289 4 4 0.1633127 
699 313 12 14 0.15993117 
688 283 3 4 0.15986021 
561 320 9 11 0.15946533 
81 255 3 5 0.15908583 
706 331 12 14 0.15874305 
841 297 5 6 0.1583517 
713 283 3 4 0.15729704 
960 302 6 5 0.15636842 
419 283 3 4 0.15621856 
28 265 3 3 0.15602903 
1017 308 7 8 0.15570417 
406 279 3 3 0.15532243 
16 272 4 4 0.15528536 
238 271 4 5 0.15516734 
630 282 5 6 0.15500137 
718 290 4 5 0.15388876 
339 278 5 5 0.15352952 
695 279 2 3 0.15302135 
909 293 6 6 0.15276103 
41 270 4 5 0.15272394 
595 296 6 6 0.15235952 
834 285 3 4 0.152256 
251 294 11 9 0.15213202 
767 355 13 15 0.15134834 
760 300 6 6 0.15126376 
7 270 5 4 0.1510184 
7 280 6 7 0.15000655 
490 274 2 3 0.14986086 
446 277 3 4 0.14970893 
272 316 10 11 0.14962023 
891 285 4 3 0.14934899 
551 294 6 7 0.14742605 
801 290 5 4 0.14741983 
578 278 3 3 0.14688121 
880 291 4 3 0.14654292 
899 284 3 3 0.1457768 
939 307 8 6 0.14521101 
726 280 2 3 0.14495502 
21 275 5 5 0.14429554 
25 276 5 5 0.14400934 
234 294 11 10 0.14354454 
202 319 13 15 0.1433734 
303 287 5 6 0.14332743 
669 282 3 4 0.14298056 
758 285 3 3 0.14295557 
291 281 4 5 0.14229959 
382 312 8 11 0.14120385 
490 284 4 5 0.13926676 
753 285 2 3 0.13904564 
608 289 5 6 0.13798986 
383 288 7 7 0.13789105 
329 290 11 13 0.13776913 
851 289 5 4 0.13737372 
426 278 3 3 0.13558507 
56 259 2 3 0.13543883 
879 296 5 4 0.1353116 
82 306 9 11 0.13513906 
573 290 4 5 0.13473758 
745 301 6 7 0.1346958 
731 284 3 4 0.13469484 
739 285 3 3 0.13419613 
502 289 4 6 0.13396741 
425 284 3 4 0.13366258 
1 265 4 5 0.13222156 
862 308 7 7 0.13204068 
553 283 4 4 0.1319551 
652 289 5 6 0.13156764 
410 290 5 5 0.12969762 
632 286 7 6 0.12893543 
493 284 4 5 0.12840879 
27 270 4 4 0.12777267 
261 281 10 8 0.12741818 
962 295 5 5 0.1273439 
707 284 3 4 0.12641281 
852 295 5 6 0.12628429 
35 266 3 3 0.12607262 
759 279 2 3 0.12573996 
0 283 5 7 0.124987535 
320 282 6 7 0.12497431 
831 297 6 5 0.12411775 
590 288 4 5 0.12391926 
689 299 7 8 0.12363985 
892 289 4 4 0.12340021 
400 273 2 3 0.123385 
933 301 7 6 0.122739814 
525 300 8 8 0.12262518 
764 290 4 4 0.12225552 
303 284 3 4 0.12203118 
761 297 4 5 0.12155404 
378 276 4 4 0.121450804 
252 266 4 4 0.1212848 
154 295 6 7 0.120695926 
257 265 4 4 0.12041898 
354 283 4 4 0.119892485 
566 278 3 3 0.119657524 
675 290 4 5 0.11893244 
698 300 7 8 0.11833317 
772 290 3 4 0.11810648 
407 273 2 2 0.11796467 
901 308 7 7 0.117333 
772 280 2 2 0.116739444 
820 295 5 5 0.11647188 
820 302 6 7 0.116423726 
621 279 4 4 0.11638662 
707 280 2 3 0.11617842 
359 287 6 5 0.1157608 
936 296 6 5 0.1148985 
602 282 4 5 0.11466295 
532 289 5 5 0.11462504 
636 279 3 4 0.114536084 
558 292 5 4 0.11420524 
45 270 4 5 0.11406773 
369 277 3 4 0.11398236 
910 285 4 3 0.113894165 
68 259 2 3 0.113788985 
340 311 9 12 0.113765694 
814 285 4 4 0.11367214 
790 280 2 3 0.11364367 
9 300 11 10 0.11335823 
885 297 4 4 0.11321262 
895 343 11 10 0.11242507 
272 308 13 14 0.111913234 
866 287 4 5 0.11156681 
565 284 4 4 0.111248836 
380 273 3 3 0.11049927 
514 279 3 4 0.110337 
819 305 7 8 0.11032825 
826 288 5 5 0.1099519 
872 291 4 4 0.109554246 
437 277 3 3 0.108823806 
41 308 21 19 0.10851334 
732 280 3 3 0.10851332 
368 283 3 5 0.10809214 
908 306 6 7 0.10783966 
85 274 5 7 0.10780195 
851 300 6 6 0.10755615 
745 286 3 3 0.10752874 
763 307 6 7 0.10729956 
700 297 5 5 0.10705416 
731 296 5 6 0.1068853 
406 283 3 4 0.10676329 
193 287 6 7 0.10665084 
184 289 6 6 0.10634626 
335 269 4 5 0.105510846 
784 280 2 3 0.105312705 
295 288 5 6 0.10515303 
941 290 5 5 0.1045814 
841 285 3 3 0.1044854 
348 272 3 3 0.104311384 
905 283 3 4 0.104070336 
685 295 6 6 0.10403576 
34 269 3 4 0.10384158 
981 289 4 4 0.10360572 
22 261 2 3 0.10336905 
469 278 3 4 0.10332814 
559 283 3 4 0.10300143 
482 288 5 6 0.102827564 
379 287 6 7 0.10270575 
445 273 3 3 0.1024526 
942 284 4 3 0.10236299 
999 291 4 4 0.10165958 
700 280 3 2 0.10161735 
733 318 10 11 0.10060522 
937 314 10 8 0.100387506 
653 294 5 6 0.10036964 
530 274 2 2 0.10022161 
412 283 3 4 0.09947816 
897 290 4 4 0.09924047 
410 293 6 8 0.09884426 
224 269 4 5 0.09884086 
872 295 4 5 0.09880337 
382 293 10 9 0.09845219 
405 289 3 4 0.09810972 
968 290 5 4 0.09765668 
384 284 5 5 0.09759261 
725 290 4 4 0.09728733 
894 301 7 6 0.09712982 
341 270 4 4 0.096958116 
778 280 2 2 0.09665128 
785 319 11 9 0.09662318 
496 274 2 3 0.09643361 
304 278 3 3 0.09625281 
355 272 3 3 0.09594864 
528 290 3 4 0.0959209 
-2 323 15 21 0.09591223 
586 278 2 4 0.09582348 
667 290 4 5 0.0957842 
305 272 2 2 0.09525141 
764 341 18 20 0.09515577 
765 279 2 3 0.094919324 
737 289 5 5 0.09473112 
533 275 3 2 0.09443339 
297 272 3 2 0.0942239 
336 265 4 5 0.09411524 
60 264 2 3 0.09346392 
477 264 3 4 0.09341781 
960 291 5 5 0.09289141 
115 269 5 7 0.092790544 
834 300 5 5 0.09260505 
379 284 5 5 0.09255349 
473 283 4 6 0.092109956 
1010 346 10 13 0.09159612 
431 284 3 4 0.09107967 
880 285 4 3 0.09075705 
790 290 4 4 0.09062995 
907 302 6 6 0.090530924 
388 289 6 5 0.09034576 
328 277 4 4 0.090099856 
60 277 4 5 0.090092525 
1020 301 5 6 0.08998028 
754 312 8 8 0.089923374 
670 304 10 9 0.08975279 
621 282 5 5 0.08972943 
18 261 2 3 0.08961147 
483 273 2 3 0.0895703 
644 311 8 10 0.08923625 
486 301 9 13 0.08920194 
375 301 9 10 0.08912046 
606 293 6 8 0.08904592 
580 300 8 8 0.088284746 
355 278 3 3 0.08825374 
782 310 6 6 0.0882332 
999 294 6 5 0.08816369 
626 296 6 7 0.08802048 
681 290 3 4 0.08782602 
372 284 4 5 0.08755234 
870 302 6 6 0.08754353 
116 274 6 8 0.087515354 
627 287 6 7 0.08726557 
298 268 2 2 0.08709383 
284 265 4 4 0.08709074 
394 278 3 3 0.08708416 
473 287 5 6 0.086979404 
21 272 4 4 0.08696998 
553 290 4 4 0.08682003 
975 291 4 3 0.08645102 
581 295 6 5 0.08612923 
132 317 19 21 0.08560236 
290 272 3 3 0.0854613 
335 277 5 5 0.08533791 
555 323 12 12 0.08510068 
903 295 5 5 0.08483133 
643 279 3 3 0.08478849 
258 310 14 14 0.08459259 
419 273 2 3 0.08432233 
306 335 12 17 0.084099256 
392 285 4 3 0.083864 
60 253 3 3 0.08363684 
434 274 2 3 0.08336142 
736 300 6 7 0.08318825 
502 273 3 3 0.08279669 
298 279 2 3 0.082658455 
862 318 8 9 0.08264231 
245 270 5 4 0.082499124 
371 292 7 8 0.08247357 
286 270 3 4 0.0824297 
70 276 6 7 0.082115136 
451 264 4 5 0.08194537 
386 271 3 3 0.081942074 
40 275 5 7 0.08183137 
800 294 5 6 0.08176655 
311 268 2 2 0.08171473 
847 285 4 3 0.081633195 
253 319 21 17 0.0816052 
653 301 7 8 0.08150062 
238 265 3 4 0.08131112 
64 276 4 6 0.08128905 
362 272 2 3 0.08127926 
387 279 3 3 0.08089173 
120 279 8 10 0.08052448 
781 320 8 7 0.08023516 
711 292 5 7 0.0801709 
341 266 3 4 0.080102116 
917 346 15 14 0.07994278 
965 306 7 6 0.079738945 
591 273 2 3 0.079695866 
1020 296 5 5 0.07965178 
565 289 4 4 0.07921048 
596 304 7 10 0.079122484 
419 290 4 5 0.07873416 
755 307 7 7 0.07862576 
977 338 13 11 0.078433335 
852 308 7 6 0.078198455 
852 312 8 9 0.07797289 
54 264 3 3 0.07794873 
67 264 3 4 0.07790864 
368 272 2 3 0.07781329 
304 268 2 2 0.07774726 
481 298 7 12 0.07728717 
360 277 3 4 0.07727725 
297 283 3 4 0.077237636 
79 271 5 5 0.07718062 
905 290 4 5 0.077143595 
313 286 7 9 0.07664704 
317 271 3 3 0.07662531 
894 280 2 3 0.07661621 
553 329 10 11 0.07658158 
526 295 5 6 0.076448545 
900 280 2 2 0.076276146 
172 301 7 9 0.07600962 
413 279 2 3 0.07584522 
592 296 5 6 0.07575663 
60 271 3 4 0.07548792 
347 277 4 4 0.07537821 
678 299 7 8 0.07524213 
890 308 7 8 0.07513766 
183 293 8 10 0.075115725 
574 300 8 8 0.07509029 
74 263 3 4 0.0748771 
937 284 4 4 0.07473904 
915 289 5 5 0.07469734 
886 279 3 3 0.07460133 
413 273 2 2 0.07420208 
947 290 5 4 0.07389084 
797 280 3 3 0.07378106 
394 298 8 9 0.0737161 
1011 308 7 7 0.07361499 
157 300 10 11 0.073577 
659 297 7 7 0.073420346 
492 287 5 6 0.073271155 
815 295 4 4 0.07278627 
602 299 7 9 0.07227922 
545 291 4 4 0.072234824 
73 259 3 3 0.07209897 
662 304 10 10 0.07199396 
501 294 7 9 0.071862385 
815 302 5 6 0.071778424 
383 320 10 14 0.07164868 
960 307 7 7 0.07159512 
33 277 4 5 0.07152562 
12 283 6 6 0.07126737 
509 273 2 3 0.071120545 
954 301 5 6 0.07102804 
621 306 7 7 0.07075865 
548 275 2 1 0.07051895 
523 285 3 3 0.07050659 
898 295 5 5 0.07050173 
890 297 5 4 0.070398964 
326 282 5 6 0.07023357 
905 279 2 3 0.07016363 
257 252 5 5 0.070143946 
582 289 5 6 0.07012236 
531 296 6 5 0.070038386 
539 290 3 4 0.06992363 
520 295 4 6 0.06978888 
388 297 11 10 0.06966037 
603 293 6 7 0.0696522 
987 291 4 4 0.06943223 
520 290 4 4 0.06918062 
401 299 7 7 0.06903934 
573 294 4 5 0.06901273 
261 314 20 16 0.06893576 
751 296 4 5 0.068544045 
416 294 6 7 0.068505645 
84 256 3 5 0.06835835 
805 300 6 6 0.068343244 
785 308 7 7 0.06825866 
329 271 4 4 0.06823821 
859 290 4 4 0.068184786 
321 272 3 3 0.0680445 
250 269 5 5 0.06790304 
660 289 5 5 0.06762655 
110 264 4 6 0.067568414 
377 293 9 9 0.06754019 
308 287 5 7 0.06744329 
326 289 8 9 0.067419976 
10 260 3 3 0.06741422 
29 261 2 2 0.0671697 
471 271 2 3 0.06700414 
137 257 4 7 0.06690982 
77 264 4 4 0.066843376 
663 274 2 2 0.0668415 
883 308 7 7 0.0667117 
606 273 2 3 0.06657385 
438 273 2 3 0.06598148 
739 279 3 3 0.065859646 
522 279 3 2 0.06543281 
53 272 4 5 0.06533017 
63 282 9 10 0.06508862 
495 307 11 13 0.06499601 
680 297 5 5 0.06490321 
929 284 4 4 0.06466472 
317 267 2 3 0.06458177 
477 259 2 4 0.06433173 
406 311 8 10 0.06417422 
929 297 5 5 0.0637926 
454 264 5 5 0.06358413 
817 279 2 3 0.06345719 
957 291 4 4 0.06288766 
761 320 8 9 0.062885545 
319 312 8 10 0.06255355 
967 297 4 4 0.062250584 
631 279 3 3 0.061919775 
635 297 5 6 0.061735358 
803 280 3 2 0.061702505 
491 294 6 7 0.061674528 
310 271 3 2 0.061615553 
438 284 4 4 0.061555766 
787 294 5 6 0.061390195 
305 299 7 10 0.060944606 
542 275 2 2 0.060665503 
913 331 13 12 0.06066277 
807 296 4 4 0.060550656 
290 267 2 2 0.06048965 
247 276 5 6 0.060406048 
246 266 4 3 0.060387284 
966 303 6 5 0.060058247 
770 296 4 4 0.05989443 
829 280 2 3 0.059880845 
991 305 7 8 0.059707202 
84 271 4 6 0.05957911 
610 283 3 4 0.05942488 
48 261 2 2 0.05940655 
555 275 2 2 0.059326924 
704 296 5 5 0.05924627 
732 323 13 13 0.059229895 
39 282 7 8 0.058714397 
933 306 7 7 0.058615297 
1015 338 10 14 0.05840433 
313 292 6 8 0.058376685 
44 280 6 8 0.057847023 
676 274 2 2 0.056830335 
815 305 6 8 0.056604892 
994 290 5 5 0.05657936 
331 266 3 3 0.055955987 
823 279 2 3 0.055841744 
280 244 3 4 0.055840537 
649 308 6 7 0.055673968 
256 269 7 5 0.055648852 
689 273 2 3 0.055599034 
381 306 10 12 0.055388894 
426 274 2 2 0.055223767 
539 296 5 5 0.055188846 
599 273 2 3 0.05510156 
111 270 5 6 0.05491734 
682 273 2 3 0.054856118 
719 295 3 5 0.05481712 
24 304 12 12 0.054769825 
127 305 11 12 0.054688964 
877 300 6 6 0.05467676 
969 285 4 3 0.05434658 
259 305 12 12 0.053969145 
309 284 5 6 0.053784464 
365 327 23 23 0.053595096 
337 316 10 13 0.053474676 
163 323 12 14 0.053345434 
708 272 2 3 0.053080674 
452 259 3 4 0.05302993 
88 276 5 6 0.052942473 
347 282 4 5 0.052641902 
954 297 5 4 0.05259444 
883 323 8 10 0.052428544 
884 300 6 6 0.052386604 
720 301 4 5 0.052358955 
987 299 6 7 0.052351348 
747 317 8 11 0.052349515 
396 273 2 2 0.052161366 
66 271 3 4 0.05194074 
557 299 6 8 0.05172986 
489 288 4 6 0.051641062 
464 283 4 5 0.0515871 
873 333 12 13 0.051563203 
648 302 5 5 0.051278405 
666 297 5 6 0.051237382 
514 283 3 3 0.0511969 
753 280 2 2 0.051100608 
905 328 12 11 0.051073793 
870 284 4 4 0.050607804 
41 265 3 4 0.050577905 
655 126 3 3 0.050543156 
656 274 3 2 0.05049495 
280 293 9 9 0.05020754 
745 280 2 2 0.05008607 
118 305 11 12 0.049966607 
568 317 8 11 0.049964815 
777 297 5 5 0.049959294 
898 338 13 11 0.04994076 
931 279 3 3 0.04988726 
766 272 2 4 0.049844176 
962 285 4 3 0.049817532 
529 324 12 13 0.049678028 
85 252 3 5 0.049516864 
536 301 8 7 0.049419492 
315 277 5 5 0.049369324 
771 273 2 3 0.04934851 
1011 291 5 4 0.049185436 
683 327 17 21 0.048748143 
852 285 4 4 0.04866094 
880 279 3 3 0.048508834 
552 302 5 6 0.04841289 
768 311 7 7 0.047927458 
800 307 6 7 0.04788152 
224 276 5 7 0.047763165 
252 252 4 4 0.047758184 
87 264 3 4 0.047731124 
522 272 2 3 0.047701366 
76 281 8 11 0.04721702 
262 264 5 5 0.04714568 
430 288 4 5 0.047093134 
563 296 4 5 0.046848692 
345 336 10 10 0.0467185 
523 305 9 11 0.04652857 
516 272 2 3 0.046521544 
483 264 2 3 0.04651161 
309 277 4 4 0.0465019 
647 294 5 6 0.04649527 
917 285 4 3 0.045972697 
343 302 9 9 0.0459697 
322 277 3 3 0.045966342 
1011 312 9 8 0.045871995 
760 313 7 8 0.04586991 
62 314 24 25 0.045864128 
284 305 17 19 0.045820702 
300 299 8 10 0.045723658 
652 305 8 8 0.045447208 
836 313 9 7 0.04541185 
235 270 3 4 0.04526319 
483 295 5 7 0.04520384 
508 298 9 11 0.045184292 
990 301 7 7 0.04517999 
615 295 8 8 0.045163807 
320 288 6 7 0.045076463 
530 309 10 12 0.044997416 
36 260 3 3 0.044972144 
374 227 3 4 0.04487042 
1009 295 6 5 0.04473013 
116 280 7 8 0.04448096 
875 321 7 8 0.04442815 
360 266 3 3 0.04426761 
981 286 3 3 0.044151645 
140 269 5 7 0.044075754 
233 312 22 20 0.044004325 
519 300 7 8 0.04383931 
2 259 3 3 0.043505326 
222 269 4 5 0.04338419 
869 319 8 8 0.043301214 
625 315 10 13 0.043217916 
867 335 12 14 0.043050222 
714 273 2 3 0.04304085 
486 294 6 8 0.043025512 
355 314 14 14 0.043009847 
380 232 3 3 0.042992577 
55 254 2 3 0.04298364 
853 270 3 5 0.04296414 
611 274 2 3 0.042765185 
844 307 6 6 0.04262943 
462 287 6 8 0.042531814 
259 276 9 8 0.04245598 
778 272 2 3 0.042339392 
810 280 2 2 0.04215464 
462 277 4 5 0.04205762 
449 277 4 5 0.04184611 
130 283 11 13 0.041798748 
52 280 5 7 0.04178411 
436 300 8 8 0.04171831 
564 300 5 6 0.0417111 
712 301 5 6 0.041701715 
469 266 3 3 0.041598305 
261 268 6 7 0.04157385 
257 257 5 4 0.04137359 
890 312 9 8 0.04135826 
237 298 13 12 0.041324116 
835 331 13 12 0.04131435 
874 357 15 13 0.041281596 
669 274 2 3 0.040949356 
951 314 19 16 0.040918414 
721 274 2 2 0.040899917 
742 304 8 8 0.040884413 
438 288 4 5 0.04074831 
559 274 2 2 0.04069033 
666 2 4 4 0.040659256 
925 278 3 4 0.04065787 
976 285 3 3 0.04065402 
78 273 6 7 0.040559474 
289 289 6 6 0.040532734 
886 272 3 3 0.040480174 
447 286 6 7 0.040473428 
847 278 3 4 0.040398587 
67 253 2 3 0.040389366 
2 275 4 6 0.040301822 
257 246 4 3 0.040288135 
280 149 3 4 0.04025684 
84 226 3 4 0.04025029 
260 239 2 3 0.04020512 
784 273 2 3 0.040199034 
403 296 6 7 0.04004653 
807 319 6 7 0.03994772 
252 277 12 10 0.0398925 
356 266 2 3 0.03984574 
595 312 8 10 0.0398231 
462 272 3 3 0.039731957 
865 160 6 7 0.039583094 
362 229 2 2 0.039546065 
0 223 4 7 0.039542336 
356 258 3 3 0.039512515 
18 282 6 6 0.039426282 
243 280 7 7 0.039422765 
279 331 11 12 0.03939826 
16 253 2 3 0.039380908 
542 307 8 8 0.03934396 
748 313 8 9 0.039270803 
91 250 3 5 0.039234955 
102 282 7 9 0.03923419 
835 280 2 2 0.039137572 
905 320 9 9 0.038972374 
653 1 6 5 0.038895477 
831 313 8 6 0.038678084 
26 281 4 6 0.03865064 
279 241 3 2 0.03862633 
387 311 10 13 0.038597595 
350 324 11 12 0.038592488 
152 303 10 13 0.038557917 
662 312 13 15 0.03840302 
343 321 11 13 0.038371705 
937 279 3 4 0.038297717 
617 274 3 3 0.03827329 
252 259 4 4 0.038246267 
253 240 2 3 0.038101796 
286 293 9 9 0.03787974 
736 306 7 8 0.037698984 
285 278 4 4 0.03750005 
245 251 3 3 0.037431482 
387 233 3 3 0.03727148 
692 296 5 5 0.037265975 
455 279 7 8 0.037222832 
355 238 3 3 0.03722225 
355 234 2 3 0.037204918 
924 3 4 4 0.03720422 
246 259 3 4 0.03709057 
290 149 4 4 0.03694941 
855 327 17 19 0.03679748 
968 335 14 13 0.03679524 
281 288 7 8 0.036784828 
277 270 5 5 0.036664985 
241 252 2 3 0.036658365 
316 239 3 4 0.03664123 
415 306 8 10 0.036594305 
301 294 6 7 0.03657445 
456 259 3 4 0.03654198 
769 303 5 5 0.036501933 
322 266 3 3 0.0364328 
177 296 11 13 0.03623692 
309 294 6 7 0.036211595 
335 292 9 11 0.036196597 
872 277 3 4 0.03616217 
239 280 5 7 0.0360933 
842 279 3 3 0.035735935 
33 282 5 5 0.035734832 
137 270 6 6 0.03571412 
451 73 4 4 0.035648655 
31 293 11 11 0.035576288 
253 246 3 3 0.035490446 
223 279 6 9 0.03545628 
843 312 9 9 0.03543525 
23 254 2 3 0.03541332 
739 316 11 13 0.0353949 
259 300 11 9 0.035351213 
414 299 6 8 0.03520845 
62 290 12 13 0.035142425 
368 267 2 3 0.035112165 
794 299 6 7 0.034970466 
668 125 3 3 0.034883242 
601 306 7 9 0.03480902 
375 233 2 2 0.034724675 
817 311 8 10 0.0347006 
489 266 3 2 0.03464443 
269 270 5 5 0.034642562 
421 292 5 8 0.034592513 
411 240 3 3 0.03449503 
103 275 5 6 0.03446649 
249 288 8 8 0.03446251 
282 282 5 6 0.034442928 
637 307 8 9 0.034426052 
833 309 6 5 0.03426607 
650 274 3 2 0.034247003 
87 245 3 4 0.03415613 
239 239 3 3 0.03411653 
247 248 2 2 0.033994578 
375 267 2 3 0.03399214 
6 288 6 7 0.0339515 
994 341 13 12 0.033936933 
236 317 11 11 0.033936605 
573 273 3 3 0.033907317 
550 309 7 10 0.033844676 
330 239 3 3 0.033712063 
616 288 6 6 0.03367864 
349 308 12 13 0.03360353 
402 307 9 11 0.033597767 
654 128 4 4 0.033486564 
470 73 4 3 0.03346187 
995 285 3 3 0.033408143 
780 326 10 10 0.033374652 
483 260 2 3 0.033355314 
1020 291 5 4 0.033344347 
517 307 11 14 0.033297893 
458 343 13 18 0.03329509 
382 331 13 16 0.033155777 
218 288 6 7 0.033154633 
772 326 9 8 0.03315438 
458 209 3 2 0.033139594 
265 305 15 13 0.033134997 
465 266 3 3 0.03312536 
642 317 9 13 0.033061128 
6 293 8 9 0.033033255 
293 294 7 7 0.03301658 
263 253 3 3 0.032969903 
387 237 3 4 0.032969132 
869 311 7 7 0.03285851 
42 260 2 3 0.032827687 
677 306 8 10 0.03282123 
368 228 2 3 0.032770876 
28 300 14 14 0.032737777 
51 287 6 8 0.0325901 
232 275 4 6 0.032578867 
13 306 21 22 0.03257771 
797 313 8 9 0.032557514 
407 239 3 3 0.032512363 
235 264 4 5 0.03247362 
353 294 7 8 0.032407347 
650 118 3 3 0.03232404 
827 314 6 6 0.03224956 
278 265 4 4 0.032081958 
472 259 2 3 0.032001536 
814 344 13 16 0.03199548 
911 279 3 3 0.031907316 
17 229 8 9 0.031710923 
854 266 3 3 0.031710267 
88 296 10 11 0.03156184 
379 238 3 3 0.03154309 
265 245 3 3 0.03152335 
11 291 9 9 0.03145013 
285 240 3 3 0.03144894 
58 286 7 8 0.031431627 
579 274 3 3 0.03139175 
728 273 2 3 0.03136959 
530 316 10 13 0.031342827 
917 324 12 11 0.03133268 
1004 314 7 7 0.03129672 
728 313 9 11 0.03126503 
648 124 4 3 0.031109605 
880 271 3 4 0.030978406 
320 293 7 8 0.030949002 
728 307 6 7 0.030945009 
162 314 13 15 0.03094164 
876 308 6 7 0.030893814 
243 288 7 6 0.03088341 
365 320 16 14 0.030878067 
129 270 6 7 0.030813335 
49 252 2 3 0.03072862 
867 278 3 3 0.03071299 
766 265 2 3 0.03070976 
376 310 11 11 0.030617645 
238 259 3 4 0.030613739 
194 286 4 4 0.03050376 
904 336 14 12 0.03049528 
661 1 5 4 0.030481234 
641 122 4 4 0.030425537 
482 86 4 4 0.030403862 
603 312 7 10 0.030357404 
990 312 8 9 0.030355029 
270 265 4 4 0.030329958 
316 234 3 2 0.03024495 
105 263 4 5 0.030217003 
697 321 9 13 0.030148532 
860 285 4 4 0.030102007 
586 273 3 3 0.030057408 
25 287 6 7 0.03003615 
359 300 12 12 0.030024564 
319 307 8 10 0.030011427 
774 319 7 8 0.02998361 
265 239 3 3 0.0299792 
911 343 15 13 0.029974928 
848 271 3 4 0.029903114 
449 269 5 6 0.02989705 
624 307 7 7 0.029833294 
917 308 6 6 0.029831486 
259 292 11 10 0.02979975 
154 290 5 6 0.029769182 
752 220 3 3 0.02976138 
73 253 2 3 0.02974197 
271 233 3 3 0.02973111 
682 119 3 2 0.029706698 
760 273 2 3 0.02967603 
972 306 7 7 0.029643787 
787 314 7 7 0.029583547 
360 259 2 3 0.029571544 
16 306 10 10 0.02948248 
74 310 11 11 0.029427048 
918 278 3 3 0.029390072 
445 265 3 4 0.029382784 
5 356 9 11 0.029344464 
394 311 10 13 0.029322816 
836 327 11 9 0.029312102 
472 293 7 8 0.029297948 
400 268 2 2 0.029251065 
788 301 5 6 0.02924045 
335 285 9 10 0.029163452 
824 307 6 6 0.029160097 
381 267 2 2 0.02910327 
110 280 7 9 0.029042952 
695 274 2 3 0.02898438 
283 244 3 4 0.028982336 
254 286 11 10 0.028973695 
540 316 10 13 0.028874224 
548 324 12 13 0.028849294 
592 316 10 13 0.028751573 
387 267 2 3 0.028744921 
847 265 3 3 0.02864025 
349 266 2 3 0.028633263 
456 269 5 6 0.028617416 
139 256 5 7 0.028613765 
555 306 7 8 0.028537933 
754 318 8 9 0.028476201 
15 301 9 8 0.028435558 
794 308 6 6 0.028415443 
1008 285 3 3 0.028359883 
349 259 3 3 0.02830573 
122 271 4 5 0.028283302 
836 317 10 10 0.02816628 
481 67 5 4 0.028126307 
783 343 13 13 0.028118847 
220 282 5 7 0.028115725 
648 130 4 4 0.028104704 
112 292 11 13 0.02808058 
265 335 21 19 0.028038457 
862 323 9 10 0.028027609 
283 149 3 4 0.027955888 
620 311 9 11 0.027922828 
436 295 6 7 0.027916778 
93 225 3 6 0.02780973 
353 288 5 6 0.027791489 
118 293 10 12 0.027788393 
917 312 7 7 0.027679944 
18 234 6 9 0.027678696 
461 79 5 4 0.027586306 
446 298 7 10 0.027538048 
671 343 17 23 0.027483428 
616 136 4 3 0.027476175 
29 239 3 4 0.027456732 
681 1 4 4 0.027302256 
894 357 16 14 0.0272304 
86 240 3 4 0.027225453 
912 325 11 11 0.027176512 
374 348 20 22 0.02708062 
937 3 4 3 0.026899258 
317 251 3 3 0.026875399 
941 2 5 4 0.026844628 
139 272 6 9 0.026831167 
598 326 12 17 0.026828479 
673 0 4 4 0.026814744 
685 1 5 4 0.026797157 
94 299 9 9 0.026793083 
515 61 4 4 0.026663324 
258 327 13 14 0.026649699 
839 308 6 6 0.026641011 
1002 343 12 13 0.026599307 
464 214 3 3 0.026577633 
76 299 9 10 0.026548542 
738 357 26 21 0.026528575 
88 281 7 8 0.026500983 
246 240 3 2 0.02638486 
352 310 32 33 0.026326187 
855 148 3 4 0.026318816 
675 120 3 2 0.026294699 
279 324 11 12 0.026248336 
139 236 5 9 0.026247434 
463 209 3 2 0.026228946 
521 258 2 4 0.026226545 
567 274 2 2 0.026223423 
616 300 7 8 0.026205609 
220 276 5 6 0.026201649 
663 126 3 2 0.02613905 
842 318 12 11 0.02609953 
754 323 9 11 0.026086034 
777 266 2 3 0.025969137 
362 232 3 3 0.025921253 
265 291 11 11 0.025921151 
413 234 3 2 0.025823994 
82 280 7 8 0.025790848 
400 234 2 2 0.025790801 
469 79 4 3 0.025702903 
264 259 3 4 0.025696518 
833 332 8 8 0.025693687 
65 298 12 13 0.025654396 
952 322 12 12 0.025571795 
126 288 11 14 0.025530744 
753 214 3 3 0.025498109 
96 218 5 8 0.025431927 
324 303 13 14 0.025392368 
140 263 5 7 0.025375767 
944 317 11 11 0.025369648 
241 247 2 2 0.025308771 
29 254 2 2 0.02529664 
599 306 15 21 0.025232103 
347 288 5 7 0.02523159 
450 213 4 3 0.025179269 
72 271 4 4 0.025105003 
988 285 3 4 0.025076397 
355 229 2 2 0.025076317 
943 280 3 3 0.025074126 
570 314 8 9 0.025065865 
957 285 3 3 0.02506099 
723 340 23 25 0.025032794 
675 123 3 3 0.025022056 
284 335 10 13 0.024998976 
376 288 16 18 0.024998568 
12 318 10 12 0.024960753 
852 276 3 4 0.024951153 
872 340 13 14 0.024923978 
847 257 3 4 0.024906207 
943 323 12 12 0.02490153 
309 328 19 27 0.02489719 
99 308 20 22 0.02489536 
1014 285 3 3 0.024812395 
82 227 3 4 0.024787636 
949 286 3 3 0.024786511 
322 239 3 3 0.024719352 
131 265 3 4 0.024677472 
99 276 4 5 0.024662344 
315 318 19 28 0.024660025 
642 119 4 3 0.024656432 
555 312 8 9 0.024612386 
225 266 3 5 0.024529215 
395 233 2 3 0.024515403 
811 317 9 10 0.024498006 
694 330 11 14 0.02446751 
226 321 13 13 0.024409013 
784 259 3 3 0.024398051 
848 319 13 11 0.024393698 
503 266 2 3 0.024360737 
882 27 6 4 0.024314417 
656 156 3 3 0.024301104 
316 313 7 8 0.024284976 
790 273 2 3 0.024249744 
407 235 2 2 0.024217287 
271 246 3 3 0.024184778 
761 335 11 12 0.02417027 
319 298 9 11 0.024128586 
394 238 2 4 0.024085734 
724 307 6 6 0.024029689 
337 298 9 11 0.023937138 
707 145 2 2 0.023841916 
883 312 8 8 0.023840502 
571 305 7 9 0.023825234 
464 259 3 3 0.023824291 
941 308 19 16 0.023796616 
653 118 4 3 0.023756556 
267 234 2 2 0.023748502 
881 331 9 9 0.023741234 
376 239 2 3 0.02367117 
586 312 9 11 0.023662115 
526 66 4 3 0.023552692 
417 233 4 3 0.023523519 
387 303 11 12 0.023515513 
823 272 2 3 0.023506299 
341 332 19 19 0.023494637 
312 299 8 9 0.02347175 
872 272 4 3 0.023466323 
803 252 2 3 0.023428846 
702 274 2 2 0.023382997 
298 326 18 23 0.02333817 
629 117 3 3 0.023323402 
495 318 12 14 0.023281718 
688 11 9 6 0.02328083 
402 313 10 15 0.023256015 
830 319 8 8 0.023244875 
226 297 20 20 0.023236223 
521 265 2 3 0.023233525 
16 236 5 8 0.02321489 
100 272 3 4 0.023205565 
737 214 4 4 0.023120191 
915 2 5 3 0.022990022 
852 245 4 3 0.022934115 
496 266 3 2 0.022928884 
400 239 3 2 0.022923436 
84 292 9 9 0.022899926 
445 258 3 3 0.022884902 
891 347 17 14 0.022869095 
628 92 4 3 0.02285289 
323 314 12 15 0.022828285 
539 208 3 3 0.022782272 
937 327 14 14 0.02277527 
27 231 4 6 0.022710528 
893 272 2 3 0.0226842 
458 203 2 2 0.02267773 
68 301 19 19 0.022624897 
97 282 5 7 0.022573838 
0 354 8 12 0.022482025 
950 2 4 3 0.022471791 
680 124 4 3 0.022448184 
910 2 5 3 0.022443224 
181 285 4 4 0.022425516 
601 317 8 12 0.022408957 
987 27 4 3 0.022358855 
720 353 15 18 0.02230554 
770 265 2 3 0.022299338 
348 316 12 15 0.022292353 
330 259 2 3 0.022283163 
188 286 4 3 0.022222806 
452 268 19 22 0.022172708 
631 272 3 3 0.022150492 
91 264 3 5 0.022118054 
622 145 3 3 0.022088328 
321 251 3 4 0.021979898 
637 272 2 3 0.02191005 
290 239 3 3 0.021897469 
907 313 7 7 0.021892915 
928 3 5 3 0.021872843 
468 85 4 4 0.021843983 
881 337 11 10 0.021767173 
501 78 5 4 0.021723809 
271 239 3 2 0.021691829 
887 339 11 8 0.021680031 
272 161 4 5 0.021628698 
1 232 4 7 0.021627104 
150 289 5 6 0.021624465 
693 131 3 3 0.021610277 
344 294 7 8 0.021571299 
519 331 19 19 0.021559624 
689 306 8 9 0.021554248 
49 247 2 3 0.021521222 
463 74 4 3 0.021516778 
368 232 3 3 0.021512628 
923 266 3 3 0.021498015 
104 271 3 5 0.021418734 
344 259 2 3 0.021355407 
285 260 3 3 0.021333607 
330 246 3 3 0.021333441 
236 289 8 8 0.021317344 
282 315 20 21 0.021310112 
448 296 6 8 0.021309601 
511 336 10 12 0.021291148 
899 273 3 2 0.021271914 
803 344 13 15 0.021269824 
146 303 10 14 0.02126246 
784 266 2 3 0.021256538 
457 213 3 3 0.021224938 
970 279 2 3 0.021173764 
497 67 3 4 0.021131001 
617 306 6 7 0.021078547 
503 222 2 2 0.021075135 
418 238 4 3 0.021073384 
1002 286 2 3 0.021065112 
277 315 13 13 0.02103794 
247 235 2 2 0.02102183 
675 156 3 2 0.021003945 
542 323 9 12 0.020986425 
667 7 5 5 0.020949386 
917 34 5 4 0.020932471 
230 282 6 7 0.020928295 
847 308 18 17 0.020907504 
85 231 2 5 0.020855883 
949 8 4 4 0.020853018 
443 72 5 4 0.02084167 
316 246 3 3 0.020811465 
955 42 4 3 0.020808347 
616 99 4 3 0.020796202 
109 285 8 11 0.020768153 
57 292 9 10 0.02076696 
349 229 2 2 0.020749288 
471 225 3 4 0.020748494 
733 273 2 2 0.020727709 
455 288 7 8 0.020708792 
3 305 19 21 0.02070123 
1011 308 19 18 0.020689018 
508 221 3 3 0.020607824 
831 326 9 8 0.020576285 
99 257 4 6 0.020553058 
279 234 2 3 0.020545332 
495 79 4 4 0.020531202 
496 73 3 4 0.020530919 
766 257 2 4 0.020505883 
314 326 36 37 0.020474931 
211 289 6 7 0.020468816 
260 235 2 2 0.020445995 
730 192 5 4 0.020438408 
240 235 2 2 0.0204308 
497 227 3 3 0.02037646 
963 279 3 3 0.020360576 
686 118 3 4 0.020346249 
380 229 3 3 0.020330198 
334 238 3 3 0.020321282 
807 314 5 7 0.02030796 
132 259 3 4 0.02026453 
62 248 2 3 0.020262372 
746 219 3 3 0.020249145 
323 235 2 2 0.020211454 
175 288 15 15 0.020166257 
854 154 5 5 0.020128839 
284 233 3 3 0.02011714 
644 273 2 3 0.02010574 
651 323 11 15 0.020100981 
146 298 8 12 0.020052815 
439 266 2 3 0.020041129 
732 335 32 32 0.020030648 
988 48 3 3 0.020008069 
487 80 4 3 0.020002922 
