0_Parade_Parade_0_218
3420
740 385 32 39 0.99666923 
928 622 10 12 0.95138156 
1015 535 10 12 0.843347 
956 554 7 9 0.81098 
966 547 10 10 0.79370266 
394 157 142 99 0.75374967 
39 560 7 10 0.7261105 
1007 601 12 14 0.6834952 
199 665 14 16 0.6486933 
918 547 9 11 0.51941645 
928 558 7 9 0.4601975 
99 564 10 9 0.43052042 
943 611 10 12 0.41771677 
995 558 10 10 0.35041264 
1 603 8 11 0.34189874 
183 672 9 11 0.33210734 
944 540 9 12 0.30761412 
254 623 12 14 0.29227412 
144 562 10 13 0.2737378 
855 528 20 22 0.26937506 
65 553 6 7 0.26349998 
16 568 7 8 0.24780574 
58 553 6 7 0.24677935 
130 554 9 9 0.2462003 
104 523 5 7 0.24578461 
89 554 6 7 0.23488334 
852 219 6 9 0.22949407 
33 574 7 8 0.22759762 
279 525 8 11 0.22112107 
324 537 9 11 0.2142884 
115 585 10 16 0.20636432 
268 538 7 10 0.20396705 
70 561 6 7 0.19839667 
330 510 4 6 0.19593053 
177 611 10 8 0.18741441 
215 176 9 7 0.18585618 
197 578 9 12 0.17194818 
871 497 7 8 0.17005143 
669 63 7 7 0.16957633 
117 571 9 9 0.16585913 
612 662 11 13 0.16521423 
238 611 12 10 0.16468953 
127 673 10 14 0.16410121 
673 49 5 5 0.16042858 
659 49 5 5 0.16010782 
147 553 9 10 0.154874 
986 539 7 10 0.15312569 
255 605 9 9 0.15248005 
6 554 7 9 0.14895321 
107 588 9 14 0.14771757 
115 528 6 7 0.13895798 
837 296 7 8 0.13670206 
56 578 9 11 0.13536067 
74 581 8 9 0.13520296 
38 572 6 9 0.13431442 
160 649 15 13 0.13419728 
883 547 8 9 0.1323229 
116 546 7 8 0.1318478 
108 517 5 6 0.1269696 
287 607 6 7 0.12558022 
241 597 11 9 0.12516825 
236 599 9 7 0.122427486 
25 578 7 8 0.12239525 
230 628 11 13 0.1219837 
230 606 7 8 0.12194503 
387 330 37 42 0.11861382 
537 257 33 28 0.11771451 
296 516 4 5 0.11651553 
107 533 7 9 0.114610866 
954 478 6 8 0.11261115 
58 566 7 8 0.11205495 
629 59 10 9 0.11076348 
175 640 13 12 0.10948602 
632 507 8 12 0.10731303 
107 548 7 8 0.107179254 
929 546 7 9 0.10593253 
246 628 11 12 0.10498808 
878 626 11 17 0.104393296 
169 653 15 15 0.10238889 
386 257 45 44 0.10214073 
10 555 6 8 0.10185689 
83 221 47 59 0.10176795 
293 92 9 8 0.101765335 
175 596 12 12 0.100555316 
807 246 7 8 0.10052147 
38 556 7 7 0.100305095 
42 564 7 11 0.09931811 
618 57 7 6 0.09878507 
642 51 6 6 0.098530546 
910 580 7 8 0.095775105 
116 649 8 10 0.095484525 
60 656 15 19 0.094474986 
819 234 7 8 0.09387178 
441 370 32 40 0.09350017 
895 553 9 10 0.09306348 
662 551 4 5 0.093016125 
367 648 9 10 0.092203684 
307 197 395 346 0.09196548 
680 510 4 6 0.091720134 
220 647 9 14 0.09170962 
652 60 7 8 0.09163713 
990 601 9 12 0.09150059 
107 522 5 6 0.091264546 
942 579 8 10 0.09074186 
674 507 3 4 0.08929892 
93 554 7 7 0.089233465 
864 533 19 21 0.08903277 
661 513 3 4 0.08887722 
789 179 5 5 0.08883233 
175 584 11 12 0.08695004 
260 600 9 9 0.086690865 
25 602 9 13 0.086444564 
660 516 4 5 0.084972456 
669 510 3 5 0.084933616 
270 11 416 360 0.08492794 
784 191 10 8 0.08480824 
655 540 5 6 0.08465813 
578 38 5 5 0.08309012 
104 512 5 4 0.08294766 
591 43 5 6 0.082655974 
103 529 6 8 0.0826052 
657 70 7 8 0.08124879 
302 522 5 6 0.081179455 
275 587 7 6 0.081134 
289 84 24 18 0.080303326 
246 644 9 11 0.08029223 
177 614 12 12 0.08000375 
546 30 5 6 0.079902 
101 573 10 12 0.079778336 
669 78 8 10 0.07949333 
265 599 8 8 0.07859579 
270 630 9 11 0.078350715 
70 543 5 5 0.07742579 
648 509 5 8 0.07710207 
602 23 6 6 0.07702187 
681 534 6 8 0.07644551 
277 599 6 5 0.07520024 
582 38 5 6 0.07399068 
560 150 62 43 0.0738837 
113 559 8 7 0.07381153 
326 529 6 8 0.07318961 
1002 553 9 9 0.07312441 
668 50 4 4 0.07213876 
189 663 10 10 0.0720528 
69 549 6 7 0.07169697 
342 523 3 5 0.07166346 
275 605 6 6 0.07166191 
37 89 22 35 0.07148187 
293 398 27 29 0.07140185 
91 518 4 6 0.071317255 
857 321 8 9 0.07083379 
161 262 6 8 0.070529744 
228 667 8 12 0.07051821 
609 32 4 5 0.07038849 
238 516 7 8 0.07032185 
437 167 73 44 0.069998175 
128 557 9 9 0.069661066 
615 49 6 6 0.06901568 
361 667 11 12 0.06874964 
291 533 7 10 0.06874007 
874 536 9 10 0.068401754 
348 532 4 5 0.0681353 
42 554 8 8 0.06812395 
179 237 7 7 0.06809925 
911 645 6 7 0.06691747 
313 528 5 7 0.06646418 
653 79 6 9 0.066362426 
170 637 13 11 0.06632507 
308 434 7 7 0.06586866 
818 242 6 6 0.06567365 
654 553 5 7 0.06517962 
282 510 4 5 0.064997405 
329 515 4 6 0.06493241 
999 534 6 7 0.064925715 
310 524 4 6 0.06461924 
6 12 4 5 0.06433414 
354 196 242 157 0.064309664 
187 664 18 19 0.064073645 
-23 -168 188 168 0.06405416 
276 443 25 36 0.06373955 
889 553 9 9 0.06363312 
551 31 6 5 0.06337402 
662 80 7 9 0.06326336 
601 50 6 8 0.06295346 
216 642 10 13 0.06287139 
329 507 3 5 0.062805556 
653 73 7 8 0.06261488 
399 165 68 58 0.062560566 
888 567 8 10 0.06238203 
186 313 5 7 0.062153637 
678 566 24 24 0.062140133 
583 41 6 7 0.061876263 
229 564 8 10 0.06183797 
1 572 8 10 0.061539408 
6 549 6 9 0.061454892 
854 301 5 5 0.061295252 
283 609 7 9 0.06111567 
673 46 5 4 0.06108142 
780 189 10 9 0.06096371 
667 519 4 5 0.06092335 
661 563 5 6 0.06079749 
460 166 35 28 0.060544863 
774 174 9 9 0.060385488 
867 528 11 15 0.06010332 
672 523 5 6 0.059946466 
665 550 4 6 0.05974607 
173 236 7 7 0.059538458 
0 608 9 14 0.059443995 
893 226 10 8 0.05935859 
12 580 8 8 0.05890189 
840 531 27 23 0.05886534 
564 35 6 6 0.058847237 
287 524 5 7 0.0586725 
832 271 6 8 0.05855804 
685 69 5 6 0.058455735 
64 610 8 12 0.058363393 
966 610 8 8 0.058349065 
324 510 3 5 0.05823877 
19 572 7 8 0.05822662 
151 599 7 11 0.05816348 
608 36 5 6 0.057878707 
231 601 6 6 0.057806414 
638 509 6 9 0.05772137 
82 596 10 12 0.057643883 
257 585 7 7 0.057624374 
2 552 7 11 0.056979638 
627 50 6 6 0.05688224 
925 582 9 12 0.056561086 
536 31 7 6 0.05643811 
84 518 4 5 0.056433283 
84 543 5 5 0.056318767 
217 173 8 6 0.056314345 
816 631 8 9 0.056235407 
29 590 9 11 0.056193057 
0 579 8 11 0.056045856 
2 21 5 9 0.055998433 
310 512 4 5 0.055838477 
711 97 12 10 0.055781186 
799 223 12 10 0.05572551 
674 510 3 4 0.05571976 
77 555 5 6 0.05570732 
83 566 6 8 0.055563264 
817 245 7 8 0.055517796 
170 642 21 19 0.055477574 
97 518 5 5 0.05539488 
52 572 7 9 0.055286277 
668 522 4 6 0.0552767 
665 57 6 5 0.055242248 
143 532 7 11 0.055168383 
304 76 25 18 0.05489934 
498 371 20 28 0.054855134 
596 51 6 6 0.054795973 
664 572 6 8 0.054762445 
757 128 10 11 0.054699644 
355 655 9 9 0.054544266 
189 623 11 11 0.054436095 
204 194 7 7 0.05439778 
439 645 8 7 0.054301944 
167 660 10 12 0.054087806 
116 556 7 8 0.053900994 
36 584 8 11 0.053879976 
667 536 6 8 0.053850908 
780 184 8 7 0.053840123 
829 285 8 9 0.053800553 
619 533 7 9 0.05377984 
566 68 12 11 0.053638335 
91 221 20 28 0.05345716 
154 341 7 8 0.053404886 
109 513 5 4 0.05327605 
629 39 4 4 0.053202003 
97 511 5 5 0.053153 
197 612 7 8 0.053150367 
666 65 9 9 0.05310572 
646 62 7 8 0.053046 
122 296 8 12 0.05303059 
604 31 5 4 0.053025182 
555 31 6 6 0.052946817 
663 450 10 12 0.052547984 
311 404 8 10 0.052508794 
106 484 12 16 0.052492138 
920 582 9 13 0.05228487 
208 629 11 12 0.052246336 
941 561 7 8 0.052166536 
779 173 6 5 0.05214772 
85 590 11 13 0.052127235 
876 260 8 10 0.052110482 
280 598 6 6 0.0520283 
184 239 7 7 0.052012406 
139 490 7 8 0.05196641 
351 216 92 91 0.05179383 
176 604 11 11 0.051508456 
283 659 12 14 0.051472895 
141 272 6 7 0.051441073 
297 594 5 6 0.05132884 
225 576 5 6 0.051269356 
811 245 8 8 0.051259894 
214 637 9 12 0.05123637 
793 192 7 6 0.051106367 
286 98 10 9 0.051090185 
-13 30 173 153 0.05105242 
40 50 46 43 0.051034067 
781 177 6 7 0.05099688 
323 506 3 5 0.050920993 
678 63 6 6 0.050872926 
233 515 5 8 0.050845906 
181 645 12 14 0.050834384 
946 558 8 10 0.050754394 
276 595 6 6 0.050727993 
160 253 5 7 0.050703667 
79 538 4 5 0.05059467 
129 515 5 6 0.050591253 
218 567 5 7 0.05054723 
128 641 7 11 0.050440967 
774 165 6 7 0.05041213 
683 527 8 11 0.050407153 
69 673 9 10 0.05027119 
848 219 6 9 0.050246086 
787 183 7 6 0.050238032 
163 263 8 12 0.050230555 
145 397 9 11 0.050195213 
1003 530 8 8 0.050077338 
621 49 6 7 0.04990498 
446 161 32 23 0.049876098 
266 603 8 8 0.049841713 
668 46 4 4 0.049721174 
51 568 7 8 0.049712118 
36 498 10 8 0.049683567 
671 55 7 6 0.049595192 
43 501 8 9 0.04957917 
67 543 5 5 0.04956891 
209 573 7 9 0.049514093 
670 508 2 4 0.049508814 
176 218 10 13 0.0494737 
670 535 6 8 0.04944965 
171 353 7 9 0.049396377 
310 430 6 7 0.049334195 
664 346 458 414 0.049290925 
653 68 8 9 0.04928812 
217 548 5 7 0.049196023 
838 284 6 8 0.049177192 
66 511 4 5 0.049087223 
596 73 8 9 0.048967052 
619 59 9 8 0.048864614 
231 610 7 8 0.048854098 
444 171 32 29 0.048519906 
830 323 27 24 0.04841042 
207 621 13 13 0.048284292 
892 252 10 12 0.048151895 
544 115 5 5 0.048070014 
279 99 10 9 0.048056085 
132 549 7 8 0.047799468 
311 398 10 12 0.047775183 
843 316 9 11 0.047688905 
593 162 30 23 0.047510494 
143 529 5 9 0.04748828 
4 11 4 6 0.04747387 
165 573 8 9 0.047445353 
605 647 9 10 0.047424536 
694 58 5 4 0.04737657 
655 46 4 4 0.047340274 
225 606 6 7 0.047166828 
107 543 7 8 0.047092307 
680 506 4 5 0.047081802 
12 559 6 8 0.04706915 
302 518 4 5 0.047027934 
821 231 6 6 0.046881717 
178 309 9 11 0.046853967 
225 510 5 7 0.04682201 
108 553 7 7 0.046805147 
218 561 4 7 0.046698865 
658 537 5 7 0.046654135 
630 504 20 24 0.046608258 
261 646 9 12 0.04657319 
840 265 5 8 0.046570726 
986 531 5 6 0.046559215 
995 562 12 13 0.046523433 
190 655 9 11 0.046482775 
297 514 3 4 0.046473958 
125 589 9 14 0.04643815 
20 578 7 8 0.046413586 
187 317 5 7 0.04641134 
646 490 6 9 0.046375003 
711 56 6 4 0.046369582 
158 613 8 9 0.04630114 
225 532 8 10 0.04618791 
607 49 6 6 0.04615899 
659 60 7 8 0.046072677 
654 529 4 6 0.046069082 
130 529 5 7 0.045986976 
309 527 5 7 0.045977775 
342 529 4 6 0.04585526 
121 556 6 7 0.04574804 
674 519 3 5 0.045699112 
936 455 5 5 0.045682486 
90 522 5 6 0.045550194 
677 68 10 9 0.04548803 
887 544 7 7 0.045424704 
98 523 5 6 0.045415033 
450 353 24 23 0.045386173 
686 65 5 4 0.045361936 
242 623 11 12 0.045310143 
267 595 7 5 0.045295004 
158 271 7 9 0.04524539 
342 519 3 6 0.045229442 
457 519 26 22 0.045229115 
1017 530 8 11 0.04519343 
204 604 10 10 0.045150585 
930 543 6 7 0.04509386 
141 676 7 10 0.04506049 
296 444 7 9 0.045051407 
830 291 8 8 0.044989105 
626 535 6 9 0.044958703 
169 631 13 11 0.044949595 
655 525 3 5 0.044949286 
196 629 9 11 0.04494321 
828 336 7 10 0.044828486 
627 42 6 6 0.044611458 
126 225 8 11 0.044598512 
526 150 56 36 0.044556085 
92 511 4 5 0.044518165 
207 435 45 48 0.044496648 
654 560 6 9 0.04448553 
115 511 5 6 0.04448467 
4 569 9 8 0.044484198 
187 203 7 7 0.044454265 
165 635 13 10 0.04444731 
229 581 6 6 0.044311974 
852 303 6 8 0.044278894 
227 547 20 25 0.044271585 
157 270 4 5 0.044141997 
131 226 8 10 0.04411758 
234 528 8 10 0.044112958 
634 51 7 6 0.04409408 
141 182 6 8 0.04405273 
883 536 6 8 0.04401405 
167 143 7 9 0.04398806 
699 89 7 7 0.043934952 
327 524 5 7 0.043924097 
930 598 11 12 0.04386096 
185 662 9 10 0.043858007 
980 535 5 7 0.043846972 
698 57 4 4 0.04383447 
178 299 9 13 0.043756444 
273 611 7 9 0.043730747 
697 82 6 6 0.043724366 
155 261 22 27 0.043613743 
225 515 5 7 0.043602645 
602 38 5 5 0.04358195 
690 529 6 8 0.043577045 
88 560 6 7 0.04353608 
164 613 7 7 0.043518312 
654 57 6 7 0.043513548 
939 281 22 23 0.043482505 
145 182 8 10 0.043450244 
660 47 4 4 0.04344551 
816 642 9 10 0.043356117 
883 543 7 7 0.043295342 
709 94 11 8 0.043244485 
570 36 5 6 0.04323931 
155 272 6 7 0.04320302 
310 516 4 6 0.043141358 
28 117 45 54 0.0430898 
175 639 41 41 0.043061074 
337 663 10 13 0.043050926 
914 584 9 12 0.043050535 
341 579 6 7 0.043000426 
229 573 7 9 0.042911537 
549 122 5 5 0.042858835 
178 277 7 9 0.042831372 
127 567 7 8 0.04278169 
247 535 9 12 0.042761326 
21 613 12 15 0.042736698 
279 510 4 5 0.042703148 
112 233 27 31 0.04263266 
154 362 21 28 0.042610656 
608 168 15 14 0.04258592 
189 647 10 12 0.04257151 
971 616 9 10 0.04254341 
633 645 6 7 0.042494114 
948 268 6 7 0.042471167 
606 535 7 9 0.042452704 
352 547 7 8 0.042425636 
846 358 4 5 0.042355563 
33 555 5 6 0.04235272 
225 556 6 7 0.042293094 
235 518 9 11 0.042287078 
594 43 5 6 0.042280003 
659 565 7 8 0.042266972 
265 594 6 5 0.04219781 
151 377 4 5 0.042178582 
31 94 48 46 0.0421417 
690 74 7 7 0.04209536 
851 344 7 8 0.042062886 
238 512 5 7 0.04205357 
976 579 8 11 0.04196636 
348 546 6 8 0.04194942 
672 529 5 6 0.041941997 
147 393 8 10 0.041829746 
609 42 6 6 0.04176075 
892 245 11 11 0.041720297 
706 58 5 4 0.04164759 
127 233 7 10 0.04163255 
44 580 6 8 0.041556314 
274 624 7 9 0.041501425 
42 521 8 8 0.041476928 
185 630 11 10 0.04146983 
334 529 4 6 0.041467417 
281 517 6 8 0.04144991 
82 585 9 10 0.041435864 
955 473 5 7 0.041400596 
848 322 10 10 0.04131161 
815 234 7 7 0.04120342 
384 647 11 10 0.041109834 
600 43 6 6 0.040997133 
305 82 10 8 0.04097384 
292 612 7 8 0.040957782 
90 531 4 6 0.040928476 
33 70 7 6 0.040922545 
101 194 8 11 0.04092013 
290 528 6 8 0.040900655 
609 612 6 6 0.040801622 
146 187 9 13 0.040790692 
294 453 6 7 0.040788773 
915 297 7 8 0.040788215 
18 624 11 13 0.040786613 
666 76 8 8 0.04078606 
319 412 7 9 0.040785678 
153 518 18 27 0.040778756 
429 162 35 33 0.04076133 
804 471 32 51 0.040748496 
77 550 4 6 0.04070392 
874 555 9 10 0.04064654 
182 156 6 10 0.040640634 
667 256 43 38 0.040606435 
129 250 5 6 0.040574413 
844 526 41 42 0.0405336 
312 433 8 9 0.040515352 
12 44 84 81 0.04051239 
71 566 5 7 0.040463842 
692 50 5 5 0.040441282 
211 183 8 7 0.0403536 
684 73 7 8 0.040342562 
680 85 23 24 0.04032765 
676 51 5 5 0.040259175 
663 555 3 5 0.04023169 
614 32 5 5 0.040189687 
51 21 4 8 0.04018151 
195 565 9 10 0.040180754 
684 523 6 9 0.040133312 
140 554 10 10 0.040102452 
122 221 8 11 0.04009659 
647 554 5 8 0.039952785 
614 43 7 6 0.039942764 
853 349 7 7 0.03990203 
721 110 13 11 0.039878648 
181 111 6 9 0.039848898 
835 539 25 29 0.0397907 
856 349 8 9 0.039697677 
276 560 5 7 0.03969444 
704 90 7 5 0.03966475 
864 347 7 10 0.039637517 
643 55 7 7 0.03959675 
208 645 14 16 0.03959537 
674 612 11 11 0.039576195 
189 612 10 10 0.039574396 
266 642 9 12 0.039570082 
121 509 6 6 0.03954519 
275 83 24 20 0.039507158 
932 611 10 11 0.03950406 
161 369 8 10 0.039454084 
997 591 31 35 0.039433923 
690 69 6 6 0.039408606 
104 655 11 14 0.03940225 
49 633 13 17 0.03938565 
90 544 4 5 0.039356012 
683 480 23 36 0.039331693 
230 542 8 9 0.039313786 
230 587 6 5 0.039292526 
660 530 4 6 0.03927037 
334 517 3 5 0.039263923 
203 634 10 12 0.039255857 
71 610 13 16 0.039250933 
304 435 5 6 0.039243612 
162 249 4 6 0.039231632 
79 198 5 6 0.039227225 
248 132 11 8 0.03917226 
685 98 9 9 0.039169513 
996 570 12 13 0.03911686 
57 192 404 402 0.038997274 
453 354 46 42 0.03892766 
835 224 5 5 0.038849898 
844 351 5 6 0.038847793 
851 362 6 8 0.038808357 
305 37 24 23 0.038796555 
80 523 5 5 0.03879556 
693 535 5 7 0.038794752 
81 477 9 9 0.03877765 
669 329 71 89 0.03877227 
134 202 7 9 0.03875918 
713 77 5 5 0.03870025 
53 555 6 6 0.03868983 
957 452 5 7 0.038686477 
340 170 51 35 0.03868073 
156 348 6 8 0.038677875 
313 646 7 7 0.038633898 
86 562 5 6 0.038627032 
237 595 7 7 0.03855737 
231 512 5 7 0.038506664 
666 556 4 6 0.038489584 
662 524 3 5 0.038431287 
44 551 6 6 0.03842288 
845 305 6 8 0.038415167 
841 328 11 10 0.038404528 
832 561 7 8 0.03840062 
36 602 9 14 0.038377386 
79 201 5 7 0.038366072 
698 52 5 3 0.038328923 
273 617 7 10 0.03830089 
202 655 11 12 0.038300205 
563 87 414 419 0.038276423 
220 622 11 12 0.03824461 
195 616 9 11 0.03824295 
108 650 9 12 0.038225017 
138 212 9 10 0.0381798 
336 57 24 18 0.038155273 
403 582 6 6 0.038145203 
269 616 7 10 0.03809134 
963 377 4 5 0.03807241 
40 64 4 4 0.038063757 
234 650 8 11 0.037995875 
129 661 7 9 0.03794336 
838 224 5 6 0.037913036 
133 660 7 10 0.03791042 
395 664 10 10 0.03784889 
107 562 7 7 0.03783644 
148 578 8 11 0.03780944 
132 583 10 13 0.037780166 
723 56 7 6 0.037777536 
101 209 6 9 0.037740096 
231 595 5 5 0.03772456 
293 43 23 23 0.037704695 
86 513 4 3 0.03765235 
82 522 5 6 0.037637673 
856 300 6 5 0.037619866 
145 176 7 9 0.03761429 
992 531 6 7 0.037604496 
86 224 5 5 0.037598297 
536 34 8 8 0.0375791 
115 516 5 6 0.037561286 
131 657 5 7 0.037500177 
90 505 5 5 0.037488904 
703 93 9 7 0.037475202 
590 39 4 5 0.037469037 
80 518 4 5 0.037395623 
798 144 7 7 0.037376057 
613 645 6 7 0.037356906 
688 565 12 13 0.037277862 
216 674 9 12 0.037269752 
160 349 7 8 0.0372275 
226 524 5 6 0.037211165 
893 233 9 9 0.037163615 
117 504 5 6 0.03714611 
74 587 12 15 0.03713784 
888 534 9 9 0.037129093 
154 369 6 7 0.03711609 
678 57 5 5 0.037101474 
619 521 7 10 0.037097834 
669 530 4 6 0.037070498 
683 545 22 28 0.037060305 
170 578 11 14 0.037027527 
4 54 27 22 0.037015606 
163 201 10 12 0.03700889 
115 576 9 13 0.036981057 
235 605 10 9 0.036962036 
104 508 4 3 0.036933996 
795 174 5 4 0.036914017 
994 597 12 13 0.036888395 
45 131 29 23 0.036813658 
664 643 28 29 0.03680072 
183 304 6 8 0.03679502 
335 525 4 5 0.03675651 
979 634 7 8 0.036753625 
5 18 5 7 0.0367243 
645 75 8 9 0.036669146 
591 48 5 6 0.036659796 
295 523 5 6 0.036600027 
875 299 8 8 0.03658564 
381 663 10 11 0.036583886 
388 350 21 24 0.03652537 
246 519 21 28 0.036517657 
46 74 8 10 0.036513135 
314 511 4 6 0.03644468 
663 507 2 4 0.03644236 
710 90 7 5 0.036432903 
599 24 4 4 0.03640102 
228 529 8 9 0.03639604 
138 234 9 11 0.0363818 
198 634 8 11 0.036380704 
241 528 8 10 0.036362708 
30 578 7 8 0.036342315 
717 63 5 5 0.036326468 
740 120 8 7 0.03631014 
711 102 14 13 0.036279045 
307 427 22 24 0.036276393 
654 518 3 5 0.036234956 
645 112 28 28 0.036215525 
4 21 6 8 0.036210675 
607 55 7 7 0.036196083 
164 566 8 9 0.036183473 
110 507 5 4 0.036162507 
253 480 9 12 0.036160305 
792 178 6 5 0.036154673 
614 37 6 6 0.036153793 
194 198 5 5 0.03613237 
196 654 11 12 0.036132053 
535 180 29 29 0.036126263 
226 560 6 7 0.03611172 
36 71 26 30 0.03609816 
705 75 5 5 0.03608331 
186 197 6 5 0.03607876 
226 580 6 6 0.036054395 
257 619 11 10 0.036050387 
697 63 5 4 0.036034867 
108 241 8 9 0.03598746 
150 273 5 6 0.03596617 
843 297 6 7 0.035961974 
134 235 7 9 0.03594756 
143 177 5 8 0.03593786 
949 476 7 9 0.03592706 
215 548 4 6 0.03591723 
774 100 6 7 0.035914116 
36 134 22 23 0.035912372 
691 80 8 9 0.035892323 
83 579 7 9 0.03588284 
36 501 11 10 0.035875812 
325 50 24 20 0.035837438 
947 271 8 8 0.035823286 
723 75 5 5 0.035810743 
992 536 6 6 0.03579599 
179 315 7 9 0.03571534 
948 608 12 14 0.035711374 
71 524 4 6 0.035661247 
219 543 5 7 0.03565155 
897 408 13 15 0.035602063 
590 643 7 8 0.035583325 
841 340 9 10 0.03557273 
837 566 22 26 0.035570905 
705 71 5 5 0.035561327 
28 596 10 14 0.03555514 
550 34 8 7 0.03555224 
846 363 5 6 0.035550166 
376 649 8 8 0.035538618 
14 549 4 7 0.035534214 
693 64 4 4 0.03552558 
189 632 11 13 0.03552117 
810 266 8 9 0.03551925 
43 509 8 8 0.03551907 
684 80 8 9 0.035462838 
466 644 7 7 0.035443798 
124 481 7 10 0.03544133 
875 170 6 8 0.03544073 
359 591 7 8 0.03543489 
129 550 6 7 0.03543189 
43 572 5 8 0.035416495 
114 536 6 7 0.03541433 
176 620 11 12 0.035391044 
218 555 4 6 0.03536625 
43 516 7 8 0.03536393 
231 522 6 8 0.035352726 
915 559 8 9 0.035348076 
168 482 12 20 0.03534346 
223 540 7 8 0.035335105 
569 119 7 7 0.035313055 
129 397 5 5 0.03528201 
436 381 8 9 0.03523181 
905 592 9 10 0.03518583 
171 629 22 21 0.03518382 
71 180 6 9 0.035128262 
57 562 6 7 0.03512245 
926 223 7 6 0.035061587 
647 132 30 25 0.03497495 
948 377 7 7 0.034963135 
731 73 7 7 0.034939226 
200 236 5 7 0.034915097 
838 379 7 9 0.03490986 
68 590 11 12 0.034895785 
122 246 8 9 0.034881048 
280 644 10 12 0.03487594 
246 610 11 10 0.034858193 
229 555 9 9 0.034809485 
352 534 5 7 0.034791656 
122 525 4 5 0.03476896 
248 526 9 12 0.03476647 
877 255 6 7 0.034765244 
769 184 7 9 0.03476135 
666 561 4 6 0.03475655 
122 260 7 7 0.034745675 
236 559 10 12 0.034740046 
51 560 6 7 0.03473736 
98 222 6 8 0.034731288 
846 311 7 9 0.034721375 
292 607 6 7 0.034721132 
788 174 4 3 0.034715686 
51 510 6 6 0.034701243 
150 227 9 10 0.03467598 
128 512 6 6 0.0346749 
841 336 23 23 0.034668356 
13 572 8 8 0.034642898 
768 67 8 9 0.034629233 
844 294 6 7 0.03460412 
546 35 7 7 0.034596473 
910 640 6 8 0.03458636 
947 283 13 12 0.034574315 
255 593 7 7 0.034552228 
647 646 6 6 0.034549024 
273 44 24 22 0.034544095 
914 251 9 9 0.03453997 
148 162 5 9 0.034528594 
121 216 7 9 0.034523826 
812 255 6 6 0.03451529 
613 151 23 22 0.034506872 
175 210 22 23 0.034478992 
60 506 5 5 0.03445883 
344 650 9 10 0.034446508 
623 32 5 4 0.034406286 
577 110 4 4 0.034397706 
681 525 4 5 0.034382246 
624 578 12 14 0.034369133 
672 73 24 23 0.03433549 
905 653 4 6 0.034333948 
907 612 7 10 0.034313098 
601 19 7 7 0.034299314 
104 413 21 21 0.034256753 
618 482 33 48 0.03424566 
300 529 6 8 0.03423744 
959 548 9 10 0.034211025 
185 322 5 8 0.03419147 
424 368 6 8 0.034188684 
262 586 6 7 0.034187306 
109 259 24 24 0.034142826 
97 226 7 11 0.0341319 
643 46 4 4 0.03410792 
676 78 9 10 0.03408301 
225 505 4 7 0.034055624 
126 418 27 24 0.034053624 
171 617 9 9 0.03404255 
722 50 7 5 0.03403635 
687 51 4 4 0.034029223 
170 104 9 10 0.03397233 
686 45 5 4 0.03396915 
974 377 5 5 0.03393864 
658 56 6 7 0.03392076 
857 311 8 7 0.033871427 
964 278 9 10 0.033869117 
955 467 5 6 0.033864744 
217 573 6 8 0.033858586 
365 562 23 27 0.033832453 
150 340 21 27 0.033816695 
199 229 4 6 0.033803724 
10 609 10 13 0.03378464 
691 45 6 5 0.033776704 
274 56 23 23 0.033772275 
679 45 5 4 0.033771902 
684 539 8 10 0.03375366 
676 113 8 9 0.03373786 
128 254 7 9 0.033737563 
706 83 5 5 0.033731718 
582 391 24 25 0.03369191 
902 229 7 6 0.033686493 
362 546 7 9 0.0336705 
864 337 6 8 0.03366413 
563 71 25 21 0.033649653 
855 333 9 11 0.033605672 
206 203 6 7 0.033594288 
620 643 7 8 0.033592958 
110 220 21 27 0.033567484 
848 528 15 15 0.03356263 
129 402 5 7 0.033552315 
225 599 5 6 0.0334795 
286 616 9 10 0.03347388 
655 447 22 23 0.033429068 
607 25 6 5 0.033426743 
70 583 9 11 0.033418804 
578 40 6 7 0.033408955 
638 79 10 12 0.033383816 
334 506 4 6 0.033379663 
641 612 6 8 0.033367936 
901 679 8 10 0.033355683 
894 613 7 10 0.033351064 
775 158 5 6 0.0333214 
351 550 10 13 0.033320457 
649 536 4 6 0.033319093 
261 563 7 7 0.033299215 
618 72 10 11 0.03329401 
687 58 4 4 0.03327865 
163 630 11 11 0.033271085 
213 617 13 13 0.03327034 
296 585 5 6 0.033266686 
671 538 23 25 0.03325149 
748 81 7 8 0.03320609 
135 249 5 6 0.033203684 
401 349 43 51 0.033197794 
629 503 6 9 0.03319307 
727 106 9 7 0.033134326 
125 572 9 9 0.033129863 
570 109 5 5 0.033124976 
54 443 13 10 0.033081613 
234 542 10 10 0.033052906 
226 568 6 6 0.03305265 
481 162 34 24 0.033021547 
243 511 6 8 0.03301136 
712 82 6 5 0.033010628 
611 72 11 11 0.0330054 
188 603 11 12 0.032998513 
262 530 7 8 0.0329966 
711 52 6 4 0.032986812 
838 496 8 10 0.03297107 
639 504 6 9 0.03295523 
534 333 31 29 0.032923073 
635 451 23 31 0.032918666 
525 29 7 7 0.032915905 
556 34 7 7 0.032915447 
-2 44 8 15 0.03290736 
347 523 5 7 0.032887667 
170 237 5 6 0.032853406 
184 247 8 8 0.032853026 
698 45 7 5 0.032851078 
843 379 7 8 0.03284412 
602 125 7 7 0.032835867 
136 142 6 13 0.032829802 
967 160 4 5 0.032820817 
875 165 7 8 0.032801945 
315 535 4 7 0.032795444 
966 265 9 9 0.03277683 
712 64 5 4 0.032774866 
665 569 4 6 0.032772355 
318 493 3 4 0.032764617 
59 510 5 6 0.032760337 
205 567 7 8 0.032756 
649 514 5 8 0.032744147 
852 295 5 5 0.032735277 
203 616 12 13 0.032728218 
787 81 7 7 0.032718167 
758 167 5 7 0.03271574 
94 206 20 27 0.032681696 
134 255 5 6 0.032680336 
908 617 9 10 0.032655273 
427 382 8 8 0.03264534 
71 512 4 5 0.03261883 
289 593 6 7 0.0326074 
186 177 5 8 0.032603864 
488 170 116 79 0.032589868 
939 267 7 7 0.0325842 
630 63 10 12 0.032561958 
25 584 8 10 0.032556493 
167 666 9 11 0.032533772 
676 521 19 23 0.03253172 
247 594 9 7 0.032522004 
556 135 115 77 0.032508105 
622 439 24 35 0.032479797 
905 666 4 6 0.0324775 
250 585 7 7 0.03247553 
647 531 4 6 0.032456245 
97 506 5 4 0.0324463 
543 120 7 7 0.03243452 
754 148 9 11 0.032430742 
313 429 7 8 0.03242801 
286 548 8 10 0.03242114 
938 272 9 8 0.032416046 
326 449 39 74 0.032404516 
294 70 25 20 0.03238982 
649 45 4 5 0.03238455 
117 607 12 16 0.03237057 
890 221 10 8 0.032363664 
338 589 6 6 0.032358676 
951 535 7 9 0.03231123 
990 547 8 8 0.032295417 
300 441 6 7 0.032266025 
225 588 6 6 0.03223224 
503 213 31 34 0.03222164 
269 531 6 9 0.032208115 
896 325 7 9 0.032171424 
938 106 97 96 0.032161195 
569 43 5 6 0.03214468 
622 38 5 5 0.032129552 
530 193 26 28 0.0321266 
140 660 6 10 0.0321264 
909 309 9 10 0.03209368 
619 657 10 10 0.032088477 
145 583 9 12 0.0320872 
571 71 12 12 0.0320772 
86 505 5 5 0.03207525 
942 535 8 10 0.03206042 
673 30 5 5 0.032055967 
149 472 74 97 0.032044087 
659 570 8 11 0.032022025 
969 377 4 5 0.031996947 
86 550 4 6 0.03199146 
729 63 6 5 0.031986173 
303 513 3 4 0.0319847 
765 148 9 10 0.031918637 
266 655 8 11 0.031914968 
875 233 9 10 0.03190639 
703 37 7 5 0.031901322 
837 301 10 11 0.031897318 
42 608 12 14 0.03188125 
37 507 10 11 0.031880498 
87 579 9 9 0.031877086 
205 554 5 6 0.031876724 
948 381 6 8 0.031845663 
377 234 7 10 0.031838395 
718 71 4 4 0.031836007 
171 202 8 8 0.031818476 
887 279 22 21 0.03179428 
620 44 6 6 0.03179229 
340 655 8 10 0.03177611 
48 158 27 27 0.031765386 
809 252 5 7 0.03176306 
214 628 12 13 0.031753123 
558 116 4 4 0.03174694 
318 37 24 22 0.031738322 
580 177 33 25 0.03173733 
69 191 6 6 0.031730615 
136 460 6 6 0.031708997 
733 114 9 7 0.03170664 
440 379 12 13 0.03170615 
744 439 222 205 0.031704172 
273 69 24 21 0.031697173 
69 142 25 34 0.031693686 
155 330 7 7 0.03168704 
195 230 4 5 0.03165874 
83 196 8 9 0.031652994 
32 184 93 110 0.031652365 
852 356 6 8 0.03163375 
207 185 6 6 0.031617533 
33 566 7 9 0.03161468 
271 563 5 5 0.03161293 
718 57 4 4 0.031605836 
949 539 8 12 0.03159349 
90 534 5 7 0.03157539 
902 331 5 7 0.03154111 
152 593 7 10 0.03153507 
706 52 5 4 0.031533178 
680 517 4 5 0.031523544 
14 523 5 6 0.031503867 
596 575 24 25 0.031499676 
699 70 6 6 0.031490043 
172 623 9 9 0.03147354 
392 358 7 10 0.03145899 
140 279 7 8 0.03143638 
923 607 35 33 0.031429235 
63 574 6 8 0.031420805 
205 265 7 10 0.0314094 
19 604 9 12 0.031307515 
300 543 7 10 0.031301387 
91 223 5 6 0.03129702 
598 19 5 5 0.031277914 
255 534 7 9 0.03125771 
460 541 23 25 0.031251952 
255 561 8 9 0.031248286 
876 196 7 8 0.031239415 
177 266 9 10 0.031236397 
595 62 7 8 0.031219833 
559 121 4 5 0.03120449 
49 20 4 6 0.031197142 
674 39 4 4 0.03117475 
198 561 7 9 0.03116968 
181 171 5 8 0.031151721 
171 361 7 9 0.03114139 
731 70 7 6 0.03113164 
38 580 7 9 0.031126784 
162 354 7 9 0.031118048 
169 240 5 7 0.031086404 
598 39 4 5 0.031082429 
973 605 8 10 0.031081578 
747 86 7 8 0.03105771 
833 259 6 8 0.031054346 
158 278 8 10 0.031030625 
564 121 6 5 0.031027382 
171 112 8 11 0.031024877 
626 107 7 6 0.03101317 
436 378 6 7 0.031001419 
120 497 7 7 0.030998021 
358 646 7 6 0.030968534 
868 546 19 22 0.030961204 
171 221 39 42 0.030957276 
856 344 8 9 0.030948283 
632 113 8 7 0.030928075 
117 396 5 5 0.030916616 
793 184 6 6 0.030890537 
583 108 5 4 0.030886501 
286 56 24 22 0.030883929 
253 126 10 9 0.030882575 
119 230 11 14 0.030880613 
673 158 28 23 0.030871848 
958 265 9 9 0.030866828 
498 160 61 41 0.030865178 
429 376 27 28 0.03086235 
876 202 8 8 0.03085704 
711 70 5 5 0.030845378 
290 517 4 5 0.030842766 
918 604 9 10 0.030842155 
688 92 12 12 0.030842133 
223 610 7 9 0.030818861 
552 115 4 5 0.030806385 
699 75 5 6 0.030806208 
96 499 6 5 0.030800432 
594 152 58 43 0.030769728 
882 188 9 9 0.030763235 
342 551 24 30 0.030746715 
611 239 18 30 0.030712813 
904 337 5 7 0.030705065 
279 506 3 5 0.030704807 
39 550 5 6 0.030634144 
152 386 9 12 0.030631188 
200 196 6 6 0.030627 
959 472 6 7 0.030626368 
147 489 6 7 0.03062197 
183 653 11 12 0.03057745 
923 643 8 9 0.030576058 
236 527 20 26 0.030547533 
241 537 22 26 0.03054522 
603 645 7 7 0.030530639 
960 467 5 6 0.030515572 
149 381 5 7 0.030510627 
859 168 8 9 0.030509857 
181 175 6 9 0.030495726 
624 86 9 8 0.030495128 
300 81 10 8 0.030488774 
38 68 6 6 0.030476032 
628 645 6 7 0.030458877 
876 542 19 19 0.0304375 
411 380 27 30 0.030433204 
142 524 4 6 0.03042942 
640 74 9 11 0.03042852 
194 235 6 7 0.030427793 
673 572 8 9 0.03042324 
90 551 5 5 0.030419398 
46 182 7 8 0.030410083 
250 606 9 8 0.030408597 
158 262 4 5 0.030388229 
716 321 27 31 0.030375853 
302 389 21 23 0.030370655 
921 271 11 12 0.030365838 
261 50 23 22 0.030360574 
117 402 5 6 0.030357454 
85 191 5 7 0.03034989 
843 284 7 8 0.030347984 
775 187 22 21 0.0303419 
120 504 7 7 0.03033572 
262 521 7 10 0.030330377 
658 30 7 6 0.030306535 
724 62 6 6 0.030295646 
263 535 8 10 0.03027824 
834 227 6 7 0.030266259 
832 543 7 7 0.030263403 
700 116 12 13 0.030251902 
211 169 20 16 0.030251112 
837 351 8 9 0.030229347 
149 376 22 33 0.030227402 
456 170 15 12 0.03022365 
871 158 6 8 0.030214267 
174 559 8 9 0.030208217 
190 652 21 22 0.0302036 
828 338 22 28 0.030200033 
889 324 7 7 0.030190704 
846 542 16 15 0.030170806 
40 146 24 27 0.030162048 
170 87 8 9 0.030158848 
633 43 5 6 0.030154593 
89 498 6 7 0.030150235 
51 522 5 7 0.03014555 
761 137 9 9 0.030135157 
862 341 34 44 0.03013315 
186 192 5 6 0.030129876 
159 284 8 8 0.030119289 
462 504 31 26 0.030109905 
-64 283 324 441 0.030086169 
424 376 5 6 0.030084033 
53 141 29 29 0.03007016 
762 120 7 8 0.03003705 
851 189 6 7 0.030034645 
129 533 6 9 0.030033464 
72 613 22 24 0.030007692 
52 75 32 34 0.030000867 
135 222 6 8 0.029987454 
637 520 9 11 0.029958278 
959 157 5 7 0.029956369 
761 165 6 7 0.02994286 
1004 372 11 12 0.029941814 
159 194 9 12 0.029927246 
839 310 19 23 0.02992518 
706 63 4 4 0.029921843 
75 476 8 10 0.029911535 
873 303 10 9 0.029905211 
207 611 12 10 0.029891767 
67 523 5 6 0.029891284 
36 72 9 9 0.029884981 
11 583 9 11 0.02988067 
862 393 10 12 0.029878719 
575 612 6 8 0.029874874 
826 230 5 5 0.029865218 
878 318 7 6 0.029859358 
894 202 9 8 0.029852515 
55 573 9 10 0.029852094 
547 324 14 16 0.02985101 
65 507 4 4 0.029850453 
165 190 8 9 0.029848421 
217 580 7 7 0.029822087 
57 587 11 14 0.029817272 
198 239 7 8 0.0297811 
889 319 6 6 0.029771812 
281 561 6 7 0.029736724 
968 373 5 4 0.02971223 
346 646 6 6 0.029709976 
824 545 40 45 0.029709138 
584 134 5 5 0.029702581 
2 613 12 15 0.029698102 
287 434 22 29 0.02969698 
529 81 24 25 0.029688975 
4 104 43 54 0.029687691 
54 550 5 5 0.029686878 
929 536 6 7 0.02967677 
150 372 3 4 0.029664785 
173 226 9 10 0.029664537 
224 661 8 11 0.029661197 
883 222 7 7 0.029651983 
235 512 19 23 0.029647626 
127 648 7 10 0.029640982 
422 382 8 8 0.029633438 
832 280 7 8 0.029605756 
115 408 6 6 0.029600939 
690 524 6 8 0.02959253 
179 248 24 24 0.029573347 
926 474 9 12 0.029572805 
246 634 9 10 0.029558247 
741 116 7 6 0.029548848 
176 656 21 21 0.02954373 
313 515 5 7 0.029535461 
159 334 8 10 0.029523559 
79 542 4 5 0.02950967 
134 207 8 11 0.029507918 
839 492 6 8 0.029504465 
940 433 6 6 0.029481033 
35 65 4 4 0.02947319 
923 304 6 8 0.029467883 
756 75 7 8 0.029467475 
182 584 10 13 0.029457629 
933 270 10 11 0.029444696 
298 87 12 9 0.029444175 
91 186 5 5 0.029435663 
570 115 6 5 0.029434994 
929 576 11 13 0.029431097 
159 564 9 10 0.029405607 
253 520 9 12 0.029403118 
149 487 5 5 0.029402202 
100 238 10 16 0.029383421 
148 670 5 8 0.029382212 
282 586 6 6 0.029375901 
522 44 26 26 0.029365089 
166 253 7 8 0.029364174 
839 227 6 7 0.029361686 
655 31 6 5 0.029359935 
577 114 6 5 0.0293469 
673 556 6 7 0.029329492 
200 555 6 6 0.02932549 
998 549 8 7 0.029313294 
545 551 25 30 0.029271355 
69 140 10 12 0.029268831 
307 64 26 19 0.029268485 
34 11 5 6 0.02924037 
651 566 21 26 0.029232087 
964 296 11 14 0.029231206 
342 543 6 8 0.029227296 
45 69 6 6 0.02921876 
117 497 6 7 0.029211802 
849 310 8 9 0.029209578 
14 114 5 5 0.029206943 
961 371 5 6 0.029204676 
55 479 7 7 0.029193852 
72 529 4 6 0.02918662 
648 559 6 10 0.029180354 
870 202 8 7 0.02917451 
958 605 10 12 0.029170066 
272 111 10 9 0.029147848 
226 536 20 22 0.029128969 
927 239 8 9 0.029114846 
51 504 5 6 0.02910633 
916 535 5 7 0.02908865 
126 470 6 8 0.029088037 
140 293 7 7 0.029075881 
212 502 76 88 0.029072179 
773 184 9 9 0.02906292 
66 537 5 6 0.02903263 
775 154 5 5 0.02902183 
345 579 6 8 0.02901128 
179 79 6 8 0.029002577 
607 81 9 7 0.028993959 
962 383 4 5 0.028990548 
525 235 7 8 0.028970234 
157 343 8 8 0.028959395 
84 483 8 9 0.028954128 
210 188 8 8 0.028941635 
676 91 9 9 0.028932054 
365 170 64 45 0.028923508 
169 300 21 27 0.028915957 
913 304 8 9 0.028914604 
15 110 4 4 0.028914066 
689 86 11 10 0.028912045 
293 540 7 9 0.02890744 
63 38 24 31 0.02889452 
248 542 10 13 0.028890492 
87 193 9 11 0.028876897 
711 44 6 5 0.028873876 
259 502 23 27 0.028863914 
334 525 95 85 0.028862966 
679 38 5 4 0.028857924 
754 153 10 12 0.02885658 
941 439 7 9 0.028856069 
905 277 11 13 0.028847517 
670 84 10 10 0.02884054 
921 298 7 8 0.028830174 
109 247 6 8 0.028822761 
795 220 21 18 0.028822523 
77 242 6 7 0.028791785 
818 278 6 9 0.02878993 
76 471 7 8 0.028789306 
305 55 9 8 0.028780594 
951 247 10 9 0.028769141 
762 114 6 6 0.028761048 
99 529 4 6 0.028752184 
331 36 24 23 0.028747352 
292 30 24 23 0.028745547 
37 78 10 11 0.02873593 
928 459 6 8 0.028731577 
70 477 22 23 0.028722817 
160 292 8 10 0.02869734 
341 541 20 24 0.028693149 
192 635 19 22 0.028691983 
255 529 7 9 0.02862317 
182 152 5 8 0.028611083 
650 598 22 27 0.02860662 
284 582 5 6 0.028606365 
323 499 3 4 0.028598785 
580 68 9 9 0.028596349 
980 132 35 29 0.028593421 
295 465 6 10 0.028585607 
38 491 8 7 0.02858329 
992 214 22 24 0.028582588 
139 228 9 9 0.028560368 
41 137 11 13 0.028560124 
666 61 19 18 0.028558105 
147 288 40 50 0.02854969 
68 133 8 9 0.028549612 
694 496 86 93 0.028541058 
746 66 8 8 0.028509464 
756 95 5 5 0.028491385 
255 542 7 9 0.028474238 
135 240 7 8 0.028467603 
328 498 4 5 0.028466187 
696 34 10 8 0.0284606 
677 145 9 9 0.028456172 
23 633 11 15 0.02844826 
621 651 7 7 0.028440466 
346 544 5 7 0.028430775 
147 159 5 8 0.028424626 
158 320 22 26 0.028403591 
308 404 22 26 0.028401893 
287 600 7 6 0.02839073 
478 523 9 8 0.028372666 
660 38 5 5 0.02837098 
889 256 10 11 0.028362677 
908 321 8 10 0.028349811 
1001 441 3 5 0.028343106 
607 132 7 7 0.02833907 
77 491 7 6 0.02833523 
231 618 7 8 0.028330013 
601 62 6 7 0.028327122 
149 612 5 9 0.028323757 
901 578 8 10 0.02831814 
37 98 11 16 0.028306035 
593 462 42 62 0.028279442 
224 154 8 6 0.02827888 
635 606 6 7 0.028273314 
317 407 7 9 0.02826754 
77 484 7 7 0.028263079 
813 260 7 7 0.028216658 
322 488 4 4 0.028213961 
1003 534 7 8 0.028209561 
75 226 24 28 0.02818791 
136 465 6 6 0.028185042 
69 149 9 12 0.028177852 
294 616 7 8 0.028171292 
340 591 6 7 0.028170198 
71 162 22 29 0.02816738 
671 540 7 9 0.028166534 
769 164 8 8 0.028161913 
411 353 24 28 0.028149152 
261 69 22 22 0.028147599 
14 537 4 5 0.028127192 
616 522 6 9 0.028114285 
138 583 9 13 0.028103521 
222 672 10 13 0.028101346 
182 328 8 10 0.028088465 
87 217 4 5 0.028085211 
948 263 5 5 0.028063815 
92 133 26 27 0.02806353 
589 188 30 25 0.02806016 
575 119 7 6 0.02804952 
428 357 6 7 0.02804731 
74 61 7 9 0.028043656 
242 535 8 11 0.028036386 
1 361 21 35 0.028032485 
145 591 8 11 0.028021686 
335 430 19 28 0.028015938 
873 227 7 9 0.028012563 
18 561 6 8 0.028005904 
856 217 5 8 0.028000109 
842 124 10 10 0.027999524 
16 83 4 5 0.027992375 
393 196 61 64 0.027990598 
957 448 4 5 0.027965523 
342 535 4 6 0.027963568 
305 399 12 12 0.027959699 
584 128 5 5 0.027944846 
122 529 5 6 0.027944203 
848 256 11 11 0.027909486 
894 549 8 9 0.02787485 
903 234 6 6 0.027873544 
170 92 9 10 0.027862003 
65 517 5 5 0.027859762 
123 255 7 8 0.027855756 
17 585 8 9 0.02784252 
171 140 8 9 0.027837325 
378 646 6 6 0.027836286 
823 295 10 12 0.027834034 
192 240 8 7 0.02783215 
530 221 25 27 0.027827479 
1014 607 10 12 0.027826888 
717 75 5 5 0.027825056 
921 535 6 7 0.02780922 
653 512 3 5 0.027800994 
249 580 8 8 0.027791312 
177 282 9 10 0.027790213 
896 357 7 7 0.027779238 
163 145 4 6 0.027779186 
173 566 8 10 0.02777201 
66 205 5 5 0.02776691 
13 66 8 8 0.0277665 
835 330 11 12 0.027765373 
35 17 4 7 0.027765056 
180 145 6 7 0.027764482 
199 203 6 6 0.027755698 
114 221 8 10 0.027754331 
890 559 9 10 0.027745826 
602 132 7 7 0.027734566 
598 32 3 4 0.027733488 
683 545 10 13 0.027731886 
152 214 8 11 0.027724244 
275 517 15 21 0.027719598 
159 361 8 9 0.027684243 
89 210 6 7 0.027664743 
645 612 7 9 0.027664633 
268 624 8 11 0.027643556 
914 597 9 12 0.027629932 
746 126 11 8 0.027621407 
632 195 27 27 0.027619302 
850 329 9 10 0.027618557 
576 102 5 5 0.02760769 
167 361 6 9 0.027593648 
845 -185 271 168 0.027581522 
217 125 7 8 0.027579661 
826 242 6 6 0.027578857 
182 161 6 11 0.027556567 
685 38 6 5 0.027556084 
165 343 8 9 0.02755287 
318 73 12 9 0.027544804 
927 572 10 12 0.027534982 
83 489 9 9 0.027526602 
79 530 4 5 0.027513623 
830 550 9 11 0.027503325 
926 611 10 12 0.027500087 
15 89 4 4 0.027479306 
919 253 8 8 0.027474182 
121 402 6 6 0.027474105 
934 261 8 7 0.027454847 
620 516 7 9 0.02744961 
792 205 10 11 0.027437232 
862 542 14 14 0.027437093 
383 474 96 95 0.02743489 
728 102 7 6 0.027425457 
148 270 5 5 0.027422203 
888 330 8 7 0.027388504 
608 641 6 6 0.027377678 
641 60 7 9 0.027374743 
686 518 5 7 0.027368383 
136 478 5 6 0.027357304 
183 657 39 42 0.027354132 
127 465 6 8 0.027353192 
77 561 5 6 0.027332548 
821 565 4 5 0.02733107 
681 598 44 54 0.027320871 
192 417 46 50 0.027316477 
827 261 5 7 0.02731637 
313 49 23 22 0.027310327 
299 594 6 7 0.027286585 
715 89 7 6 0.027276136 
192 222 7 8 0.027270023 
516 231 11 13 0.027266767 
96 192 10 12 0.027265389 
990 592 10 12 0.027265187 
33 550 5 6 0.027261488 
351 645 6 6 0.02725863 
993 103 5 4 0.02725709 
602 102 6 5 0.02725619 
690 90 25 21 0.027253794 
277 499 4 6 0.027252395 
308 645 7 8 0.027248722 
43 529 6 9 0.02724835 
132 572 8 9 0.027245004 
671 610 23 23 0.02723463 
269 523 6 8 0.027231125 
565 117 25 25 0.02720641 
142 487 6 6 0.02719715 
705 44 6 5 0.027192771 
288 624 9 10 0.02719196 
670 158 9 9 0.027189445 
361 550 12 14 0.02717962 
71 506 5 5 0.02716715 
593 639 7 6 0.027153589 
72 538 4 5 0.027124383 
926 254 8 8 0.027123313 
766 140 8 8 0.027097855 
306 443 8 9 0.027088758 
286 451 11 17 0.02707405 
812 229 7 7 0.027069103 
701 670 9 11 0.027061291 
129 406 6 7 0.027050085 
913 271 10 12 0.027047109 
889 550 18 18 0.02704287 
37 448 99 132 0.027039096 
937 466 17 22 0.027030624 
292 635 11 12 0.02702362 
677 547 10 11 0.02701664 
76 55 7 9 0.027000945 
425 364 5 6 0.026997449 
225 595 5 6 0.026989985 
86 530 4 6 0.02698815 
164 617 8 8 0.026974848 
620 538 8 11 0.02696858 
627 159 22 19 0.026960036 
695 124 10 10 0.026958719 
935 458 5 7 0.02695641 
215 561 4 6 0.026952216 
15 543 5 6 0.0269293 
1000 542 6 7 0.026922222 
569 95 7 6 0.026921421 
223 548 7 8 0.026919043 
872 234 7 9 0.026918937 
607 107 7 5 0.02691258 
936 529 6 8 0.02691125 
118 268 20 25 0.026910031 
255 122 8 7 0.026909227 
685 75 25 23 0.02690675 
141 260 6 7 0.026895612 
889 616 7 11 0.02688991 
897 342 6 8 0.02688657 
982 484 4 6 0.02687599 
581 61 8 9 0.026874794 
600 554 24 30 0.026869554 
219 167 6 5 0.026869036 
88 484 8 9 0.02685886 
774 64 6 5 0.026856828 
624 72 10 12 0.02685011 
873 488 3 4 0.026846198 
106 566 7 8 0.026843969 
773 145 6 7 0.026843173 
906 240 9 8 0.026837194 
143 377 4 4 0.026826257 
230 652 9 13 0.026824439 
373 364 5 6 0.026824234 
78 513 4 4 0.026822919 
178 203 7 7 0.026817724 
901 572 9 11 0.026815582 
45 534 5 8 0.026812512 
927 299 7 8 0.026809681 
219 350 5 8 0.026797283 
324 70 13 8 0.02679044 
974 372 5 5 0.0267889 
618 87 9 7 0.026781093 
18 99 32 30 0.026778048 
42 155 10 15 0.026770724 
68 591 17 22 0.026765767 
91 218 5 5 0.026762845 
957 278 11 11 0.026759487 
474 370 40 44 0.026756091 
310 656 11 11 0.026755298 
71 478 8 8 0.026750749 
755 79 7 9 0.026747782 
468 158 29 20 0.02673075 
982 479 4 6 0.026726702 
810 221 8 7 0.02671976 
0 326 14 30 0.02671795 
351 650 9 10 0.026714774 
640 66 8 9 0.026710603 
646 617 7 9 0.026707966 
167 322 7 8 0.026700767 
856 154 8 11 0.026692195 
666 39 5 4 0.026690144 
582 55 8 9 0.026681742 
923 464 7 8 0.026673296 
882 530 7 8 0.026670463 
134 517 5 6 0.026667392 
85 498 6 7 0.026658187 
624 264 33 46 0.026649637 
838 255 5 7 0.026649006 
939 510 8 8 0.026647408 
660 640 7 7 0.02664416 
993 645 14 15 0.026643267 
93 258 26 27 0.026642594 
631 125 9 8 0.026637036 
89 566 6 8 0.026628774 
953 260 8 7 0.02662275 
191 377 8 8 0.026615573 
672 26 6 5 0.026605159 
927 227 6 7 0.026602047 
829 479 4 6 0.026597159 
184 228 8 8 0.026593553 
781 64 7 5 0.026589429 
608 62 6 6 0.026584802 
609 103 6 5 0.026584685 
977 99 8 8 0.026578734 
185 151 5 8 0.02657581 
162 243 5 5 0.026574476 
495 211 99 77 0.026573896 
248 518 10 14 0.026567964 
359 402 22 28 0.026558267 
808 649 11 12 0.026530778 
972 567 6 8 0.026518203 
74 518 3 4 0.026514435 
85 599 14 16 0.026505228 
659 25 6 5 0.026502738 
194 307 4 5 0.026494034 
282 507 4 5 0.026493337 
761 144 10 11 0.026492508 
920 657 9 10 0.0264755 
1003 542 7 7 0.026451582 
635 591 13 13 0.026450153 
589 108 5 5 0.02644785 
541 115 5 5 0.026446272 
611 513 17 25 0.026445974 
199 245 7 8 0.0264441 
941 553 7 9 0.02644052 
878 265 12 11 0.026439937 
70 128 6 6 0.026436193 
998 198 22 26 0.026431592 
858 305 6 6 0.026427122 
159 606 7 8 0.02641903 
940 382 7 8 0.026413167 
930 590 11 13 0.026402967 
133 529 6 8 0.02640193 
596 127 7 5 0.026400916 
544 191 27 29 0.026382789 
960 155 5 5 0.026373614 
1000 414 4 6 0.026356505 
644 98 10 11 0.026341593 
325 186 52 41 0.026331771 
6 82 5 6 0.02633131 
927 602 10 12 0.026328467 
654 76 22 24 0.026327493 
966 615 9 11 0.0263267 
661 532 38 50 0.026326519 
140 248 6 6 0.02631965 
86 228 5 5 0.026305832 
157 249 5 6 0.026292289 
484 426 30 29 0.026290452 
647 495 5 9 0.026282957 
755 86 7 8 0.02628108 
945 351 23 23 0.02627823 
263 517 6 7 0.026267378 
567 109 4 5 0.026256606 
222 627 10 13 0.02625434 
841 262 4 6 0.02624803 
166 607 8 7 0.02623374 
655 645 7 6 0.02623356 
296 581 6 7 0.026231306 
331 214 55 55 0.026228005 
199 280 6 8 0.026224125 
849 234 6 7 0.026220225 
739 130 14 12 0.02621709 
714 169 11 12 0.026215136 
172 80 7 8 0.026205681 
548 63 45 39 0.026195692 
14 12 5 6 0.026185343 
270 499 5 6 0.02618016 
11 495 8 8 0.026173575 
497 62 23 23 0.026171923 
925 267 10 10 0.026169105 
601 121 8 7 0.026165877 
618 80 10 9 0.026160069 
261 567 7 8 0.026159214 
658 611 6 8 0.026145346 
407 336 26 31 0.02613951 
902 344 6 7 0.026137527 
220 510 4 6 0.026135562 
168 479 7 10 0.026129007 
248 62 102 72 0.026123198 
902 319 7 8 0.026122682 
464 428 33 32 0.026105674 
162 171 5 7 0.026104426 
78 192 5 6 0.026100468 
886 273 10 8 0.02610034 
83 185 19 21 0.026098335 
172 247 8 8 0.026092721 
844 388 8 9 0.026090948 
833 217 5 6 0.026090402 
147 281 5 6 0.026087308 
845 302 21 23 0.026080552 
94 575 12 14 0.026071606 
851 184 7 7 0.026065225 
166 171 5 7 0.02605818 
570 103 5 5 0.026054852 
152 397 9 11 0.02604625 
607 68 8 9 0.026041823 
172 327 10 13 0.026037324 
313 492 92 80 0.026030414 
58 545 4 5 0.026029041 
589 55 6 7 0.026026659 
134 260 6 6 0.026024826 
84 537 4 5 0.026022492 
709 169 10 11 0.02601582 
893 571 9 12 0.026015168 
134 533 6 9 0.026008354 
66 191 5 6 0.02599772 
888 278 10 7 0.025994785 
735 107 7 6 0.025986578 
611 649 8 8 0.025979146 
392 376 5 6 0.025977988 
629 33 4 3 0.025971346 
633 649 7 9 0.025968643 
954 144 7 8 0.02596745 
276 557 5 6 0.02596705 
147 172 6 8 0.02596247 
675 80 47 42 0.025961185 
102 554 7 7 0.02595709 
877 293 6 7 0.025945997 
128 240 6 8 0.025941702 
42 633 10 14 0.025920661 
979 539 7 9 0.025914082 
612 489 20 31 0.025909066 
217 530 6 7 0.02590435 
87 201 9 10 0.025895346 
747 101 8 7 0.025892893 
691 37 7 5 0.02586974 
873 494 4 5 0.025856698 
7 543 5 6 0.025855511 
940 529 6 8 0.025852531 
908 338 5 6 0.025845086 
858 181 8 10 0.025831908 
915 349 6 7 0.025830684 
120 643 8 12 0.025828063 
273 30 24 23 0.025826233 
799 156 7 9 0.025825705 
602 194 28 25 0.025825083 
932 666 22 21 0.025811896 
311 55 10 8 0.02581135 
832 479 35 45 0.025799038 
162 343 20 24 0.025794934 
396 579 8 9 0.025791386 
243 588 7 5 0.0257857 
866 346 11 15 0.025783902 
217 534 6 8 0.02578181 
680 560 8 9 0.02577581 
217 132 7 7 0.02576609 
519 645 6 7 0.0257616 
86 235 5 6 0.025754541 
109 293 5 6 0.02574875 
227 521 21 22 0.02573605 
224 157 9 7 0.025734285 
407 247 29 34 0.025733 
205 337 7 9 0.025731627 
358 541 26 22 0.025730658 
72 471 6 8 0.025729029 
323 529 6 7 0.025727492 
135 287 5 7 0.025725521 
960 567 6 9 0.025723143 
149 253 21 26 0.025713868 
114 226 9 11 0.025709558 
899 317 41 48 0.02570773 
179 198 23 21 0.025704578 
914 639 7 9 0.02570309 
769 169 8 10 0.025699262 
291 660 11 13 0.025698565 
677 128 27 24 0.02569293 
680 655 13 13 0.02568764 
863 164 6 8 0.025676468 
769 94 6 6 0.025671953 
676 118 9 9 0.025670802 
181 190 5 8 0.02567016 
167 374 8 11 0.025657902 
71 171 8 10 0.02565681 
136 292 6 7 0.025646893 
720 99 9 9 0.025644245 
818 478 7 12 0.025635762 
206 244 6 9 0.025623634 
941 429 5 6 0.025620507 
991 381 7 8 0.025619281 
200 264 18 25 0.025616707 
651 23 7 6 0.025604203 
14 530 4 5 0.025601754 
327 646 8 7 0.02560107 
874 545 10 11 0.025600392 
846 398 38 44 0.025596628 
531 228 7 8 0.025594786 
72 223 5 5 0.025592307 
281 94 25 24 0.025590967 
315 587 5 7 0.025576646 
614 450 38 57 0.025573565 
215 529 4 7 0.025571879 
986 109 6 5 0.025562322 
203 324 7 9 0.02555817 
843 228 6 8 0.025550537 
890 284 11 10 0.025548909 
360 544 6 7 0.025534106 
183 252 10 10 0.025533214 
208 208 5 6 0.025530836 
222 335 19 31 0.02551664 
695 176 12 11 0.025516152 
801 208 10 8 0.025512328 
235 641 9 12 0.025506673 
262 82 22 21 0.025499472 
843 246 7 8 0.02549033 
66 221 24 25 0.025489196 
744 82 7 7 0.025483143 
145 439 10 10 0.025482194 
-7 -181 63 145 0.025481097 
130 524 5 6 0.025480514 
852 493 5 6 0.025476038 
851 169 7 8 0.025474772 
555 179 12 12 0.025472367 
782 81 6 6 0.025470633 
8 127 191 214 0.025461024 
78 465 6 8 0.025457846 
176 569 11 13 0.025455967 
456 176 14 13 0.02544556 
926 303 8 10 0.02543954 
677 640 13 14 0.025436284 
543 170 31 27 0.02543505 
183 278 7 8 0.025428018 
530 67 22 25 0.025427885 
870 264 9 10 0.025422702 
680 540 7 9 0.025414987 
597 88 6 7 0.02540956 
117 587 17 26 0.02540912 
955 153 5 6 0.02540874 
77 668 24 27 0.025399212 
372 302 80 80 0.025391908 
819 472 5 10 0.0253896 
464 179 13 12 0.025387665 
170 97 9 11 0.025383234 
400 217 23 26 0.025378823 
159 190 7 10 0.02537538 
876 248 7 8 0.025375245 
337 233 8 10 0.025372574 
585 74 9 10 0.025371335 
380 614 4 5 0.025367055 
170 571 10 11 0.025359582 
598 68 9 10 0.025355197 
709 38 7 5 0.025354968 
387 229 28 28 0.02534638 
566 115 5 4 0.025342735 
323 474 3 4 0.025339182 
269 587 6 6 0.025338741 
616 529 6 9 0.025338354 
223 125 8 8 0.02533269 
205 350 6 7 0.025331654 
501 160 28 24 0.02531546 
973 127 5 6 0.02531447 
77 234 6 6 0.02531433 
78 248 5 6 0.025313469 
209 337 7 9 0.025308907 
601 529 18 23 0.025301185 
6 89 5 6 0.025300497 
138 493 8 10 0.025293931 
696 156 23 24 0.025284393 
88 490 8 9 0.025271127 
916 345 5 7 0.025269302 
221 171 8 7 0.025267223 
609 472 20 34 0.025250817 
315 565 5 8 0.025247836 
838 532 10 10 0.025245665 
288 587 6 6 0.025233593 
108 227 8 11 0.025222007 
188 208 10 9 0.025216736 
649 550 3 5 0.02521055 
207 598 12 13 0.025207106 
643 590 21 26 0.025203569 
767 155 8 9 0.025202729 
165 249 22 24 0.025201516 
309 576 4 6 0.02520134 
633 477 6 10 0.02519863 
63 56 8 9 0.025198372 
640 607 6 6 0.025196848 
850 367 7 8 0.02519286 
779 166 5 5 0.025192808 
179 324 7 10 0.02518944 
325 48 9 9 0.025182659 
293 457 7 9 0.025152335 
260 37 24 22 0.025150219 
692 540 6 8 0.025148587 
202 329 8 9 0.025148382 
108 220 8 10 0.025144009 
162 163 6 8 0.025143439 
270 555 6 7 0.025137825 
181 591 19 22 0.025136264 
128 268 6 6 0.025133312 
136 486 5 6 0.025132116 
650 543 4 5 0.025127469 
531 349 30 25 0.025107969 
826 189 7 8 0.0251046 
230 505 5 7 0.025101928 
582 48 7 7 0.025100878 
13 511 6 7 0.025098907 
210 265 6 11 0.025092594 
569 32 5 6 0.025090517 
345 544 51 44 0.025085257 
664 576 44 54 0.025083398 
837 40 92 102 0.025082799 
1001 566 10 10 0.025080163 
34 561 6 9 0.025073212 
63 666 22 26 0.02507237 
629 115 6 5 0.025071861 
168 544 23 25 0.02506724 
811 516 43 52 0.0250672 
900 246 9 9 0.025060646 
409 377 7 7 0.02505735 
987 102 5 5 0.0250405 
929 530 6 7 0.02503039 
924 460 5 7 0.025029698 
895 288 22 25 0.025022462 
614 107 6 6 0.025016926 
32 72 9 8 0.025013434 
200 535 5 9 0.025005482 
768 112 8 8 0.024996381 
583 120 6 7 0.02499213 
781 145 7 6 0.024991712 
178 292 8 10 0.02498971 
19 138 37 57 0.024985291 
665 145 30 27 0.024981847 
128 215 7 8 0.024971135 
281 532 7 10 0.024969732 
212 325 7 8 0.024965314 
768 63 6 6 0.02496264 
653 38 6 5 0.024962196 
103 192 5 7 0.024958972 
787 145 7 7 0.024956938 
595 134 7 5 0.024956122 
121 278 8 9 0.02495025 
638 158 28 21 0.024944674 
759 80 8 8 0.024939522 
480 644 8 8 0.024929646 
670 501 2 4 0.024929302 
402 586 7 8 0.024927536 
311 76 11 8 0.024917897 
844 493 6 7 0.024917638 
518 240 9 10 0.024914697 
177 489 21 35 0.024913305 
61 583 9 12 0.024912514 
672 635 26 24 0.024910193 
269 100 23 19 0.024903094 
908 331 6 7 0.024886575 
948 483 7 8 0.024883335 
138 201 10 12 0.024876453 
895 273 9 8 0.024874428 
426 539 22 25 0.024846338 
872 223 6 7 0.024841314 
966 535 7 7 0.02483853 
742 95 6 5 0.02483354 
172 319 6 8 0.024830377 
150 604 7 10 0.024805421 
824 235 5 6 0.024803137 
357 405 11 15 0.024799187 
173 341 7 9 0.024788832 
174 178 5 6 0.024785964 
631 118 8 8 0.024782332 
357 397 9 14 0.024781922 
197 606 8 9 0.024774067 
1019 204 5 6 0.024772849 
175 554 7 9 0.024759319 
846 189 6 7 0.024754472 
17 632 12 15 0.024750276 
862 305 6 6 0.024740763 
775 95 5 6 0.024736565 
204 307 6 6 0.024730744 
876 189 8 9 0.024725819 
786 93 8 7 0.024720892 
939 253 8 8 0.02472008 
937 428 4 6 0.024719339 
90 190 6 8 0.024715705 
105 293 4 5 0.024712533 
365 524 25 26 0.024703123 
942 667 26 21 0.02470133 
97 216 6 7 0.024696175 
532 235 6 8 0.02469153 
862 387 9 10 0.024691202 
5 30 6 7 0.024676543 
612 612 6 7 0.02467557 
958 107 8 9 0.024671024 
-104 -26 383 325 0.024655966 
957 627 12 17 0.024650412 
837 366 7 9 0.024643488 
179 196 6 7 0.02464052 
392 564 20 27 0.024639292 
967 163 6 8 0.024638675 
635 574 22 25 0.024638303 
797 547 39 55 0.02463588 
828 267 5 6 0.02463588 
694 111 13 13 0.024635749 
125 178 4 7 0.02462438 
871 196 7 9 0.024622124 
112 669 8 10 0.02461596 
641 554 7 9 0.024608247 
317 437 8 10 0.024608085 
835 479 3 5 0.024602572 
317 399 7 10 0.02460145 
139 220 7 9 0.02459702 
857 196 7 8 0.02459531 
605 613 4 6 0.024591696 
247 554 23 25 0.024590604 
109 233 7 10 0.024583457 
458 185 12 14 0.024581568 
459 526 11 10 0.024581421 
239 553 11 13 0.024579322 
152 376 10 14 0.024579313 
205 300 5 5 0.02457833 
183 613 19 18 0.024577362 
317 506 3 4 0.02457123 
202 193 5 5 0.024570795 
96 542 6 7 0.02457041 
246 126 21 17 0.024564063 
959 296 9 12 0.024561347 
325 648 11 12 0.024560466 
66 210 5 5 0.024559328 
325 516 3 5 0.024558624 
255 553 8 10 0.02455731 
828 272 6 7 0.024555618 
344 29 24 23 0.02455213 
921 260 7 7 0.024549948 
806 198 6 5 0.024536664 
696 29 11 9 0.024534428 
858 241 7 8 0.02453068 
131 230 20 22 0.02452962 
849 334 9 11 0.024528217 
110 267 82 101 0.024525978 
192 148 75 90 0.024520928 
905 657 4 6 0.024514683 
555 213 10 13 0.024512589 
7 77 5 5 0.024491757 
948 473 6 8 0.024487069 
169 473 4 7 0.024486916 
955 458 6 7 0.024476979 
115 211 5 7 0.024470638 
735 95 7 6 0.02446007 
861 550 13 14 0.02445981 
677 652 27 27 0.024447225 
119 652 8 11 0.02444517 
274 642 10 12 0.024428813 
735 82 7 7 0.024421608 
146 220 9 10 0.024420924 
487 440 34 33 0.024419818 
148 321 8 9 0.024416031 
708 162 9 10 0.024410862 
774 138 8 8 0.024409534 
980 531 5 6 0.024397518 
858 376 7 9 0.024389802 
666 30 6 5 0.024382818 
387 681 12 9 0.024372147 
855 354 9 11 0.024365414 
277 516 6 7 0.024348443 
140 285 7 8 0.024341786 
290 512 3 4 0.024339814 
343 439 8 13 0.02431333 
113 238 10 11 0.02431169 
394 345 12 16 0.024304835 
285 646 12 13 0.024289519 
920 293 7 7 0.02427731 
639 126 8 8 0.024275368 
317 70 26 21 0.024268713 
675 524 60 88 0.024257751 
142 219 20 23 0.02424311 
666 547 19 25 0.024242647 
72 71 26 31 0.024241572 
654 611 6 7 0.024213616 
817 267 6 7 0.024211386 
827 332 6 8 0.024210522 
84 462 22 26 0.02421043 
154 355 7 10 0.02420899 
845 255 7 7 0.024203056 
781 100 6 6 0.02419214 
121 209 6 8 0.024191864 
65 236 7 7 0.024191795 
971 285 8 9 0.024188656 
940 262 7 6 0.024180548 
640 645 7 6 0.024178443 
40 534 6 8 0.024171634 
11 598 8 11 0.0241689 
28 605 11 17 0.024164172 
626 655 7 9 0.02415107 
681 530 6 7 0.024147063 
630 214 20 31 0.024147024 
839 245 6 8 0.024146836 
901 610 8 12 0.024143154 
1003 374 22 24 0.02414286 
787 139 7 7 0.024140693 
829 554 5 7 0.024135508 
213 556 4 5 0.024128042 
170 324 19 25 0.024125248 
120 268 7 6 0.024123449 
933 475 7 11 0.024122952 
174 172 5 6 0.024120785 
654 99 24 25 0.024119444 
663 81 24 25 0.024118097 
166 105 7 8 0.024116132 
921 474 9 12 0.024111293 
1 568 7 8 0.024110444 
934 253 8 8 0.024100384 
580 73 9 9 0.024083074 
104 404 5 4 0.024079168 
602 108 6 5 0.024077766 
17 642 10 12 0.024071474 
929 176 7 10 0.024063284 
665 24 7 6 0.024045194 
205 178 6 6 0.024039594 
415 382 7 7 0.024034187 
600 88 7 6 0.024028044 
632 94 8 9 0.024020256 
899 253 10 10 0.024015207 
15 96 4 4 0.024012597 
429 515 24 24 0.024001969 
159 229 6 8 0.024000946 
155 277 7 9 0.023991808 
781 77 6 5 0.023986261 
158 220 7 10 0.023983972 
188 213 10 11 0.023983613 
647 38 5 5 0.023981638 
205 271 7 11 0.02397992 
900 323 8 9 0.023974964 
321 492 4 5 0.023965701 
863 241 8 9 0.023964439 
556 190 10 9 0.023961863 
924 344 6 8 0.023960352 
568 62 8 10 0.02395918 
817 273 7 9 0.023954002 
1017 105 7 10 0.023947228 
263 605 19 21 0.02394535 
142 189 8 10 0.023939919 
109 403 5 5 0.023935068 
-18 369 67 150 0.023934426 
894 533 8 10 0.023933135 
158 214 7 10 0.023927854 
645 505 33 48 0.02391967 
959 542 7 9 0.023918914 
609 492 5 7 0.023896502 
115 262 7 6 0.023895279 
640 119 7 7 0.023888731 
876 208 8 8 0.023887062 
919 248 8 8 0.02388689 
927 259 8 8 0.023886278 
451 349 81 87 0.023884255 
645 107 8 8 0.02388107 
734 55 9 7 0.023875905 
640 616 7 10 0.023875462 
738 124 11 8 0.023875307 
691 552 9 12 0.023872038 
843 241 7 9 0.023870168 
729 50 7 5 0.023867773 
136 472 6 6 0.023850761 
53 544 4 5 0.023846414 
410 581 6 7 0.023843013 
358 534 7 8 0.02382544 
939 453 6 7 0.023822213 
634 31 5 4 0.023816824 
428 363 5 8 0.023809431 
880 518 21 22 0.023806836 
799 132 8 7 0.0237987 
299 448 7 9 0.02379588 
163 659 20 22 0.023782859 
943 614 19 23 0.023781458 
939 277 10 10 0.023775514 
589 497 5 9 0.023768099 
838 232 8 10 0.023760295 
339 430 7 12 0.023757614 
165 271 23 26 0.023754306 
909 533 7 10 0.023754135 
632 468 8 13 0.023747044 
172 207 8 10 0.023744993 
152 206 9 12 0.023743987 
924 339 6 6 0.023743354 
200 306 6 5 0.023737947 
72 52 21 27 0.023735713 
163 277 10 12 0.02373179 
32 529 6 7 0.02373128 
670 163 10 9 0.02372752 
603 640 5 5 0.02372632 
562 182 11 10 0.023724517 
164 335 8 9 0.023722889 
935 509 6 7 0.023722852 
198 368 7 9 0.023721475 
679 32 5 5 0.023719378 
562 126 6 6 0.023714118 
850 225 7 10 0.023712872 
837 361 7 9 0.023709456 
691 546 8 10 0.023707334 
615 515 7 10 0.023701908 
895 318 8 8 0.023697222 
147 312 7 7 0.023693603 
8 536 4 6 0.023688432 
899 272 11 10 0.023681317 
141 516 4 7 0.023680275 
822 642 9 10 0.02366639 
748 95 7 6 0.023659173 
155 241 6 7 0.02365785 
199 455 27 30 0.0236572 
951 266 9 9 0.023648066 
334 458 5 9 0.02364379 
373 368 5 7 0.023642117 
921 222 7 7 0.023636814 
851 177 7 8 0.023636598 
658 59 45 45 0.023631379 
138 183 4 8 0.023625484 
776 13 428 410 0.023612617 
165 463 6 9 0.023611559 
531 202 8 10 0.023610989 
206 551 4 5 0.023592735 
364 579 6 8 0.023590095 
596 140 6 5 0.023572646 
941 476 7 9 0.023564983 
186 376 6 7 0.023564938 
111 452 7 6 0.023559883 
966 478 6 8 0.023558298 
889 241 10 11 0.02355817 
261 582 6 7 0.023557115 
636 577 12 13 0.023552334 
116 467 5 7 0.023549097 
149 558 9 14 0.023540026 
748 106 7 7 0.023530984 
957 271 11 9 0.023528699 
44 196 6 6 0.023527132 
673 549 6 7 0.023523869 
95 551 5 5 0.023521006 
708 157 8 9 0.023515701 
590 103 5 5 0.023512596 
400 359 13 13 0.023507472 
144 384 4 5 0.023500353 
641 275 19 28 0.023497054 
868 395 11 12 0.023494028 
197 363 8 8 0.023493707 
437 506 30 24 0.023493364 
180 442 74 96 0.02348792 
818 197 9 8 0.023469154 
171 265 8 10 0.02346388 
276 103 12 11 0.023461167 
633 39 5 5 0.023459075 
749 145 21 26 0.02345463 
7 524 4 5 0.02345057 
754 171 9 14 0.023450473 
79 224 4 5 0.02344947 
152 486 5 7 0.023447208 
338 176 22 26 0.023443008 
160 101 5 6 0.023439 
985 602 9 12 0.023438906 
71 195 20 23 0.023438537 
626 528 7 9 0.023437383 
927 470 16 22 0.023436725 
596 120 7 7 0.023428863 
649 655 8 10 0.023425033 
119 249 22 24 0.023418583 
146 674 6 10 0.02341567 
102 583 10 15 0.023412438 
50 162 8 10 0.02341151 
144 372 3 4 0.023406347 
279 74 10 8 0.02340261 
59 516 5 6 0.02339882 
761 87 6 7 0.023396892 
1019 209 5 7 0.023395533 
200 286 6 7 0.023387905 
80 471 9 10 0.023386223 
52 197 5 6 0.023385076 
246 618 11 11 0.023384506 
646 631 8 8 0.023383139 
974 159 5 7 0.023383133 
372 236 21 29 0.023382576 
844 367 6 7 0.023381734 
167 247 6 7 0.023377223 
517 67 23 25 0.023374585 
343 356 10 14 0.023372034 
789 167 4 5 0.023370625 
645 450 36 45 0.023370614 
133 649 9 11 0.023367517 
165 131 6 8 0.023359776 
787 87 8 7 0.023357138 
217 517 5 7 0.023355937 
620 108 6 5 0.02335243 
159 323 8 8 0.023350157 
819 224 6 5 0.023349117 
920 572 9 10 0.023348117 
836 139 8 8 0.023346845 
735 49 9 7 0.023345355 
940 375 6 8 0.023342019 
300 677 7 9 0.02334197 
264 511 5 5 0.02333849 
558 127 6 5 0.02333805 
155 293 6 8 0.023336628 
191 625 17 20 0.023333246 
179 362 7 9 0.023331834 
206 277 7 9 0.023316624 
788 69 6 6 0.023311492 
140 255 6 6 0.02330687 
77 568 6 8 0.023294073 
299 657 8 9 0.023290563 
78 230 5 5 0.023286603 
683 104 11 11 0.02328449 
648 640 5 5 0.0232841 
63 182 8 8 0.023282625 
656 576 9 12 0.023276372 
415 377 6 6 0.023274997 
257 523 19 25 0.023270175 
318 55 9 8 0.023270104 
126 491 7 8 0.023262687 
901 241 8 7 0.023262037 
50 517 6 7 0.02325975 
339 365 21 24 0.023259195 
639 496 18 29 0.023257984 
104 288 5 5 0.023255374 
-7 -16 75 108 0.023252549 
973 599 7 9 0.02325214 
637 526 9 10 0.023248563 
639 114 7 7 0.023245908 
373 356 5 6 0.023245163 
109 287 5 6 0.023239337 
216 604 8 8 0.02323265 
98 282 5 5 0.023229094 
589 134 6 6 0.023226209 
131 389 4 5 0.023222128 
145 212 9 12 0.023221822 
972 572 7 9 0.02321676 
143 158 4 9 0.023213852 
707 108 12 13 0.023213806 
948 466 5 6 0.023205394 
-3 639 59 174 0.023205094 
857 360 7 9 0.023200614 
903 350 5 6 0.023188816 
398 565 8 11 0.023188163 
1002 575 12 14 0.023179367 
986 376 5 6 0.023177614 
203 318 7 7 0.023177065 
624 523 20 24 0.023176404 
901 616 10 12 0.023175735 
428 376 7 7 0.023174811 
199 548 4 7 0.02317477 
21 556 4 5 0.023174733 
883 293 7 8 0.023169562 
271 511 4 5 0.023168294 
769 176 8 8 0.023167705 
292 67 9 9 0.023161719 
162 624 7 8 0.023157202 
627 513 7 11 0.023155728 
25 568 5 7 0.023154112 
286 67 9 9 0.023152497 
631 395 12 20 0.023137892 
191 265 8 10 0.023135396 
648 487 65 92 0.023125732 
652 632 8 7 0.023122603 
976 121 31 27 0.023122102 
723 81 7 7 0.023118468 
592 33 3 4 0.023103971 
894 265 10 9 0.023099225 
807 177 7 7 0.02309577 
631 72 9 11 0.023086982 
116 390 6 6 0.023081968 
199 356 7 8 0.023081517 
620 115 7 5 0.023078755 
122 408 6 6 0.023078112 
189 256 9 11 0.023077967 
668 150 9 9 0.023066893 
829 337 11 13 0.023063673 
682 85 11 11 0.023063047 
632 101 8 8 0.02306144 
59 197 5 5 0.023051333 
463 167 16 14 0.02305056 
1006 108 5 5 0.023049321 
862 311 6 6 0.023048965 
863 158 6 8 0.023047537 
50 499 6 6 0.0230399 
843 162 9 9 0.023037199 
663 111 24 23 0.023033433 
855 392 11 13 0.023033112 
700 633 6 6 0.02302898 
617 123 11 9 0.023025585 
100 285 21 23 0.023025246 
8 70 6 5 0.023022704 
965 272 8 9 0.023022063 
581 86 9 8 0.023017302 
632 66 22 24 0.023014963 
637 86 20 24 0.02301226 
177 355 7 8 0.023009453 
798 213 11 9 0.023004757 
247 479 20 26 0.023000417 
159 176 5 8 0.022998666 
992 376 7 7 0.02299818 
578 33 4 4 0.022998175 
1009 572 10 11 0.022993509 
895 208 8 7 0.022990847 
729 56 7 6 0.022988534 
183 267 9 9 0.02297913 
152 182 7 10 0.022971703 
86 628 14 16 0.022968236 
69 47 9 12 0.022967482 
983 206 24 24 0.022966031 
888 337 7 7 0.022964416 
128 278 20 23 0.022962455 
464 516 12 10 0.022953121 
668 137 11 11 0.022944579 
122 516 5 6 0.022936082 
857 188 8 9 0.022929644 
517 87 23 25 0.02292633 
678 566 11 12 0.022922877 
188 589 10 13 0.02292177 
586 68 8 7 0.022919571 
200 531 5 7 0.022917982 
862 150 8 9 0.022917075 
548 194 10 12 0.022907231 
641 548 5 6 0.02290635 
195 586 12 15 0.022896051 
663 82 11 12 0.02288744 
629 466 40 51 0.022885986 
912 618 8 9 0.022880191 
385 358 5 6 0.022872912 
914 321 8 11 0.022870693 
325 63 9 6 0.022865575 
203 561 6 7 0.02286245 
296 575 5 6 0.02285789 
717 82 6 6 0.0228517 
906 297 20 23 0.022851484 
640 92 9 12 0.022850221 
690 118 10 9 0.02284077 
528 516 20 24 0.022839427 
311 80 11 9 0.022835266 
838 386 8 10 0.022824699 
141 511 5 7 0.02282327 
186 119 5 7 0.022817517 
28 62 25 25 0.022815974 
743 86 7 8 0.022815455 
92 228 5 7 0.0228152 
905 621 11 13 0.022810116 
621 596 20 26 0.022791877 
0 593 6 9 0.022791848 
893 278 13 12 0.022785962 
147 664 5 7 0.022781314 
147 261 5 6 0.022779226 
422 357 7 7 0.022778587 
931 454 4 6 0.02277629 
142 205 12 14 0.02276179 
958 145 6 7 0.022759456 
953 487 8 10 0.022756586 
557 85 25 25 0.022752117 
587 62 7 8 0.022746233 
629 532 37 50 0.022741929 
480 182 31 30 0.022738915 
217 138 7 7 0.02273875 
896 578 8 10 0.02273837 
549 67 9 9 0.022735046 
355 557 10 13 0.022729376 
85 209 5 7 0.02272742 
222 132 8 8 0.022723231 
113 413 9 8 0.02272313 
939 622 42 42 0.022713162 
857 227 6 9 0.022712404 
465 48 23 24 0.022708671 
52 536 5 6 0.022703312 
574 61 8 10 0.022701893 
665 119 7 7 0.022698116 
544 676 7 7 0.02269764 
114 253 8 8 0.022694219 
967 531 5 6 0.022692077 
91 289 4 4 0.022689572 
39 18 4 6 0.022686316 
876 349 24 23 0.022685988 
122 414 7 7 0.022680877 
565 42 5 7 0.022678694 
837 379 21 25 0.022674698 
82 464 7 8 0.022674298 
831 241 7 8 0.02267394 
122 491 6 9 0.022671482 
869 189 7 8 0.022670405 
316 -185 501 266 0.022664726 
311 452 9 9 0.022655124 
606 121 8 6 0.022654008 
787 75 6 6 0.022653976 
838 190 7 7 0.022646135 
305 61 9 8 0.022644825 
953 127 9 9 0.022642566 
225 280 4 6 0.022639053 
649 212 56 45 0.022628589 
978 567 7 9 0.022625223 
173 253 8 8 0.02261327 
798 196 7 6 0.022613227 
648 606 6 7 0.022601321 
338 404 9 12 0.022598205 
687 110 13 14 0.022598205 
674 129 11 11 0.02259695 
151 197 10 16 0.022595067 
971 560 7 9 0.022589872 
152 412 10 12 0.022586571 
308 536 6 7 0.022578327 
867 246 9 11 0.022576403 
1009 567 9 9 0.022574587 
701 621 4 6 0.022571458 
621 640 6 5 0.022570727 
385 613 5 6 0.022570116 
134 453 9 7 0.022567749 
124 291 9 12 0.022566177 
1005 363 8 7 0.022565555 
620 508 7 11 0.022562232 
157 305 10 11 0.022561083 
652 107 8 8 0.022559557 
128 286 7 8 0.022557924 
966 389 6 7 0.022554968 
178 669 11 12 0.022552157 
50 118 30 26 0.022550449 
41 58 4 5 0.02254363 
99 481 13 15 0.022543138 
122 384 5 6 0.022539662 
943 661 11 11 0.022533884 
78 217 4 5 0.022532692 
72 217 5 5 0.02253107 
414 356 9 9 0.022530923 
921 311 6 8 0.022528373 
678 553 9 11 0.022526976 
736 63 7 5 0.022526387 
844 260 7 6 0.022521585 
806 667 8 9 0.022517148 
797 192 6 6 0.022516526 
749 75 6 7 0.02251496 
331 48 9 9 0.022510646 
140 585 18 24 0.022506075 
122 285 7 8 0.022504862 
70 464 8 9 0.022496035 
949 253 7 7 0.022495126 
889 189 7 8 0.02249193 
970 279 8 9 0.022488134 
686 636 27 29 0.022484366 
318 681 11 9 0.022480438 
877 324 6 6 0.02247902 
890 216 8 8 0.022476459 
48 31 4 6 0.02246898 
402 571 8 11 0.02246897 
881 305 8 8 0.022468677 
287 88 8 6 0.022466926 
64 223 6 6 0.022466445 
603 139 6 6 0.022466114 
697 516 10 14 0.022465121 
209 362 8 11 0.022462266 
4 591 10 10 0.022461608 
546 153 15 11 0.022461535 
5 578 18 20 0.022459228 
468 406 27 29 0.02245835 
140 149 6 11 0.022457115 
614 134 60 47 0.022453444 
54 136 14 12 0.022450967 
53 602 18 21 0.022449527 
106 376 23 24 0.022448085 
910 620 19 25 0.022446567 
531 574 6 8 0.022444014 
707 462 41 52 0.022443455 
820 569 4 6 0.022437304 
870 253 7 8 0.022435663 
952 669 11 10 0.022422312 
681 617 9 9 0.022419007 
6 51 48 48 0.02241775 
1017 215 6 9 0.022414787 
973 121 6 6 0.022413587 
158 288 21 26 0.022405317 
531 221 6 8 0.022402301 
240 137 22 20 0.022400567 
973 132 7 8 0.022394441 
953 566 7 9 0.022385934 
595 146 26 27 0.022383055 
286 82 9 7 0.022381872 
133 406 7 8 0.022377238 
936 422 4 5 0.022368137 
146 231 9 11 0.022367831 
829 474 3 5 0.022345163 
913 647 9 10 0.022336857 
729 94 7 7 0.022334544 
854 253 9 10 0.022325037 
337 227 7 8 0.022324594 
947 433 5 6 0.02231259 
818 259 6 7 0.022311792 
560 110 4 4 0.022305317 
66 530 5 6 0.022297213 
213 159 21 18 0.022294644 
536 20 23 20 0.022293292 
1017 634 10 12 0.022292804 
117 377 6 5 0.02229179 
218 141 22 19 0.022285242 
119 287 17 23 0.022284256 
641 640 6 5 0.0222842 
356 550 24 26 0.022278989 
147 255 5 6 0.02227851 
138 297 9 9 0.022275914 
417 268 14 17 0.022275332 
399 556 19 25 0.022267014 
965 139 8 9 0.022256374 
1003 583 11 12 0.022254722 
864 265 7 9 0.022252657 
707 163 23 24 0.022249522 
384 233 6 8 0.02223986 
149 351 5 6 0.022232052 
106 193 7 12 0.02223109 
63 176 8 9 0.022230905 
51 41 24 32 0.022230191 
97 288 4 4 0.022222271 
442 425 94 76 0.022217011 
215 545 5 5 0.022210976 
200 171 6 7 0.022207767 
806 144 7 7 0.02220491 
330 461 4 7 0.0221844 
939 575 14 19 0.022182936 
335 407 5 8 0.022181768 
207 261 6 8 0.022181448 
215 524 4 5 0.02217939 
895 542 7 7 0.022178963 
201 301 5 5 0.022174273 
148 286 6 6 0.022172458 
773 75 7 7 0.02216608 
195 568 15 19 0.022165028 
748 113 7 7 0.022164796 
871 182 6 9 0.022163395 
946 106 7 6 0.022162756 
872 164 5 8 0.022156121 
718 44 6 5 0.022153549 
643 93 23 24 0.022138359 
332 561 6 8 0.0221378 
643 136 13 12 0.022134634 
890 202 8 8 0.022132145 
97 186 5 5 0.022130707 
7 8 4 4 0.022117661 
152 232 8 10 0.0221145 
993 573 7 10 0.02211031 
991 651 25 23 0.022106752 
625 522 7 10 0.022106748 
627 496 7 10 0.022104586 
641 544 4 6 0.022100547 
112 406 21 21 0.022097638 
340 645 6 6 0.022093924 
269 517 5 6 0.022093723 
922 235 6 7 0.022093536 
138 178 4 6 0.022092862 
992 393 8 10 0.022092707 
485 523 8 7 0.022088498 
994 367 23 22 0.02208459 
794 140 7 7 0.022078777 
973 530 6 7 0.022073315 
930 554 8 10 0.022066515 
824 540 18 26 0.022064941 
843 550 12 15 0.022062108 
44 169 8 10 0.02206196 
882 254 7 8 0.022059616 
832 196 7 8 0.02205899 
211 568 5 7 0.022057543 
804 203 7 7 0.022056462 
95 191 18 24 0.022054745 
133 405 22 24 0.022054158 
961 389 5 6 0.022051018 
193 364 7 7 0.022050396 
138 230 69 84 0.022049122 
721 95 8 7 0.02204528 
140 188 17 21 0.022043101 
971 648 10 13 0.022041576 
200 223 5 7 0.02203992 
690 125 10 8 0.022039823 
202 647 12 14 0.022028614 
142 387 19 24 0.022023832 
316 487 3 4 0.022023102 
436 527 7 7 0.022020433 
148 151 5 8 0.022019824 
825 196 7 8 0.02201835 
274 583 7 6 0.022016697 
589 115 5 5 0.022011595 
676 125 10 9 0.022010345 
280 95 8 6 0.022005426 
126 276 8 11 0.022003353 
4 583 11 12 0.02200323 
45 189 6 8 0.022002386 
863 367 28 28 0.021999504 
703 170 9 9 0.02199935 
634 159 7 6 0.021992901 
648 461 14 16 0.021988437 
10 589 10 12 0.021983515 
167 183 6 8 0.021981273 
952 382 6 7 0.021977477 
840 357 23 26 0.021972232 
887 267 10 8 0.02196867 
144 367 21 28 0.021963276 
146 539 7 10 0.021959662 
590 127 5 6 0.021959258 
336 582 5 6 0.021953648 
799 172 6 6 0.0219513 
653 505 4 6 0.021945849 
586 252 9 13 0.021944398 
850 271 10 10 0.021941198 
656 256 93 96 0.021939639 
875 222 8 8 0.021932753 
405 646 6 6 0.021925481 
855 139 8 8 0.021923304 
229 605 18 19 0.021913469 
660 608 5 6 0.021911154 
545 27 5 4 0.021907976 
385 244 30 29 0.021905085 
947 388 6 7 0.021889413 
136 197 6 7 0.021886272 
626 632 22 25 0.021885902 
376 239 7 12 0.02188483 
171 195 7 9 0.021882758 
542 123 9 10 0.02188139 
836 551 11 13 0.021879217 
107 208 21 25 0.021876272 
991 586 8 10 0.021875966 
206 661 12 14 0.021874776 
318 499 2 4 0.02187214 
204 356 6 7 0.021870565 
135 524 5 5 0.02186681 
760 182 10 12 0.021865183 
882 318 6 6 0.021838883 
851 285 7 8 0.021834401 
154 301 23 26 0.021832295 
607 138 7 7 0.021830665 
553 110 3 4 0.021829382 
422 647 6 6 0.021820446 
372 588 6 7 0.021819733 
922 531 6 7 0.021817472 
233 595 18 16 0.021815602 
115 214 6 8 0.021811318 
873 311 6 7 0.021809017 
572 84 23 22 0.021804038 
664 91 11 13 0.021796394 
654 640 6 5 0.021794373 
549 94 8 7 0.021793824 
27 537 5 6 0.021785898 
662 500 3 4 0.02178584 
669 106 47 48 0.021784466 
677 159 10 8 0.021779627 
56 596 11 14 0.021777282 
760 155 9 11 0.021773849 
614 88 8 6 0.02177167 
868 239 9 10 0.021771593 
168 233 22 22 0.021770803 
876 312 8 7 0.021759227 
65 125 22 27 0.021757929 
225 562 19 24 0.021753576 
934 368 7 9 0.021748414 
676 99 9 9 0.021747857 
700 305 31 31 0.02174376 
138 277 21 24 0.021742618 
803 586 20 41 0.021742243 
959 262 7 7 0.02173993 
840 329 38 48 0.021736598 
314 591 5 7 0.021735327 
742 101 7 7 0.021735143 
920 566 9 10 0.021731896 
27 530 5 5 0.021730186 
124 467 5 6 0.02172811 
849 164 8 9 0.021723427 
198 336 8 10 0.021721942 
294 598 7 7 0.02172143 
70 234 7 7 0.021720588 
64 240 7 7 0.021718925 
40 171 22 25 0.021718178 
184 321 73 85 0.021718128 
50 189 6 8 0.021716382 
298 667 9 11 0.021707796 
144 322 22 25 0.02170583 
664 156 10 9 0.021704314 
766 119 9 9 0.02170165 
838 124 8 10 0.0217011 
212 132 6 7 0.0216997 
650 625 26 26 0.021692045 
864 229 6 8 0.021683421 
698 144 8 8 0.021681828 
919 283 9 11 0.021681286 
214 612 10 10 0.021676613 
156 286 5 7 0.021672655 
671 107 8 8 0.021672571 
95 42 21 25 0.021667454 
563 140 32 24 0.02166578 
746 120 9 7 0.021665731 
351 543 7 7 0.021663528 
849 347 20 24 0.021659736 
926 481 8 11 0.021657864 
941 420 7 7 0.021657327 
58 523 5 7 0.021656264 
562 188 9 9 0.021653725 
874 139 20 21 0.021653473 
823 286 5 8 0.021648787 
660 146 10 9 0.021648379 
542 335 12 13 0.021639533 
208 217 4 6 0.021636797 
203 341 9 10 0.021632321 
585 79 22 23 0.021624602 
318 48 10 9 0.021621142 
619 73 18 22 0.02162025 
340 377 21 26 0.021619234 
568 126 7 7 0.021616476 
177 209 8 10 0.021613458 
977 573 8 11 0.021613184 
63 48 9 11 0.021607915 
659 643 8 9 0.021597333 
99 632 12 16 0.021587765 
148 453 6 7 0.021587411 
352 528 6 9 0.02158696 
147 617 7 11 0.02158637 
769 101 6 6 0.021584578 
631 115 26 26 0.021584205 
295 546 6 9 0.021578789 
212 126 6 7 0.021578446 
131 228 42 46 0.0215768 
76 573 7 8 0.021572597 
142 504 5 6 0.021570586 
4 55 14 11 0.021563103 
189 247 7 7 0.021560952 
615 533 18 22 0.021553151 
33 117 82 97 0.021552708 
271 506 4 5 0.021551069 
56 530 6 7 0.021550681 
233 660 10 14 0.021549184 
693 607 22 29 0.021548348 
946 530 7 7 0.021544011 
180 99 6 8 0.021539088 
650 145 12 9 0.021534478 
854 274 11 10 0.02153357 
198 342 9 10 0.021531794 
857 369 7 7 0.02152892 
397 384 7 9 0.02152702 
71 493 6 5 0.021525638 
917 543 7 9 0.021525487 
191 272 8 9 0.021519845 
376 369 6 6 0.021515278 
193 368 7 8 0.021515178 
141 549 7 8 0.02151436 
64 196 46 58 0.021512814 
509 245 10 12 0.02150976 
876 157 7 8 0.021509476 
157 437 9 11 0.021506684 
563 49 7 8 0.021504754 
546 110 4 4 0.021501599 
10 629 10 12 0.021497898 
1007 573 18 20 0.021494243 
212 216 4 6 0.021492777 
945 399 8 8 0.021489248 
217 119 8 7 0.021487264 
824 670 9 8 0.021480974 
609 88 7 5 0.02147544 
332 535 6 8 0.021471929 
818 254 6 8 0.02147085 
826 248 5 6 0.021465939 
270 567 6 6 0.021462955 
214 512 4 6 0.021462636 
850 235 19 21 0.021461362 
319 69 11 7 0.02146048 
169 599 80 88 0.021451531 
946 119 8 7 0.02144352 
155 198 19 23 0.021441413 
990 578 8 10 0.021439312 
945 131 9 11 0.021438507 
615 137 24 25 0.02143276 
72 672 13 12 0.021432629 
791 131 8 8 0.021430835 
896 360 8 9 0.021430366 
287 580 6 7 0.02142941 
807 170 7 8 0.02142854 
814 191 6 6 0.021425346 
83 644 8 11 0.021414686 
798 204 9 8 0.021412771 
657 82 11 13 0.021410441 
597 661 10 11 0.021405509 
651 99 9 10 0.021400062 
263 497 6 8 0.021397261 
27 160 5 5 0.021397052 
620 186 26 28 0.021396937 
840 163 7 8 0.021396473 
11 644 9 11 0.021395475 
535 32 25 24 0.02139504 
390 567 8 10 0.021394925 
330 226 23 27 0.021391137 
175 255 13 12 0.021387849 
621 426 70 81 0.021378735 
838 196 6 7 0.021371292 
542 45 22 25 0.021366637 
875 181 8 11 0.021365816 
684 270 46 41 0.021364825 
594 648 8 9 0.021361195 
2 6 3 6 0.021356486 
324 587 6 7 0.021355374 
116 383 6 6 0.021354917 
977 156 24 25 0.02135249 
386 228 6 9 0.021351244 
934 247 7 8 0.02134987 
876 287 6 7 0.021346338 
853 555 14 17 0.021345586 
960 119 7 8 0.021339469 
921 239 7 8 0.021332974 
683 561 11 12 0.021329066 
863 187 7 10 0.021328237 
180 270 22 27 0.02132651 
398 573 7 10 0.02132427 
52 30 5 7 0.021322185 
575 94 7 6 0.021317458 
398 375 6 7 0.021310879 
648 521 5 8 0.021308288 
935 499 5 6 0.021307811 
567 96 5 5 0.021298645 
142 669 6 9 0.02129183 
348 197 56 49 0.021290006 
282 617 7 9 0.02128962 
335 447 23 33 0.02128807 
59 181 23 25 0.021286726 
64 120 8 8 0.021281248 
415 369 6 7 0.021281144 
27 69 5 5 0.021278152 
34 501 19 20 0.02127675 
1006 113 6 7 0.021267327 
38 542 5 7 0.021266896 
72 249 5 6 0.021265542 
936 617 13 16 0.021264713 
377 377 5 7 0.02126105 
250 512 5 7 0.02125851 
530 26 7 5 0.021258248 
205 235 5 7 0.021258084 
875 174 8 11 0.021251457 
659 632 8 8 0.02124547 
358 565 51 48 0.021243388 
595 102 6 5 0.02123988 
140 405 9 10 0.021238796 
597 608 4 5 0.021236133 
664 619 28 29 0.021233937 
914 260 8 8 0.021229416 
173 310 8 10 0.021229012 
942 369 20 23 0.021227986 
274 503 18 25 0.021227917 
723 71 5 5 0.021224763 
781 153 5 6 0.021222664 
821 303 6 9 0.021221932 
399 373 25 28 0.021221664 
910 596 18 23 0.021221552 
277 648 21 21 0.021219589 
550 124 6 7 0.021218317 
936 515 6 8 0.02121522 
981 382 5 6 0.021212788 
940 398 9 10 0.02121246 
837 321 11 12 0.02120603 
166 592 18 21 0.021204269 
79 211 4 5 0.021203605 
327 401 6 7 0.021202182 
213 278 5 8 0.02120183 
570 543 79 85 0.021198357 
772 178 39 47 0.021197183 
587 196 11 8 0.02119636 
884 523 6 7 0.021195358 
185 363 7 7 0.021186637 
1017 541 9 13 0.021185046 
580 341 28 26 0.02118132 
588 119 7 7 0.021179007 
120 396 6 6 0.021177087 
1003 592 11 13 0.021176377 
300 56 23 21 0.021175658 
585 230 20 29 0.021171177 
1000 644 24 21 0.021165539 
910 344 4 6 0.02116466 
218 273 5 8 0.021159997 
462 445 34 31 0.021158889 
642 38 5 5 0.021156866 
629 607 5 7 0.021155706 
291 629 11 10 0.021143787 
648 128 13 13 0.02114303 
1006 414 4 7 0.02113955 
331 64 9 6 0.021130322 
403 271 17 16 0.021119922 
838 486 5 6 0.021118002 
643 610 20 24 0.021113649 
301 426 7 8 0.021113003 
742 105 8 8 0.02110826 
965 566 7 9 0.021108203 
937 129 11 12 0.02110456 
113 270 10 9 0.021103008 
72 231 6 5 0.021100191 
646 113 8 7 0.0210985 
600 643 20 19 0.02109114 
229 119 8 8 0.021088833 
877 145 9 10 0.021087239 
801 165 6 6 0.021086771 
0 28 5 9 0.021084914 
905 599 37 45 0.02108437 
145 572 17 23 0.021080425 
264 506 5 5 0.021078127 
133 273 6 8 0.021076763 
185 107 6 8 0.021075951 
933 483 7 9 0.021073904 
4 550 17 20 0.021072218 
864 64 47 54 0.021068372 
676 106 9 9 0.021067208 
629 575 13 14 0.021061482 
152 438 9 11 0.021059863 
110 210 5 7 0.021058364 
701 625 5 6 0.021057379 
910 584 17 21 0.021057332 
280 68 9 8 0.021055356 
546 205 13 14 0.021053571 
965 560 8 8 0.0210508 
664 130 11 11 0.021046063 
871 292 6 7 0.021043107 
920 647 10 12 0.02104133 
849 502 8 10 0.021038765 
597 108 5 5 0.021038158 
638 449 7 11 0.021034373 
196 597 9 12 0.021032574 
44 91 11 18 0.021026663 
928 600 19 20 0.021026047 
858 294 5 6 0.021021796 
166 620 39 40 0.021018853 
912 285 20 23 0.021018088 
539 229 5 6 0.021014677 
677 608 8 9 0.021012679 
536 193 9 10 0.021012202 
96 61 8 9 0.021010349 
114 471 6 9 0.02100833 
199 350 7 7 0.021002434 
219 503 4 7 0.020995755 
949 625 13 16 0.020994348 
621 465 20 33 0.02099333 
365 374 7 9 0.02098249 
948 460 5 6 0.020979695 
773 106 7 8 0.020979438 
102 495 8 8 0.020979432 
991 387 8 9 0.020977413 
186 476 20 35 0.020973014 
216 278 6 8 0.020972589 
127 254 43 52 0.020967979 
971 627 11 14 0.020967647 
573 85 11 10 0.020961674 
782 111 8 9 0.02096 
548 264 17 15 0.020959582 
200 272 7 9 0.020954134 
871 215 6 8 0.020949954 
247 507 44 48 0.02094977 
318 421 39 58 0.02094973 
90 574 7 8 0.020948533 
275 567 6 7 0.02094785 
193 280 6 8 0.020944824 
859 176 7 9 0.020944167 
657 481 35 53 0.02094274 
987 580 5 8 0.02094252 
161 140 5 6 0.020935277 
1013 107 7 7 0.020935062 
109 299 6 7 0.020933762 
254 600 18 16 0.020930415 
208 668 19 22 0.020927986 
109 214 7 9 0.020923799 
694 173 24 25 0.020923728 
1016 368 8 10 0.020923186 
524 29 24 20 0.020920493 
62 161 10 11 0.020916464 
95 489 8 9 0.020912332 
191 312 5 6 0.02091231 
140 193 9 11 0.020911338 
157 609 19 17 0.020906376 
632 85 10 10 0.020905392 
655 270 40 46 0.020894684 
603 39 44 50 0.020882305 
205 362 7 8 0.020880949 
192 357 7 7 0.020879103 
162 517 21 30 0.020875676 
839 217 4 6 0.020872772 
134 543 5 7 0.020871017 
722 43 7 6 0.020866487 
139 305 7 7 0.020862972 
759 75 8 7 0.020860044 
606 114 8 6 0.020855568 
696 137 10 10 0.020854771 
82 635 10 13 0.020852253 
283 499 5 7 0.020844804 
78 214 21 25 0.020842595 
549 55 8 9 0.020840952 
899 258 10 12 0.020835321 
674 501 3 4 0.020832416 
318 427 8 10 0.02083018 
734 157 41 49 0.020829942 
612 545 10 14 0.02082134 
69 156 9 11 0.020811144 
938 597 10 12 0.020807855 
59 205 5 5 0.020806994 
51 623 8 11 0.020804888 
246 504 23 27 0.020802332 
376 587 7 8 0.020800704 
674 607 6 7 0.02079531 
52 530 6 7 0.02079474 
159 634 11 11 0.020794483 
210 244 6 10 0.020794066 
78 497 19 22 0.020793807 
17 591 9 11 0.020791491 
373 614 4 5 0.020784346 
944 596 11 13 0.020783849 
589 614 43 54 0.020780317 
601 95 6 6 0.020780044 
210 356 7 9 0.020777958 
691 30 8 7 0.020774823 
229 125 8 8 0.02077178 
612 80 10 9 0.020770993 
886 527 18 22 0.02077015 
665 113 6 6 0.020764045 
643 577 10 12 0.020763952 
293 61 8 8 0.020756926 
110 568 17 17 0.020756347 
625 52 20 18 0.020751983 
371 376 6 7 0.020751711 
966 -132 100 122 0.020751009 
63 374 44 52 0.020747643 
-2 573 15 22 0.020746863 
869 337 7 9 0.02074476 
576 56 7 8 0.02074 
236 588 6 5 0.020739693 
737 101 6 7 0.020738965 
598 176 30 29 0.0207377 
586 94 24 22 0.020737348 
899 222 8 7 0.020736614 
832 679 6 6 0.020734267 
928 293 6 7 0.020731261 
882 228 7 8 0.020729493 
324 55 10 8 0.020729136 
57 536 6 6 0.020728823 
363 655 9 9 0.020728754 
849 264 10 10 0.02072778 
337 223 7 8 0.020725602 
187 182 5 7 0.020721642 
127 460 6 7 0.020720104 
57 595 34 39 0.020718832 
979 107 8 8 0.020714682 
762 101 6 6 0.02070791 
585 85 10 10 0.02070762 
953 113 8 8 0.020707205 
161 453 6 7 0.020702144 
50 141 10 11 0.020698465 
247 552 12 13 0.020696765 
180 117 6 9 0.020695524 
696 549 9 13 0.02069094 
70 56 8 9 0.020690385 
171 258 9 10 0.02068979 
404 532 27 26 0.02068701 
71 498 6 6 0.020684808 
126 222 18 22 0.020683799 
385 376 5 6 0.020681234 
207 195 8 8 0.020679269 
656 130 12 11 0.020678746 
583 102 5 6 0.020666309 
124 550 16 18 0.02066584 
854 144 9 10 0.020662416 
235 112 9 8 0.020662153 
173 184 5 6 0.020661911 
103 56 6 7 0.020660568 
345 234 8 11 0.020659024 
941 459 5 7 0.020655632 
189 318 6 7 0.020653531 
206 126 5 7 0.020652162 
183 219 10 11 0.020650141 
973 381 5 6 0.020649953 
165 561 8 10 0.020649085 
600 385 21 25 0.020648845 
523 226 9 11 0.020646231 
523 383 23 29 0.020644996 
896 352 6 6 0.020644365 
842 500 9 11 0.020644024 
212 319 5 6 0.020643817 
536 551 9 12 0.02064121 
248 56 23 22 0.020632593 
82 54 7 10 0.020632004 
551 26 6 5 0.020631002 
166 584 9 12 0.020622777 
153 553 17 22 0.020621218 
310 506 3 4 0.020619731 
714 178 25 29 0.02061391 
211 255 18 29 0.020612117 
305 68 10 8 0.020601483 
299 61 9 8 0.020600569 
761 95 6 6 0.02059523 
213 166 5 5 0.020592771 
675 57 22 21 0.020592744 
255 517 7 8 0.020589827 
614 102 7 6 0.02058499 
509 252 10 12 0.02058297 
600 80 8 8 0.020582061 
110 252 6 9 0.020580366 
952 579 8 11 0.020579059 
309 485 5 5 0.02057337 
631 534 8 9 0.020570628 
414 345 66 82 0.020570561 
218 524 4 6 0.020569846 
619 558 10 16 0.020564865 
149 293 5 7 0.020562476 
627 132 29 23 0.020560391 
9 102 4 5 0.020556057 
145 389 5 5 0.02055587 
951 590 9 11 0.020555573 
883 284 8 8 0.020549353 
335 565 20 25 0.020539919 
969 612 17 20 0.020538928 
163 108 3 5 0.020538783 
328 362 21 27 0.020536697 
762 107 6 6 0.02053649 
89 477 8 9 0.020535683 
220 507 18 24 0.020531677 
993 108 6 5 0.020530619 
1004 386 18 24 0.020525254 
616 26 5 4 0.020524474 
139 570 10 11 0.020522062 
682 130 11 10 0.020521078 
731 335 29 32 0.020517103 
494 449 15 14 0.020513766 
634 164 9 8 0.020511081 
646 649 8 8 0.020508882 
754 100 7 7 0.020502774 
540 189 13 13 0.02050257 
447 645 8 7 0.02050161 
878 335 24 23 0.020496633 
281 623 7 9 0.02049368 
863 300 6 6 0.020492177 
65 196 6 6 0.020490106 
927 246 7 8 0.020489579 
255 566 10 11 0.020489471 
548 214 10 12 0.02048238 
399 614 5 5 0.020475315 
601 114 7 5 0.020474818 
968 152 5 7 0.02047278 
151 582 8 12 0.020471182 
1008 218 4 5 0.020462273 
676 135 10 11 0.020459723 
569 48 6 7 0.0204566 
718 51 5 4 0.020455895 
916 338 5 6 0.02045388 
908 468 16 26 0.020451458 
950 343 10 8 0.020445202 
634 108 6 6 0.020442564 
963 640 11 16 0.020442339 
146 241 7 8 0.020440929 
541 88 26 24 0.020440686 
186 100 5 7 0.020440426 
178 471 19 32 0.020440286 
585 130 26 25 0.02043681 
218 459 28 29 0.02043557 
307 542 7 10 0.020435177 
641 534 6 8 0.020433733 
972 724 91 115 0.020433513 
670 92 9 9 0.020428 
66 217 5 5 0.020427594 
358 233 7 10 0.020422412 
946 592 9 10 0.02041969 
49 609 10 13 0.02041926 
191 323 6 8 0.020419031 
82 459 7 7 0.020417826 
185 461 8 15 0.020416792 
972 83 6 5 0.020413721 
265 108 25 24 0.020409465 
154 176 6 9 0.020408062 
152 323 8 9 0.02040763 
881 202 8 8 0.020406961 
526 26 7 6 0.020404164 
735 86 7 7 0.020403935 
905 601 10 13 0.020401552 
27 561 5 7 0.020400219 
779 138 8 8 0.020394504 
807 192 6 5 0.020389473 
664 533 20 22 0.020387387 
262 653 9 12 0.020385882 
47 63 4 5 0.02038379 
914 266 7 8 0.020381898 
1 82 5 6 0.020381836 
119 441 8 7 0.020377694 
126 76 3 5 0.020375397 
167 354 22 25 0.020375382 
134 164 5 8 0.02037452 
129 436 24 20 0.020371951 
86 609 19 25 0.020371312 
519 29 7 7 0.02037004 
300 584 5 8 0.020367146 
183 125 8 11 0.020362655 
1009 380 9 11 0.020358453 
306 660 10 12 0.020357832 
43 492 6 6 0.02035346 
1012 216 6 7 0.020348944 
437 522 26 24 0.020346947 
593 189 10 8 0.020341596 
148 467 5 6 0.020340202 
205 529 5 8 0.020336831 
584 33 4 4 0.020335054 
201 185 4 5 0.020334082 
539 542 7 9 0.020332443 
926 324 7 8 0.020328948 
149 521 6 9 0.020326532 
172 290 9 12 0.020321101 
700 102 15 13 0.020317674 
945 584 8 10 0.020312939 
312 48 9 9 0.02031204 
882 216 7 7 0.020306353 
966 330 8 7 0.020303773 
137 190 5 7 0.020303482 
786 111 9 9 0.020302134 
830 190 7 8 0.02029495 
578 147 6 5 0.020289686 
834 356 6 8 0.020287517 
138 412 10 11 0.02028621 
921 489 20 23 0.020285685 
229 641 9 12 0.02028513 
580 93 9 7 0.02028436 
202 572 18 21 0.020282956 
213 318 37 45 0.020278178 
65 229 6 5 0.020276867 
980 377 5 4 0.020273915 
28 166 4 5 0.020269355 
691 623 25 28 0.020263553 
81 200 21 26 0.020258645 
582 657 10 13 0.020247739 
77 376 7 8 0.020246621 
936 445 5 8 0.02024647 
787 119 8 7 0.02024108 
9 622 11 12 0.020240646 
30 648 9 13 0.02023927 
780 160 5 5 0.020239195 
971 97 10 10 0.020237416 
182 273 8 8 0.020235917 
19 550 4 6 0.020234546 
407 649 8 8 0.020233193 
94 582 10 14 0.020231377 
200 581 11 14 0.0202295 
165 124 6 9 0.020229291 
977 590 7 11 0.020227458 
579 134 5 5 0.020226596 
356 568 21 27 0.02022634 
545 91 50 51 0.020224167 
864 235 6 7 0.02022392 
154 532 21 30 0.020223672 
118 166 16 30 0.02022156 
850 112 10 9 0.020219307 
56 233 23 23 0.020210683 
655 608 5 6 0.020209188 
609 55 21 18 0.02020596 
828 564 3 5 0.020202314 
249 574 8 9 0.020188907 
214 517 5 7 0.020185314 
50 617 8 10 0.020184582 
922 385 9 11 0.020177474 
615 114 6 5 0.02017548 
122 537 4 6 0.020168567 
299 55 9 8 0.020156387 
470 523 10 9 0.02015271 
288 119 232 183 0.020152178 
871 209 7 8 0.02015193 
532 236 28 29 0.020151893 
279 604 18 20 0.020151354 
86 185 5 6 0.020150958 
616 469 7 12 0.020150907 
375 577 8 11 0.020147884 
307 648 10 10 0.020146001 
213 390 26 29 0.020144487 
59 192 5 5 0.020144442 
174 162 6 9 0.020140113 
56 674 9 11 0.02013914 
659 624 8 10 0.02013571 
944 573 8 11 0.020129498 
219 153 6 5 0.020126013 
201 178 5 6 0.020125948 
906 246 10 11 0.020125745 
186 369 6 7 0.02012544 
630 581 84 85 0.020123653 
201 172 19 20 0.020114535 
907 229 7 7 0.020107036 
855 384 11 12 0.020106364 
959 234 7 7 0.020099215 
165 296 8 11 0.020096939 
897 486 5 6 0.020096468 
726 196 29 30 0.020091467 
430 646 5 6 0.02008758 
939 591 8 10 0.020087274 
806 152 6 7 0.02008412 
311 62 10 7 0.020075025 
14 160 5 5 0.020072153 
252 673 11 12 0.020071616 
166 157 5 8 0.020069696 
15 76 5 5 0.020064728 
103 388 8 8 0.02006451 
169 228 5 8 0.020064041 
318 23 24 23 0.020062486 
868 498 4 6 0.02006146 
904 631 18 24 0.020055827 
715 129 10 11 0.020052107 
718 37 7 6 0.02005104 
135 512 5 6 0.020050209 
742 63 8 7 0.020040905 
683 119 9 9 0.020039236 
243 132 10 8 0.020039218 
1000 466 4 6 0.020030843 
286 74 9 8 0.020030783 
683 531 21 26 0.020029055 
305 23 24 23 0.020027086 
725 168 23 26 0.020014219 
888 343 8 8 0.020012274 
325 556 7 8 0.020011365 
33 179 5 5 0.020009533 
192 570 10 12 0.02000563 
158 498 21 33 0.020005485 
930 431 99 122 0.020004934 
154 459 6 6 0.02000255 
