0_Parade_Parade_0_205
1456
262 302 78 92 0.9935933 
666 327 39 52 0.98934937 
595 328 20 33 0.98376435 
815 322 25 26 0.9509511 
676 1 18 26 0.83893615 
961 405 13 18 0.33463752 
523 465 12 16 0.3287821 
676 457 6 10 0.21513298 
996 200 24 25 0.19664352 
516 524 17 24 0.19256003 
174 596 36 63 0.1909533 
468 668 26 25 0.18545868 
731 355 13 17 0.14923975 
951 404 14 16 0.14406176 
777 355 12 14 0.14351521 
977 392 19 25 0.13412231 
469 368 21 24 0.12822333 
845 341 14 16 0.11845211 
846 280 5 6 0.11811169 
751 373 12 14 0.11516939 
142 311 12 13 0.112816334 
175 303 10 12 0.10912376 
346 487 20 26 0.098259315 
760 727 12 11 0.09685337 
737 568 15 14 0.09194269 
855 326 10 12 0.09152382 
687 524 13 17 0.0896936 
535 403 10 15 0.089066304 
457 739 11 13 0.0861525 
697 278 11 11 0.0832847 
990 190 45 50 0.08314114 
896 412 10 12 0.083096 
347 202 28 30 0.08241474 
771 343 11 12 0.0821235 
279 625 106 89 0.08193804 
475 219 10 15 0.08151108 
833 283 6 6 0.08102942 
506 297 23 25 0.07533833 
230 680 9 16 0.07513628 
960 670 19 31 0.073460266 
776 439 8 12 0.07127348 
705 261 7 6 0.0711849 
969 411 8 15 0.07087771 
127 400 9 13 0.0680961 
456 352 14 18 0.06770273 
680 274 7 10 0.06705376 
831 286 7 9 0.066545516 
389 459 15 11 0.0664647 
159 401 22 21 0.06501844 
404 426 14 15 0.064364515 
838 282 6 6 0.06351698 
532 183 23 45 0.061732408 
895 349 9 13 0.06154613 
525 658 20 34 0.061473828 
862 556 6 7 0.061200432 
426 597 18 32 0.060910918 
478 344 13 16 0.060792483 
149 298 6 8 0.060724206 
0 565 41 74 0.05936675 
344 401 9 11 0.05912587 
1013 128 12 13 0.05905972 
418 229 25 29 0.05886409 
395 269 20 26 0.058782935 
854 302 5 6 0.058519304 
629 475 13 17 0.0583782 
460 358 23 25 0.05828137 
165 51 39 43 0.057764564 
896 337 7 8 0.0574879 
839 541 6 10 0.05735289 
693 262 6 6 0.056431465 
158 353 28 21 0.056105975 
128 373 9 12 0.055397432 
1012 327 7 8 0.054711554 
511 438 11 17 0.05453684 
472 361 43 47 0.05445628 
725 333 14 18 0.054120194 
831 291 7 11 0.053800344 
349 588 28 26 0.053483233 
978 581 8 10 0.05334736 
858 301 4 7 0.053038906 
1002 81 8 9 0.05244494 
427 582 6 9 0.052201774 
626 522 48 54 0.052170273 
583 323 15 15 0.052145403 
595 443 21 25 0.052127022 
639 332 23 26 0.051498856 
846 300 6 6 0.05081777 
815 558 3 6 0.05080296 
470 171 30 54 0.05076035 
401 178 12 11 0.050141074 
194 -2 24 19 0.05009578 
760 370 9 12 0.049951486 
162 31 23 26 0.049948182 
1007 132 23 24 0.049807753 
866 295 4 5 0.049460135 
201 418 14 11 0.049389467 
351 220 27 29 0.049105555 
628 543 23 29 0.049077444 
301 543 8 10 0.04907274 
321 480 20 28 0.048775107 
598 313 37 46 0.048594914 
315 502 7 10 0.048296355 
1001 86 10 13 0.047167946 
697 262 5 6 0.047000017 
470 330 21 27 0.046878014 
959 207 7 10 0.046807736 
916 523 7 7 0.04676471 
737 516 27 23 0.04668305 
150 401 10 11 0.046604175 
717 261 7 6 0.046591822 
0 -94 35 96 0.046565924 
656 461 10 14 0.046360485 
249 633 16 30 0.046133596 
595 0 6 7 0.045926306 
761 519 29 28 0.045771513 
853 296 4 4 0.045641962 
83 324 9 9 0.04544392 
494 406 22 24 0.045359455 
517 169 9 13 0.045357414 
394 177 10 10 0.045094453 
737 530 29 24 0.045082506 
691 274 7 9 0.04497265 
709 283 33 42 0.04495936 
134 49 22 24 0.044828385 
599 561 8 8 0.044737324 
711 260 5 4 0.044630308 
560 450 11 13 0.044611596 
442 568 7 8 0.044462115 
576 514 7 10 0.04430589 
735 303 9 9 0.044305246 
558 398 23 28 0.04424805 
490 453 9 12 0.04419268 
964 315 8 13 0.0441678 
829 313 8 9 0.044012833 
830 332 20 23 0.044005547 
147 87 46 58 0.04377428 
854 342 12 14 0.04348193 
193 555 4 8 0.04325056 
1001 120 25 25 0.043061595 
331 475 10 11 0.042841244 
760 303 19 30 0.042749528 
495 213 10 14 0.042590637 
988 204 9 11 0.042579032 
685 458 7 9 0.042517077 
687 455 6 7 0.04246166 
894 562 8 8 0.042382013 
500 369 26 35 0.04236538 
537 502 10 12 0.042301506 
732 530 5 6 0.042294867 
889 562 8 9 0.042140726 
616 325 36 44 0.042084854 
219 576 11 15 0.042020246 
403 94 6 9 0.04201294 
387 556 25 26 0.041995414 
760 340 11 13 0.04193911 
369 561 10 12 0.041878037 
125 380 10 13 0.04176888 
528 398 35 41 0.04176131 
380 461 23 29 0.041711222 
170 42 27 28 0.041320354 
532 511 21 27 0.04129315 
803 449 4 6 0.04128869 
404 90 4 7 0.041211974 
149 375 12 12 0.041143443 
342 535 101 81 0.04101421 
689 267 8 9 0.040998615 
974 213 12 11 0.040720884 
117 298 7 9 0.040697362 
1017 328 7 10 0.040657073 
727 305 11 10 0.040605806 
862 552 6 7 0.040426385 
964 180 46 53 0.04035163 
850 313 7 8 0.040334363 
496 419 14 17 0.04026974 
881 367 10 10 0.040056504 
608 547 7 9 0.039471004 
630 595 8 9 0.039455336 
577 444 24 28 0.039436594 
161 600 5 6 0.039429046 
733 529 4 4 0.03935007 
682 277 8 12 0.03933924 
346 471 23 28 0.03933832 
478 164 17 36 0.03903391 
860 296 4 4 0.038876306 
109 432 8 11 0.038791876 
125 387 10 12 0.03870128 
471 156 9 13 0.038697403 
800 557 5 7 0.038653973 
160 98 23 29 0.038652524 
1017 106 8 12 0.038523685 
153 600 7 6 0.03790133 
534 673 20 34 0.03785 
373 451 10 13 0.03784644 
879 405 5 6 0.037778087 
677 471 6 10 0.037773285 
288 529 5 9 0.03776355 
719 305 11 13 0.037688524 
682 532 12 14 0.03765353 
693 277 21 22 0.037538923 
852 304 6 8 0.0375177 
449 357 16 17 0.037486766 
324 196 45 47 0.037450444 
208 327 5 7 0.037356935 
499 314 23 26 0.037333813 
831 306 7 7 0.03715261 
254 541 12 17 0.037143484 
738 543 25 22 0.03711067 
677 511 8 11 0.037071485 
576 328 25 29 0.036981102 
574 11 7 11 0.03692712 
112 407 7 10 0.036868893 
85 331 11 12 0.036587927 
794 510 6 8 0.036496997 
443 231 20 28 0.036484897 
400 172 12 12 0.036472343 
502 425 22 28 0.036415666 
829 318 10 12 0.036379475 
733 732 10 12 0.036334697 
133 387 9 10 0.03619614 
335 456 22 27 0.03619165 
393 298 169 157 0.036153793 
333 226 49 53 0.03609917 
48 280 90 92 0.03601907 
962 600 23 34 0.03595037 
582 525 5 8 0.03591327 
375 472 18 31 0.035876196 
733 314 10 10 0.03573105 
152 59 10 13 0.03569962 
914 690 22 25 0.03565632 
751 343 11 13 0.035632215 
305 628 52 54 0.035628315 
723 537 5 6 0.035599995 
150 463 4 4 0.035252012 
970 174 8 12 0.035223242 
401 338 25 27 0.03521458 
321 509 8 13 0.03517765 
-6 401 41 76 0.035136245 
591 264 14 16 0.03508923 
839 314 6 7 0.035072077 
832 297 7 10 0.03503406 
447 574 8 10 0.034889862 
421 584 8 12 0.034801483 
560 328 11 16 0.03479524 
997 338 21 33 0.03477409 
855 321 9 10 0.034735825 
358 381 7 9 0.0346222 
482 385 45 51 0.034610298 
347 654 15 18 0.034553085 
717 333 32 44 0.034501195 
863 300 6 7 0.03441168 
573 252 11 13 0.03440685 
537 508 10 13 0.034397766 
916 563 8 8 0.03432677 
398 570 22 26 0.034234777 
968 202 23 21 0.03421856 
357 163 11 12 0.034182724 
315 175 25 26 0.03415414 
498 755 26 24 0.034113947 
141 372 24 23 0.034104902 
329 472 45 47 0.03407072 
882 406 5 5 0.034043256 
894 574 7 7 0.033942357 
835 348 13 16 0.033918586 
878 414 6 7 0.03390706 
352 415 8 9 0.033846963 
806 442 5 6 0.03383526 
395 601 18 27 0.0337621 
395 536 24 33 0.03370448 
495 355 25 27 0.033690386 
717 551 6 7 0.0336753 
601 526 7 11 0.033674654 
693 278 8 9 0.033632874 
762 332 20 24 0.033623025 
757 531 25 25 0.03360686 
686 273 36 50 0.033528898 
258 521 34 44 0.03350883 
719 312 24 27 0.033459656 
508 463 9 14 0.03345166 
182 72 20 34 0.033421513 
986 112 7 10 0.03340444 
391 182 8 10 0.033268325 
434 580 7 10 0.033215296 
81 336 13 13 0.033209108 
756 718 21 20 0.033200223 
804 443 3 5 0.03319331 
963 151 92 93 0.033122655 
945 400 13 14 0.033111293 
623 513 4 7 0.033083886 
253 111 14 13 0.033040445 
360 602 15 14 0.03300944 
523 517 22 30 0.03299989 
677 504 7 10 0.032899708 
576 524 6 9 0.03289449 
343 479 8 11 0.032859556 
822 533 4 6 0.032859445 
688 262 6 7 0.032719355 
376 583 27 27 0.032664906 
324 637 26 27 0.03249526 
134 318 8 9 0.032427922 
728 296 12 12 0.032374132 
337 477 21 30 0.032313623 
558 263 23 26 0.03230995 
467 347 23 25 0.032299455 
741 541 13 12 0.03228993 
482 352 11 13 0.032282792 
550 681 9 16 0.03226711 
857 304 6 8 0.032199994 
766 718 9 7 0.03219042 
817 448 7 9 0.03216983 
136 315 6 6 0.032119337 
514 468 20 26 0.03211521 
839 278 5 5 0.032104976 
115 71 6 8 0.032104056 
768 338 9 11 0.03210209 
814 442 5 5 0.03207271 
148 475 4 4 0.032066915 
149 456 5 5 0.032064043 
901 333 6 8 0.032055758 
892 294 5 8 0.031948008 
1016 432 8 10 0.031825766 
651 490 8 10 0.031713434 
803 285 19 31 0.03169937 
494 384 23 29 0.03166086 
595 504 21 30 0.031604607 
1006 331 5 8 0.031570606 
102 441 5 7 0.03156897 
753 89 53 64 0.03156213 
735 531 6 6 0.031482793 
205 393 28 21 0.031477757 
566 452 11 13 0.031470485 
143 418 11 11 0.031468425 
167 599 6 6 0.031383198 
717 709 25 26 0.03135451 
415 583 10 15 0.031329524 
896 305 7 10 0.031322874 
310 457 40 53 0.031301983 
626 43 7 12 0.03128833 
900 563 7 8 0.03126795 
314 598 8 10 0.031230211 
832 381 6 10 0.031202545 
748 614 8 9 0.03119297 
623 353 16 18 0.031178828 
151 38 70 86 0.03117655 
896 294 6 8 0.031157127 
513 342 24 33 0.031129405 
336 580 31 27 0.031128496 
496 223 12 17 0.031118402 
492 464 9 12 0.030999081 
595 599 11 9 0.03096299 
859 552 5 6 0.030960593 
722 261 8 6 0.030958015 
564 720 24 34 0.030859105 
321 588 99 110 0.03082376 
500 160 19 30 0.03081085 
726 345 14 21 0.030745665 
371 447 10 10 0.03065718 
991 112 10 11 0.030517906 
561 507 23 36 0.030517133 
458 325 21 31 0.030514082 
521 359 22 32 0.030511806 
1005 79 6 6 0.03048809 
466 379 22 30 0.030363781 
466 550 8 8 0.030300587 
552 574 5 7 0.030251333 
330 219 28 34 0.030248607 
893 457 8 11 0.030232904 
440 572 9 10 0.030161524 
359 494 24 24 0.030154772 
131 396 10 12 0.030152759 
357 629 12 14 0.03007511 
407 203 73 78 0.030074941 
181 305 10 13 0.030058758 
580 516 7 9 0.030033033 
847 306 5 7 0.030025408 
971 398 9 16 0.030020079 
822 432 21 30 0.029995454 
966 170 9 14 0.02997863 
382 459 12 12 0.029976783 
480 340 22 26 0.029968368 
1016 629 10 12 0.02996188 
605 429 12 14 0.029943837 
686 516 12 16 0.029846605 
148 480 5 6 0.029827096 
177 381 11 12 0.02982243 
246 630 42 59 0.029786568 
384 420 26 21 0.029785175 
884 314 6 7 0.02970129 
526 387 22 31 0.02967666 
395 582 23 29 0.02967195 
882 317 8 10 0.029661452 
894 393 8 11 0.0295914 
651 495 9 11 0.029590067 
965 307 5 8 0.029586956 
671 43 7 12 0.029570224 
111 426 12 15 0.029565886 
479 389 24 25 0.029523995 
1003 344 9 14 0.029506965 
449 544 20 23 0.029486883 
268 534 10 15 0.029484047 
437 259 12 15 0.029467266 
125 380 22 24 0.029433442 
788 432 5 9 0.029431915 
754 732 25 24 0.02942994 
815 551 3 6 0.029428195 
496 375 10 12 0.029372016 
513 180 20 35 0.029367771 
634 506 5 7 0.029362395 
548 708 18 29 0.029321047 
719 526 23 28 0.029312665 
955 396 32 43 0.029301513 
894 343 18 23 0.029290639 
503 212 9 14 0.029240817 
837 293 6 8 0.029215602 
717 545 7 6 0.029205913 
433 289 12 15 0.029187912 
568 513 10 16 0.029145481 
109 397 5 9 0.029125579 
497 458 9 12 0.02910794 
469 164 17 35 0.029096212 
405 529 6 9 0.02909408 
375 583 15 15 0.029053312 
847 316 19 20 0.029007358 
529 176 9 17 0.028990712 
397 229 7 12 0.028944448 
579 571 5 6 0.028928488 
542 259 22 30 0.028865064 
581 341 25 33 0.02882632 
853 291 3 4 0.028821234 
897 402 7 9 0.02881096 
412 387 22 24 0.028810447 
536 169 18 33 0.02880415 
445 355 43 45 0.02879798 
878 358 21 22 0.028797667 
361 510 13 12 0.02879512 
387 176 20 23 0.0287701 
172 22 26 30 0.028729554 
162 598 5 5 0.028718561 
673 491 6 8 0.028707104 
415 234 11 16 0.028668337 
999 485 4 6 0.028659597 
555 464 11 16 0.028626783 
123 392 19 23 0.02862114 
237 611 7 13 0.028615573 
866 290 3 5 0.028599177 
363 318 85 80 0.02857638 
137 313 20 22 0.028572174 
567 431 9 12 0.028561518 
758 325 6 8 0.028521992 
301 589 9 13 0.028479595 
732 550 12 14 0.028440667 
623 247 11 11 0.028412305 
439 641 8 12 0.028381359 
328 470 20 24 0.028367583 
429 241 25 30 0.028346635 
475 203 20 29 0.028341427 
196 580 7 11 0.028333616 
453 228 9 12 0.028331421 
886 364 8 8 0.028328432 
311 483 20 31 0.028303333 
851 319 8 9 0.028297758 
502 329 14 15 0.028297313 
847 297 4 5 0.02827768 
534 421 22 27 0.028265104 
540 411 11 15 0.0282252 
965 323 9 15 0.028139202 
555 453 19 21 0.02810375 
614 564 7 7 0.028094873 
956 392 14 18 0.02808309 
399 421 14 13 0.028062185 
349 256 29 29 0.02804325 
542 194 10 22 0.028032325 
635 501 4 5 0.028012998 
575 451 11 12 0.027976917 
878 409 5 7 0.027962893 
347 602 27 26 0.02793615 
838 306 6 7 0.02788232 
224 595 7 10 0.027869256 
404 524 7 10 0.027862653 
160 33 10 14 0.027837694 
309 612 7 9 0.02781442 
1003 500 7 9 0.0278109 
475 340 10 12 0.027793778 
187 555 4 7 0.027787061 
306 182 41 48 0.027736502 
395 173 9 9 0.027716886 
556 741 28 34 0.027713582 
505 468 8 13 0.027705232 
623 516 5 8 0.027703555 
172 98 8 12 0.027640356 
861 303 9 11 0.027616005 
139 322 37 41 0.027614398 
397 405 15 13 0.027593533 
454 738 21 22 0.027577048 
846 314 6 6 0.027546948 
501 281 22 23 0.027538816 
383 499 10 13 0.027536934 
719 312 13 15 0.027535932 
403 535 9 14 0.027512098 
982 580 8 11 0.02751018 
896 326 7 8 0.02751009 
548 417 21 25 0.027492411 
894 312 8 8 0.027462533 
687 269 6 8 0.027430037 
510 372 11 15 0.027423138 
902 293 6 8 0.02742081 
361 96 4 6 0.027415896 
789 454 4 6 0.027410878 
724 533 4 4 0.0274107 
971 213 24 24 0.027395148 
900 580 9 8 0.027365895 
458 388 21 31 0.027360635 
3 -124 135 122 0.027332643 
889 313 7 8 0.027267693 
389 405 27 23 0.027250273 
737 538 6 7 0.027239444 
653 487 6 8 0.027233595 
875 365 11 10 0.027209163 
739 581 24 25 0.027194843 
358 445 8 11 0.027185785 
958 195 8 11 0.027174048 
487 209 19 28 0.027165098 
1012 432 7 9 0.027164288 
594 494 66 90 0.027149284 
142 463 4 4 0.027128464 
348 667 14 16 0.027122501 
151 29 9 11 0.027111016 
672 499 7 8 0.02709927 
535 108 3 6 0.027092243 
212 541 20 27 0.027089616 
445 567 8 10 0.027081752 
484 224 41 45 0.027038824 
726 283 12 14 0.027036434 
437 569 5 8 0.027030114 
856 313 7 8 0.027020175 
765 542 10 11 0.027020123 
86 320 8 9 0.02700726 
566 334 13 21 0.026992846 
599 250 11 14 0.026986223 
356 468 10 13 0.026960459 
902 576 7 6 0.026936814 
901 570 7 5 0.026923627 
194 78 21 31 0.026914269 
388 424 12 11 0.026910355 
504 156 10 14 0.026902054 
345 186 26 32 0.026896574 
827 574 5 7 0.026870761 
855 551 4 5 0.026868857 
582 490 7 9 0.026824307 
357 514 13 12 0.026787078 
875 422 8 9 0.026768688 
647 498 7 9 0.026764374 
523 420 20 27 0.026762823 
983 212 11 11 0.026747577 
891 305 7 9 0.026746318 
246 104 14 15 0.026726592 
490 461 17 27 0.02671688 
646 529 25 24 0.026702764 
1008 436 5 7 0.026701974 
403 201 8 12 0.026657457 
504 158 38 53 0.026647782 
556 444 10 15 0.02664521 
518 289 22 27 0.02663789 
132 53 10 16 0.026636943 
722 572 23 24 0.026634457 
890 568 8 7 0.026633589 
935 308 43 60 0.02661586 
560 26 4 5 0.02660059 
727 552 11 13 0.026576241 
395 222 7 9 0.02652626 
763 721 11 10 0.026479892 
584 538 4 5 0.026429152 
400 597 10 14 0.02641447 
358 225 14 14 0.026395826 
596 525 6 9 0.026389036 
561 418 10 11 0.026371233 
436 575 6 8 0.02635913 
726 260 8 8 0.02635374 
1016 92 11 12 0.026353415 
1001 325 18 25 0.026344988 
672 480 6 9 0.02633769 
128 351 21 23 0.02632937 
496 398 13 16 0.026326744 
113 419 10 12 0.026321324 
575 312 24 22 0.026286375 
889 388 8 12 0.026284318 
491 367 10 14 0.026250225 
608 50 8 10 0.026203627 
503 373 12 14 0.026165575 
438 439 13 13 0.026152596 
740 359 21 27 0.026141709 
541 472 14 16 0.026132928 
795 450 4 5 0.026091859 
237 601 6 9 0.02607617 
656 452 9 12 0.02606911 
760 553 9 11 0.026059264 
293 177 28 32 0.026055288 
507 459 7 10 0.026050925 
575 504 8 11 0.026042357 
427 592 11 15 0.026021212 
838 357 10 14 0.025981583 
966 164 9 11 0.025978258 
337 453 11 18 0.025976617 
849 531 4 7 0.025974026 
965 488 8 13 0.025963284 
731 727 19 21 0.02596091 
720 537 5 6 0.025941085 
891 423 5 6 0.025939006 
430 576 5 7 0.025923382 
449 562 6 8 0.025910826 
491 517 10 14 0.025903005 
900 402 7 8 0.025901765 
671 543 21 28 0.025900237 
540 528 11 13 0.025893185 
217 567 10 13 0.025866657 
554 495 11 17 0.025865274 
441 455 17 18 0.025858246 
959 154 41 54 0.025836121 
890 590 7 7 0.025831677 
110 401 5 9 0.025829434 
492 357 9 10 0.02582678 
131 380 10 12 0.025826292 
351 502 24 23 0.02582359 
585 314 26 27 0.025823236 
979 575 8 10 0.025816401 
398 434 16 15 0.025807044 
968 583 23 34 0.025796736 
145 65 10 13 0.025792219 
599 513 10 14 0.02577928 
714 563 22 24 0.025748055 
347 450 23 29 0.025729809 
777 286 8 10 0.025729308 
255 618 10 15 0.025711993 
986 89 5 7 0.025709167 
386 440 24 24 0.025689822 
342 693 13 15 0.025687968 
153 296 5 7 0.025684737 
542 541 9 10 0.025669763 
252 526 11 18 0.025666988 
489 170 22 35 0.025663394 
966 588 5 8 0.025661979 
646 549 8 9 0.025650643 
786 523 8 9 0.025630033 
995 370 39 55 0.025607139 
814 561 4 6 0.02559815 
389 285 27 26 0.025576014 
138 382 11 11 0.025573649 
841 532 3 5 0.025538795 
391 173 7 8 0.02552799 
162 494 4 6 0.025513984 
591 510 6 8 0.02550033 
348 687 13 14 0.025499323 
672 271 7 12 0.025492534 
751 703 29 29 0.025488459 
420 580 17 22 0.025443787 
862 291 2 4 0.0254182 
946 406 23 34 0.025414657 
1000 482 4 6 0.025404293 
815 438 3 4 0.025402425 
415 653 8 13 0.025393961 
736 517 6 6 0.025372762 
583 532 5 6 0.025369283 
281 228 25 28 0.02534845 
968 644 6 9 0.025337653 
724 552 6 7 0.025251485 
509 167 11 16 0.02523248 
983 223 9 10 0.025228443 
648 489 20 23 0.025227603 
153 379 24 25 0.025225902 
708 324 11 10 0.025223732 
0 82 29 69 0.025222803 
139 396 8 8 0.02518676 
206 521 20 31 0.025182705 
576 24 7 11 0.025178859 
357 461 40 48 0.025170475 
137 451 4 4 0.02516972 
-3 34 55 126 0.025163457 
756 610 11 13 0.02515673 
1017 100 9 11 0.025154782 
578 530 5 9 0.025152469 
187 552 4 5 0.025142645 
805 447 6 7 0.025140883 
607 524 6 8 0.025140386 
357 527 8 11 0.025137337 
149 470 4 4 0.025105482 
130 554 4 4 0.025102716 
960 157 21 29 0.025101418 
162 319 6 8 0.025049947 
957 421 22 36 0.025047777 
908 313 7 10 0.025039934 
716 551 22 22 0.025039637 
576 262 25 28 0.025039203 
837 299 6 8 0.025029255 
388 502 8 12 0.025027663 
802 411 3 5 0.025010593 
730 536 6 7 0.024996353 
900 396 6 9 0.024964483 
722 555 9 10 0.024952596 
205 600 7 11 0.02495234 
825 308 7 8 0.024948524 
253 653 10 15 0.024911894 
482 336 12 17 0.02489524 
118 322 11 14 0.02489464 
139 483 8 8 0.024883874 
362 564 27 26 0.024877388 
649 34 5 6 0.024876002 
453 567 8 9 0.024794783 
508 385 13 17 0.024778334 
466 180 67 80 0.02476952 
846 288 5 5 0.02476874 
554 427 9 11 0.02475795 
168 31 12 13 0.02475385 
296 502 8 10 0.02473675 
3 180 40 64 0.02472312 
496 468 8 13 0.024717465 
835 278 5 5 0.024710149 
873 521 4 5 0.024696317 
377 441 7 8 0.024671623 
375 495 88 90 0.024659064 
494 609 25 29 0.024647266 
570 499 41 59 0.024624946 
669 484 5 8 0.024611583 
808 558 4 5 0.024606148 
153 487 6 6 0.024582827 
512 234 24 32 0.024579894 
1010 498 6 7 0.024576293 
409 546 22 27 0.024567911 
467 177 9 19 0.024567258 
361 475 9 13 0.024550846 
727 301 34 48 0.024531666 
900 304 8 10 0.02452351 
595 509 7 9 0.024512505 
334 657 14 18 0.024503168 
795 556 5 8 0.024496375 
510 157 9 12 0.024488902 
353 96 5 6 0.02447785 
573 429 23 26 0.024473427 
193 585 8 11 0.024462158 
764 506 16 14 0.024461232 
219 595 5 9 0.02445142 
375 492 10 15 0.024442038 
759 322 5 6 0.024439001 
723 476 7 11 0.024438854 
762 308 9 15 0.024432372 
672 504 8 9 0.024405496 
587 300 27 26 0.02440503 
796 423 5 7 0.024396552 
868 294 6 8 0.024378298 
133 365 8 8 0.024351496 
459 556 8 8 0.024343371 
144 396 20 22 0.02430223 
557 463 79 106 0.024294922 
735 512 6 6 0.024291763 
766 346 21 25 0.024290893 
873 524 4 6 0.02429064 
409 574 9 11 0.024262682 
881 372 12 13 0.024262615 
206 5 14 17 0.024258213 
432 526 22 26 0.024238339 
731 507 5 5 0.024228424 
262 586 9 10 0.02422058 
737 544 8 8 0.02420739 
705 40 4 6 0.024180409 
236 581 6 9 0.02417337 
553 277 13 15 0.024165705 
142 475 5 4 0.02415814 
233 674 8 16 0.024133783 
600 24 8 11 0.024114389 
794 316 36 42 0.024112208 
390 187 9 14 0.024108278 
230 75 22 27 0.024107555 
195 591 9 14 0.024106203 
615 524 5 8 0.024092717 
789 115 24 22 0.02407731 
386 539 14 18 0.024045788 
139 60 24 29 0.024033803 
354 463 21 25 0.024032686 
717 554 8 8 0.024030674 
625 471 11 16 0.024026198 
902 311 6 8 0.024002045 
1002 346 5 8 0.023982989 
728 618 9 13 0.023980923 
556 692 19 33 0.023976248 
390 510 7 10 0.023960294 
202 40 9 13 0.02395855 
410 608 9 16 0.023956448 
477 380 14 18 0.023940053 
783 397 38 55 0.023933781 
725 724 12 13 0.023917489 
111 332 21 30 0.023890242 
381 474 9 14 0.023863103 
706 251 4 3 0.023843683 
241 116 26 25 0.023801137 
352 539 7 11 0.023798993 
732 513 5 6 0.02379077 
205 593 6 10 0.02378356 
589 590 25 21 0.023764813 
124 57 4 7 0.023762178 
317 503 17 25 0.02375329 
541 687 21 35 0.023735536 
156 54 11 15 0.023725586 
220 595 19 27 0.023724247 
517 430 18 25 0.023720704 
301 530 6 8 0.023720084 
947 371 69 98 0.023717135 
870 412 7 9 0.023713505 
406 568 10 11 0.023702923 
287 495 8 12 0.023693563 
862 560 7 9 0.023691462 
921 370 7 9 0.023690848 
841 585 10 9 0.023688942 
658 0 33 46 0.023678744 
459 440 8 9 0.023661077 
460 461 10 13 0.023646433 
728 274 8 10 0.02361174 
492 529 9 11 0.023591243 
349 401 9 11 0.023590429 
105 431 4 5 0.023587381 
974 625 7 10 0.023577698 
582 570 5 6 0.02355912 
895 380 7 11 0.02354764 
496 339 24 29 0.023541987 
365 419 6 9 0.02354107 
402 101 7 10 0.023538237 
414 226 10 13 0.023506869 
266 516 20 28 0.023506355 
154 591 6 5 0.023505978 
315 594 7 9 0.023494361 
591 494 20 26 0.023468144 
887 357 8 10 0.02346096 
743 594 13 14 0.023448396 
669 512 12 15 0.02344317 
1008 491 5 7 0.02344241 
890 339 7 7 0.023440883 
796 435 4 7 0.023430627 
700 446 5 8 0.023427611 
395 216 6 10 0.023417056 
959 114 8 9 0.023400802 
790 450 4 5 0.023380345 
648 486 6 8 0.023377841 
193 561 6 9 0.023374798 
261 650 58 60 0.023369495 
506 253 22 29 0.023349894 
966 581 5 8 0.023349334 
647 243 5 7 0.023316212 
183 41 13 14 0.023314325 
150 54 21 27 0.023311535 
394 438 12 11 0.023307724 
748 607 9 8 0.023306329 
123 62 5 8 0.023299389 
760 363 9 12 0.023297261 
943 407 15 19 0.023288436 
406 271 39 44 0.023285937 
273 606 9 11 0.02328477 
614 544 6 8 0.02327889 
450 349 14 15 0.023270486 
377 482 8 15 0.023232326 
529 415 11 15 0.023220224 
484 451 19 24 0.023212567 
136 116 5 8 0.023210727 
121 375 9 11 0.02320919 
888 556 8 10 0.023206089 
710 562 8 9 0.023201615 
203 587 6 9 0.023201484 
204 582 6 9 0.023196677 
412 217 4 7 0.023191186 
694 260 3 4 0.023188272 
827 284 17 23 0.023179224 
383 297 25 28 0.023159042 
455 256 14 20 0.023154847 
76 498 6 7 0.023152182 
420 227 12 14 0.023150476 
518 482 13 17 0.023145797 
231 58 5 7 0.023136102 
740 302 7 7 0.023128418 
383 184 19 29 0.02312238 
310 216 22 28 0.023120932 
766 524 11 11 0.023120735 
610 538 5 7 0.023119044 
525 268 24 26 0.02311842 
737 526 6 6 0.023117185 
903 532 6 6 0.023094049 
961 384 13 16 0.023076136 
256 676 8 11 0.023072543 
368 502 11 11 0.023072518 
547 322 22 30 0.023071963 
1002 113 10 12 0.023071324 
132 400 23 22 0.02306857 
965 301 5 7 0.023065722 
992 346 5 8 0.023064984 
272 516 10 14 0.023043964 
491 349 9 11 0.023041153 
174 40 13 15 0.023036491 
841 303 37 47 0.023029312 
352 426 8 9 0.023023317 
226 61 19 26 0.023011446 
461 311 81 94 0.023009634 
289 518 5 7 0.022995211 
139 358 7 7 0.022991715 
708 568 8 10 0.022990385 
169 -27 24 23 0.022977883 
965 181 9 14 0.022974202 
104 436 4 5 0.02296075 
127 625 30 33 0.022960568 
440 533 21 27 0.022958076 
162 601 25 39 0.0229577 
560 716 11 17 0.022954676 
136 301 5 7 0.022948528 
705 43 5 8 0.0229408 
528 472 10 14 0.022938853 
354 647 15 18 0.022937613 
894 557 8 9 0.022920024 
231 31 5 8 0.022917097 
358 539 24 26 0.022907272 
456 451 19 23 0.022897702 
388 346 27 26 0.022894917 
866 283 4 6 0.02289239 
402 229 6 9 0.022881802 
612 5 9 13 0.022878397 
140 38 7 8 0.022873124 
724 540 21 26 0.022848634 
331 255 8 10 0.022842526 
93 65 21 27 0.022839924 
836 286 6 7 0.02283928 
254 584 20 25 0.022835935 
499 627 23 30 0.02283516 
754 339 9 9 0.022834746 
460 551 7 7 0.022827482 
528 427 10 15 0.022825979 
760 548 10 10 0.022815146 
636 515 12 17 0.022801789 
827 440 7 10 0.022796351 
566 256 15 16 0.022782193 
431 220 13 14 0.022778455 
691 454 6 8 0.02277377 
823 309 20 25 0.022773232 
846 319 7 7 0.02276867 
236 586 7 9 0.022767711 
459 391 11 16 0.022759395 
497 205 18 27 0.02275762 
87 88 26 29 0.022757439 
863 400 8 8 0.02275161 
424 635 69 97 0.022745213 
596 505 7 9 0.022740243 
977 408 10 18 0.022734227 
135 592 80 100 0.022732003 
733 585 9 10 0.022724422 
753 537 11 9 0.022720918 
968 261 21 32 0.022717698 
652 516 23 23 0.022710666 
341 97 4 6 0.022706158 
322 499 11 16 0.022699544 
861 574 9 9 0.022692211 
998 386 20 30 0.02268972 
648 335 26 32 0.022680046 
548 429 11 16 0.022667177 
366 188 22 30 0.022649152 
186 34 23 30 0.022647873 
251 619 19 29 0.02264148 
1009 600 22 29 0.02262687 
123 130 13 16 0.022621155 
977 220 10 11 0.022589402 
750 548 13 11 0.022588132 
161 348 14 13 0.022582382 
460 234 8 12 0.022569476 
714 560 9 10 0.022563962 
676 478 7 11 0.022563748 
362 446 9 10 0.022534845 
840 421 25 33 0.022531819 
860 545 4 6 0.022529323 
588 474 6 7 0.022526044 
495 536 12 15 0.022522733 
590 266 21 29 0.022518331 
544 461 19 23 0.022508854 
370 593 24 28 0.022508359 
959 474 18 27 0.022496987 
299 504 9 11 0.022490198 
476 231 22 29 0.02248497 
585 476 6 5 0.022476621 
463 408 22 28 0.022470016 
764 514 14 14 0.022468539 
677 484 6 9 0.02245559 
524 175 9 14 0.022447966 
702 266 10 8 0.022438295 
556 418 9 12 0.022435945 
745 718 5 5 0.022432175 
110 63 5 8 0.022431044 
750 571 22 28 0.022422647 
134 102 6 8 0.02241891 
371 526 23 28 0.022418397 
819 442 5 7 0.022411657 
616 519 5 6 0.022405045 
382 510 10 11 0.022403892 
926 331 8 12 0.022403348 
382 501 21 28 0.022397673 
100 473 9 11 0.022369098 
883 378 19 26 0.022363814 
740 587 11 10 0.022362879 
130 55 6 10 0.022360139 
674 450 4 5 0.022345 
348 422 21 27 0.022342872 
222 564 10 14 0.022337213 
280 117 11 13 0.022333197 
135 352 7 8 0.022323778 
921 331 8 11 0.022315018 
146 28 23 25 0.022307847 
383 434 9 10 0.022299644 
923 696 24 24 0.022294438 
310 234 12 15 0.022293385 
407 237 20 26 0.022284301 
444 560 80 81 0.022281455 
507 399 25 26 0.022279112 
590 525 5 8 0.022270933 
334 468 12 14 0.022255836 
600 491 7 8 0.022255396 
902 523 8 8 0.022254389 
443 565 6 7 0.022253938 
211 330 5 8 0.022233622 
401 523 20 27 0.02222504 
893 445 11 15 0.022221683 
201 339 5 6 0.022219595 
920 318 9 11 0.02221899 
390 225 17 24 0.022214042 
224 605 7 10 0.022206565 
676 281 11 16 0.022206193 
1018 447 7 11 0.022204189 
654 243 5 7 0.022200687 
456 641 43 50 0.022196189 
692 334 22 33 0.022195676 
902 299 7 9 0.022193776 
183 27 12 15 0.022185873 
371 441 8 9 0.022173919 
975 633 6 8 0.02215253 
881 357 9 9 0.022133498 
620 241 11 10 0.022127183 
349 572 30 28 0.02212308 
477 412 11 14 0.022119332 
337 643 29 33 0.022117527 
377 435 7 8 0.022113837 
501 391 12 16 0.022111258 
396 254 8 12 0.022107547 
724 717 8 8 0.02210647 
844 375 7 9 0.022101028 
406 540 11 17 0.022099819 
828 297 6 9 0.022090275 
577 536 6 9 0.02208698 
853 565 6 7 0.022071118 
142 300 6 7 0.022035208 
165 87 23 27 0.022023708 
871 289 4 6 0.022018598 
819 420 4 8 0.022017125 
896 371 5 7 0.022013579 
618 252 12 13 0.0220111 
849 282 5 5 0.022007242 
115 101 5 7 0.022007097 
590 22 18 26 0.021997798 
517 168 19 29 0.021986548 
657 487 7 9 0.021983035 
822 550 4 6 0.02197908 
732 518 5 5 0.021978172 
736 508 5 5 0.02196793 
884 309 6 6 0.021961514 
809 296 22 28 0.021947837 
491 335 10 13 0.021944815 
260 207 48 62 0.021943962 
492 380 10 13 0.021942897 
783 350 10 12 0.02192127 
901 327 6 7 0.021919567 
507 377 70 79 0.021917984 
997 577 43 58 0.021912431 
402 234 7 10 0.021901555 
379 314 43 50 0.021889199 
119 319 23 28 0.021873688 
1015 510 8 10 0.021870084 
696 533 9 11 0.021853816 
399 180 20 26 0.021846516 
896 364 6 7 0.021828555 
99 330 20 29 0.021827925 
735 622 8 13 0.02182027 
676 541 12 15 0.021808602 
1007 410 23 29 0.02179591 
78 494 24 29 0.02179413 
224 644 35 56 0.021783397 
261 535 8 14 0.021760516 
924 326 69 90 0.021755695 
910 336 39 51 0.021751387 
861 321 7 9 0.021749653 
280 518 6 8 0.021747587 
676 42 7 12 0.021735247 
891 429 5 7 0.021731693 
659 477 7 9 0.021729207 
985 684 7 9 0.021728296 
486 523 21 27 0.021712242 
115 64 5 7 0.021709409 
386 204 17 29 0.021706184 
682 511 8 12 0.021700237 
721 300 11 11 0.021694357 
914 677 23 24 0.021689683 
549 498 20 30 0.021689132 
957 282 19 31 0.021685883 
140 456 6 6 0.021682398 
891 351 8 9 0.021673877 
119 465 89 105 0.021666339 
953 297 21 30 0.021662448 
431 290 23 25 0.021660773 
399 560 12 15 0.021655435 
631 265 9 12 0.021646414 
549 530 8 11 0.021644479 
768 333 8 9 0.021644 
375 490 22 27 0.021642372 
649 501 10 11 0.021636924 
966 173 21 30 0.021635354 
656 502 10 11 0.021635313 
423 315 45 46 0.021634148 
958 291 9 13 0.021629868 
457 341 13 18 0.021625005 
457 564 11 13 0.021619398 
161 583 6 5 0.02160955 
471 392 9 14 0.021608047 
493 264 23 26 0.021595778 
619 311 27 32 0.021594066 
171 -15 22 22 0.021592181 
647 434 7 10 0.021591159 
165 574 24 26 0.021582957 
509 327 21 29 0.021575758 
149 363 25 26 0.021556215 
524 245 22 31 0.02154202 
979 120 7 9 0.021539295 
534 498 19 23 0.021536238 
736 556 24 22 0.021530025 
376 522 10 12 0.021511743 
957 259 20 38 0.021508291 
381 532 27 33 0.021504896 
970 382 34 48 0.021504473 
792 348 9 13 0.02149652 
965 190 10 13 0.021494852 
666 473 6 9 0.021489635 
327 634 14 17 0.021486506 
1002 333 4 6 0.02148403 
445 252 21 30 0.021483293 
832 330 12 15 0.021479934 
629 506 4 6 0.021465978 
1010 429 18 26 0.021464206 
230 548 7 10 0.021457767 
135 95 6 8 0.021452427 
547 508 10 15 0.021450808 
888 321 21 24 0.021449475 
673 398 8 12 0.021447668 
614 568 8 8 0.021430552 
994 116 14 15 0.021425288 
1001 476 3 5 0.021425085 
396 89 7 8 0.021425055 
684 283 8 12 0.02140956 
597 492 6 6 0.021399667 
502 649 66 89 0.02136776 
967 714 8 10 0.021356547 
802 553 3 4 0.021345628 
191 608 40 64 0.021342259 
951 207 11 13 0.021341005 
109 390 6 9 0.021338854 
582 478 7 7 0.021334367 
537 174 8 14 0.021332957 
608 530 6 8 0.021321729 
220 88 24 27 0.02131831 
614 549 6 8 0.021317603 
564 21 4 5 0.021316225 
561 424 20 24 0.021314498 
722 541 7 8 0.021310575 
800 415 4 7 0.02129987 
563 25 4 7 0.021277748 
303 517 6 8 0.021273185 
609 45 6 8 0.021269511 
330 177 72 92 0.021263722 
466 510 8 10 0.021259924 
793 399 6 7 0.021255974 
882 427 5 8 0.021251608 
995 486 4 6 0.021249346 
890 327 31 44 0.02124859 
262 664 7 9 0.021245196 
935 268 45 63 0.021240342 
980 597 18 28 0.021238755 
301 537 8 10 0.021238744 
497 290 12 15 0.021236937 
810 411 3 4 0.021236641 
468 153 7 12 0.021234058 
850 569 8 10 0.02120909 
891 334 6 6 0.021204986 
871 250 6 6 0.021204516 
135 308 6 6 0.021201335 
452 220 20 27 0.021198936 
835 589 5 6 0.021188406 
362 237 12 16 0.021188302 
355 520 21 26 0.021186415 
632 260 8 11 0.021183057 
986 333 5 7 0.021176584 
359 449 22 27 0.021171289 
968 372 11 12 0.021168094 
281 524 6 8 0.021144625 
574 510 20 28 0.02114139 
119 312 8 10 0.021127572 
371 490 9 14 0.02112713 
102 461 7 7 0.02112711 
1001 689 6 11 0.021120075 
363 457 11 15 0.021119997 
684 503 7 10 0.02111392 
180 62 15 21 0.02110635 
543 733 20 32 0.021097235 
705 30 6 9 0.02109473 
315 186 6 6 0.021089163 
807 458 42 55 0.021078406 
326 174 9 9 0.02106957 
579 574 5 8 0.021059424 
768 286 21 23 0.02105395 
801 452 5 6 0.021048512 
923 470 25 28 0.02101458 
384 476 24 31 0.021010416 
595 517 7 9 0.021009337 
494 242 21 32 0.020989377 
886 369 9 9 0.020978363 
118 365 20 22 0.020976584 
99 436 4 5 0.020958487 
355 234 12 17 0.020957714 
170 307 6 7 0.020942904 
938 467 24 29 0.020940822 
141 352 7 8 0.020935005 
722 569 10 12 0.020934112 
435 601 20 31 0.020924587 
592 506 5 7 0.020914948 
135 108 5 8 0.02089433 
622 269 21 28 0.020894064 
137 294 18 21 0.020892164 
402 510 9 11 0.020891925 
560 704 24 34 0.020890303 
481 368 14 17 0.020889746 
483 521 9 12 0.02088969 
966 664 6 11 0.020888047 
695 513 42 46 0.020885399 
966 158 8 10 0.020883067 
505 747 25 23 0.020878846 
138 374 11 11 0.020875271 
163 374 25 23 0.020867115 
599 0 7 7 0.020865109 
330 246 10 13 0.020860704 
973 490 7 10 0.020858744 
761 633 26 31 0.020848535 
663 458 8 11 0.020830553 
259 512 182 164 0.020826412 
734 572 25 22 0.020826409 
886 689 12 11 0.020825556 
566 274 25 30 0.02082484 
-14 600 91 153 0.02082169 
906 521 9 9 0.020821225 
211 587 6 11 0.020810334 
348 491 8 12 0.020805625 
618 259 11 12 0.020804806 
535 181 10 17 0.020803427 
529 495 9 12 0.020802917 
409 89 6 8 0.020802474 
979 633 6 9 0.02079746 
527 73 87 119 0.020791782 
283 511 5 8 0.020789316 
235 594 7 8 0.020788187 
153 605 9 8 0.020781683 
127 322 11 12 0.020778658 
616 538 5 6 0.020773929 
509 488 11 16 0.02077015 
521 492 11 14 0.020768961 
789 442 4 6 0.020768592 
902 535 8 8 0.02076401 
573 412 20 27 0.020755442 
277 574 12 16 0.020754497 
102 464 7 9 0.02075219 
994 72 20 21 0.02074959 
362 378 82 79 0.020747632 
321 182 8 9 0.020745598 
354 553 24 28 0.020743992 
542 682 9 18 0.02073984 
966 202 11 12 0.020736039 
809 553 3 4 0.0207276 
375 197 20 31 0.020727243 
999 694 6 10 0.020723587 
535 528 20 24 0.02071614 
129 451 4 4 0.020713883 
567 455 25 27 0.02071235 
683 754 23 22 0.020711217 
695 266 9 9 0.020701932 
293 487 20 29 0.020695653 
99 443 4 6 0.020695534 
114 390 7 10 0.020695055 
130 52 5 8 0.02068574 
452 235 21 30 0.020682834 
263 671 6 8 0.020671338 
893 589 8 8 0.020670466 
291 489 10 14 0.020668242 
972 486 6 10 0.020653078 
1006 505 20 23 0.020648845 
116 106 6 8 0.020636626 
979 329 22 35 0.020635521 
408 232 9 13 0.020629268 
703 360 21 26 0.020624101 
227 689 10 16 0.020623691 
150 363 13 11 0.020610258 
590 539 4 6 0.020606339 
455 509 19 26 0.020602552 
395 510 8 11 0.020598602 
1010 506 7 7 0.020593576 
755 353 9 13 0.020592406 
139 363 8 8 0.020590926 
433 586 8 11 0.020590618 
496 695 27 31 0.020589286 
588 49 7 11 0.020586468 
699 259 4 4 0.020574925 
887 295 5 6 0.0205734 
281 242 8 8 0.020569084 
790 523 8 10 0.020567503 
602 348 42 50 0.020566806 
983 573 8 12 0.020546988 
719 586 13 13 0.02054539 
170 676 22 31 0.0205439 
411 223 6 10 0.020542093 
502 682 23 27 0.020533916 
645 502 8 10 0.020525856 
116 304 7 10 0.02051977 
438 556 17 24 0.020518491 
432 589 18 29 0.020516958 
891 463 8 14 0.020513862 
680 497 6 9 0.020508863 
342 678 13 18 0.020508574 
679 59 4 7 0.020503309 
613 263 21 24 0.020500796 
101 69 7 10 0.020500185 
965 331 11 16 0.020494506 
633 510 7 9 0.020485297 
560 21 3 5 0.020482896 
405 489 23 27 0.020478852 
748 344 32 40 0.020473985 
230 540 9 12 0.020471515 
509 756 10 8 0.020471098 
446 566 19 22 0.02046304 
129 110 5 6 0.020459928 
196 41 10 14 0.020458402 
484 175 9 18 0.020453367 
584 37 5 9 0.0204476 
563 577 4 6 0.020447303 
1015 112 11 15 0.020446694 
710 544 6 6 0.020445777 
825 549 4 7 0.020443022 
497 522 8 11 0.020442791 
608 472 10 12 0.020442605 
417 305 24 28 0.020442404 
485 322 24 29 0.020441879 
543 383 20 29 0.020440476 
944 557 73 81 0.020440241 
157 -27 22 23 0.020439032 
1006 512 6 7 0.020438006 
801 405 4 5 0.020427976 
796 427 5 8 0.020425415 
667 527 23 28 0.020408355 
131 474 5 5 0.020407673 
439 579 9 11 0.020395871 
375 510 10 11 0.020390054 
459 560 9 10 0.020389931 
458 369 14 17 0.020388799 
971 138 9 12 0.020387193 
636 490 5 8 0.020385344 
690 22 9 13 0.020384492 
1006 340 6 10 0.020379983 
255 663 8 11 0.020379746 
854 557 4 5 0.020363215 
988 492 20 29 0.020361846 
630 328 14 15 0.020360814 
608 517 7 9 0.02035898 
191 22 21 28 0.020355316 
888 434 20 29 0.020355042 
548 539 9 11 0.02035297 
349 459 81 98 0.020349449 
577 463 25 25 0.020348541 
356 457 10 14 0.020345256 
375 540 12 15 0.02034488 
669 479 5 8 0.020339707 
554 438 11 14 0.020334385 
600 583 27 21 0.020320095 
968 595 6 10 0.020311797 
408 580 20 27 0.02030767 
741 579 11 10 0.020306757 
409 210 6 10 0.020303806 
633 37 5 9 0.020300841 
190 577 17 26 0.020286068 
117 489 4 5 0.020284316 
566 418 10 12 0.020278435 
983 585 9 13 0.020273246 
337 482 10 13 0.020272022 
409 524 6 9 0.020262793 
704 538 6 7 0.020260898 
303 525 5 7 0.020259086 
159 106 10 15 0.020254862 
740 331 9 11 0.020241272 
249 545 20 27 0.02022809 
977 118 46 48 0.020225806 
430 487 20 26 0.020219175 
229 594 8 10 0.02021736 
591 558 5 6 0.020214988 
993 341 4 6 0.020212645 
561 512 12 18 0.020210424 
566 568 4 6 0.020202901 
829 283 5 5 0.020199787 
527 209 20 28 0.02019754 
249 664 8 12 0.020194715 
918 440 75 97 0.02019422 
742 518 12 11 0.020194167 
986 85 5 5 0.020184834 
964 151 10 11 0.020177752 
522 360 11 16 0.020173417 
797 442 3 5 0.020172281 
232 611 7 12 0.020171514 
342 437 20 29 0.020141602 
444 389 24 32 0.020139446 
567 769 12 14 0.020138826 
507 767 15 16 0.020137187 
458 226 9 13 0.020135783 
632 271 9 13 0.02013021 
490 200 11 18 0.020128112 
497 387 10 13 0.020124793 
800 716 9 7 0.020124426 
886 378 10 13 0.020120757 
882 416 6 7 0.020119414 
1005 710 5 8 0.020119103 
502 297 15 17 0.020111866 
642 493 4 6 0.02010202 
243 89 22 24 0.0200974 
395 198 17 29 0.020096272 
497 615 12 16 0.020086616 
822 545 4 7 0.020081164 
869 352 23 20 0.020075107 
336 244 12 16 0.020070966 
233 97 12 15 0.020068988 
792 729 25 21 0.02006544 
360 654 17 19 0.020065242 
367 258 24 29 0.020060522 
816 303 9 12 0.020058513 
1019 420 7 10 0.020052023 
712 252 4 3 0.020051327 
140 638 8 10 0.020050406 
162 591 5 4 0.020045295 
209 611 7 12 0.020043628 
404 225 5 7 0.020032983 
154 612 9 9 0.020029783 
213 320 4 6 0.02002956 
487 493 8 10 0.020026619 
674 279 6 10 0.020024905 
262 598 9 11 0.020024821 
719 575 14 15 0.02002464 
143 294 5 7 0.020013133 
491 484 8 10 0.020009765 
200 61 23 29 0.020008633 
488 498 21 30 0.02000639 
406 351 47 49 0.020000242 
