0_Parade_marchingband_1_822
51
179 96 70 100 0.9974389 
643 130 57 81 0.9965436 
883 69 61 71 0.99520653 
751 94 35 44 0.9912005 
447 130 49 58 0.959819 
303 81 81 72 0.4617673 
378 168 32 28 0.39492685 
227 254 57 68 0.1724884 
707 471 24 25 0.09421391 
274 178 25 27 0.07656252 
627 118 26 37 0.0732025 
844 94 42 50 0.06619733 
826 86 40 47 0.06208706 
389 135 15 15 0.0482248 
630 421 89 85 0.048128817 
64 233 8 12 0.04325352 
82 331 80 132 0.04089136 
299 120 78 85 0.038208585 
673 472 22 25 0.036852933 
286 42 132 148 0.03666458 
571 209 71 45 0.03646945 
308 155 24 24 0.032354735 
861 81 51 53 0.031418305 
351 130 74 77 0.031188963 
668 449 34 31 0.030731827 
819 71 27 36 0.030040564 
726 499 10 13 0.029384159 
590 450 36 66 0.028665747 
718 88 31 47 0.02762035 
476 147 24 27 0.027526416 
561 175 27 24 0.02750528 
374 150 24 23 0.027464846 
799 91 34 44 0.026787264 
289 175 16 22 0.026157115 
415 104 14 11 0.024797214 
732 103 11 16 0.024270747 
690 462 21 27 0.023037607 
688 478 9 13 0.022622585 
281 156 36 46 0.022607364 
328 116 37 31 0.022452343 
-19 -194 171 169 0.02236753 
808 465 6 8 0.02172962 
700 471 7 10 0.021656742 
404 105 25 23 0.021624142 
391 124 24 24 0.021269599 
494 184 34 52 0.021193663 
595 427 79 106 0.020988034 
866 84 14 14 0.020689914 
755 117 26 35 0.020543164 
858 85 24 27 0.020480115 
282 170 17 21 0.02041858 
