0_Parade_Parade_0_906
28
243 260 90 127 0.9990614 
442 258 104 144 0.998933 
560 262 71 105 0.9982079 
350 283 63 99 0.9969022 
648 232 125 161 0.9939626 
899 518 34 41 0.534876 
148 63 5 6 0.03971326 
224 38 6 6 0.039267316 
172 11 7 7 0.03856971 
172 8 5 6 0.03621503 
217 12 6 6 0.029810032 
301 12 6 6 0.028713662 
294 38 6 6 0.02809568 
781 89 5 5 0.026353285 
210 38 6 6 0.026070878 
47 13 4 5 0.024806533 
245 12 6 6 0.0244112 
73 12 5 6 0.023913676 
267 38 4 5 0.02312675 
513 89 5 7 0.022654172 
769 89 5 6 0.022183241 
117 114 5 7 0.021994742 
59 12 4 6 0.021938376 
628 38 6 6 0.021909878 
724 588 6 7 0.021720277 
915 629 9 10 0.021348156 
765 220 68 97 0.02094264 
2 621 5 8 0.020709584 
