34_Baseball_Baseball_34_164
410
293 359 17 20 0.90498656 
749 307 18 20 0.8896336 
822 281 13 15 0.8555565 
153 383 28 25 0.45323613 
144 396 32 23 0.16201043 
169 361 13 11 0.0767528 
828 312 14 17 0.07017484 
402 322 9 11 0.06340383 
892 261 13 17 0.054532897 
318 101 12 15 0.052826054 
375 4 10 8 0.049318038 
991 281 30 22 0.048505884 
882 253 9 10 0.048285812 
725 175 15 11 0.04705538 
861 723 26 16 0.045386016 
-17 -147 196 178 0.04448618 
9 594 20 28 0.04397954 
974 709 18 12 0.043409985 
244 398 15 18 0.042484876 
888 248 9 9 0.04122922 
176 20 10 10 0.040451795 
220 23 12 10 0.038799003 
233 0 17 8 0.037940282 
956 207 13 13 0.03792561 
876 253 9 10 0.03787652 
913 247 9 11 0.037408724 
0 585 36 52 0.036937334 
407 337 10 13 0.036516674 
861 276 25 25 0.035862163 
882 259 10 11 0.034882173 
827 287 13 14 0.034855947 
589 658 58 44 0.034695372 
369 293 8 8 0.034467623 
266 43 12 10 0.034289904 
589 331 6 8 0.03422691 
805 664 24 18 0.034009114 
870 252 9 12 0.033817764 
413 286 9 9 0.033689585 
956 284 11 11 0.033559367 
364 293 8 8 0.03337436 
401 305 8 10 0.03305449 
640 406 17 13 0.032992207 
390 305 8 10 0.03262991 
988 318 17 14 0.032543205 
57 622 117 86 0.032349594 
811 288 33 40 0.03232106 
391 320 7 10 0.032305 
887 253 10 11 0.03226389 
172 19 8 8 0.031862207 
341 0 13 9 0.031395707 
747 679 24 17 0.03134514 
861 253 9 12 0.031315763 
421 293 10 11 0.03131431 
397 324 7 9 0.031265955 
221 18 11 9 0.031089747 
221 364 9 9 0.03106192 
173 386 12 15 0.030905107 
592 150 13 13 0.030899419 
357 315 12 12 0.030751536 
164 357 12 11 0.03072737 
833 305 20 23 0.030583646 
397 320 6 7 0.030493474 
797 285 11 13 0.030486634 
426 293 9 10 0.030357357 
749 363 27 26 0.030331291 
820 165 8 9 0.03015451 
539 299 12 11 0.030083803 
403 287 7 10 0.029904604 
898 298 16 12 0.029874586 
786 146 8 11 0.029788442 
588 327 6 7 0.02931146 
2 644 49 88 0.02927832 
126 381 43 44 0.029225118 
158 329 10 12 0.029210646 
817 297 10 12 0.029174605 
894 235 10 9 0.029082246 
248 -6 30 20 0.028954113 
371 148 96 111 0.028826073 
220 13 12 8 0.028786847 
604 80 441 443 0.028727194 
435 113 10 9 0.028713547 
458 49 26 20 0.028609097 
810 166 8 8 0.028542144 
237 2 19 11 0.028534694 
177 326 15 14 0.028489871 
362 286 9 10 0.028398236 
888 242 10 9 0.028352702 
695 176 13 10 0.0282037 
809 156 12 11 0.028182566 
744 315 17 19 0.028081335 
966 294 8 8 0.027970387 
829 291 19 23 0.02784143 
408 319 8 10 0.02775141 
867 210 11 12 0.027737502 
414 291 11 11 0.02768465 
974 318 13 13 0.02764811 
864 261 21 25 0.027634764 
775 665 28 17 0.02759763 
422 287 7 7 0.027579335 
94 381 28 27 0.027440187 
891 302 16 14 0.027385004 
817 285 13 17 0.027337272 
900 234 10 10 0.0272689 
944 171 9 9 0.027254207 
574 177 11 10 0.027208317 
249 190 9 9 0.02715749 
798 292 22 24 0.027138276 
242 2 29 20 0.027107613 
899 268 13 17 0.027017849 
745 168 14 12 0.026947068 
-5 -144 54 146 0.026913866 
206 11 16 10 0.026847584 
402 337 10 13 0.02677184 
788 140 6 6 0.02676203 
179 440 8 12 0.02674514 
170 721 14 9 0.026714016 
125 24 10 10 0.026682436 
151 440 29 28 0.02663318 
805 166 8 9 0.026633032 
127 311 237 176 0.026555283 
800 159 7 8 0.026550831 
538 306 22 23 0.026395923 
173 378 25 28 0.026302947 
873 194 12 12 0.026251357 
215 0 12 6 0.026225809 
180 14 7 5 0.026123052 
817 156 11 11 0.02611032 
975 132 13 9 0.026103 
402 300 7 9 0.026041849 
433 120 11 10 0.025966201 
403 313 7 7 0.025911992 
434 306 10 10 0.025906047 
798 303 39 44 0.025882557 
801 254 74 87 0.025832111 
370 287 8 9 0.0258315 
880 279 23 23 0.02581683 
849 389 8 10 0.025811875 
483 225 3 4 0.025805863 
874 267 10 11 0.025762966 
350 631 32 29 0.025762258 
167 395 15 16 0.025755854 
877 263 20 25 0.025622353 
463 191 22 27 0.025559654 
433 303 21 21 0.025377415 
797 298 12 14 0.025299625 
160 318 7 8 0.025152944 
879 170 11 12 0.0251132 
855 258 12 14 0.025074791 
849 184 9 9 0.024993615 
819 172 8 7 0.024955971 
542 293 10 10 0.02481052 
963 517 13 10 0.024783634 
845 190 9 9 0.024736151 
703 702 26 19 0.024582509 
230 22 26 21 0.024553014 
395 301 41 45 0.024460081 
432 126 11 10 0.024419995 
982 587 14 10 0.024371184 
123 721 14 12 0.024359366 
596 319 6 7 0.024330162 
262 173 8 7 0.024306823 
469 160 6 7 0.024305353 
908 247 9 11 0.024263717 
830 192 7 6 0.024262333 
972 287 9 8 0.024249686 
849 178 9 9 0.024237715 
815 158 21 23 0.024194188 
414 323 8 11 0.024136938 
965 287 8 7 0.023968041 
304 629 34 26 0.023967478 
899 219 14 12 0.023956371 
318 96 10 11 0.023949515 
885 206 15 13 0.02393084 
584 688 59 47 0.023918897 
561 285 10 11 0.02390871 
406 170 14 12 0.023906872 
548 293 9 9 0.02382385 
840 643 16 10 0.02381867 
342 312 9 8 0.02375999 
227 18 13 9 0.023692064 
791 150 8 10 0.023635922 
546 289 23 26 0.023633778 
183 19 7 8 0.023606483 
426 107 9 9 0.023588227 
595 304 8 9 0.023578303 
594 170 9 11 0.023572318 
600 305 6 8 0.02346966 
666 5 28 19 0.023465514 
893 242 11 10 0.02344359 
793 140 6 6 0.0233663 
888 268 22 26 0.023351489 
422 281 7 7 0.023348166 
138 183 10 10 0.023343952 
445 117 12 12 0.023333058 
811 172 8 7 0.02331703 
854 290 24 25 0.023314975 
251 -18 26 18 0.02329982 
889 222 10 10 0.02329559 
245 243 15 12 0.023282444 
454 158 6 8 0.023235086 
799 152 7 9 0.023184616 
855 178 9 8 0.0231806 
238 17 12 9 0.022997981 
883 243 8 7 0.02296173 
255 178 9 8 0.02291758 
432 292 8 9 0.022904215 
312 31 10 9 0.02287159 
362 295 21 22 0.022855343 
512 252 92 93 0.022834385 
877 243 7 7 0.022829853 
945 286 11 11 0.02282455 
366 334 14 16 0.022810273 
231 11 25 18 0.022762412 
267 178 9 8 0.022743694 
838 204 6 7 0.02274232 
788 387 20 23 0.022728221 
843 185 21 21 0.022716943 
803 256 23 23 0.022713257 
567 177 11 10 0.02269339 
413 292 19 21 0.022660881 
336 327 11 13 0.02265214 
589 320 5 7 0.022641748 
888 172 8 10 0.022635408 
869 259 9 11 0.022621868 
976 297 11 12 0.02261348 
188 355 26 18 0.022611268 
560 172 22 21 0.022594877 
851 223 7 9 0.022570893 
583 326 6 7 0.02256652 
817 249 10 11 0.022486035 
446 157 8 9 0.022482118 
850 146 9 7 0.022475831 
153 38 8 7 0.022460649 
877 301 26 24 0.022447811 
415 317 9 11 0.022439081 
568 285 9 11 0.022414092 
862 249 9 10 0.022412179 
835 290 11 13 0.022387223 
147 317 6 9 0.022341961 
164 317 9 10 0.022339394 
161 314 7 8 0.022339314 
285 30 23 21 0.022336867 
292 36 11 11 0.022258718 
185 377 25 24 0.022215927 
880 278 11 13 0.022203464 
843 276 11 15 0.022200996 
995 356 13 10 0.022191135 
887 164 9 9 0.02218312 
325 169 46 55 0.022172064 
161 306 8 8 0.022152796 
375 308 12 14 0.022129571 
438 127 10 9 0.022127654 
428 287 7 8 0.022112265 
164 324 9 10 0.022096364 
263 178 8 7 0.022087093 
491 698 27 16 0.022061821 
830 675 14 13 0.022047702 
103 398 28 27 0.02201269 
810 225 24 27 0.022000667 
316 95 5 7 0.021996584 
972 280 9 9 0.021984844 
905 293 13 12 0.021977078 
798 279 21 22 0.021932472 
824 163 9 10 0.021930499 
889 235 9 9 0.021916898 
886 299 15 11 0.021895833 
141 318 6 7 0.021887785 
558 281 21 25 0.021881735 
276 17 26 20 0.021875646 
97 122 440 485 0.021856513 
824 190 9 8 0.021851854 
179 434 7 10 0.021850366 
466 197 8 12 0.02183589 
870 236 7 7 0.021826178 
120 12 9 8 0.021825636 
880 197 9 9 0.021823201 
614 406 19 13 0.02182118 
158 362 11 9 0.021820327 
419 145 12 11 0.021805178 
99 207 12 11 0.021799752 
409 314 7 7 0.021792233 
878 249 19 20 0.02175467 
0 321 99 126 0.021738166 
815 391 21 26 0.021736866 
409 306 7 9 0.021729764 
70 243 5 7 0.021667877 
601 178 21 24 0.021662703 
576 281 6 7 0.02165956 
433 119 25 24 0.021656029 
413 374 14 12 0.021648938 
433 300 9 9 0.021645304 
567 318 12 14 0.021625748 
927 139 8 8 0.021615215 
214 19 13 10 0.021573197 
101 690 28 22 0.021571849 
839 390 20 26 0.02156524 
893 247 10 10 0.021556294 
353 496 12 11 0.021548586 
61 215 12 11 0.021524986 
345 301 23 22 0.021523386 
824 198 10 7 0.02150676 
516 325 11 10 0.021483375 
530 295 23 20 0.021475723 
119 189 11 11 0.02147258 
86 171 46 54 0.021453483 
451 114 9 8 0.021440826 
171 311 9 10 0.021438813 
963 298 10 12 0.02143299 
287 0 25 17 0.021415697 
484 220 3 5 0.021397565 
973 292 9 9 0.021357901 
900 260 9 13 0.021331934 
172 14 7 6 0.021325763 
574 291 8 10 0.021315778 
520 302 14 13 0.021313068 
649 7 98 102 0.021267235 
823 170 10 9 0.021263307 
549 285 10 10 0.021223493 
408 329 8 10 0.021191373 
447 197 7 10 0.021187767 
303 127 5 7 0.021172287 
863 215 11 11 0.021153066 
782 150 8 11 0.021132585 
906 234 10 10 0.021131681 
111 431 5 5 0.021129316 
580 303 9 11 0.021121118 
865 735 27 17 0.021110155 
153 26 8 6 0.02108374 
851 179 46 43 0.021077797 
410 299 7 10 0.02107712 
830 199 7 6 0.021065427 
427 208 11 13 0.021039797 
455 126 8 10 0.021039166 
140 178 9 8 0.021037323 
426 137 27 23 0.021028953 
867 189 13 13 0.021022527 
229 178 8 8 0.021013081 
781 145 8 10 0.020990854 
306 25 21 20 0.020969428 
168 563 25 27 0.020953918 
165 177 9 9 0.02092936 
213 5 15 8 0.020925958 
-5 580 96 94 0.020919437 
131 356 11 10 0.020903818 
804 137 13 10 0.020902703 
315 113 23 30 0.020901892 
830 134 8 6 0.020864177 
430 107 24 21 0.020859187 
285 36 12 11 0.02082873 
153 31 8 7 0.020811316 
771 696 26 19 0.020806247 
615 184 7 8 0.020783918 
227 23 14 11 0.020781305 
777 292 12 15 0.020778958 
854 328 11 15 0.020713434 
259 253 11 13 0.020708762 
461 180 7 12 0.020703655 
368 311 11 12 0.020690676 
471 198 8 10 0.020665726 
383 285 9 12 0.020665484 
414 281 8 8 0.020660661 
685 618 20 13 0.020657986 
844 165 8 9 0.02065545 
952 281 11 10 0.020654859 
351 313 9 8 0.020627486 
165 304 9 9 0.020609625 
963 279 10 10 0.020605167 
177 573 10 11 0.02055812 
914 258 10 13 0.020540679 
902 248 8 9 0.020539343 
391 328 8 13 0.020529322 
294 5 10 7 0.020498777 
125 7 8 6 0.020491628 
70 247 6 9 0.020488612 
144 371 30 26 0.020449871 
431 313 15 14 0.020445772 
812 265 22 24 0.020423887 
798 159 22 23 0.020418499 
399 287 6 9 0.020396775 
99 436 27 25 0.020383753 
952 165 10 9 0.020356156 
849 108 12 8 0.020330302 
596 314 6 7 0.020310894 
888 228 11 10 0.020295989 
460 145 6 9 0.020285083 
462 191 6 8 0.020281572 
611 88 25 19 0.020271143 
409 290 8 10 0.020256717 
895 162 11 12 0.020251088 
949 599 16 10 0.020249195 
434 108 10 9 0.020220835 
823 295 10 12 0.020203425 
399 322 18 22 0.020176739 
855 185 8 8 0.020175023 
881 164 10 11 0.02016132 
602 320 5 7 0.020155087 
811 296 11 14 0.020143643 
963 177 10 8 0.020142175 
977 447 11 9 0.020139154 
840 199 5 6 0.020109309 
766 150 13 11 0.02009406 
911 254 20 25 0.02009313 
936 657 14 10 0.02008971 
333 314 8 7 0.020087335 
598 119 13 11 0.020076534 
241 229 11 9 0.0200271 
251 157 22 22 0.020026151 
201 721 13 9 0.0200221 
150 721 15 10 0.0200093 
958 292 9 10 0.020007024 
