39_Ice_Skating_iceskiing_39_595
313
567 229 91 86 0.9872268 
819 167 49 61 0.43558648 
233 283 447 339 0.3000978 
744 151 167 147 0.15657377 
583 398 90 84 0.12339655 
590 132 414 392 0.11905709 
347 264 33 26 0.09655337 
246 272 50 40 0.09472905 
425 257 38 38 0.09164795 
565 160 112 71 0.084987365 
433 276 33 31 0.08191297 
210 246 19 34 0.07851236 
178 427 47 64 0.07283014 
-19 -123 189 154 0.07166349 
320 265 30 25 0.07138228 
531 266 10 11 0.069613986 
69 365 457 385 0.061896857 
543 272 8 10 0.058649138 
23 -74 349 468 0.058373097 
272 265 33 34 0.05781434 
342 254 26 25 0.05775218 
883 111 42 32 0.055644546 
419 287 34 25 0.05366237 
308 272 28 33 0.053329308 
401 311 121 93 0.053109445 
210 300 45 52 0.05275292 
220 268 48 48 0.051905558 
667 347 4 5 0.051357657 
362 261 29 20 0.046897512 
674 346 4 5 0.045575753 
281 238 113 76 0.045192316 
684 212 8 9 0.04426273 
513 188 168 159 0.04373114 
808 191 32 35 0.043182675 
685 201 83 89 0.043007195 
213 313 24 29 0.042251553 
394 260 54 47 0.041371465 
836 144 49 55 0.041344162 
323 277 33 31 0.04013546 
586 167 36 31 0.04012912 
366 225 224 178 0.0396497 
364 272 29 28 0.03873721 
358 261 61 48 0.03844619 
653 238 7 7 0.038168594 
662 239 4 6 0.03732501 
612 182 11 12 0.037190754 
660 310 23 26 0.03681419 
411 257 26 31 0.03607438 
104 539 47 73 0.034866255 
350 247 26 23 0.03441179 
779 177 70 58 0.034146644 
485 350 10 11 0.033977393 
854 185 11 19 0.033788387 
681 354 4 4 0.033686772 
77 491 179 197 0.033565514 
630 187 13 16 0.03336681 
675 363 4 7 0.033309378 
160 106 456 349 0.033089045 
237 230 90 78 0.032959815 
624 181 34 39 0.032929868 
556 171 21 25 0.032857146 
32 -95 277 172 0.03270359 
793 195 31 35 0.03264352 
310 256 26 26 0.032584347 
680 359 4 7 0.032371387 
862 102 96 65 0.03233416 
662 245 4 5 0.03223168 
215 337 22 25 0.032218844 
448 257 25 39 0.032183453 
303 336 39 45 0.031764068 
507 428 49 52 0.031633563 
368 249 27 22 0.031403266 
126 479 23 22 0.031349 
569 162 28 29 0.031080555 
291 272 28 33 0.03105377 
712 430 480 419 0.030989554 
829 183 14 15 0.030776432 
635 178 14 16 0.03075321 
483 341 13 14 0.03063156 
680 363 5 7 0.030554313 
625 181 12 13 0.030339777 
9 543 17 61 0.030109908 
675 321 21 27 0.030058393 
325 246 24 23 0.030038912 
383 265 98 76 0.03002506 
910 114 28 32 0.030022306 
625 189 10 13 0.030006202 
94 486 23 23 0.029995719 
312 279 12 18 0.029995536 
107 486 23 23 0.029751077 
707 219 33 38 0.02968826 
260 244 25 25 0.029526498 
469 316 14 14 0.02938517 
818 215 9 12 0.02937776 
678 233 38 56 0.02935708 
823 206 13 14 0.02928824 
490 341 13 14 0.029056448 
475 330 54 44 0.028969886 
653 351 5 7 0.028966738 
849 172 26 41 0.028912904 
546 410 47 54 0.028634815 
650 237 26 36 0.028608458 
846 195 13 19 0.028571337 
673 341 6 7 0.02834504 
619 166 32 29 0.028329546 
462 322 14 16 0.028105808 
595 203 166 201 0.028024152 
444 295 13 13 0.027893258 
260 261 27 30 0.027813306 
322 378 28 31 0.027764166 
643 215 83 111 0.027717791 
666 341 4 5 0.027695883 
101 549 18 32 0.027408782 
411 239 28 22 0.027358035 
434 299 30 33 0.027164156 
100 560 10 18 0.02711055 
456 276 14 17 0.027031707 
114 474 22 22 0.026978696 
533 271 24 34 0.02686382 
492 349 10 12 0.026740415 
224 326 25 30 0.026716894 
816 205 13 16 0.02631885 
100 499 24 23 0.026275022 
867 163 13 20 0.026237909 
680 344 5 8 0.026233295 
848 182 11 16 0.026222687 
697 203 8 8 0.026217042 
848 -145 270 149 0.026188904 
491 256 47 57 0.026165327 
670 300 22 23 0.025903592 
847 172 57 65 0.025842432 
837 185 11 12 0.025755867 
652 199 48 47 0.025620688 
619 190 9 10 0.02562046 
413 296 30 30 0.025578437 
665 358 6 8 0.025495294 
365 347 561 453 0.025446033 
606 174 36 33 0.025412943 
411 221 27 22 0.025339875 
620 195 9 12 0.025308035 
246 270 24 28 0.025300063 
220 262 26 30 0.025210246 
687 352 5 7 0.02515718 
681 334 19 27 0.025110418 
674 359 4 7 0.024846507 
819 171 18 21 0.02483716 
845 135 30 31 0.024820149 
323 242 12 10 0.024709143 
931 407 23 21 0.024706135 
630 196 13 17 0.024680067 
812 216 9 11 0.024660146 
814 210 26 35 0.02464357 
698 212 27 28 0.024623848 
470 329 13 14 0.02453185 
685 184 8 9 0.02436054 
138 479 24 23 0.024352634 
857 176 9 13 0.024315886 
352 423 48 51 0.024233757 
284 244 25 28 0.024211615 
81 185 194 236 0.024159921 
690 206 7 7 0.024137301 
802 193 14 16 0.02409868 
687 215 8 9 0.024094433 
127 466 22 23 0.024017157 
836 204 11 15 0.023993328 
628 427 33 32 0.02397924 
212 311 7 12 0.023942098 
435 358 68 45 0.02392918 
454 458 116 107 0.02388609 
861 165 11 16 0.023830356 
637 188 12 13 0.023804232 
310 247 12 11 0.02366478 
668 251 5 6 0.023660561 
126 492 23 22 0.023626426 
336 402 44 46 0.023521027 
672 208 8 12 0.023471002 
454 300 28 28 0.023384226 
458 263 10 18 0.023360439 
231 603 55 53 0.023176113 
210 298 23 30 0.023145473 
683 218 9 12 0.023087388 
183 271 41 65 0.023010409 
464 221 24 24 0.022980684 
676 211 23 28 0.022970064 
382 239 25 23 0.022891955 
688 362 4 7 0.022825878 
667 352 4 5 0.022744011 
212 577 48 50 0.022739543 
842 188 11 16 0.02273857 
401 561 25 27 0.022689857 
419 230 27 20 0.022681437 
52 235 108 120 0.022679802 
513 325 24 27 0.02261878 
604 181 13 12 0.022613158 
467 280 8 11 0.02259196 
288 418 28 32 0.022565484 
291 422 53 56 0.022563417 
563 185 6 8 0.022531549 
250 252 21 24 0.022508556 
655 245 4 5 0.022505462 
541 461 118 115 0.02249159 
448 286 18 17 0.022460029 
688 359 4 7 0.022459315 
363 239 25 23 0.022457942 
280 655 102 99 0.02243992 
477 230 27 26 0.022408163 
553 161 60 49 0.022395363 
213 332 51 55 0.022330562 
613 189 10 11 0.022306005 
386 784 133 111 0.0222661 
362 241 11 10 0.022259386 
249 235 24 27 0.022115981 
226 245 18 29 0.02210649 
682 371 3 6 0.022047805 
278 312 23 33 0.022032937 
125 272 12 11 0.022026446 
616 175 15 13 0.022019628 
211 337 7 12 0.021981128 
146 465 22 24 0.02194548 
563 195 8 12 0.021860162 
666 326 20 28 0.02182645 
831 206 10 14 0.021821788 
661 348 4 4 0.021818975 
356 241 11 10 0.021805996 
331 236 9 8 0.021800032 
461 320 28 30 0.021797208 
649 188 30 35 0.021783082 
841 200 13 19 0.02177266 
710 205 26 23 0.02176148 
661 250 4 6 0.021758948 
472 434 56 53 0.021722587 
199 256 38 54 0.02171744 
672 157 23 24 0.021711737 
476 323 13 14 0.02161962 
385 258 25 24 0.021619003 
356 248 11 10 0.0216088 
272 669 13 12 0.021607904 
63 468 111 138 0.021606117 
648 205 16 17 0.021531899 
645 422 32 35 0.021515261 
463 234 25 24 0.021497933 
564 180 7 7 0.021354733 
261 271 106 83 0.021324955 
253 323 10 15 0.021261225 
444 269 54 50 0.021245645 
451 29 12 11 0.02122054 
441 318 9 10 0.0212124 
457 296 13 12 0.021209352 
663 224 24 35 0.021198027 
500 556 125 119 0.021178246 
686 343 7 10 0.0211699 
685 207 6 7 0.02114256 
873 153 12 18 0.021140866 
679 210 6 9 0.021104721 
344 235 23 22 0.021086732 
672 203 7 11 0.021058401 
667 242 6 8 0.020967275 
81 512 22 21 0.02095955 
445 23 23 24 0.020935005 
536 785 135 111 0.020925744 
87 478 11 10 0.020860434 
313 240 22 22 0.020846568 
425 323 13 14 0.02084289 
254 267 9 9 0.02083393 
331 248 10 9 0.020824783 
114 459 22 24 0.020816246 
310 787 131 108 0.020797372 
127 485 9 8 0.020794757 
786 180 29 30 0.020780869 
215 299 9 13 0.020760462 
451 256 14 22 0.020753954 
295 393 27 27 0.02072301 
442 325 8 9 0.02071601 
466 266 8 12 0.020700354 
675 353 3 5 0.020695722 
696 320 7 9 0.020683073 
827 196 28 42 0.020661443 
406 209 27 22 0.020650677 
88 500 23 21 0.020641342 
861 144 25 34 0.020640714 
323 222 22 23 0.020640032 
450 333 13 15 0.020558903 
829 194 14 15 0.020553987 
270 381 26 30 0.020551704 
-16 235 179 290 0.02053465 
193 601 53 52 0.020530358 
302 288 28 29 0.020530337 
240 258 11 14 0.020460423 
558 48 96 113 0.020447928 
483 274 13 19 0.020446997 
289 320 21 34 0.020444844 
299 254 24 31 0.020426093 
409 83 103 106 0.020425318 
293 210 27 23 0.020408703 
425 284 16 15 0.020387666 
680 215 7 9 0.020385277 
182 276 74 108 0.020289378 
667 234 7 11 0.02027344 
331 242 9 9 0.020258924 
305 271 11 17 0.020219086 
298 240 11 11 0.020192923 
127 479 9 8 0.02017875 
477 335 13 14 0.020168435 
696 324 7 11 0.020141827 
672 330 8 10 0.020139065 
289 362 77 89 0.020130266 
94 465 11 10 0.020129258 
330 694 11 12 0.020128459 
520 314 28 29 0.02011881 
732 -100 483 442 0.020100048 
114 499 23 22 0.02003884 
534 326 31 25 0.020033175 
380 240 13 12 0.020000502 
