39_Ice_Skating_iceskiing_39_249
271
506 88 45 46 0.9920523 
298 182 13 15 0.16825375 
-18 -165 185 156 0.14191842 
566 331 12 15 0.13735005 
74 507 465 451 0.13717647 
353 12 54 50 0.10782507 
844 20 110 84 0.10187325 
562 335 18 27 0.07564154 
285 177 36 38 0.07298898 
744 -47 408 320 0.06951349 
342 117 68 46 0.065071665 
271 248 111 79 0.06049453 
358 127 32 27 0.05623522 
900 59 32 28 0.053657576 
562 293 11 13 0.052248135 
580 267 11 13 0.05012876 
307 277 103 85 0.048155714 
347 137 30 27 0.046961494 
906 27 24 27 0.046015836 
873 -4 108 69 0.045650903 
793 27 53 44 0.044790868 
296 190 16 20 0.044690803 
351 146 11 11 0.044568207 
940 73 34 39 0.043186158 
290 284 30 24 0.043037433 
658 361 25 24 0.0430145 
340 147 27 24 0.041668396 
354 308 30 26 0.04114343 
713 72 27 34 0.04049964 
560 281 20 23 0.03845514 
365 48 33 32 0.03843423 
343 149 11 10 0.038020536 
906 11 36 28 0.03778464 
331 322 32 27 0.036576584 
822 62 26 29 0.036350552 
719 639 3 4 0.035967775 
551 245 82 96 0.034968212 
434 117 19 31 0.0342058 
342 156 13 10 0.034205686 
559 294 21 27 0.033843283 
717 33 24 31 0.033770625 
740 -32 231 167 0.03356603 
725 644 4 4 0.03355451 
-26 330 289 478 0.033321094 
820 83 28 28 0.03308375 
806 54 31 30 0.033074066 
362 70 30 24 0.03291979 
345 299 29 25 0.032247394 
312 190 10 14 0.03217111 
684 554 468 343 0.03207081 
788 7 107 87 0.031803206 
872 22 21 29 0.03152642 
383 169 52 46 0.031464905 
884 28 13 17 0.031379573 
945 53 27 29 0.03131346 
765 -154 268 131 0.031225348 
352 250 28 27 0.030827487 
937 1 38 29 0.030721722 
909 37 30 34 0.030512745 
368 85 29 22 0.03040565 
725 639 3 3 0.030341541 
282 277 29 21 0.030272273 
320 219 103 89 0.03020159 
557 315 7 11 0.030118955 
278 293 31 29 0.030109737 
685 169 28 29 0.030056726 
928 17 33 29 0.029852418 
584 272 10 13 0.029765463 
825 34 28 32 0.02880339 
833 41 15 17 0.028642716 
440 146 28 36 0.028619695 
369 108 30 24 0.02857538 
331 156 25 22 0.028536575 
377 121 33 28 0.028533801 
320 253 34 28 0.028267354 
198 100 371 335 0.028244782 
719 643 3 4 0.028193539 
285 145 84 80 0.02815433 
561 277 9 11 0.028124938 
789 14 26 30 0.027972514 
316 166 10 14 0.027757032 
299 172 21 25 0.027622962 
867 36 25 39 0.027526582 
582 253 9 12 0.027520822 
839 33 16 18 0.027494723 
747 39 39 48 0.027272815 
333 308 57 46 0.027165465 
892 29 13 16 0.027065737 
361 241 24 24 0.026979323 
342 238 29 31 0.026901366 
880 39 21 30 0.026875684 
395 396 22 40 0.026832953 
303 313 30 27 0.026796836 
322 141 52 49 0.026744222 
373 145 55 49 0.026667818 
899 36 12 15 0.026635071 
348 153 13 12 0.026578113 
314 168 23 28 0.02645584 
558 272 5 7 0.026391292 
403 149 25 27 0.026337503 
763 49 110 97 0.026312953 
555 309 34 50 0.026289348 
911 43 52 48 0.026248014 
879 89 26 26 0.026155107 
132 282 23 25 0.026105054 
412 147 11 14 0.025995342 
712 94 26 31 0.025799332 
774 84 27 30 0.025768878 
446 209 29 34 0.025653956 
307 186 26 31 0.025635729 
701 657 3 4 0.025629152 
316 308 29 27 0.025468389 
862 421 22 23 0.02524042 
833 79 14 16 0.025233228 
908 -1 32 22 0.025219738 
896 38 92 90 0.025121685 
244 613 288 214 0.025032358 
887 15 24 28 0.024951356 
227 201 198 164 0.024931245 
303 141 20 21 0.024803061 
832 27 17 19 0.024781594 
552 314 6 9 0.024742726 
948 118 121 126 0.024584977 
287 156 20 22 0.02455765 
879 16 12 17 0.024516737 
984 400 45 42 0.024482632 
354 229 26 27 0.024310393 
293 266 27 20 0.024268046 
836 229 12 12 0.024224855 
477 92 38 53 0.024204126 
197 302 30 32 0.024165373 
571 298 21 27 0.024143402 
688 155 24 24 0.02404929 
574 299 10 12 0.024044177 
562 -179 508 269 0.024041435 
249 364 45 44 0.02396188 
415 167 27 34 0.023946762 
223 288 105 94 0.023875514 
893 39 24 29 0.023834174 
280 402 26 29 0.023830665 
296 286 15 10 0.02381851 
279 162 21 23 0.023729693 
66 -164 277 135 0.023627603 
727 530 23 25 0.023558779 
557 309 6 10 0.023448113 
570 278 22 28 0.02343087 
479 94 21 25 0.023425978 
168 257 85 90 0.02339425 
560 528 4 4 0.02332079 
431 131 25 38 0.023284288 
352 153 26 30 0.023244476 
35 377 109 101 0.023228105 
557 295 8 11 0.02319364 
832 90 29 29 0.0231796 
815 16 14 16 0.023096777 
425 188 29 32 0.02307229 
765 11 22 30 0.022969332 
490 89 21 29 0.022846794 
856 27 24 33 0.02276042 
645 399 25 25 0.022699129 
655 125 20 28 0.022668254 
739 639 3 3 0.022639317 
337 104 25 23 0.022534648 
331 301 26 25 0.022532977 
831 53 27 29 0.02238892 
677 153 23 23 0.022345819 
334 228 27 30 0.022275092 
576 624 6 6 0.02225733 
278 415 3 4 0.02225593 
124 450 4 5 0.022242561 
350 103 28 24 0.022208793 
571 250 5 7 0.02218193 
329 133 28 24 0.02216135 
763 63 23 26 0.022145813 
330 65 23 22 0.022144781 
359 289 30 32 0.02212832 
506 337 8 10 0.022093387 
362 559 24 23 0.022073235 
453 291 46 50 0.021935292 
356 112 29 26 0.021875817 
831 223 22 25 0.021869406 
523 325 21 29 0.021809679 
422 206 29 30 0.021793155 
923 36 14 14 0.021743182 
828 126 24 23 0.021710632 
350 58 10 10 0.021707345 
359 202 22 30 0.021688048 
337 158 13 12 0.0216821 
694 49 21 26 0.021676395 
574 611 3 5 0.021663595 
559 276 6 8 0.02164344 
-15 145 453 405 0.021600967 
362 422 3 3 0.021596685 
289 414 5 4 0.021581918 
517 526 426 529 0.021545555 
283 318 133 104 0.02153969 
348 79 25 24 0.021474844 
-28 241 165 265 0.021452531 
418 475 116 105 0.021405224 
261 178 42 50 0.021369107 
-29 -48 304 428 0.021360591 
465 224 23 31 0.0213192 
585 263 10 13 0.021299712 
455 97 41 56 0.0212953 
526 58 42 64 0.021261377 
877 54 29 33 0.021241562 
562 272 7 9 0.021228416 
796 320 18 31 0.021226687 
311 172 9 13 0.021219585 
551 309 5 8 0.021195902 
905 42 13 16 0.02112972 
891 43 14 18 0.021118132 
807 17 27 30 0.021099472 
327 59 105 80 0.02106705 
959 -2 31 28 0.021061843 
337 71 11 9 0.021034755 
422 139 80 84 0.021025164 
570 267 22 23 0.02097334 
972 446 20 25 0.020967726 
373 253 13 15 0.02096388 
717 109 25 33 0.020939123 
363 180 21 30 0.020938791 
714 525 25 28 0.020937178 
320 236 28 31 0.020935126 
572 247 3 6 0.020929936 
976 288 20 29 0.020922203 
524 273 74 101 0.020920314 
350 217 23 28 0.020900087 
285 477 3 4 0.02088744 
270 183 6 7 0.020869292 
276 303 6 6 0.020833204 
321 317 6 5 0.020790968 
296 162 5 6 0.020762622 
369 72 10 9 0.020761082 
367 126 17 15 0.020735448 
284 415 4 4 0.020713035 
798 6 25 25 0.020668957 
304 471 4 4 0.020650351 
434 165 27 32 0.020647282 
765 31 25 32 0.020634279 
295 276 34 20 0.020601723 
154 458 5 5 0.020601202 
574 246 20 26 0.02058668 
321 324 6 6 0.020572178 
692 631 4 4 0.020562235 
576 249 6 10 0.02053158 
558 272 41 52 0.020509748 
552 560 5 5 0.02048926 
315 206 24 26 0.020467883 
910 404 28 31 0.020406509 
508 581 4 4 0.020387825 
287 473 100 109 0.020381998 
971 343 22 31 0.020362873 
361 415 4 4 0.020358793 
992 112 51 58 0.020344067 
314 160 8 11 0.020314857 
349 132 14 15 0.02031347 
150 452 3 4 0.020288879 
478 335 12 13 0.020278564 
822 44 58 61 0.020277753 
757 83 23 27 0.020229591 
393 134 13 13 0.020225028 
971 151 57 64 0.020178385 
314 337 6 5 0.020168558 
434 367 29 27 0.020162988 
535 341 21 26 0.02014667 
132 261 22 27 0.020107081 
350 63 24 26 0.020079128 
372 143 14 15 0.020055257 
392 345 28 31 0.020034224 
662 378 26 24 0.020031622 
