39_Ice_Skating_Ice_Skating_39_163
41
264 135 48 69 0.9985139 
536 459 54 73 0.9970324 
200 187 30 43 0.15802322 
56 101 331 315 0.043324843 
904 745 70 50 0.031201974 
926 208 13 22 0.028016282 
686 8 112 113 0.027880505 
408 646 13 18 0.027863579 
165 197 56 60 0.026692279 
163 659 87 107 0.026518224 
919 751 33 30 0.026077488 
184 268 127 113 0.025785021 
936 238 9 13 0.025664506 
367 639 63 54 0.025479425 
781 196 138 125 0.025123732 
82 182 110 132 0.024479194 
147 205 111 100 0.024323413 
839 223 26 30 0.024150094 
826 240 26 34 0.023818359 
847 206 13 17 0.023732597 
748 186 27 29 0.02361395 
389 639 29 30 0.023598075 
335 189 93 118 0.023576122 
903 -12 132 117 0.02327 
360 598 125 117 0.022886556 
828 215 23 30 0.022723597 
926 238 10 14 0.022451624 
856 201 11 14 0.022441242 
727 205 25 30 0.02235232 
768 199 23 28 0.021912731 
936 231 9 12 0.021736564 
611 500 31 39 0.021449475 
222 539 392 330 0.021363305 
130 215 52 68 0.021345437 
828 221 11 15 0.02128325 
561 193 21 36 0.02087247 
866 236 29 36 0.020856187 
835 199 13 19 0.020602502 
930 223 24 31 0.02058147 
369 629 34 30 0.020464253 
907 225 8 10 0.020186134 
