39_Ice_Skating_Ice_Skating_39_875
227
701 196 57 64 0.9959597 
771 289 71 91 0.9937046 
453 312 91 71 0.35404545 
248 544 198 139 0.15335001 
222 568 27 27 0.10695622 
686 159 60 59 0.10681474 
351 616 65 55 0.10176832 
-17 -158 178 158 0.09308997 
51 478 403 368 0.08431466 
214 3 26 23 0.061969608 
586 286 57 41 0.058769517 
444 261 58 51 0.056953628 
471 280 10 12 0.056234274 
464 278 31 28 0.053563382 
30 51 84 94 0.05272252 
326 0 18 10 0.0496794 
639 247 66 54 0.049406804 
470 286 11 12 0.042672284 
433 226 101 69 0.04153066 
477 328 32 22 0.040457916 
237 574 16 21 0.03894452 
886 595 9 10 0.038824182 
480 282 8 8 0.038095422 
499 443 34 22 0.03691346 
359 317 45 40 0.036602706 
431 261 108 93 0.03642362 
689 149 32 41 0.036030635 
213 15 26 27 0.03577756 
531 238 18 29 0.035548598 
646 123 24 23 0.034895692 
470 239 13 15 0.03474116 
46 72 13 14 0.03470451 
728 161 47 55 0.03445942 
481 283 25 25 0.034213923 
374 614 23 21 0.034016013 
343 633 30 24 0.034011666 
483 316 30 24 0.03389938 
393 265 33 28 0.033791516 
453 275 25 29 0.033572104 
562 359 10 12 0.033016812 
594 535 449 471 0.032833286 
355 372 34 33 0.032609608 
0 197 35 80 0.032365065 
557 358 10 10 0.032165855 
892 18 15 13 0.032040104 
465 333 30 25 0.031889547 
386 287 31 27 0.031837113 
797 33 24 22 0.031826634 
494 272 24 26 0.031761315 
548 351 29 28 0.031186866 
327 530 438 479 0.03078273 
392 313 106 79 0.030700317 
856 -174 263 156 0.030292062 
435 290 28 28 0.030164648 
390 288 7 9 0.029998742 
462 225 30 27 0.02985186 
376 627 9 7 0.029591443 
377 619 10 9 0.029366069 
126 19 10 9 0.029336203 
377 373 57 44 0.029242493 
339 0 14 8 0.028981341 
438 125 92 117 0.028230175 
320 324 212 164 0.02806009 
496 322 31 26 0.027791152 
559 295 31 32 0.027726037 
870 580 42 48 0.02760161 
463 287 12 15 0.027487176 
561 201 176 139 0.027410893 
490 282 8 8 0.027294854 
490 299 11 13 0.02716588 
42 73 23 25 0.026787946 
613 391 50 54 0.026551925 
377 296 48 43 0.02651538 
484 313 10 9 0.026476085 
484 306 10 10 0.02643684 
46 88 15 15 0.026308874 
427 291 10 12 0.026157532 
12 -7 108 104 0.026134973 
438 259 23 32 0.026042078 
-34 226 368 417 0.026008591 
511 300 22 27 0.0259454 
268 126 22 26 0.025692446 
475 261 30 30 0.025580661 
211 1 56 49 0.025449073 
730 162 16 17 0.025358098 
486 286 9 8 0.025337564 
193 11 24 25 0.025322678 
860 557 78 89 0.025306214 
375 364 29 24 0.025282135 
396 357 31 30 0.024998588 
610 254 60 54 0.024988677 
67 85 12 16 0.02495722 
127 73 7 17 0.024934225 
318 2 25 19 0.02474391 
546 272 91 81 0.024740683 
883 589 9 10 0.024712356 
406 344 9 10 0.024705576 
599 353 32 33 0.024696907 
427 280 9 10 0.024680696 
489 291 11 12 0.02452507 
418 561 23 24 0.024449237 
454 289 29 31 0.02434458 
888 588 8 11 0.024339644 
496 293 10 11 0.024288978 
471 352 34 25 0.02426896 
489 278 6 6 0.02422572 
539 364 29 25 0.024179326 
490 311 10 10 0.024081208 
413 334 32 27 0.024044253 
677 166 27 33 0.024011748 
510 285 10 12 0.02399891 
362 345 484 387 0.023970535 
627 18 88 84 0.023961404 
508 271 21 27 0.02393494 
372 629 7 5 0.023872979 
372 622 6 4 0.023770068 
497 305 27 27 0.0237486 
467 230 9 9 0.023684444 
239 20 28 27 0.023683049 
80 98 12 14 0.023649035 
336 341 71 75 0.023640579 
517 325 8 7 0.02358619 
321 632 32 26 0.023565268 
-9 -70 180 217 0.023500435 
382 60 11 12 0.023479272 
893 587 10 12 0.02346497 
100 512 7 9 0.02341462 
218 533 23 21 0.023409054 
363 373 8 7 0.02339958 
622 302 16 16 0.023398725 
572 356 13 16 0.02331447 
551 304 22 34 0.023290612 
470 297 28 27 0.023283545 
248 43 10 10 0.023267647 
371 331 57 48 0.023262296 
324 -17 24 17 0.023238774 
751 231 109 92 0.02323715 
123 68 17 35 0.023195315 
844 209 8 12 0.023193715 
470 272 12 12 0.023166098 
877 584 21 26 0.023152621 
516 304 11 15 0.023144191 
503 298 10 13 0.023115478 
507 238 15 18 0.02309197 
516 293 10 13 0.02304757 
259 37 12 11 0.023035398 
462 231 8 8 0.023006776 
661 130 13 16 0.022970522 
368 624 33 25 0.022965405 
523 305 9 13 0.022960069 
490 226 31 29 0.022894992 
491 263 101 95 0.022885885 
458 242 33 35 0.022867959 
49 85 26 30 0.022834396 
450 437 95 88 0.022808533 
54 7 23 28 0.02271172 
941 109 75 110 0.02269705 
582 363 9 11 0.022694118 
661 131 22 30 0.022591697 
60 87 11 14 0.02250919 
264 36 29 29 0.022494791 
156 209 92 86 0.02247404 
549 358 9 9 0.022301804 
310 0 12 9 0.022262022 
488 387 96 81 0.022054993 
746 124 11 15 0.02201811 
495 304 11 13 0.021918211 
743 170 24 30 0.021901125 
574 276 29 26 0.021880206 
575 311 30 30 0.021852946 
344 648 36 22 0.021801168 
489 257 14 16 0.021778435 
477 292 12 12 0.021765267 
132 19 9 8 0.021762999 
485 265 11 13 0.021761712 
753 177 10 13 0.021760182 
465 234 11 11 0.02175819 
-5 -175 57 153 0.021634229 
487 347 38 28 0.021554217 
120 18 9 8 0.02150828 
566 354 28 29 0.02145224 
354 560 122 88 0.021361789 
151 531 24 24 0.021358216 
59 547 30 24 0.02131005 
218 557 28 24 0.021252768 
126 24 11 9 0.021232517 
27 21 27 32 0.021171967 
491 390 27 25 0.021159012 
328 17 15 13 0.021149896 
483 474 29 33 0.021141598 
456 197 51 51 0.021049278 
668 446 14 11 0.021046532 
669 131 11 14 0.020998739 
254 43 11 10 0.020992044 
73 532 10 8 0.020964283 
249 27 29 28 0.020955004 
391 344 26 29 0.020926427 
500 257 27 28 0.020910665 
508 347 92 82 0.02089871 
562 350 11 13 0.020863557 
347 0 11 7 0.020806395 
203 569 23 24 0.020798653 
207 -15 118 87 0.020701317 
566 329 9 13 0.020682601 
830 109 108 98 0.020679964 
589 281 29 28 0.020677822 
522 287 9 11 0.020656863 
460 236 10 10 0.020632215 
77 211 96 91 0.020623295 
63 -149 272 128 0.020575743 
212 178 26 21 0.020552803 
513 280 7 10 0.020533318 
522 279 10 13 0.020501262 
555 322 23 34 0.020442987 
535 324 53 54 0.020392805 
465 446 23 25 0.020388195 
393 361 12 13 0.020254284 
456 248 16 18 0.020215617 
262 113 22 25 0.020186564 
478 287 10 9 0.020177536 
209 2 15 16 0.020156387 
479 275 9 9 0.020143846 
412 368 33 27 0.020133886 
453 228 10 11 0.020105096 
405 144 189 153 0.020090705 
614 295 19 17 0.020082539 
65 25 6 8 0.020074392 
