39_Ice_Skating_iceskiing_39_765
2098
467 451 40 38 0.9965855 
670 1114 15 17 0.083942674 
423 348 13 15 0.08242321 
346 309 7 10 0.068487994 
325 84 562 723 0.068070345 
134 475 527 552 0.06680745 
421 354 14 20 0.064653136 
683 159 7 9 0.06444785 
-144 -19 451 582 0.06382101 
576 307 11 14 0.06152379 
831 215 111 132 0.060851768 
882 -11 168 102 0.060454812 
421 307 23 29 0.060327206 
655 166 7 10 0.059294987 
19 172 81 134 0.056668166 
936 300 9 12 0.054600436 
1006 292 77 179 0.054525435 
1020 154 3 7 0.05444987 
388 886 131 112 0.054104492 
706 257 6 7 0.053856324 
676 269 9 13 0.052346688 
1018 159 4 9 0.052207395 
669 157 8 13 0.050110422 
864 1197 12 14 0.048980422 
436 440 578 611 0.048578452 
572 957 67 69 0.048452236 
201 277 8 13 0.047746975 
658 174 7 11 0.04652326 
338 884 582 634 0.04629937 
961 164 103 171 0.046273693 
349 309 8 11 0.045263886 
993 1075 83 178 0.044937354 
682 256 6 9 0.044906452 
978 603 28 30 0.044853337 
926 493 29 26 0.044408523 
182 260 10 15 0.044312567 
-126 788 571 648 0.04410955 
279 952 66 64 0.0439476 
261 899 143 132 0.043692905 
859 105 213 279 0.043623537 
678 262 9 11 0.043539874 
198 285 10 13 0.043465625 
1012 2 252 215 0.043409042 
233 284 8 15 0.043090608 
928 317 9 11 0.04271871 
796 655 158 129 0.042661965 
257 1004 67 67 0.04254837 
330 1129 134 144 0.04252957 
192 247 7 9 0.042478573 
410 233 6 8 0.042380214 
1008 217 6 8 0.04236901 
704 264 7 7 0.042351283 
318 532 123 151 0.04206434 
621 223 8 11 0.04184225 
182 904 134 123 0.0416017 
994 836 35 72 0.041241545 
868 621 71 58 0.041101065 
404 323 14 16 0.041016825 
968 294 8 11 0.04090992 
1005 208 5 7 0.040833384 
625 204 119 138 0.040776614 
438 321 13 18 0.040730562 
355 830 132 113 0.040667742 
950 53 29 33 0.04019511 
432 183 7 10 0.040158235 
537 221 114 142 0.040109724 
706 341 8 11 0.039838575 
953 306 9 13 0.039789192 
226 278 7 12 0.039785314 
214 292 11 16 0.03978406 
217 263 7 11 0.039705638 
390 266 92 109 0.039701533 
212 1120 60 67 0.039572302 
652 167 6 9 0.039498795 
1007 221 6 10 0.03918772 
533 1252 16 19 0.03916572 
813 202 54 74 0.039114002 
785 808 146 139 0.03910405 
190 259 8 13 0.038984217 
184 247 6 9 0.038956854 
410 238 6 9 0.038886935 
351 303 7 10 0.038742807 
582 216 7 10 0.038624514 
247 296 8 10 0.038553994 
904 326 8 12 0.03832549 
539 1258 15 18 0.038216814 
206 269 9 12 0.038200058 
548 1261 15 18 0.03818788 
984 292 10 13 0.038173255 
537 1077 62 68 0.038086925 
213 300 9 13 0.038056217 
289 310 8 10 0.037966624 
299 995 64 63 0.037854146 
208 301 9 11 0.037775677 
238 1081 132 126 0.0376845 
414 280 14 19 0.037527155 
1019 215 5 8 0.037524175 
223 291 9 16 0.03750536 
986 387 83 147 0.037467934 
241 301 7 12 0.037367597 
180 1155 64 65 0.037275784 
225 311 7 10 0.037208192 
410 192 5 10 0.037198506 
233 277 8 12 0.037117217 
652 199 9 12 0.037066903 
403 213 7 12 0.03705646 
942 343 10 12 0.03705472 
148 551 139 122 0.03704496 
233 270 8 12 0.036922373 
649 230 9 10 0.036893148 
198 295 9 11 0.036878858 
888 1030 197 340 0.03687821 
497 228 7 11 0.036854476 
376 1196 68 74 0.036730543 
215 269 9 12 0.03668264 
311 349 9 13 0.036606118 
973 1161 76 138 0.0365984 
884 931 68 69 0.03658186 
634 199 7 10 0.036372337 
943 302 8 11 0.036305398 
656 232 6 8 0.036273256 
171 248 54 75 0.036262713 
335 212 11 15 0.036255173 
435 1254 15 18 0.0362484 
215 282 11 15 0.036195595 
201 271 8 12 0.036164567 
234 311 7 10 0.03605387 
21 271 10 14 0.03603382 
407 283 10 16 0.036027834 
62 334 11 16 0.035988405 
678 143 8 9 0.035985243 
257 286 8 10 0.03591874 
984 318 8 12 0.035912145 
979 1002 74 170 0.035883866 
223 931 73 67 0.035822608 
701 76 26 37 0.03572123 
417 173 7 11 0.03561005 
239 311 8 11 0.035495244 
257 303 8 10 0.03544253 
513 156 8 12 0.035434663 
928 312 8 10 0.035417404 
605 214 9 11 0.035411756 
312 324 8 13 0.03538079 
928 302 9 10 0.03534375 
996 209 5 7 0.035330858 
387 322 30 32 0.03528636 
416 184 6 9 0.035276767 
617 228 9 12 0.03527086 
791 949 135 127 0.035260074 
342 323 9 15 0.035244398 
193 285 8 13 0.03524062 
641 240 8 11 0.03522573 
1002 319 9 12 0.035197347 
-63 201 259 295 0.035196867 
172 306 116 136 0.03510295 
301 1008 28 27 0.0350457 
654 191 7 10 0.035032935 
233 301 8 13 0.034989133 
681 853 132 128 0.034974113 
569 151 8 13 0.034967195 
504 214 7 10 0.03496458 
626 208 7 10 0.034897562 
367 365 9 13 0.03488459 
426 142 6 11 0.03487485 
199 622 65 67 0.034735482 
402 319 51 65 0.03469318 
248 286 7 10 0.03467842 
-135 -22 69 188 0.034674577 
575 1144 9 9 0.034646753 
657 182 7 10 0.034517534 
312 334 8 12 0.03446456 
681 166 8 9 0.03440015 
689 256 6 8 0.03439031 
507 181 6 10 0.034365147 
901 -15 459 526 0.034310393 
553 922 81 73 0.034284536 
988 655 91 162 0.034244567 
707 1121 66 66 0.034232922 
656 160 6 9 0.03420831 
904 316 8 12 0.03416898 
423 150 7 12 0.034152497 
941 349 10 12 0.034099862 
404 239 5 8 0.03403337 
705 318 9 11 0.034018308 
832 319 8 10 0.03400389 
-37 1158 118 149 0.03400366 
1017 223 6 12 0.033983044 
239 278 7 11 0.03394391 
416 236 7 11 0.033932414 
336 324 8 14 0.03391143 
704 182 8 9 0.033900995 
215 279 21 34 0.033886086 
425 183 7 9 0.033819403 
157 621 129 122 0.033776782 
726 190 120 135 0.033764966 
404 209 5 9 0.03374151 
690 264 6 9 0.03373935 
411 197 5 10 0.03362703 
226 271 6 10 0.033620566 
634 224 5 8 0.03354916 
130 724 149 132 0.033540625 
642 223 7 8 0.033508476 
425 1021 64 71 0.03350361 
675 175 6 10 0.033492744 
495 1074 67 70 0.033453185 
240 286 7 11 0.033350103 
839 1124 66 68 0.03333263 
224 301 8 12 0.03326155 
304 794 70 70 0.03320589 
393 200 6 10 0.033182684 
-144 303 528 598 0.03314461 
382 798 59 66 0.03313011 
770 232 110 135 0.03311821 
351 319 7 12 0.033095602 
226 263 7 10 0.033066336 
976 316 9 13 0.03304563 
634 191 6 10 0.033015713 
658 216 7 8 0.032978814 
411 184 5 9 0.032975227 
247 302 8 11 0.032950684 
257 296 7 9 0.0328901 
575 323 10 13 0.032872062 
648 225 8 8 0.03283919 
1020 210 4 7 0.03282269 
207 247 7 10 0.032821786 
476 814 11 12 0.032809086 
955 427 17 16 0.032804985 
780 145 99 143 0.032797046 
233 196 115 138 0.03278442 
759 824 65 67 0.03277184 
582 998 62 73 0.03276122 
993 198 7 10 0.03271655 
209 1080 55 65 0.03271027 
219 954 127 122 0.03269496 
295 837 69 71 0.03267325 
828 922 64 72 0.032666758 
914 294 6 9 0.03260508 
944 334 9 12 0.032513186 
995 217 6 7 0.03246428 
833 310 7 11 0.032437008 
265 302 7 10 0.032429058 
152 222 121 151 0.032411795 
240 295 7 11 0.032314423 
547 782 7 10 0.03229628 
412 226 5 7 0.03228956 
288 285 9 11 0.032269638 
588 809 6 8 0.032263886 
911 288 8 10 0.032227118 
662 270 10 12 0.03222423 
201 247 8 10 0.03222254 
671 257 7 9 0.032220174 
-18 235 116 167 0.032209303 
704 272 7 8 0.032191496 
199 303 9 11 0.032190703 
691 176 7 8 0.032140408 
405 233 5 8 0.032073427 
1018 192 5 8 0.03205977 
680 151 7 10 0.032047786 
1004 218 5 7 0.03203542 
190 276 24 32 0.03202278 
266 296 7 9 0.032017622 
521 1248 20 22 0.032003548 
800 334 9 12 0.032001484 
660 247 9 12 0.031983484 
674 166 6 9 0.031961817 
671 272 12 17 0.03194424 
521 214 10 14 0.03193809 
415 225 6 7 0.031912908 
578 224 7 10 0.031820197 
613 204 9 13 0.031774536 
791 535 68 64 0.031728923 
840 308 8 12 0.03171961 
637 199 8 11 0.031698216 
310 935 70 65 0.031679377 
208 279 8 11 0.0316423 
671 142 8 10 0.031639982 
641 158 7 10 0.031630963 
435 200 5 8 0.03161148 
707 250 6 7 0.031608343 
673 213 7 10 0.03155442 
945 532 30 26 0.03152905 
1009 209 5 7 0.03151798 
704 311 8 11 0.031499267 
215 319 7 11 0.031437106 
729 342 9 11 0.031406187 
330 1062 136 122 0.031397827 
864 302 10 11 0.031393368 
582 223 8 10 0.031376168 
200 261 7 11 0.03130623 
296 278 8 10 0.031224532 
288 320 8 11 0.031196792 
153 1064 116 128 0.03117351 
210 286 9 11 0.031165592 
769 349 10 13 0.031117655 
578 229 7 12 0.031092735 
760 865 60 64 0.031086927 
679 188 8 12 0.031070346 
865 312 9 9 0.031047525 
1005 201 5 7 0.03102557 
297 294 8 11 0.030990805 
328 271 9 10 0.03097811 
361 366 8 12 0.030949103 
562 151 6 10 0.030902026 
329 279 8 9 0.030901918 
318 286 8 11 0.030899776 
383 301 9 14 0.030897383 
458 1023 129 136 0.030821467 
455 238 8 11 0.03081661 
249 310 7 11 0.030773321 
648 158 7 9 0.030771552 
308 1062 69 70 0.030764796 
333 772 61 72 0.030746983 
522 1229 13 14 0.030735718 
579 216 6 9 0.03069974 
933 318 10 12 0.030698571 
993 136 6 9 0.03065315 
458 231 6 10 0.030646155 
562 504 26 35 0.030639311 
1018 1024 5 9 0.030630108 
166 1091 64 68 0.030590322 
859 244 58 69 0.030589812 
808 241 59 70 0.030583238 
920 342 9 12 0.030564938 
933 326 11 13 0.030554948 
1009 153 5 8 0.030537171 
423 332 11 13 0.030533874 
998 143 7 10 0.030532371 
1003 137 6 8 0.030481925 
706 177 6 7 0.030451752 
633 206 8 11 0.030425176 
505 222 6 10 0.030409196 
334 254 10 12 0.030408753 
201 254 8 11 0.03040603 
218 255 6 10 0.030400632 
181 294 11 13 0.0303983 
414 254 8 10 0.030381931 
351 742 54 73 0.030375091 
435 207 6 9 0.03035496 
412 316 16 17 0.030352151 
441 142 8 11 0.030343741 
193 658 64 63 0.030326016 
921 288 6 8 0.030319847 
964 54 33 37 0.030306535 
774 240 62 71 0.030296694 
392 165 7 12 0.030268371 
281 310 7 10 0.030259592 
942 295 8 9 0.030248871 
150 363 14 17 0.030248791 
497 1126 118 122 0.030245403 
489 184 95 131 0.030235343 
986 324 10 16 0.030213887 
640 232 8 8 0.030197259 
701 359 9 11 0.030186214 
921 336 8 10 0.03017782 
718 1099 124 140 0.030169742 
805 282 55 71 0.030167866 
688 190 7 9 0.030165514 
393 240 5 8 0.03015362 
384 327 10 14 0.03014284 
568 215 7 10 0.03014272 
581 241 59 68 0.030142698 
176 294 9 12 0.03014058 
434 173 8 12 0.030132456 
907 288 8 10 0.030107144 
967 316 9 13 0.030092137 
624 960 72 69 0.030090522 
610 159 6 8 0.030079454 
607 204 11 13 0.030059772 
840 319 8 11 0.03004565 
192 294 10 12 0.03002859 
426 201 5 7 0.030009566 
167 287 8 10 0.030004583 
31 271 8 11 0.029998953 
162 780 16 13 0.029994078 
418 248 6 9 0.029956993 
842 286 7 10 0.029922344 
393 511 31 37 0.029916491 
711 325 8 11 0.029910276 
633 215 7 8 0.029891545 
951 1133 9 12 0.029869873 
353 341 8 13 0.029862832 
674 263 8 10 0.029838694 
369 1110 72 68 0.029801039 
174 254 21 33 0.02978978 
420 162 10 17 0.029760389 
275 288 7 9 0.029719051 
654 284 10 15 0.029706609 
329 376 7 9 0.02967419 
395 145 50 73 0.029644974 
736 316 9 13 0.029618314 
554 262 8 12 0.029610878 
192 278 8 12 0.029609146 
657 332 9 14 0.029596658 
248 279 8 10 0.02959507 
798 1098 143 147 0.02957381 
319 279 8 10 0.029558146 
510 982 125 136 0.029526686 
285 166 109 138 0.029524073 
368 359 8 11 0.029522624 
680 228 117 132 0.029513448 
335 375 8 9 0.029511074 
548 776 6 9 0.02950822 
177 287 9 11 0.029499277 
417 340 24 30 0.029494936 
937 263 7 8 0.029453702 
415 946 76 71 0.029428171 
218 248 6 10 0.029414907 
386 1003 70 74 0.029410478 
362 297 6 9 0.029407967 
1002 150 6 10 0.029404134 
681 247 8 11 0.029375302 
625 215 6 9 0.029364746 
911 303 7 11 0.02935677 
400 1164 68 71 0.029343685 
374 894 66 66 0.029333819 
577 1151 9 11 0.029318105 
206 254 8 11 0.029316295 
648 1075 62 62 0.0293127 
351 297 7 8 0.029293664 
883 1132 62 76 0.029274153 
583 1144 9 9 0.029272493 
381 346 10 15 0.029270174 
1018 143 5 9 0.029255832 
993 303 7 9 0.02923773 
411 260 10 14 0.029236253 
612 196 9 13 0.029235482 
926 356 11 13 0.029223137 
689 270 7 9 0.029215744 
554 226 53 68 0.029214544 
898 317 8 12 0.029191846 
205 630 36 33 0.029178953 
661 919 68 68 0.029173294 
990 287 9 11 0.029164627 
728 906 67 70 0.029153395 
1018 255 6 9 0.02913676 
690 143 8 9 0.029134788 
463 1223 55 57 0.029119214 
223 1127 9 11 0.029107098 
864 319 9 9 0.029101197 
840 879 125 131 0.029080192 
305 350 9 12 0.029051993 
1010 232 6 11 0.029041255 
384 165 8 12 0.029039621 
764 209 58 68 0.029024074 
568 326 8 11 0.02902148 
969 111 10 11 0.029016748 
251 910 76 71 0.029014573 
287 349 9 12 0.028997246 
163 809 146 121 0.028977552 
274 294 8 10 0.028975492 
579 173 111 143 0.028973935 
559 190 8 11 0.028967898 
829 986 64 64 0.028964471 
719 294 13 14 0.028915752 
934 310 9 11 0.028902635 
959 317 9 12 0.028902356 
514 167 6 10 0.028889041 
13 442 288 308 0.028864289 
258 310 7 11 0.02884979 
610 152 6 8 0.028831454 
673 225 7 8 0.02881946 
617 214 7 9 0.0288177 
665 199 6 9 0.028812395 
950 324 11 14 0.028769046 
657 262 10 12 0.028733648 
240 318 7 10 0.028722107 
429 880 74 66 0.02870052 
990 294 9 12 0.028686583 
199 1144 10 8 0.028686067 
706 248 62 67 0.028681124 
956 33 31 34 0.02864548 
554 1024 58 67 0.02863645 
362 302 7 10 0.028629735 
533 1116 63 68 0.028620413 
976 293 9 12 0.028616156 
561 215 6 10 0.028608603 
437 163 10 16 0.028529465 
413 838 60 63 0.028511975 
1005 952 79 155 0.02851039 
529 1142 11 14 0.02849573 
662 284 10 15 0.028486032 
625 198 6 10 0.028440157 
656 205 8 11 0.028430313 
393 147 8 14 0.028429605 
663 165 7 10 0.028419375 
426 207 5 9 0.0284013 
403 200 5 8 0.028396435 
904 307 9 16 0.028384471 
215 311 8 11 0.02835903 
887 793 63 73 0.028352242 
913 1149 9 12 0.02834568 
474 183 7 10 0.02834309 
483 175 6 9 0.028341768 
1015 245 7 12 0.028305745 
554 245 7 13 0.028285148 
1041 214 8 11 0.028278064 
460 813 13 15 0.028277665 
207 262 7 11 0.028267115 
330 324 8 14 0.028251473 
879 573 60 54 0.028247677 
234 318 7 11 0.028246323 
689 166 8 9 0.028236385 
886 1155 12 15 0.028232574 
505 208 6 10 0.028211998 
415 320 28 33 0.028206099 
907 294 7 10 0.028204318 
273 301 8 12 0.028201701 
31 384 9 9 0.028191332 
1019 186 3 7 0.028160881 
368 801 7 9 0.02814553 
393 156 8 15 0.02814378 
192 240 7 9 0.028140651 
548 769 6 8 0.0281318 
305 343 8 11 0.028124567 
288 293 9 12 0.028106881 
583 1051 64 67 0.028093116 
192 268 8 13 0.028089223 
298 166 7 11 0.02806469 
414 351 13 14 0.028049015 
910 326 7 10 0.028043171 
699 257 6 7 0.028041987 
954 296 6 9 0.02803718 
800 327 9 12 0.028024957 
1008 199 6 8 0.028021965 
359 341 9 14 0.028009882 
352 367 7 10 0.02799475 
273 278 9 10 0.027955014 
986 101 9 12 0.027942294 
702 299 10 14 0.027941728 
581 1088 9 10 0.02793334 
303 382 8 11 0.027929578 
1041 222 8 11 0.027921624 
353 334 7 11 0.027920367 
336 277 10 11 0.027918598 
519 229 9 12 0.027894624 
865 886 67 65 0.027885476 
506 446 299 316 0.027881363 
384 1233 53 64 0.027876971 
1018 129 4 8 0.027870575 
448 143 7 9 0.027866814 
173 284 25 32 0.02786038 
689 279 6 10 0.027848955 
360 334 8 13 0.027847972 
855 298 111 146 0.027834553 
353 159 8 12 0.027831228 
1010 392 6 8 0.027820231 
712 120 8 9 0.027818825 
973 102 10 12 0.0277994 
601 214 8 12 0.027772037 
285 192 11 16 0.027766274 
991 319 9 11 0.027765539 
723 1016 125 137 0.027755989 
672 285 11 15 0.02774063 
920 278 7 10 0.027736578 
929 328 8 10 0.027711142 
847 327 8 11 0.027694983 
665 231 7 9 0.02766993 
182 301 10 12 0.027667798 
238 271 8 11 0.02765876 
288 303 8 12 0.02765857 
433 143 8 12 0.027637325 
615 316 8 12 0.02762436 
1001 95 8 11 0.027607368 
1026 145 4 8 0.027595079 
305 1108 69 66 0.0275824 
31 392 9 9 0.027564539 
392 233 6 9 0.027551258 
784 341 10 12 0.02754706 
525 770 11 15 0.027545711 
494 9 170 145 0.027542062 
1009 238 9 14 0.027525201 
160 152 7 10 0.027519984 
678 286 9 13 0.027519288 
458 1088 65 69 0.027511816 
234 216 7 11 0.027507836 
623 775 130 128 0.027474444 
759 349 10 12 0.027468944 
474 177 6 8 0.02746612 
821 1041 66 65 0.027465671 
664 214 6 9 0.027398996 
320 1000 34 28 0.027393667 
55 211 134 152 0.027352104 
361 359 7 11 0.027347758 
418 150 7 12 0.02733487 
679 175 7 10 0.027312811 
486 811 14 13 0.027281154 
335 342 9 13 0.027251994 
173 823 66 62 0.027195346 
708 232 5 7 0.027192824 
920 1149 10 13 0.027178112 
439 799 46 59 0.027168805 
567 190 7 11 0.027165174 
329 367 7 9 0.027109984 
421 147 55 69 0.02710711 
751 1168 10 10 0.027102226 
1009 193 5 8 0.027087472 
390 328 12 14 0.027077554 
422 302 12 18 0.027077165 
597 977 121 121 0.027064228 
595 152 5 9 0.027049944 
1025 153 5 8 0.02704775 
287 280 9 10 0.027046783 
749 1152 61 69 0.027019992 
180 265 24 35 0.027014554 
328 294 10 11 0.02700741 
554 254 7 12 0.026987046 
651 175 6 9 0.02697861 
424 263 8 10 0.026947029 
234 173 7 11 0.026927976 
910 308 8 14 0.026926225 
248 318 7 11 0.026921734 
1005 226 20 35 0.02691293 
228 979 67 65 0.02691259 
743 1175 10 9 0.026912492 
1041 230 8 12 0.026905673 
936 343 9 11 0.026896635 
689 184 6 8 0.026896374 
579 890 135 123 0.026888961 
713 272 6 8 0.0268716 
201 286 24 30 0.02685541 
606 206 54 68 0.026846632 
433 1176 128 129 0.02684092 
928 296 8 9 0.026836673 
528 168 7 10 0.026804488 
646 238 9 11 0.026793083 
740 480 160 136 0.026784368 
951 333 9 13 0.026763171 
722 248 7 9 0.026755955 
608 192 8 11 0.02675414 
944 286 8 10 0.026735784 
212 241 57 69 0.02673297 
320 271 7 10 0.026724732 
710 319 8 10 0.026724497 
679 183 8 11 0.02672251 
-66 54 250 280 0.026713189 
286 342 9 11 0.026710771 
31 277 8 12 0.026704418 
606 223 8 9 0.02669427 
710 278 7 9 0.0266903 
766 1134 8 11 0.026690025 
191 257 23 35 0.026654853 
957 306 10 14 0.026649706 
439 1220 12 12 0.026643366 
992 1021 9 12 0.026635764 
665 618 63 71 0.02663255 
215 1118 9 11 0.026621265 
252 181 10 17 0.026602596 
301 373 10 13 0.026596986 
366 315 11 16 0.026595835 
689 153 8 9 0.026577326 
926 342 9 12 0.026576921 
414 141 7 12 0.026568988 
584 589 153 143 0.026554858 
366 132 10 16 0.02654717 
983 112 7 9 0.026530692 
641 217 7 8 0.02652608 
741 358 10 11 0.026509998 
937 288 7 8 0.026508847 
624 243 57 66 0.026503205 
257 1054 70 73 0.026496531 
895 306 9 16 0.02649026 
312 342 8 12 0.026479932 
591 1144 10 9 0.026477652 
223 223 8 10 0.02647302 
841 270 8 10 0.026472054 
656 277 9 13 0.026446044 
698 263 7 9 0.026442332 
295 343 8 11 0.026436465 
589 899 71 63 0.026418686 
200 227 10 14 0.02641307 
920 533 34 27 0.02640531 
680 358 8 11 0.02640284 
152 774 78 66 0.026400518 
647 218 7 7 0.026392547 
959 348 10 12 0.0263702 
380 123 95 130 0.02636737 
921 952 8 9 0.026364177 
634 231 6 9 0.026362764 
343 332 8 12 0.026362337 
215 1127 9 12 0.02636211 
423 174 8 11 0.026342545 
304 278 8 10 0.026333142 
366 145 10 15 0.026318597 
345 295 7 10 0.02631586 
29 373 11 13 0.026315194 
425 193 5 8 0.026305348 
901 1166 10 11 0.026304474 
675 183 6 9 0.026296208 
819 1160 67 72 0.026282158 
970 119 8 9 0.026275057 
326 255 9 12 0.026258593 
313 311 7 10 0.026255809 
703 1126 11 10 0.026250489 
266 773 78 74 0.026241705 
391 206 7 12 0.026211584 
302 990 12 11 0.0262041 
625 193 6 9 0.02620329 
287 333 9 12 0.02619534 
863 293 10 11 0.026194902 
887 307 11 15 0.026180476 
911 1141 9 13 0.026175272 
456 159 8 12 0.026168205 
425 133 7 12 0.026159694 
427 279 14 20 0.02615603 
281 181 11 17 0.026140006 
661 244 57 65 0.026136752 
839 326 8 12 0.026129836 
432 192 7 9 0.026123878 
1011 385 5 8 0.026121074 
424 231 6 9 0.026115132 
715 264 7 8 0.026114574 
960 333 10 12 0.02611244 
655 269 9 11 0.026098011 
169 1152 8 8 0.0260944 
675 198 6 10 0.02609417 
1001 291 10 14 0.026073698 
585 699 564 671 0.026068868 
351 1062 71 66 0.026061596 
422 270 9 12 0.026055485 
361 318 8 11 0.02604823 
392 176 7 12 0.026037432 
240 328 8 10 0.02599804 
476 921 80 70 0.025987871 
705 324 9 13 0.02598668 
401 143 6 11 0.025983604 
823 318 9 11 0.02598154 
217 177 8 13 0.025973674 
214 1133 9 11 0.025964605 
410 165 7 12 0.02593976 
668 286 24 31 0.025935123 
680 199 7 10 0.025933955 
673 248 7 9 0.025926143 
992 128 5 9 0.025923477 
824 209 7 11 0.025916941 
8 373 28 31 0.025909368 
340 348 11 15 0.025907872 
431 247 7 9 0.025906408 
554 269 7 11 0.025904154 
424 285 26 36 0.025901113 
968 308 22 30 0.025896596 
1042 246 7 11 0.025894066 
695 144 8 9 0.025885703 
1041 238 8 12 0.025884422 
304 355 9 13 0.02587644 
734 341 10 12 0.025861684 
1034 217 24 35 0.025859196 
407 312 12 12 0.025858423 
441 1174 8 10 0.025851669 
289 159 6 10 0.0258509 
707 171 6 6 0.025849318 
895 1151 10 11 0.025843993 
295 311 7 10 0.025839169 
666 192 5 8 0.025835987 
870 311 10 10 0.025817424 
447 224 7 10 0.025792398 
553 236 7 13 0.02578848 
791 817 69 72 0.025785344 
728 350 10 10 0.025776297 
911 318 51 69 0.025766304 
441 239 7 9 0.025756354 
599 332 10 14 0.025756335 
599 1229 13 16 0.02575075 
366 349 9 12 0.025723826 
449 175 8 14 0.025715958 
1002 103 8 12 0.025710631 
282 175 8 13 0.025701817 
838 629 68 62 0.025700921 
367 372 9 14 0.025691569 
720 682 165 142 0.025681479 
477 883 77 69 0.025680404 
357 186 101 153 0.025680393 
357 183 9 11 0.025658092 
542 789 10 13 0.025643528 
81 1077 138 136 0.025638686 
847 270 7 9 0.025622867 
895 288 8 9 0.02562254 
342 166 8 10 0.025621664 
872 1168 9 9 0.025619509 
277 866 64 63 0.025611915 
920 295 7 9 0.025608994 
586 799 7 8 0.025597045 
961 294 7 10 0.025585119 
833 303 7 11 0.025573157 
181 277 10 14 0.025571844 
609 317 8 11 0.025564594 
1112 1150 31 31 0.025557375 
1042 158 7 11 0.025512127 
961 287 7 10 0.025508258 
698 191 8 9 0.02549889 
993 49 8 8 0.025498819 
425 1151 7 10 0.02549646 
847 287 8 10 0.025480635 
790 340 10 14 0.025480049 
824 309 25 32 0.025478303 
1020 200 4 7 0.025471568 
920 318 8 11 0.02546593 
296 350 9 11 0.02545761 
214 1142 10 11 0.0254519 
416 199 6 9 0.025436167 
490 177 5 8 0.025435027 
745 1179 120 154 0.025430148 
157 850 63 69 0.025427014 
396 980 137 147 0.025421306 
306 334 7 11 0.025415897 
396 372 10 14 0.025414882 
168 304 9 9 0.025410682 
702 1118 11 10 0.025409382 
580 302 11 14 0.025389368 
601 206 8 11 0.025388442 
920 349 9 13 0.025382709 
903 901 63 63 0.025380528 
640 165 6 10 0.025377631 
920 960 8 9 0.02537762 
335 295 9 11 0.025374567 
665 226 7 8 0.025360381 
543 288 7 9 0.025354596 
362 264 50 76 0.025351992 
905 1192 28 29 0.025328865 
262 325 9 15 0.025324179 
227 290 21 34 0.0253083 
334 367 9 11 0.025299797 
998 314 22 31 0.025296224 
626 806 63 55 0.025283944 
247 669 10 12 0.025283331 
343 343 8 12 0.025281161 
291 970 132 114 0.025268432 
287 165 7 12 0.025266394 
18 925 292 330 0.025266066 
296 190 9 13 0.02525724 
421 287 14 20 0.025253752 
817 310 8 11 0.025245946 
384 319 8 12 0.025242966 
727 359 9 10 0.025241347 
368 303 8 10 0.025233522 
841 956 66 67 0.025228668 
417 191 6 9 0.025223907 
224 342 6 11 0.025209945 
995 185 5 7 0.02517876 
920 1167 8 9 0.025171833 
489 183 6 8 0.025171135 
800 341 9 13 0.02516445 
817 326 10 12 0.025156487 
1004 193 5 7 0.025131226 
544 261 8 13 0.025114644 
368 182 8 10 0.02511304 
928 334 8 11 0.025085008 
306 242 55 66 0.02508127 
785 295 9 10 0.025067981 
592 334 9 12 0.025059035 
640 270 8 9 0.02504851 
1003 128 6 9 0.025046002 
439 174 8 12 0.025042629 
911 317 8 13 0.025023049 
665 359 8 13 0.02501197 
647 141 9 11 0.025009729 
264 286 8 10 0.025002921 
281 342 8 11 0.025001535 
369 807 7 10 0.024998903 
966 301 8 11 0.02498174 
465 160 7 10 0.02498021 
394 261 7 11 0.024979677 
559 253 8 14 0.02497227 
1042 166 7 12 0.024968075 
444 1253 14 15 0.024966044 
632 300 10 12 0.024960259 
465 1026 67 69 0.02495926 
480 805 8 11 0.02495108 
858 290 26 31 0.02493427 
1025 159 4 9 0.024906708 
225 318 7 11 0.024898686 
280 349 8 12 0.024884438 
1042 254 6 11 0.02488039 
289 152 6 8 0.024874857 
384 285 9 13 0.024872247 
836 184 55 74 0.024871225 
752 341 10 12 0.024864677 
1010 1023 7 11 0.024854543 
1003 160 6 9 0.024852151 
907 902 30 28 0.024826774 
838 1166 112 167 0.0248236 
609 182 6 11 0.02481143 
40 261 10 12 0.024806743 
355 1164 71 72 0.02479802 
256 331 10 15 0.024792098 
866 225 6 8 0.024784569 
505 231 6 10 0.024780307 
719 351 9 9 0.024778869 
54 182 12 16 0.024777789 
393 278 7 13 0.024773976 
388 142 20 36 0.024772774 
871 284 10 11 0.024754783 
269 292 103 138 0.024753522 
449 166 7 12 0.024742143 
297 144 7 8 0.02473055 
569 143 7 10 0.02472609 
0 1240 26 32 0.024722122 
986 218 6 7 0.024720633 
696 158 9 10 0.02471396 
779 316 13 17 0.024711648 
411 142 6 10 0.024707066 
577 189 8 11 0.024683217 
879 1174 9 11 0.024680411 
449 128 7 10 0.024669014 
582 205 8 13 0.02466773 
720 326 8 11 0.024663612 
552 1245 10 13 0.024663255 
3 139 28 43 0.024653545 
848 280 7 9 0.024644488 
809 319 25 32 0.024634596 
360 149 8 11 0.024630066 
296 175 8 11 0.024627816 
457 166 8 12 0.024613485 
400 281 10 17 0.024596376 
596 136 5 6 0.024592547 
362 309 7 11 0.024587223 
279 270 11 11 0.024566311 
263 279 9 10 0.02456142 
856 840 74 75 0.024555242 
568 284 8 13 0.024547927 
415 311 12 13 0.024546038 
196 273 56 69 0.024540272 
994 193 6 9 0.024537254 
945 309 8 11 0.024532216 
897 298 20 33 0.02452861 
593 801 6 7 0.024525274 
924 565 16 13 0.024524039 
832 327 8 10 0.024522552 
690 214 8 10 0.024513595 
1003 312 7 9 0.02449849 
206 1143 10 9 0.024489434 
950 342 11 14 0.024483973 
959 1019 12 16 0.024473464 
312 270 8 11 0.024467384 
920 1158 9 11 0.024458272 
977 303 7 9 0.024457552 
415 1093 71 72 0.024455141 
1041 207 8 10 0.024452887 
799 278 9 11 0.0244506 
688 286 8 12 0.024448382 
263 318 8 11 0.024445096 
346 286 8 11 0.024439916 
359 854 29 30 0.024418706 
993 310 7 10 0.024417263 
730 227 61 68 0.024407212 
431 254 7 10 0.02440031 
399 154 8 16 0.02439565 
194 230 8 11 0.024394892 
230 182 9 17 0.024393179 
313 183 8 10 0.024382114 
45 373 15 17 0.02437908 
695 1127 10 10 0.024369262 
751 1174 11 11 0.024361266 
235 166 7 11 0.024354788 
181 247 5 8 0.024346303 
456 150 8 10 0.024345906 
440 149 8 13 0.024342066 
467 814 12 14 0.024336116 
681 215 7 9 0.024334034 
285 193 55 68 0.024333121 
320 260 9 12 0.024332125 
393 344 16 21 0.024328064 
264 311 7 10 0.02432555 
888 1174 10 11 0.024301711 
714 169 6 7 0.024301654 
528 1152 62 62 0.024293734 
872 1175 10 10 0.024293024 
319 294 9 10 0.024292342 
506 847 65 62 0.024290605 
658 253 10 12 0.02427251 
752 270 60 69 0.024269842 
337 332 8 13 0.024264127 
581 324 9 12 0.024258766 
535 785 10 12 0.024255786 
695 135 7 10 0.024252625 
471 792 9 11 0.024242416 
336 271 10 11 0.024241515 
648 1126 9 10 0.024240568 
878 295 25 34 0.024226472 
817 302 7 11 0.024225403 
703 352 7 9 0.024223166 
535 574 49 69 0.024210472 
840 294 8 12 0.024207503 
1017 797 40 84 0.02420307 
805 309 10 13 0.024202297 
176 317 11 12 0.024196787 
352 359 7 11 0.02418999 
431 241 7 7 0.024187546 
804 691 81 60 0.024182066 
279 301 9 12 0.02416987 
601 800 9 8 0.024169141 
677 331 11 13 0.024168467 
507 169 5 7 0.024165768 
295 382 10 11 0.024155786 
870 300 12 13 0.024152048 
1018 120 4 9 0.024146121 
591 1151 10 10 0.024145572 
278 191 12 18 0.024135835 
977 120 46 89 0.024117585 
257 279 8 10 0.024115438 
298 151 6 9 0.024110664 
24 298 10 14 0.024102125 
439 132 8 12 0.024100201 
425 254 7 9 0.024095774 
338 310 8 11 0.024089852 
591 271 10 11 0.02408831 
993 224 6 8 0.024086822 
718 366 9 9 0.024074974 
943 325 11 14 0.024072023 
983 311 8 10 0.024061615 
981 45 31 34 0.024057338 
558 283 9 15 0.024055943 
601 755 38 29 0.02405023 
385 175 8 11 0.024046095 
374 302 8 11 0.02404021 
904 1141 24 30 0.024036758 
1042 150 7 11 0.024029016 
592 205 11 16 0.024028212 
322 367 6 9 0.024022909 
207 164 9 14 0.024021331 
493 845 143 108 0.024018742 
241 145 5 7 0.024012167 
760 1029 61 66 0.024004746 
688 245 9 12 0.023994539 
425 247 7 10 0.023992255 
527 157 8 12 0.023988934 
447 944 10 10 0.023984035 
533 287 9 10 0.023980398 
886 315 10 15 0.023976581 
1019 1016 4 9 0.023976471 
793 302 9 10 0.023965701 
446 987 68 70 0.023959337 
308 219 284 349 0.023957832 
990 277 10 12 0.02392824 
1004 341 43 95 0.02392271 
912 1170 8 8 0.02392054 
361 192 7 9 0.02391778 
687 1133 10 11 0.023907345 
907 681 127 135 0.023905035 
823 309 10 13 0.023903275 
22 310 12 14 0.02390238 
767 847 10 9 0.023900408 
479 791 8 11 0.02389639 
361 807 9 9 0.02389444 
786 286 8 10 0.02389369 
576 1095 10 11 0.023890663 
267 111 6 9 0.023877408 
457 143 7 10 0.023865456 
241 333 8 13 0.023863165 
689 201 6 8 0.02386062 
224 1169 8 7 0.023859505 
361 373 9 13 0.023855371 
1010 159 5 8 0.023855092 
945 636 29 28 0.023850586 
780 883 63 66 0.023848934 
610 231 7 10 0.023845974 
208 239 7 9 0.02384415 
647 284 10 14 0.02383913 
550 452 29 31 0.023824735 
933 336 23 29 0.023813713 
1001 365 7 12 0.023812767 
303 1014 11 11 0.023806678 
459 1249 18 16 0.02380471 
985 209 6 7 0.023801891 
650 184 7 9 0.023796428 
368 127 9 12 0.023789827 
602 263 7 9 0.023789251 
229 1190 132 150 0.023784224 
694 1135 10 9 0.02378031 
-126 19 205 206 0.023777764 
788 316 12 15 0.023766376 
967 332 11 14 0.02375883 
536 551 37 39 0.02375836 
896 974 66 63 0.023756044 
200 237 9 11 0.023751393 
256 1008 9 9 0.023749374 
666 143 8 9 0.023744423 
667 1133 76 71 0.023726566 
979 310 22 31 0.023724742 
663 340 8 13 0.023713337 
995 242 25 37 0.023711087 
1018 167 4 8 0.023708714 
526 461 126 147 0.023701273 
194 302 9 11 0.023698572 
233 223 7 9 0.023692705 
427 224 5 9 0.02368258 
353 362 22 34 0.023654977 
679 350 9 11 0.023649901 
272 310 7 11 0.023639115 
237 226 56 69 0.023637848 
239 215 8 11 0.023632407 
523 174 6 11 0.023630003 
720 134 8 10 0.023627004 
936 359 10 12 0.02362502 
274 1205 65 66 0.023619827 
576 285 9 12 0.023613488 
32 364 28 32 0.023607932 
239 158 7 11 0.023606967 
342 269 10 12 0.023606459 
499 214 6 9 0.023602081 
782 357 11 14 0.023601163 
687 333 9 12 0.023599224 
591 264 9 10 0.023592062 
482 158 7 9 0.023591394 
703 366 8 9 0.023590915 
777 847 10 9 0.023588227 
560 269 7 11 0.02358475 
726 836 62 67 0.023584116 
625 262 9 10 0.023578366 
342 160 7 10 0.023573432 
887 945 8 9 0.023570733 
601 131 5 7 0.02356832 
437 349 10 14 0.02355657 
884 1092 64 76 0.023555351 
825 271 8 10 0.023551743 
710 1127 10 9 0.023549497 
520 167 7 11 0.023546886 
501 814 15 12 0.023539232 
78 181 10 14 0.023538474 
314 1027 68 70 0.023538139 
1001 1048 6 9 0.023537196 
899 501 17 14 0.023529438 
666 101 7 10 0.023527406 
313 303 7 10 0.023527138 
598 326 10 13 0.023527093 
175 301 10 11 0.023522297 
71 179 10 15 0.023520451 
664 208 6 10 0.023517424 
911 348 9 14 0.023516174 
372 946 70 66 0.023514489 
993 112 7 9 0.023513574 
393 192 6 9 0.023513032 
403 223 5 8 0.02351139 
976 358 9 11 0.023508403 
793 180 52 73 0.023507932 
528 288 10 11 0.023503356 
528 173 8 11 0.023492977 
607 807 11 9 0.02347956 
360 799 9 10 0.023477914 
738 701 78 70 0.023461828 
393 270 7 11 0.023456495 
897 327 9 13 0.023451177 
319 1031 11 11 0.023446836 
758 341 11 13 0.023444211 
671 359 8 12 0.02344218 
317 349 9 12 0.02344097 
233 150 7 10 0.023438843 
466 209 6 8 0.023437127 
464 167 8 11 0.023415508 
713 367 8 8 0.023408325 
696 223 7 9 0.023408093 
259 152 6 10 0.023398753 
481 921 136 134 0.023386367 
1011 142 5 9 0.023386162 
157 271 10 13 0.023384739 
53 351 10 12 0.023384068 
582 989 33 34 0.023383802 
702 1134 12 10 0.023382295 
375 763 50 72 0.023363478 
305 287 7 10 0.023360113 
588 814 6 9 0.023359576 
54 591 13 13 0.02335865 
32 260 10 13 0.023354582 
342 366 9 11 0.023348846 
318 459 28 22 0.023341779 
39 374 11 13 0.02334168 
832 225 7 10 0.023328418 
752 1119 10 11 0.023327284 
934 53 28 32 0.023326984 
410 256 8 12 0.023321807 
569 271 7 10 0.023320628 
574 313 13 17 0.023316145 
320 302 9 11 0.023314578 
258 1155 67 67 0.02331301 
886 855 10 12 0.023309657 
433 157 9 15 0.023307508 
602 254 8 11 0.023303473 
600 192 7 9 0.023292087 
411 329 14 17 0.02328545 
522 1237 14 17 0.023282034 
841 256 7 8 0.02326501 
279 278 9 10 0.02325959 
577 295 8 10 0.023257336 
442 255 7 10 0.023256045 
515 934 71 70 0.023254182 
679 1102 10 10 0.023252586 
662 237 8 10 0.023238754 
910 277 9 11 0.023237826 
527 194 9 14 0.023234252 
882 540 70 60 0.023228226 
539 216 6 8 0.023225904 
1090 1000 111 178 0.023225687 
403 193 5 8 0.02321905 
709 1119 10 10 0.023210065 
726 325 10 12 0.023206905 
894 295 8 10 0.023203526 
1035 145 23 38 0.02319658 
988 74 91 180 0.023191048 
314 367 7 10 0.023189558 
756 962 65 65 0.023187904 
319 324 7 13 0.023181003 
584 295 9 10 0.02317663 
985 76 26 33 0.023175467 
863 286 9 11 0.023174424 
302 391 10 10 0.023159014 
582 1125 11 11 0.023158357 
336 383 8 9 0.023154499 
362 288 6 10 0.023150047 
927 277 9 10 0.023139251 
470 944 10 9 0.023136906 
785 70 11 12 0.02313487 
536 296 8 9 0.023130191 
719 934 124 125 0.023110969 
305 303 6 10 0.023109144 
145 1126 69 67 0.02310614 
640 191 7 10 0.023097863 
325 246 10 11 0.023093404 
730 376 8 10 0.023084952 
432 1151 7 9 0.023082608 
310 1015 11 10 0.023076544 
182 231 8 11 0.023074556 
1017 136 5 10 0.02307141 
490 751 8 9 0.023071041 
1019 1031 4 10 0.023067191 
462 859 31 32 0.023065493 
889 319 24 34 0.02306165 
28 317 13 15 0.023057267 
653 308 11 17 0.023050152 
722 300 13 16 0.023043722 
646 1146 136 145 0.023038456 
181 588 73 69 0.023028089 
582 1150 10 11 0.023025705 
528 108 102 137 0.02301554 
207 309 8 12 0.023014272 
841 264 8 8 0.023006773 
513 144 7 8 0.023001894 
554 230 6 11 0.022996768 
675 192 7 9 0.022987531 
511 1079 11 9 0.0229826 
208 1134 10 10 0.022975001 
295 287 8 10 0.022972237 
62 362 11 16 0.022971604 
710 293 12 14 0.022964133 
846 309 9 12 0.022963077 
793 293 10 12 0.022961477 
635 321 15 19 0.022961196 
808 1200 8 10 0.02296105 
602 136 6 7 0.022955962 
247 357 10 13 0.022949677 
430 578 8 8 0.02294856 
146 242 53 68 0.022947941 
562 159 7 11 0.022946933 
841 280 7 9 0.022943942 
624 240 7 10 0.02294359 
298 158 7 10 0.022942413 
561 238 6 12 0.022927826 
57 935 144 136 0.022923652 
852 737 78 72 0.022922391 
627 181 7 11 0.022921361 
608 800 11 9 0.022919236 
41 384 9 10 0.022904765 
241 166 6 11 0.022900049 
994 148 8 12 0.0228972 
872 272 9 9 0.02289416 
823 262 8 10 0.022889435 
697 151 8 9 0.022868834 
401 296 28 34 0.02286626 
771 320 13 17 0.022862628 
458 225 5 8 0.022861542 
719 319 9 11 0.022857042 
639 284 10 13 0.022854099 
440 838 8 11 0.02285307 
264 271 8 10 0.02285145 
582 252 9 12 0.022845391 
653 302 10 13 0.02283715 
423 354 26 33 0.022836952 
328 288 8 9 0.022833325 
742 1127 10 10 0.022831496 
912 1182 10 11 0.022831347 
278 294 9 11 0.022823716 
226 333 7 11 0.022817057 
560 246 6 12 0.022810692 
409 246 6 9 0.022805367 
1034 215 6 10 0.022798726 
601 986 37 36 0.022795955 
403 183 6 10 0.022793204 
912 1160 8 9 0.022792177 
1049 222 9 11 0.022790138 
633 213 57 64 0.02278903 
793 933 67 67 0.022786295 
292 1013 12 11 0.022782564 
96 384 9 8 0.022779137 
176 266 11 17 0.022760129 
1042 199 7 10 0.02275889 
375 871 10 9 0.022755662 
326 301 9 11 0.022754451 
680 1077 62 64 0.022751298 
1036 121 22 37 0.022746209 
638 307 13 14 0.02274125 
677 1133 13 12 0.022741003 
315 973 58 53 0.022720367 
1016 110 6 11 0.022702137 
408 863 10 9 0.022698443 
358 1133 11 14 0.022696275 
959 934 10 11 0.022687642 
566 1152 9 9 0.022679122 
670 148 9 14 0.022678519 
451 848 14 16 0.022678044 
437 341 11 14 0.022675345 
70 144 9 11 0.02267137 
45 341 27 32 0.022657022 
551 790 8 10 0.022656204 
569 277 8 13 0.02265357 
931 519 65 68 0.022652201 
454 1207 10 11 0.022649089 
646 150 8 12 0.022644714 
285 269 11 11 0.02263735 
455 357 10 13 0.022630187 
513 175 7 10 0.022629403 
911 335 8 11 0.022626711 
593 809 6 9 0.022621596 
719 288 10 11 0.02262127 
1002 41 7 7 0.022617845 
438 865 29 37 0.022609772 
632 846 13 11 0.022602027 
690 231 8 10 0.022596097 
394 247 5 8 0.022595877 
207 317 9 13 0.02259536 
223 104 51 79 0.022595119 
409 1143 9 10 0.022588879 
156 294 10 12 0.022584325 
696 249 7 8 0.02257888 
880 1183 9 10 0.022578442 
224 1134 9 11 0.022570599 
392 366 10 16 0.022570347 
313 1037 9 10 0.022567302 
507 909 14 13 0.022556208 
894 237 115 146 0.02255606 
713 376 8 9 0.022551704 
871 1158 9 10 0.02255149 
559 1251 14 14 0.0225473 
271 326 7 12 0.022534195 
111 630 11 11 0.022532262 
663 182 7 10 0.022522347 
849 294 7 11 0.022521092 
750 333 11 14 0.022517143 
322 376 6 9 0.02250984 
583 334 9 11 0.022507643 
441 182 8 11 0.022504732 
641 176 6 9 0.022504603 
6 304 64 87 0.022502234 
510 752 9 10 0.022501763 
297 301 7 12 0.022493226 
489 1112 58 70 0.022489522 
801 581 77 67 0.022489 
197 316 11 15 0.022486594 
207 260 25 33 0.02248369 
402 164 7 13 0.022482993 
247 222 9 12 0.022481933 
800 778 77 71 0.022474864 
1011 1038 6 10 0.022472883 
439 206 7 10 0.022470498 
443 248 6 8 0.022468425 
673 333 9 11 0.02245108 
334 349 12 15 0.02243983 
623 318 10 12 0.022439234 
873 265 7 8 0.022437472 
1019 961 39 80 0.022435019 
420 1165 12 14 0.022431225 
1042 175 7 10 0.022430971 
513 207 6 10 0.02241849 
698 269 8 10 0.022416113 
438 156 9 16 0.022409651 
504 753 9 10 0.022398898 
208 326 9 13 0.022394855 
463 254 8 10 0.02239244 
328 312 8 9 0.022382911 
1001 1015 8 9 0.022366663 
834 213 6 10 0.022364208 
826 230 6 10 0.022358954 
876 330 57 75 0.022353768 
246 187 21 33 0.022350643 
752 350 10 12 0.022349637 
851 276 51 71 0.022349356 
640 263 8 10 0.022347735 
1009 95 6 10 0.02234158 
1042 142 8 12 0.022338305 
305 141 8 11 0.022332793 
647 1113 63 60 0.022330908 
89 158 8 14 0.022330407 
976 117 9 12 0.022321545 
6 293 12 17 0.022318345 
343 242 10 15 0.022307718 
753 289 30 29 0.022303658 
391 221 7 10 0.02230199 
240 340 8 14 0.022300363 
673 136 6 9 0.022298113 
640 251 10 14 0.022296447 
910 357 8 12 0.022295253 
958 325 11 13 0.022288691 
220 579 70 67 0.02228649 
655 225 7 7 0.022285111 
869 294 12 13 0.022276465 
30 310 12 13 0.022274023 
559 302 9 13 0.022271568 
344 182 8 11 0.022269169 
634 975 7 9 0.022266543 
672 230 7 10 0.022259831 
607 247 9 11 0.022259241 
282 320 7 9 0.022258315 
633 183 6 12 0.022255337 
1001 400 7 8 0.022255287 
344 230 9 12 0.02225229 
2 239 7 10 0.022250514 
343 255 9 10 0.022250053 
1001 344 8 12 0.022245696 
1003 301 7 10 0.022241548 
433 271 8 12 0.022234708 
473 165 8 10 0.022231521 
919 1120 9 10 0.022228297 
915 630 68 63 0.022216856 
574 334 9 12 0.022212867 
105 136 8 11 0.022209408 
632 270 7 10 0.02220112 
549 881 32 29 0.022196962 
226 771 142 140 0.022194253 
599 271 10 11 0.022193342 
251 152 4 9 0.02218984 
569 319 8 11 0.02218579 
375 326 9 13 0.022182358 
992 843 94 170 0.022180794 
402 176 6 10 0.022175832 
374 222 8 12 0.02217368 
745 316 9 13 0.022171322 
194 797 77 67 0.02217024 
23 284 10 13 0.022168651 
1049 229 9 12 0.02215886 
556 1261 15 17 0.02215675 
226 326 7 12 0.022140935 
632 285 9 12 0.022138039 
555 279 7 11 0.02213114 
759 788 70 68 0.022126853 
1008 312 8 13 0.022122642 
257 111 7 8 0.022122387 
265 172 6 13 0.022121886 
372 290 24 35 0.022114495 
713 257 6 7 0.022092352 
443 824 7 10 0.022085242 
920 302 7 10 0.022083571 
215 1110 8 10 0.022081584 
490 197 8 12 0.022077112 
529 1167 10 14 0.022072302 
168 278 8 12 0.022071479 
217 237 7 12 0.022069544 
313 285 8 12 0.022063982 
439 228 8 12 0.022061924 
81 383 7 10 0.022058902 
676 300 12 16 0.022057965 
783 349 11 14 0.02205747 
703 565 72 64 0.02205561 
225 1132 32 38 0.022051949 
35 645 19 20 0.022046367 
473 216 7 9 0.022045583 
285 392 10 10 0.0220395 
1026 120 5 10 0.022038903 
1022 224 24 38 0.02203434 
343 375 8 10 0.022033067 
1041 262 7 12 0.022032224 
729 145 7 8 0.022030447 
894 1156 12 14 0.022026008 
472 784 7 9 0.022021972 
215 1101 9 10 0.02202022 
784 303 8 10 0.022019232 
891 899 30 31 0.022018932 
632 309 10 12 0.022017276 
583 1092 62 57 0.022011204 
518 156 8 13 0.022010202 
986 119 7 10 0.022006737 
1009 1029 8 12 0.022001473 
886 295 10 11 0.021995965 
1015 230 8 15 0.02199356 
984 158 8 11 0.021991195 
790 358 10 13 0.021989953 
54 361 12 17 0.021989575 
1009 127 6 9 0.021989223 
205 229 9 13 0.021988025 
344 176 7 10 0.021979911 
807 285 9 12 0.021975653 
1035 241 23 38 0.021967646 
399 935 32 29 0.021964915 
416 302 11 12 0.021963837 
14 271 12 19 0.021962179 
993 159 7 10 0.021951647 
1033 193 24 34 0.02194499 
263 340 9 14 0.021943267 
271 669 12 11 0.021942038 
1035 223 6 10 0.02193993 
705 278 7 10 0.021938175 
256 271 8 10 0.021937037 
559 230 6 11 0.021935612 
698 1205 62 68 0.021922404 
846 1178 70 76 0.021917809 
977 278 9 10 0.021917064 
241 151 6 10 0.021915482 
593 301 9 12 0.021915197 
604 194 22 31 0.021910863 
367 197 9 11 0.021910772 
920 1135 9 11 0.021910697 
774 344 10 12 0.021899162 
945 497 19 18 0.021896183 
449 366 9 12 0.021894854 
735 376 9 10 0.021888025 
1049 237 9 13 0.02188394 
411 1159 25 28 0.021868715 
240 172 7 12 0.021868454 
902 1140 10 13 0.02186682 
911 967 10 10 0.0218585 
319 342 7 12 0.021852465 
160 267 23 32 0.021843499 
720 1119 9 10 0.021842357 
258 142 6 9 0.021835895 
241 1087 8 9 0.021831788 
831 1183 8 9 0.021830563 
733 300 10 14 0.021829616 
302 751 70 76 0.021811994 
609 137 6 7 0.021806201 
623 829 14 14 0.02180146 
302 367 9 10 0.02179434 
233 1126 10 11 0.021793969 
687 898 72 68 0.021787705 
963 102 25 30 0.021787474 
29 364 12 15 0.021785475 
506 191 6 10 0.021785367 
928 902 503 645 0.021785175 
140 743 76 67 0.021781508 
457 1191 8 8 0.02177877 
638 817 14 11 0.021765064 
585 1118 68 69 0.021762423 
499 1253 16 16 0.021761095 
896 1174 10 11 0.021759253 
992 1028 11 13 0.021759044 
46 146 11 17 0.021757595 
695 1145 10 10 0.021756928 
714 136 7 8 0.021754324 
1025 214 5 10 0.021728555 
250 167 6 10 0.02172604 
39 277 10 12 0.021724142 
44 362 15 17 0.021719398 
405 348 12 15 0.021716882 
326 183 9 11 0.021704359 
319 1024 11 10 0.02170087 
568 174 8 12 0.021697693 
698 279 8 11 0.021696523 
865 270 9 10 0.021689545 
704 159 7 8 0.02168368 
522 759 7 10 0.021683112 
328 383 8 9 0.021681977 
655 339 9 16 0.021681199 
687 301 9 13 0.021677883 
453 1157 9 12 0.021676172 
416 132 7 12 0.021666694 
1006 254 8 11 0.02166395 
713 162 5 7 0.021662945 
711 311 9 10 0.02165357 
1035 231 6 10 0.0216524 
266 183 6 12 0.021645583 
840 649 32 27 0.021645475 
496 183 6 8 0.021640528 
581 523 12 19 0.02163668 
54 353 24 32 0.02163323 
980 976 47 86 0.021632694 
607 333 9 14 0.021632634 
388 753 5 6 0.02163028 
546 743 6 9 0.021629184 
921 355 9 13 0.021626115 
767 343 10 13 0.02162535 
411 175 6 10 0.021618621 
866 844 27 32 0.021618344 
352 375 8 11 0.021615695 
440 1167 9 10 0.02161448 
973 997 12 14 0.021613726 
462 951 12 10 0.021608833 
799 309 11 14 0.021607572 
987 185 5 8 0.02160358 
838 1211 11 15 0.021595823 
576 155 50 73 0.021595353 
998 1037 9 12 0.021594077 
585 271 9 10 0.021593546 
985 302 7 10 0.02158455 
835 1000 151 156 0.02157226 
520 261 11 12 0.021571627 
221 174 21 35 0.021569354 
602 886 36 35 0.021561459 
1004 231 6 9 0.021560403 
33 1157 136 184 0.021559434 
340 1133 13 13 0.021559246 
975 351 10 11 0.021557452 
61 637 12 13 0.021552749 
215 346 8 15 0.02154756 
214 325 8 14 0.021544999 
70 166 10 13 0.021542031 
440 1056 64 68 0.021534543 
52 614 15 14 0.021533918 
543 1153 9 9 0.021531312 
183 1152 10 10 0.021530537 
600 199 8 11 0.021526711 
264 144 5 7 0.02152324 
400 1057 69 71 0.021521272 
921 327 7 10 0.021521157 
442 130 53 66 0.021520514 
761 1183 9 11 0.02151946 
893 1179 127 146 0.021516567 
279 286 9 10 0.021516562 
39 350 12 15 0.021513868 
553 1238 8 12 0.021507118 
617 1007 63 69 0.021507025 
18 220 9 13 0.021504166 
274 174 6 11 0.021502465 
421 1248 28 32 0.021499803 
23 106 11 18 0.021494659 
695 364 9 12 0.021486396 
248 327 8 12 0.021484666 
856 1092 57 62 0.02148171 
659 392 7 10 0.02147425 
22 372 11 14 0.02147279 
312 158 8 11 0.021461487 
336 301 9 11 0.021450883 
772 877 12 12 0.021449165 
560 873 76 59 0.021448737 
754 286 8 10 0.021436445 
319 359 7 10 0.02142613 
391 213 7 13 0.021420628 
40 270 9 12 0.021411214 
534 174 7 10 0.021410305 
77 188 26 41 0.02140901 
882 224 6 7 0.021408191 
343 390 25 31 0.02140818 
545 215 6 9 0.021400707 
72 134 8 10 0.021396697 
980 1127 26 31 0.021393603 
648 1119 10 10 0.021390513 
442 579 6 6 0.02139027 
366 158 9 12 0.021387389 
21 259 11 15 0.02138683 
848 320 7 9 0.021386111 
544 268 8 13 0.02138367 
14 294 11 15 0.021383032 
415 269 9 13 0.021380758 
195 1261 15 17 0.021378336 
656 136 7 9 0.02137679 
15 228 11 15 0.021370193 
1036 160 5 8 0.021366255 
223 1119 9 10 0.021363692 
351 391 9 12 0.021362089 
294 333 8 12 0.021359898 
88 180 9 14 0.021359298 
312 278 8 11 0.02135888 
55 172 11 13 0.021356624 
502 1233 54 64 0.021350676 
203 950 64 66 0.021349259 
312 262 8 11 0.021346537 
320 189 11 12 0.02133392 
966 360 10 12 0.021333244 
783 279 10 11 0.021332968 
312 383 7 10 0.021332458 
707 240 6 9 0.021332217 
1042 183 7 10 0.021327559 
906 833 59 68 0.021319881 
305 207 8 10 0.021317702 
1048 155 11 15 0.021316588 
389 372 22 33 0.021313356 
274 136 6 9 0.021309223 
442 192 6 8 0.021305246 
544 280 7 10 0.021305142 
304 216 10 11 0.02129886 
928 1182 9 11 0.021297429 
560 206 8 11 0.021296922 
414 160 23 34 0.021294506 
807 278 10 11 0.021290973 
699 185 7 8 0.021283561 
633 164 7 10 0.021277105 
606 1086 10 10 0.02127412 
440 200 6 10 0.021273725 
305 319 6 10 0.021272672 
303 295 7 10 0.021267878 
657 266 23 29 0.021264073 
1018 312 4 10 0.021262448 
1036 152 5 9 0.02126244 
800 350 9 11 0.02126211 
1035 239 6 10 0.021260971 
599 1151 10 10 0.021255294 
585 286 8 11 0.021252174 
270 349 9 13 0.021248052 
601 247 8 11 0.021241765 
155 163 21 34 0.021239957 
720 1127 10 9 0.021232553 
974 111 10 11 0.021231601 
1049 214 9 11 0.02122747 
640 806 12 9 0.021227127 
166 1056 63 66 0.021224488 
509 818 16 13 0.021223947 
718 676 83 63 0.021223051 
552 159 6 10 0.021220893 
320 334 7 11 0.021220803 
956 935 27 32 0.021217594 
579 199 7 12 0.02121549 
674 237 7 11 0.02121087 
548 760 6 8 0.02120803 
936 1140 9 13 0.021189928 
759 855 9 10 0.021185186 
426 240 6 8 0.02118143 
247 332 9 14 0.02118005 
929 260 471 569 0.02117898 
897 1183 9 11 0.021176198 
673 350 8 10 0.02117194 
375 358 9 13 0.021164794 
60 185 11 17 0.021161282 
538 1159 8 10 0.021156143 
249 111 6 9 0.021153402 
599 1130 15 15 0.02115088 
440 1151 8 9 0.021150786 
1019 385 4 7 0.021145346 
1025 209 5 8 0.021141296 
680 134 8 10 0.021131711 
1009 120 6 10 0.021129353 
741 1191 11 11 0.02112712 
735 1192 10 10 0.021120228 
183 240 7 9 0.021117652 
473 189 8 11 0.021117328 
984 359 9 10 0.021115294 
879 1168 9 10 0.02111441 
319 310 8 10 0.0211139 
817 320 8 11 0.021112729 
179 255 8 12 0.021111669 
233 747 78 65 0.02111087 
538 223 6 9 0.021106077 
944 317 9 13 0.021102237 
450 1152 8 9 0.02109793 
98 189 8 13 0.021097666 
687 294 9 12 0.021096788 
425 864 8 9 0.021094542 
376 272 8 10 0.021094054 
343 263 9 10 0.021092352 
861 610 132 119 0.021092199 
357 398 11 14 0.021091832 
729 102 8 12 0.021089261 
396 327 16 16 0.02108672 
174 148 10 16 0.021080688 
349 799 30 32 0.021077992 
742 341 10 12 0.021076908 
521 226 50 66 0.021076856 
656 125 9 12 0.021076359 
409 1127 9 9 0.021076199 
804 735 83 65 0.021069681 
569 222 6 9 0.02106486 
180 916 70 65 0.02106014 
584 263 8 10 0.02105116 
489 999 8 8 0.021049056 
957 1150 14 21 0.02104275 
312 1210 69 68 0.021039931 
924 311 24 28 0.021037573 
768 287 9 9 0.021029424 
417 1120 9 9 0.02102771 
452 876 35 33 0.021026189 
920 1142 9 13 0.021022305 
449 340 10 14 0.021019883 
610 175 6 11 0.021006972 
1003 1221 23 35 0.021005789 
962 236 60 84 0.021005107 
25 334 27 30 0.021003041 
1034 109 7 13 0.020988517 
115 967 70 70 0.020980531 
431 154 21 33 0.020979526 
721 256 6 7 0.020974824 
226 159 7 11 0.020971347 
287 358 9 12 0.020970972 
1049 245 8 13 0.020965619 
1010 80 6 8 0.020963322 
1027 87 21 40 0.020963281 
854 1253 10 13 0.020957487 
986 222 7 9 0.020953756 
875 217 5 7 0.02095096 
373 317 9 14 0.020945169 
554 153 5 8 0.020943448 
383 292 9 14 0.020941248 
1002 393 6 8 0.02093839 
594 221 9 12 0.020935658 
349 817 60 65 0.020935236 
159 177 10 16 0.020928765 
694 167 9 10 0.020921066 
45 590 12 12 0.020918073 
29 334 13 14 0.020916685 
833 295 7 10 0.020913497 
208 1102 9 9 0.020909058 
978 159 6 9 0.020903843 
639 856 10 9 0.02090373 
986 151 6 10 0.020895975 
216 300 23 33 0.020892527 
338 277 51 75 0.020890629 
806 327 10 12 0.02089024 
545 255 7 12 0.020884344 
752 359 9 10 0.020880776 
689 994 68 70 0.02087209 
223 166 7 10 0.020870708 
234 158 7 12 0.02087054 
133 806 72 75 0.020869246 
603 121 6 7 0.02086754 
664 390 8 11 0.020866869 
801 1212 64 75 0.020861542 
374 293 9 12 0.020858694 
546 223 7 9 0.020852521 
767 367 10 10 0.020851139 
696 307 9 13 0.020839158 
1014 120 20 40 0.020838417 
689 342 8 10 0.020836247 
624 1047 10 10 0.020835185 
186 293 26 31 0.020831227 
479 992 9 9 0.020823848 
927 349 25 30 0.020818666 
792 849 27 26 0.020815995 
569 264 6 10 0.020815838 
374 365 9 14 0.020813022 
577 1157 10 11 0.020811465 
600 112 7 8 0.020799253 
1042 191 7 10 0.020794755 
520 251 11 15 0.0207907 
293 325 9 13 0.020790666 
448 156 8 13 0.020783672 
775 278 10 11 0.020777205 
200 334 8 11 0.02077324 
258 318 8 11 0.020771831 
1049 164 9 14 0.020769533 
486 159 7 8 0.020767624 
593 230 8 11 0.020765644 
1016 333 6 13 0.020764738 
705 334 9 13 0.02075583 
652 814 73 67 0.02075027 
870 1182 11 11 0.020742295 
939 962 13 16 0.02074198 
992 350 10 13 0.020740952 
1016 94 20 41 0.020738117 
71 126 9 13 0.02073113 
815 103 51 66 0.020730928 
919 311 7 11 0.020725757 
520 781 7 10 0.020724857 
80 802 151 146 0.020723091 
1009 88 6 9 0.02071659 
423 1158 10 13 0.020714168 
526 760 9 10 0.020712681 
451 239 6 9 0.020706259 
616 1088 8 8 0.020705562 
175 311 11 12 0.020700043 
272 1031 136 130 0.020698728 
848 264 7 9 0.020691354 
481 168 7 9 0.02068887 
162 167 7 12 0.020680727 
769 303 26 32 0.020678978 
252 483 263 281 0.020673756 
761 1190 9 11 0.020672739 
736 367 9 10 0.020672563 
450 833 26 32 0.020668607 
881 286 9 10 0.020666039 
567 783 9 8 0.020661715 
654 141 8 10 0.02065997 
664 349 7 12 0.020656468 
382 238 53 76 0.020652408 
361 325 8 13 0.02064802 
561 144 6 9 0.020636195 
591 253 9 12 0.020635406 
710 335 8 11 0.020633085 
599 510 35 36 0.02063175 
807 270 9 11 0.020631485 
567 1143 9 9 0.020629464 
776 283 26 32 0.020628748 
729 367 8 9 0.020627644 
847 302 9 13 0.020626668 
193 1151 10 9 0.020624038 
420 364 15 20 0.020622164 
870 670 33 30 0.020620344 
134 1070 11 10 0.020619519 
215 670 11 10 0.02061756 
505 159 5 9 0.020614568 
1009 373 8 12 0.020613825 
886 1183 11 11 0.02061299 
607 1182 11 10 0.020609453 
669 1134 12 11 0.020608911 
168 157 8 11 0.020608133 
374 285 9 13 0.020605225 
265 230 8 12 0.020604927 
904 1172 26 28 0.020604039 
793 286 10 12 0.020602925 
353 382 7 11 0.02059609 
201 135 6 9 0.020594355 
405 820 32 34 0.020591138 
208 363 9 15 0.020584505 
169 295 8 10 0.020583026 
540 144 49 65 0.020579549 
167 151 9 12 0.02057113 
711 126 8 9 0.020567995 
607 776 65 62 0.020566462 
758 1120 9 10 0.020564675 
760 286 9 10 0.020563243 
602 238 7 11 0.020556876 
20 383 30 31 0.020552969 
616 247 9 10 0.02054893 
457 1185 7 9 0.020548787 
657 238 7 9 0.020546157 
448 231 6 9 0.020545332 
895 974 10 11 0.02054085 
480 183 7 9 0.020533891 
995 99 23 33 0.020527741 
695 357 10 12 0.020518024 
1010 272 6 10 0.020516986 
335 164 10 12 0.020502066 
31 288 8 11 0.02050122 
999 1134 10 14 0.020500664 
282 326 7 10 0.020491153 
535 886 28 30 0.020490045 
615 279 8 10 0.02048929 
126 157 101 158 0.020489011 
-129 749 219 388 0.020487497 
250 159 5 9 0.020480279 
570 232 6 11 0.020475782 
1002 280 7 10 0.020475013 
978 152 6 8 0.02047215 
63 533 75 71 0.020464217 
88 383 8 10 0.020462139 
680 367 7 9 0.02046116 
495 740 46 67 0.02045982 
294 270 10 11 0.020458039 
718 359 10 11 0.020451777 
832 1192 7 9 0.020450093 
479 1001 8 7 0.020445887 
610 130 6 6 0.020442255 
312 207 10 12 0.020442074 
583 793 7 9 0.020440629 
249 271 8 10 0.020435022 
552 986 64 70 0.020429753 
839 302 8 13 0.020423898 
537 262 9 12 0.020423435 
29 355 13 16 0.020422576 
424 214 7 10 0.02041888 
183 215 54 78 0.020418413 
265 137 5 8 0.020416925 
512 352 8 9 0.020415528 
711 286 10 11 0.020415036 
335 287 9 10 0.020411918 
845 316 52 71 0.020411719 
168 119 93 140 0.020409917 
446 357 10 13 0.020406509 
479 1207 11 12 0.020406105 
-2 564 134 117 0.020405466 
903 1014 11 11 0.020403894 
529 302 9 11 0.020400783 
216 167 8 10 0.020399017 
928 288 7 8 0.02039635 
382 274 22 33 0.020386958 
111 630 26 27 0.020381346 
801 359 8 11 0.020381283 
455 181 7 12 0.020380134 
568 760 9 10 0.020377446 
982 367 11 12 0.020375615 
975 367 10 11 0.020370798 
456 655 8 11 0.020362707 
579 1143 28 28 0.020359345 
30 245 11 17 0.020356577 
585 278 9 10 0.020351166 
914 519 34 29 0.02035006 
878 309 12 13 0.020342989 
527 780 10 14 0.020342682 
593 767 9 11 0.020339724 
635 294 23 28 0.020337436 
834 197 7 12 0.02033696 
978 176 6 8 0.020335734 
626 255 7 10 0.020330785 
449 150 7 11 0.020326924 
348 156 22 31 0.020325713 
596 145 5 7 0.020323882 
806 317 9 11 0.020320442 
305 325 7 12 0.02031888 
599 300 9 13 0.020316223 
585 152 5 8 0.020313855 
449 120 7 8 0.020309832 
205 1151 10 9 0.020306421 
943 1135 10 13 0.020305606 
198 324 10 14 0.020299222 
60 596 13 14 0.020297956 
1035 247 6 10 0.020297008 
290 144 6 8 0.020296741 
414 341 11 13 0.02029583 
801 367 8 10 0.02029142 
1003 276 20 35 0.020287508 
231 259 9 14 0.020287197 
631 263 8 10 0.020287182 
76 1251 15 16 0.020286629 
365 1047 13 14 0.020276846 
252 1214 12 13 0.020274991 
959 94 9 12 0.02026977 
424 853 10 11 0.020266697 
1002 49 7 7 0.02026516 
36 314 13 15 0.020260502 
279 206 11 13 0.020259997 
202 336 57 67 0.020258944 
485 989 68 71 0.020253679 
272 319 7 10 0.020249767 
919 966 9 10 0.020242628 
807 341 11 13 0.020235335 
947 1255 15 18 0.02023432 
56 149 10 15 0.020229585 
592 326 9 12 0.020229463 
825 277 9 11 0.020227205 
1025 200 5 9 0.020226985 
386 200 6 9 0.020226143 
673 210 65 69 0.020222412 
1011 135 6 10 0.020218188 
330 378 26 34 0.020215143 
691 120 6 8 0.020214656 
815 886 64 65 0.020212635 
518 1079 10 10 0.020209279 
101 216 63 76 0.020208044 
856 312 8 9 0.020202884 
1025 127 5 10 0.02019889 
229 186 21 33 0.020193795 
681 225 6 8 0.020181198 
254 172 8 14 0.020180142 
209 159 45 69 0.020179642 
872 293 49 72 0.020164521 
783 334 9 12 0.020163672 
1036 271 5 10 0.020159584 
1010 357 8 14 0.020158246 
24 215 9 13 0.020156939 
256 340 9 13 0.020150933 
45 263 9 11 0.020148974 
198 1151 11 9 0.020147512 
352 262 9 11 0.020145424 
199 1135 11 10 0.020142112 
295 318 8 11 0.020139974 
375 855 64 65 0.02013861 
584 1134 10 10 0.020130677 
43 630 15 16 0.02012766 
650 269 8 10 0.020127367 
742 367 10 10 0.0201243 
902 1190 10 11 0.02012364 
378 107 55 71 0.02012215 
351 398 11 12 0.02012058 
555 216 6 8 0.020117493 
1008 103 8 13 0.020114841 
714 176 6 8 0.020110691 
566 198 8 12 0.02011 
993 343 8 12 0.02010839 
440 261 8 11 0.020106506 
540 893 14 14 0.020105196 
512 223 6 9 0.020102495 
323 384 6 8 0.02010181 
779 868 28 27 0.020099353 
234 289 53 66 0.020098466 
856 303 8 11 0.020098366 
542 804 15 15 0.02009715 
991 119 7 10 0.02009496 
745 873 130 129 0.02009477 
288 383 8 9 0.02008816 
313 295 7 9 0.020081792 
205 1127 11 12 0.02007843 
477 1226 15 15 0.020078218 
69 172 10 14 0.020077886 
86 1192 65 80 0.020077195 
1018 96 5 9 0.020076966 
863 1174 9 10 0.020076694 
950 341 22 28 0.020074537 
728 1192 9 9 0.020072762 
87 169 10 16 0.02007268 
423 1134 11 13 0.020065336 
568 207 7 10 0.020064646 
783 983 70 66 0.020062853 
992 331 9 15 0.020062134 
1042 133 8 14 0.020057496 
560 1237 12 16 0.020057486 
864 280 9 10 0.02005434 
918 909 12 12 0.020052386 
391 1142 9 11 0.020045793 
870 633 33 29 0.020044522 
399 310 11 13 0.020042922 
438 278 9 15 0.020038025 
856 293 9 12 0.020035988 
440 1159 9 10 0.020035287 
119 593 69 63 0.02003312 
62 622 12 11 0.020032236 
447 330 11 14 0.020029465 
887 1173 26 31 0.020027872 
1025 135 5 10 0.0200269 
359 320 47 70 0.020026099 
519 238 8 10 0.02002243 
47 182 12 16 0.020020733 
979 202 5 7 0.020018937 
-12 80 102 179 0.02001852 
768 1123 8 12 0.020017622 
428 1239 13 13 0.020014461 
153 642 69 61 0.020011744 
690 223 7 9 0.020004943 
