39_Ice_Skating_iceskiing_39_941
248
738 490 82 105 0.9946242 
562 162 13 16 0.2500963 
593 672 145 130 0.20560293 
587 707 71 72 0.13371107 
809 459 45 78 0.11860103 
684 882 12 19 0.08426194 
293 792 105 134 0.08050867 
567 228 14 23 0.06546021 
303 864 97 124 0.055798575 
677 924 22 38 0.053204864 
229 780 99 142 0.0429529 
926 498 29 30 0.042017803 
478 298 11 15 0.04034271 
574 674 64 74 0.03915972 
1004 982 73 195 0.038702182 
238 933 24 27 0.038608834 
710 954 14 22 0.037688974 
489 372 43 79 0.03612901 
569 157 10 13 0.035512377 
596 600 111 141 0.034860767 
284 763 216 237 0.034858204 
545 187 7 12 0.03437074 
54 1104 17 18 0.0340301 
253 824 12 17 0.03402686 
713 967 10 19 0.033915445 
913 412 107 144 0.03353435 
560 169 15 20 0.03304167 
588 163 8 10 0.03257066 
538 702 201 253 0.032292478 
512 434 113 129 0.032257095 
598 672 17 19 0.03219043 
209 959 33 39 0.031866286 
693 945 10 20 0.031758424 
486 289 13 16 0.03168819 
661 643 141 145 0.031511255 
926 647 24 28 0.031404316 
876 702 47 64 0.03118523 
304 937 14 17 0.030999685 
690 934 11 23 0.030730503 
667 944 12 20 0.030518724 
288 929 27 30 0.030307066 
289 888 41 36 0.030100374 
241 941 34 46 0.030039784 
984 55 197 316 0.029900998 
280 800 67 72 0.029898973 
478 337 38 38 0.029770931 
390 681 50 58 0.02942689 
305 929 13 14 0.029413491 
621 733 16 20 0.02938421 
542 146 10 12 0.029298415 
219 981 34 40 0.029262628 
1002 171 71 196 0.029125962 
970 321 13 14 0.029039491 
595 379 112 129 0.028853867 
203 693 200 220 0.028754042 
326 836 28 38 0.028711211 
964 716 53 72 0.028616197 
439 191 33 33 0.028565753 
254 834 13 17 0.028526228 
483 292 9 11 0.02836991 
657 974 24 40 0.028339665 
281 942 25 32 0.028239118 
284 844 65 73 0.028206108 
680 945 13 21 0.028173033 
692 902 13 19 0.028060915 
255 828 27 34 0.028058713 
259 841 11 15 0.028018609 
629 749 15 18 0.027648276 
-105 10 164 224 0.027491778 
215 784 62 65 0.02733081 
691 956 20 33 0.027235104 
480 124 402 473 0.027122885 
181 928 56 57 0.027069429 
938 484 17 17 0.026795866 
322 440 48 81 0.02664756 
963 321 13 14 0.026613235 
300 948 27 33 0.026593354 
479 290 24 28 0.026496368 
527 246 12 18 0.026440222 
579 157 8 11 0.02609737 
387 123 52 62 0.026024705 
144 843 102 117 0.025986345 
268 843 10 16 0.025973178 
665 947 8 13 0.025744075 
496 383 96 121 0.02570644 
593 163 8 11 0.025582682 
308 822 28 35 0.025513759 
267 837 34 42 0.025507076 
733 914 92 130 0.025403233 
405 947 128 112 0.025374306 
279 793 30 36 0.025342928 
792 967 8 9 0.025329193 
741 357 17 15 0.025217317 
386 195 98 115 0.025188956 
773 445 72 123 0.025180142 
325 859 25 40 0.025169855 
549 158 22 31 0.025154535 
949 624 30 28 0.025040686 
451 236 28 33 0.024943732 
493 159 16 21 0.024933647 
187 923 31 30 0.024896344 
673 764 29 35 0.02487342 
329 843 10 14 0.02485333 
615 392 61 70 0.024719536 
285 860 10 14 0.02465305 
767 966 8 11 0.024637828 
147 659 103 144 0.024562312 
561 210 22 33 0.024502428 
577 694 11 11 0.024350557 
843 708 54 67 0.024343375 
193 912 11 12 0.024341065 
470 350 45 67 0.024179844 
445 266 85 118 0.024139497 
689 911 12 21 0.024120532 
468 217 8 11 0.024020415 
605 403 29 29 0.023961635 
211 940 30 34 0.02381412 
287 810 37 39 0.023729805 
448 369 32 50 0.023598582 
467 304 30 40 0.023578215 
667 946 26 39 0.0235645 
295 909 33 32 0.023559166 
564 151 8 10 0.023476504 
432 151 6 9 0.02344932 
218 913 86 109 0.023435634 
564 192 10 14 0.023413595 
275 851 11 16 0.02336483 
567 689 29 28 0.02329394 
584 442 22 30 0.023261517 
588 190 8 10 0.023224168 
186 921 9 10 0.023158997 
206 816 30 38 0.023154987 
440 214 27 33 0.023121154 
759 965 9 11 0.023107104 
523 661 13 14 0.023046464 
307 957 12 14 0.022934804 
653 981 5 9 0.022916302 
220 794 14 16 0.022895396 
721 963 8 15 0.022882663 
659 963 7 13 0.022868976 
336 690 51 61 0.022810841 
948 456 24 28 0.022796089 
519 324 8 12 0.02279346 
707 968 11 20 0.022772757 
557 688 8 9 0.022764796 
686 159 26 25 0.022759868 
366 38 107 137 0.022750665 
536 195 8 10 0.022694362 
514 336 24 39 0.022689583 
765 1032 28 24 0.022666479 
587 678 32 41 0.022658993 
542 193 8 12 0.022635967 
265 947 24 36 0.022580275 
463 225 25 34 0.02247084 
557 172 26 33 0.022463283 
322 840 11 16 0.022449596 
300 922 8 7 0.022432918 
932 588 29 31 0.022423266 
435 252 9 14 0.02241608 
296 887 57 71 0.022402728 
174 1001 117 135 0.022371355 
646 969 23 34 0.022356503 
232 940 11 16 0.022326047 
771 926 121 150 0.022217609 
769 973 7 9 0.022154586 
716 976 9 18 0.022108031 
327 831 13 20 0.02210324 
643 969 5 7 0.022097385 
558 431 8 9 0.022082036 
241 818 27 33 0.022067893 
270 857 9 15 0.021975787 
887 656 30 31 0.021970479 
482 287 8 10 0.02196728 
845 971 25 29 0.021953978 
521 181 6 9 0.021937765 
697 952 13 20 0.021905357 
490 283 24 29 0.021886688 
620 755 104 146 0.021879146 
321 941 11 14 0.021852424 
205 922 30 29 0.021850172 
291 933 12 12 0.021847442 
741 374 16 13 0.02183757 
623 152 15 16 0.021825831 
283 762 25 35 0.021770386 
271 837 9 14 0.021732584 
551 854 112 123 0.021726103 
696 936 13 24 0.021715827 
703 908 256 279 0.021641728 
352 835 27 40 0.021633426 
538 189 7 10 0.021584593 
467 223 10 15 0.021579452 
690 351 13 15 0.021575667 
548 144 9 11 0.021551618 
722 972 7 12 0.021545775 
445 244 55 70 0.021468073 
453 182 26 29 0.02145084 
524 359 10 17 0.02142024 
691 916 20 35 0.021382662 
323 701 27 38 0.021268575 
278 1061 53 65 0.021265594 
645 1106 53 63 0.021261225 
653 951 21 35 0.021247301 
978 336 12 15 0.021234006 
187 665 48 69 0.021126203 
417 292 28 36 0.021078542 
565 721 10 13 0.021077916 
674 196 15 17 0.021063523 
457 226 9 11 0.021042315 
344 853 8 11 0.020997444 
469 212 7 10 0.020989358 
636 976 6 7 0.020940071 
261 245 184 295 0.020922145 
1005 614 67 150 0.020915076 
679 963 25 39 0.020908894 
290 773 11 16 0.020863073 
58 1182 26 24 0.02083882 
233 936 8 11 0.02075363 
196 744 56 69 0.020692173 
293 930 9 8 0.020653596 
298 928 12 10 0.020653324 
665 914 76 116 0.020630607 
995 58 9 11 0.020621508 
585 438 14 19 0.020613031 
285 943 8 10 0.02061093 
700 916 9 18 0.020532928 
281 801 14 21 0.02053066 
792 973 8 9 0.020471312 
291 951 12 16 0.020447914 
343 848 28 40 0.020411432 
682 865 21 37 0.02036119 
455 287 28 34 0.020353848 
408 386 35 51 0.020304834 
299 733 27 35 0.020299507 
515 312 10 16 0.020296197 
537 148 7 9 0.020272743 
313 942 28 33 0.020255135 
510 318 12 17 0.020216081 
574 481 28 42 0.020215921 
617 88 26 32 0.020215593 
551 203 9 14 0.020205544 
267 784 22 31 0.020160742 
197 905 31 34 0.0201229 
584 293 4 9 0.020111505 
287 922 7 7 0.020101672 
422 721 34 36 0.0200696 
654 976 4 7 0.020031177 
1040 12 126 175 0.020015214 
727 943 24 35 0.02000426 
