39_Ice_Skating_iceskiing_39_342
982
808 700 14 17 0.9951265 
737 697 14 16 0.9839767 
673 669 16 18 0.98318565 
878 646 16 18 0.90754163 
552 702 12 13 0.8865442 
760 711 13 16 0.8462394 
309 714 16 16 0.7076419 
301 150 23 28 0.53906995 
409 300 9 11 0.45537624 
37 480 6 8 0.416127 
98 567 10 11 0.35346097 
402 304 7 9 0.3435408 
400 323 7 10 0.29145396 
108 516 9 12 0.25880778 
740 24 23 32 0.21268067 
18 460 5 7 0.19623953 
2 457 6 11 0.18711625 
82 480 6 9 0.1598215 
310 135 42 47 0.13691364 
128 530 6 10 0.13097434 
369 301 10 9 0.12473303 
169 582 8 10 0.11987961 
23 701 6 8 0.11786607 
52 698 4 7 0.11379324 
35 469 4 5 0.11119388 
375 302 7 7 0.10938576 
283 125 47 56 0.108166 
121 708 10 9 0.10133318 
30 462 3 5 0.09885231 
409 282 6 8 0.09604148 
40 473 4 5 0.09599297 
356 296 4 6 0.09534125 
346 294 4 5 0.09288506 
16 457 4 5 0.08746663 
-18 -145 191 157 0.08536747 
33 463 3 4 0.08160184 
121 528 7 10 0.08061053 
41 548 8 11 0.07983565 
378 305 8 9 0.076883465 
40 470 3 4 0.07683969 
33 521 7 9 0.07634307 
5 465 6 10 0.07463362 
45 480 6 6 0.072719425 
19 457 4 5 0.071627915 
615 722 13 11 0.07015669 
54 685 4 6 0.06977046 
81 553 9 10 0.068144545 
95 556 7 9 0.06729201 
52 479 5 6 0.06697556 
370 295 6 6 0.066814765 
78 580 9 13 0.065359056 
4 502 9 12 0.06523004 
444 193 9 12 0.06432634 
12 704 9 8 0.06397849 
33 472 5 7 0.06336793 
367 295 6 6 0.060366858 
175 557 3 6 0.060183216 
148 700 4 5 0.059491526 
347 292 4 4 0.058750194 
683 1 86 90 0.058114108 
97 700 4 5 0.05798973 
82 704 8 8 0.05797642 
53 554 6 10 0.057680197 
384 698 6 9 0.057473876 
48 698 4 6 0.057279013 
95 562 10 10 0.056826793 
103 531 5 7 0.05663514 
1 461 8 15 0.055869076 
5 541 9 13 0.055443164 
167 553 4 6 0.055216648 
589 714 8 8 0.055138294 
168 556 4 6 0.054003894 
13 699 7 7 0.053949323 
124 706 7 6 0.053594995 
79 485 6 9 0.053068426 
479 691 6 7 0.053028833 
314 155 12 17 0.05265905 
18 545 9 13 0.05199468 
1 489 7 12 0.051671706 
40 705 5 7 0.05140842 
970 701 12 9 0.051392946 
7 479 5 8 0.051198654 
41 540 11 15 0.051099844 
285 583 4 7 0.050518755 
68 685 3 6 0.050442815 
53 476 4 4 0.0500644 
160 568 7 10 0.05000179 
359 634 8 13 0.049984694 
116 528 8 10 0.049617775 
200 557 5 7 0.049399924 
28 473 5 8 0.049319655 
162 556 4 6 0.04892858 
277 107 186 155 0.0487385 
57 704 5 7 0.048547648 
397 627 5 6 0.04850315 
398 83 114 105 0.048289195 
378 296 4 4 0.047907814 
162 553 4 5 0.04776881 
44 486 6 8 0.0477118 
28 467 5 6 0.04699702 
84 700 6 6 0.046959296 
39 85 126 79 0.046881612 
611 669 13 13 0.046424035 
287 583 4 6 0.046049077 
74 698 4 5 0.045911014 
3 513 10 16 0.045331746 
161 574 6 8 0.045156084 
212 552 4 5 0.044963904 
323 158 45 48 0.044634745 
399 288 4 5 0.04462174 
1 469 7 11 0.044619646 
593 716 7 8 0.044413418 
342 295 4 5 0.04440652 
133 549 7 9 0.04427421 
356 187 47 42 0.044179514 
45 475 4 4 0.04402917 
70 685 4 6 0.04394625 
57 486 6 7 0.043875985 
6 473 5 8 0.043730896 
398 658 5 6 0.04348017 
317 157 25 30 0.043310188 
335 301 5 6 0.043139845 
14 466 5 7 0.043124158 
38 522 6 8 0.043071575 
208 718 10 6 0.04306629 
690 -11 248 162 0.042865667 
142 545 5 6 0.04273038 
135 543 6 8 0.04256719 
395 346 9 16 0.04248067 
309 111 29 31 0.042466335 
1007 660 23 24 0.04240868 
57 504 7 10 0.042359974 
10 542 9 14 0.04228858 
77 491 6 8 0.042261 
222 719 9 6 0.04217458 
335 297 4 5 0.042157147 
58 480 5 6 0.042056385 
343 171 88 88 0.041992076 
32 484 7 8 0.041958068 
416 287 6 8 0.041790526 
65 485 5 7 0.041758176 
144 700 3 3 0.041266687 
20 465 5 8 0.04124261 
406 282 6 7 0.041242056 
4 535 8 13 0.04123211 
79 561 9 10 0.04081901 
161 563 5 7 0.040717065 
3 525 9 15 0.040327184 
983 683 10 8 0.04005974 
393 369 6 11 0.04001707 
76 505 6 8 0.039837353 
356 292 3 3 0.03980911 
7 456 5 7 0.03976599 
417 274 5 6 0.039730284 
92 700 4 5 0.039305862 
415 292 7 10 0.03926514 
319 125 10 11 0.038893458 
8 693 5 6 0.038883355 
0 495 9 13 0.038823728 
41 698 4 5 0.038790904 
367 291 4 4 0.038777705 
265 722 10 7 0.03868082 
123 699 5 5 0.038519632 
128 553 7 9 0.038515296 
58 699 4 5 0.038492672 
57 531 7 10 0.038486026 
102 498 8 11 0.03846885 
372 291 5 5 0.03841664 
107 583 7 10 0.038272135 
133 536 7 8 0.03814117 
366 658 5 7 0.037945215 
94 502 9 12 0.037570477 
179 558 4 6 0.037536334 
102 523 7 9 0.037401542 
357 299 5 7 0.03717877 
59 476 4 5 0.037163697 
413 680 5 4 0.037036728 
353 690 7 10 0.03700099 
204 561 5 8 0.036949452 
142 548 6 8 0.036886945 
84 500 7 8 0.03684616 
55 549 8 12 0.03677884 
114 556 7 8 0.036771595 
719 25 39 48 0.036666807 
65 480 5 7 0.036552146 
245 718 14 8 0.036465578 
228 -12 398 312 0.036316726 
410 278 5 5 0.036224604 
398 654 4 6 0.036193017 
104 700 3 4 0.036179047 
424 681 4 5 0.036096282 
595 722 7 8 0.036082882 
365 305 9 9 0.036040995 
290 111 96 85 0.035992056 
13 485 6 8 0.035966914 
83 504 7 8 0.035878487 
70 703 6 7 0.035799388 
399 303 4 6 0.035764307 
187 681 4 4 0.0357574 
29 546 9 14 0.035578217 
406 644 5 8 0.035457242 
148 550 4 6 0.035411436 
381 203 26 24 0.035305046 
167 562 5 7 0.035271734 
396 677 7 8 0.035247583 
67 703 5 7 0.035246555 
11 479 6 9 0.035232283 
50 538 10 15 0.035094064 
1 541 6 11 0.035053663 
399 285 4 4 0.035044845 
374 310 10 10 0.035017557 
57 496 7 11 0.03501053 
69 474 5 7 0.034879655 
81 708 10 10 0.034818545 
97 702 4 7 0.034716964 
97 523 5 7 0.034497593 
190 717 8 5 0.034237612 
646 545 369 291 0.034217928 
47 470 3 4 0.0341369 
56 492 7 9 0.034116566 
236 608 5 6 0.034013756 
193 692 5 4 0.033886537 
217 622 5 7 0.033865802 
73 504 6 8 0.033759177 
393 290 3 4 0.033666547 
26 486 5 7 0.03355921 
76 498 6 7 0.033512693 
103 516 8 11 0.033435725 
543 702 8 9 0.03342982 
28 694 3 4 0.033403777 
123 535 6 8 0.03337683 
25 513 5 6 0.033366725 
155 553 4 5 0.033366296 
329 115 16 16 0.033354368 
418 680 3 4 0.03329316 
216 718 10 6 0.033223026 
404 286 6 7 0.033148516 
965 630 23 23 0.03312398 
179 582 6 8 0.033061977 
1 692 5 7 0.033058025 
20 516 7 10 0.0330508 
13 493 5 7 0.032999944 
201 552 4 5 0.032998644 
174 693 4 3 0.032906115 
155 556 4 5 0.03288276 
209 552 3 4 0.032728434 
109 530 7 9 0.032710537 
23 546 8 14 0.03265388 
245 589 4 7 0.032563116 
192 596 5 6 0.032547764 
360 291 4 4 0.03250794 
148 392 4 5 0.032497596 
507 691 5 8 0.03248403 
252 718 14 8 0.032479987 
393 660 4 6 0.032479346 
405 278 5 4 0.032447156 
58 709 5 7 0.032420114 
1 695 6 9 0.032390382 
111 693 3 3 0.032388713 
30 456 3 5 0.03236599 
396 682 7 8 0.03226343 
236 718 10 6 0.03223554 
238 569 4 7 0.032107715 
44 703 5 7 0.03209832 
981 688 12 11 0.03209328 
25 529 6 9 0.03199754 
275 126 26 33 0.03197652 
206 713 5 4 0.031914853 
272 578 3 5 0.031868767 
478 696 7 8 0.03186707 
399 321 5 8 0.031818833 
19 523 8 11 0.03181807 
111 681 3 3 0.03179023 
206 558 4 6 0.031789966 
156 577 4 6 0.031663388 
528 465 135 120 0.031649802 
92 693 3 4 0.031646725 
26 480 5 7 0.03163854 
157 537 4 7 0.031531658 
220 615 4 5 0.03149953 
134 555 7 8 0.031483956 
226 353 4 5 0.03147315 
200 561 5 7 0.031455565 
31 528 8 10 0.0313807 
149 695 3 3 0.031371504 
405 665 5 7 0.031329982 
165 575 7 8 0.031230407 
713 33 22 30 0.031222977 
971 685 24 19 0.031201737 
353 685 6 8 0.03118247 
49 529 8 10 0.03114257 
142 159 49 46 0.03113144 
543 698 6 7 0.03111881 
164 568 7 10 0.03106401 
366 654 5 6 0.031029848 
230 723 33 23 0.031022204 
388 696 7 9 0.031013293 
86 693 4 4 0.03100978 
13 474 5 7 0.030999541 
201 674 4 4 0.030937595 
47 693 4 5 0.030929295 
14 692 4 5 0.030915216 
96 543 5 7 0.03082057 
33 513 5 6 0.030816868 
330 131 28 26 0.030795971 
990 675 10 10 0.030787548 
231 691 6 5 0.030776773 
316 166 10 15 0.030753555 
399 673 6 7 0.03072189 
27 498 5 8 0.030721882 
210 714 7 4 0.030642632 
232 700 5 5 0.030534688 
965 616 10 13 0.030431716 
52 693 4 5 0.03041907 
43 710 6 8 0.030408205 
144 695 3 3 0.030374259 
78 510 5 9 0.030284371 
95 517 7 9 0.030281264 
220 577 4 6 0.030276947 
3 485 8 10 0.030258505 
379 291 4 5 0.03020983 
414 282 6 7 0.03004842 
398 296 4 5 0.030044036 
155 133 30 27 0.03002692 
365 160 44 41 0.030006265 
21 512 5 7 0.030001197 
52 524 5 7 0.030000519 
76 698 4 5 0.029913068 
69 479 6 7 0.029874487 
240 717 29 16 0.029862817 
337 659 6 9 0.029862698 
89 499 7 9 0.029823218 
380 691 5 6 0.029822672 
302 590 4 5 0.029774513 
116 550 6 8 0.029749805 
42 496 11 15 0.029748801 
251 590 4 5 0.029730285 
44 524 7 7 0.029649198 
48 496 11 15 0.029631628 
32 492 7 9 0.029582372 
182 386 3 5 0.029577678 
194 681 4 3 0.029548252 
518 709 8 10 0.02951948 
174 562 5 7 0.029496178 
390 691 6 8 0.029492315 
173 569 6 7 0.029401671 
71 693 4 5 0.02933117 
21 693 3 5 0.029327836 
110 687 4 3 0.02932228 
86 553 8 10 0.029300388 
239 603 5 5 0.029282004 
39 535 7 12 0.029279474 
394 301 4 5 0.029081775 
116 536 5 7 0.02907972 
159 151 30 27 0.029032834 
8 687 4 4 0.029025765 
319 174 8 12 0.028870706 
542 569 24 22 0.028851595 
324 167 12 15 0.028845662 
136 713 4 4 0.028818121 
233 608 5 6 0.028751925 
387 666 3 5 0.028737107 
20 485 7 9 0.028714804 
237 589 6 8 0.028696138 
229 719 8 5 0.02865867 
95 485 8 11 0.028653925 
155 569 5 7 0.028581265 
984 678 9 8 0.028518949 
144 680 3 3 0.028482918 
175 688 3 3 0.02846466 
13 499 5 7 0.028421361 
20 473 6 8 0.028412316 
38 531 7 10 0.028390745 
195 687 4 4 0.028358208 
989 681 14 12 0.028353116 
34 699 3 4 0.02833699 
238 583 4 6 0.02829332 
89 485 8 10 0.028248593 
109 536 6 7 0.028231256 
52 486 6 6 0.028221313 
343 292 3 3 0.028111707 
380 686 4 5 0.028092049 
116 701 20 18 0.02808367 
995 578 40 50 0.02807092 
192 714 5 4 0.028060272 
21 500 5 5 0.028037945 
150 556 4 6 0.028006203 
12 505 6 9 0.027989507 
272 583 3 5 0.027986603 
367 666 5 6 0.027954087 
25 535 7 10 0.027901443 
149 583 4 6 0.027874373 
264 585 4 4 0.027847819 
518 703 6 8 0.027820146 
397 648 4 5 0.027759206 
77 565 8 11 0.027754856 
353 640 5 6 0.027735438 
969 697 25 18 0.02772186 
404 659 4 7 0.027678868 
55 535 9 14 0.027669117 
323 155 14 17 0.027623933 
132 530 7 10 0.027614871 
408 324 7 10 0.027612528 
103 536 6 7 0.027570078 
239 565 4 5 0.027517306 
117 544 5 7 0.027512737 
391 653 5 6 0.027505592 
91 509 7 10 0.02748132 
339 150 25 31 0.02744777 
435 197 21 26 0.027442463 
231 603 5 5 0.027418757 
170 694 3 3 0.027390935 
393 296 4 5 0.027348924 
353 635 6 8 0.027333187 
273 589 3 6 0.027262995 
175 387 4 4 0.027247213 
386 661 3 4 0.02723524 
217 451 24 22 0.027234659 
98 695 3 3 0.027199812 
226 564 4 6 0.027184736 
86 681 4 4 0.027181517 
353 653 5 5 0.027091898 
393 686 4 5 0.02707081 
208 367 4 4 0.027063966 
10 509 8 11 0.027013348 
60 519 5 6 0.027011283 
964 622 12 16 0.026994968 
481 678 4 6 0.026984427 
925 653 14 17 0.026966471 
386 295 4 6 0.026941497 
387 652 4 7 0.026928863 
129 543 6 7 0.02690305 
372 646 5 6 0.02689997 
31 497 7 9 0.026888002 
385 680 5 5 0.026881857 
271 261 190 212 0.026861414 
21 493 5 7 0.0268581 
204 570 5 7 0.026838975 
155 156 14 13 0.026813531 
139 687 2 3 0.026760716 
507 685 4 7 0.02673516 
32 709 6 8 0.02671763 
71 709 6 8 0.026714373 
391 665 4 6 0.026657598 
399 666 4 5 0.026655717 
382 157 12 12 0.026633883 
212 705 5 4 0.026625535 
78 550 7 9 0.026611889 
534 580 12 10 0.026606308 
208 372 4 5 0.026601294 
139 525 6 7 0.026560465 
402 310 7 9 0.026543682 
312 124 11 11 0.026538664 
215 721 12 8 0.026502091 
383 673 5 5 0.026498795 
616 672 12 15 0.026484221 
334 654 5 5 0.026458763 
231 704 7 5 0.02645383 
64 491 6 9 0.026426328 
385 686 4 5 0.026422577 
739 19 52 49 0.02641659 
848 39 25 24 0.026396351 
227 615 5 6 0.026378509 
62 506 6 8 0.026377229 
87 687 3 4 0.026371803 
540 647 25 25 0.026359394 
83 509 6 9 0.026356526 
621 204 96 103 0.02632507 
9 679 4 4 0.026321128 
67 700 4 4 0.026215855 
169 688 4 3 0.026137225 
208 722 11 6 0.026098093 
38 513 5 6 0.02607818 
148 546 4 5 0.026035275 
325 125 10 11 0.026025465 
63 518 6 8 0.026024181 
199 718 6 4 0.026017925 
377 680 5 5 0.026007231 
123 694 3 3 0.025944497 
54 471 3 3 0.025943363 
231 583 5 5 0.02594059 
551 699 9 10 0.025908584 
78 693 4 4 0.025907991 
372 212 28 25 0.025907936 
610 678 14 14 0.025858538 
498 697 6 7 0.025765192 
82 421 9 8 0.025751412 
193 564 4 6 0.025714383 
255 720 29 18 0.02571277 
408 308 9 11 0.025704535 
73 498 5 8 0.025699416 
140 538 5 7 0.025686162 
20 506 5 6 0.025677798 
200 661 4 4 0.02561552 
40 465 3 3 0.025606556 
162 680 3 4 0.025573933 
514 111 13 12 0.02555255 
226 608 5 6 0.025543856 
375 679 4 5 0.025529128 
106 681 3 4 0.025515003 
970 691 9 7 0.025470033 
26 506 5 6 0.025459755 
967 611 20 23 0.02544887 
276 589 4 6 0.025412695 
173 614 5 7 0.02538439 
401 678 6 7 0.025358321 
77 434 8 8 0.025351737 
528 575 22 21 0.025336456 
37 491 7 9 0.025300762 
96 451 9 10 0.025294371 
115 561 8 9 0.025287831 
383 275 21 23 0.025245873 
371 667 4 6 0.025240712 
245 565 3 5 0.025218373 
1 677 4 7 0.02521508 
301 595 4 7 0.025204793 
157 681 4 3 0.025174027 
394 284 4 4 0.025127169 
98 531 4 6 0.025116794 
146 396 6 6 0.025048139 
1 479 6 9 0.025038445 
291 152 50 68 0.025015343 
330 126 13 12 0.024996277 
604 627 24 31 0.02496731 
259 572 3 5 0.024962563 
988 696 25 23 0.02494589 
174 699 4 4 0.024928026 
246 570 4 5 0.024924522 
224 713 6 4 0.024902651 
188 558 3 5 0.024896495 
249 607 5 7 0.024895389 
225 582 4 6 0.024889791 
159 179 24 26 0.024871694 
408 645 5 8 0.024867097 
70 537 6 8 0.024862308 
125 687 3 3 0.024857514 
221 582 4 5 0.024856737 
1 686 4 6 0.024845507 
67 692 4 5 0.024832817 
213 556 3 6 0.024830364 
393 320 5 6 0.024823144 
205 385 6 6 0.024811527 
57 576 7 8 0.0247835 
325 177 9 11 0.024761643 
96 538 5 7 0.024753008 
331 113 29 27 0.02474217 
441 309 5 7 0.02473123 
392 647 5 7 0.024724307 
372 316 8 11 0.024680756 
25 517 5 7 0.024674177 
87 480 7 8 0.024639787 
664 -15 22 23 0.024615262 
44 491 8 10 0.024600755 
312 170 25 31 0.024585748 
107 138 94 83 0.024579745 
588 619 22 25 0.024560375 
62 511 6 8 0.024551619 
113 504 8 9 0.024530837 
393 679 4 6 0.024528421 
385 294 17 23 0.024522508 
65 679 4 5 0.024505712 
206 680 4 4 0.024499252 
367 513 26 22 0.024473844 
53 680 3 5 0.024471028 
44 529 8 11 0.024459668 
385 691 5 6 0.024442133 
1007 672 25 23 0.02443741 
163 700 3 4 0.0244265 
392 191 22 29 0.024425989 
98 687 3 3 0.02439645 
402 671 6 8 0.024318736 
3 550 10 16 0.02431419 
182 390 5 5 0.024276782 
101 490 7 10 0.02427241 
364 200 18 16 0.024269842 
392 170 13 14 0.024249919 
162 399 4 4 0.02424594 
476 692 6 6 0.024229303 
259 576 3 5 0.024219293 
426 143 26 24 0.024216399 
975 697 13 9 0.024207195 
335 603 4 5 0.024139414 
9 75 42 56 0.024136044 
278 578 3 4 0.024113316 
117 576 5 6 0.024094703 
205 675 5 3 0.024087226 
565 719 14 15 0.024080513 
92 544 4 6 0.02406984 
136 564 5 6 0.024069196 
188 564 3 5 0.024062151 
354 680 4 5 0.024031814 
19 480 7 8 0.024028417 
962 590 14 14 0.024020068 
392 674 5 5 0.02397385 
106 686 3 3 0.02395682 
53 520 5 6 0.023951454 
972 715 28 22 0.02395092 
82 490 7 9 0.023946788 
63 409 9 8 0.023912543 
61 456 3 5 0.02390842 
103 703 4 6 0.023906693 
33 704 4 6 0.023903456 
340 627 5 7 0.023902133 
501 685 5 6 0.023889275 
405 271 5 5 0.023889257 
1 673 4 6 0.023874737 
186 359 5 5 0.023871945 
71 492 5 8 0.023865763 
394 207 23 26 0.023863692 
613 724 22 20 0.02386364 
82 518 6 8 0.023861708 
51 709 6 8 0.02385939 
207 603 4 5 0.023841264 
403 653 5 7 0.023836289 
230 708 25 20 0.023785565 
70 486 6 7 0.023769934 
444 183 10 12 0.023758996 
168 719 4 4 0.023755586 
538 696 6 7 0.023724437 
122 564 7 7 0.02371948 
131 694 3 3 0.02370894 
107 501 9 12 0.023689477 
0 547 8 15 0.023686659 
499 692 5 6 0.023685643 
61 679 4 5 0.023668047 
481 687 4 6 0.023658011 
5 696 7 7 0.02365088 
219 687 5 4 0.023643035 
168 714 4 3 0.023621853 
321 136 6 6 0.023620691 
328 629 4 5 0.02360803 
28 493 5 7 0.023591386 
764 29 24 31 0.023573367 
343 115 12 11 0.023562487 
212 576 4 6 0.023557445 
539 693 4 5 0.023553407 
163 693 3 3 0.0235479 
228 722 10 6 0.023537753 
361 661 4 5 0.023520209 
181 692 4 4 0.023473259 
423 262 6 8 0.023471968 
226 558 4 5 0.023470273 
435 185 19 23 0.023462921 
95 582 9 11 0.023432653 
33 504 5 7 0.023374947 
374 674 3 4 0.023369603 
266 720 8 5 0.023363039 
283 589 5 6 0.023350138 
158 189 12 11 0.023305407 
148 703 4 5 0.0232957 
34 589 4 7 0.023294963 
278 584 3 5 0.023239508 
210 715 24 17 0.023230698 
42 694 2 4 0.023229852 
394 342 17 29 0.023229526 
208 361 4 4 0.02321711 
121 549 7 9 0.023188023 
348 661 4 6 0.023166148 
372 692 5 6 0.023149274 
568 359 26 18 0.023131654 
399 329 6 9 0.023121035 
411 229 6 9 0.023118177 
408 216 8 12 0.023104789 
772 6 24 28 0.023073237 
333 179 8 9 0.023070557 
199 700 5 4 0.02305789 
235 721 11 8 0.023043536 
225 578 3 5 0.023015905 
144 171 11 11 0.023015674 
372 410 23 35 0.02297847 
755 714 10 12 0.022977794 
238 705 6 4 0.022960613 
147 145 24 24 0.022950698 
252 584 4 5 0.022943236 
162 688 3 3 0.02293667 
495 709 9 10 0.022931913 
57 685 4 5 0.022889435 
847 368 16 12 0.022888184 
409 222 7 9 0.022857612 
117 693 4 4 0.022857297 
186 713 7 4 0.022834908 
847 54 15 16 0.022829449 
265 577 3 5 0.022819048 
207 667 4 4 0.022804756 
227 596 4 5 0.022803856 
347 123 13 14 0.022790814 
506 695 8 11 0.022781841 
218 608 5 7 0.022779213 
341 132 13 12 0.02275707 
383 302 5 6 0.02275597 
136 523 6 9 0.022753175 
206 686 5 4 0.022738691 
283 577 4 5 0.022736948 
100 555 8 8 0.022735998 
309 144 14 18 0.022731159 
534 574 12 11 0.022716636 
353 649 4 5 0.022714265 
398 313 5 7 0.022702182 
168 699 4 4 0.022699678 
386 291 4 4 0.02268724 
322 627 4 7 0.022681532 
380 660 4 5 0.022665773 
108 550 6 7 0.02263966 
194 558 4 5 0.022565993 
204 575 5 7 0.022562232 
219 692 5 5 0.02256135 
160 582 6 7 0.022555504 
57 524 6 7 0.022554653 
541 574 11 11 0.02254829 
368 685 4 6 0.022542182 
373 685 5 6 0.022540335 
97 75 26 20 0.022524178 
16 516 16 24 0.022515675 
498 71 26 26 0.022509942 
298 590 4 6 0.022504674 
220 564 4 6 0.022495456 
556 -122 518 276 0.022484623 
212 687 5 4 0.022484254 
310 169 12 18 0.022456316 
144 164 11 11 0.022452097 
77 527 7 11 0.022450522 
70 83 69 41 0.022428453 
111 705 4 5 0.022401955 
300 601 5 6 0.022401955 
992 415 24 24 0.022394685 
232 595 4 6 0.022390047 
962 647 15 16 0.022362096 
380 673 4 5 0.022352347 
155 713 4 4 0.02235019 
181 588 6 7 0.022346033 
21 450 3 5 0.022318544 
186 686 4 4 0.022307334 
461 665 6 7 0.022297176 
595 627 7 8 0.022292763 
233 615 5 6 0.02228484 
299 608 6 8 0.022271186 
907 430 25 17 0.022265103 
141 531 5 7 0.02225292 
554 574 12 10 0.022246355 
90 702 6 7 0.02224625 
194 674 3 4 0.022235675 
156 533 4 5 0.022229437 
999 683 12 11 0.022219082 
329 635 3 5 0.022216665 
353 660 4 6 0.02220463 
62 582 6 7 0.02219152 
348 685 17 22 0.022185469 
200 705 5 4 0.022179488 
314 596 5 6 0.02217568 
1006 662 11 11 0.022155844 
138 694 3 3 0.022147017 
44 520 5 6 0.022130346 
53 674 3 5 0.022066087 
207 597 4 5 0.022064459 
19 536 8 11 0.022059252 
213 366 3 4 0.022051994 
64 710 5 7 0.022048177 
373 167 17 17 0.022031141 
170 171 11 10 0.022016741 
425 206 19 29 0.022009747 
187 595 5 7 0.022006266 
180 593 6 9 0.021992251 
370 658 5 7 0.021967817 
214 589 4 6 0.021964198 
273 722 10 7 0.021959241 
33 457 3 5 0.021954468 
175 178 27 26 0.02193271 
207 608 4 5 0.021921495 
179 563 5 6 0.021913918 
92 688 3 3 0.021903628 
493 696 6 8 0.021901906 
118 700 4 4 0.021881523 
808 503 14 10 0.021869661 
360 284 4 5 0.021864062 
583 127 22 22 0.021859448 
420 675 3 4 0.021836292 
88 579 9 11 0.021835718 
123 569 6 7 0.021827029 
718 12 29 29 0.02182012 
404 122 26 22 0.021819467 
323 636 3 5 0.021818276 
55 620 7 11 0.021804383 
131 681 3 3 0.021780312 
117 687 4 4 0.021775808 
80 688 2 3 0.021767167 
554 543 24 21 0.021758812 
367 680 4 5 0.021756351 
144 704 3 5 0.02172785 
96 550 6 9 0.021723999 
259 35 48 45 0.021723336 
128 700 4 4 0.021721927 
236 624 90 113 0.021716148 
125 681 3 3 0.021711675 
91 524 5 7 0.021698209 
262 132 7 11 0.021659814 
186 385 4 5 0.021639774 
106 694 3 4 0.021639694 
264 704 5 5 0.021629099 
111 710 5 7 0.02162188 
560 561 12 10 0.021619458 
847 25 24 25 0.02161323 
821 16 15 13 0.02160303 
507 678 5 8 0.021595174 
156 673 4 4 0.021590004 
244 705 5 5 0.021588512 
188 668 3 4 0.021586884 
63 577 6 6 0.021586843 
606 663 11 11 0.021585688 
62 548 8 10 0.021582533 
110 556 6 8 0.021535363 
532 380 15 13 0.021499895 
545 41 27 24 0.02149254 
960 608 42 43 0.021491712 
554 568 11 10 0.021489574 
531 709 7 8 0.021484872 
122 543 6 8 0.021464113 
417 119 27 24 0.021460464 
123 576 6 6 0.021440707 
173 391 5 5 0.021440543 
187 700 4 4 0.021437818 
188 661 4 4 0.021437105 
367 692 5 5 0.0214105 
98 682 3 3 0.021407602 
560 555 13 10 0.021407422 
494 692 6 7 0.02139448 
220 557 3 5 0.021391684 
258 589 4 5 0.021389665 
109 544 6 8 0.021379463 
59 693 4 5 0.021368906 
231 687 6 5 0.021368288 
260 126 22 32 0.021356804 
149 166 25 23 0.021348795 
200 575 5 7 0.021337667 
624 665 11 17 0.021308837 
386 221 25 31 0.021303453 
173 661 5 5 0.021293348 
243 593 6 8 0.021281147 
200 680 4 4 0.021261087 
254 355 3 4 0.021259427 
214 595 4 7 0.021253977 
380 666 4 5 0.021249954 
744 691 9 10 0.02124938 
337 299 443 338 0.021245642 
48 686 3 4 0.021240342 
200 604 3 4 0.021237066 
408 145 26 21 0.021236574 
360 674 4 5 0.02122912 
513 678 4 7 0.021209164 
496 703 8 9 0.02120674 
341 603 4 5 0.021161495 
26 552 7 12 0.021148352 
116 709 7 8 0.02112909 
91 517 7 9 0.02108741 
188 674 3 4 0.021078395 
372 213 14 13 0.021067524 
0 13 39 61 0.021052819 
397 271 21 22 0.021042177 
394 347 5 8 0.021025904 
403 684 6 6 0.021009667 
61 673 4 5 0.0210089 
594 632 7 8 0.021008769 
-3 677 82 190 0.020987447 
155 667 4 5 0.020978784 
288 595 5 8 0.020967394 
547 568 12 10 0.02096639 
187 601 6 7 0.020961344 
117 681 3 3 0.020951254 
212 667 5 4 0.020928407 
213 571 4 5 0.020925744 
389 365 16 26 0.020924864 
193 576 4 6 0.020921461 
137 570 4 6 0.020908982 
381 312 7 8 0.020882873 
605 656 13 12 0.02087849 
220 553 3 5 0.020868676 
258 134 5 7 0.020866517 
156 163 13 12 0.020858588 
547 574 12 10 0.020841964 
392 622 4 5 0.020823125 
117 703 6 7 0.020779908 
212 615 4 6 0.020771585 
514 125 15 14 0.0207705 
327 666 5 6 0.020753672 
301 612 5 8 0.020741023 
256 711 7 6 0.020736834 
368 301 19 18 0.020725992 
324 642 3 5 0.020724248 
309 590 4 5 0.020718358 
162 673 4 5 0.020718126 
355 630 15 22 0.020708526 
154 700 4 4 0.020700732 
34 694 3 4 0.020684 
225 706 5 4 0.020682592 
49 491 9 11 0.020677052 
239 576 4 6 0.020662744 
645 242 49 54 0.020660205 
93 83 8 6 0.02065681 
237 713 6 4 0.0206506 
219 570 4 6 0.020648712 
194 602 4 6 0.020648126 
131 675 3 3 0.020640073 
143 687 3 3 0.020640012 
15 707 9 11 0.020634925 
751 406 15 14 0.0206339 
423 222 22 36 0.020622052 
264 128 5 8 0.020621967 
346 167 26 29 0.020619867 
402 217 8 11 0.020619193 
206 379 4 5 0.020614116 
348 664 5 7 0.020610496 
414 215 7 11 0.020599328 
332 503 50 43 0.020581095 
411 673 4 6 0.020577237 
111 700 3 4 0.02057536 
548 556 25 22 0.020571453 
541 554 12 11 0.020548858 
75 562 18 19 0.020538392 
15 674 3 5 0.020535553 
540 179 15 16 0.02053082 
258 585 3 4 0.020523714 
351 238 87 94 0.020520877 
426 685 3 4 0.0205162 
422 198 7 9 0.020497728 
334 608 5 6 0.020492056 
171 179 8 8 0.020477735 
294 698 7 9 0.020475494 
972 671 23 20 0.02045892 
371 699 6 6 0.020451643 
374 156 15 16 0.020437801 
51 595 6 9 0.02043024 
122 557 6 7 0.020414073 
272 661 5 5 0.020412138 
149 532 4 5 0.020408373 
335 628 4 6 0.020405745 
360 667 5 5 0.02040389 
775 137 16 13 0.020380864 
181 687 4 4 0.0203791 
11 537 7 10 0.02037589 
213 601 5 7 0.020371689 
16 451 3 5 0.020368973 
756 709 8 9 0.020367697 
595 125 20 25 0.0203582 
252 571 3 5 0.020354984 
232 589 4 6 0.020344144 
336 152 11 13 0.020341503 
361 307 6 9 0.020309579 
386 648 5 6 0.02030283 
31 561 7 10 0.02029349 
957 641 12 15 0.020284684 
18 693 15 21 0.020255987 
416 224 6 8 0.02025024 
143 675 3 3 0.020245668 
51 561 7 9 0.020245008 
852 -164 266 149 0.020238569 
64 496 6 9 0.02022713 
219 706 5 4 0.020210855 
166 178 8 9 0.020200316 
199 570 5 6 0.02019187 
560 548 13 11 0.020190923 
327 660 5 6 0.020183193 
130 687 3 3 0.020169368 
40 561 6 9 0.020169117 
245 584 4 5 0.02015432 
156 543 4 6 0.020150103 
200 686 4 4 0.020141395 
863 13 27 31 0.020137094 
53 41 56 49 0.020127056 
396 319 14 20 0.020125737 
187 583 5 7 0.020122586 
349 650 3 4 0.02011934 
185 588 5 7 0.020113813 
51 567 7 10 0.020110862 
212 674 4 4 0.020095186 
418 134 26 22 0.020089554 
353 500 469 387 0.020088568 
333 184 7 9 0.020064851 
206 699 5 4 0.02006333 
577 81 104 93 0.020047955 
405 641 5 7 0.020040086 
394 337 37 52 0.020035122 
207 654 4 4 0.020020213 
258 706 4 5 0.020005064 
