39_Ice_Skating_iceskiing_39_908
2879
396 198 58 39 0.5764217 
976 34 31 30 0.4422478 
970 8 18 23 0.34175292 
997 0 20 14 0.33548373 
731 194 45 41 0.30314726 
494 99 108 79 0.28617862 
148 551 7 8 0.25871626 
805 259 75 61 0.25700393 
333 518 12 15 0.22085191 
661 357 601 459 0.20915836 
111 539 5 6 0.20089705 
129 558 5 5 0.1937994 
490 459 8 8 0.18008773 
385 81 13 10 0.17930174 
-4 447 494 391 0.17049095 
387 168 101 79 0.15576947 
-14 -231 511 245 0.15197963 
435 466 8 8 0.14444633 
966 4 41 44 0.13149521 
419 478 10 10 0.12950455 
343 77 95 72 0.1262389 
642 123 3 4 0.12181936 
637 121 4 5 0.115747325 
834 255 10 11 0.11438726 
376 75 52 35 0.114082046 
417 483 9 13 0.1132926 
-20 -220 195 174 0.11236158 
152 551 6 7 0.11076576 
352 437 37 47 0.10248327 
401 85 13 12 0.099432416 
763 4 15 15 0.09925596 
427 491 10 12 0.09913243 
828 253 22 22 0.09275713 
557 -230 535 253 0.09261872 
366 97 32 29 0.09144206 
275 504 7 7 0.09140202 
498 465 9 8 0.08876038 
251 -229 537 253 0.087493494 
768 113 10 17 0.08592262 
437 462 5 6 0.08505218 
387 83 28 19 0.082378164 
413 136 31 28 0.079908796 
212 519 5 4 0.078744605 
387 95 32 26 0.07736242 
501 55 196 146 0.07724901 
838 248 7 8 0.07704505 
627 114 6 6 0.075739644 
287 486 5 6 0.07545459 
421 134 8 8 0.075124204 
460 454 5 7 0.07500405 
383 483 6 9 0.074872434 
135 559 4 4 0.074346535 
649 129 4 4 0.07425486 
635 118 4 4 0.07411234 
824 266 33 32 0.07342216 
493 442 6 6 0.07328423 
413 475 19 19 0.07254057 
403 479 7 6 0.07251707 
869 86 7 15 0.07231718 
623 109 6 5 0.07217972 
815 281 30 28 0.07176007 
654 124 4 4 0.07147256 
435 142 6 6 0.0709278 
642 112 4 3 0.070046 
648 118 4 4 0.06996504 
161 551 4 5 0.06959218 
642 128 4 4 0.069408715 
399 436 536 411 0.06935596 
404 476 5 4 0.06877226 
648 125 3 3 0.06845957 
817 -1 9 9 0.06747091 
125 559 4 4 0.0663536 
490 447 7 7 0.066089354 
232 531 5 5 0.0660047 
394 432 10 11 0.06597269 
415 133 7 8 0.06500963 
410 481 6 5 0.063798815 
785 284 6 10 0.06346445 
660 140 6 5 0.0631478 
284 486 5 5 0.06273319 
641 119 4 3 0.06268402 
397 477 22 24 0.06229791 
366 77 32 25 0.06224128 
494 437 5 4 0.061830953 
400 480 5 6 0.061404463 
232 517 6 6 0.06098243 
443 147 5 5 0.060946316 
433 135 7 7 0.060804136 
654 134 5 5 0.060641553 
369 101 89 84 0.060403563 
626 111 6 5 0.06028868 
270 505 6 6 0.06012175 
662 124 4 4 0.059777506 
634 112 4 3 0.059487175 
371 511 9 8 0.05930427 
867 89 5 11 0.058711406 
486 -39 420 364 0.058574468 
162 557 5 5 0.058505934 
819 287 5 6 0.05848406 
919 40 11 12 0.058315087 
487 441 6 6 0.058162283 
654 140 5 5 0.05805864 
446 484 8 10 0.05753463 
123 564 4 5 0.057509143 
496 460 8 7 0.05726394 
549 434 8 7 0.056882754 
769 59 13 17 0.05682893 
219 519 4 5 0.05657154 
786 74 7 10 0.056508794 
443 453 5 6 0.05642812 
424 479 10 10 0.056250177 
411 127 7 7 0.056108262 
915 363 26 20 0.056005962 
486 438 6 4 0.05591555 
442 448 6 6 0.05590305 
808 6 7 9 0.055787906 
247 509 11 10 0.055569947 
378 492 6 8 0.055518713 
277 493 5 5 0.05544586 
848 21 83 136 0.055398222 
922 69 6 7 0.05515715 
273 25 387 312 0.054971874 
666 147 5 6 0.054620076 
807 0 7 9 0.054582465 
928 170 7 9 0.054306507 
137 533 4 4 0.05427568 
873 271 87 101 0.054164305 
440 463 5 5 0.05411112 
460 229 26 27 0.053896856 
131 554 3 4 0.05378406 
431 108 125 100 0.053599328 
473 434 6 7 0.053535387 
501 436 7 5 0.053124573 
419 465 8 8 0.052976854 
441 473 6 6 0.05282434 
526 387 4 4 0.05280004 
414 129 7 7 0.05265386 
277 487 5 4 0.052581344 
426 134 9 8 0.05254559 
429 141 8 7 0.05252717 
232 472 57 53 0.052499942 
309 542 8 8 0.05236823 
135 564 5 5 0.052217156 
226 532 5 4 0.05220907 
649 111 4 4 0.052187737 
767 56 87 105 0.052160654 
655 117 4 4 0.051744048 
493 423 6 6 0.051672895 
509 428 9 6 0.05164263 
370 516 11 10 0.051487703 
770 197 114 110 0.051364813 
413 433 9 7 0.05130924 
362 503 9 9 0.051303055 
449 467 5 6 0.051208843 
71 505 5 6 0.050707955 
412 485 6 7 0.050659757 
488 449 6 5 0.050537843 
504 459 8 7 0.050502095 
890 175 27 28 0.050372154 
277 483 4 4 0.05036868 
290 475 4 4 0.050329816 
136 553 4 5 0.050317544 
459 441 6 5 0.050287046 
437 446 6 7 0.05023026 
424 442 6 6 0.049892776 
460 437 6 5 0.049755193 
353 529 14 11 0.049725838 
155 546 4 4 0.049603947 
882 199 31 33 0.049445685 
468 447 6 7 0.04938789 
532 398 6 4 0.04929187 
405 112 13 13 0.049271073 
450 462 5 5 0.049178574 
460 448 5 6 0.049070433 
449 474 4 6 0.049025174 
898 377 27 20 0.04880302 
959 206 66 115 0.04877088 
398 501 9 11 0.048769575 
423 127 24 25 0.04875493 
661 131 5 4 0.04863268 
329 475 4 4 0.04861831 
303 500 4 5 0.048598573 
490 208 28 23 0.048589047 
163 547 3 4 0.048529208 
843 249 7 7 0.048456587 
642 104 5 5 0.048402403 
500 441 6 5 0.048292976 
258 506 7 7 0.04825001 
812 264 23 27 0.048217326 
237 539 5 4 0.048210226 
635 105 4 4 0.048089743 
162 563 5 6 0.048084583 
628 121 5 5 0.04807186 
403 484 8 9 0.047931008 
151 485 11 8 0.047809742 
653 131 4 4 0.04776079 
960 -12 75 82 0.04772405 
884 1 13 16 0.04768897 
622 105 5 4 0.04759289 
235 506 27 22 0.047480296 
649 135 4 4 0.047369443 
232 528 5 5 0.047169905 
381 482 4 5 0.047165792 
72 501 4 4 0.0471078 
440 484 8 9 0.047096424 
295 498 5 6 0.046945106 
455 436 6 5 0.04691442 
408 121 9 9 0.04685952 
518 428 6 6 0.046844896 
970 113 42 50 0.046822544 
255 527 6 5 0.04677396 
302 495 4 4 0.046771586 
187 50 243 206 0.04675827 
402 489 9 10 0.046669282 
431 126 8 10 0.046583436 
231 539 5 5 0.04653074 
896 345 32 29 0.046419457 
478 218 32 31 0.0464027 
827 120 5 8 0.04635655 
137 537 5 5 0.046356447 
379 76 16 11 0.04635472 
249 531 7 7 0.04618001 
493 429 6 5 0.046100825 
644 142 4 4 0.04608318 
667 143 4 4 0.045977775 
660 137 4 4 0.045962665 
361 74 13 9 0.04590356 
635 139 5 6 0.04588103 
149 545 4 5 0.045862474 
399 475 5 5 0.04573584 
385 474 5 6 0.04570032 
339 68 51 47 0.045691844 
752 -159 421 377 0.04539519 
854 368 26 21 0.045377262 
808 10 7 10 0.045373075 
380 101 12 11 0.045357693 
822 116 4 5 0.045348097 
285 484 3 3 0.04528224 
374 520 12 12 0.045181505 
143 553 4 5 0.04514651 
413 209 58 48 0.04506623 
382 499 8 10 0.045046397 
421 454 7 6 0.04496061 
271 502 5 4 0.044916466 
244 494 7 7 0.044768006 
354 523 12 10 0.044746537 
514 125 33 29 0.04466126 
502 75 8 9 0.044626843 
928 409 31 26 0.044573344 
456 441 5 5 0.04456043 
456 448 5 6 0.04454004 
138 529 3 3 0.044489153 
291 469 3 4 0.044471163 
636 137 4 5 0.04443803 
353 75 8 8 0.044404026 
783 114 5 9 0.044388816 
96 520 5 5 0.044261925 
852 -231 275 175 0.044227865 
833 251 6 7 0.044224396 
839 246 5 6 0.04404027 
518 436 7 6 0.043885604 
403 104 26 28 0.043872364 
921 132 10 10 0.043860063 
381 91 13 12 0.043847226 
150 534 4 3 0.04380748 
298 481 3 4 0.043688647 
503 440 7 7 0.0436872 
214 536 28 27 0.04359376 
533 237 514 379 0.04358024 
641 136 5 5 0.04351389 
386 507 9 12 0.043284126 
329 469 4 4 0.043181483 
142 533 4 4 0.04316414 
416 454 6 5 0.043163944 
416 449 6 5 0.043138586 
636 128 4 5 0.043101773 
298 468 3 4 0.043051887 
143 557 4 5 0.043029517 
418 462 6 6 0.043006796 
249 500 27 22 0.04300061 
743 13 99 98 0.042940013 
609 396 5 6 0.042931076 
237 494 7 7 0.04287752 
442 442 6 6 0.0428357 
236 532 5 5 0.04280465 
368 76 14 8 0.042732313 
538 434 7 6 0.04271916 
254 510 10 8 0.042684793 
92 519 5 6 0.04257062 
422 429 7 6 0.042543575 
390 497 8 11 0.042528108 
383 488 7 11 0.042513847 
653 151 7 8 0.042504385 
371 505 7 8 0.0424624 
702 492 24 24 0.04239744 
505 456 8 6 0.042309016 
461 458 5 8 0.042304367 
919 174 18 25 0.042302184 
147 397 7 5 0.0422955 
846 223 30 28 0.042266235 
378 164 51 58 0.04220467 
214 531 5 6 0.04211583 
298 488 3 4 0.042021144 
251 525 6 6 0.041996717 
428 473 8 7 0.041915853 
501 431 6 5 0.041908264 
401 434 9 8 0.041880514 
65 499 5 5 0.041833915 
364 500 7 7 0.04176338 
360 424 13 13 0.041727863 
535 143 31 27 0.041700587 
840 239 30 25 0.04167631 
48 499 4 5 0.04164559 
226 528 4 3 0.041636907 
988 -9 41 43 0.041598696 
402 119 24 26 0.04156312 
314 540 7 7 0.04153874 
377 505 7 8 0.041509543 
237 488 6 6 0.041506868 
384 503 8 11 0.041486714 
422 448 6 6 0.041402247 
624 115 5 5 0.041390017 
821 122 4 5 0.041357074 
511 459 8 7 0.041282214 
475 473 5 8 0.041281387 
175 538 26 23 0.04118853 
150 540 3 3 0.041181125 
302 488 3 4 0.04117117 
469 435 6 5 0.04113732 
828 117 3 5 0.041101936 
489 455 5 6 0.041088834 
611 111 4 4 0.041043334 
820 284 5 5 0.040965885 
398 485 7 8 0.040928412 
388 483 7 10 0.040918693 
405 179 33 30 0.040855747 
245 537 6 6 0.04077048 
388 112 11 11 0.040706728 
414 152 28 24 0.04064871 
807 17 6 9 0.040600896 
535 141 11 9 0.04058423 
954 111 71 101 0.040575713 
382 473 43 45 0.040526863 
272 469 4 4 0.040472757 
111 561 4 7 0.04047184 
970 369 28 26 0.040422093 
206 532 5 5 0.040420268 
433 491 9 11 0.040396 
410 476 5 4 0.04035605 
906 370 27 20 0.040185545 
889 329 32 34 0.04018224 
929 166 7 8 0.04006813 
985 47 29 29 0.040059727 
284 463 3 4 0.040020064 
622 98 5 5 0.039979115 
140 409 10 8 0.03997064 
104 496 5 4 0.03996634 
447 453 5 6 0.039907143 
298 476 3 4 0.039899394 
272 463 4 4 0.039888583 
119 563 4 6 0.03984702 
353 517 7 7 0.03982946 
798 530 24 24 0.03977399 
653 149 6 5 0.03975505 
413 460 21 20 0.03965024 
412 491 7 10 0.039598886 
660 148 6 5 0.03957479 
430 467 7 6 0.039574035 
883 291 8 10 0.039572924 
129 561 5 6 0.039524782 
365 493 7 6 0.039480153 
456 467 5 7 0.03946084 
799 272 22 27 0.039454736 
373 113 15 16 0.0394176 
345 82 7 10 0.039417345 
92 537 5 6 0.039400104 
808 307 6 7 0.03936962 
248 480 31 26 0.039339803 
414 121 9 9 0.039321627 
858 364 17 12 0.039289027 
469 453 5 8 0.03924816 
783 271 4 6 0.03923689 
441 143 4 5 0.039214633 
422 129 8 7 0.039196875 
193 481 5 4 0.039116327 
341 85 7 10 0.039104193 
385 112 29 31 0.039078902 
378 497 6 9 0.039066978 
256 530 6 6 0.039055258 
804 27 8 12 0.039048426 
433 480 8 9 0.03904697 
879 84 72 101 0.039040707 
261 517 7 7 0.039025087 
421 121 9 10 0.039015755 
356 518 8 7 0.038994193 
524 391 6 4 0.03893082 
347 78 5 6 0.038889524 
660 116 6 5 0.038865805 
182 472 6 6 0.03886182 
158 503 30 22 0.038851034 
297 495 4 5 0.03883963 
456 460 5 6 0.03881635 
72 496 4 3 0.038752254 
47 495 4 4 0.038742233 
104 499 5 4 0.03868655 
450 153 4 5 0.038684458 
91 501 5 4 0.038626723 
437 444 6 5 0.038619556 
195 470 4 3 0.03859826 
539 429 7 6 0.03856655 
448 449 5 6 0.038513273 
257 537 6 8 0.038485404 
668 392 13 11 0.038465872 
225 519 5 4 0.038431343 
383 74 25 19 0.03839529 
539 397 6 5 0.03837422 
788 32 4 7 0.038372528 
512 448 7 6 0.038355373 
628 98 5 4 0.038333744 
702 479 23 23 0.03824777 
817 116 3 5 0.03823565 
289 506 5 5 0.03822453 
654 110 6 5 0.038167298 
450 187 5 5 0.038125142 
170 512 10 8 0.038107317 
357 493 6 5 0.03810579 
779 0 9 7 0.038063522 
615 117 5 4 0.03805701 
498 456 7 6 0.038055282 
506 448 7 6 0.038040467 
895 -7 190 174 0.038005028 
66 507 4 4 0.037976608 
129 538 4 5 0.037915614 
302 506 5 6 0.03786601 
79 514 3 4 0.037863553 
398 492 7 10 0.037852883 
857 0 8 9 0.03779608 
442 153 6 5 0.037792068 
442 135 5 6 0.037778135 
422 434 7 7 0.03777261 
401 487 23 25 0.03777007 
817 123 3 5 0.03776551 
276 462 4 4 0.037732475 
360 113 30 33 0.037715077 
895 399 29 25 0.037677314 
410 450 5 5 0.037656642 
532 441 7 6 0.037655666 
915 186 23 30 0.03765497 
384 481 20 26 0.037644777 
162 541 4 3 0.037594996 
302 543 6 6 0.03757943 
393 497 20 21 0.037572443 
775 34 18 28 0.03753623 
353 32 112 81 0.037534513 
863 373 32 24 0.037521932 
780 5 8 9 0.037515204 
622 128 5 5 0.0375017 
396 423 7 7 0.03746436 
322 481 5 5 0.037458394 
359 487 6 5 0.037444633 
352 466 27 26 0.037355274 
372 487 6 6 0.037244886 
499 422 8 6 0.03724486 
626 105 5 4 0.03722586 
501 71 6 7 0.03722447 
804 223 27 27 0.03718776 
857 206 56 45 0.037186135 
110 548 4 9 0.03716597 
817 319 11 10 0.0371445 
122 568 5 6 0.037135765 
448 149 5 5 0.037122976 
207 520 4 3 0.037088238 
277 469 4 4 0.036996998 
977 398 31 25 0.036990948 
60 506 4 5 0.03693152 
542 403 9 6 0.03692766 
666 137 4 4 0.036911346 
572 386 4 3 0.036863502 
-81 58 411 472 0.036860198 
309 470 4 4 0.03682678 
690 492 22 23 0.036819585 
388 442 50 53 0.036803775 
236 535 22 26 0.03673469 
538 385 7 5 0.03670905 
213 507 5 4 0.03670381 
884 47 28 37 0.036670983 
401 429 8 7 0.036610615 
819 294 7 7 0.036604445 
405 469 4 4 0.036599204 
135 494 6 4 0.036553156 
787 115 5 7 0.036525566 
467 442 6 5 0.03651377 
1013 65 6 6 0.036496818 
128 371 8 7 0.03647502 
118 559 3 5 0.036469012 
407 409 24 21 0.03645559 
683 505 24 25 0.036455084 
558 391 7 5 0.036397625 
212 494 5 5 0.036390673 
833 245 5 6 0.036342088 
664 151 8 8 0.036326025 
533 386 5 4 0.036317583 
376 452 93 82 0.036317386 
571 392 5 5 0.036306795 
506 175 33 28 0.036299966 
504 490 9 10 0.036250077 
815 104 4 5 0.03623369 
127 493 6 5 0.03622779 
219 526 4 4 0.036226764 
142 565 4 4 0.036216747 
257 500 7 6 0.036213648 
992 168 6 7 0.03620903 
636 98 4 4 0.036205012 
394 415 8 7 0.036153406 
825 288 7 7 0.036116358 
328 481 5 5 0.0360943 
237 513 7 6 0.036084652 
93 526 4 4 0.036068354 
6 429 9 10 0.036055934 
353 512 7 7 0.036020294 
787 404 118 81 0.035991956 
356 504 10 9 0.035968624 
155 540 4 4 0.03594077 
498 491 9 10 0.035930075 
785 38 6 10 0.035921626 
468 165 6 6 0.03591664 
310 481 4 4 0.035863187 
91 532 5 5 0.035856508 
532 391 7 5 0.0358342 
370 498 8 9 0.035811167 
289 500 4 5 0.035801694 
612 388 51 40 0.035788562 
60 499 5 5 0.035685148 
441 480 6 8 0.03568048 
21 423 4 5 0.035648115 
733 228 83 112 0.035642426 
321 487 5 6 0.035592634 
487 430 5 4 0.035585072 
436 457 5 5 0.03557238 
479 474 6 8 0.03550999 
14 375 13 11 0.035464257 
270 494 5 4 0.0354508 
411 98 13 13 0.035418794 
543 385 8 5 0.035416175 
294 506 6 6 0.035363194 
463 486 5 7 0.03536286 
469 459 5 8 0.035351213 
621 89 7 7 0.035338715 
83 524 4 5 0.03533841 
606 89 9 8 0.03533738 
753 151 24 22 0.035235796 
217 531 6 5 0.035213273 
380 498 17 23 0.035203155 
226 529 24 23 0.035192594 
447 480 7 8 0.035142824 
206 469 4 4 0.035124917 
41 495 4 4 0.035121165 
449 142 5 6 0.035095274 
296 511 5 7 0.035092674 
185 470 5 4 0.03508647 
614 108 56 53 0.035085987 
131 533 4 4 0.035049226 
1001 71 6 6 0.035041057 
259 509 10 8 0.035022553 
200 481 4 4 0.03502107 
373 80 15 10 0.035020668 
647 142 5 4 0.035016127 
449 436 6 6 0.034996152 
347 487 4 5 0.034952648 
353 488 5 5 0.034920316 
442 187 5 5 0.03490736 
863 82 15 26 0.034864772 
424 158 12 10 0.034863044 
433 165 7 7 0.03485639 
822 111 3 5 0.03483047 
353 493 6 5 0.034765776 
334 475 4 4 0.034764662 
127 567 28 29 0.034754407 
397 410 6 6 0.0347384 
628 140 7 7 0.0347134 
334 469 4 5 0.034654427 
616 98 5 5 0.034648113 
166 551 4 5 0.03460759 
915 377 7 5 0.034597285 
411 454 5 5 0.034574043 
436 60 24 26 0.034560114 
236 527 6 5 0.034543842 
148 392 6 5 0.034523096 
998 173 5 7 0.0344891 
236 487 25 23 0.034482885 
85 513 5 5 0.03447251 
1005 126 5 10 0.03446222 
616 109 5 5 0.034455612 
802 0 18 22 0.034454677 
524 441 6 6 0.034447823 
891 157 25 30 0.034439478 
141 404 6 5 0.034403842 
868 85 4 6 0.034391772 
261 502 6 4 0.034384623 
462 165 6 7 0.034373533 
525 399 5 3 0.034368515 
372 492 6 7 0.034363244 
391 428 9 10 0.034333307 
148 384 6 5 0.03432203 
991 23 26 30 0.034305412 
629 130 4 5 0.034292646 
112 534 3 5 0.034284994 
450 211 54 49 0.0342769 
726 473 26 24 0.034248654 
460 229 9 12 0.034240156 
614 89 8 7 0.034168344 
162 474 5 4 0.034145217 
431 462 6 5 0.03413519 
838 351 59 43 0.03413111 
543 434 7 6 0.03411333 
995 38 27 28 0.03411076 
66 494 4 4 0.034083594 
168 365 5 5 0.03408208 
812 0 8 8 0.034038786 
167 474 5 5 0.034022268 
511 65 24 24 0.034017317 
525 436 5 6 0.033994414 
140 494 5 4 0.033986505 
750 482 5 5 0.03394972 
851 331 127 89 0.033940263 
810 312 9 8 0.03393873 
11 380 14 12 0.03390616 
335 511 11 12 0.033905733 
531 437 7 5 0.03389364 
480 479 6 7 0.033889204 
47 506 4 5 0.03388711 
443 436 5 5 0.033883523 
271 488 5 4 0.033864256 
852 0 7 9 0.033858944 
901 233 23 26 0.03383823 
406 463 4 5 0.03380823 
136 488 4 4 0.033787325 
314 532 6 6 0.033755597 
248 494 8 7 0.033747043 
480 430 6 4 0.03374464 
89 512 6 6 0.033736583 
403 180 7 8 0.033730928 
468 486 6 7 0.03373053 
504 430 10 6 0.033706192 
27 507 4 4 0.033690903 
990 172 7 9 0.033681493 
158 495 100 84 0.03365191 
467 161 6 6 0.03364681 
213 515 3 4 0.03361617 
195 528 25 26 0.03359775 
283 538 5 5 0.033545144 
6 421 7 7 0.033545077 
302 470 3 4 0.03354372 
787 111 5 7 0.033529613 
353 72 7 6 0.033527527 
449 180 5 6 0.033505727 
443 167 6 6 0.033495907 
816 295 5 6 0.03342381 
205 507 5 5 0.033419427 
159 411 7 5 0.033387613 
490 478 10 10 0.033372167 
78 501 4 4 0.033368003 
344 520 21 19 0.03336173 
123 493 5 5 0.033320233 
60 514 4 5 0.033297133 
823 209 11 11 0.033293437 
473 430 6 5 0.03325671 
271 516 24 26 0.033234566 
404 449 6 6 0.033223055 
390 473 5 7 0.03319308 
129 487 5 5 0.03315832 
407 77 26 23 0.033152513 
628 90 6 5 0.033148464 
822 104 4 5 0.03313978 
775 90 5 8 0.033107728 
11 429 7 7 0.033104233 
409 409 8 7 0.033090875 
628 134 5 5 0.03308673 
481 454 5 7 0.033077892 
219 515 4 4 0.03307473 
405 153 6 6 0.033059996 
800 146 7 8 0.033059735 
264 468 4 5 0.033030484 
1011 56 8 8 0.033018008 
1006 164 5 10 0.033008624 
15 494 4 5 0.033002757 
808 302 5 6 0.03298836 
485 498 9 9 0.032970406 
246 533 6 6 0.03295349 
85 533 5 6 0.032928884 
319 539 6 6 0.0329238 
456 142 4 5 0.032907486 
1003 65 7 6 0.03290578 
341 423 5 6 0.0328655 
643 146 6 6 0.03286471 
485 479 8 8 0.032840196 
149 565 4 5 0.032834534 
760 36 43 50 0.032817774 
271 502 21 24 0.032810546 
374 104 14 15 0.03280551 
414 137 10 10 0.032794934 
690 318 36 22 0.032793168 
915 34 8 12 0.032768805 
430 455 6 6 0.032759827 
423 479 20 21 0.032746483 
769 480 6 6 0.032745544 
781 50 6 9 0.032741964 
549 384 7 6 0.032735508 
511 455 7 7 0.03272256 
654 391 24 23 0.032675434 
511 434 8 7 0.03266322 
85 506 5 4 0.032646008 
141 538 5 5 0.032639123 
238 505 6 7 0.032633543 
410 468 6 5 0.03260925 
620 402 13 11 0.03259885 
613 82 9 9 0.03259487 
95 510 7 7 0.032572046 
283 492 5 6 0.03256869 
154 416 7 5 0.03255312 
660 109 6 6 0.032544084 
829 209 11 11 0.032537725 
609 404 6 6 0.032536525 
427 145 9 8 0.03250652 
248 526 21 25 0.03250062 
106 539 4 5 0.032496434 
357 71 10 7 0.032490183 
406 454 4 5 0.03248559 
379 475 5 5 0.032484528 
843 212 94 94 0.032483544 
456 181 4 5 0.032481827 
374 527 13 11 0.032451496 
206 515 4 4 0.032449767 
362 523 10 9 0.032447845 
809 288 4 6 0.032443564 
90 506 6 5 0.032432675 
340 499 5 6 0.03242987 
511 415 8 7 0.03240135 
792 297 23 27 0.032383967 
500 160 32 32 0.032364815 
792 61 7 10 0.03235129 
284 513 4 5 0.0323427 
245 544 6 7 0.032332186 
462 423 6 6 0.03231996 
510 490 10 11 0.032301713 
128 545 4 5 0.03228676 
907 416 9 7 0.032268174 
819 297 32 30 0.032253716 
512 139 31 33 0.03225336 
263 526 6 6 0.0322384 
84 535 5 8 0.03222854 
160 391 8 6 0.032177716 
420 75 10 11 0.032174796 
492 173 7 8 0.032169692 
20 382 9 9 0.03211788 
873 78 4 7 0.032111198 
187 480 6 5 0.032107085 
249 549 25 28 0.03210699 
428 121 9 10 0.03210074 
53 507 4 4 0.032095846 
264 463 5 4 0.032078728 
402 423 7 6 0.032077968 
283 526 4 4 0.032070797 
517 460 7 7 0.03206246 
78 507 4 4 0.032055914 
96 525 5 5 0.032044396 
491 497 9 9 0.032040317 
496 157 13 13 0.03203978 
518 391 6 5 0.032038577 
809 137 4 4 0.03202343 
186 514 6 4 0.03201843 
571 398 6 4 0.032016765 
489 462 10 10 0.031980246 
757 488 5 4 0.03197987 
851 249 9 7 0.031958785 
244 507 6 6 0.031955052 
155 281 6 6 0.031951774 
929 423 8 7 0.031949095 
999 63 7 8 0.03192192 
565 385 5 4 0.031920422 
791 40 18 28 0.03190707 
913 36 19 24 0.031901844 
301 475 4 4 0.03189128 
455 134 5 7 0.031874303 
614 123 6 5 0.03187092 
904 415 29 24 0.0318697 
811 320 10 9 0.031862836 
911 3 72 99 0.031850662 
200 470 4 4 0.031838916 
629 156 14 16 0.031826515 
718 331 30 24 0.03182109 
432 159 8 8 0.031819258 
389 491 8 10 0.03179751 
341 108 54 62 0.031793833 
753 52 12 18 0.031793214 
226 538 5 6 0.031780913 
288 512 5 5 0.03173342 
981 170 21 25 0.031722855 
783 274 5 7 0.031718656 
320 436 5 5 0.031701125 
340 475 5 4 0.031699944 
247 498 8 7 0.031698275 
481 441 6 6 0.031686097 
155 533 4 4 0.03167996 
605 81 11 10 0.031679533 
457 168 4 5 0.031641703 
393 62 27 25 0.031636033 
403 140 59 57 0.03163176 
78 495 5 4 0.031630028 
894 211 28 28 0.031620596 
498 447 7 6 0.031613886 
277 526 4 4 0.031596947 
207 495 4 3 0.031586457 
739 466 26 26 0.03157715 
619 75 10 9 0.031565506 
140 414 9 7 0.031565253 
667 130 4 4 0.03156311 
328 487 5 6 0.031532235 
580 493 119 95 0.03152556 
452 75 10 9 0.031490386 
503 472 9 9 0.031481378 
786 47 6 11 0.031457234 
316 481 4 5 0.031454287 
345 498 6 6 0.031440057 
285 470 3 3 0.03141272 
310 494 4 4 0.03140811 
800 312 26 25 0.031402946 
392 411 6 6 0.03138739 
530 36 24 25 0.03137724 
370 409 9 8 0.03134737 
811 204 10 9 0.031337343 
235 518 7 6 0.03131567 
341 79 24 29 0.03131262 
388 148 25 27 0.031277865 
398 404 7 6 0.031277455 
473 485 7 8 0.031269554 
675 137 4 4 0.031266406 
301 481 4 5 0.031260904 
640 411 8 7 0.031243522 
410 462 5 5 0.031239321 
596 384 7 6 0.031232093 
497 470 11 11 0.031231731 
213 483 4 4 0.031221958 
826 69 7 9 0.031208742 
525 170 29 34 0.031198451 
817 289 4 4 0.0311745 
10 433 8 8 0.031164307 
289 483 4 5 0.031158358 
34 489 4 4 0.031157337 
866 193 13 18 0.031139541 
816 111 4 5 0.03113161 
307 518 6 6 0.031121954 
310 475 3 4 0.031120114 
168 470 5 4 0.03110022 
955 397 28 29 0.031097624 
96 494 6 4 0.031088121 
847 316 24 28 0.03108057 
425 96 13 16 0.031067837 
218 538 6 6 0.031054059 
814 95 5 7 0.031044515 
834 253 34 29 0.031043788 
271 482 4 4 0.031031827 
321 506 5 5 0.03103018 
450 134 5 7 0.031025361 
237 564 28 26 0.03102003 
667 123 5 5 0.031007914 
525 429 7 5 0.031001385 
497 497 10 10 0.030989846 
168 547 4 4 0.030973634 
153 392 7 5 0.030962463 
497 79 11 11 0.030958705 
352 498 8 7 0.030953268 
357 510 8 9 0.030933792 
434 152 8 8 0.030904131 
321 492 5 6 0.030900514 
480 460 6 8 0.030882617 
226 488 5 6 0.030880725 
443 160 6 6 0.030855231 
283 443 5 5 0.030849488 
702 505 24 24 0.03084036 
289 520 4 5 0.030837128 
214 526 4 4 0.030825386 
442 127 6 9 0.03081181 
401 119 9 10 0.03080652 
199 520 5 4 0.030778784 
347 482 4 5 0.030770209 
504 486 20 20 0.030766776 
771 132 23 23 0.030757023 
766 75 20 32 0.030751633 
289 526 5 4 0.030746702 
170 541 3 4 0.030740732 
621 397 9 7 0.030711466 
916 400 32 27 0.030698936 
810 124 4 4 0.03067495 
851 337 22 27 0.030654911 
759 192 56 53 0.030653704 
537 452 8 8 0.030652685 
736 183 14 15 0.03065262 
392 156 5 5 0.03065141 
802 286 21 26 0.030646903 
140 399 6 4 0.030644225 
457 338 109 92 0.030579567 
404 425 25 19 0.030559072 
343 408 7 8 0.030553868 
368 534 26 27 0.030543607 
780 30 7 11 0.030537622 
463 162 5 5 0.030533513 
783 184 23 24 0.030515412 
277 476 4 3 0.030514697 
315 493 4 5 0.030500246 
796 135 4 6 0.030488662 
761 479 7 7 0.0304856 
474 448 5 6 0.030479264 
388 100 12 12 0.030465582 
557 397 6 5 0.030459456 
39 499 5 5 0.030446623 
13 365 6 6 0.030440843 
622 124 4 4 0.030431755 
315 470 4 4 0.030413039 
510 424 8 5 0.030412596 
550 409 8 6 0.030412378 
453 82 8 8 0.030403774 
206 501 5 4 0.03040218 
123 534 4 4 0.030396516 
322 501 4 5 0.030372618 
449 441 6 5 0.030365542 
395 112 11 11 0.030357903 
134 384 7 6 0.030345678 
85 501 5 4 0.03034078 
622 392 6 5 0.030296503 
323 475 3 5 0.03028464 
116 493 6 5 0.030280285 
618 144 11 13 0.030276313 
15 490 3 3 0.03026116 
456 187 6 5 0.030250378 
986 379 28 25 0.030246718 
85 495 6 4 0.030237706 
518 193 31 27 0.030222902 
646 151 8 8 0.030219333 
831 55 8 10 0.030217718 
835 115 3 7 0.030217605 
287 493 5 5 0.030201226 
816 284 4 5 0.030191878 
134 499 7 6 0.030163841 
910 400 14 13 0.03016172 
1001 11 14 16 0.030154444 
733 181 28 25 0.030108428 
409 430 9 7 0.030101283 
332 97 184 149 0.030091984 
642 97 6 5 0.030085322 
159 416 7 5 0.030054467 
103 519 5 5 0.03003884 
1016 165 9 14 0.030037811 
269 538 6 6 0.030031137 
414 168 30 26 0.030016394 
339 485 6 7 0.030012397 
775 94 5 9 0.030011954 
213 501 4 4 0.030007035 
795 43 6 10 0.029986784 
285 476 4 3 0.029984882 
475 480 5 7 0.029984731 
458 163 29 32 0.029972153 
828 111 3 5 0.029964192 
496 477 11 11 0.029963821 
430 448 6 6 0.029962745 
831 62 8 10 0.029959304 
154 474 5 5 0.02995614 
933 276 8 11 0.029953154 
319 431 6 4 0.029951103 
124 538 4 5 0.02995012 
391 424 7 7 0.029948635 
772 51 9 13 0.029941775 
812 69 7 9 0.029925926 
33 384 6 7 0.029920902 
648 103 6 6 0.029887337 
428 442 7 5 0.02987452 
143 545 4 5 0.029872546 
793 82 6 8 0.029865174 
365 486 6 6 0.029856553 
96 501 5 5 0.02984624 
216 524 23 24 0.029845105 
401 161 7 7 0.029842883 
373 92 15 14 0.029836934 
151 528 3 3 0.029824775 
316 475 4 4 0.02982079 
211 308 6 5 0.029814456 
450 122 5 7 0.029798089 
480 435 7 7 0.029781235 
125 553 4 4 0.029773684 
491 165 9 10 0.029714908 
369 414 12 9 0.029702852 
380 111 12 12 0.02970067 
786 60 7 10 0.02969617 
263 531 6 6 0.029688872 
16 372 10 9 0.029680595 
822 317 12 11 0.029677747 
809 294 5 6 0.029659836 
297 464 3 4 0.029656935 
35 540 3 4 0.029654186 
173 474 5 5 0.029649483 
152 481 8 7 0.029614795 
346 421 6 7 0.02961348 
802 194 29 28 0.029612 
385 436 21 31 0.02959383 
615 398 28 21 0.029575488 
874 284 22 26 0.029575277 
270 519 5 5 0.029543897 
341 430 5 5 0.029542025 
333 499 5 6 0.029534165 
205 305 28 25 0.029517487 
800 180 24 25 0.029515725 
807 167 25 27 0.029501857 
118 569 5 6 0.02948951 
462 491 6 8 0.02948282 
409 495 8 10 0.029480772 
409 423 9 6 0.02945243 
2 436 27 21 0.029440563 
341 521 11 13 0.02943938 
812 306 8 8 0.029437276 
389 192 7 8 0.029432915 
760 43 8 12 0.029429093 
381 121 12 15 0.02942499 
856 30 45 61 0.02942072 
96 506 6 6 0.029414184 
404 103 14 14 0.029400222 
281 501 6 6 0.029390877 
839 52 45 62 0.029387714 
493 80 9 9 0.029381843 
507 411 6 5 0.029381836 
611 74 12 11 0.029370865 
919 229 23 34 0.029369818 
346 67 23 20 0.029368017 
451 126 5 7 0.029362828 
218 481 5 5 0.02935822 
282 532 5 5 0.02933385 
162 527 4 4 0.029331414 
857 229 9 9 0.029327512 
575 398 5 5 0.029323315 
142 488 6 4 0.02931205 
513 404 6 5 0.029307041 
588 385 7 5 0.029294526 
917 42 7 9 0.029260036 
554 436 8 7 0.029233357 
714 289 25 22 0.02923296 
190 207 487 369 0.029213391 
242 497 8 8 0.02920459 
782 95 6 9 0.029193709 
175 541 4 3 0.029184872 
459 76 9 8 0.029163752 
84 520 4 5 0.02913667 
763 475 6 6 0.029115967 
269 527 5 5 0.029108569 
199 531 5 6 0.029083349 
626 82 8 8 0.029083129 
770 108 6 14 0.029080631 
439 490 7 10 0.029076505 
10 441 10 8 0.029070798 
758 257 45 60 0.029063476 
464 180 5 6 0.029049719 
344 428 7 8 0.029046992 
391 181 4 6 0.029042944 
142 528 4 4 0.029042467 
448 168 6 6 0.029016493 
403 91 16 13 0.02901128 
492 65 22 21 0.029008606 
523 479 22 23 0.029005144 
498 417 9 6 0.028988935 
478 504 9 9 0.028963715 
205 545 7 6 0.028934894 
384 155 7 6 0.028926628 
277 537 5 6 0.028914824 
491 460 20 18 0.028910315 
481 448 6 6 0.028890876 
808 103 4 6 0.02888888 
836 223 10 9 0.028887048 
609 393 5 4 0.028884018 
926 158 8 10 0.02888333 
296 544 6 5 0.028866269 
427 207 32 25 0.028863743 
277 532 5 6 0.028861651 
129 569 6 6 0.02885212 
549 389 8 6 0.028851714 
743 481 6 6 0.028846845 
436 436 6 5 0.028838843 
368 98 13 14 0.028830785 
165 556 5 6 0.028825484 
828 200 28 27 0.028819665 
251 430 5 5 0.028819226 
911 33 7 12 0.02881167 
925 42 7 9 0.028810216 
919 20 7 9 0.028803518 
388 172 25 31 0.028790625 
800 43 6 11 0.028782774 
364 101 10 11 0.028777745 
1007 172 4 7 0.028775895 
307 512 6 7 0.028775256 
390 184 6 7 0.028774599 
918 133 6 7 0.028750852 
799 86 22 31 0.028745836 
349 126 25 28 0.028728075 
136 545 4 5 0.02870884 
511 442 7 6 0.028706519 
455 472 5 8 0.028699094 
921 177 8 13 0.028695593 
271 475 4 4 0.028691296 
326 523 7 8 0.028689608 
784 261 4 7 0.028682852 
417 221 17 13 0.028679524 
832 69 6 9 0.028675824 
103 512 6 6 0.02866634 
807 69 6 10 0.028665135 
834 88 5 10 0.02865296 
1003 56 10 9 0.028643329 
327 537 7 8 0.028642772 
462 172 6 7 0.028612288 
917 125 20 23 0.028589077 
40 540 4 4 0.028573217 
851 230 8 7 0.028548343 
922 235 7 8 0.02854115 
867 78 4 6 0.028536126 
299 523 24 24 0.028534846 
266 484 24 22 0.028520783 
647 147 6 5 0.028509028 
921 346 26 26 0.028481398 
224 321 6 6 0.028474249 
471 233 27 32 0.028473066 
449 221 25 27 0.028464515 
772 203 10 12 0.028458623 
153 491 10 9 0.02844194 
923 164 20 25 0.028430074 
520 440 6 6 0.028426059 
916 24 7 11 0.028414214 
290 454 4 5 0.028413996 
784 321 25 25 0.028404264 
223 505 50 50 0.028403314 
612 138 11 12 0.02839884 
678 289 98 91 0.028389528 
862 91 4 6 0.028372636 
152 397 8 6 0.028371012 
131 528 4 4 0.028368628 
154 411 7 5 0.028368622 
319 519 6 6 0.02834701 
902 45 40 68 0.028338447 
125 505 51 51 0.028336601 
446 68 11 10 0.028335545 
146 404 7 5 0.028316475 
624 149 12 14 0.028301083 
976 246 26 37 0.028295556 
347 494 5 5 0.028293747 
742 59 42 58 0.0282854 
803 116 3 5 0.02827536 
975 211 4 7 0.028272178 
536 404 8 6 0.0282551 
59 518 4 5 0.028248543 
758 482 5 4 0.028245563 
441 173 105 85 0.0282323 
736 481 6 6 0.02822869 
838 367 9 8 0.02821887 
610 144 14 15 0.02821646 
129 481 5 5 0.028210483 
910 378 5 5 0.028199848 
801 237 5 7 0.028191583 
396 165 7 7 0.028190257 
399 162 5 5 0.028184148 
427 428 8 7 0.028137807 
135 569 5 5 0.028136823 
289 540 6 5 0.028136188 
551 397 7 5 0.028125975 
880 377 28 21 0.028124338 
511 479 20 22 0.028121782 
976 37 15 17 0.028120628 
808 96 5 6 0.028092334 
472 504 10 9 0.028080879 
207 475 4 4 0.02807765 
321 513 5 6 0.028060231 
818 313 10 8 0.028045308 
920 70 5 6 0.028025076 
816 203 12 11 0.028017713 
390 146 8 9 0.02801119 
823 236 23 26 0.027995832 
194 520 4 4 0.02798451 
452 62 10 10 0.027970392 
178 519 6 5 0.02796832 
446 63 10 9 0.027966958 
455 149 5 5 0.027958492 
537 391 8 5 0.027956257 
206 461 4 4 0.027947025 
474 454 5 7 0.027935484 
206 527 4 4 0.027934868 
205 538 6 6 0.027933616 
393 427 24 20 0.027930051 
307 505 5 6 0.027927764 
287 508 23 25 0.027922861 
361 489 41 44 0.027914068 
428 147 28 27 0.027912764 
309 488 4 4 0.027911808 
321 412 5 4 0.02790855 
308 501 4 5 0.027898893 
939 498 24 24 0.027897017 
809 116 4 5 0.027880382 
459 510 10 10 0.027880328 
136 455 94 91 0.027879437 
815 135 5 5 0.027879039 
66 512 4 5 0.027870607 
300 512 6 7 0.027848901 
750 475 5 5 0.027835267 
340 481 5 5 0.027823072 
456 173 5 6 0.027821572 
809 284 4 5 0.027760802 
231 489 7 6 0.027750598 
406 57 24 23 0.027749145 
800 62 6 10 0.02774511 
398 185 6 7 0.027741715 
521 386 5 4 0.027740281 
816 209 12 10 0.027717201 
813 62 7 10 0.027693424 
950 256 5 8 0.027687611 
496 485 11 10 0.027680118 
357 499 8 7 0.027677132 
261 536 7 8 0.027674682 
165 277 7 5 0.027661407 
816 130 3 4 0.027661221 
315 431 5 4 0.027631281 
615 391 6 6 0.027631009 
815 183 29 27 0.027624192 
794 48 7 11 0.027618047 
155 565 4 5 0.027617829 
787 94 5 9 0.027611803 
408 151 8 8 0.027599175 
984 174 10 12 0.027598742 
321 532 5 6 0.027590655 
824 283 8 7 0.02756599 
825 237 7 8 0.02756126 
999 166 6 8 0.027554838 
761 140 8 7 0.027540013 
362 137 12 13 0.027531555 
225 510 22 20 0.027531153 
13 424 5 4 0.027524354 
922 420 24 22 0.027517712 
468 154 6 7 0.027483745 
887 139 25 33 0.027482528 
808 241 29 29 0.027480707 
658 152 7 7 0.027477788 
316 506 5 5 0.027463228 
339 435 6 7 0.027450595 
627 392 8 5 0.027436944 
117 487 4 4 0.027422117 
818 304 10 9 0.027416043 
175 547 4 3 0.027415806 
335 435 5 6 0.027415482 
346 506 6 6 0.027412793 
782 63 6 9 0.027412266 
827 75 6 9 0.027394582 
910 270 28 27 0.02736521 
634 145 7 8 0.027346313 
366 506 21 19 0.027339693 
905 407 12 11 0.027339661 
416 395 9 8 0.027331444 
808 277 5 5 0.027319362 
936 436 7 6 0.02731163 
945 407 28 28 0.027304832 
714 44 84 99 0.027302198 
622 133 6 7 0.027297923 
799 105 23 30 0.027290734 
300 517 7 7 0.027281469 
199 544 6 6 0.027270451 
155 278 6 5 0.027255584 
783 41 7 11 0.02724896 
485 472 9 9 0.027248658 
849 241 11 9 0.027230958 
200 476 4 4 0.027199276 
603 378 112 104 0.027196033 
911 12 18 27 0.027195536 
124 545 5 5 0.027193405 
762 142 25 19 0.02718726 
565 380 5 4 0.027186874 
818 56 7 10 0.02717207 
856 204 28 29 0.027159365 
500 65 6 7 0.027142301 
316 501 4 5 0.02714177 
328 462 4 5 0.027137583 
257 442 5 5 0.027125042 
781 35 7 12 0.027101967 
830 49 8 11 0.027093848 
724 419 64 49 0.027092835 
150 474 4 4 0.027086023 
503 157 12 14 0.027075697 
263 488 6 5 0.027070655 
428 162 29 28 0.027061405 
148 423 7 5 0.027060885 
401 164 8 9 0.02705582 
331 535 8 9 0.027054526 
148 482 7 5 0.027053723 
891 0 14 17 0.027045446 
402 404 7 6 0.027038665 
510 491 22 24 0.027029349 
333 506 6 6 0.027027704 
162 469 5 5 0.027019825 
244 489 6 4 0.02701924 
599 108 28 24 0.027018026 
363 518 11 8 0.027009571 
908 307 43 56 0.02698141 
819 82 6 9 0.026974587 
614 126 7 7 0.026969118 
198 494 6 5 0.026968354 
391 403 7 7 0.02696485 
219 476 5 4 0.026963111 
868 312 23 27 0.02695667 
428 76 8 9 0.026947731 
843 215 10 10 0.026942266 
818 68 8 10 0.02693864 
758 548 12 10 0.026929148 
652 157 9 11 0.026927087 
629 119 24 25 0.026923845 
160 281 7 6 0.026920212 
175 470 4 4 0.026918998 
635 89 6 7 0.026915157 
34 494 4 4 0.026906181 
893 265 32 30 0.026902067 
367 425 13 12 0.026874833 
296 454 5 5 0.026874311 
814 300 7 7 0.026851593 
761 487 6 6 0.02684187 
20 428 6 6 0.026836194 
335 430 5 5 0.026826637 
283 520 4 4 0.026815068 
799 45 19 29 0.026809935 
509 203 31 28 0.026806297 
474 442 6 6 0.026764698 
96 539 4 5 0.026757292 
511 410 7 6 0.026753694 
711 447 69 51 0.026751125 
324 506 39 39 0.026748713 
128 500 6 6 0.026745442 
667 115 6 7 0.02670579 
296 518 6 7 0.02669938 
333 466 83 82 0.026685026 
295 449 6 5 0.026663799 
860 324 23 27 0.026661772 
626 76 9 8 0.026661333 
814 56 6 9 0.026657922 
865 425 14 13 0.026652196 
770 474 5 7 0.026638275 
623 108 23 25 0.026636802 
479 485 7 8 0.026633075 
454 127 6 7 0.026630016 
5 438 10 10 0.026626024 
264 478 52 50 0.026618412 
761 147 7 7 0.026614761 
844 366 9 9 0.02661368 
813 75 6 9 0.026607355 
841 254 11 11 0.026602874 
447 490 7 9 0.026597029 
991 178 8 9 0.026596257 
96 564 6 6 0.026588727 
259 429 4 4 0.026586259 
772 146 10 8 0.026585463 
60 495 4 4 0.02658306 
681 -1 207 159 0.026579682 
821 129 4 6 0.026577868 
398 148 6 7 0.026573425 
390 447 6 8 0.026571468 
757 493 4 5 0.02656915 
142 482 5 3 0.026564404 
333 424 5 6 0.026563236 
360 481 7 6 0.02655669 
639 57 8 9 0.026545396 
836 108 4 8 0.026533702 
465 510 10 9 0.026498806 
724 439 117 90 0.02649839 
441 68 10 10 0.026494706 
345 416 6 7 0.026470203 
178 499 8 6 0.026460119 
620 82 9 8 0.026455704 
140 537 21 24 0.026453713 
327 436 4 4 0.026450802 
127 403 7 6 0.026449736 
372 491 19 24 0.026447285 
960 347 22 29 0.026440356 
779 86 18 28 0.026438477 
104 525 4 5 0.026422648 
787 276 4 6 0.026421612 
103 487 6 5 0.026418587 
897 301 5 6 0.026408307 
391 174 6 6 0.02639586 
828 372 29 25 0.026395787 
28 501 4 4 0.026375065 
834 214 28 29 0.026374314 
793 70 6 9 0.026373383 
904 296 5 5 0.02636952 
957 407 11 12 0.026366418 
187 540 5 5 0.026366003 
807 75 6 9 0.026364459 
392 77 13 10 0.026360696 
445 155 25 29 0.026354974 
759 11 20 30 0.026341846 
665 158 8 8 0.026326375 
250 425 5 5 0.02632576 
328 494 5 5 0.026318733 
747 590 277 160 0.026317243 
807 89 6 7 0.026316278 
136 482 4 4 0.026313838 
419 93 13 13 0.02631376 
364 480 7 7 0.026311744 
770 90 18 34 0.026302937 
807 63 6 9 0.026299333 
240 259 37 26 0.026298126 
512 467 7 7 0.026287166 
995 53 12 13 0.026274906 
813 89 6 7 0.026272979 
168 360 4 4 0.026266232 
315 436 5 4 0.026252652 
379 472 18 24 0.026243964 
730 500 7 6 0.026237398 
339 469 5 5 0.026231429 
245 482 5 4 0.026227638 
135 302 6 6 0.02622749 
970 386 29 26 0.026222708 
193 514 5 4 0.026217148 
339 493 6 6 0.026214488 
462 429 5 5 0.026211888 
258 507 26 26 0.026208924 
54 514 4 5 0.0262077 
407 43 12 10 0.026194606 
160 278 7 5 0.02618918 
7 411 5 6 0.026188422 
91 545 5 6 0.026187945 
301 456 5 4 0.02617562 
824 35 9 13 0.026171837 
388 123 12 13 0.026167968 
766 139 9 7 0.026167303 
117 483 5 3 0.026160872 
259 521 22 25 0.02615951 
399 69 60 48 0.026150482 
159 481 8 6 0.026142985 
759 33 10 14 0.026132029 
190 487 8 6 0.02613089 
474 166 6 7 0.026125442 
505 75 27 29 0.026122069 
422 377 7 7 0.026107054 
589 377 7 6 0.026102303 
875 366 7 6 0.026089305 
813 82 6 8 0.026087057 
1018 68 6 9 0.02608214 
609 104 5 5 0.026078662 
427 435 8 6 0.026074862 
410 145 8 9 0.026072795 
638 49 10 11 0.026071195 
175 497 28 21 0.026065515 
1000 10 24 31 0.026064461 
768 316 19 30 0.026051484 
174 298 57 48 0.026038444 
809 110 4 5 0.026011774 
33 513 4 4 0.02599469 
807 82 6 8 0.025984118 
503 415 10 8 0.025982201 
195 190 100 82 0.025982035 
802 83 5 7 0.025976421 
491 157 11 12 0.025966171 
616 150 14 14 0.02596098 
295 526 5 5 0.02594388 
454 154 5 5 0.025938375 
801 300 6 8 0.025933966 
840 76 5 8 0.02592508 
154 405 6 4 0.025923435 
750 488 5 5 0.025916332 
708 185 45 52 0.025904689 
79 523 5 7 0.025900763 
413 112 12 13 0.025897408 
1005 130 20 34 0.025895305 
420 153 11 10 0.025890265 
935 386 28 28 0.025874538 
380 56 25 23 0.025868302 
425 171 12 10 0.025863327 
890 387 31 24 0.025841216 
395 44 25 22 0.025838884 
402 172 7 9 0.025826149 
521 372 59 42 0.02581611 
470 430 5 5 0.025811166 
314 513 6 6 0.025810493 
304 425 4 3 0.025806645 
419 112 11 12 0.025805673 
662 118 28 27 0.025805559 
90 494 5 4 0.025804425 
488 175 28 33 0.025796888 
349 506 42 41 0.025796773 
872 63 5 9 0.02579603 
161 506 7 6 0.025795532 
370 473 8 8 0.025795346 
415 442 7 6 0.025791999 
270 512 6 6 0.025780559 
264 476 5 4 0.025766596 
770 68 11 16 0.025766533 
748 494 6 5 0.025760284 
14 417 4 5 0.025756383 
836 360 22 21 0.025756365 
71 512 5 5 0.02575343 
671 512 23 23 0.025751896 
413 76 11 11 0.02574839 
171 486 8 7 0.025738118 
461 84 7 6 0.025733706 
9 494 4 5 0.025732238 
218 507 4 5 0.025731662 
834 83 5 8 0.02572427 
674 143 4 4 0.025720337 
584 409 6 6 0.02571707 
819 62 7 10 0.025701817 
292 537 24 21 0.025697663 
613 397 7 5 0.025691759 
414 434 22 21 0.025682893 
153 423 7 5 0.025675355 
-1 408 37 54 0.025673402 
784 52 19 26 0.025672292 
154 289 7 6 0.025653094 
244 412 5 4 0.025651323 
343 79 4 5 0.025648693 
753 67 10 16 0.025618697 
257 550 7 9 0.025592765 
371 404 6 7 0.025589997 
132 371 9 8 0.025579842 
256 437 5 5 0.025578488 
825 56 7 9 0.025569836 
808 243 7 8 0.025568875 
18 366 8 6 0.025567647 
434 68 9 10 0.025563836 
156 527 4 4 0.025560256 
844 224 8 8 0.025558634 
632 50 10 10 0.025555082 
785 139 23 23 0.025554774 
391 466 4 7 0.025544554 
377 466 7 8 0.025542382 
819 88 6 9 0.02553815 
604 73 13 12 0.025537154 
213 476 4 4 0.02552991 
805 204 9 8 0.025526956 
941 286 5 7 0.02552496 
204 558 7 6 0.025513126 
160 405 6 5 0.02551258 
482 70 24 23 0.025505468 
890 81 25 38 0.025497008 
360 103 7 8 0.02549087 
327 518 7 8 0.025485579 
371 480 6 6 0.025480293 
397 468 5 6 0.025449052 
358 68 30 19 0.025423089 
187 531 4 5 0.025419299 
369 420 13 11 0.025416208 
820 95 6 8 0.025405947 
417 476 7 7 0.025400536 
633 391 8 5 0.025393093 
830 91 15 30 0.025384502 
269 530 5 7 0.025380168 
207 482 4 3 0.025376761 
402 415 7 7 0.025373016 
284 546 4 4 0.025370557 
922 144 9 12 0.025368463 
821 278 5 5 0.025356894 
716 480 23 23 0.025354626 
134 390 7 6 0.02535308 
468 480 6 7 0.025351163 
922 72 7 9 0.025350219 
452 486 7 8 0.025344336 
123 499 5 6 0.025342822 
626 70 9 8 0.025337188 
558 385 6 5 0.025329208 
837 210 10 10 0.02532639 
27 512 4 4 0.025317853 
53 496 4 3 0.02531447 
526 422 9 7 0.02530497 
932 180 21 29 0.025304273 
302 436 5 4 0.02530374 
177 513 8 6 0.025297076 
237 522 22 23 0.025296805 
136 399 6 5 0.025294252 
813 224 8 8 0.025292877 
811 196 10 10 0.025275365 
417 486 19 21 0.025272299 
890 365 5 6 0.025271418 
188 520 4 4 0.02526661 
60 538 5 5 0.025260136 
825 63 7 9 0.02525639 
929 427 8 9 0.025254583 
316 518 6 6 0.025254495 
736 474 7 6 0.025252705 
334 462 5 5 0.02524688 
432 173 9 7 0.025246097 
449 161 5 5 0.025238592 
195 463 4 4 0.025236983 
782 89 6 9 0.025236906 
527 143 12 11 0.025219664 
316 443 5 4 0.02520612 
486 167 7 8 0.025201008 
802 96 4 7 0.025194928 
368 463 11 11 0.025192669 
109 488 5 3 0.02517609 
549 431 7 5 0.025160516 
633 57 8 8 0.02514926 
473 162 7 6 0.025148746 
343 151 11 11 0.025143662 
377 410 8 8 0.025121415 
564 398 5 4 0.0251152 
22 1 97 142 0.025114179 
923 368 28 28 0.025110424 
455 122 6 7 0.02510681 
818 49 8 11 0.02509498 
619 69 10 9 0.025094513 
634 83 8 7 0.025084436 
114 542 5 7 0.025080979 
363 510 8 8 0.025075732 
756 147 7 7 0.02507086 
440 72 25 26 0.025070779 
686 141 6 6 0.025070447 
896 112 37 58 0.025066135 
322 469 4 4 0.0250611 
646 113 27 27 0.025050538 
922 213 20 26 0.025045542 
917 88 20 27 0.025043247 
896 294 6 6 0.02503948 
603 397 6 6 0.025035053 
862 96 4 6 0.025025532 
815 278 5 5 0.025018359 
864 352 8 8 0.02501383 
200 379 5 4 0.025008902 
443 180 6 6 0.025006019 
503 497 11 10 0.02500199 
232 506 6 6 0.024993302 
404 410 6 5 0.024993293 
856 43 20 33 0.024979942 
769 486 6 6 0.024974652 
806 310 8 9 0.024972953 
514 43 26 26 0.024966933 
626 50 9 10 0.02495697 
350 151 11 11 0.024946904 
624 42 12 12 0.024908802 
251 442 5 5 0.024898434 
176 517 25 24 0.02489428 
479 465 6 8 0.024892911 
884 330 7 11 0.024888914 
550 405 8 6 0.02487972 
809 13 9 14 0.024870008 
165 492 8 7 0.024867436 
882 23 24 39 0.024863698 
148 493 8 5 0.024849942 
424 227 14 11 0.024849549 
627 57 8 8 0.024839072 
474 459 6 8 0.024825912 
806 224 7 7 0.024815781 
433 62 10 10 0.024813283 
398 366 6 6 0.024804227 
499 410 6 5 0.024797505 
212 545 7 7 0.024791542 
538 416 7 6 0.024788763 
802 103 4 6 0.024771756 
167 564 4 6 0.024768278 
885 225 28 32 0.024761965 
368 86 14 13 0.024752406 
803 136 4 5 0.024740852 
784 231 4 7 0.024740385 
334 487 5 6 0.024739726 
862 358 25 23 0.024732625 
359 532 15 15 0.024718205 
254 516 8 8 0.024717696 
857 224 9 8 0.024711685 
396 139 8 10 0.024707673 
743 474 6 6 0.024662137 
802 110 4 5 0.024658449 
277 519 5 5 0.02465838 
316 488 4 5 0.02465526 
621 139 8 9 0.024651462 
748 168 29 24 0.024634356 
21 418 4 4 0.024633177 
320 443 5 4 0.024631042 
356 30 11 9 0.024628408 
779 71 17 25 0.02462771 
889 372 7 6 0.024622036 
544 442 7 6 0.024613207 
808 39 18 29 0.024612779 
756 141 6 6 0.024607914 
802 253 27 30 0.024607776 
612 387 27 22 0.024596803 
822 201 13 12 0.024595529 
833 76 5 8 0.024594756 
915 61 20 27 0.024592932 
791 80 20 29 0.024591383 
321 456 5 4 0.024587242 
931 233 22 35 0.024571203 
836 84 16 30 0.02456997 
651 147 24 25 0.024569727 
644 157 11 12 0.024549793 
518 448 6 6 0.024549628 
353 482 6 5 0.024548693 
761 153 8 7 0.024546525 
397 447 7 8 0.024541875 
455 160 5 6 0.024539748 
446 176 28 29 0.024538925 
1019 63 6 8 0.024533806 
247 543 8 9 0.024531584 
327 443 4 5 0.024527691 
640 394 30 27 0.024527617 
185 63 50 52 0.024519768 
233 549 24 29 0.024516873 
809 325 12 10 0.024505824 
901 177 10 11 0.024503134 
909 423 7 6 0.024491843 
455 505 19 20 0.024487138 
562 441 8 7 0.024482172 
543 411 7 5 0.024479438 
516 497 10 10 0.024477042 
490 471 10 10 0.024474753 
361 477 25 22 0.024456253 
199 538 6 6 0.024456015 
364 414 10 9 0.024453018 
563 391 6 5 0.024442688 
29 545 3 4 0.024436219 
412 139 7 9 0.024431726 
799 54 7 11 0.024424648 
735 487 6 6 0.024423052 
575 391 6 5 0.024419961 
973 412 31 28 0.024413785 
110 495 5 4 0.02440598 
449 115 5 8 0.024398899 
4 374 44 58 0.024396654 
649 163 13 13 0.024389688 
181 545 5 5 0.024386209 
200 514 5 4 0.024375968 
109 499 5 5 0.024371887 
933 159 6 9 0.024367135 
876 371 7 6 0.024361348 
716 204 21 26 0.024359867 
492 492 9 9 0.024359263 
448 430 7 5 0.024358757 
736 326 8 7 0.024358537 
344 435 7 7 0.024355002 
289 545 5 5 0.024352334 
631 42 12 13 0.024340551 
309 444 5 4 0.024339167 
774 332 127 90 0.024335703 
658 158 8 9 0.024333252 
338 415 8 8 0.024318773 
160 424 6 5 0.024317782 
758 475 5 5 0.024317103 
256 541 7 9 0.02430756 
727 319 25 22 0.024305131 
167 385 6 4 0.024304325 
977 -83 24 23 0.0243029 
518 425 6 5 0.024301145 
790 277 21 28 0.02429507 
396 396 8 7 0.024293918 
967 200 18 28 0.024288673 
309 437 4 3 0.0242821 
746 135 21 20 0.024280926 
793 125 22 26 0.024280092 
415 403 8 7 0.024275262 
403 185 7 8 0.024271073 
872 378 112 87 0.024266373 
923 429 7 6 0.02426033 
838 82 6 10 0.024259461 
810 130 4 4 0.024255127 
430 460 18 19 0.02425493 
940 254 5 9 0.024254309 
554 403 8 6 0.024247035 
328 417 5 5 0.024242852 
378 403 7 6 0.024242366 
827 82 5 8 0.0242419 
374 144 12 12 0.024237186 
349 30 11 10 0.0242311 
253 436 5 5 0.024231017 
157 497 11 8 0.024224123 
825 49 8 10 0.024218207 
801 288 6 8 0.024215203 
394 43 12 10 0.02420844 
306 510 23 25 0.024206655 
847 192 25 27 0.024200099 
39 445 113 94 0.024198623 
925 401 11 10 0.024197351 
368 151 11 11 0.02418511 
458 69 10 9 0.02418415 
228 543 7 7 0.024176668 
421 144 11 10 0.024174407 
827 91 44 63 0.024173966 
950 251 4 6 0.024165317 
140 352 7 6 0.02416245 
626 144 10 11 0.024158135 
238 411 5 4 0.024147063 
406 61 13 12 0.024145732 
542 447 9 8 0.024135297 
353 101 29 31 0.024127897 
653 102 7 7 0.02412748 
1000 54 26 27 0.02412247 
916 381 31 29 0.024121618 
900 421 9 8 0.024120638 
916 180 9 12 0.024119157 
334 456 4 5 0.024117755 
363 30 10 9 0.02411242 
320 423 6 4 0.02410778 
541 140 11 9 0.024104442 
328 499 5 6 0.024101896 
762 28 21 31 0.024091328 
812 80 20 29 0.024083173 
116 497 6 7 0.02407775 
105 534 3 4 0.024075784 
843 330 21 28 0.02406996 
812 217 9 8 0.024066683 
288 449 5 5 0.024065152 
468 473 6 8 0.024044678 
161 568 6 7 0.024044594 
703 411 28 25 0.024036376 
503 506 23 22 0.024033334 
441 62 10 10 0.02402743 
922 55 6 8 0.024024785 
308 449 6 5 0.024023183 
127 312 7 6 0.024011562 
799 218 7 8 0.023999419 
376 152 9 9 0.023992183 
362 129 12 14 0.023991043 
163 485 9 8 0.02399087 
140 326 6 6 0.02396936 
441 119 8 11 0.0239672 
387 162 4 5 0.023965089 
165 508 10 7 0.023963021 
467 500 19 19 0.023961874 
964 30 74 87 0.023960318 
761 86 8 13 0.023954455 
224 315 5 5 0.023950422 
316 418 4 4 0.023948506 
427 112 10 12 0.02394449 
795 37 4 8 0.02394305 
330 302 55 47 0.023932364 
802 90 4 6 0.023927966 
420 177 12 11 0.023926836 
114 372 22 19 0.023922581 
53 499 4 5 0.023908423 
927 226 8 13 0.023900472 
236 283 34 27 0.023900267 
835 99 5 11 0.023895023 
913 409 10 9 0.023882192 
800 305 8 10 0.023875974 
825 42 8 12 0.0238589 
435 64 51 47 0.02385314 
400 77 12 12 0.023850527 
818 75 7 9 0.023847569 
688 469 111 107 0.023838947 
348 72 5 5 0.023836011 
381 415 45 45 0.02383382 
887 68 158 218 0.023830282 
333 494 6 6 0.023829209 
418 66 23 28 0.023826292 
795 249 4 6 0.023825074 
479 498 9 9 0.02381536 
218 315 6 5 0.023796521 
837 92 7 15 0.023792952 
572 380 4 3 0.023792109 
164 497 10 8 0.023790797 
414 164 12 11 0.02379064 
59 385 6 5 0.023785967 
647 336 52 51 0.023783028 
466 491 7 8 0.023779709 
781 25 7 10 0.023777716 
96 532 4 5 0.02377002 
397 179 6 7 0.0237665 
12 359 7 6 0.023753738 
78 537 5 7 0.023748662 
802 36 6 9 0.023746312 
542 393 54 43 0.023745103 
785 210 9 11 0.02374429 
226 514 4 5 0.023742238 
147 371 7 6 0.02373352 
230 293 44 44 0.023732262 
293 485 21 25 0.02373201 
239 469 5 4 0.023729743 
926 70 5 6 0.023719996 
291 464 3 4 0.023711324 
109 512 5 6 0.02370935 
619 62 10 10 0.023706237 
801 230 6 8 0.023705876 
256 488 7 5 0.023696586 
529 453 9 8 0.02369311 
472 69 9 9 0.023680694 
432 103 11 14 0.023673948 
825 23 7 12 0.023669334 
172 481 6 6 0.02366466 
557 441 7 6 0.02365512 
139 500 7 5 0.023654938 
12 353 7 5 0.023652172 
799 197 7 8 0.023651892 
382 411 8 7 0.023646362 
369 30 11 10 0.023644106 
308 533 6 5 0.023643997 
763 468 5 5 0.02364288 
1015 1 11 13 0.023637254 
255 493 8 6 0.0236241 
864 56 7 10 0.023621174 
943 174 4 5 0.023621071 
924 270 78 102 0.023619052 
516 484 10 11 0.023618024 
627 63 8 9 0.023617707 
222 543 9 9 0.023612292 
421 395 9 8 0.023608625 
795 103 4 6 0.023601063 
362 151 11 11 0.023590036 
708 312 31 21 0.023586286 
853 302 23 28 0.023580864 
814 49 6 10 0.023577869 
783 -12 24 19 0.0235739 
20 495 4 4 0.023568999 
59 525 5 5 0.023561422 
467 77 8 7 0.02355517 
1008 48 10 11 0.023548707 
793 281 6 9 0.023547387 
819 67 18 27 0.023543466 
382 423 7 7 0.023536187 
170 493 8 6 0.023532955 
410 404 7 6 0.023515051 
779 274 16 24 0.023514803 
153 450 6 4 0.023508506 
855 235 11 10 0.023505375 
933 401 10 11 0.02349971 
41 513 4 5 0.023494516 
415 408 8 7 0.023483774 
117 533 4 5 0.02348084 
163 513 7 6 0.023476515 
794 275 5 7 0.023457425 
801 12 6 8 0.023456834 
894 16 9 13 0.023452932 
282 455 5 5 0.023451813 
123 527 4 5 0.023449445 
617 105 5 4 0.023448981 
411 84 13 10 0.02344166 
675 129 5 5 0.02343211 
543 147 10 8 0.023430286 
275 443 6 6 0.023422725 
168 532 5 4 0.023421114 
875 55 21 35 0.023414077 
750 469 6 5 0.023402017 
736 505 6 6 0.02339306 
859 332 6 7 0.023390342 
335 71 20 24 0.023389798 
520 76 15 16 0.023389114 
410 398 6 5 0.023388049 
347 503 20 22 0.023387924 
250 481 6 5 0.0233826 
116 551 4 6 0.02338174 
950 309 4 6 0.02337923 
884 336 7 11 0.023376577 
175 552 5 4 0.023374502 
153 384 6 5 0.023363614 
832 312 26 28 0.023362707 
442 76 8 8 0.023362158 
238 544 6 6 0.02335946 
203 485 53 57 0.02335712 
212 487 5 5 0.023348939 
950 238 4 6 0.023325771 
137 521 4 4 0.023317948 
239 482 4 4 0.023308896 
749 160 7 7 0.023308592 
276 545 5 5 0.023305252 
516 490 10 11 0.023303486 
486 154 30 31 0.023302319 
801 185 7 8 0.02329878 
335 129 24 26 0.023296297 
441 101 7 8 0.023288395 
803 123 3 5 0.023286043 
611 116 5 4 0.023285434 
419 102 25 29 0.023284506 
455 430 5 5 0.023283942 
160 397 7 5 0.023282388 
195 63 106 108 0.023281544 
838 113 5 9 0.023280242 
462 154 5 6 0.023271682 
781 101 6 10 0.023265786 
155 520 5 5 0.023264378 
755 80 20 32 0.023252383 
420 43 11 10 0.02325103 
1018 9 9 12 0.023250392 
466 504 9 10 0.023244077 
384 441 7 9 0.02323738 
583 417 6 6 0.023213271 
667 404 132 90 0.023212316 
474 466 5 8 0.023211071 
385 467 5 7 0.023204127 
862 -23 19 25 0.023202643 
767 147 9 7 0.02320169 
679 142 6 5 0.023189338 
928 411 7 6 0.023184434 
249 488 7 5 0.02317749 
52 386 5 5 0.023176033 
595 378 7 5 0.023175575 
528 409 9 6 0.023173252 
212 537 6 6 0.02317266 
403 441 8 7 0.02316709 
134 378 7 6 0.023164807 
360 395 24 24 0.023157727 
995 14 12 14 0.023155244 
949 161 4 6 0.023153411 
78 519 5 5 0.023147171 
261 494 7 5 0.023146719 
976 302 25 35 0.023145916 
714 390 56 42 0.023144256 
294 459 20 26 0.023142815 
328 456 5 5 0.02314278 
773 140 8 8 0.023141902 
942 249 19 32 0.023132298 
77 511 86 107 0.023121446 
957 -96 23 22 0.023116231 
21 500 3 4 0.02311479 
398 97 17 14 0.023110704 
747 67 19 30 0.023110403 
830 30 8 12 0.023109179 
296 540 5 5 0.023105612 
886 6 23 32 0.023103658 
541 389 10 7 0.023098994 
201 457 4 4 0.02309195 
15 500 4 4 0.023090623 
416 423 7 5 0.023088792 
122 487 5 4 0.023082444 
191 365 6 6 0.023078416 
686 148 6 5 0.023077652 
402 398 6 7 0.023070749 
71 537 6 8 0.023063643 
454 492 6 8 0.023062004 
283 474 86 81 0.02305984 
763 439 63 47 0.023059683 
14 508 4 4 0.023057299 
789 195 25 26 0.023056047 
529 497 23 25 0.023048805 
101 507 6 5 0.023047721 
308 526 5 6 0.023046372 
274 280 95 84 0.023042144 
921 -3 21 25 0.023037413 
245 469 5 4 0.023034947 
382 38 25 22 0.02303001 
328 404 5 6 0.023025867 
225 493 25 26 0.02301036 
801 295 6 7 0.023010219 
493 389 7 6 0.023006085 
448 511 19 20 0.022993669 
408 442 7 6 0.022993255 
824 339 8 9 0.022990981 
260 543 8 9 0.022989234 
729 153 6 8 0.022979844 
778 145 11 9 0.022979427 
135 404 6 5 0.022978988 
485 158 9 11 0.022978876 
504 217 29 27 0.022972373 
127 504 7 7 0.022968762 
491 469 21 22 0.022965614 
328 506 4 5 0.022958394 
169 13 102 102 0.022957008 
550 99 85 60 0.02295241 
999 235 6 14 0.022950074 
569 402 7 6 0.022947026 
511 171 10 11 0.022946257 
205 550 7 7 0.022946132 
456 230 8 8 0.022945754 
395 445 21 24 0.022942722 
855 97 3 6 0.022937091 
22 513 4 4 0.022935264 
9 489 4 4 0.02292826 
162 520 6 5 0.02292615 
799 2 11 13 0.022922026 
832 237 7 7 0.02292033 
846 0 5 8 0.022917924 
22 508 3 4 0.022917762 
536 123 35 30 0.022910835 
606 96 8 7 0.022904223 
123 482 4 4 0.022901937 
910 372 6 5 0.022899812 
226 482 4 4 0.022897456 
491 484 10 10 0.022894636 
779 57 7 9 0.022889713 
943 168 3 5 0.022883497 
530 270 7 6 0.022879712 
770 494 6 5 0.022868983 
334 481 4 5 0.022865398 
813 230 8 7 0.02286517 
895 88 8 10 0.022846302 
861 0 8 9 0.022825506 
865 347 6 6 0.022824448 
917 123 3 5 0.022817494 
120 275 8 7 0.0228158 
815 156 24 28 0.02281336 
810 61 89 115 0.022809917 
448 174 6 6 0.022807386 
788 26 5 8 0.02280549 
455 90 6 6 0.02280355 
772 198 8 10 0.022801377 
930 199 21 30 0.022796147 
97 551 4 5 0.02279148 
525 409 7 6 0.022786703 
911 24 6 11 0.022784749 
415 171 10 11 0.022781419 
744 488 5 4 0.022781365 
210 512 21 23 0.022780208 
977 504 10 9 0.022767672 
751 214 49 56 0.022762159 
780 140 8 8 0.022760842 
186 365 7 5 0.02276079 
381 144 11 11 0.02275192 
880 68 24 39 0.022750793 
613 123 26 26 0.02274345 
190 492 9 8 0.022737587 
169 498 10 7 0.022731824 
432 180 9 8 0.02272851 
384 427 7 8 0.022720974 
577 386 5 4 0.022718785 
964 5 10 12 0.022712598 
614 385 7 5 0.022705862 
229 466 25 26 0.022700593 
870 184 26 28 0.022697212 
426 67 11 11 0.02269241 
447 497 8 9 0.022690265 
984 504 10 9 0.02268871 
35 500 4 5 0.022684477 
232 482 5 4 0.022681873 
222 88 51 53 0.0226805 
134 306 6 7 0.022677122 
207 457 3 4 0.022670258 
779 -6 10 7 0.022669945 
522 69 27 29 0.022668518 
515 100 11 12 0.022665732 
712 418 30 28 0.022662424 
885 365 6 6 0.02265923 
830 23 8 12 0.022653224 
979 128 8 10 0.022646882 
913 426 24 25 0.0226426 
190 496 10 9 0.022631504 
435 76 8 8 0.022629037 
583 396 7 6 0.02261901 
613 102 24 22 0.022611069 
791 543 24 23 0.022605825 
211 315 6 5 0.022603177 
327 431 5 4 0.022602646 
760 465 22 25 0.022591012 
394 163 3 4 0.022590816 
467 461 116 102 0.022579718 
166 404 8 5 0.022573188 
920 410 9 7 0.022561599 
925 277 21 24 0.022558175 
795 32 5 7 0.022556698 
321 462 5 5 0.022555688 
6 417 6 6 0.02255029 
956 380 26 28 0.02254632 
360 518 20 18 0.022528939 
957 -109 24 21 0.022528633 
811 210 10 9 0.022524929 
199 525 5 5 0.022523751 
458 62 11 10 0.02251737 
488 82 7 7 0.022512507 
784 456 98 94 0.022507496 
544 156 26 28 0.022506777 
315 462 5 5 0.022500707 
779 263 49 59 0.022499887 
631 137 28 25 0.02249194 
924 149 10 13 0.022485062 
497 48 26 27 0.022478346 
866 66 18 32 0.02247491 
419 468 20 19 0.022467745 
221 366 46 50 0.022466486 
366 373 5 5 0.02246187 
900 183 11 12 0.022461379 
175 532 5 4 0.022458777 
407 49 12 10 0.022457263 
783 207 22 28 0.022456065 
651 74 386 325 0.02244763 
362 134 50 59 0.022429863 
809 50 49 58 0.022425352 
33 480 50 51 0.022411676 
462 467 5 6 0.022405885 
345 478 23 23 0.022405552 
345 324 56 54 0.022397693 
457 115 5 7 0.022395058 
531 404 8 6 0.02239079 
668 387 48 39 0.02238669 
757 60 19 28 0.02238654 
454 423 6 5 0.022384234 
796 328 26 25 0.022367414 
397 461 5 6 0.022361476 
755 153 8 7 0.022360342 
243 417 6 5 0.022358444 
883 349 7 10 0.022357522 
768 197 23 25 0.022357108 
372 397 6 7 0.022352945 
243 437 6 5 0.022352507 
368 136 13 14 0.022351982 
877 365 27 22 0.022345703 
788 22 17 27 0.022338586 
326 530 8 9 0.022329062 
973 354 23 25 0.02232705 
794 146 7 8 0.022326007 
515 43 12 10 0.022325821 
31 389 8 7 0.022322392 
509 497 11 10 0.022320937 
451 24 13 10 0.022315132 
830 11 8 12 0.022307485 
878 378 8 7 0.022306964 
316 526 6 6 0.02230054 
802 243 4 7 0.02229547 
449 415 7 6 0.022292476 
315 455 5 4 0.022290152 
423 384 6 5 0.022283277 
646 410 8 7 0.022279164 
782 79 7 10 0.022277862 
265 467 25 24 0.022277262 
789 270 3 6 0.022272632 
166 441 8 6 0.02227259 
148 500 7 5 0.022267846 
503 33 28 26 0.022262862 
774 192 8 8 0.022254705 
782 70 7 9 0.022254342 
258 512 55 44 0.022254253 
290 430 5 4 0.022253487 
550 148 8 8 0.02225315 
618 523 11 9 0.02224912 
636 401 13 9 0.022241263 
302 526 6 6 0.022237629 
13 411 5 6 0.022230078 
889 300 6 8 0.022229848 
481 231 14 15 0.022223635 
359 415 7 8 0.022221154 
629 407 13 10 0.02222074 
522 44 10 8 0.022219194 
60 390 5 5 0.022217192 
824 331 8 9 0.022208838 
408 503 8 10 0.02220215 
485 504 9 8 0.022202026 
779 -21 22 20 0.02219712 
534 72 31 30 0.022195216 
120 403 7 6 0.022192644 
819 36 7 12 0.022190372 
838 63 6 8 0.022187078 
142 475 5 4 0.022183996 
967 10 10 14 0.022181993 
468 466 5 8 0.022178628 
388 137 11 13 0.022178529 
454 222 9 9 0.022172295 
749 352 6 6 0.022171969 
838 -131 247 188 0.022170877 
992 391 29 26 0.02217061 
399 156 5 5 0.022169366 
801 67 19 27 0.022164047 
259 449 4 4 0.022156898 
296 443 5 5 0.022154862 
185 552 6 4 0.022142103 
181 540 5 4 0.022140972 
500 405 6 5 0.022130428 
846 244 7 7 0.022128433 
600 390 8 6 0.022124527 
524 448 7 6 0.022115571 
801 76 5 8 0.0221098 
232 321 6 6 0.022108445 
730 474 7 7 0.022106262 
988 416 32 31 0.022103446 
911 241 8 10 0.022100018 
14 514 4 4 0.02209938 
901 342 10 12 0.02209869 
671 160 9 9 0.022094639 
866 79 41 73 0.022092523 
784 5 11 10 0.022090936 
930 8 23 33 0.022090437 
473 77 7 7 0.022076782 
736 152 7 8 0.022064975 
468 83 7 7 0.022061057 
53 519 5 4 0.02206048 
493 178 7 9 0.022056114 
41 490 4 3 0.02205186 
179 365 6 5 0.022048926 
897 371 6 5 0.022046505 
840 120 4 8 0.022042284 
75 552 7 5 0.022038188 
167 524 7 5 0.022038154 
711 101 189 171 0.022037886 
934 293 7 7 0.022037527 
121 574 8 8 0.022035627 
1013 128 5 9 0.02203108 
950 199 5 6 0.022028342 
244 525 7 6 0.022024691 
301 541 5 4 0.022024555 
109 547 17 27 0.022021545 
171 440 8 6 0.022016313 
340 343 28 24 0.022012455 
840 346 5 7 0.022011258 
806 218 7 8 0.022011165 
10 447 11 9 0.022010576 
117 507 4 6 0.022010257 
684 134 9 7 0.0220066 
950 400 12 12 0.022003861 
142 564 23 25 0.021989986 
818 230 9 8 0.02198473 
815 311 26 23 0.021984039 
219 469 5 4 0.02198334 
180 359 5 5 0.021982802 
903 168 23 28 0.021976652 
843 208 10 11 0.021970863 
993 110 20 35 0.021968776 
862 24 20 33 0.021961113 
819 42 7 12 0.021960119 
743 160 6 7 0.021959735 
830 42 8 12 0.021957213 
839 69 5 9 0.021955615 
900 281 27 30 0.021947375 
485 492 9 9 0.021946331 
747 93 9 14 0.021943418 
1000 383 26 23 0.02193758 
111 570 4 5 0.021937042 
474 84 6 6 0.02193684 
922 423 7 5 0.021930927 
911 214 21 24 0.021914693 
377 397 7 7 0.021910036 
792 191 8 9 0.021906804 
337 506 7 7 0.021902291 
896 151 8 10 0.021899322 
853 187 12 17 0.02189753 
692 403 26 27 0.021890724 
441 442 19 21 0.021890005 
773 221 9 13 0.021888526 
835 337 20 26 0.021885091 
171 519 9 6 0.02188258 
770 468 5 6 0.021881608 
46 539 5 5 0.021875782 
772 109 17 27 0.021865934 
929 391 14 15 0.021859327 
138 527 55 47 0.021857653 
383 432 9 11 0.021853842 
803 20 4 7 0.021852609 
103 254 14 10 0.021838618 
584 391 7 6 0.02183592 
985 218 8 9 0.021833025 
961 160 7 13 0.021832827 
322 303 5 5 0.021829903 
186 372 6 6 0.021826714 
493 486 19 20 0.02182516 
671 148 5 5 0.02182345 
278 272 53 47 0.021822406 
323 29 12 11 0.021816973 
364 48 24 23 0.021815073 
416 106 55 57 0.02181439 
258 468 5 5 0.021812456 
850 -21 18 23 0.02180919 
1010 230 17 35 0.021804338 
901 335 10 13 0.021798857 
505 390 7 5 0.021795437 
794 198 7 8 0.021793526 
806 211 8 8 0.02179054 
767 192 8 8 0.021790104 
336 145 23 23 0.021781834 
938 -1 24 25 0.021779435 
39 371 6 6 0.021776494 
120 579 11 11 0.021766232 
35 507 4 4 0.021762267 
110 507 5 6 0.02176187 
943 50 25 35 0.021759598 
327 542 7 8 0.02175393 
487 173 6 7 0.02175256 
639 151 9 10 0.021744119 
400 161 28 32 0.02173619 
991 153 19 30 0.021732012 
155 470 5 4 0.021728016 
876 221 9 10 0.02172446 
290 437 5 4 0.021723565 
625 523 10 9 0.02172256 
406 218 37 28 0.021718528 
498 171 9 10 0.021717299 
791 75 6 9 0.021715878 
385 396 7 8 0.02171132 
1019 396 6 9 0.021701522 
146 580 10 9 0.021701023 
258 425 4 4 0.021700837 
178 379 7 5 0.021698637 
816 5 20 30 0.021694778 
433 192 9 8 0.021690862 
773 15 20 30 0.021680579 
640 88 8 8 0.021675203 
997 -15 24 26 0.021671778 
160 289 6 5 0.02166441 
675 131 25 24 0.02166128 
444 174 6 6 0.021657025 
345 440 6 7 0.021652985 
290 425 5 4 0.021649256 
372 437 23 33 0.021649191 
1010 157 17 27 0.021649 
959 416 8 8 0.021634081 
824 143 24 29 0.021632502 
421 449 22 22 0.021613685 
744 494 6 5 0.021611547 
914 237 8 9 0.021609617 
774 108 6 10 0.021605615 
784 236 4 7 0.021599876 
942 423 15 14 0.0215985 
343 138 11 12 0.021589888 
521 337 63 49 0.021587184 
450 110 5 5 0.021583851 
885 357 6 8 0.021581717 
165 282 6 5 0.021571236 
950 168 3 5 0.021562515 
880 333 20 32 0.021561705 
518 28 27 24 0.021561136 
778 207 10 13 0.021556498 
422 424 7 5 0.021554273 
97 545 4 5 0.02155395 
718 360 126 90 0.021552838 
929 435 6 5 0.02155122 
903 87 7 11 0.021550747 
393 68 13 11 0.021544913 
728 326 8 6 0.021540074 
565 403 6 5 0.021538727 
186 545 6 5 0.021536097 
195 314 51 50 0.021535702 
836 203 11 10 0.021533405 
803 24 5 9 0.021530656 
226 469 4 5 0.021519078 
343 30 11 10 0.021516336 
164 481 7 6 0.021505933 
239 476 5 4 0.02150544 
529 478 10 10 0.021495877 
800 191 7 9 0.02149502 
394 49 12 10 0.021492949 
787 261 4 8 0.021489251 
104 563 4 6 0.021476692 
814 270 7 6 0.021476392 
304 431 3 4 0.021471452 
258 463 4 4 0.021464651 
808 230 7 7 0.021454949 
140 392 5 5 0.021449272 
219 487 4 5 0.021448286 
392 462 4 5 0.02144285 
840 340 5 6 0.02144175 
302 463 3 3 0.02143903 
411 223 10 9 0.021438327 
621 385 6 5 0.021430476 
323 24 12 10 0.021429725 
619 49 10 10 0.021428633 
537 448 8 8 0.021427572 
263 429 7 5 0.021425152 
381 30 13 10 0.021421127 
161 385 5 5 0.021418221 
516 513 22 21 0.021410707 
903 254 32 27 0.021409502 
409 179 9 9 0.021409163 
788 126 6 8 0.021407153 
356 499 19 19 0.021405768 
414 143 11 10 0.021399917 
501 386 6 5 0.021399528 
940 259 6 10 0.02139595 
566 87 14 12 0.02138643 
400 67 13 12 0.021382866 
870 214 10 11 0.021371454 
785 549 9 8 0.021369586 
870 207 9 10 0.021369515 
369 18 11 8 0.021362389 
754 536 9 9 0.021348014 
917 435 5 5 0.021343848 
155 360 5 4 0.021340277 
375 30 12 10 0.021337772 
473 491 7 8 0.021332765 
736 494 6 5 0.021330083 
866 70 5 8 0.021319384 
827 127 4 7 0.02131708 
737 468 6 7 0.021315454 
614 132 9 9 0.021314593 
382 394 24 24 0.021300543 
279 529 25 23 0.021294016 
167 519 8 6 0.021291949 
645 56 10 10 0.021291036 
97 558 4 6 0.021287313 
869 332 6 8 0.021286666 
114 564 23 25 0.021286584 
831 154 25 29 0.021278039 
413 56 11 10 0.021275869 
985 227 20 40 0.021265484 
110 518 5 5 0.02124346 
919 141 18 25 0.021232316 
385 69 14 12 0.021230401 
784 -7 11 8 0.021227153 
766 -21 22 20 0.021224448 
620 57 9 9 0.021223359 
524 178 10 10 0.021221515 
344 511 6 8 0.021221183 
491 504 9 8 0.02121949 
199 507 6 5 0.021219287 
140 422 8 7 0.021206778 
525 379 6 5 0.021206662 
917 394 13 12 0.021204615 
498 57 8 8 0.02119863 
517 466 8 8 0.021197358 
243 331 7 7 0.021196863 
40 506 5 5 0.02118574 
801 70 5 8 0.02118505 
851 224 8 8 0.021182405 
528 149 13 13 0.021181766 
777 332 5 7 0.021173082 
822 216 12 10 0.021170039 
128 478 54 44 0.021167235 
212 365 6 5 0.021165786 
568 536 10 10 0.021162601 
742 152 6 7 0.021161174 
1001 161 19 29 0.021158932 
148 380 6 5 0.021156374 
309 309 6 5 0.021151412 
362 24 11 9 0.021143667 
320 524 6 7 0.02113763 
432 185 9 8 0.021136569 
147 428 9 7 0.02113446 
907 358 10 9 0.021134371 
706 280 24 23 0.021133527 
335 506 20 23 0.021131597 
730 479 7 8 0.021129457 
427 186 32 26 0.021128405 
951 -4 22 24 0.021126853 
571 518 7 7 0.021124875 
179 487 7 6 0.021093508 
866 63 5 9 0.021093452 
110 526 4 5 0.02109049 
141 347 6 5 0.021085393 
999 253 6 10 0.021085324 
374 403 23 23 0.021076204 
590 431 5 5 0.02107516 
895 135 71 89 0.021073073 
406 30 13 9 0.0210709 
950 393 12 12 0.021062737 
801 276 6 7 0.021050928 
923 437 5 5 0.021046575 
723 499 8 7 0.021043044 
863 223 10 9 0.021042926 
193 552 7 5 0.02103899 
513 390 6 5 0.0210368 
248 439 49 53 0.021029038 
785 115 20 31 0.021026876 
414 416 9 8 0.02102686 
341 391 4 5 0.021026459 
555 154 8 6 0.021024302 
172 397 8 5 0.02102097 
388 465 23 25 0.02101848 
950 224 4 7 0.021015562 
218 321 5 6 0.021013238 
605 90 26 26 0.02101031 
894 102 24 36 0.021006376 
465 69 10 9 0.021006156 
462 149 5 6 0.02100334 
457 69 25 23 0.020999905 
729 486 8 7 0.0209992 
914 383 9 7 0.020996744 
210 556 9 8 0.020994226 
128 377 8 6 0.020993048 
795 339 6 6 0.02099174 
634 411 30 25 0.020989604 
237 321 7 6 0.02098498 
849 216 10 10 0.02098471 
663 388 12 11 0.020983241 
321 417 5 5 0.020977894 
351 416 7 7 0.02096997 
471 62 10 10 0.020961294 
154 461 6 5 0.020959387 
806 55 7 10 0.020958068 
767 153 9 7 0.020955624 
820 269 6 7 0.020953668 
153 455 7 4 0.020947875 
818 237 9 9 0.020945493 
524 452 8 8 0.020945301 
60 533 4 5 0.020944852 
813 215 30 28 0.020941865 
348 409 74 81 0.020941382 
356 130 12 14 0.0209344 
827 88 5 9 0.020933596 
334 415 6 7 0.02093258 
375 433 9 10 0.020931475 
220 374 4 4 0.02093081 
923 158 7 8 0.020927997 
999 179 6 8 0.020927202 
379 161 6 7 0.020924387 
385 366 6 5 0.020920457 
602 116 6 6 0.020911012 
194 476 4 4 0.020907864 
560 380 4 4 0.020905225 
485 323 26 25 0.02090151 
423 83 22 26 0.020890487 
427 56 9 9 0.020889275 
607 376 9 7 0.020889249 
102 570 5 7 0.020884173 
832 267 10 9 0.020878496 
121 263 21 21 0.02087783 
582 423 7 6 0.020876393 
965 408 10 10 0.020872844 
657 164 11 11 0.02087199 
356 86 12 14 0.020866713 
805 145 8 9 0.020864926 
328 411 5 4 0.020861827 
469 466 17 24 0.020861294 
463 481 5 6 0.020859117 
394 168 4 5 0.020858979 
917 129 4 5 0.020855196 
29 495 3 4 0.020855134 
887 355 25 25 0.020854082 
339 65 6 6 0.020853044 
890 342 64 51 0.020847032 
680 135 6 6 0.02084698 
375 18 11 8 0.02084337 
433 448 20 20 0.0208409 
992 64 23 26 0.02083695 
724 228 6 9 0.020833047 
406 37 25 21 0.020832706 
788 222 6 10 0.020830816 
990 256 7 10 0.020824976 
410 172 8 10 0.020823635 
838 238 7 6 0.020822216 
509 454 20 20 0.020821407 
853 340 5 6 0.020811597 
111 451 62 47 0.020810757 
632 384 7 6 0.020809906 
181 526 5 4 0.02080838 
194 532 5 5 0.02080669 
967 416 7 7 0.020797206 
757 468 5 6 0.020795764 
195 526 5 4 0.020794285 
193 545 6 5 0.020793598 
479 491 8 9 0.020790348 
186 353 6 5 0.020788332 
-3 198 40 79 0.02078016 
431 94 11 13 0.020766754 
372 133 28 29 0.020761976 
198 431 5 5 0.020756401 
798 203 8 10 0.020751998 
1010 396 9 8 0.020748872 
910 430 6 5 0.020746227 
443 109 6 8 0.020741286 
793 217 6 9 0.020736532 
413 49 12 10 0.020736283 
276 551 5 5 0.020735549 
201 462 3 4 0.02073534 
339 396 7 7 0.02073511 
178 493 8 6 0.020730574 
443 83 7 7 0.020722425 
308 430 5 4 0.020722277 
490 77 26 25 0.020720989 
289 533 5 5 0.020720525 
394 30 13 10 0.020719953 
450 423 6 5 0.020718362 
91 512 39 51 0.020714303 
1014 69 5 7 0.020713082 
806 48 7 11 0.020711768 
165 410 7 5 0.020709343 
474 37 104 91 0.02070296 
139 385 6 4 0.020697493 
351 422 7 8 0.02069689 
510 49 10 10 0.020696117 
939 42 9 10 0.020694414 
749 153 7 7 0.020692801 
853 241 15 12 0.020692542 
835 179 26 29 0.020690253 
929 360 14 12 0.02068588 
757 500 5 5 0.020679038 
995 406 12 11 0.020677667 
426 88 10 12 0.02067619 
113 580 11 11 0.020675408 
794 141 6 7 0.020674393 
678 128 8 6 0.020671122 
63 518 41 53 0.020665562 
998 243 6 14 0.020665398 
595 424 6 5 0.020660687 
944 400 10 11 0.020659035 
380 136 13 13 0.020658864 
613 522 56 49 0.020658296 
337 402 8 8 0.020642957 
896 288 7 8 0.020636028 
21 489 4 4 0.02063408 
628 384 8 6 0.02063314 
844 230 8 8 0.020630337 
835 215 11 10 0.020627555 
859 340 5 6 0.020622682 
198 398 48 46 0.020622415 
671 153 7 7 0.02061972 
485 485 8 8 0.02061959 
917 65 4 6 0.020619012 
802 282 5 7 0.020617865 
831 0 7 9 0.020616699 
141 569 5 6 0.020614404 
510 163 12 13 0.020612366 
390 366 7 5 0.020611934 
550 110 32 32 0.02061049 
134 504 7 6 0.020610394 
805 185 9 9 0.020602724 
831 121 5 7 0.02060262 
956 -92 13 13 0.02060183 
433 111 22 29 0.020600732 
381 425 21 26 0.020600237 
938 280 7 10 0.020599289 
1019 57 6 8 0.02059823 
634 63 7 8 0.020594947 
518 397 6 5 0.020592019 
429 489 20 23 0.020591922 
326 87 43 53 0.020590222 
425 30 13 10 0.020584889 
346 475 5 5 0.020578073 
438 497 9 9 0.0205748 
613 523 9 9 0.020573039 
397 46 111 103 0.020571563 
916 373 6 5 0.020570502 
604 138 13 13 0.020570453 
361 359 119 95 0.020568462 
334 449 4 6 0.020565448 
838 57 6 8 0.020559538 
942 251 4 8 0.02055754 
504 386 6 4 0.02055521 
419 102 12 14 0.020552633 
989 3 15 13 0.020550115 
403 463 48 47 0.020543804 
653 326 95 83 0.020543447 
37 384 8 7 0.020542871 
133 573 8 9 0.020539781 
685 418 61 47 0.020534927 
494 418 6 4 0.02053254 
846 237 8 8 0.020529099 
22 389 9 8 0.020527452 
525 405 6 5 0.020521468 
628 369 12 11 0.020519841 
116 402 7 6 0.020518892 
808 140 5 6 0.020514501 
20 462 7 6 0.020513766 
446 0 115 81 0.020510836 
887 325 8 11 0.020510238 
226 506 5 6 0.020510012 
950 244 4 6 0.020509714 
526 268 7 7 0.020507319 
108 377 7 7 0.020507004 
223 325 8 6 0.020503465 
806 43 7 11 0.02049978 
707 406 14 13 0.020498749 
640 63 7 9 0.020495763 
922 417 7 6 0.020490732 
860 77 5 8 0.020489717 
793 186 8 7 0.020488052 
660 404 25 25 0.020477485 
901 17 43 56 0.020467417 
179 353 6 5 0.02046559 
761 494 6 4 0.020464871 
766 150 27 23 0.020462641 
923 275 7 7 0.020458719 
263 481 5 4 0.020458428 
619 27 31 27 0.02045588 
426 43 11 10 0.020450925 
182 545 29 25 0.020450378 
481 493 18 19 0.02044827 
516 170 12 12 0.0204463 
434 113 8 11 0.020440834 
710 482 55 54 0.020434394 
159 428 8 6 0.02043292 
862 40 9 16 0.020428056 
452 516 11 10 0.020415628 
169 507 11 7 0.020405741 
808 269 6 8 0.020404981 
768 35 8 13 0.020402014 
362 431 12 12 0.020398175 
587 409 7 6 0.020397112 
330 30 11 10 0.02039678 
207 488 4 4 0.020391982 
756 462 6 6 0.020389033 
128 400 6 4 0.020388775 
729 504 7 7 0.020386558 
724 184 20 27 0.020384412 
787 292 6 9 0.020383578 
352 353 7 6 0.020382198 
735 500 7 6 0.020380765 
919 402 10 10 0.02037268 
392 455 5 6 0.020369941 
321 520 21 24 0.020369668 
383 403 7 7 0.020365689 
664 154 24 22 0.020360563 
902 288 8 7 0.02035781 
828 103 4 7 0.020355811 
804 196 10 10 0.020353382 
500 90 27 31 0.020336308 
724 185 7 9 0.020335592 
464 62 11 10 0.020335082 
184 505 8 7 0.0203301 
792 -22 21 22 0.020327648 
979 610 63 66 0.020327339 
950 407 11 13 0.020326236 
852 63 20 33 0.020325992 
512 386 5 4 0.020324266 
243 357 6 6 0.020319767 
10 285 121 113 0.020318614 
213 352 5 5 0.020317879 
28 540 3 3 0.02031647 
433 436 21 20 0.020315994 
352 409 23 23 0.020311989 
364 410 24 20 0.020310301 
768 499 7 6 0.020306293 
315 451 5 4 0.020301785 
278 490 21 23 0.020301137 
913 123 3 6 0.02030096 
723 474 8 7 0.020295292 
420 421 106 94 0.020293087 
195 512 23 23 0.020287655 
910 18 6 9 0.020281876 
715 112 46 51 0.020280693 
395 403 22 21 0.020275583 
973 364 8 8 0.020275429 
862 188 12 16 0.02027009 
755 44 8 13 0.020268187 
766 203 8 10 0.020267626 
47 526 5 6 0.020266054 
948 154 5 7 0.020263616 
599 82 11 10 0.02026303 
282 422 6 5 0.020262139 
336 136 12 14 0.020261034 
955 608 115 123 0.02026017 
578 131 27 32 0.020257875 
743 402 55 40 0.0202564 
370 24 26 21 0.02025492 
24 371 8 7 0.020248342 
936 2 38 51 0.020247813 
392 105 16 13 0.020246133 
149 544 21 23 0.02024611 
454 211 7 7 0.02024432 
666 109 7 6 0.020244204 
1 505 4 7 0.020243097 
187 528 4 3 0.020241145 
743 469 6 6 0.020237528 
84 544 5 5 0.020235227 
877 74 6 11 0.020225104 
991 125 12 16 0.020223802 
369 24 11 9 0.020220593 
964 104 29 29 0.020218424 
838 284 34 32 0.020217065 
792 87 45 59 0.020216161 
418 378 5 5 0.02021569 
760 -6 22 18 0.020210674 
357 37 24 23 0.020210348 
237 404 5 6 0.020205576 
26 424 5 5 0.020201886 
942 124 18 31 0.020201087 
851 75 6 10 0.02019499 
1016 40 9 14 0.02019071 
676 380 12 10 0.0201893 
240 322 46 50 0.020179257 
375 452 8 10 0.020176196 
446 216 9 9 0.020174084 
464 141 27 30 0.02017088 
489 423 5 5 0.02016825 
639 385 9 7 0.020167973 
356 24 11 9 0.020167887 
207 379 4 4 0.020166202 
572 110 27 26 0.020162268 
497 503 10 10 0.020158675 
7 512 5 6 0.020157244 
195 456 4 4 0.020157158 
830 339 7 7 0.020142386 
22 540 3 4 0.020139268 
943 244 4 7 0.020137133 
133 430 23 19 0.02013652 
413 66 12 12 0.020135904 
940 50 7 9 0.020128524 
944 409 11 13 0.020126626 
406 24 13 9 0.020119065 
463 234 13 14 0.020118924 
339 439 7 8 0.020112194 
794 359 6 6 0.020110607 
828 262 6 7 0.020109227 
812 339 8 7 0.020108646 
610 121 7 7 0.020107768 
695 497 10 10 0.020107139 
756 136 6 6 0.020095738 
862 229 10 10 0.020093897 
772 478 30 23 0.020091774 
881 371 9 7 0.020088987 
51 525 5 6 0.020079955 
787 231 5 8 0.020077003 
14 481 4 4 0.020071847 
173 524 6 4 0.020067047 
385 360 5 5 0.020063082 
168 462 6 5 0.020053715 
935 161 74 110 0.02004967 
232 477 4 4 0.02004865 
8 363 6 7 0.020046389 
338 58 22 24 0.020044057 
674 399 11 12 0.020042777 
476 450 17 20 0.020042492 
930 290 22 28 0.020033414 
232 469 4 4 0.02002864 
783 168 27 26 0.020002058 
