39_Ice_Skating_iceskiing_39_819
228
283 262 82 106 0.99809307 
697 682 50 59 0.33797002 
408 466 101 124 0.23585495 
286 306 326 352 0.14843743 
726 289 23 29 0.1313149 
255 24 363 359 0.09894029 
554 410 44 67 0.09811 
667 707 22 26 0.09010978 
611 537 357 378 0.07022815 
889 883 36 49 0.06458245 
727 672 26 35 0.062842175 
407 495 61 58 0.06123485 
593 463 82 106 0.055719987 
620 610 44 77 0.051019687 
760 710 12 18 0.04729114 
865 873 32 25 0.046747055 
371 489 88 122 0.04626523 
351 568 91 101 0.0450997 
718 312 42 51 0.04431234 
701 270 71 84 0.0437024 
833 799 11 12 0.04298907 
789 900 12 16 0.041752737 
633 226 397 500 0.040808354 
722 695 27 34 0.040215824 
826 895 15 18 0.038005915 
419 261 22 25 0.037510797 
404 578 41 52 0.037350316 
717 279 23 30 0.03698984 
818 865 9 10 0.036919586 
719 728 94 79 0.036593925 
422 163 14 13 0.035449773 
745 679 23 28 0.035258975 
841 885 21 27 0.034982257 
525 433 22 39 0.034903087 
754 686 11 14 0.033839036 
763 750 25 23 0.033496786 
859 891 28 36 0.033364974 
741 709 8 11 0.03226912 
813 892 25 28 0.032213543 
290 11 57 53 0.031818677 
375 520 45 71 0.031722214 
844 855 76 73 0.03163871 
383 260 89 94 0.031427898 
734 706 10 13 0.031203754 
799 880 97 103 0.030784141 
833 882 48 51 0.03061073 
820 929 27 30 0.030497402 
730 679 44 57 0.030438945 
716 301 28 35 0.030246727 
733 694 12 15 0.029845782 
433 529 62 86 0.029196102 
814 907 22 31 0.029135127 
424 503 30 30 0.02893994 
640 613 53 65 0.02885943 
747 687 11 15 0.028786426 
728 266 24 33 0.028663157 
728 712 23 29 0.028487299 
747 732 26 26 0.028254542 
954 4 60 74 0.028142013 
455 901 63 57 0.027867142 
424 568 49 64 0.027850555 
749 709 23 29 0.027641207 
294 124 96 142 0.0276317 
772 907 9 12 0.026915101 
737 304 22 33 0.026882563 
391 561 21 37 0.026879802 
679 332 90 100 0.026723834 
644 622 89 101 0.026531436 
521 426 188 192 0.026452854 
666 350 47 56 0.026432812 
720 701 13 16 0.026397312 
400 906 101 98 0.026272606 
738 687 12 16 0.026262056 
747 869 100 103 0.026230073 
723 337 26 31 0.026184566 
753 737 52 43 0.026176227 
725 315 14 19 0.026172388 
618 567 195 200 0.026133548 
738 258 18 27 0.025976786 
376 603 25 28 0.02588708 
958 73 11 14 0.025834465 
471 310 26 37 0.02565572 
784 871 19 28 0.02564497 
719 706 53 57 0.025635883 
748 305 8 12 0.025281582 
809 895 48 51 0.025254695 
762 679 5 8 0.02520629 
403 526 25 34 0.025162252 
768 908 8 11 0.025143625 
388 591 10 16 0.025141353 
596 313 95 100 0.025115501 
877 857 25 29 0.025071941 
734 348 24 33 0.025060695 
402 283 42 50 0.025014611 
811 848 22 25 0.024951085 
859 834 29 30 0.024802253 
-10 -7 214 209 0.024733989 
847 830 11 15 0.024416046 
715 282 12 17 0.024274686 
481 285 26 34 0.024171965 
828 881 12 15 0.024156077 
791 869 9 15 0.024111211 
829 918 11 14 0.024098413 
753 672 8 9 0.023983901 
663 561 12 15 0.023977991 
697 639 78 88 0.023949182 
654 380 103 104 0.02392515 
877 839 25 30 0.02391357 
953 311 65 111 0.023905504 
470 289 21 33 0.02386981 
30 831 195 233 0.023840569 
550 383 20 25 0.02382061 
759 684 8 11 0.023805164 
933 15 25 35 0.023691654 
805 863 47 54 0.023653584 
722 347 11 16 0.023638431 
516 445 23 38 0.023630377 
727 700 12 14 0.023612311 
327 454 104 118 0.023567658 
531 479 42 64 0.023533942 
301 860 104 100 0.023522263 
515 426 69 103 0.023505291 
680 270 49 62 0.023401178 
746 703 10 13 0.023396596 
559 417 93 112 0.02337783 
440 239 24 28 0.023304738 
889 865 8 9 0.023255453 
279 445 434 522 0.023241293 
702 285 25 34 0.023189569 
708 317 25 34 0.023167524 
388 607 9 12 0.023117052 
680 704 23 31 0.023103455 
598 567 91 127 0.022745011 
809 927 24 31 0.022742312 
762 287 7 10 0.022727447 
748 299 8 12 0.022684416 
738 309 11 16 0.022636387 
752 693 11 15 0.022569679 
436 200 5 7 0.02255583 
908 846 22 26 0.022507062 
886 885 13 16 0.022503797 
792 904 23 30 0.022483993 
781 893 50 56 0.022471538 
738 333 25 30 0.02243031 
777 865 43 50 0.0223733 
828 904 12 17 0.022333905 
878 891 15 17 0.02221276 
405 603 24 26 0.022142902 
744 680 11 14 0.022114815 
606 516 94 101 0.022112418 
708 616 24 24 0.02210679 
770 732 14 15 0.0220863 
787 756 22 24 0.022079071 
419 173 22 31 0.022052107 
557 489 37 64 0.022049619 
429 265 28 33 0.022022035 
721 717 11 15 0.021989953 
648 690 41 50 0.021944264 
659 599 51 56 0.021907888 
525 -22 417 388 0.021798441 
720 247 10 14 0.021767968 
804 857 8 11 0.02175668 
835 906 11 15 0.021740926 
411 569 25 34 0.021663163 
649 304 49 54 0.021647211 
791 886 11 15 0.021633718 
730 636 24 29 0.021628575 
720 148 113 140 0.021586038 
544 476 22 34 0.021470614 
322 182 183 226 0.021364065 
416 220 42 49 0.021331295 
803 895 12 14 0.021319773 
879 862 12 13 0.021296961 
769 667 6 8 0.021203833 
842 927 49 66 0.02114962 
396 588 10 16 0.021148877 
922 724 43 51 0.02113744 
745 289 21 30 0.021122985 
526 442 36 55 0.021098938 
727 714 10 13 0.021086516 
371 551 24 33 0.021081643 
766 286 9 11 0.021073556 
745 330 12 17 0.02106486 
20 497 482 535 0.021062303 
748 641 7 9 0.021041702 
895 848 22 29 0.02101283 
777 900 19 25 0.021010112 
665 383 43 45 0.02099179 
873 856 13 14 0.020985292 
428 543 26 35 0.02097973 
356 617 52 71 0.020961227 
462 439 95 124 0.02091792 
716 350 9 13 0.020905904 
444 537 7 10 0.020824434 
443 200 5 7 0.02079168 
710 335 25 36 0.02074089 
709 343 9 15 0.020735966 
429 199 5 8 0.020706365 
431 274 13 19 0.020702636 
742 900 22 27 0.02069682 
762 653 6 7 0.020625945 
914 815 6 8 0.020573504 
664 647 11 15 0.020548096 
924 770 28 32 0.0205266 
708 669 33 33 0.020454444 
816 856 11 12 0.02039114 
798 856 9 13 0.020335296 
797 876 10 18 0.02028921 
705 641 30 31 0.020281898 
702 748 26 31 0.020270659 
429 205 5 9 0.020259865 
732 752 27 33 0.020244274 
443 193 6 8 0.02024006 
690 770 22 31 0.020224953 
852 663 94 98 0.020222008 
789 909 12 17 0.02018423 
628 380 45 47 0.020160183 
370 556 8 11 0.020132426 
740 752 11 14 0.02012647 
398 475 5 6 0.020125652 
664 891 32 61 0.020116715 
374 585 11 18 0.020100752 
664 312 9 13 0.020096049 
759 694 10 13 0.020081207 
762 308 6 9 0.020073641 
744 260 10 15 0.020073397 
747 291 8 13 0.020026209 
755 642 7 7 0.02002041 
