39_Ice_Skating_Ice_Skating_39_44
98
403 105 85 128 0.99933857 
787 41 52 68 0.17771745 
915 93 7 14 0.13683242 
55 86 144 123 0.13371292 
545 393 11 14 0.13180722 
543 114 50 65 0.12288997 
298 75 20 25 0.1029292 
76 350 42 61 0.09391587 
705 372 143 102 0.065322295 
295 0 24 23 0.056027595 
510 96 75 119 0.053789914 
614 118 357 441 0.0464161 
909 92 21 36 0.04392701 
106 102 30 35 0.042541847 
141 127 17 22 0.03921897 
860 131 27 27 0.03748544 
461 935 44 80 0.036975026 
432 996 105 104 0.03546791 
568 124 29 39 0.035128873 
845 395 59 56 0.034625247 
558 95 32 50 0.033593547 
65 382 12 18 0.03200323 
784 21 105 121 0.031861357 
791 394 82 61 0.03133163 
900 394 71 56 0.030966125 
91 103 22 28 0.029616851 
73 355 24 34 0.029579177 
559 148 30 42 0.029052095 
73 369 12 20 0.028995516 
473 -2 51 51 0.02826348 
279 61 46 63 0.027792608 
496 823 95 126 0.027330145 
521 382 12 17 0.026545664 
921 85 55 66 0.026264392 
738 363 67 73 0.026217543 
70 374 28 42 0.0261473 
340 58 20 36 0.025819626 
759 288 55 66 0.025721842 
853 144 26 27 0.025315093 
73 382 12 19 0.025038516 
867 143 13 11 0.024787761 
579 407 14 17 0.024689952 
946 110 26 36 0.02467326 
28 327 84 123 0.02436982 
-63 -2 92 153 0.024367925 
116 123 77 66 0.024367264 
1037 2 59 57 0.024190934 
888 368 14 17 0.024151346 
46 364 25 40 0.024125515 
105 80 32 39 0.023975857 
87 149 32 29 0.023661736 
56 381 12 22 0.023621643 
967 107 28 35 0.023581985 
916 103 11 19 0.023459656 
439 559 197 302 0.023451528 
881 354 26 31 0.023369754 
578 141 27 38 0.023175769 
465 974 55 68 0.023149412 
724 17 110 121 0.02303982 
816 157 12 13 0.02290784 
477 1043 70 59 0.02271386 
486 23 52 63 0.022709899 
946 135 24 38 0.022626627 
528 980 43 80 0.02262356 
495 429 9 12 0.022587059 
557 411 9 13 0.022504386 
679 133 22 31 0.02234356 
694 132 23 32 0.022228409 
534 261 24 36 0.02214123 
312 253 28 27 0.021615716 
107 143 29 33 0.021587448 
647 181 15 19 0.021518685 
892 390 36 40 0.021449883 
255 171 23 31 0.021362687 
458 0 34 26 0.021332014 
678 106 11 13 0.021231571 
525 401 9 12 0.021193346 
567 393 11 16 0.021164045 
874 143 13 13 0.021115128 
721 302 52 65 0.021061588 
896 375 13 15 0.020845316 
55 377 27 38 0.020757662 
697 177 15 15 0.020609269 
240 23 97 153 0.020566782 
105 123 30 28 0.020554163 
887 82 45 64 0.020510616 
562 392 11 14 0.020479225 
135 133 27 37 0.020423764 
403 57 7 9 0.02040761 
922 84 27 40 0.020391248 
935 123 27 37 0.020390641 
456 92 95 132 0.020348843 
615 177 22 29 0.02027284 
758 165 11 12 0.020267198 
699 141 13 16 0.020223308 
247 157 23 29 0.020137215 
642 196 22 35 0.0201118 
838 57 100 125 0.020058813 
