39_Ice_Skating_iceskiing_39_310
121
427 223 46 43 0.9979286 
189 158 34 44 0.92408764 
118 226 47 49 0.9115136 
429 133 27 30 0.19405223 
343 252 24 31 0.13264555 
711 358 56 49 0.07621638 
600 320 50 48 0.06532874 
96 214 43 50 0.051314734 
364 266 18 30 0.048564404 
676 338 57 51 0.047469392 
-49 -154 202 162 0.043242212 
723 347 18 17 0.041454494 
145 231 25 35 0.04141791 
88 223 21 33 0.040065438 
435 140 11 15 0.038996138 
651 324 48 45 0.037452925 
932 476 33 24 0.0366224 
259 312 29 34 0.036563378 
143 233 14 20 0.036495816 
326 302 44 53 0.036186527 
422 117 21 29 0.036175523 
315 253 37 43 0.035178635 
735 351 28 32 0.03450233 
669 360 114 83 0.03359015 
672 322 21 23 0.033400487 
286 251 42 41 0.033255972 
466 145 6 7 0.033061903 
627 313 45 43 0.03212872 
741 385 24 29 0.031558108 
473 190 7 12 0.031478345 
379 263 26 23 0.03144676 
706 365 13 16 0.03080795 
638 366 29 33 0.030716622 
437 149 22 28 0.030425552 
462 146 7 8 0.029883707 
618 335 54 55 0.02985987 
226 298 30 24 0.029747354 
291 320 11 14 0.029465768 
225 289 95 79 0.029309062 
722 426 30 28 0.029164892 
939 491 32 27 0.029040175 
705 344 31 30 0.028970128 
261 250 45 37 0.028523372 
426 132 14 19 0.02830556 
747 370 11 14 0.02802609 
766 337 25 21 0.02801468 
920 486 32 26 0.027536336 
441 142 15 17 0.027330223 
643 350 53 52 0.026819604 
263 490 38 62 0.026093919 
715 366 11 15 0.026064727 
467 141 5 6 0.026043795 
771 323 12 10 0.025932224 
116 156 26 26 0.025685165 
670 326 12 16 0.02541455 
689 370 443 273 0.025266185 
354 266 13 19 0.025177188 
280 289 46 51 0.025089031 
292 311 25 32 0.024991756 
419 114 12 21 0.02457526 
271 318 12 18 0.024506668 
299 310 10 14 0.02445391 
706 322 16 12 0.02432762 
224 368 494 333 0.024226308 
156 237 13 20 0.024135668 
727 378 13 14 0.024035797 
752 360 12 14 0.02382164 
107 215 8 11 0.023820788 
873 362 13 13 0.023700094 
155 166 6 6 0.023686495 
275 402 32 27 0.023563446 
300 320 10 14 0.023502097 
945 486 56 41 0.02325664 
449 160 14 17 0.02323186 
760 328 24 22 0.023012187 
949 483 32 24 0.022957211 
665 321 10 14 0.022937506 
686 327 13 15 0.022835532 
672 315 16 17 0.022790637 
752 379 10 14 0.022718225 
718 384 38 32 0.022554692 
720 378 12 15 0.022550752 
275 299 26 33 0.022484425 
470 272 45 58 0.022359904 
963 405 44 51 0.022260567 
463 139 6 7 0.022148473 
696 358 29 35 0.021972021 
443 165 13 18 0.021874743 
772 488 98 90 0.02182808 
751 322 15 13 0.021756379 
948 383 26 20 0.021654889 
299 393 26 30 0.021590171 
961 461 31 26 0.021505317 
340 274 37 59 0.021427521 
292 280 29 28 0.021405455 
767 389 28 22 0.021324115 
246 303 28 30 0.021313543 
697 323 26 24 0.021276606 
738 315 15 13 0.021269878 
16 138 400 358 0.021167712 
678 330 29 32 0.021148663 
738 348 13 15 0.021139415 
712 333 52 38 0.021079164 
88 172 89 103 0.021078642 
759 309 13 11 0.021040618 
450 139 21 23 0.021025134 
655 370 24 34 0.021021983 
696 304 22 20 0.021007877 
751 337 25 22 0.020948539 
116 142 28 24 0.020872762 
269 287 28 27 0.02069829 
736 414 26 28 0.020607736 
966 503 25 31 0.020519387 
130 243 16 17 0.020409618 
718 334 26 22 0.020402204 
723 407 29 28 0.020307194 
786 331 11 9 0.020270007 
689 312 22 20 0.020237619 
748 344 10 10 0.020143446 
705 353 15 17 0.020088945 
925 496 10 10 0.020023383 
