39_Ice_Skating_Ice_Skating_39_362
23
236 481 69 109 0.9994205 
728 561 74 116 0.9986676 
398 651 58 51 0.2864691 
206 525 36 42 0.050045915 
624 951 103 185 0.041316994 
609 769 469 661 0.036773488 
596 1112 69 120 0.034826092 
232 50 481 452 0.0330205 
391 675 46 41 0.027960526 
390 690 20 24 0.026023192 
-288 8 248 282 0.025652226 
672 132 140 120 0.025576215 
331 138 153 170 0.02516921 
605 153 48 65 0.025013063 
480 199 16 14 0.024788484 
662 153 20 27 0.024190146 
431 185 19 21 0.022687986 
629 1082 39 62 0.02264012 
400 212 88 78 0.02255377 
490 676 21 24 0.02206963 
489 669 45 41 0.021017285 
378 639 110 94 0.020582398 
480 249 48 39 0.020121075 
