31_Waiter_Waitress_Waiter_Waitress_31_858
30
388 54 128 165 0.9996493 
590 105 419 841 0.20693043 
625 350 281 356 0.19100368 
354 1145 385 695 0.15733543 
188 797 62 97 0.07308005 
451 1334 142 230 0.05100476 
362 152 448 960 0.048781723 
248 1023 97 235 0.0403064 
657 368 156 185 0.03871558 
844 112 519 876 0.03241687 
204 815 379 954 0.032001667 
691 411 14 21 0.03165105 
675 410 83 102 0.028430395 
196 779 226 472 0.026728112 
1049 736 488 875 0.024924222 
720 407 33 56 0.024091143 
-250 48 206 308 0.023720503 
440 760 4 8 0.023188941 
1074 -5 354 351 0.023184579 
737 403 33 57 0.02265802 
528 468 44 103 0.02214431 
703 422 35 58 0.022018896 
692 401 11 15 0.0218301 
70 367 588 895 0.021825178 
-254 1046 200 548 0.021638041 
426 733 57 102 0.02141251 
422 768 4 9 0.020732475 
471 850 543 928 0.020642934 
659 485 40 46 0.020473655 
490 779 3 7 0.020296656 
