31_Waiter_Waitress_Waiter_Waitress_31_358
51
684 362 24 31 0.9981141 
178 311 36 59 0.99767 
136 256 19 25 0.9972396 
501 275 69 103 0.9967667 
804 170 83 80 0.99556774 
307 274 63 80 0.99301285 
584 367 11 17 0.17421652 
604 387 38 37 0.14151719 
759 343 34 24 0.10524192 
698 345 9 12 0.10410289 
205 251 8 11 0.10248716 
162 260 16 19 0.09771936 
4 450 102 69 0.07578935 
653 359 8 12 0.059703022 
202 260 12 17 0.052513726 
386 226 46 44 0.047274556 
630 358 9 12 0.04650308 
79 292 58 45 0.04220353 
643 356 9 12 0.041202214 
641 378 21 25 0.041147094 
20 407 122 85 0.039919037 
1006 403 25 34 0.0388618 
633 362 9 14 0.035824176 
628 357 19 25 0.033499684 
132 339 42 47 0.029909084 
613 413 12 16 0.029200776 
638 363 9 12 0.028474143 
689 254 31 39 0.027796188 
624 398 28 27 0.027329182 
688 350 18 22 0.027327718 
629 352 10 11 0.026576674 
638 352 18 23 0.026452946 
640 353 9 11 0.02449362 
610 407 24 29 0.024156787 
623 406 15 16 0.02398822 
611 348 14 14 0.023682294 
383 391 21 31 0.023628559 
444 238 27 32 0.0235529 
202 279 11 16 0.022977456 
371 367 41 58 0.02293412 
200 488 58 39 0.022789165 
211 271 9 14 0.022132555 
622 374 24 27 0.02159727 
921 138 135 90 0.02141067 
175 261 13 15 0.021327151 
885 653 23 19 0.021142937 
631 372 13 16 0.02114039 
689 345 11 13 0.020639243 
75 292 33 27 0.020284638 
-22 -178 187 181 0.020270566 
598 379 23 26 0.020222051 
