31_Waiter_Waitress_Waiter_Waitress_31_915
187
466 189 107 167 0.9988927 
944 558 21 27 0.32770017 
325 376 5 8 0.17549206 
907 580 9 12 0.12581933 
302 388 5 9 0.10713634 
318 365 5 8 0.08653205 
675 433 109 123 0.08611631 
312 376 5 9 0.079583816 
332 365 4 7 0.07398936 
329 365 5 7 0.07375251 
339 376 5 8 0.071811676 
312 421 5 10 0.0702616 
683 20 29 50 0.06550729 
338 357 5 8 0.065132886 
743 0 26 34 0.064301044 
327 372 4 7 0.062216118 
325 356 5 8 0.062120628 
345 388 5 9 0.061784595 
691 343 9 12 0.061556347 
316 388 5 8 0.059781883 
304 364 5 8 0.059715282 
323 356 5 8 0.05913866 
345 365 5 7 0.057886496 
304 433 6 10 0.055293065 
336 358 4 7 0.05471424 
319 410 5 8 0.053931266 
315 370 4 8 0.051112562 
332 389 5 8 0.05087829 
313 357 4 7 0.049799636 
325 422 6 9 0.049385432 
336 377 4 7 0.04932652 
321 371 5 7 0.048824154 
310 397 4 9 0.04881915 
318 434 6 10 0.048752543 
347 359 5 7 0.047148477 
342 364 5 7 0.046377614 
697 338 21 23 0.04566896 
310 357 5 8 0.045464266 
723 352 7 9 0.044484224 
706 0 24 29 0.04345339 
351 401 6 8 0.04333337 
320 384 5 8 0.0426577 
306 389 5 9 0.042182975 
333 385 4 7 0.041775748 
324 445 7 10 0.041694976 
325 397 6 9 0.041338455 
300 376 5 9 0.041034754 
359 364 5 8 0.039855577 
312 400 5 9 0.039511677 
328 383 4 7 0.03910116 
358 410 6 10 0.03905627 
706 344 9 11 0.038983617 
359 388 6 9 0.038857657 
308 371 5 8 0.038597442 
352 357 5 8 0.03800079 
301 370 5 9 0.037407123 
332 410 6 8 0.037220903 
731 334 5 6 0.03698946 
328 434 6 9 0.03694484 
329 389 5 7 0.03569186 
302 357 4 8 0.035658427 
338 444 7 11 0.035383865 
334 371 5 7 0.034785684 
737 295 89 104 0.034064274 
59 488 5 6 0.03393859 
340 372 5 8 0.033855826 
310 353 4 7 0.033753376 
342 390 4 7 0.033653602 
352 377 5 8 0.033485625 
736 10 39 50 0.03327628 
347 377 5 7 0.032438267 
735 335 4 5 0.032331586 
306 409 5 9 0.032100618 
679 329 9 12 0.031897325 
699 361 12 13 0.031469062 
699 12 45 60 0.03110877 
-41 -56 423 401 0.030370148 
689 358 25 26 0.029912625 
215 752 11 11 0.029590396 
904 534 81 87 0.029558653 
724 328 5 8 0.029239465 
716 319 6 7 0.029145515 
353 365 4 7 0.029005548 
303 413 6 10 0.02886222 
307 383 5 8 0.028715549 
322 397 5 8 0.028619977 
710 333 8 9 0.028612612 
737 340 5 7 0.028603986 
297 356 4 9 0.02838891 
345 410 6 9 0.02827473 
645 10 30 40 0.02806126 
693 357 14 13 0.027374508 
731 328 4 6 0.026900075 
335 353 5 8 0.026892342 
339 397 5 8 0.026643416 
552 32 81 106 0.026485236 
338 401 6 9 0.026390972 
725 17 27 46 0.026157597 
970 580 13 18 0.025802812 
757 322 4 6 0.025767049 
713 324 20 26 0.025751181 
717 355 8 12 0.025604678 
338 423 6 8 0.02558547 
717 307 5 6 0.025570447 
757 315 4 6 0.025553659 
174 533 7 13 0.025488235 
698 334 6 6 0.025419418 
682 325 9 11 0.02539055 
971 558 10 14 0.025315622 
724 319 6 6 0.025262697 
359 359 5 7 0.024983538 
117 520 8 12 0.024914645 
341 383 5 7 0.024732735 
913 591 29 32 0.024647614 
48 465 7 9 0.024598474 
858 -131 280 209 0.024446703 
760 29 20 40 0.024372956 
717 346 7 8 0.02436976 
332 434 5 8 0.024244053 
710 320 7 7 0.023954447 
721 331 7 10 0.023803525 
673 313 78 85 0.023728842 
554 88 81 110 0.023649978 
757 309 4 6 0.023391312 
345 370 5 7 0.023372136 
694 349 10 11 0.02335251 
744 341 4 5 0.023335457 
302 402 4 9 0.023007384 
975 549 6 8 0.02300734 
54 492 5 8 0.023007233 
301 421 5 9 0.022829266 
688 332 8 10 0.022820303 
790 589 15 32 0.022801671 
60 482 3 5 0.022759723 
872 489 168 160 0.022740541 
688 41 76 117 0.02271651 
735 350 8 11 0.02262838 
353 390 5 7 0.022602154 
688 338 19 22 0.02256739 
678 320 7 8 0.02254925 
699 306 5 6 0.022533113 
8 439 89 121 0.02231516 
705 306 6 6 0.022304397 
711 307 5 6 0.022114618 
944 555 14 15 0.022080107 
745 336 3 4 0.021934368 
359 377 5 7 0.021906173 
296 384 5 8 0.021868946 
705 334 6 6 0.021790218 
716 362 9 12 0.021779321 
73 461 5 9 0.02171476 
710 348 20 24 0.021696286 
353 373 4 6 0.02167065 
59 488 20 30 0.021584589 
39 470 20 28 0.021584291 
752 335 4 5 0.021360816 
297 375 4 9 0.021301487 
307 440 6 9 0.021287082 
943 532 5 9 0.021271124 
727 364 9 11 0.02127085 
718 328 6 7 0.02126316 
334 396 5 8 0.02125993 
763 11 12 22 0.021155674 
362 552 4 6 0.021151688 
360 370 5 8 0.021081416 
569 45 26 40 0.021078395 
654 5 71 79 0.021036226 
724 307 5 6 0.020871175 
78 499 4 8 0.020812899 
942 533 21 34 0.020806715 
722 348 7 8 0.020771088 
736 344 7 10 0.020739647 
73 475 4 6 0.020729601 
596 14 24 42 0.020690309 
351 382 6 8 0.020684822 
66 482 4 5 0.0206344 
-36 -149 149 203 0.020626836 
302 428 6 10 0.020623157 
329 410 5 7 0.02059045 
611 104 94 115 0.020524403 
348 402 5 7 0.0205003 
322 401 5 8 0.020461729 
991 552 5 7 0.020350816 
709 338 8 11 0.020130653 
706 362 11 13 0.020077594 
734 361 10 12 0.020069538 
699 319 7 8 0.02000189 
