31_Waiter_Waitress_Waiter_Waitress_31_484
42
335 172 108 154 0.99946874 
576 69 119 177 0.9980484 
138 735 12 13 0.15834479 
164 714 10 11 0.11671454 
171 741 11 12 0.115150474 
115 691 6 9 0.1142653 
128 715 10 11 0.099304914 
87 703 8 9 0.08660083 
105 713 10 11 0.07700458 
154 702 6 9 0.068382405 
157 761 12 13 0.06216857 
161 696 9 11 0.060545836 
131 678 8 9 0.05803197 
154 708 7 9 0.04834614 
143 753 10 13 0.048278462 
179 716 7 8 0.040555675 
185 715 9 9 0.03991214 
202 757 10 12 0.03769459 
148 702 6 8 0.03685481 
121 690 5 8 0.036123354 
84 675 7 9 0.03544803 
188 748 10 11 0.034846492 
111 691 5 9 0.032467924 
195 733 9 10 0.031918343 
75 709 9 11 0.031257235 
123 684 5 7 0.03077865 
129 682 7 8 0.028596707 
152 721 8 10 0.028429236 
178 709 6 7 0.028099775 
57 731 10 12 0.026956785 
502 229 131 191 0.026452344 
162 692 7 8 0.026427114 
497 158 301 360 0.025986742 
144 717 8 10 0.025690073 
180 729 7 9 0.025215182 
117 748 9 11 0.025022902 
172 727 8 10 0.024606843 
154 716 7 8 0.023633655 
97 679 6 8 0.023304494 
63 688 8 10 0.02315482 
319 126 41 66 0.020163126 
158 735 9 11 0.020044262 
