46_Jockey_Jockey_46_569
115
871 127 41 52 0.9994136 
278 156 40 50 0.99935085 
384 132 12 14 0.9506611 
319 131 11 14 0.9481251 
410 135 12 15 0.93235826 
190 132 11 15 0.9259082 
366 136 11 13 0.9204106 
696 12 41 51 0.91899925 
226 139 12 15 0.9164194 
846 181 12 15 0.8833329 
149 91 35 65 0.86076343 
440 127 40 47 0.83932316 
318 211 20 20 0.8010156 
779 37 7 9 0.545932 
508 6 8 10 0.5125324 
684 24 9 10 0.34820256 
602 12 7 9 0.3167581 
658 25 10 12 0.25245994 
525 10 8 9 0.23791023 
812 42 7 9 0.16453111 
213 144 11 13 0.14593624 
352 165 8 13 0.088093735 
6 89 10 17 0.08786975 
676 25 19 22 0.07284979 
548 83 22 26 0.059887946 
633 18 6 9 0.057745386 
606 23 12 15 0.05328918 
600 22 12 15 0.04998064 
460 0 9 8 0.048821535 
532 71 17 17 0.046363477 
63 0 7 8 0.046026826 
635 30 7 10 0.0457613 
588 24 7 13 0.044056837 
0 135 17 31 0.042674873 
397 145 8 11 0.042213306 
629 18 6 9 0.042046268 
370 119 9 11 0.040558234 
356 156 9 13 0.040374815 
776 49 13 16 0.039286144 
-2 252 21 31 0.038882855 
353 159 7 10 0.038869455 
12 95 8 16 0.038544092 
531 72 30 29 0.038408034 
503 5 17 19 0.036513902 
103 5 8 8 0.035350278 
613 18 7 9 0.035306912 
368 125 11 14 0.03429341 
520 84 32 35 0.034007687 
965 421 7 8 0.033853687 
488 38 5 7 0.03173351 
613 12 7 9 0.03131223 
518 10 8 11 0.030965429 
508 15 13 13 0.030660966 
494 141 73 80 0.029984828 
373 137 10 13 0.029840566 
634 25 6 9 0.029717004 
602 8 7 7 0.02952826 
716 394 8 9 0.02920141 
715 529 7 10 0.028664436 
755 313 8 10 0.028483788 
656 31 13 16 0.028419292 
710 255 6 8 0.028123256 
762 69 6 7 0.027911868 
212 139 9 12 0.027628163 
537 166 26 26 0.02753327 
695 395 7 8 0.02730014 
531 22 9 11 0.026794622 
760 205 8 10 0.026670046 
606 8 7 9 0.026322287 
621 24 7 9 0.025851186 
686 396 5 6 0.025729904 
410 212 9 17 0.025154328 
605 16 9 11 0.024762515 
316 168 10 15 0.024694726 
324 151 9 12 0.024619127 
777 40 10 11 0.024202593 
521 14 12 13 0.024175975 
531 80 47 49 0.024131816 
448 346 4 7 0.024123708 
210 242 5 9 0.023823932 
620 19 6 8 0.023808004 
121 109 47 55 0.02337965 
411 366 5 6 0.02336713 
306 159 21 29 0.023350138 
409 146 10 14 0.023071341 
199 215 7 10 0.02303206 
467 123 25 26 0.022863628 
516 29 11 13 0.022790125 
626 23 7 10 0.022612887 
531 51 24 26 0.02260109 
376 130 13 17 0.02243459 
444 347 4 6 0.022270277 
607 7 17 20 0.02223845 
194 232 10 12 0.02208922 
448 149 17 21 0.022045651 
2 76 18 32 0.022036992 
681 510 9 13 0.02187026 
522 30 10 13 0.021725738 
750 300 5 8 0.021672523 
164 77 22 53 0.021658996 
816 43 7 8 0.021644445 
525 115 56 52 0.021261964 
456 347 4 6 0.021236107 
819 555 9 10 0.021170251 
215 136 18 21 0.021121163 
197 241 9 10 0.0207869 
2 106 10 16 0.02077726 
16 99 9 14 0.02057661 
692 247 5 8 0.020554233 
525 376 5 7 0.020507766 
703 508 8 11 0.020421185 
768 69 7 8 0.02020469 
625 28 9 13 0.020069936 
653 26 11 15 0.020034278 
712 395 6 8 0.020030389 
