46_Jockey_Jockey_46_508
129
487 182 48 54 0.9954657 
110 641 33 32 0.86175555 
952 355 22 28 0.10750577 
52 250 147 258 0.0890484 
152 375 18 24 0.083546594 
674 586 104 136 0.06334337 
848 364 21 24 0.061199725 
304 472 8 14 0.059584305 
786 540 205 260 0.058501955 
50 528 332 370 0.051046934 
525 170 41 57 0.047747884 
708 468 4 6 0.04664806 
713 183 28 33 0.04659042 
860 616 116 121 0.044710446 
-18 190 289 440 0.044209067 
187 68 367 446 0.04335804 
749 420 7 11 0.036516495 
31 684 130 134 0.03585472 
753 421 7 9 0.03553809 
511 66 106 96 0.034363847 
532 25 364 411 0.0343117 
721 184 11 11 0.03408397 
977 66 21 22 0.03371629 
700 59 33 34 0.03344505 
888 637 33 31 0.033234194 
282 61 30 36 0.03322209 
728 185 8 9 0.03257373 
63 595 93 94 0.03196225 
710 187 7 9 0.03194335 
359 463 6 8 0.031615704 
481 80 5 6 0.031183494 
437 73 25 25 0.03107922 
504 163 28 42 0.031007076 
461 79 5 7 0.030725112 
488 100 5 6 0.029739201 
880 262 86 123 0.028632693 
697 180 314 422 0.028494455 
983 71 10 10 0.028277311 
594 72 8 8 0.027678877 
44 569 163 209 0.027488345 
708 44 36 34 0.02724258 
790 472 9 13 0.026948141 
495 93 4 7 0.026600908 
145 644 26 36 0.026581744 
464 69 20 28 0.026094424 
483 59 22 31 0.025924128 
460 91 7 9 0.025887074 
710 464 5 7 0.025491184 
1 201 5 18 0.025389468 
832 277 76 113 0.025291514 
736 183 5 7 0.025245195 
481 84 5 8 0.025027756 
868 399 102 114 0.02501019 
679 435 107 147 0.024933204 
2 -98 36 76 0.0248357 
127 307 267 341 0.024794212 
261 434 8 13 0.024555743 
748 636 7 8 0.02438182 
949 66 27 24 0.024310464 
575 82 65 47 0.024309179 
591 83 13 12 0.02415589 
840 70 116 102 0.024118058 
458 80 4 5 0.023996823 
495 98 4 7 0.02356844 
462 76 5 5 0.023179611 
455 64 20 27 0.023160638 
743 421 7 10 0.022837419 
716 187 9 9 0.02279504 
131 674 20 27 0.02273654 
150 632 21 27 0.022623505 
735 186 6 8 0.022526538 
247 593 105 128 0.02244572 
477 119 4 8 0.022437258 
488 103 5 7 0.022435756 
793 168 8 8 0.022417508 
475 79 5 7 0.022271937 
736 652 8 11 0.022217361 
528 598 98 137 0.022071764 
916 71 15 12 0.02206567 
598 662 21 30 0.022046149 
717 182 8 8 0.021946719 
586 127 11 12 0.02186101 
592 78 11 11 0.021785725 
580 64 119 93 0.021775777 
761 363 12 15 0.02159696 
481 98 5 8 0.021588093 
559 64 31 30 0.021503111 
749 630 6 7 0.021429189 
120 4 108 108 0.021380398 
467 74 6 7 0.021318207 
294 74 30 33 0.02129928 
459 84 8 9 0.021272136 
729 660 7 9 0.021267857 
499 93 5 7 0.021265615 
719 61 34 32 0.021256061 
704 595 394 371 0.021238241 
828 274 165 234 0.021228991 
54 378 13 17 0.021182794 
692 384 21 29 0.021111617 
592 90 12 10 0.021111391 
931 99 12 14 0.0211052 
526 124 6 7 0.021023188 
475 121 78 105 0.020968487 
458 76 4 5 0.02095857 
735 442 7 12 0.020935625 
1011 71 20 23 0.020927278 
693 13 41 42 0.020769937 
500 98 5 7 0.020709848 
307 483 6 12 0.020689212 
582 81 28 25 0.020681746 
320 195 6 7 0.020639224 
939 101 10 12 0.020618876 
450 75 4 5 0.020540856 
769 628 5 7 0.020512043 
680 384 20 29 0.020448837 
427 65 25 28 0.020405466 
705 150 43 54 0.020339593 
587 135 10 10 0.020318918 
482 103 5 7 0.020315092 
706 183 4 6 0.020278929 
136 757 25 24 0.02020933 
818 110 8 9 0.020168712 
829 746 26 28 0.02013666 
732 194 13 16 0.020108972 
453 571 37 46 0.020103095 
758 371 24 34 0.020088911 
262 429 8 11 0.02008806 
649 458 5 7 0.020084482 
303 487 5 9 0.020004584 
