17_Ceremony_Ceremony_17_588
39
91 179 41 48 0.9988102 
490 274 21 24 0.9986625 
954 165 39 57 0.9981864 
195 345 26 38 0.9964933 
747 198 29 33 0.99581426 
261 219 27 32 0.990053 
572 218 20 34 0.974524 
313 357 21 34 0.9311022 
441 240 18 27 0.7044549 
291 361 22 33 0.25586405 
89 326 51 34 0.19364396 
330 438 13 19 0.15240204 
182 291 21 30 0.13127564 
246 340 35 29 0.0962149 
305 352 11 16 0.03639569 
879 292 12 12 0.031176712 
438 233 15 22 0.03101624 
1 161 6 10 0.030713378 
167 306 26 31 0.029795036 
18 264 117 94 0.029461427 
499 371 8 14 0.028887851 
189 305 12 18 0.028518038 
676 207 20 26 0.027057135 
69 173 28 36 0.026931468 
334 259 22 34 0.02504275 
676 226 25 29 0.02398821 
193 297 35 51 0.023317473 
435 251 19 25 0.023178186 
41 -8 108 106 0.023131354 
224 279 23 30 0.022863567 
298 316 59 91 0.021703053 
184 289 12 14 0.021606565 
361 334 5 6 0.021181135 
364 333 5 7 0.021152634 
5 338 10 10 0.021095583 
109 120 9 14 0.020755658 
319 340 6 8 0.020579213 
244 205 12 11 0.020106865 
318 351 12 18 0.020039653 
