17_Ceremony_Ceremony_17_406
488
368 235 64 124 0.9957288 
713 373 65 104 0.98946637 
559 495 17 11 0.33549637 
827 134 51 71 0.16429904 
817 199 10 14 0.13166267 
704 404 9 15 0.09254896 
558 376 5 5 0.076692335 
745 556 110 102 0.07302585 
654 306 5 6 0.071681455 
571 371 5 4 0.07103345 
552 381 4 6 0.07077255 
549 501 30 21 0.06965201 
491 315 30 31 0.06814487 
588 375 5 6 0.06573749 
571 375 5 5 0.0655333 
865 176 7 10 0.06269471 
553 501 13 10 0.06242638 
661 299 5 5 0.061219495 
557 380 6 7 0.06107297 
563 383 6 6 0.060488537 
900 431 7 9 0.059587166 
911 485 4 5 0.05865238 
905 479 3 4 0.05832426 
634 311 5 6 0.058302496 
746 103 8 14 0.05546113 
515 375 30 33 0.054874934 
666 298 4 5 0.054081447 
659 311 5 6 0.05379793 
584 375 6 6 0.053530443 
722 37 11 15 0.053312868 
1003 164 22 43 0.052330535 
691 560 6 7 0.052224066 
660 357 6 6 0.052050576 
563 375 5 5 0.05186983 
363 90 107 120 0.05133218 
642 298 5 5 0.051265996 
564 386 6 6 0.05118192 
672 305 5 6 0.051039875 
792 56 11 18 0.050824206 
647 305 4 6 0.050282408 
785 50 13 18 0.049459107 
969 310 5 7 0.04931662 
883 459 5 7 0.048735015 
762 83 20 27 0.048525162 
884 191 98 115 0.048409693 
558 372 4 4 0.04745227 
672 394 6 8 0.046785466 
458 60 30 39 0.04638217 
966 642 7 7 0.04632135 
659 304 5 6 0.04613843 
873 167 6 10 0.045930274 
411 486 31 19 0.04568052 
583 379 7 7 0.045166016 
513 497 73 41 0.04480424 
669 306 4 5 0.04467061 
900 480 3 3 0.044488527 
664 32 28 31 0.044335973 
609 362 6 7 0.043212436 
647 298 4 5 0.04314736 
578 376 5 4 0.042836484 
642 295 4 5 0.042799667 
202 208 124 99 0.042650744 
587 388 7 8 0.042440843 
527 269 21 29 0.04219275 
936 397 125 90 0.04214513 
7 -120 507 388 0.041900113 
776 271 6 7 0.04144211 
470 488 30 20 0.04117636 
335 505 10 11 0.041141033 
567 386 7 7 0.041029606 
877 291 7 7 0.04090724 
679 315 6 7 0.040823404 
714 137 4 7 0.040728625 
553 378 4 4 0.040663313 
910 479 3 4 0.040359613 
706 27 12 14 0.04026753 
587 379 7 7 0.040155377 
763 53 19 26 0.04002817 
858 318 7 7 0.03986576 
261 210 150 150 0.039172363 
448 337 55 48 0.038880102 
458 285 91 73 0.0387327 
916 343 6 6 0.03859336 
577 382 5 5 0.03855375 
587 412 7 9 0.03828456 
214 475 9 10 0.03788824 
644 305 4 5 0.037867624 
489 224 4 5 0.03768567 
200 476 6 9 0.03766583 
104 588 72 89 0.037587747 
986 635 48 51 0.037381295 
226 459 6 6 0.037290383 
488 226 5 7 0.037054602 
565 371 4 4 0.036913678 
636 45 23 28 0.03690349 
922 487 4 4 0.03663286 
577 371 4 4 0.036461208 
679 139 4 6 0.03639831 
386 33 45 37 0.03635207 
655 309 4 7 0.036348242 
481 308 28 28 0.036167655 
615 411 7 8 0.036111888 
856 478 9 11 0.036076166 
635 392 6 7 0.036058147 
705 32 19 26 0.035729215 
570 383 6 5 0.035723943 
905 475 4 4 0.03571821 
475 221 58 49 0.0356318 
917 486 3 5 0.035576664 
852 150 22 29 0.035551183 
584 372 4 4 0.03547145 
-8 587 65 100 0.035313554 
608 356 6 5 0.035136938 
655 298 4 5 0.035128575 
680 329 5 7 0.035110813 
863 170 6 9 0.03508897 
633 298 5 7 0.03504812 
653 293 5 6 0.034896918 
231 465 6 5 0.034864645 
859 321 7 8 0.034836162 
667 310 5 6 0.034752212 
774 48 19 25 0.034722254 
896 343 5 6 0.034678955 
236 469 10 9 0.034665246 
230 460 5 5 0.034611464 
1000 479 5 6 0.03444589 
918 478 4 6 0.034419764 
857 283 8 7 0.03422264 
224 470 6 7 0.034154166 
559 513 16 12 0.033945855 
600 393 7 7 0.03393398 
596 361 5 5 0.03392652 
238 465 7 6 0.033699587 
712 171 5 7 0.033624724 
532 127 48 57 0.0334958 
734 32 12 13 0.033416696 
725 182 5 8 0.03337179 
324 520 10 9 0.033339683 
876 182 7 10 0.032902155 
816 90 20 32 0.032828733 
346 678 5 4 0.032792024 
680 304 5 6 0.032599773 
863 317 6 7 0.03251045 
801 252 6 6 0.03222369 
499 239 53 50 0.032196008 
204 296 25 33 0.032194667 
648 294 4 5 0.032074835 
787 246 8 9 0.032018807 
963 194 24 34 0.032001432 
948 311 5 6 0.03186656 
377 677 5 5 0.031572312 
238 461 4 4 0.031565875 
715 573 7 9 0.031394318 
224 476 6 7 0.031359687 
673 310 5 7 0.03129938 
719 175 5 8 0.031178568 
551 389 5 6 0.03109821 
661 323 5 6 0.031035455 
653 323 5 6 0.031020414 
366 670 4 4 0.030977262 
482 291 12 11 0.030951152 
792 246 7 9 0.03082526 
590 372 4 5 0.0307446 
393 172 52 48 0.030662809 
374 671 3 3 0.03058205 
555 501 66 40 0.030569658 
746 183 16 24 0.030565515 
836 87 21 28 0.030233974 
352 675 6 6 0.030204598 
853 170 22 27 0.02993709 
968 306 5 6 0.0299205 
952 605 94 87 0.029912157 
696 554 6 6 0.0298925 
503 282 12 12 0.029872248 
923 344 6 6 0.029759623 
502 384 52 55 0.0297377 
574 400 9 9 0.029680543 
714 33 9 14 0.02967769 
668 175 5 7 0.02967193 
914 173 27 40 0.029657431 
393 135 56 61 0.029564766 
596 357 5 6 0.029359443 
793 124 53 61 0.029311452 
838 261 6 6 0.02927346 
596 388 7 8 0.029206013 
585 363 4 4 0.029160153 
69 635 64 51 0.029142871 
552 370 5 5 0.02910237 
592 362 4 5 0.029006762 
654 320 4 5 0.029002778 
703 401 18 26 0.02898848 
1000 468 6 8 0.02888516 
634 46 11 14 0.028867979 
894 441 106 93 0.028860012 
410 273 72 95 0.028725285 
705 182 5 6 0.028684532 
697 567 7 8 0.02848896 
592 331 5 5 0.028470635 
680 156 6 7 0.028427642 
239 481 11 10 0.02842713 
897 443 25 28 0.028258044 
681 405 5 7 0.028192528 
660 318 5 6 0.028159082 
838 284 7 8 0.028152753 
602 362 6 6 0.028090615 
888 169 13 12 0.028002478 
435 240 35 56 0.027913883 
974 306 5 6 0.027903186 
713 163 5 7 0.027770938 
940 337 6 7 0.027769877 
831 246 7 7 0.027693558 
941 239 7 9 0.027590245 
513 396 4 5 0.0274843 
671 323 6 6 0.027337354 
76 158 259 177 0.02733168 
212 407 109 89 0.027321998 
814 247 6 8 0.027260033 
842 122 29 44 0.027239617 
955 203 5 8 0.02709134 
905 484 3 6 0.027030062 
973 202 6 10 0.026824057 
484 300 11 12 0.026756644 
882 363 7 7 0.026701922 
300 450 8 9 0.026610777 
591 324 4 5 0.026558155 
870 162 8 11 0.026550569 
821 253 6 6 0.026467774 
600 375 6 6 0.02645844 
716 162 5 8 0.02638212 
913 288 7 10 0.026375357 
758 42 12 17 0.026344672 
369 181 94 123 0.026315628 
673 299 4 5 0.026273083 
752 51 19 32 0.02620853 
892 183 11 13 0.026186274 
498 326 12 13 0.026169311 
341 678 5 4 0.026160683 
497 281 24 21 0.026126327 
692 414 4 6 0.026091525 
765 50 80 89 0.026078397 
902 491 5 5 0.026078047 
984 446 27 27 0.02606342 
813 192 6 9 0.026010958 
252 465 67 50 0.025978366 
973 208 7 11 0.02596178 
346 494 8 8 0.0259457 
797 61 21 27 0.025884174 
698 201 6 6 0.025860842 
890 466 4 4 0.025835581 
832 207 7 8 0.025817486 
808 239 6 7 0.025755033 
696 559 7 7 0.02573455 
481 370 57 47 0.025729142 
219 460 4 4 0.025726568 
647 317 5 6 0.025691137 
834 304 6 6 0.025651995 
598 350 5 6 0.025580652 
348 236 49 85 0.0255344 
265 494 53 47 0.025523908 
413 244 23 43 0.025506498 
205 471 21 21 0.02549695 
453 442 123 77 0.025468662 
979 199 6 9 0.025370773 
960 311 5 7 0.02533919 
666 406 5 6 0.025307372 
476 285 21 23 0.025302488 
846 301 7 9 0.025280708 
492 278 50 47 0.025233872 
684 305 6 6 0.025226438 
743 209 6 8 0.025184214 
966 203 6 8 0.02518206 
1007 483 5 8 0.025081895 
171 239 11 14 0.025048826 
717 137 4 8 0.024969837 
246 352 100 72 0.024916911 
948 307 5 5 0.024852226 
838 264 7 7 0.024802199 
973 476 6 7 0.024785098 
544 376 5 7 0.024775088 
899 475 3 3 0.024754563 
863 283 6 7 0.024735456 
652 350 6 6 0.02467273 
795 52 11 14 0.024652945 
959 606 7 7 0.024588317 
928 311 5 6 0.024565013 
981 325 5 6 0.024552034 
412 86 21 39 0.024525102 
883 463 5 6 0.024506815 
857 335 7 6 0.024483128 
467 312 27 32 0.024456691 
353 671 5 4 0.024440305 
892 426 19 24 0.024439605 
962 306 4 5 0.02442275 
598 371 5 5 0.02442181 
357 675 6 6 0.024391865 
941 245 6 8 0.024383595 
928 317 7 9 0.024363453 
861 146 44 52 0.024345797 
680 299 4 4 0.024283055 
874 450 8 8 0.02411676 
635 305 4 6 0.024037406 
700 144 4 7 0.024003478 
857 160 8 11 0.02399068 
964 323 100 114 0.023983026 
910 472 5 6 0.023970714 
225 466 6 5 0.023907376 
379 673 4 3 0.023891967 
898 446 6 7 0.02387433 
903 465 6 5 0.023722956 
756 283 7 8 0.023719752 
769 258 6 8 0.023695922 
351 486 120 82 0.023683483 
935 317 6 7 0.023682006 
444 608 4 4 0.02360601 
520 147 81 91 0.023539802 
360 671 4 3 0.02353372 
785 263 105 95 0.023510668 
1005 349 7 9 0.023478948 
609 278 5 7 0.023476744 
677 552 7 7 0.023436395 
564 363 5 5 0.023432987 
819 228 7 8 0.023404354 
949 208 5 7 0.023344882 
918 489 3 5 0.023332074 
915 336 6 6 0.023325386 
889 459 5 5 0.023322502 
672 317 6 6 0.023315752 
904 497 6 7 0.023312787 
1006 227 6 8 0.023297554 
662 329 4 6 0.023297423 
627 404 7 8 0.023282835 
590 402 6 6 0.02324214 
626 229 7 6 0.023222275 
1016 483 8 14 0.023179337 
571 365 4 4 0.023124898 
795 140 22 34 0.023078296 
601 369 6 6 0.023057556 
742 98 8 12 0.023043806 
662 36 45 53 0.022990135 
737 291 4 6 0.022984566 
667 318 5 7 0.022963593 
723 177 5 8 0.022950483 
771 78 12 16 0.022938898 
644 40 36 42 0.02289159 
225 467 24 25 0.02287053 
726 33 18 23 0.022826614 
840 196 5 8 0.022712158 
713 144 4 8 0.022679407 
546 382 4 5 0.022619171 
902 443 8 9 0.022580182 
595 332 5 5 0.022578074 
898 486 4 4 0.02257294 
703 425 6 9 0.022564199 
776 175 5 8 0.02256266 
708 212 9 9 0.022561068 
936 337 6 7 0.022542872 
704 564 7 8 0.022536062 
691 32 40 43 0.022514982 
999 482 6 8 0.022478253 
251 222 58 53 0.022456871 
667 295 4 4 0.022444783 
888 438 6 7 0.022413244 
407 526 57 39 0.022398874 
876 316 7 7 0.022383593 
330 515 10 10 0.022357197 
755 98 19 33 0.022355104 
730 304 5 6 0.022351632 
877 323 7 8 0.02229796 
369 113 57 59 0.022267511 
611 433 9 9 0.02225372 
478 208 25 32 0.022232514 
909 330 7 8 0.022188894 
955 642 5 6 0.022186037 
833 241 7 7 0.022179155 
652 331 6 7 0.022170795 
959 247 9 10 0.022153476 
699 540 6 8 0.02213552 
506 318 17 13 0.022134447 
412 36 26 29 0.022131847 
684 324 6 7 0.022131842 
999 177 6 9 0.022113826 
961 356 6 7 0.02209919 
737 202 5 6 0.022093749 
700 23 11 12 0.022078529 
467 235 6 8 0.022073373 
597 325 4 4 0.022071226 
806 160 6 10 0.022062805 
705 561 5 7 0.0219982 
481 239 7 9 0.021945404 
595 400 6 7 0.021940371 
955 312 5 6 0.021937214 
674 178 4 5 0.021931238 
609 420 5 6 0.0219304 
634 61 22 35 0.021919725 
659 393 6 7 0.021908248 
484 309 14 15 0.021881575 
919 304 7 9 0.02184899 
706 69 21 32 0.021817463 
891 474 3 4 0.021810776 
707 144 4 6 0.021810748 
630 280 4 7 0.021795431 
706 552 6 7 0.021709599 
169 590 104 85 0.021699432 
417 522 15 10 0.021693198 
981 640 3 4 0.021650191 
447 355 26 36 0.02164598 
759 91 11 18 0.021621076 
630 297 5 7 0.021594528 
864 265 6 8 0.02158648 
97 468 99 114 0.02158077 
807 253 6 6 0.021539148 
668 138 5 6 0.02147697 
760 225 8 9 0.02143078 
329 678 4 5 0.021411618 
385 677 6 5 0.021405833 
225 452 6 6 0.021389848 
600 387 8 8 0.021368206 
546 61 14 16 0.021335248 
846 215 6 8 0.021331774 
274 241 42 52 0.021318998 
667 322 4 7 0.021307807 
802 161 6 9 0.021278817 
953 220 6 8 0.021236684 
886 540 99 91 0.02123068 
902 435 7 9 0.02122524 
695 19 21 22 0.021178443 
596 278 5 7 0.02117816 
445 207 73 98 0.021144675 
936 331 5 5 0.021115845 
941 322 5 6 0.021103775 
596 335 5 6 0.02108426 
675 451 5 7 0.021067891 
730 101 8 12 0.021050373 
955 306 5 5 0.021021096 
621 438 7 7 0.0209987 
310 531 12 11 0.02098169 
482 234 5 7 0.020970123 
603 357 5 5 0.020955885 
475 143 40 56 0.020918095 
449 609 4 3 0.020913271 
898 522 5 6 0.02087374 
230 476 10 11 0.020869315 
683 330 7 8 0.020831263 
713 354 5 7 0.020794082 
997 166 8 11 0.020782087 
140 529 48 53 0.020781344 
901 262 97 102 0.020774525 
506 250 27 26 0.020771936 
928 457 6 8 0.020768464 
831 88 8 13 0.020677704 
852 279 7 8 0.020668408 
32 -154 287 132 0.020666564 
992 585 7 6 0.020645624 
686 335 6 7 0.02063311 
679 143 4 7 0.020628639 
698 152 5 6 0.020588394 
916 317 6 7 0.020566106 
898 420 5 6 0.020548621 
703 238 8 8 0.020531628 
879 459 6 7 0.020524453 
899 489 4 6 0.020517763 
316 678 3 4 0.020503633 
997 433 27 27 0.020445794 
902 233 6 8 0.020444151 
957 470 7 9 0.020428061 
753 105 39 59 0.02041785 
711 260 5 7 0.020404028 
489 296 12 10 0.020377418 
323 674 3 3 0.020355145 
678 514 7 8 0.020353382 
972 192 8 10 0.020341065 
972 173 24 33 0.020330282 
718 143 5 9 0.020300113 
898 451 6 7 0.020289926 
548 506 13 9 0.02028482 
923 260 6 8 0.020268017 
712 195 4 7 0.02020612 
584 388 7 7 0.020205176 
930 223 5 6 0.020197092 
200 472 6 8 0.020190116 
218 465 5 6 0.020181047 
615 407 6 7 0.020159915 
255 204 26 36 0.0200717 
898 459 5 6 0.020066377 
520 76 40 47 0.020063307 
730 215 6 8 0.020043923 
439 608 4 4 0.020030534 
591 358 5 5 0.020000951 
