17_Ceremony_Ceremony_17_1007
75
227 359 182 239 0.9935474 
696 442 159 274 0.9929149 
520 720 25 51 0.3049982 
723 382 12 15 0.18533549 
595 129 303 586 0.108166456 
612 1406 8 14 0.08521744 
41 14 75 66 0.07208685 
663 1179 50 54 0.07080243 
130 671 11 14 0.06612448 
117 676 10 15 0.059003066 
580 1004 427 657 0.05571561 
588 1468 10 15 0.05355689 
776 369 13 13 0.047239065 
443 154 121 157 0.045101706 
341 1391 11 17 0.04414887 
682 1126 50 51 0.042681303 
386 708 11 20 0.03949968 
922 1032 13 19 0.035183944 
338 1368 12 12 0.03486481 
388 1076 7 8 0.03302894 
323 1383 8 10 0.032484632 
749 368 11 15 0.031599622 
777 794 15 24 0.031492457 
704 922 9 12 0.031460997 
323 1391 9 12 0.031235002 
598 1480 12 19 0.030918851 
956 900 10 17 0.030621117 
710 1310 14 22 0.030419504 
216 -4 72 85 0.03025735 
327 1383 11 12 0.029389154 
354 1406 11 15 0.02845583 
976 1416 4 6 0.028038485 
987 1406 4 6 0.026934404 
327 1368 12 13 0.026745168 
987 1417 4 5 0.02656556 
315 1391 6 10 0.026439423 
751 1385 7 8 0.0263369 
772 1303 11 15 0.026264142 
376 1364 9 12 0.026145212 
132 484 13 25 0.026066342 
969 1355 66 114 0.025780145 
347 -1 80 61 0.02565631 
153 -19 129 152 0.025301756 
939 675 13 19 0.025263982 
933 642 10 14 0.024706455 
261 963 14 17 0.024555823 
359 1362 10 9 0.02448771 
610 1103 7 10 0.023894526 
595 1133 12 14 0.023781214 
997 1406 5 6 0.023580657 
291 356 9 12 0.023497654 
710 938 11 18 0.023403743 
378 631 10 11 0.023369586 
141 691 8 10 0.02304071 
759 383 14 18 0.022826875 
136 649 11 13 0.022825109 
332 1407 7 12 0.022680994 
207 1083 6 10 0.02236115 
334 388 6 8 0.022337994 
364 1375 14 16 0.022305602 
411 808 7 9 0.0218958 
313 1403 8 12 0.021865048 
80 624 9 14 0.021825192 
975 1402 5 7 0.021596342 
703 945 11 17 0.02158599 
817 1249 38 46 0.021284869 
471 637 41 65 0.021169286 
765 1397 6 6 0.020790145 
214 266 61 74 0.020760182 
349 680 12 14 0.020506712 
210 1094 6 12 0.020496927 
378 734 12 16 0.020396555 
742 399 11 17 0.020349437 
214 958 426 809 0.020135505 
787 1519 13 21 0.020091634 
