17_Ceremony_Ceremony_17_234
25
558 93 71 92 0.998887 
104 378 81 91 0.9974915 
259 50 65 91 0.99670583 
876 459 53 91 0.9860379 
690 313 107 150 0.6922904 
75 283 9 14 0.17793755 
42 291 9 14 0.16853984 
634 506 59 58 0.13587579 
105 282 12 17 0.090561874 
137 287 12 17 0.06274001 
-5 449 78 149 0.054677382 
164 286 10 14 0.045385107 
239 335 96 135 0.03390344 
771 611 131 87 0.028662473 
54 287 10 15 0.028357493 
107 267 10 12 0.02736584 
26 261 19 27 0.026960248 
631 516 31 39 0.026429618 
656 400 156 168 0.023415348 
140 590 100 91 0.021429827 
100 260 19 26 0.021351542 
6 160 160 203 0.020901568 
804 323 35 54 0.02074809 
142 528 193 169 0.020466069 
106 258 8 10 0.02021943 
