17_Ceremony_Ceremony_17_227
2662
958 464 11 15 0.989488 
262 495 11 15 0.9871486 
312 491 11 16 0.9704596 
165 497 10 14 0.9575176 
574 460 12 18 0.95608145 
115 496 10 15 0.8983132 
908 451 12 14 0.6882461 
160 516 9 11 0.62119466 
588 403 6 8 0.530145 
626 718 18 16 0.52512926 
653 484 11 12 0.4457007 
204 675 18 15 0.43293685 
664 474 9 10 0.4142668 
887 470 10 17 0.37797785 
434 719 24 19 0.35188365 
451 676 13 16 0.31964695 
890 376 4 8 0.3164586 
493 456 7 15 0.30159733 
689 418 8 11 0.29894495 
686 402 4 7 0.28003433 
654 403 6 8 0.269075 
372 693 15 16 0.26704443 
534 323 13 12 0.25942636 
730 401 5 9 0.2519019 
217 521 7 10 0.2502566 
679 417 7 9 0.24950051 
90 390 5 7 0.24471627 
677 686 15 14 0.24273735 
700 719 16 15 0.24232066 
597 402 7 9 0.24029775 
578 420 5 8 0.23167545 
641 672 16 13 0.23001674 
197 512 11 13 0.2258914 
629 661 14 13 0.2094613 
458 726 12 14 0.20733173 
630 404 5 7 0.20242213 
665 403 6 7 0.1980935 
9 693 101 80 0.19689079 
386 730 16 13 0.1896499 
942 680 13 15 0.18911095 
913 377 3 7 0.18463859 
257 392 4 6 0.18297696 
252 738 29 22 0.18268219 
462 384 4 9 0.1811646 
320 516 7 9 0.18094456 
567 420 6 9 0.17855094 
981 642 13 19 0.1751107 
53 708 11 13 0.17240824 
519 436 7 15 0.17026573 
712 695 13 13 0.16917935 
74 395 4 8 0.16893595 
669 419 8 10 0.16495097 
625 195 111 115 0.1643301 
909 468 9 13 0.16337788 
518 742 24 19 0.16224171 
1013 687 14 16 0.16204904 
634 403 5 8 0.15981314 
102 394 5 8 0.15948346 
282 389 4 8 0.15693597 
492 446 7 15 0.15681179 
520 319 10 12 0.15670167 
642 402 4 7 0.15517421 
1008 489 9 11 0.15493248 
567 403 8 10 0.15462863 
789 676 32 33 0.15447621 
30 711 50 43 0.15367314 
902 506 6 8 0.14856258 
810 683 18 24 0.14506231 
214 474 10 18 0.1438952 
592 641 11 15 0.14344595 
332 388 4 8 0.14344566 
355 720 14 14 0.14290637 
984 698 12 16 0.14247996 
931 376 4 8 0.14179486 
814 378 4 8 0.14167652 
49 396 3 8 0.14024258 
292 664 14 12 0.13776758 
718 384 3 7 0.13717142 
705 403 6 8 0.137101 
619 403 7 9 0.13694033 
762 379 4 7 0.13640869 
481 692 15 13 0.13602221 
864 381 4 8 0.13594192 
263 638 8 7 0.13510677 
839 377 4 8 0.13141233 
133 516 9 14 0.12985642 
220 717 121 72 0.12951472 
667 531 14 10 0.12898612 
751 722 15 19 0.12833433 
718 701 15 16 0.12693709 
88 527 7 11 0.12669599 
469 720 15 13 0.12447233 
498 656 13 12 0.1244077 
202 684 22 22 0.123934254 
795 435 5 8 0.123585045 
802 734 15 14 0.11736925 
695 728 17 20 0.11654345 
0 740 20 25 0.1163523 
794 382 4 9 0.11599637 
892 734 13 21 0.115374625 
522 39 10 12 0.114909 
30 713 23 25 0.11308806 
302 512 6 9 0.11227856 
308 390 4 7 0.11078012 
209 453 9 16 0.11040833 
865 657 15 13 0.107573174 
600 745 29 23 0.10753599 
640 708 20 21 0.10661681 
607 402 5 7 0.10650425 
826 698 14 16 0.10637579 
489 385 4 7 0.10586402 
728 756 25 19 0.10574594 
359 389 5 8 0.105051905 
563 714 21 18 0.1043272 
615 453 4 6 0.103969336 
441 383 4 8 0.103268825 
185 656 9 13 0.10321428 
679 519 7 7 0.10301006 
611 388 5 8 0.101421215 
840 382 4 9 0.10125917 
465 752 34 21 0.1007747 
616 462 5 7 0.100436136 
527 687 15 13 0.09994946 
629 650 15 11 0.099606976 
275 627 5 6 0.09945275 
217 688 28 20 0.09930819 
413 644 9 11 0.09910923 
462 703 17 16 0.09906022 
930 654 15 15 0.09882467 
855 750 12 11 0.09788404 
718 389 4 7 0.097702995 
576 679 17 15 0.09757499 
974 670 18 15 0.09655889 
40 708 23 21 0.095818944 
397 403 5 8 0.095114306 
620 750 29 19 0.0950789 
924 733 18 25 0.094982125 
993 487 6 7 0.09496329 
552 720 14 13 0.094204895 
518 384 4 7 0.09399546 
912 702 24 25 0.09336943 
715 399 7 11 0.092989944 
249 701 17 14 0.092837356 
911 729 19 27 0.09263221 
270 628 5 5 0.09220514 
590 707 16 13 0.09178583 
289 628 6 7 0.091639824 
269 632 8 8 0.09105753 
450 726 13 12 0.09018202 
242 642 18 12 0.08998033 
155 528 7 9 0.08991953 
438 351 9 12 0.08983294 
375 670 12 12 0.08910098 
271 415 5 7 0.088798106 
794 377 4 8 0.088241994 
87 446 7 10 0.08789131 
306 660 18 13 0.087701626 
331 744 30 22 0.087153524 
657 407 7 8 0.08690476 
699 735 26 24 0.08578468 
177 502 9 13 0.085393205 
583 403 6 8 0.08513528 
383 384 4 8 0.08497112 
324 514 8 11 0.08492948 
678 479 7 6 0.08490364 
444 749 25 20 0.08423876 
861 438 8 15 0.08404357 
706 704 21 20 0.083736345 
996 491 9 9 0.08336128 
413 407 5 12 0.08272897 
468 742 30 20 0.08225822 
961 664 22 21 0.082200475 
854 757 11 13 0.08196305 
544 655 16 14 0.08119864 
389 754 18 13 0.081166126 
609 689 16 12 0.08111495 
368 670 12 11 0.080494896 
808 702 23 25 0.08029517 
598 731 28 20 0.08019651 
256 471 8 11 0.079435304 
658 479 10 8 0.07931549 
590 418 5 9 0.0792821 
491 750 29 20 0.079234116 
991 491 8 9 0.07847266 
293 631 8 8 0.0778771 
239 730 62 40 0.077484876 
670 700 14 14 0.07733836 
34 712 13 14 0.077202365 
411 389 4 7 0.0766969 
581 749 62 37 0.07628509 
380 665 13 10 0.07619212 
439 670 11 12 0.07601643 
996 486 6 7 0.075864166 
390 701 17 14 0.075663336 
804 735 28 22 0.075496785 
681 402 5 7 0.07535273 
859 602 6 6 0.07518466 
233 390 5 8 0.075166985 
912 382 4 8 0.07513918 
825 719 15 15 0.07510553 
79 18 6 9 0.07508176 
493 441 5 8 0.07492473 
841 692 12 15 0.07488248 
314 519 6 8 0.07486167 
316 702 16 13 0.074825235 
663 481 9 9 0.07421118 
692 536 18 14 0.07402059 
568 735 28 22 0.07378785 
308 25 5 8 0.07298243 
307 324 7 10 0.072908826 
794 439 7 13 0.072842725 
626 657 11 13 0.072472714 
646 402 5 8 0.07215363 
861 433 7 12 0.0721386 
302 25 5 7 0.07172695 
262 357 6 8 0.07159398 
47 700 23 22 0.07131372 
450 729 65 38 0.07126045 
649 700 13 12 0.07112815 
623 540 19 12 0.071050525 
664 682 11 11 0.07073259 
688 714 21 22 0.070381284 
265 715 26 23 0.07037525 
699 401 4 8 0.06993302 
578 402 6 9 0.06980319 
282 395 5 8 0.0697655 
481 720 25 20 0.0696754 
434 729 24 23 0.06941864 
230 324 8 10 0.068906695 
723 699 22 20 0.06862519 
289 617 4 4 0.06845835 
891 381 4 9 0.06809151 
279 733 30 21 0.06763896 
209 240 6 9 0.067595065 
639 416 6 9 0.06698041 
693 402 4 8 0.066924855 
307 710 25 21 0.0666611 
336 701 15 11 0.06647034 
96 111 6 12 0.06639471 
357 721 22 23 0.066193715 
100 395 4 7 0.066035725 
290 631 6 7 0.06592223 
862 382 3 8 0.06582168 
944 742 23 25 0.06554503 
679 475 5 6 0.0655226 
89 394 6 8 0.064890735 
432 741 22 22 0.06483759 
732 717 22 28 0.06473728 
207 514 11 14 0.06470551 
910 510 8 8 0.0646491 
963 494 11 15 0.06421856 
519 428 4 8 0.06404432 
532 694 17 15 0.06396982 
694 706 24 23 0.06388551 
999 758 14 14 0.06384059 
612 716 13 9 0.06368964 
778 721 9 10 0.06348281 
795 757 14 14 0.063308544 
1006 487 6 7 0.063172705 
359 745 20 15 0.06290378 
49 392 3 6 0.06287513 
415 720 17 12 0.06270665 
64 447 5 9 0.062308706 
366 682 14 13 0.06217472 
479 257 6 6 0.06216687 
932 732 25 25 0.06186173 
964 692 27 28 0.061822176 
561 727 11 12 0.061749723 
257 403 4 8 0.061747763 
616 681 14 12 0.061745945 
321 51 5 7 0.06173047 
203 394 5 8 0.061572596 
685 415 6 9 0.061559375 
878 619 14 12 0.06147494 
133 392 7 12 0.061375704 
673 505 6 5 0.061374016 
321 115 5 7 0.061331216 
634 725 14 13 0.061232697 
74 392 4 6 0.061017133 
613 654 20 20 0.060916778 
942 683 24 23 0.060814243 
770 652 12 15 0.060666155 
50 400 5 9 0.06053476 
674 440 4 7 0.060425896 
132 34 11 13 0.06027025 
294 629 6 5 0.06020156 
763 391 5 8 0.060199425 
781 748 21 22 0.06019691 
214 492 11 16 0.060136408 
671 519 6 6 0.05990972 
956 751 16 16 0.05977366 
100 392 4 6 0.059708662 
672 492 9 8 0.059582893 
102 101 6 12 0.059239414 
485 689 26 19 0.059211195 
457 731 24 22 0.058953468 
294 717 28 23 0.058952346 
999 655 15 16 0.05893514 
193 665 14 16 0.058913138 
866 395 5 10 0.058832083 
737 401 6 8 0.058640968 
52 87 6 9 0.058587175 
560 728 23 20 0.058434032 
622 61 7 9 0.058360867 
481 656 14 13 0.058339328 
438 439 5 11 0.058251075 
346 722 21 20 0.058090255 
339 696 15 11 0.057983972 
1002 693 13 15 0.057919104 
246 476 9 12 0.057857938 
949 669 25 22 0.057834834 
932 372 3 7 0.05772401 
496 86 111 76 0.057676945 
978 685 20 25 0.05746639 
917 452 9 12 0.057381295 
243 489 10 15 0.057331253 
492 679 23 21 0.057213828 
615 712 22 18 0.057212904 
274 632 7 8 0.05720742 
288 739 14 10 0.05716893 
497 351 10 11 0.057138182 
510 662 11 11 0.05690688 
583 13 6 8 0.056652606 
925 721 50 43 0.056648325 
570 205 7 9 0.056174044 
324 644 12 12 0.056173805 
935 661 14 15 0.056049846 
743 398 4 6 0.056016106 
251 659 16 14 0.05584858 
204 454 9 15 0.055839173 
189 319 12 15 0.055748925 
412 386 3 5 0.055695232 
390 726 25 20 0.055645708 
557 743 25 20 0.055546902 
92 184 4 8 0.0554232 
413 695 12 10 0.055384953 
681 398 4 5 0.055359744 
601 406 6 8 0.05535094 
614 474 5 8 0.05527984 
635 416 6 9 0.05522899 
464 323 11 12 0.055079494 
105 145 4 9 0.055023074 
493 544 8 9 0.054889612 
268 746 29 23 0.054846603 
324 640 10 9 0.05484153 
272 525 11 14 0.05479521 
87 441 8 8 0.054770295 
688 707 13 12 0.054737806 
64 96 5 8 0.054718208 
563 500 20 29 0.05471383 
251 711 15 12 0.054625597 
472 703 21 20 0.054594383 
571 708 15 12 0.054558866 
586 684 22 18 0.054462094 
992 691 19 22 0.054382853 
530 349 11 12 0.054122444 
327 84 5 6 0.054071046 
322 627 5 5 0.05402671 
317 642 11 10 0.05396094 
1017 486 7 9 0.053823777 
1003 620 10 9 0.053779457 
749 732 23 22 0.05364959 
278 141 4 5 0.05358617 
653 416 6 9 0.053371206 
710 246 9 10 0.05328385 
48 400 4 9 0.053195603 
686 419 7 10 0.053037405 
307 632 7 6 0.052719228 
628 669 23 19 0.052684445 
283 628 6 7 0.05267177 
256 139 5 7 0.05260391 
296 610 4 4 0.052577347 
290 588 5 7 0.052553315 
676 438 3 5 0.052549683 
432 730 13 13 0.05250457 
575 745 35 24 0.05245172 
289 743 32 20 0.0524434 
695 531 11 11 0.05242987 
687 726 14 15 0.052356858 
510 37 10 13 0.052301526 
604 695 17 13 0.051970754 
306 328 8 12 0.051824704 
296 615 5 6 0.051674984 
431 651 14 11 0.05159551 
278 137 4 5 0.051323917 
295 620 6 5 0.051290687 
713 402 5 9 0.051179674 
909 673 17 15 0.05116522 
570 720 25 22 0.051080406 
540 726 11 12 0.05103457 
272 141 3 5 0.05092026 
315 657 14 13 0.050830238 
662 749 65 39 0.05071608 
636 400 4 4 0.050657526 
418 658 13 12 0.050640896 
504 682 18 14 0.050572846 
256 702 26 21 0.05044629 
294 760 36 21 0.050406195 
250 24 9 9 0.05035523 
340 726 16 14 0.050327305 
609 651 14 11 0.05014818 
250 135 5 7 0.050058104 
678 486 7 7 0.05004668 
68 462 7 17 0.049802773 
418 733 117 64 0.0497175 
278 514 11 15 0.04971594 
1012 482 5 5 0.049709372 
108 278 6 12 0.04969003 
368 701 21 25 0.049663205 
289 621 5 4 0.04964544 
612 741 58 37 0.049641434 
564 739 16 14 0.0496391 
195 683 51 43 0.049575407 
308 386 4 6 0.049460035 
571 670 14 11 0.049404547 
277 624 4 4 0.049402267 
264 726 15 13 0.049396995 
218 82 6 8 0.049362667 
284 621 5 5 0.049291562 
288 322 8 9 0.049270842 
579 658 12 9 0.049210135 
296 600 6 7 0.04909164 
513 123 63 40 0.049064513 
240 684 22 22 0.049019486 
446 663 10 12 0.048885062 
502 654 22 18 0.048743986 
667 519 6 6 0.04871739 
319 726 29 25 0.04841975 
674 403 5 6 0.048403513 
15 654 3 4 0.048315745 
208 309 11 12 0.04827949 
115 690 17 11 0.04826759 
846 587 5 6 0.048223495 
233 328 9 11 0.048168264 
470 621 258 142 0.048081394 
956 683 26 22 0.047932245 
302 589 6 6 0.04786876 
198 455 8 14 0.047787555 
647 416 6 9 0.047766313 
988 669 21 23 0.04775003 
625 195 61 57 0.047634732 
794 430 4 7 0.047583304 
698 415 7 10 0.04752055 
804 723 23 23 0.0475135 
532 683 13 11 0.047458567 
279 755 70 38 0.04738558 
596 416 5 10 0.047328193 
652 736 20 21 0.047322612 
660 505 7 6 0.047275864 
891 742 22 24 0.047236335 
531 728 20 21 0.047215316 
494 746 13 11 0.047200624 
160 198 10 10 0.047165018 
903 694 94 76 0.047094118 
846 585 4 4 0.047091354 
229 44 8 10 0.046978857 
244 26 8 8 0.046939474 
952 693 25 23 0.04691265 
331 387 3 5 0.046823543 
-2 -132 98 131 0.046778787 
664 494 8 7 0.04673988 
388 650 19 20 0.046692524 
987 703 14 17 0.04651588 
588 125 30 24 0.046491813 
708 406 7 9 0.04645009 
930 676 24 26 0.04643634 
679 513 6 5 0.046389848 
528 645 20 19 0.046133325 
137 40 13 19 0.04613057 
527 121 18 9 0.04612791 
456 707 23 25 0.046076532 
622 725 21 21 0.045774 
480 711 25 19 0.045693133 
839 387 5 10 0.04568259 
432 674 13 12 0.0456675 
515 724 14 14 0.04556883 
631 400 3 4 0.045530066 
837 594 6 6 0.045460407 
598 642 12 14 0.045356113 
491 387 5 9 0.045351267 
482 700 14 12 0.04533615 
585 655 13 11 0.045283128 
281 632 6 7 0.045278832 
672 513 6 5 0.04526057 
718 685 24 22 0.045248054 
931 745 23 22 0.045186985 
763 407 4 9 0.044987664 
379 655 15 11 0.04497648 
312 633 7 5 0.044975623 
412 402 5 9 0.044967193 
250 723 27 26 0.044928018 
283 142 4 5 0.044920057 
540 730 65 43 0.044913374 
911 420 5 11 0.044913333 
191 488 10 15 0.04476317 
363 664 12 10 0.044687636 
188 19 29 28 0.044652894 
755 651 7 8 0.044493362 
381 387 4 9 0.044472143 
498 403 5 8 0.044458203 
792 747 22 20 0.04440389 
639 743 27 21 0.04439422 
862 741 9 11 0.04438655 
630 682 14 11 0.044336177 
120 95 77 118 0.0443327 
502 671 24 18 0.044303022 
64 749 16 15 0.044239216 
111 409 5 8 0.044132322 
278 17 8 9 0.04411742 
532 743 28 23 0.044072617 
301 614 5 7 0.044033192 
914 726 11 16 0.043841533 
701 694 12 11 0.043804247 
887 744 45 39 0.043756977 
229 408 5 8 0.04375284 
936 679 53 44 0.043644983 
0 697 5 9 0.04363865 
609 141 34 34 0.04363151 
702 416 7 9 0.043549906 
669 478 9 8 0.043529883 
19 719 27 32 0.043517917 
105 197 4 9 0.04351212 
665 524 9 9 0.04347802 
228 644 33 20 0.043418072 
642 400 4 5 0.04337569 
291 609 3 5 0.04336323 
608 126 32 24 0.043292012 
599 73 42 42 0.043262262 
686 399 4 6 0.04325346 
1004 712 24 23 0.04320869 
294 588 5 7 0.043198183 
518 389 4 6 0.043176904 
765 420 4 9 0.043175623 
45 409 5 8 0.043153346 
185 658 17 20 0.043142363 
639 406 5 9 0.043134768 
103 118 6 12 0.043120775 
42 515 11 15 0.04311515 
272 148 4 5 0.043022648 
888 376 3 8 0.043007433 
390 724 57 38 0.04296752 
977 656 23 22 0.042897128 
95 216 92 117 0.04281911 
754 742 28 21 0.042804398 
930 441 5 8 0.042786296 
393 696 13 10 0.042751264 
135 431 7 13 0.042715166 
914 395 5 10 0.042669304 
947 499 7 10 0.042665973 
232 109 4 6 0.042583603 
336 640 13 9 0.04250762 
440 387 6 9 0.04250612 
769 706 22 26 0.042505663 
672 534 15 10 0.042466704 
93 178 4 9 0.04243026 
852 590 6 5 0.042386036 
511 130 33 19 0.042351574 
268 521 9 12 0.042345297 
891 364 4 8 0.04231608 
676 247 8 12 0.042301334 
301 621 5 5 0.042294335 
917 741 52 45 0.042289488 
301 139 6 7 0.04228119 
914 719 10 14 0.042246316 
825 745 17 12 0.04223411 
659 415 7 10 0.04213809 
762 433 6 11 0.042130418 
232 672 25 22 0.042085074 
415 203 9 9 0.042028017 
215 278 48 52 0.041995298 
74 426 7 13 0.041890685 
689 748 32 24 0.041789666 
666 504 5 5 0.041696463 
838 590 6 5 0.04169582 
432 681 13 15 0.041656252 
680 731 25 21 0.04160786 
302 191 47 43 0.041580934 
272 625 3 4 0.041423213 
132 451 7 13 0.041412055 
263 275 53 56 0.041395407 
284 661 45 35 0.04138491 
360 400 5 11 0.041338157 
461 84 6 8 0.041316617 
261 406 7 12 0.041295208 
402 58 91 97 0.0412835 
402 496 10 16 0.041254595 
152 196 8 10 0.04124771 
725 736 15 14 0.041199654 
999 678 18 21 0.04117331 
624 645 15 9 0.041172877 
-6 734 72 135 0.04115909 
863 378 3 8 0.041149653 
161 231 53 61 0.041062377 
293 692 18 15 0.04100822 
782 684 23 33 0.040961623 
862 427 6 10 0.04093434 
667 235 24 32 0.040930986 
215 664 29 23 0.040921416 
192 678 22 25 0.040893324 
928 477 8 12 0.04084525 
360 385 3 7 0.040787023 
759 717 10 9 0.040763263 
835 727 10 11 0.040709633 
251 131 4 5 0.040690895 
635 662 24 18 0.04068787 
751 743 14 14 0.040656578 
272 645 11 9 0.040619303 
459 350 7 10 0.040551424 
335 83 5 7 0.040513854 
289 594 6 8 0.040502567 
930 382 4 8 0.04049523 
719 712 13 15 0.04049347 
200 663 24 21 0.040477604 
306 516 7 9 0.04046378 
304 736 71 41 0.04044059 
544 124 46 23 0.040435694 
139 444 8 14 0.040434077 
394 551 8 6 0.040397443 
835 382 4 9 0.040396135 
282 147 5 7 0.04038169 
679 757 18 11 0.040349577 
362 689 19 21 0.040312916 
260 131 102 105 0.040255822 
463 729 13 15 0.040175196 
340 271 52 53 0.04015732 
299 733 29 21 0.040154915 
256 657 22 19 0.04014163 
90 221 7 16 0.04011829 
282 401 5 9 0.0400731 
291 667 21 20 0.040067147 
931 501 10 19 0.040005866 
311 646 22 20 0.03998771 
144 31 10 10 0.039935447 
258 357 5 8 0.039930843 
790 746 14 14 0.039908398 
131 389 5 10 0.03988279 
842 671 11 13 0.03984015 
913 373 3 6 0.03982643 
931 403 3 6 0.039820362 
274 321 7 8 0.039791625 
683 481 6 6 0.03978328 
45 457 6 13 0.039771218 
289 583 5 6 0.039729536 
254 396 3 6 0.03970204 
278 694 27 23 0.03967656 
295 584 4 5 0.03967372 
616 417 5 7 0.039629 
914 381 5 10 0.039615586 
279 638 9 8 0.03957694 
934 376 4 8 0.039558705 
823 694 11 15 0.03955146 
424 691 13 14 0.039521962 
232 49 9 10 0.039513428 
104 185 4 8 0.039510164 
52 392 3 6 0.039441425 
839 603 4 5 0.03942789 
255 393 3 5 0.039395865 
336 720 15 11 0.039360043 
196 572 104 99 0.03931515 
39 446 5 10 0.039286472 
212 409 4 7 0.039235312 
772 644 12 13 0.03923527 
291 702 28 25 0.03922896 
756 649 5 6 0.03919718 
179 665 109 71 0.0391334 
571 459 9 14 0.0390933 
195 189 86 102 0.039072957 
285 617 4 4 0.039039034 
752 711 26 23 0.039035413 
496 403 4 7 0.038988505 
934 435 5 7 0.038929444 
43 703 13 11 0.038869455 
768 741 55 40 0.038864344 
0 730 9 18 0.038862977 
664 499 7 7 0.038846835 
750 651 6 7 0.038835555 
559 77 50 45 0.038798466 
277 147 5 6 0.03876309 
912 395 4 9 0.038723096 
675 697 21 19 0.038717344 
726 710 21 23 0.038692523 
470 695 49 35 0.038624685 
42 402 4 8 0.038606014 
556 321 9 12 0.038604792 
10 720 9 13 0.038572043 
749 402 6 8 0.038568854 
737 749 24 21 0.03855935 
519 121 36 17 0.038538232 
224 77 5 7 0.038386058 
489 658 18 19 0.038332783 
479 191 8 9 0.03832252 
630 658 214 128 0.038322464 
486 733 28 23 0.038264632 
421 319 9 12 0.038244244 
616 451 3 5 0.03823942 
647 671 23 19 0.03823329 
1000 620 22 19 0.038124546 
275 638 8 8 0.038004555 
876 548 115 83 0.037921768 
693 526 5 5 0.037913103 
372 403 4 7 0.03789317 
283 734 14 11 0.037870683 
328 115 6 8 0.037859343 
987 487 6 8 0.037856493 
322 655 12 14 0.037849057 
428 170 23 22 0.037826072 
723 669 23 24 0.037807345 
628 210 24 29 0.037786886 
205 230 5 7 0.03778063 
416 740 23 22 0.037743703 
932 398 2 5 0.03773116 
283 654 20 20 0.0377107 
521 30 12 12 0.03766209 
836 743 27 23 0.037654337 
477 650 12 11 0.037653733 
24 460 9 22 0.03761278 
274 12 9 9 0.03757096 
87 390 5 6 0.037532736 
6 724 25 30 0.037528284 
301 629 5 5 0.037515428 
310 740 30 21 0.03751131 
761 427 5 10 0.03750088 
188 443 9 15 0.03749763 
231 105 4 5 0.037487045 
94 521 9 12 0.03747832 
309 395 3 7 0.03746718 
635 657 13 12 0.037446346 
207 237 5 8 0.03743661 
876 380 180 205 0.037398126 
157 626 200 131 0.037284933 
731 391 4 6 0.03723608 
338 83 6 7 0.037178494 
191 508 10 14 0.03714212 
590 400 4 6 0.03710276 
413 418 7 13 0.037102234 
567 495 13 19 0.037100706 
595 648 21 23 0.037067126 
968 728 20 29 0.037066944 
890 528 7 9 0.037023835 
853 595 5 4 0.037003595 
919 647 19 18 0.03699892 
233 394 5 8 0.036978748 
472 632 11 12 0.03696584 
525 699 23 21 0.03693361 
621 416 5 8 0.036911298 
227 82 7 9 0.03685185 
708 689 12 12 0.036841635 
518 396 5 8 0.036837876 
326 634 6 5 0.03681276 
289 599 5 8 0.036811087 
413 723 26 22 0.036782727 
739 399 4 6 0.03675959 
31 488 8 16 0.036726307 
514 127 16 10 0.036701944 
726 401 4 8 0.03665801 
293 595 6 8 0.036646564 
230 707 53 38 0.036612324 
547 688 12 11 0.036596622 
786 693 52 44 0.036593944 
426 657 10 10 0.036528032 
234 2 23 27 0.036520053 
1013 634 14 15 0.036519635 
212 681 14 12 0.03649673 
672 487 8 6 0.036460195 
106 453 7 11 0.036456514 
608 722 22 20 0.036429208 
267 719 13 12 0.036424164 
704 433 8 11 0.03634018 
774 733 23 25 0.03633504 
596 714 14 11 0.03632521 
22 655 4 4 0.036320794 
949 638 23 22 0.03632061 
157 476 9 16 0.036250174 
943 660 25 22 0.036234442 
850 617 11 9 0.03622437 
298 141 5 6 0.036211565 
286 241 111 94 0.03620899 
-8 397 58 141 0.036201335 
774 403 5 7 0.036181025 
857 591 6 5 0.036167562 
533 536 12 9 0.03615573 
260 59 98 109 0.0361431 
1009 683 11 14 0.035981055 
897 663 21 20 0.035959143 
44 413 6 10 0.035948776 
683 484 7 7 0.03589716 
609 398 4 6 0.035878938 
243 684 52 40 0.03585997 
224 82 7 8 0.03585471 
145 384 10 14 0.03584815 
314 628 5 5 0.03581637 
864 389 4 9 0.035790876 
172 261 56 55 0.03576853 
909 469 17 22 0.03572366 
264 141 4 6 0.03571543 
21 737 23 28 0.035715353 
250 748 32 33 0.03568554 
583 416 6 9 0.035639003 
223 655 30 21 0.03554556 
145 197 9 11 0.035535045 
359 246 94 91 0.035525147 
201 660 13 14 0.035515916 
737 686 47 43 0.035438087 
323 103 4 6 0.035423957 
810 601 47 42 0.035359193 
987 652 15 16 0.035357833 
319 672 21 20 0.035330437 
564 204 6 9 0.035325494 
656 527 26 19 0.035295125 
810 753 30 20 0.035259474 
116 104 6 13 0.035257567 
660 702 18 20 0.03524817 
248 633 9 6 0.03521799 
340 757 16 11 0.035207443 
769 630 23 28 0.0352031 
264 636 6 5 0.03518848 
934 646 25 23 0.035171907 
936 692 14 15 0.035129476 
537 473 47 55 0.035116434 
51 474 8 17 0.035103276 
329 706 14 12 0.035080675 
104 178 4 8 0.03507863 
506 738 50 35 0.035072252 
959 654 46 40 0.035044897 
457 664 11 11 0.035010587 
671 452 5 9 0.034993608 
549 696 19 19 0.034931988 
487 332 52 49 0.034898784 
675 541 15 10 0.034866583 
465 644 9 12 0.034853335 
719 690 12 11 0.03483403 
73 408 4 8 0.03482199 
304 21 4 5 0.034817472 
185 527 9 12 0.03481406 
724 656 21 23 0.034790423 
423 151 25 22 0.034769014 
328 50 5 8 0.034732115 
342 710 47 36 0.034698892 
208 526 10 12 0.03464991 
790 463 9 16 0.03462206 
391 171 109 95 0.03462119 
687 685 23 20 0.034619782 
468 684 23 21 0.034594942 
226 643 56 43 0.034577012 
26 393 4 11 0.034550086 
853 604 3 4 0.034515593 
245 714 22 23 0.034509797 
253 640 11 8 0.034491386 
576 704 24 17 0.03448068 
309 403 4 7 0.034402978 
277 662 14 12 0.034379214 
49 520 12 15 0.034376863 
300 632 7 7 0.03435856 
442 323 8 11 0.03435763 
74 402 4 7 0.034322906 
378 744 27 21 0.034317803 
516 389 4 6 0.034281187 
794 371 4 8 0.03425954 
968 639 20 23 0.034208275 
593 724 25 18 0.03417369 
793 395 5 10 0.034160998 
587 125 19 12 0.034137085 
906 627 95 80 0.034101803 
831 609 6 6 0.03409058 
836 377 4 8 0.03407888 
655 656 16 9 0.03407534 
110 157 4 10 0.034063637 
932 391 3 6 0.034043215 
439 163 23 23 0.034042835 
260 675 24 23 0.0340206 
0 709 5 10 0.034011263 
1005 693 21 21 0.033987742 
791 383 4 7 0.03394703 
732 690 27 24 0.03394323 
604 399 4 5 0.033866573 
325 708 25 19 0.033848092 
691 651 29 17 0.03384398 
146 509 7 12 0.033839483 
87 371 86 108 0.033816256 
270 410 5 8 0.033815064 
610 449 4 6 0.033804644 
327 45 4 6 0.03376604 
85 440 6 9 0.033761807 
107 514 10 14 0.033749625 
742 725 54 40 0.03374591 
456 217 108 105 0.033736654 
820 729 25 22 0.033736434 
851 614 8 7 0.033727113 
919 719 11 15 0.033726517 
451 670 12 13 0.033725116 
33 729 16 16 0.03371368 
644 81 40 49 0.033686582 
870 382 5 9 0.033622313 
253 33 22 26 0.03361793 
312 113 51 57 0.033612717 
857 742 21 23 0.033601087 
506 733 28 25 0.03355561 
303 585 4 5 0.03355292 
672 467 5 6 0.03354644 
246 687 11 10 0.033512942 
938 696 26 27 0.033508725 
809 718 14 14 0.03350145 
303 595 5 6 0.03349717 
468 739 15 12 0.03349148 
224 50 7 8 0.03347472 
580 122 86 82 0.033474054 
653 745 27 22 0.03342331 
331 51 6 8 0.033408936 
398 748 26 20 0.033408478 
961 739 21 27 0.03339404 
1007 483 4 5 0.033349276 
667 513 4 5 0.033348735 
888 744 11 18 0.033294864 
693 398 4 5 0.03326142 
996 701 23 24 0.033260748 
844 356 5 10 0.033244614 
548 648 23 17 0.03322722 
188 649 21 22 0.033211827 
392 354 10 13 0.03320811 
308 493 9 14 0.03319919 
223 697 24 24 0.033180702 
924 700 13 14 0.033158664 
139 508 9 15 0.033146948 
598 400 4 5 0.03312757 
511 540 5 5 0.033082727 
858 442 8 15 0.03304488 
96 138 5 10 0.03304333 
85 686 16 11 0.033033926 
602 636 22 20 0.032986898 
763 752 14 11 0.03297241 
14 738 13 18 0.032968096 
306 502 8 11 0.032945927 
730 697 13 10 0.032925066 
326 692 26 18 0.032858863 
108 395 5 8 0.032848854 
706 399 5 6 0.032808557 
934 440 5 8 0.03280739 
447 702 23 22 0.032791477 
110 403 4 7 0.032773215 
629 700 14 12 0.032772243 
303 609 5 6 0.032765925 
42 396 3 7 0.03275286 
590 628 22 23 0.03274171 
360 395 5 9 0.032728415 
633 644 16 10 0.032719374 
597 721 14 10 0.032707304 
454 149 27 25 0.032667693 
765 697 98 71 0.03266594 
727 751 59 41 0.032651827 
93 165 4 9 0.03262953 
322 625 4 3 0.032602828 
671 409 6 7 0.03260014 
269 640 22 19 0.032563385 
544 570 52 50 0.03251415 
363 659 12 9 0.032501377 
88 451 7 11 0.03249202 
96 126 6 11 0.03246649 
292 602 47 44 0.032442003 
76 402 5 8 0.032438226 
907 635 27 23 0.03243491 
9 646 4 5 0.032407805 
216 15 26 27 0.032379437 
846 603 6 5 0.032362036 
718 380 3 5 0.032353792 
423 751 27 23 0.032334283 
309 585 6 5 0.0323325 
289 142 4 5 0.032328967 
269 323 8 11 0.03231293 
439 664 11 10 0.03225779 
84 452 7 10 0.032233417 
1006 755 13 16 0.032195218 
383 544 8 7 0.032190476 
110 184 4 9 0.032174736 
710 716 15 15 0.032155428 
379 669 21 19 0.032146487 
371 -19 202 145 0.03213127 
218 29 23 28 0.032129817 
612 453 4 7 0.032108866 
558 620 47 42 0.03209909 
684 406 7 9 0.032077413 
314 641 9 7 0.03206681 
463 696 14 12 0.03203025 
290 746 14 11 0.03199044 
822 703 12 15 0.031987224 
743 471 6 8 0.03198139 
394 403 5 8 0.031970717 
526 35 11 14 0.031929996 
323 45 4 6 0.031909473 
863 450 8 14 0.031899687 
814 696 15 19 0.03187228 
830 612 7 8 0.03184412 
412 753 11 10 0.031841874 
578 724 54 35 0.031771243 
542 728 22 20 0.0317697 
53 515 10 14 0.031752862 
422 735 55 40 0.031741463 
502 710 25 21 0.031718843 
295 659 16 12 0.031718567 
998 636 22 22 0.03171026 
110 145 4 8 0.03170533 
190 244 96 99 0.0316989 
249 138 6 8 0.031675786 
904 451 9 13 0.031667612 
622 675 15 13 0.03163385 
684 475 5 5 0.03161937 
492 124 102 96 0.03160647 
759 753 28 20 0.031601865 
825 608 8 9 0.031599503 
96 534 8 11 0.031594932 
769 653 66 72 0.031591576 
469 727 24 21 0.031588078 
533 657 22 22 0.031583726 
978 726 24 25 0.031556264 
845 597 5 5 0.031553328 
562 209 6 8 0.031526215 
181 309 12 12 0.031512707 
476 661 21 21 0.031500686 
452 641 17 20 0.031472046 
601 716 24 17 0.03146129 
353 684 20 20 0.031455293 
224 323 9 11 0.031425696 
103 124 5 11 0.031394664 
660 731 23 19 0.03139073 
912 410 3 7 0.031386055 
54 711 29 26 0.031374473 
793 387 5 11 0.031362962 
763 415 4 9 0.031356435 
138 26 23 23 0.03134578 
503 88 56 44 0.031345285 
272 715 68 40 0.03132539 
847 667 23 25 0.031321317 
47 698 13 10 0.031314403 
9 641 4 4 0.03128605 
437 676 18 19 0.03127045 
191 67 95 97 0.031270172 
592 701 29 21 0.03126343 
309 522 6 9 0.031261325 
654 505 7 8 0.03125064 
840 371 4 8 0.031241562 
527 326 20 24 0.031237993 
366 357 7 10 0.031225989 
477 548 10 8 0.031215534 
289 271 56 56 0.031160051 
424 78 24 26 0.031139988 
91 215 7 12 0.031125348 
670 537 30 20 0.031089233 
911 413 4 9 0.031088267 
895 639 21 21 0.031086516 
443 746 16 14 0.03107093 
842 753 12 10 0.031051641 
213 304 10 13 0.031024074 
815 676 13 17 0.031023277 
300 754 19 12 0.031019807 
522 647 14 12 0.031018522 
683 505 7 7 0.03096801 
716 384 3 6 0.030938923 
26 400 4 12 0.030937623 
215 508 10 13 0.030932922 
122 87 5 11 0.030926418 
897 757 15 13 0.030925045 
513 668 14 12 0.030918129 
255 136 6 6 0.030902391 
220 77 5 7 0.030889856 
915 434 6 10 0.030884929 
309 30 5 7 0.030876732 
296 507 5 7 0.030868832 
934 370 4 9 0.030844547 
120 322 90 109 0.030838078 
344 690 22 19 0.03083097 
489 447 13 25 0.03082493 
245 19 21 20 0.030813988 
186 292 46 45 0.030789718 
110 170 4 10 0.030783372 
146 36 23 31 0.030782776 
270 12 21 20 0.0307746 
450 323 10 12 0.030730434 
877 533 6 6 0.030722966 
942 739 12 13 0.03071026 
670 525 8 6 0.030686421 
25 440 5 11 0.030679487 
42 391 3 6 0.030667422 
932 430 3 5 0.030660767 
151 201 9 10 0.03065835 
510 698 106 67 0.030656792 
176 -7 199 140 0.030653251 
40 438 6 11 0.03065172 
919 628 48 38 0.030639214 
345 351 8 11 0.030608257 
593 49 7 13 0.030589739 
666 399 5 6 0.030583741 
517 711 22 21 0.03056729 
496 64 51 47 0.030538432 
557 705 23 18 0.03053785 
51 147 5 8 0.03051091 
487 707 16 12 0.030488677 
936 418 3 4 0.03048163 
297 136 5 5 0.030463273 
369 722 25 23 0.030460272 
495 201 47 50 0.03042361 
213 665 56 40 0.030408109 
440 394 6 11 0.030405372 
41 735 60 50 0.030392054 
164 529 7 10 0.030369407 
314 157 54 58 0.030340122 
659 399 5 5 0.030338502 
567 167 44 49 0.030327307 
531 318 10 11 0.030315682 
953 628 27 21 0.030297847 
743 38 5 9 0.030285738 
30 373 98 116 0.030251287 
580 599 54 46 0.030246293 
265 628 5 4 0.030245077 
906 681 27 27 0.030234294 
252 720 13 12 0.030207288 
282 137 4 5 0.030200422 
582 483 7 10 0.030183382 
104 280 6 14 0.03017164 
852 609 5 5 0.030142818 
76 437 6 12 0.03011839 
927 531 6 8 0.030113585 
936 423 3 5 0.030087087 
124 184 5 11 0.030080965 
93 171 4 9 0.030072367 
969 490 9 13 0.03006835 
530 72 55 49 0.030049527 
432 99 107 83 0.03004826 
296 510 6 9 0.030031199 
706 745 29 23 0.030016676 
801 357 5 8 0.030011732 
655 399 5 6 0.02999799 
235 115 6 7 0.02999478 
273 9 9 7 0.02998831 
93 34 19 24 0.029987328 
254 484 9 13 0.029950958 
306 134 7 8 0.02994678 
834 738 14 12 0.0299181 
456 745 16 14 0.029910123 
1016 656 9 11 0.029885469 
991 504 8 13 0.02986184 
494 264 51 53 0.029849855 
611 54 39 46 0.029835569 
450 123 49 45 0.029820003 
655 706 12 15 0.029817522 
301 601 6 6 0.029807437 
96 144 5 10 0.029801106 
935 430 3 5 0.029793736 
103 457 9 13 0.02979273 
905 652 12 15 0.029789241 
92 190 4 9 0.029764708 
778 640 9 11 0.029755592 
491 494 16 30 0.029737728 
509 509 46 50 0.02973155 
903 763 30 26 0.029731264 
332 634 7 5 0.029723542 
393 691 12 9 0.029692058 
259 714 13 11 0.029690135 
496 357 11 15 0.029685533 
776 651 10 11 0.029684601 
157 533 10 12 0.029683087 
55 135 87 127 0.029660136 
597 683 13 10 0.029659515 
327 109 6 7 0.029641833 
739 51 4 7 0.029624349 
124 178 5 9 0.02962125 
838 394 5 11 0.029603433 
420 651 12 10 0.02959739 
914 371 5 9 0.029596686 
313 594 50 46 0.029595269 
355 739 16 14 0.0295745 
113 412 7 11 0.02956188 
118 169 43 56 0.02953629 
163 405 9 15 0.02952681 
680 392 4 5 0.029517122 
79 688 32 22 0.02951369 
321 95 5 7 0.029512824 
305 391 4 5 0.029507162 
310 752 33 21 0.029491005 
0 638 4 6 0.029489748 
458 545 7 6 0.02948436 
68 112 10 15 0.02948027 
931 410 3 5 0.029464146 
343 734 61 39 0.029460125 
208 143 87 100 0.0294185 
37 462 8 18 0.029417656 
520 423 4 7 0.029404875 
711 419 6 10 0.02939323 
228 315 19 22 0.029371863 
671 425 6 8 0.029369906 
83 93 7 10 0.029361784 
751 649 5 5 0.02936152 
844 383 5 10 0.029355308 
104 190 4 9 0.029352281 
727 661 11 12 0.029322248 
326 507 6 9 0.02932122 
932 436 3 6 0.029275095 
596 130 15 11 0.029267466 
341 734 31 24 0.029217977 
248 731 11 12 0.029211767 
330 640 11 10 0.029206928 
582 673 26 20 0.029201236 
1006 624 12 10 0.029197728 
497 146 24 25 0.029161304 
372 406 5 9 0.029154558 
311 710 49 35 0.029147144 
672 500 6 6 0.029146634 
602 415 6 9 0.02912452 
127 94 7 14 0.029122105 
666 655 17 10 0.029119639 
235 329 48 49 0.029113108 
833 652 23 28 0.029112553 
637 687 13 10 0.029100848 
469 11 30 23 0.029100528 
306 602 8 8 0.029097384 
479 545 8 7 0.029090496 
539 717 20 18 0.029075839 
97 413 5 8 0.029072365 
157 257 5 6 0.0290569 
90 386 5 6 0.029046278 
844 344 5 9 0.029039368 
86 140 5 9 0.029021302 
923 522 6 9 0.029008355 
302 135 6 7 0.028985232 
91 196 5 11 0.028977426 
901 716 9 9 0.028972011 
196 89 47 53 0.028967025 
814 432 6 11 0.028964713 
270 706 15 12 0.028952673 
303 506 5 8 0.028944997 
346 711 20 19 0.028934734 
888 371 3 8 0.028918216 
877 536 8 7 0.0288959 
363 734 27 22 0.028888024 
235 66 21 24 0.028886272 
713 719 25 23 0.028883317 
831 676 9 12 0.028881844 
513 241 7 8 0.028869504 
952 488 8 12 0.028851481 
113 514 10 14 0.02884421 
203 24 78 84 0.028840749 
150 350 48 58 0.028833596 
866 747 11 12 0.028830884 
349 720 13 12 0.028826252 
210 61 22 27 0.028813375 
891 357 4 9 0.02879988 
495 237 46 47 0.028774139 
206 721 20 29 0.028764512 
220 72 5 6 0.028730119 
209 245 8 11 0.02872913 
986 619 48 48 0.028696366 
727 737 26 24 0.028666496 
230 42 22 23 0.028655794 
790 587 50 42 0.028625887 
617 420 4 7 0.028584085 
198 71 25 28 0.0285724 
110 178 4 8 0.028541442 
642 644 14 9 0.028540151 
28 748 26 29 0.028497078 
84 145 5 9 0.028482763 
645 696 12 10 0.02847932 
65 718 32 30 0.028466566 
362 674 15 13 0.028459795 
314 256 54 56 0.028449658 
492 318 6 9 0.028444642 
399 650 12 14 0.028422026 
917 668 25 25 0.028419983 
196 301 9 14 0.028419241 
845 607 6 6 0.028418005 
43 419 7 12 0.028394986 
844 350 5 10 0.028381413 
696 42 7 11 0.028336976 
321 634 6 5 0.028332775 
647 399 4 5 0.028290553 
296 579 4 4 0.02828795 
296 739 13 11 0.028287023 
848 627 29 20 0.02828304 
625 707 13 12 0.028280944 
1011 672 20 25 0.028249392 
1009 647 22 26 0.02824744 
905 714 22 24 0.028247414 
73 29 17 23 0.028216457 
455 682 23 19 0.028206432 
553 710 54 35 0.028203031 
60 402 5 8 0.028198685 
423 653 21 17 0.028188573 
493 315 6 7 0.028180411 
211 702 25 29 0.028178528 
936 397 3 6 0.028150825 
794 363 4 10 0.028130686 
738 392 3 5 0.028122999 
247 137 4 5 0.028110724 
268 7 10 7 0.028106868 
331 751 14 12 0.028104234 
955 632 12 11 0.028095366 
237 110 5 5 0.028089529 
368 123 97 99 0.028074047 
264 136 4 5 0.028058777 
396 413 7 11 0.028055092 
621 399 5 6 0.028037671 
488 396 5 8 0.028034166 
233 701 13 12 0.027994622 
439 711 50 38 0.027981002 
942 712 27 30 0.0279753 
174 676 46 46 0.027968772 
910 750 25 24 0.027964067 
889 731 10 17 0.02795405 
272 495 10 14 0.027929092 
834 388 5 9 0.02792764 
207 219 47 54 0.027924985 
540 650 15 13 0.027898602 
54 734 25 30 0.027880244 
865 399 5 12 0.027878275 
500 99 202 155 0.027870994 
929 705 14 16 0.027852014 
558 654 43 35 0.0278349 
712 445 6 11 0.027832923 
204 309 45 44 0.027827596 
495 646 14 11 0.027824359 
912 402 3 7 0.027823765 
169 660 4 6 0.027820313 
188 78 19 25 0.02779647 
571 645 16 10 0.027788086 
160 495 9 14 0.02776232 
692 529 7 6 0.027761845 
616 407 7 8 0.027750308 
854 633 13 8 0.027745593 
873 609 4 4 0.027731279 
393 663 12 11 0.027716164 
634 128 50 49 0.027713738 
329 641 22 17 0.027703973 
75 106 8 10 0.027677065 
626 668 11 12 0.027669376 
136 262 5 7 0.027660677 
859 595 5 5 0.027652578 
512 694 23 20 0.027637376 
580 211 7 8 0.027634187 
852 583 5 4 0.02763291 
881 536 7 8 0.027605051 
100 105 14 25 0.027597161 
716 405 6 11 0.027586922 
844 376 5 9 0.027580135 
175 312 40 40 0.027565258 
403 556 476 302 0.027559947 
384 418 5 12 0.027550783 
697 679 21 20 0.027546706 
917 720 22 28 0.027515631 
240 687 11 11 0.027515186 
164 478 8 12 0.027505504 
520 733 14 12 0.027501637 
218 262 7 9 0.02747858 
339 706 15 12 0.02747157 
1000 722 25 26 0.027471494 
287 147 6 6 0.027460946 
978 386 7 12 0.027458362 
329 656 12 11 0.027457645 
144 80 22 32 0.027451484 
408 754 23 20 0.027450863 
412 715 16 11 0.027428458 
392 661 23 24 0.027421014 
571 651 15 9 0.027411904 
902 469 9 14 0.02741009 
490 650 13 12 0.027407017 
152 684 9 7 0.027405135 
714 380 3 4 0.027344573 
101 220 7 15 0.027341329 
630 218 11 16 0.027323646 
459 645 9 12 0.027309388 
892 474 9 14 0.027282557 
270 17 8 8 0.027273757 
660 513 6 6 0.027270827 
572 663 12 10 0.027243458 
195 33 46 49 0.027234342 
253 28 10 10 0.02723144 
110 163 4 11 0.027222779 
775 715 24 26 0.02721296 
988 688 13 15 0.02720722 
660 525 6 6 0.02720272 
814 427 5 10 0.027188042 
526 341 20 22 0.027178613 
541 644 11 10 0.027176758 
702 531 9 9 0.027175207 
303 747 15 10 0.02713209 
700 745 56 39 0.027093614 
70 106 7 11 0.027083153 
439 688 105 73 0.027077228 
376 494 9 14 0.027066706 
221 74 21 24 0.02706293 
830 630 42 41 0.027053898 
188 33 22 30 0.027052708 
519 25 21 24 0.027049545 
96 177 4 9 0.027046245 
837 413 7 13 0.027030034 
210 469 10 18 0.02700877 
853 578 5 5 0.026995879 
578 732 15 13 0.02698753 
841 584 5 6 0.026985038 
610 68 21 26 0.026971422 
306 588 8 7 0.02697044 
692 392 4 5 0.02696863 
245 39 21 25 0.026962906 
488 752 16 12 0.026959427 
356 663 11 10 0.02694219 
2 636 4 6 0.026940502 
243 109 6 6 0.026931765 
577 59 44 47 0.02692357 
927 705 28 31 0.026921336 
428 671 9 10 0.026914978 
400 643 10 13 0.026888464 
234 450 8 14 0.026882352 
202 504 10 12 0.026874268 
153 191 8 9 0.026864922 
340 666 19 19 0.026852878 
322 109 5 6 0.026848955 
760 650 8 10 0.026847769 
314 636 21 19 0.026847413 
969 656 13 11 0.026836112 
801 338 4 8 0.026827693 
986 667 14 15 0.026809813 
714 390 3 6 0.026804615 
227 405 4 6 0.026795145 
936 391 3 6 0.026793169 
98 403 4 7 0.026758626 
698 16 5 10 0.026735548 
64 34 17 25 0.02673153 
46 35 96 115 0.026718546 
28 699 21 25 0.026715172 
235 321 7 8 0.026699765 
893 490 9 14 0.026685104 
241 703 11 10 0.026684536 
800 383 5 9 0.02668293 
498 17 23 23 0.02667839 
713 684 12 10 0.02667676 
122 93 5 12 0.026668519 
579 705 50 34 0.02665488 
569 249 6 7 0.026642997 
934 363 5 10 0.02664103 
652 495 10 11 0.026638506 
170 651 19 26 0.026621649 
142 263 4 6 0.026615545 
132 93 9 15 0.026613316 
860 413 5 10 0.026593503 
391 748 16 12 0.026588641 
903 644 43 36 0.026568135 
519 545 6 6 0.02655836 
801 351 4 8 0.026557459 
486 401 5 9 0.02655667 
489 741 14 11 0.026537336 
176 522 10 12 0.026528617 
771 370 4 7 0.026526991 
601 50 6 10 0.026525784 
631 656 44 34 0.026518486 
68 429 48 55 0.026505385 
310 579 4 4 0.026496848 
59 396 4 7 0.026494225 
436 34 98 85 0.026460629 
414 496 10 18 0.02645921 
587 640 12 11 0.02645564 
40 419 5 12 0.026447266 
533 635 25 22 0.026424918 
561 109 58 38 0.02641728 
659 532 12 9 0.026411433 
445 63 24 29 0.0264109 
175 47 21 29 0.026395045 
869 223 103 102 0.026393961 
439 419 8 14 0.026384631 
506 319 6 9 0.026373016 
508 650 14 11 0.026363326 
103 140 5 9 0.026346985 
988 631 23 22 0.026341587 
188 305 20 27 0.02631706 
271 137 4 5 0.026310874 
932 424 3 4 0.026303392 
602 659 24 22 0.026297802 
439 148 27 24 0.026281305 
648 407 6 8 0.026279358 
814 371 4 8 0.02627901 
189 463 9 16 0.02627436 
223 355 6 6 0.026271718 
241 708 11 12 0.026268324 
904 370 4 8 0.026261905 
227 109 4 5 0.02624638 
971 626 20 22 0.02621017 
242 328 9 11 0.02620781 
838 400 5 11 0.026207572 
673 460 5 8 0.02618302 
649 222 31 34 0.026181221 
819 382 5 10 0.026169717 
104 409 4 6 0.026142318 
910 427 5 9 0.026142288 
65 402 5 8 0.026140096 
794 717 50 38 0.026125453 
558 205 7 9 0.02611384 
10 756 12 16 0.026109608 
3 753 14 18 0.026109092 
279 645 11 10 0.026103945 
290 640 5 6 0.02610166 
675 257 24 28 0.026080517 
158 400 9 14 0.026077714 
996 676 11 12 0.02606578 
848 633 11 9 0.026061181 
757 409 4 7 0.02605369 
595 322 9 13 0.02603897 
76 184 6 10 0.026032561 
152 494 8 13 0.026003344 
862 608 6 6 0.025983762 
815 758 15 11 0.025983114 
336 656 11 11 0.025975922 
216 262 17 25 0.025975313 
163 50 24 30 0.025972655 
176 515 10 11 0.025970194 
104 151 4 10 0.025969502 
218 1 26 26 0.025966424 
101 44 19 25 0.025963748 
897 675 22 24 0.025953332 
528 536 25 20 0.02594498 
278 738 14 12 0.025920376 
334 676 22 21 0.025900539 
879 376 4 9 0.025896568 
233 386 4 6 0.025885496 
96 185 4 7 0.02588204 
685 511 6 6 0.025880389 
308 623 5 4 0.025879836 
126 185 109 114 0.025866183 
351 192 99 94 0.025865678 
183 508 10 12 0.025859406 
188 323 45 53 0.025858784 
870 728 46 42 0.02585234 
437 655 11 13 0.025850682 
104 202 5 11 0.025826136 
264 147 5 6 0.025825214 
549 188 42 46 0.025821183 
493 396 5 8 0.02581195 
316 685 26 20 0.02581017 
322 696 14 11 0.025808394 
799 434 5 10 0.025779774 
315 667 13 12 0.02577156 
108 390 5 8 0.025763718 
103 186 41 55 0.025740428 
960 590 97 86 0.025733108 
635 71 17 27 0.025729043 
471 249 47 48 0.02572804 
882 343 6 11 0.025725279 
290 578 3 4 0.025725048 
97 409 5 7 0.025720967 
822 670 20 25 0.025703527 
182 733 18 32 0.025682565 
232 114 6 7 0.025676338 
147 186 6 8 0.025667088 
640 29 6 11 0.02564732 
679 448 4 7 0.025639366 
761 534 6 4 0.025615199 
496 449 9 17 0.025578713 
768 378 5 7 0.025575062 
903 763 17 14 0.025569146 
485 548 9 8 0.025567772 
371 351 6 7 0.02555043 
508 13 43 44 0.025537957 
507 315 6 6 0.025533836 
355 245 51 56 0.025532328 
186 531 17 28 0.025530877 
714 398 4 6 0.025528772 
617 712 40 31 0.025522508 
11 630 153 126 0.025519848 
679 500 7 6 0.02551524 
330 696 13 10 0.025494877 
831 349 7 11 0.0254902 
438 426 5 10 0.025485463 
155 252 5 5 0.025477827 
243 671 240 131 0.02544912 
960 712 24 28 0.025442079 
605 655 16 15 0.025439156 
416 384 4 8 0.025428548 
26 426 4 12 0.025416711 
751 420 6 9 0.025393708 
190 450 14 24 0.0253868 
606 407 6 8 0.025365984 
306 607 7 7 0.025349766 
294 639 7 7 0.025346514 
119 738 56 50 0.025323458 
740 536 16 9 0.025321212 
299 323 47 51 0.025312904 
576 641 25 18 0.025306564 
472 544 9 7 0.025303993 
108 234 6 12 0.025300607 
581 215 7 9 0.025300132 
615 685 24 18 0.02529938 
487 545 6 7 0.025297496 
913 645 13 16 0.025280667 
522 756 29 25 0.025278237 
793 401 5 9 0.025271052 
391 738 14 11 0.025266455 
271 668 22 22 0.02526465 
33 662 4 3 0.02526138 
905 477 17 23 0.025242427 
570 200 6 8 0.025239509 
598 104 53 43 0.02522892 
412 700 13 12 0.025202125 
248 329 9 11 0.025195586 
245 139 6 6 0.025191976 
409 649 9 12 0.025181182 
108 501 9 13 0.025179008 
232 404 4 6 0.0251516 
650 733 12 11 0.025147483 
744 392 3 5 0.025123179 
224 72 5 6 0.025121225 
66 91 4 6 0.025113778 
178 162 23 30 0.025112411 
793 408 5 9 0.025104208 
314 402 5 8 0.02509379 
513 650 24 21 0.025092266 
886 364 4 8 0.02509085 
76 407 5 9 0.025087764 
290 723 15 13 0.025083726 
358 355 8 12 0.025070282 
141 185 6 8 0.025060669 
83 458 7 11 0.025057979 
372 396 5 8 0.02505777 
312 587 8 7 0.025053473 
457 164 24 23 0.025040824 
420 677 19 20 0.025033463 
469 184 49 51 0.025031596 
108 211 8 15 0.025030991 
670 688 14 13 0.025016692 
252 433 5 9 0.025012027 
779 662 7 10 0.025011353 
461 423 7 15 0.02500753 
654 672 39 34 0.025002578 
105 385 3 5 0.024998333 
576 713 15 13 0.024997603 
428 153 55 56 0.024977975 
133 420 7 12 0.024959236 
788 363 5 9 0.024955587 
879 349 5 11 0.024953617 
104 34 13 15 0.024937727 
201 245 44 50 0.024936926 
152 447 8 16 0.02493678 
321 724 16 14 0.024936417 
917 510 10 12 0.024933388 
239 263 52 56 0.024929706 
801 363 5 9 0.024915814 
577 756 16 13 0.024912506 
109 190 5 10 0.024902364 
361 715 14 15 0.024902225 
905 736 12 16 0.024901222 
774 639 8 10 0.024886413 
52 408 4 9 0.024885867 
505 169 50 54 0.02488116 
850 753 11 10 0.0248795 
294 352 5 7 0.024870124 
759 383 4 6 0.024865396 
650 688 12 10 0.024858506 
882 349 6 11 0.024854057 
471 648 12 13 0.024849052 
709 680 22 20 0.02484588 
996 661 21 23 0.024829118 
199 304 19 21 0.024821358 
963 460 9 13 0.024804788 
574 16 7 11 0.024794035 
235 27 23 27 0.024786836 
386 709 16 15 0.024781452 
223 535 18 26 0.024779579 
245 594 56 56 0.024776187 
594 116 31 21 0.024774984 
466 638 10 10 0.024770165 
38 521 9 11 0.02476755 
27 656 3 3 0.024728967 
408 550 10 8 0.024720028 
280 386 3 6 0.024705801 
322 87 92 105 0.024698758 
381 753 14 10 0.024683097 
448 640 6 7 0.024681794 
566 419 5 6 0.024677703 
83 434 7 10 0.024665115 
289 127 22 24 0.024662625 
504 705 50 37 0.024645362 
454 640 7 8 0.024642674 
295 681 16 13 0.024638176 
1 647 4 7 0.02463613 
895 376 5 9 0.024629386 
840 608 5 6 0.024625156 
657 733 11 12 0.024624752 
934 349 6 11 0.024612706 
919 467 17 21 0.024603762 
511 543 6 6 0.024596833 
994 650 13 13 0.02459526 
455 82 6 8 0.024587186 
1015 670 10 11 0.024576439 
405 150 26 24 0.024573136 
832 444 7 15 0.024571557 
876 24 93 105 0.02456212 
53 687 16 10 0.024549384 
280 204 46 47 0.02454501 
896 350 5 10 0.02453919 
911 388 5 10 0.024530424 
103 402 5 7 0.024528123 
605 682 12 10 0.024518 
121 -1 42 43 0.024510218 
558 76 23 26 0.02450928 
70 297 77 128 0.024505915 
0 710 19 24 0.02449133 
991 374 6 13 0.024489872 
329 516 8 10 0.024488563 
610 550 13 9 0.02448581 
350 351 7 10 0.024482815 
746 702 25 22 0.024480639 
286 589 4 6 0.024479553 
109 196 6 11 0.02446455 
836 448 10 19 0.024460906 
229 712 22 26 0.024453644 
497 546 10 11 0.024447441 
544 49 6 9 0.024434615 
579 670 13 11 0.02443267 
251 651 15 9 0.024424778 
226 7 44 44 0.024401102 
626 132 26 26 0.02439732 
490 6 29 23 0.024386149 
1008 632 13 12 0.02438016 
614 385 4 7 0.024379335 
94 452 8 11 0.024377607 
129 517 17 24 0.024371656 
91 485 40 45 0.0243711 
192 287 19 27 0.024364555 
203 85 23 25 0.0243605 
119 85 16 30 0.02435404 
2 725 13 19 0.024351899 
765 720 10 12 0.024351683 
79 20 11 13 0.02434013 
943 389 4 8 0.02433504 
882 657 24 21 0.024330365 
415 261 48 50 0.024327464 
260 477 7 11 0.024326151 
215 664 12 10 0.024321133 
464 171 11 10 0.02432108 
904 376 4 9 0.024315229 
352 598 99 88 0.024306115 
568 658 13 10 0.024296088 
674 722 22 19 0.024291283 
21 650 3 3 0.024278289 
259 646 23 21 0.024268761 
871 645 24 23 0.024267199 
840 676 22 26 0.024263611 
90 526 17 23 0.024262333 
871 355 5 11 0.02425732 
621 131 15 12 0.024252424 
139 405 8 15 0.02425221 
51 718 13 14 0.024245845 
684 28 8 13 0.024245802 
226 103 5 7 0.024238763 
96 252 6 15 0.024223601 
467 137 54 48 0.024220094 
947 381 6 11 0.024219891 
225 267 21 22 0.02421222 
127 278 7 13 0.024204975 
822 683 22 27 0.024202773 
724 397 5 8 0.024187434 
114 278 6 14 0.024183149 
942 601 50 41 0.02418161 
416 663 19 20 0.024176946 
691 513 5 5 0.024164585 
572 687 43 32 0.024159899 
65 458 7 14 0.024159767 
482 401 6 9 0.024156306 
925 398 3 6 0.024138179 
378 697 15 16 0.024138149 
303 578 4 5 0.024134539 
384 552 7 5 0.024122946 
167 691 4 6 0.02411807 
649 643 15 9 0.024110708 
165 158 26 28 0.024107566 
401 729 26 23 0.024096686 
347 675 19 21 0.024078563 
248 5 25 23 0.024077263 
674 399 4 5 0.024071135 
123 163 5 10 0.024069205 
255 635 7 5 0.024056273 
463 549 11 9 0.024054825 
514 121 15 9 0.024046067 
899 508 5 9 0.024039153 
145 190 9 9 0.02403876 
185 438 8 15 0.024036579 
479 514 11 17 0.024033828 
107 283 6 15 0.024033582 
282 113 48 57 0.024032742 
529 541 12 10 0.02403111 
909 758 15 13 0.024021966 
74 162 8 13 0.024010729 
687 234 20 30 0.024009077 
203 73 9 11 0.024006676 
746 729 13 16 0.024001446 
766 433 6 13 0.023995068 
467 145 28 25 0.023982486 
668 706 41 37 0.023981158 
334 87 6 8 0.023970246 
159 443 8 16 0.023965413 
189 521 11 14 0.023955856 
725 391 4 6 0.023948155 
821 689 10 13 0.023946395 
598 633 10 10 0.023940131 
313 288 52 50 0.023938103 
647 376 6 7 0.023932941 
801 344 4 8 0.023931492 
862 601 6 6 0.023929168 
809 382 4 9 0.023919003 
253 404 4 5 0.023912204 
510 560 104 85 0.023901941 
288 587 18 22 0.023900764 
144 11 37 39 0.023900695 
652 541 17 11 0.023887482 
229 310 45 44 0.023886051 
570 199 21 25 0.023878902 
44 752 27 32 0.02387237 
838 425 7 12 0.023872364 
280 330 8 10 0.02386917 
569 592 7 8 0.023866596 
994 483 4 4 0.023853265 
508 385 4 6 0.023838125 
865 370 4 9 0.023833675 
353 702 21 23 0.02382673 
48 386 3 5 0.02382316 
29 461 8 19 0.02376363 
801 387 4 10 0.023745146 
639 327 102 108 0.023733553 
218 49 22 27 0.023719579 
453 76 7 9 0.023708593 
870 394 5 13 0.023699135 
375 653 13 9 0.023696356 
801 691 14 16 0.023691121 
118 529 11 13 0.023688965 
517 82 25 30 0.02367621 
488 683 14 13 0.023675036 
791 377 4 7 0.023669254 
32 439 5 11 0.023654768 
178 447 9 16 0.023651041 
470 158 25 26 0.023648787 
268 685 26 24 0.023647323 
611 89 21 21 0.02363705 
1000 760 22 29 0.023630684 
709 538 10 8 0.023629291 
377 545 8 7 0.02362811 
395 423 8 14 0.02362731 
852 716 22 26 0.023622457 
481 670 21 22 0.023617499 
942 377 4 8 0.02361466 
433 715 14 11 0.023611374 
164 450 10 17 0.023608165 
844 362 5 10 0.02360676 
795 332 4 7 0.023593124 
699 399 4 5 0.023592956 
760 379 3 6 0.023589626 
298 165 99 93 0.023577774 
484 326 10 14 0.023574915 
978 637 11 14 0.023565691 
266 441 3 7 0.02356486 
315 623 5 4 0.023564171 
103 95 6 10 0.023557486 
572 583 4 5 0.023550637 
104 171 4 9 0.02354647 
763 402 5 11 0.023544267 
645 705 95 71 0.023541085 
376 191 24 22 0.023539055 
768 646 8 10 0.023538547 
465 762 41 25 0.023533575 
813 64 95 104 0.023525953 
462 395 5 10 0.023523249 
557 569 114 89 0.023521038 
679 505 6 5 0.023518974 
379 687 26 19 0.02350407 
251 144 48 58 0.02350363 
122 160 17 29 0.02350073 
6 702 6 8 0.023499845 
271 391 4 6 0.023497704 
174 700 22 28 0.023496417 
327 41 4 6 0.02348798 
673 448 4 7 0.023484852 
467 256 5 6 0.023481688 
482 732 13 11 0.02346656 
412 396 4 8 0.023463793 
337 180 10 13 0.023462996 
257 353 6 7 0.023461796 
311 614 23 22 0.023460671 
512 343 22 25 0.023447428 
417 319 8 11 0.02344456 
295 145 7 7 0.02343606 
763 648 5 6 0.023435676 
103 272 6 15 0.023420023 
790 659 27 33 0.023406086 
871 405 6 13 0.023397055 
401 328 9 12 0.023386007 
790 396 4 8 0.023385115 
203 540 18 30 0.023377098 
413 758 12 11 0.023371935 
775 715 8 9 0.02336874 
931 364 3 8 0.023368001 
840 363 5 9 0.023363134 
885 382 5 9 0.023359857 
132 525 9 13 0.023327978 
277 395 5 7 0.023327423 
475 714 16 14 0.023317246 
365 748 28 19 0.023316665 
47 3 11 16 0.02331277 
879 692 21 25 0.02329302 
739 713 10 11 0.023286557 
504 40 12 13 0.023280514 
861 388 4 9 0.023279475 
90 208 6 12 0.023274107 
57 265 7 11 0.023273598 
605 715 12 10 0.023264484 
334 78 5 6 0.023252316 
954 431 101 109 0.023248151 
358 42 6 9 0.02324206 
10 736 47 57 0.023241358 
150 479 11 19 0.023230676 
102 526 20 23 0.023227684 
790 402 4 8 0.023226256 
5 657 7 8 0.023217203 
289 136 5 5 0.02321662 
326 519 8 12 0.023209928 
96 151 5 10 0.023209916 
850 640 47 39 0.023200074 
687 392 4 5 0.02319735 
647 663 15 11 0.023184406 
180 658 8 11 0.023177182 
590 86 23 26 0.02317457 
176 680 21 28 0.023173241 
859 395 5 10 0.023172641 
321 407 6 8 0.02316979 
338 87 6 7 0.023165014 
657 69 19 30 0.023164308 
967 679 17 16 0.023162246 
910 349 5 10 0.023141244 
510 470 44 54 0.023131493 
516 381 3 5 0.02312783 
159 685 5 6 0.023127107 
682 531 8 7 0.023118408 
492 190 23 23 0.023116965 
90 138 5 11 0.023115767 
91 102 5 9 0.023108631 
518 37 19 23 0.023106834 
461 249 5 8 0.023102207 
220 404 4 6 0.023096956 
305 341 10 12 0.023096181 
199 647 21 21 0.023086978 
403 651 18 20 0.023083413 
164 535 104 101 0.02307947 
934 356 5 11 0.023065262 
708 696 44 35 0.02306354 
316 217 48 45 0.02305678 
589 173 5 7 0.02304779 
616 378 4 6 0.023043886 
699 240 21 26 0.023043608 
203 521 11 12 0.023033401 
206 275 20 26 0.023030585 
282 539 19 30 0.023028089 
493 346 19 20 0.023024922 
585 661 12 12 0.023024369 
466 544 8 6 0.023013575 
972 484 7 11 0.02301334 
231 17 23 24 0.023006096 
254 328 9 13 0.023000546 
341 714 14 11 0.023000287 
158 286 9 10 0.022998713 
521 658 23 21 0.022994248 
195 528 17 22 0.022962807 
769 639 6 7 0.022962486 
252 646 94 72 0.022962168 
132 44 12 19 0.02296179 
506 92 22 23 0.02295982 
904 248 51 57 0.022957822 
75 177 7 10 0.022957284 
284 726 13 12 0.022935562 
287 328 9 11 0.022930296 
495 40 21 26 0.022926712 
976 652 13 14 0.02291116 
365 353 7 8 0.022906749 
210 487 10 17 0.022906052 
473 22 25 25 0.022894798 
148 61 25 33 0.022882707 
935 383 4 8 0.02288066 
934 343 6 11 0.022874521 
141 190 8 9 0.022871548 
814 387 4 11 0.022858359 
191 391 19 25 0.022858353 
795 561 110 90 0.022851175 
83 88 8 11 0.022848736 
895 336 6 11 0.022847828 
142 256 4 7 0.022847423 
852 344 5 9 0.022847295 
634 86 19 27 0.022845995 
443 257 4 5 0.022844527 
16 527 9 16 0.022841008 
409 636 19 21 0.022832353 
158 292 9 9 0.022818414 
338 635 9 6 0.022816338 
859 349 5 11 0.02280932 
139 502 8 13 0.022798035 
314 390 4 7 0.022772554 
262 96 5 7 0.022768078 
915 401 4 8 0.022766516 
325 628 6 5 0.022765711 
442 645 18 22 0.022763155 
313 615 6 5 0.022752296 
758 670 23 26 0.022748807 
189 311 10 11 0.022742936 
915 668 15 15 0.022739291 
639 40 7 12 0.022731185 
768 764 16 12 0.022731036 
84 101 6 8 0.022730116 
801 332 4 8 0.022727542 
590 758 17 11 0.022719981 
249 11 44 41 0.022712898 
662 112 46 51 0.022712825 
932 418 3 4 0.022711426 
552 750 17 14 0.022707842 
840 344 5 9 0.022707598 
609 379 4 6 0.022707082 
559 660 21 19 0.022706006 
350 664 11 10 0.022705227 
257 89 6 8 0.022703648 
711 441 5 9 0.022702454 
85 695 15 11 0.022684963 
300 639 8 7 0.022682033 
90 403 6 8 0.022678018 
333 395 5 9 0.022677684 
450 739 14 13 0.022674883 
600 215 6 8 0.022671327 
121 243 6 9 0.022666179 
915 348 6 12 0.022662636 
517 350 8 10 0.022660416 
128 438 7 12 0.022654992 
425 645 15 11 0.02265405 
691 3 20 29 0.022644613 
790 434 4 9 0.022640243 
614 543 10 8 0.022633547 
521 754 16 15 0.022616094 
873 653 185 149 0.022606485 
737 45 4 7 0.022602292 
304 683 24 20 0.022590438 
414 166 25 22 0.022582047 
248 639 25 18 0.0225703 
349 658 12 9 0.022568943 
59 146 5 9 0.022567092 
499 35 50 47 0.022560643 
587 93 9 11 0.022554548 
90 144 5 11 0.02255386 
109 85 16 30 0.022552846 
587 71 18 28 0.022542303 
124 152 5 9 0.022538964 
575 592 7 8 0.022537356 
433 662 11 11 0.022535 
196 750 10 17 0.022526838 
618 465 6 8 0.022526424 
768 718 8 7 0.02251502 
281 315 21 24 0.022508623 
121 271 6 13 0.02250638 
61 32 11 16 0.022502802 
554 637 30 19 0.022494234 
995 630 13 12 0.022486106 
56 476 7 15 0.022481268 
305 386 4 5 0.02247562 
655 691 39 35 0.022464393 
96 165 4 9 0.02246121 
823 668 11 15 0.022455053 
0 721 7 15 0.022449465 
782 638 27 30 0.022447275 
389 545 8 6 0.022438549 
582 519 7 9 0.02243483 
924 725 11 14 0.022432238 
867 722 20 29 0.022422224 
294 676 50 39 0.022416798 
101 263 7 17 0.022414947 
160 403 43 49 0.022414394 
844 337 5 10 0.022410749 
86 396 4 6 0.022408659 
530 46 20 26 0.022407472 
680 470 4 4 0.022404911 
450 155 110 102 0.022403551 
762 529 5 3 0.022398645 
846 741 49 41 0.022396231 
304 396 4 6 0.022390753 
426 663 10 10 0.02238641 
609 119 16 12 0.022378908 
987 614 25 24 0.022372901 
852 363 5 9 0.02236842 
117 685 13 7 0.022358349 
533 545 48 48 0.022342486 
878 363 5 9 0.022333525 
651 524 6 6 0.022333415 
423 369 17 25 0.022325633 
569 467 9 15 0.02230526 
300 230 24 28 0.022304649 
248 526 108 106 0.022303045 
365 655 22 15 0.022302296 
298 26 4 6 0.022300143 
759 428 4 9 0.02229222 
716 399 43 52 0.022284245 
135 503 8 10 0.022270927 
52 77 4 6 0.022269983 
6 691 7 8 0.02226984 
262 621 23 23 0.022265906 
122 81 6 11 0.022259485 
531 354 12 14 0.022258213 
730 669 43 41 0.022248406 
42 408 4 9 0.022243094 
921 739 11 17 0.022236887 
115 402 5 9 0.022231266 
264 115 4 6 0.022224823 
656 657 26 17 0.02222182 
500 315 6 7 0.02221665 
906 531 4 6 0.022216462 
107 111 8 15 0.022216432 
66 391 4 6 0.022214755 
904 364 4 8 0.022210589 
217 266 8 12 0.022207502 
531 16 20 26 0.0222051 
794 344 5 9 0.022200536 
271 150 19 24 0.022200143 
452 8 50 47 0.022198653 
522 543 10 8 0.022180025 
116 259 6 14 0.022179086 
191 303 9 13 0.022178924 
550 436 6 7 0.022173021 
1019 481 5 7 0.022167219 
288 345 7 8 0.022166057 
55 688 73 53 0.022161784 
950 656 12 13 0.022161772 
627 763 18 14 0.022138296 
862 537 9 7 0.022131443 
715 243 8 10 0.022129256 
659 517 7 6 0.022112496 
117 94 5 11 0.022106113 
95 433 6 10 0.022104206 
655 88 19 30 0.022100138 
50 464 6 14 0.022096304 
485 170 9 11 0.022086542 
268 745 15 12 0.022080017 
879 337 6 10 0.02207308 
702 218 23 26 0.022072151 
761 538 9 5 0.022067195 
210 300 9 10 0.022067012 
862 617 11 9 0.02204751 
86 385 4 6 0.022045244 
862 469 10 14 0.022045126 
856 368 100 106 0.022045007 
81 78 10 13 0.022044258 
800 376 5 9 0.022043683 
686 745 16 13 0.022041988 
501 667 15 13 0.022029877 
87 88 8 10 0.022024976 
726 689 12 11 0.022021962 
371 477 7 13 0.02201148 
619 460 6 8 0.021997932 
94 94 15 27 0.021997638 
55 88 6 9 0.021993943 
883 532 6 7 0.021992438 
28 651 3 2 0.021971187 
843 325 6 9 0.021965468 
132 102 19 35 0.021961864 
335 739 15 13 0.021957103 
381 645 12 7 0.021952411 
801 369 4 9 0.021937279 
371 253 21 28 0.021927904 
808 357 4 9 0.021924 
834 591 6 5 0.021917915 
78 446 5 9 0.021915277 
473 357 48 60 0.021901555 
212 513 15 20 0.021890085 
994 366 37 61 0.021882752 
785 727 28 26 0.021881599 
699 428 6 9 0.02188037 
97 190 4 10 0.021879 
777 762 31 27 0.021871395 
1000 483 4 5 0.02186781 
611 638 10 10 0.021847563 
794 350 5 9 0.02184677 
263 367 19 29 0.02184623 
768 426 5 10 0.021845464 
572 207 10 11 0.02184517 
808 350 4 9 0.021826997 
83 107 6 9 0.02182474 
495 671 14 14 0.021816708 
795 713 25 26 0.021807054 
896 356 5 10 0.021803092 
115 253 5 11 0.021799518 
841 706 11 14 0.021793816 
1011 472 6 8 0.021791996 
535 76 20 29 0.021786558 
499 495 90 87 0.021780886 
155 260 7 8 0.021776196 
484 719 58 38 0.021773614 
249 88 7 9 0.021773228 
46 200 77 123 0.02177134 
812 663 45 45 0.021770254 
286 578 3 5 0.021769812 
871 129 104 105 0.02176813 
34 390 3 8 0.021766009 
492 349 9 12 0.021761706 
98 529 10 12 0.021756137 
487 104 51 43 0.021751463 
707 678 103 80 0.021750046 
262 2 25 20 0.021748642 
641 46 44 53 0.02174197 
876 525 6 6 0.021734059 
623 33 44 52 0.021727128 
270 420 6 9 0.021723134 
339 516 51 56 0.021723108 
840 356 6 10 0.021721948 
115 12 89 89 0.021711431 
183 272 21 22 0.021707913 
895 66 9 14 0.021707574 
251 345 19 24 0.021706026 
211 396 5 7 0.021702562 
168 539 18 27 0.02169753 
686 654 42 35 0.021691408 
108 93 7 12 0.021690447 
624 695 14 11 0.021686086 
193 267 19 24 0.021685332 
324 108 18 22 0.021681149 
481 396 6 9 0.021676872 
553 739 15 12 0.021676285 
712 125 99 94 0.021675412 
658 470 18 19 0.021674864 
145 299 46 54 0.021673398 
518 326 46 52 0.021671837 
477 644 11 11 0.021669017 
844 331 5 9 0.021648757 
790 388 4 9 0.021645272 
280 242 48 57 0.021642659 
717 663 19 22 0.021642055 
837 608 49 43 0.021641022 
800 428 5 9 0.02163962 
717 415 6 10 0.021637924 
904 350 5 9 0.021636657 
72 430 6 12 0.021632398 
943 383 4 8 0.021626463 
723 74 104 104 0.021626025 
14 648 4 4 0.021623725 
267 485 8 12 0.021621978 
15 725 11 13 0.021606268 
712 529 67 40 0.021604476 
185 292 7 8 0.021594567 
794 420 4 9 0.021594115 
218 277 7 12 0.021591265 
237 409 5 7 0.021589888 
914 355 6 12 0.021588143 
519 55 22 27 0.02158658 
854 742 11 11 0.02158642 
710 415 6 9 0.021584436 
810 613 10 10 0.021579059 
88 433 8 11 0.02157132 
573 702 14 11 0.02156965 
107 690 10 8 0.021563672 
127 91 17 30 0.021558847 
412 379 3 6 0.021549702 
955 681 14 12 0.021547748 
496 490 41 49 0.021545712 
660 753 32 21 0.021533867 
276 115 6 6 0.02153363 
865 496 93 104 0.021528011 
835 733 11 11 0.02152768 
270 733 14 12 0.021520916 
63 752 27 25 0.021518659 
315 744 15 12 0.021516306 
852 357 5 9 0.021513065 
85 522 7 12 0.021508768 
328 235 56 56 0.021508621 
670 443 3 5 0.021499788 
915 308 7 15 0.021495415 
438 157 12 10 0.021491986 
481 252 4 5 0.021487243 
330 118 7 10 0.021481698 
613 678 12 10 0.021474836 
229 52 9 11 0.021462051 
111 141 4 8 0.021460285 
27 463 15 31 0.021459155 
97 95 6 8 0.02145316 
832 344 6 9 0.021452771 
741 50 5 9 0.0214513 
511 313 19 22 0.021441452 
593 38 8 15 0.02142809 
655 533 5 5 0.021423941 
318 513 16 22 0.021422392 
417 368 46 53 0.02142121 
844 613 24 20 0.021417845 
559 710 103 67 0.021414643 
845 413 6 12 0.021413468 
380 708 47 33 0.021410178 
557 677 21 18 0.021406824 
226 38 6 8 0.021391565 
95 212 7 14 0.021390138 
903 302 7 14 0.021385573 
496 28 94 90 0.021385536 
852 337 5 10 0.02138103 
706 391 4 5 0.02137559 
103 164 5 10 0.021361278 
853 413 45 51 0.021361226 
461 752 19 13 0.021357931 
37 487 9 18 0.02135715 
909 532 4 6 0.02134997 
579 408 5 7 0.021349395 
371 471 7 12 0.021349138 
559 645 14 10 0.021343794 
128 170 6 11 0.021342449 
105 676 30 19 0.02134164 
852 350 5 9 0.02133962 
767 687 23 32 0.021338902 
48 509 9 13 0.0213351 
750 407 6 8 0.021333087 
72 255 5 9 0.021319011 
327 18 20 30 0.02131504 
503 548 9 9 0.021305574 
486 307 20 23 0.021300478 
534 119 24 11 0.02129889 
129 140 5 7 0.021291548 
458 665 20 20 0.021276662 
455 345 18 23 0.021276357 
679 454 4 7 0.0212732 
221 267 8 13 0.02127047 
795 326 4 7 0.021267768 
838 406 6 12 0.021265378 
9 655 5 5 0.021265201 
831 355 7 12 0.02126505 
66 397 4 6 0.021261487 
775 710 7 8 0.02125865 
212 75 7 8 0.021257248 
901 66 8 15 0.021254951 
108 227 6 12 0.02125242 
673 709 19 19 0.021248924 
97 101 7 12 0.021247502 
891 351 5 9 0.021247352 
442 477 8 16 0.021246292 
156 194 20 17 0.021245824 
794 626 6 8 0.021238957 
112 30 9 11 0.02122838 
262 396 5 7 0.021220254 
115 484 6 10 0.021214874 
380 316 4 4 0.021211455 
774 668 22 30 0.021209674 
53 34 17 24 0.02120584 
5 709 8 9 0.02119944 
957 740 11 11 0.021198753 
845 577 5 4 0.021197436 
591 191 22 30 0.021193927 
63 468 43 52 0.021189518 
855 639 10 8 0.021185014 
277 745 14 13 0.021180581 
755 640 5 6 0.02117888 
59 391 4 6 0.021162951 
163 216 10 10 0.021156315 
260 633 21 19 0.02115248 
238 320 17 21 0.021151677 
299 29 7 9 0.021147152 
524 537 10 10 0.021147123 
934 682 10 12 0.021139493 
520 266 51 58 0.021138223 
212 531 17 26 0.021137776 
549 533 8 7 0.02112284 
585 668 45 36 0.021119043 
15 660 4 5 0.021114081 
93 159 4 9 0.021110525 
1007 664 20 20 0.021103043 
709 543 10 8 0.021091487 
95 171 5 9 0.021087222 
187 661 46 39 0.021087065 
731 528 5 4 0.021086251 
833 603 6 6 0.021083474 
510 6 24 24 0.021081608 
476 504 41 49 0.021078981 
207 312 20 24 0.021070832 
103 208 7 14 0.02106735 
672 504 21 21 0.021066539 
210 245 19 27 0.021059956 
514 646 15 11 0.02105958 
985 741 46 46 0.021055622 
328 396 5 7 0.021051832 
896 382 5 9 0.021048235 
246 41 12 14 0.021045903 
848 444 14 25 0.02104488 
333 351 6 9 0.021043798 
128 514 9 14 0.02104272 
253 386 3 4 0.021028299 
161 692 5 5 0.021026714 
116 203 45 59 0.02102243 
259 645 10 8 0.021011192 
685 24 6 10 0.021006357 
920 446 8 11 0.021003155 
71 139 5 9 0.021003067 
778 654 24 29 0.021000464 
765 758 13 11 0.020991761 
1 626 4 6 0.02099124 
853 394 5 11 0.02098933 
901 720 10 11 0.020986274 
678 442 4 6 0.02098539 
808 363 5 9 0.020983567 
755 533 6 4 0.020982528 
99 688 12 9 0.020980895 
148 516 6 10 0.0209775 
18 642 6 3 0.02097675 
921 72 7 15 0.02096387 
689 280 8 10 0.020958371 
517 47 9 12 0.02095783 
609 695 23 20 0.020953612 
666 741 29 20 0.020951696 
70 101 6 9 0.02094794 
644 657 13 10 0.020944182 
95 220 7 16 0.020942388 
33 691 23 22 0.020933542 
146 683 11 8 0.020932496 
819 349 6 11 0.020932056 
347 750 30 21 0.02093196 
287 583 3 6 0.020931909 
820 415 5 10 0.020930473 
192 218 7 7 0.020925658 
90 112 6 11 0.020917142 
986 496 8 11 0.020915968 
539 704 16 15 0.02091339 
311 30 6 9 0.020910772 
993 323 5 13 0.020907026 
833 395 5 11 0.020898867 
814 620 24 30 0.02089631 
78 267 4 7 0.020895958 
296 732 14 12 0.020895094 
308 21 4 6 0.020891767 
711 729 16 16 0.020890838 
141 251 46 54 0.02087538 
778 712 10 14 0.02087511 
225 104 45 50 0.020864433 
898 631 13 10 0.020861344 
118 40 40 42 0.020857867 
547 662 20 20 0.020841358 
447 645 7 9 0.020839484 
914 388 5 11 0.020838633 
97 158 4 9 0.020825665 
618 175 26 29 0.020823985 
896 291 6 12 0.020823022 
257 95 6 7 0.020811437 
528 271 11 12 0.020803872 
322 397 5 7 0.020800875 
113 386 41 57 0.020800507 
868 531 7 7 0.020794157 
164 412 18 27 0.020792086 
819 356 6 11 0.020789962 
158 31 10 11 0.020788714 
857 582 6 5 0.020782964 
493 62 20 32 0.020780925 
159 191 9 9 0.020777626 
693 418 16 24 0.02077242 
137 124 21 32 0.02077211 
78 73 21 26 0.020771837 
511 142 25 27 0.020770112 
60 168 17 28 0.020762697 
763 373 3 5 0.02076244 
504 543 8 7 0.020760123 
88 480 8 15 0.020759426 
752 108 4 7 0.020755308 
88 24 42 43 0.020750472 
84 113 6 9 0.020748386 
311 188 22 24 0.020746674 
309 615 4 4 0.020746311 
94 446 7 9 0.020744711 
180 666 23 26 0.020736929 
924 531 4 7 0.020733323 
906 720 11 12 0.020723727 
47 141 4 7 0.020719076 
313 8 22 30 0.020718675 
315 511 6 8 0.020716837 
328 451 5 10 0.020715538 
977 393 8 13 0.020707022 
133 161 17 27 0.020706484 
289 714 17 14 0.020703578 
301 332 18 25 0.020703191 
33 395 3 8 0.020702854 
80 35 20 24 0.020696238 
430 639 14 10 0.020690126 
783 550 59 48 0.020687683 
559 695 13 12 0.020682933 
143 533 17 25 0.02067981 
843 317 6 11 0.020677889 
185 376 23 26 0.020677077 
613 633 8 8 0.020667674 
616 397 4 6 0.020665763 
0 664 6 8 0.020651331 
545 436 5 7 0.020650484 
814 350 6 10 0.020645743 
366 521 50 47 0.020643052 
125 711 50 51 0.02064264 
879 751 21 23 0.020632688 
13 640 5 5 0.020627024 
467 341 105 120 0.020626914 
185 514 9 13 0.020618454 
346 655 22 16 0.020617897 
280 506 18 24 0.020614639 
966 692 49 46 0.020613734 
568 481 9 14 0.020613687 
904 316 6 13 0.020611877 
725 647 13 16 0.020609992 
788 610 49 47 0.020608544 
485 256 6 7 0.020608224 
209 100 9 10 0.020605043 
457 103 22 26 0.02060384 
478 140 28 22 0.020598806 
554 682 12 12 0.020598559 
393 297 47 50 0.020593168 
314 692 97 67 0.020590447 
824 443 15 26 0.02059008 
194 396 5 6 0.02058901 
315 578 4 5 0.020588115 
322 403 5 7 0.020587135 
92 261 4 10 0.020581279 
505 499 10 17 0.020574627 
54 577 53 53 0.020574138 
71 240 6 11 0.020570094 
63 145 6 9 0.020562045 
466 633 10 9 0.020561915 
60 447 5 8 0.020561742 
223 528 8 11 0.020556906 
709 276 9 8 0.020554772 
612 116 28 21 0.020551685 
216 143 24 23 0.02055131 
180 58 48 56 0.02054907 
648 392 4 5 0.020541782 
54 -52 130 102 0.020540083 
520 627 48 41 0.020534266 
553 688 12 12 0.020529447 
339 345 18 23 0.02052591 
48 476 14 26 0.020516565 
819 607 9 8 0.020515231 
268 173 48 51 0.020509925 
682 719 13 13 0.020505749 
300 506 15 21 0.020502856 
805 713 13 12 0.020502575 
323 385 4 6 0.02050193 
543 495 11 12 0.020498032 
146 417 7 15 0.020494057 
813 394 5 11 0.020490635 
215 449 10 16 0.02048822 
886 683 23 25 0.020487195 
346 395 6 9 0.020486087 
123 261 5 11 0.020483306 
586 711 14 13 0.020478932 
964 626 14 10 0.02047449 
288 640 22 20 0.020472938 
127 177 6 10 0.020463873 
624 679 45 36 0.020460362 
697 29 6 11 0.020457828 
171 413 8 14 0.020451419 
488 128 55 44 0.020450408 
300 121 21 24 0.02044898 
383 161 48 51 0.02044832 
323 629 25 22 0.020444505 
35 734 30 30 0.02044376 
242 115 6 6 0.020439692 
215 730 24 28 0.020436177 
842 625 11 10 0.020434821 
942 369 4 10 0.02040807 
143 230 23 27 0.020407982 
123 133 5 9 0.020400576 
297 346 19 23 0.020400004 
563 43 42 49 0.020398993 
247 194 80 98 0.020397376 
240 694 11 11 0.020397203 
1010 655 11 13 0.02039431 
21 438 5 14 0.02038863 
237 733 27 28 0.020385735 
128 407 6 11 0.020377558 
948 375 5 11 0.020367552 
642 732 13 12 0.020366266 
186 698 23 27 0.020365058 
286 595 4 5 0.020361932 
753 667 47 47 0.020359648 
455 539 5 6 0.020355692 
56 83 6 8 0.020348595 
400 326 47 49 0.020348543 
255 434 5 8 0.020348443 
891 637 15 14 0.020344788 
79 294 4 7 0.020344542 
903 357 5 9 0.020339364 
480 186 6 7 0.020337213 
223 233 9 11 0.020335743 
707 227 10 11 0.02032759 
668 649 30 18 0.020326337 
865 363 4 11 0.020325258 
223 261 6 9 0.02032486 
678 728 132 74 0.020324541 
831 138 7 11 0.020320881 
11 615 6 6 0.02031877 
136 256 5 7 0.020317147 
540 476 12 12 0.0203164 
675 150 31 31 0.020302845 
523 23 10 12 0.02030182 
826 338 6 9 0.020299502 
83 86 17 25 0.02029681 
265 318 17 21 0.020287769 
429 381 7 10 0.020287588 
909 433 6 10 0.020287553 
402 173 8 7 0.020285724 
159 531 17 25 0.020285586 
921 92 7 14 0.020282662 
988 482 5 6 0.020279631 
216 319 8 9 0.020266011 
246 296 13 13 0.020264106 
706 378 4 5 0.020256555 
398 398 4 6 0.020255428 
267 534 19 31 0.020237643 
651 692 20 18 0.020237107 
232 683 14 11 0.020236967 
391 677 25 22 0.02023048 
635 391 4 6 0.02021822 
844 369 5 10 0.020217093 
203 80 9 11 0.020215968 
896 369 4 10 0.020213757 
375 640 11 8 0.02021158 
485 344 8 10 0.020203328 
112 482 45 50 0.020202909 
792 434 13 23 0.020200497 
537 721 11 10 0.020199759 
253 666 13 12 0.020193554 
755 654 19 23 0.020192934 
138 683 13 9 0.0201906 
876 609 6 5 0.020179288 
660 511 20 21 0.020160329 
-3 746 34 55 0.020158151 
372 239 20 26 0.02015545 
220 409 5 6 0.020154724 
853 382 5 9 0.020146161 
492 268 24 23 0.02013963 
105 686 11 7 0.020138627 
819 753 16 11 0.020138206 
310 733 13 12 0.02013257 
687 470 3 4 0.020132128 
848 624 12 10 0.02013079 
310 139 8 9 0.0201275 
994 667 12 14 0.020117905 
216 347 19 22 0.020114958 
325 488 8 14 0.020111857 
117 178 4 8 0.020111194 
583 523 7 11 0.020110756 
203 388 43 50 0.020099819 
223 418 6 10 0.020099578 
476 726 13 12 0.020095877 
75 118 8 12 0.020095248 
487 539 6 6 0.020094197 
866 280 103 106 0.020086879 
508 133 16 11 0.020085128 
65 701 34 26 0.020083815 
281 351 8 9 0.020074291 
522 442 7 14 0.02007005 
533 685 23 18 0.020067824 
882 317 7 12 0.020065628 
280 324 9 10 0.020061065 
537 473 9 12 0.020053701 
283 620 19 20 0.02004664 
325 90 43 52 0.020039218 
77 102 6 8 0.020039214 
911 364 4 8 0.020036776 
519 316 8 8 0.020034619 
676 239 9 13 0.020032499 
655 640 15 8 0.020031273 
647 520 51 37 0.020023914 
830 754 30 26 0.020018708 
936 411 3 5 0.020009018 
334 97 23 27 0.020005362 
995 688 13 14 0.020005282 
281 114 8 8 0.020002568 
