18_Concerts_Concerts_18_815
515
319 23 155 214 0.9986313 
258 652 17 23 0.20889872 
945 559 18 29 0.13089834 
284 659 9 12 0.10073175 
249 255 7 11 0.09808751 
758 34 46 52 0.08674709 
686 481 5 7 0.079787895 
409 629 6 8 0.07115128 
80 501 5 9 0.06981056 
1000 507 9 12 0.06389022 
12 534 5 9 0.063729 
333 272 5 7 0.06224264 
0 546 4 9 0.062060535 
330 276 7 10 0.06199395 
245 196 23 36 0.061412495 
316 281 3 5 0.06039543 
697 494 5 6 0.05966917 
404 799 8 10 0.057355378 
970 524 26 27 0.057049755 
754 42 20 36 0.056394853 
685 494 5 7 0.05620242 
1 514 4 7 0.055847023 
432 569 82 120 0.055662505 
720 50 20 28 0.055283327 
695 483 4 6 0.052513797 
41 557 11 14 0.050548896 
523 413 10 13 0.05022578 
336 268 4 4 0.05015 
294 656 5 8 0.05013837 
12 492 7 9 0.04978157 
445 555 22 33 0.04962359 
314 285 6 7 0.048806436 
373 530 4 5 0.046817884 
276 424 5 7 0.046618875 
567 717 8 10 0.045915484 
342 553 5 7 0.045642216 
275 658 8 12 0.044776704 
542 684 12 17 0.043968618 
200 626 14 13 0.04331821 
260 288 8 11 0.042475753 
127 486 8 10 0.0421854 
717 490 5 8 0.040951677 
479 655 8 10 0.04092242 
452 484 10 14 0.040901087 
330 269 3 4 0.040526904 
1 551 3 8 0.040337708 
231 290 5 8 0.040242326 
292 668 7 9 0.04020177 
270 589 6 9 0.039751083 
533 615 26 28 0.039706044 
646 572 7 8 0.039521746 
93 502 4 7 0.039332807 
298 590 4 7 0.03917135 
208 628 12 11 0.038230985 
699 492 4 6 0.038214132 
282 289 7 8 0.03808635 
339 267 5 6 0.0379436 
536 121 8 10 0.03756421 
652 107 4 6 0.037316922 
569 196 6 8 0.03728802 
1 540 4 8 0.037269257 
813 716 5 6 0.03724541 
280 672 8 12 0.03719854 
695 490 3 5 0.037100945 
957 226 12 15 0.037038706 
253 255 8 12 0.03693407 
694 497 4 5 0.03678793 
718 519 5 7 0.036263693 
900 212 57 59 0.03604962 
405 631 5 6 0.03581563 
398 625 6 8 0.03562165 
436 491 4 6 0.035543222 
269 488 6 9 0.0351861 
242 40 25 33 0.034796823 
791 33 22 31 0.03453243 
245 631 4 6 0.03452207 
289 671 7 11 0.034399934 
330 273 4 6 0.034368277 
274 682 9 13 0.03432801 
137 200 10 12 0.034298275 
964 550 24 41 0.03429755 
1 534 4 8 0.03426842 
669 655 90 103 0.034240227 
949 279 27 34 0.034158237 
280 450 6 9 0.033954863 
641 523 4 5 0.033919677 
361 523 4 6 0.033760622 
427 491 3 4 0.033732183 
346 561 5 7 0.03368061 
327 552 5 8 0.03331953 
642 195 5 8 0.033213586 
727 246 51 64 0.033074617 
520 415 7 11 0.033067007 
310 279 4 6 0.033056103 
69 501 6 9 0.032897826 
25 624 22 26 0.032773964 
624 191 10 12 0.032762215 
1000 520 7 10 0.032760415 
260 468 7 9 0.032712843 
994 510 19 27 0.032323398 
367 529 4 5 0.03229386 
322 281 4 4 0.03226592 
631 636 7 9 0.03184883 
321 593 6 8 0.031846065 
973 536 21 35 0.031726915 
660 333 13 18 0.031598832 
338 271 5 7 0.031415682 
391 400 28 28 0.031230561 
360 496 4 7 0.03109393 
922 217 25 31 0.030811891 
776 47 24 28 0.030684903 
323 275 4 4 0.030524569 
272 672 19 27 0.030494243 
379 529 3 5 0.030365039 
806 664 32 30 0.030270496 
70 555 9 11 0.03026348 
290 219 15 15 0.030032752 
23 515 4 6 0.029961273 
811 718 6 9 0.029958196 
516 644 23 24 0.029877268 
481 791 7 8 0.029873637 
628 680 29 34 0.029741552 
244 683 5 7 0.029710747 
322 284 4 6 0.029697157 
639 661 26 28 0.029676834 
513 649 14 16 0.029574243 
269 654 17 23 0.029570052 
341 535 6 7 0.02956856 
10 516 3 5 0.029427025 
368 554 4 5 0.029397829 
660 520 6 8 0.029172521 
294 259 6 7 0.029141007 
431 489 3 5 0.029109638 
529 633 24 28 0.028971277 
896 232 25 28 0.02896841 
430 335 47 70 0.028912775 
155 546 5 8 0.028895926 
408 625 6 8 0.028819554 
787 563 25 30 0.028659925 
821 716 4 6 0.028573316 
408 496 7 9 0.02836887 
633 703 47 55 0.028276838 
121 487 7 9 0.028229406 
275 674 9 12 0.02816534 
590 550 5 5 0.028141195 
1 487 6 10 0.02813977 
671 309 27 34 0.028034007 
891 595 28 35 0.02801678 
489 644 5 6 0.027994284 
345 553 5 7 0.027951611 
281 665 19 28 0.027864888 
465 653 7 9 0.027802007 
416 632 4 5 0.027801814 
532 719 7 8 0.027777035 
338 278 6 7 0.027661966 
623 715 4 5 0.027661242 
822 720 4 6 0.027629523 
245 692 18 25 0.027628228 
676 497 3 5 0.027571294 
467 695 21 24 0.027543914 
258 632 5 6 0.0275382 
51 571 7 11 0.02752689 
430 660 8 12 0.027443707 
744 264 27 34 0.027391171 
352 527 5 6 0.027315015 
583 672 6 9 0.027038705 
128 575 7 11 0.026880205 
340 285 5 7 0.026838824 
339 528 4 6 0.02659486 
70 497 5 7 0.026543198 
447 418 6 11 0.02651718 
404 635 6 8 0.026516907 
322 268 4 5 0.026483487 
282 454 6 10 0.02642039 
649 510 3 5 0.026386881 
659 570 7 8 0.026311647 
966 516 5 6 0.026252618 
268 452 5 6 0.026129773 
340 455 20 27 0.026111882 
371 566 5 7 0.026079562 
206 61 26 35 0.026043987 
251 294 7 9 0.0260333 
290 627 4 5 0.026029008 
380 535 4 6 0.026001772 
430 625 5 7 0.025980853 
1002 525 8 11 0.025945224 
365 521 5 7 0.02589622 
286 528 3 5 0.025892917 
669 509 3 5 0.02588914 
630 650 26 30 0.025879294 
80 491 3 5 0.025844766 
713 491 4 6 0.025844408 
283 224 8 9 0.025838858 
750 249 25 31 0.025810443 
342 549 4 6 0.025769034 
354 560 5 6 0.02575931 
675 710 4 5 0.025750203 
257 481 6 9 0.025721127 
16 465 3 5 0.025655134 
564 622 8 12 0.025641635 
331 592 11 12 0.025496455 
360 528 4 5 0.02548422 
499 491 7 10 0.025440127 
1008 521 22 29 0.0253931 
348 474 19 27 0.02538413 
70 521 6 11 0.025379188 
296 631 4 5 0.02537152 
312 288 8 10 0.025363708 
12 529 5 6 0.025339883 
371 522 5 6 0.025292678 
402 624 7 8 0.02527275 
244 256 7 10 0.025268357 
525 789 6 7 0.025257412 
693 509 5 6 0.025205828 
798 142 22 29 0.025179546 
810 715 4 7 0.02512506 
710 674 28 35 0.025073908 
354 494 5 8 0.025055062 
315 275 4 5 0.025043935 
367 536 4 5 0.025031945 
851 241 22 26 0.024942549 
683 485 4 5 0.0249218 
417 491 3 5 0.024880448 
295 636 5 6 0.024823463 
610 720 4 5 0.024771031 
446 522 10 13 0.024736421 
448 778 4 6 0.02473105 
318 259 22 26 0.024713742 
667 39 26 32 0.024711391 
351 262 30 30 0.024697646 
999 569 22 26 0.024577307 
912 556 10 11 0.024549304 
71 546 7 9 0.024527857 
936 226 11 15 0.024523485 
401 456 20 30 0.024511525 
963 523 4 5 0.024507884 
9 539 4 7 0.0244525 
188 41 23 35 0.024445483 
1007 477 23 26 0.024419535 
244 686 6 9 0.024388712 
380 523 4 6 0.024336394 
380 566 4 6 0.024336088 
292 286 9 9 0.024322608 
730 259 25 37 0.02429628 
866 265 14 15 0.024275772 
677 193 8 11 0.024227308 
271 259 6 8 0.024207152 
864 596 7 8 0.024184814 
1002 595 10 14 0.024160247 
368 549 4 4 0.024100041 
393 565 6 8 0.024097623 
732 56 41 62 0.02405616 
794 667 7 8 0.024025904 
260 662 22 30 0.023957888 
652 572 7 8 0.023921525 
919 237 29 30 0.023878714 
532 715 6 7 0.023874968 
290 630 4 5 0.023813946 
-6 -123 57 133 0.023805812 
392 631 5 7 0.0237949 
224 673 22 28 0.023778249 
13 482 5 7 0.023761041 
763 55 13 17 0.023700183 
641 171 5 6 0.023663519 
967 522 5 7 0.02365544 
231 636 5 6 0.023651298 
1015 479 9 12 0.023591878 
517 412 8 11 0.023579596 
681 495 4 6 0.023532221 
965 483 9 10 0.023520896 
392 636 5 7 0.0235088 
321 541 4 5 0.023503028 
297 626 4 5 0.02345166 
552 716 5 6 0.02344807 
0 755 40 78 0.023438249 
670 569 9 11 0.023420066 
655 102 3 4 0.02341793 
1004 532 7 11 0.023406796 
367 496 3 6 0.023394514 
48 559 6 9 0.0233923 
694 502 3 6 0.02338225 
838 610 7 8 0.023343915 
565 715 6 7 0.023323592 
346 522 5 7 0.023276992 
322 428 4 5 0.023250647 
683 194 9 10 0.02323977 
617 715 3 5 0.02315995 
968 576 25 37 0.023158524 
649 101 3 5 0.023156095 
491 652 8 11 0.023136817 
274 590 6 8 0.023120549 
239 682 5 6 0.0231193 
800 655 25 24 0.023065602 
535 606 12 12 0.023059662 
345 540 6 7 0.023018202 
391 647 7 11 0.02299481 
288 278 6 7 0.02296485 
529 122 34 44 0.022916967 
197 51 25 35 0.022915943 
794 676 7 6 0.022907898 
391 643 6 9 0.02290595 
408 633 6 9 0.022899402 
995 510 4 5 0.022898305 
797 718 8 13 0.022891814 
673 520 4 6 0.022852074 
371 554 4 6 0.022816973 
347 527 5 7 0.022813646 
546 630 11 15 0.022809703 
372 534 4 6 0.022757392 
341 426 3 6 0.022689847 
285 267 3 4 0.022685451 
640 645 14 14 0.022662349 
288 280 24 25 0.022651637 
379 558 4 8 0.022648683 
348 496 4 6 0.022637825 
145 565 7 12 0.022631172 
474 655 6 8 0.022622928 
259 634 5 8 0.022598673 
20 534 5 7 0.02259096 
600 673 7 9 0.022547187 
687 479 5 6 0.022537945 
817 581 4 5 0.02253384 
50 565 6 10 0.02252954 
768 29 26 32 0.022523949 
746 252 12 15 0.022468925 
339 522 5 6 0.022464572 
504 490 5 8 0.022444265 
664 569 9 10 0.022337273 
746 260 10 15 0.022329863 
412 492 4 6 0.02231601 
948 225 7 10 0.02227364 
304 267 3 4 0.022273468 
622 702 4 5 0.02226771 
848 458 29 33 0.022264881 
447 430 7 11 0.022256456 
12 500 6 8 0.02223923 
856 590 19 23 0.022232024 
623 683 4 5 0.02221442 
559 716 5 5 0.022213925 
529 606 12 12 0.022195185 
322 638 5 6 0.022188302 
206 232 6 9 0.022170123 
279 682 9 15 0.022165772 
347 548 4 6 0.022115258 
889 565 7 9 0.022099666 
536 59 7 9 0.022077492 
556 720 5 7 0.02207276 
373 561 4 6 0.022046654 
265 671 10 14 0.022045013 
595 673 7 9 0.022037026 
327 487 6 10 0.022007199 
546 124 5 8 0.021998374 
628 629 8 9 0.02198333 
341 567 4 6 0.021981826 
1017 577 8 10 0.021974223 
178 623 6 9 0.021973958 
212 641 78 98 0.021950683 
241 296 8 9 0.021945007 
344 565 6 7 0.021926489 
1003 135 7 10 0.021915508 
963 516 4 5 0.021913094 
753 252 11 14 0.021871697 
448 486 9 13 0.021869585 
233 487 6 10 0.0218681 
309 489 4 6 0.021851253 
241 678 19 28 0.021837132 
635 564 8 11 0.02182904 
648 520 5 7 0.021814268 
284 261 4 5 0.021813586 
711 126 38 57 0.021782033 
506 130 5 7 0.021745235 
354 659 7 11 0.021736624 
309 520 3 7 0.021732368 
829 598 23 25 0.021716965 
548 641 8 11 0.021688608 
426 560 8 13 0.021656236 
512 427 5 5 0.021653384 
462 619 24 30 0.021652898 
335 549 4 5 0.021624733 
538 645 11 14 0.021622142 
13 516 4 6 0.021560887 
627 682 5 7 0.021522492 
851 263 24 26 0.02147469 
661 650 22 28 0.02143551 
633 643 7 8 0.021417141 
342 539 4 7 0.021411918 
698 502 4 7 0.02137477 
660 212 4 8 0.021356983 
481 645 5 6 0.021339677 
943 504 4 5 0.021326235 
385 527 8 12 0.021279762 
333 258 20 25 0.021276673 
287 288 10 10 0.02127333 
352 474 9 13 0.021231376 
608 714 5 5 0.021221131 
814 709 4 6 0.021213723 
763 252 12 16 0.02120022 
436 494 5 8 0.021184035 
1001 578 12 15 0.02118224 
10 523 3 5 0.021128852 
333 554 5 7 0.021120874 
642 716 4 4 0.02111105 
535 64 7 11 0.0211109 
810 714 21 30 0.02109117 
553 622 21 31 0.021084143 
647 709 6 6 0.021058073 
303 562 3 5 0.021050617 
524 220 7 9 0.021046618 
257 585 7 9 0.021038858 
318 453 79 117 0.02102376 
598 716 5 4 0.021016289 
629 709 26 31 0.021013673 
505 426 5 6 0.021009594 
570 163 7 8 0.021007663 
140 502 6 9 0.02100673 
555 621 7 11 0.021001609 
335 521 4 6 0.020970149 
613 62 13 16 0.020967025 
559 707 5 6 0.020964745 
252 636 4 6 0.020957738 
13 522 4 6 0.020923419 
800 710 19 28 0.020913616 
949 215 5 8 0.020905353 
837 617 8 9 0.020890186 
782 255 21 23 0.020886917 
783 664 27 30 0.020865817 
598 721 4 5 0.020862369 
223 148 9 10 0.020840224 
324 272 19 21 0.020840064 
706 709 5 7 0.020829141 
552 726 7 9 0.020824773 
351 522 5 7 0.02081896 
733 67 21 29 0.020791942 
569 169 8 9 0.020791098 
701 715 3 5 0.020788237 
1005 495 6 7 0.02078193 
447 478 9 15 0.020778893 
270 458 4 6 0.020775834 
561 166 8 11 0.02077325 
811 200 23 24 0.020733247 
1004 386 4 6 0.020732244 
358 560 5 6 0.02072778 
651 519 5 7 0.02072225 
836 229 50 48 0.02072197 
654 198 5 9 0.020693798 
294 254 7 8 0.020688005 
706 53 38 63 0.020687087 
405 785 4 5 0.020679394 
839 450 5 6 0.020673158 
342 561 4 5 0.020672679 
340 419 5 7 0.020670254 
506 431 5 6 0.020665595 
838 204 105 95 0.020661552 
279 657 17 22 0.020657264 
373 541 4 6 0.020656101 
311 542 3 6 0.020646501 
237 291 6 8 0.02064538 
1013 498 5 7 0.020625614 
982 499 4 4 0.020612478 
953 516 63 91 0.02058445 
650 504 3 5 0.02055934 
433 391 10 15 0.0205503 
275 286 6 7 0.020543318 
706 516 4 7 0.02051863 
591 680 19 25 0.020517314 
238 296 6 7 0.020489307 
926 249 28 31 0.020487513 
336 510 4 6 0.020467207 
641 573 8 9 0.020465411 
323 496 3 5 0.020460004 
634 628 21 24 0.02043749 
235 719 9 13 0.02042701 
10 459 3 5 0.020424286 
589 195 7 8 0.020418275 
288 649 5 8 0.0204158 
576 617 7 8 0.0204137 
927 557 9 11 0.02041263 
361 536 4 5 0.02040415 
571 525 4 4 0.020382676 
604 715 5 5 0.02038213 
406 493 4 5 0.020378446 
862 521 23 23 0.020368777 
60 558 20 33 0.020361515 
373 496 4 6 0.020347152 
279 529 3 5 0.02034495 
132 486 8 11 0.020324845 
301 461 5 8 0.020294564 
653 709 6 6 0.02028882 
302 630 4 5 0.020284755 
359 565 5 8 0.020280275 
244 675 6 7 0.020279303 
693 480 3 5 0.020278735 
70 514 5 9 0.020255437 
752 260 11 14 0.020255342 
882 429 9 10 0.020252438 
605 370 2 4 0.020246083 
238 545 5 7 0.020239083 
389 655 8 10 0.020232776 
233 533 5 9 0.020230792 
200 482 6 10 0.02022915 
134 641 9 11 0.020225076 
571 617 6 8 0.020205995 
808 708 5 6 0.020169755 
483 653 9 11 0.020162778 
284 625 3 6 0.020159619 
399 588 21 27 0.02014337 
913 326 26 30 0.020135842 
820 581 4 5 0.020129291 
623 709 3 5 0.020127552 
699 702 22 31 0.020093126 
651 627 25 28 0.020089762 
0 509 4 8 0.02008854 
261 633 19 32 0.020036442 
67 522 6 12 0.020035965 
317 542 4 6 0.020019114 
