18_Concerts_Concerts_18_920
3927
824 574 10 13 0.99660826 
617 605 11 15 0.9620399 
982 587 11 12 0.95806783 
868 574 10 12 0.9563161 
752 626 11 13 0.95204246 
904 565 9 13 0.9277936 
619 568 8 9 0.9187066 
280 506 13 20 0.89905185 
818 529 9 10 0.89059305 
769 624 12 13 0.8644462 
930 561 9 12 0.8637734 
756 568 12 14 0.84819585 
851 557 12 13 0.8387139 
800 556 10 10 0.7834043 
851 501 11 13 0.7206429 
791 550 8 9 0.6458982 
908 520 9 11 0.6335879 
832 555 9 11 0.48719585 
448 540 111 174 0.46824616 
901 485 10 12 0.4158017 
1003 519 11 12 0.4087353 
922 572 8 11 0.39726645 
753 598 12 11 0.3857822 
740 604 8 11 0.32750538 
943 577 10 17 0.2954171 
594 576 7 8 0.224829 
631 568 6 7 0.22402707 
950 525 8 9 0.21038908 
40 463 14 15 0.1871327 
399 14 16 19 0.17246048 
868 524 8 10 0.17001502 
235 612 23 41 0.15791243 
862 561 8 10 0.15652804 
587 575 9 10 0.14982775 
875 666 12 16 0.13916016 
168 205 44 53 0.13519318 
765 66 11 12 0.13419393 
574 570 6 7 0.13283785 
874 546 7 10 0.1318538 
967 3 17 16 0.12984717 
241 641 46 44 0.12622453 
966 609 11 17 0.124824665 
601 583 7 7 0.124383196 
803 572 9 10 0.12054121 
971 472 7 8 0.119200036 
270 667 19 25 0.116863064 
777 93 13 15 0.11667017 
725 110 15 16 0.11388305 
110 457 12 13 0.11009928 
682 654 13 15 0.10492444 
904 489 10 12 0.10260062 
896 625 8 12 0.10083566 
813 60 23 25 0.0987414 
998 521 11 12 0.09788957 
862 543 7 10 0.097164206 
187 516 13 19 0.096317016 
950 479 5 6 0.09277762 
850 116 26 21 0.092422135 
101 454 7 9 0.091267 
616 569 7 8 0.09008524 
682 114 11 16 0.08903979 
626 567 8 8 0.08664414 
347 10 15 19 0.08640738 
589 564 6 7 0.08443029 
599 576 7 7 0.08384789 
929 498 6 7 0.08373497 
888 109 28 21 0.08341444 
923 607 8 11 0.08334993 
1003 482 10 10 0.08285192 
873 496 9 10 0.08277162 
888 5 10 10 0.08275173 
649 128 14 17 0.08135186 
196 562 11 12 0.08048392 
912 539 9 10 0.08041741 
663 574 8 10 0.08021698 
245 642 20 25 0.0799967 
695 174 14 12 0.079240285 
708 115 20 19 0.07807985 
750 92 15 16 0.077050224 
943 481 4 5 0.075884126 
555 383 9 9 0.07522355 
95 524 6 7 0.07475336 
871 535 9 9 0.074426815 
824 559 10 11 0.07415854 
739 637 10 16 0.073530085 
933 579 11 13 0.07352455 
996 616 14 13 0.07331316 
292 507 9 15 0.07287541 
549 380 9 12 0.07284313 
195 560 22 22 0.072809316 
414 96 426 327 0.071677804 
253 653 26 22 0.07093735 
836 548 8 10 0.07053147 
670 128 13 16 0.07006256 
190 492 6 9 0.06985832 
159 414 7 8 0.06960868 
803 64 22 24 0.06916375 
954 498 5 8 0.06776615 
929 493 5 6 0.06771012 
92 525 5 6 0.06719161 
550 410 7 9 0.06683279 
840 105 50 41 0.06623704 
159 499 7 8 0.06571433 
588 568 7 8 0.06551507 
986 461 5 6 0.06444253 
1 478 5 8 0.064242005 
777 77 12 17 0.06359983 
166 559 10 13 0.0635683 
761 61 11 13 0.063467026 
657 127 18 22 0.063209035 
943 449 4 4 0.06311163 
897 497 7 10 0.06299385 
97 459 7 6 0.062512234 
875 491 8 10 0.06228011 
210 619 50 58 0.06216253 
706 124 15 14 0.062043216 
787 568 7 9 0.061925948 
755 67 22 22 0.061772656 
766 541 7 8 0.0615734 
153 499 6 8 0.061402917 
548 137 10 11 0.06125803 
744 143 14 15 0.06118982 
98 35 17 14 0.061079912 
714 171 14 11 0.06104645 
898 611 11 12 0.060980696 
811 59 12 15 0.060885992 
515 536 176 183 0.060864713 
212 503 7 13 0.060744796 
815 115 45 38 0.060235072 
943 476 4 4 0.06015422 
936 469 4 4 0.059946805 
907 495 9 11 0.059625313 
925 577 11 13 0.058404915 
673 168 52 35 0.05839211 
922 46 29 27 0.058184355 
273 626 6 8 0.058137942 
857 549 9 9 0.058116872 
872 57 20 21 0.058022562 
922 481 5 5 0.05801577 
187 487 5 7 0.057867788 
623 132 12 12 0.057539638 
878 480 5 5 0.057432972 
949 497 5 8 0.057360124 
923 487 5 6 0.05652772 
165 603 8 12 0.056463268 
797 578 9 11 0.056324795 
753 112 12 11 0.056240723 
760 86 24 27 0.05620649 
606 586 7 8 0.05616863 
155 569 6 7 0.055931017 
603 142 13 13 0.05581175 
809 82 114 85 0.05562781 
700 105 20 23 0.055600118 
767 65 20 23 0.055565264 
514 405 4 4 0.05540229 
930 481 4 4 0.055377986 
838 479 6 7 0.05519516 
865 480 5 6 0.055108618 
970 449 4 4 0.05503484 
693 116 13 16 0.05475571 
628 117 12 12 0.05450162 
513 411 5 6 0.05440597 
985 466 6 7 0.05434032 
253 44 17 14 0.054078154 
323 656 11 17 0.053973977 
871 491 7 9 0.05396483 
203 483 8 13 0.053905085 
783 123 13 17 0.05385142 
590 168 15 16 0.053211655 
752 104 14 14 0.053160585 
733 148 11 16 0.053158246 
965 486 6 6 0.053090785 
974 461 5 5 0.053073145 
682 343 399 374 0.053062294 
560 606 9 15 0.052981462 
553 613 18 29 0.05291937 
935 475 4 4 0.052778527 
936 482 4 4 0.052705117 
260 609 24 27 0.052576255 
972 449 5 5 0.05253931 
542 386 12 13 0.052438848 
205 559 13 12 0.052266058 
225 283 6 6 0.05225637 
225 276 5 6 0.05222083 
747 74 22 22 0.052168883 
972 643 12 14 0.05213718 
282 619 5 6 0.052043803 
1000 603 19 22 0.0519491 
949 469 4 4 0.051909734 
118 426 13 10 0.05187958 
813 62 47 46 0.051759955 
679 168 14 14 0.05155313 
993 466 5 7 0.051374283 
692 -28 421 348 0.051160224 
711 425 11 13 0.051043253 
935 492 7 8 0.05098115 
846 492 6 6 0.05092342 
639 108 6 8 0.05086848 
762 538 7 8 0.05085117 
201 206 12 14 0.050685607 
910 627 13 17 0.050647005 
600 126 10 11 0.050604627 
927 488 5 6 0.050529953 
950 462 4 4 0.05047828 
187 490 6 9 0.05042659 
776 542 6 7 0.050372995 
667 565 5 6 0.050237633 
854 522 10 10 0.05017233 
810 555 8 9 0.049982358 
119 472 9 10 0.049848583 
61 471 10 13 0.0496912 
822 115 15 16 0.049593132 
923 448 5 5 0.04949917 
879 3 13 11 0.049327224 
640 658 8 10 0.049226847 
274 621 6 6 0.049204398 
577 155 12 16 0.049091514 
950 476 5 5 0.049006477 
584 578 7 9 0.048945047 
877 91 49 38 0.0487718 
644 135 22 23 0.048747838 
936 463 4 4 0.048697688 
107 453 10 13 0.048678096 
874 73 11 13 0.048639 
968 480 5 6 0.04847139 
696 664 11 14 0.048420094 
119 498 8 9 0.048337143 
980 472 6 7 0.04833392 
816 121 25 21 0.04832273 
624 107 8 9 0.04825636 
540 396 12 14 0.04825047 
987 456 4 5 0.048244365 
281 538 10 15 0.04822671 
942 486 5 6 0.048188537 
789 553 7 9 0.04815073 
983 8 12 15 0.04813769 
958 499 7 8 0.048094608 
719 116 14 14 0.04808118 
930 476 4 3 0.048065092 
772 102 23 24 0.04805465 
601 58 11 17 0.048015002 
873 92 20 25 0.047929294 
986 485 7 8 0.04790205 
823 66 28 22 0.047860358 
985 479 8 9 0.04784107 
91 521 5 5 0.04775428 
272 243 13 16 0.04768981 
575 138 9 10 0.04765607 
661 568 6 8 0.047639742 
253 223 11 12 0.04762954 
926 29 21 25 0.047350578 
841 100 13 15 0.047347832 
981 468 5 6 0.04732202 
805 61 10 13 0.04730541 
978 486 6 6 0.047188487 
922 701 6 6 0.047165103 
70 439 9 10 0.047109187 
942 456 5 5 0.047080882 
918 24 52 44 0.047024064 
83 433 10 11 0.04697157 
665 568 6 8 0.046942748 
679 105 8 11 0.046896085 
808 119 14 17 0.046894535 
787 419 8 11 0.04671573 
610 570 5 6 0.04657278 
873 111 13 14 0.04641991 
773 419 8 10 0.046392053 
84 527 5 6 0.046177913 
166 498 6 8 0.04614558 
710 170 27 25 0.04613384 
778 575 8 9 0.046082865 
764 638 10 15 0.04595816 
908 503 9 10 0.04584737 
762 599 11 11 0.045843616 
548 427 8 10 0.045808364 
117 165 92 93 0.045703657 
898 490 8 10 0.045635242 
226 286 6 8 0.0456156 
644 124 13 14 0.045565493 
887 13 25 28 0.04552991 
161 511 7 10 0.045525156 
877 642 8 11 0.04550096 
116 421 12 11 0.045497574 
953 476 5 6 0.045189496 
855 590 10 14 0.04516798 
846 488 5 6 0.045076948 
-5 530 185 217 0.045049924 
658 118 48 47 0.045048792 
601 73 10 13 0.04504512 
150 498 6 8 0.044985734 
833 123 15 14 0.04482301 
712 129 16 13 0.044794217 
944 461 4 5 0.044699885 
67 184 97 96 0.044680357 
532 382 23 23 0.044596262 
802 42 40 48 0.04459327 
16 480 4 7 0.04457611 
872 474 5 5 0.044567537 
782 134 15 17 0.044542406 
279 644 9 13 0.044450812 
214 299 10 10 0.044277135 
642 164 21 23 0.04421791 
472 536 6 7 0.044205744 
943 469 4 4 0.04417128 
162 493 5 7 0.04413017 
901 522 8 11 0.044050343 
614 655 12 12 0.044037014 
656 117 10 15 0.044019643 
859 462 5 5 0.04393764 
461 0 16 12 0.04391855 
103 511 6 7 0.043844428 
635 108 6 7 0.043843865 
261 626 24 27 0.043660723 
553 146 9 11 0.04364118 
246 610 50 52 0.043555476 
165 511 6 8 0.043434978 
883 543 6 9 0.043410566 
948 645 13 12 0.04340908 
159 181 86 97 0.043408476 
870 480 5 6 0.043288816 
999 479 10 10 0.043263905 
588 132 25 22 0.04325636 
136 484 8 11 0.043230925 
962 480 4 5 0.043207917 
204 631 86 88 0.043190062 
1 474 4 7 0.04315508 
739 154 13 15 0.043113336 
877 475 4 5 0.04304684 
47 459 11 14 0.04296732 
770 61 13 15 0.04293805 
1 -126 139 121 0.04285612 
647 101 5 7 0.042815223 
856 75 10 9 0.04280335 
119 439 14 13 0.042743176 
687 122 13 15 0.04274154 
923 491 5 6 0.042733215 
311 152 48 43 0.042673606 
108 524 6 7 0.042585827 
707 156 11 12 0.042583723 
37 442 8 8 0.04257101 
712 106 12 15 0.042561594 
930 429 4 4 0.04254044 
722 139 21 23 0.042435054 
138 420 10 8 0.042369265 
410 614 6 7 0.042358056 
828 476 3 4 0.04232642 
115 476 9 11 0.04226607 
197 203 11 13 0.042170364 
1002 22 26 23 0.042106826 
962 457 3 4 0.042106256 
717 123 15 14 0.042098492 
200 215 20 27 0.042057153 
154 525 6 7 0.041954417 
899 546 9 12 0.04179452 
871 488 5 6 0.041778594 
688 170 13 14 0.041723344 
843 479 7 7 0.041667573 
911 694 3 4 0.041656062 
173 414 7 8 0.041621823 
270 621 6 6 0.04154152 
599 125 20 21 0.041536536 
904 694 4 4 0.041533396 
68 471 10 11 0.04147776 
548 144 10 11 0.041466016 
76 436 8 7 0.041430615 
709 134 25 23 0.041429162 
815 98 13 13 0.04141218 
924 463 3 4 0.04138135 
405 327 78 81 0.041321717 
274 631 8 9 0.041266896 
591 2 13 13 0.041253116 
701 76 8 8 0.041160695 
899 493 12 14 0.041098677 
83 429 8 8 0.041074086 
165 504 6 7 0.04098259 
217 651 24 29 0.040952835 
102 465 7 8 0.04094302 
939 490 7 10 0.040917173 
827 111 24 25 0.040914126 
59 422 5 7 0.040859032 
483 9 12 14 0.040810443 
956 449 4 4 0.040781166 
884 40 12 15 0.040737417 
210 213 9 14 0.040692642 
980 461 4 6 0.040643275 
266 630 10 11 0.040598776 
592 40 11 13 0.040514074 
589 23 21 23 0.04047453 
749 53 85 81 0.04039411 
848 113 13 15 0.0403828 
601 571 6 6 0.040315147 
118 458 10 11 0.040292647 
302 403 5 7 0.04023115 
1002 582 10 9 0.040185466 
838 517 6 9 0.040072132 
794 434 7 9 0.040052053 
21 473 6 7 0.040021077 
144 417 7 7 0.039988566 
773 126 20 22 0.03998595 
976 540 9 10 0.039978433 
789 378 21 23 0.039951786 
102 519 6 6 0.039950497 
16 410 3 5 0.039890736 
613 600 11 15 0.03987379 
306 402 8 10 0.03987343 
695 105 12 15 0.03987262 
839 69 25 21 0.039857894 
877 487 6 7 0.039748732 
842 71 48 45 0.039743923 
946 661 10 12 0.039737064 
568 592 11 14 0.039635736 
865 111 14 15 0.039533094 
549 161 46 46 0.039511535 
658 101 6 7 0.039432775 
47 429 6 8 0.03941377 
657 108 8 9 0.039372917 
867 561 9 9 0.039342936 
914 493 6 6 0.039301723 
689 112 11 15 0.03929868 
855 81 11 8 0.039276756 
772 74 44 43 0.039253265 
563 595 6 8 0.039199766 
561 -2 30 21 0.039194696 
297 508 9 13 0.039191954 
946 493 6 8 0.039160743 
975 486 5 6 0.039124493 
420 537 11 14 0.039114296 
897 692 4 4 0.039105587 
762 566 10 13 0.03909991 
941 556 8 8 0.039019257 
810 107 20 23 0.03898891 
546 399 11 13 0.03897086 
801 81 48 47 0.03896934 
183 197 11 16 0.038963802 
653 100 6 8 0.038946137 
15 416 4 5 0.03894015 
937 486 5 6 0.038891356 
788 128 14 17 0.038890753 
792 113 22 25 0.038828634 
556 611 10 15 0.038825 
176 206 11 17 0.03880423 
947 563 7 8 0.038801998 
971 479 6 7 0.038796093 
875 99 11 14 0.03878716 
571 140 21 24 0.03878653 
766 137 12 15 0.0387799 
649 187 14 16 0.038719065 
969 437 4 4 0.038697973 
9 418 3 4 0.038658865 
805 124 24 24 0.038658593 
682 102 20 22 0.038645998 
167 260 98 91 0.038639173 
844 516 8 10 0.038634162 
272 637 10 12 0.03855888 
716 84 7 7 0.038537793 
530 414 7 8 0.038465604 
85 467 4 6 0.038417596 
930 437 5 4 0.038399737 
882 480 5 6 0.03838536 
760 549 9 9 0.038350437 
783 487 5 6 0.03834011 
99 457 18 21 0.038333952 
675 150 21 24 0.03832443 
101 474 7 7 0.038314346 
682 157 11 13 0.038266923 
933 497 6 9 0.038254984 
122 230 7 8 0.03824835 
578 156 22 24 0.038217176 
726 62 10 12 0.038193893 
127 230 7 7 0.038165864 
412 621 10 12 0.038139544 
708 421 20 24 0.038130432 
555 413 7 9 0.038120918 
915 487 5 6 0.03811506 
122 465 8 9 0.038055684 
561 599 8 11 0.038053047 
969 462 4 5 0.038044743 
82 529 6 7 0.03803237 
849 74 10 9 0.038025357 
294 402 6 8 0.03802248 
849 84 9 7 0.038015015 
215 234 22 26 0.038006257 
854 462 4 4 0.037970018 
558 8 28 23 0.03796918 
923 476 4 4 0.037883695 
659 409 6 8 0.037860047 
602 595 7 8 0.037855294 
485 397 7 8 0.03783632 
617 149 12 14 0.037812475 
210 485 6 8 0.037803505 
427 144 22 35 0.037798706 
698 90 7 7 0.03775037 
890 700 5 5 0.03768709 
283 616 5 6 0.037680224 
575 175 27 22 0.037660543 
946 486 5 6 0.037656583 
603 168 13 15 0.037628353 
119 432 14 12 0.037615195 
985 472 8 9 0.03760573 
635 149 12 14 0.0375885 
757 74 12 11 0.037560463 
780 578 8 10 0.037552033 
190 486 6 9 0.037551876 
246 625 11 20 0.037533306 
280 657 8 10 0.03751362 
757 494 4 5 0.03749167 
519 410 5 6 0.037470337 
165 492 6 8 0.037464947 
636 181 13 18 0.037463166 
1003 486 12 14 0.037457306 
353 9 20 26 0.037445106 
182 506 4 6 0.037437957 
968 30 26 26 0.037409168 
873 79 21 25 0.037396032 
1002 473 9 10 0.037388362 
843 530 8 9 0.0373881 
971 396 7 8 0.03737574 
866 475 4 6 0.03733599 
712 88 8 9 0.037332922 
191 281 6 8 0.037319783 
690 91 7 7 0.037288297 
166 515 7 10 0.03728633 
433 101 22 24 0.037214562 
170 200 14 15 0.037207644 
854 87 11 10 0.03717297 
447 365 8 7 0.037130494 
920 555 9 11 0.037099395 
484 453 13 13 0.03709025 
402 18 22 30 0.037071314 
646 574 7 8 0.037059367 
459 83 19 18 0.037054952 
625 585 10 12 0.037044436 
975 456 4 4 0.037035007 
209 510 10 15 0.036991972 
937 429 4 5 0.036974184 
968 456 4 5 0.03696549 
212 492 5 9 0.036961608 
781 87 20 24 0.036960002 
917 536 9 10 0.03694674 
707 100 12 15 0.03693462 
858 474 5 6 0.036866307 
336 173 28 28 0.03686296 
205 580 43 52 0.036856744 
968 544 6 6 0.036804307 
270 253 25 27 0.036792934 
846 462 5 4 0.036787234 
122 492 7 8 0.036773965 
832 436 6 5 0.03675615 
43 441 7 9 0.036752146 
630 142 12 16 0.036733713 
905 699 4 4 0.03672688 
269 391 6 6 0.036706224 
775 410 5 6 0.03667853 
83 422 8 8 0.036668863 
1005 467 7 8 0.03665165 
662 476 3 5 0.036611598 
736 75 8 10 0.03658766 
532 394 23 27 0.03658463 
632 167 22 27 0.0365823 
1009 596 19 27 0.03657903 
563 139 42 44 0.03652637 
102 524 5 7 0.036486376 
84 463 5 4 0.036446277 
300 642 8 12 0.036442973 
892 469 4 4 0.036421612 
884 499 6 7 0.036416467 
663 118 10 14 0.036409374 
1002 599 9 12 0.036406714 
246 227 12 12 0.03638961 
943 444 3 4 0.036385253 
279 638 8 11 0.036335353 
1 428 4 7 0.03631137 
861 87 24 25 0.0362967 
107 472 8 9 0.036279812 
923 469 4 4 0.036261275 
541 70 13 17 0.036241487 
845 80 26 22 0.03621 
71 487 5 6 0.03619882 
26 488 5 6 0.036181416 
254 664 28 32 0.036166195 
215 210 8 11 0.036164667 
621 144 20 24 0.036156513 
63 678 8 10 0.036154296 
436 414 6 9 0.036154177 
598 146 22 25 0.036127556 
682 138 22 22 0.036118142 
209 333 86 106 0.036115535 
981 455 4 5 0.036084868 
716 151 24 24 0.036047358 
115 493 7 8 0.036046643 
660 487 5 6 0.036038082 
97 521 5 5 0.03602846 
5 300 7 8 0.036005378 
656 462 4 5 0.035996225 
7 424 5 5 0.03593043 
711 653 7 9 0.035897665 
237 412 8 10 0.035878208 
604 66 10 14 0.03583869 
865 487 5 6 0.035833266 
881 74 10 11 0.03583186 
713 657 9 12 0.035768226 
569 586 9 11 0.035742044 
190 221 9 13 0.035739135 
672 575 6 9 0.035717387 
961 7 21 24 0.035669252 
914 498 6 7 0.03561716 
440 17 18 23 0.0356141 
113 201 9 11 0.03558887 
692 429 6 7 0.03558131 
785 138 21 22 0.035544194 
74 472 9 9 0.035536896 
114 415 8 9 0.03552401 
638 136 11 14 0.035511326 
301 410 7 9 0.035487965 
440 343 8 10 0.035485703 
302 438 7 10 0.035456054 
681 101 11 12 0.03542878 
684 401 25 30 0.035420224 
455 96 24 28 0.03541694 
895 616 10 14 0.03541651 
664 170 10 14 0.035392065 
14 440 6 8 0.035382498 
835 470 3 4 0.035380084 
850 492 8 8 0.03534695 
894 606 12 13 0.03533362 
574 144 10 11 0.035331286 
839 475 5 6 0.03531256 
949 457 4 4 0.035308328 
20 467 6 7 0.035289917 
779 568 7 9 0.035281364 
664 178 12 16 0.035277538 
779 419 8 10 0.035275795 
969 11 50 43 0.03527082 
176 195 12 15 0.035270795 
925 671 11 10 0.035258684 
16 405 4 5 0.035249904 
704 96 6 7 0.035228014 
998 467 6 7 0.03521509 
954 468 5 5 0.03520516 
76 467 7 8 0.035176326 
869 38 22 24 0.035167847 
947 449 4 5 0.035160016 
198 198 8 9 0.03511897 
962 694 4 3 0.03506129 
839 494 4 5 0.03503037 
631 155 19 23 0.03502205 
154 517 6 8 0.034967143 
951 509 8 10 0.034966893 
609 399 5 5 0.03493361 
587 160 42 41 0.03491942 
993 462 4 6 0.034913015 
884 698 5 7 0.034910493 
578 10 27 26 0.034898948 
88 747 9 12 0.03488658 
919 21 12 15 0.034876443 
543 415 8 9 0.034840606 
77 410 7 7 0.034824427 
406 618 18 21 0.034818992 
61 459 8 10 0.03480693 
891 461 4 5 0.034784812 
612 126 9 10 0.03478238 
991 486 7 8 0.034756847 
854 67 11 11 0.03474916 
448 35 8 13 0.034748543 
874 531 7 9 0.034745365 
747 87 12 15 0.034725625 
953 493 6 7 0.03471538 
843 87 12 11 0.034714412 
827 440 6 6 0.034707118 
415 615 6 6 0.03470635 
980 581 8 11 0.034688838 
228 642 24 32 0.0346859 
797 80 12 15 0.034679912 
799 434 7 9 0.03467584 
133 609 24 26 0.034660317 
165 202 10 12 0.034660123 
115 499 7 8 0.034656182 
95 529 7 8 0.034655824 
879 29 20 22 0.034646355 
752 68 12 12 0.03461473 
568 601 11 15 0.034521457 
512 415 6 6 0.0345073 
443 419 6 9 0.03450128 
660 579 8 10 0.034486692 
187 497 6 8 0.034461644 
178 296 10 12 0.03444203 
963 451 3 3 0.034440212 
872 468 5 5 0.03443318 
680 436 5 5 0.03442588 
143 218 5 5 0.03441372 
559 157 10 12 0.034385372 
635 90 6 7 0.034368988 
141 497 6 8 0.034365747 
184 143 27 25 0.03436148 
712 83 7 8 0.034312524 
159 567 7 10 0.034245845 
746 104 12 15 0.034244094 
676 119 19 23 0.034229353 
57 459 8 10 0.03422837 
186 276 5 5 0.03421573 
153 403 6 8 0.034210894 
186 200 23 30 0.034201212 
914 28 22 26 0.034175273 
681 110 43 42 0.034166712 
241 223 9 9 0.034155075 
677 70 7 8 0.034143124 
577 128 22 22 0.034138605 
2 466 4 7 0.03413305 
47 434 5 7 0.03409425 
276 616 5 6 0.034088887 
937 457 4 4 0.034078557 
973 543 7 8 0.034075186 
60 500 5 7 0.03406791 
245 241 23 23 0.03401337 
669 464 3 3 0.034010507 
438 84 12 16 0.034002364 
237 210 21 22 0.03397433 
669 118 12 16 0.03396814 
1004 512 10 12 0.033966832 
640 101 6 7 0.033951413 
710 92 9 12 0.03394979 
24 461 7 7 0.03394625 
912 99 12 15 0.033919785 
671 82 6 9 0.03390155 
476 -2 14 13 0.033896435 
831 1 10 7 0.033890173 
904 418 5 4 0.033865325 
140 590 24 30 0.033863142 
758 104 24 22 0.033855736 
34 446 7 9 0.033855215 
885 60 11 12 0.033828434 
163 190 10 11 0.033819642 
726 475 4 4 0.03381548 
762 49 38 41 0.033800043 
881 625 8 10 0.033760607 
802 468 4 5 0.033737484 
616 399 5 5 0.033736367 
695 137 24 23 0.033730127 
575 391 8 9 0.033720918 
127 505 7 11 0.033714514 
275 384 6 7 0.03366686 
745 56 22 25 0.033662137 
899 501 11 13 0.03366094 
909 417 5 5 0.033648886 
315 99 13 17 0.033580545 
78 462 5 5 0.033575792 
15 437 5 5 0.03356723 
126 524 7 9 0.03356015 
962 461 4 5 0.033527248 
767 139 22 21 0.033520732 
450 1 16 14 0.033518285 
5 479 5 7 0.033498116 
249 247 10 10 0.033495273 
103 230 7 7 0.03348928 
979 410 6 5 0.033476215 
885 88 25 26 0.033458907 
149 495 5 6 0.03344804 
836 543 8 9 0.03342258 
187 282 6 7 0.03342047 
895 542 9 11 0.033419672 
169 378 5 7 0.03339559 
953 562 7 9 0.033385035 
829 24 9 10 0.033380706 
574 593 8 11 0.033364426 
961 697 5 5 0.033354454 
703 100 9 12 0.03335178 
898 418 4 4 0.033314213 
425 131 10 15 0.033287603 
921 561 8 10 0.03328195 
447 355 8 9 0.033281304 
110 603 10 15 0.033276137 
260 396 8 8 0.033271104 
859 61 22 22 0.033259302 
543 404 10 12 0.03325433 
698 81 7 8 0.033249713 
878 94 9 11 0.03324591 
696 90 21 24 0.033245683 
937 416 5 5 0.033163495 
806 469 5 5 0.03313718 
972 492 7 7 0.03313689 
187 506 5 7 0.03313159 
788 410 6 5 0.033125844 
417 603 5 6 0.033106074 
598 162 13 16 0.033092506 
221 -8 69 37 0.033090007 
280 628 6 7 0.03308575 
712 495 5 3 0.033073 
168 203 23 29 0.033061136 
936 437 4 5 0.03306079 
181 269 6 6 0.033012286 
182 277 4 5 0.032991514 
431 393 24 25 0.032991484 
852 598 8 13 0.03296822 
930 416 4 5 0.032967623 
136 480 6 9 0.032945815 
33 416 5 5 0.032939326 
527 15 20 25 0.03292056 
85 487 4 5 0.032894664 
662 565 4 6 0.03289038 
125 236 10 11 0.03288463 
518 527 8 9 0.032848354 
990 473 8 8 0.03282546 
499 461 5 6 0.03281094 
442 57 6 8 0.03278375 
270 97 15 17 0.032763083 
740 75 9 11 0.032756563 
401 272 17 28 0.032750193 
1002 472 20 21 0.032738693 
690 151 22 25 0.03272431 
895 473 6 6 0.03271884 
305 638 9 13 0.032717247 
253 626 10 12 0.032715045 
726 163 13 15 0.032714438 
1017 477 8 11 0.032712158 
673 565 5 6 0.03270157 
95 545 14 15 0.03269401 
954 487 5 6 0.032684606 
42 453 11 14 0.032677777 
848 67 11 12 0.032668892 
991 478 7 9 0.032641176 
851 488 5 6 0.03263518 
662 150 21 22 0.032608505 
80 528 4 4 0.032600943 
702 153 12 12 0.032596808 
710 624 9 10 0.032579366 
102 479 6 9 0.032572657 
148 456 6 5 0.032517493 
648 570 5 6 0.032485984 
337 687 11 13 0.032474265 
795 449 4 6 0.032440715 
937 443 4 4 0.032401644 
98 473 6 7 0.03239782 
689 134 51 44 0.03239397 
65 396 6 7 0.032375973 
719 96 20 24 0.03236144 
182 207 11 18 0.032358103 
677 147 9 9 0.03235166 
642 186 13 15 0.032351587 
560 152 9 11 0.032350946 
79 429 20 20 0.032333035 
4 291 8 11 0.032313064 
886 67 12 13 0.03230467 
956 38 27 27 0.032295626 
6 434 6 7 0.032267302 
726 456 4 5 0.032241236 
710 76 8 9 0.032239355 
967 698 5 5 0.03222075 
562 146 8 10 0.032211665 
677 80 8 11 0.03219991 
272 637 19 25 0.0321765 
697 95 8 7 0.032174896 
421 132 9 13 0.032169804 
610 160 14 17 0.032164443 
540 50 23 28 0.03216112 
204 267 25 26 0.03215293 
859 480 6 6 0.0321448 
757 141 13 16 0.03213606 
84 474 5 6 0.032132685 
543 374 10 14 0.032131243 
18 479 6 9 0.03211495 
7 391 4 6 0.032091465 
586 564 4 5 0.03209127 
707 82 20 22 0.03207785 
949 582 10 16 0.03206245 
85 481 5 6 0.032057364 
426 166 24 34 0.032055005 
624 124 13 13 0.032046795 
192 504 7 10 0.032026313 
879 469 4 4 0.03200199 
46 421 6 8 0.03199913 
874 120 11 11 0.031993877 
805 17 11 10 0.03197853 
218 276 6 6 0.0319702 
172 505 6 7 0.031966083 
127 222 9 10 0.031949546 
592 385 8 13 0.031946115 
727 97 43 40 0.031901434 
566 163 24 27 0.03188843 
622 146 47 45 0.031884953 
806 78 23 23 0.031884514 
1007 478 10 11 0.031877056 
981 450 4 4 0.0318626 
785 581 7 8 0.031862106 
966 396 7 7 0.031851754 
637 128 47 45 0.031846754 
924 656 13 13 0.031844504 
138 489 8 10 0.031832196 
254 210 8 10 0.03180726 
174 429 5 7 0.031793635 
693 435 6 7 0.03178036 
713 151 12 11 0.031769395 
450 465 5 7 0.031767175 
834 475 4 4 0.031746197 
681 150 11 11 0.03173369 
263 213 19 24 0.031731166 
16 398 4 5 0.031718876 
963 486 5 6 0.03171612 
280 631 7 9 0.03171412 
962 468 4 5 0.03170661 
872 463 5 4 0.0317054 
12 394 92 103 0.03170317 
70 461 7 7 0.031696416 
555 629 11 19 0.031693555 
527 409 6 7 0.0316922 
127 499 6 8 0.031667903 
811 428 9 9 0.03163968 
997 578 21 19 0.031637322 
633 574 7 8 0.031610765 
973 698 5 5 0.031592574 
764 77 13 17 0.031581596 
695 158 12 13 0.031581167 
858 467 5 6 0.03157726 
814 442 5 6 0.031572323 
990 554 8 10 0.031563185 
69 466 8 9 0.031559635 
835 480 4 5 0.03154525 
847 49 106 91 0.03153926 
886 4 21 22 0.031537082 
959 503 7 9 0.031528108 
303 225 5 6 0.03151875 
286 385 41 49 0.031517223 
568 158 10 13 0.031513218 
479 142 6 6 0.031507324 
304 406 10 12 0.03149342 
786 415 8 9 0.03149223 
180 498 6 8 0.03148644 
975 422 5 6 0.031468395 
198 568 27 34 0.031466447 
755 563 10 12 0.031461034 
781 39 40 47 0.031434767 
8 474 4 6 0.031416826 
501 396 5 6 0.03141545 
275 372 7 7 0.031395305 
282 397 6 6 0.03138698 
754 487 6 5 0.03138685 
855 493 8 8 0.03138538 
779 542 6 8 0.03137846 
910 698 4 4 0.031371575 
752 116 22 24 0.03136436 
973 430 5 6 0.031361725 
888 50 20 22 0.03135937 
899 450 3 4 0.0313542 
300 396 5 7 0.031354103 
986 698 5 4 0.03134818 
373 355 45 61 0.031341042 
737 70 7 9 0.03132858 
793 468 5 4 0.0312623 
759 556 9 11 0.03124231 
936 5 26 28 0.031232696 
964 491 8 8 0.031231184 
198 242 8 10 0.03121173 
154 495 5 5 0.031205876 
217 282 6 6 0.031189144 
977 492 8 7 0.03117259 
847 91 13 13 0.03116968 
415 556 6 7 0.031155575 
436 411 6 6 0.031142505 
792 42 8 11 0.03113557 
930 470 4 4 0.031124381 
568 133 10 11 0.031094946 
849 102 23 25 0.031094285 
126 517 22 26 0.031091014 
20 415 4 6 0.03108248 
78 494 4 5 0.031076234 
199 231 24 29 0.031074036 
942 697 4 5 0.031068614 
753 62 10 10 0.031066988 
255 401 8 9 0.031064494 
896 469 5 5 0.031055855 
169 181 11 13 0.031049225 
167 382 5 8 0.031047853 
70 453 6 8 0.03104459 
948 698 5 4 0.031043561 
110 511 5 7 0.031034239 
417 608 5 6 0.03103163 
451 36 22 31 0.0310244 
501 467 6 7 0.03102383 
788 117 14 17 0.031013293 
792 -3 25 19 0.03099645 
442 28 18 28 0.03098227 
832 443 6 5 0.030969173 
575 582 6 8 0.03096501 
740 92 11 14 0.030936066 
741 69 8 9 0.030929621 
126 311 83 96 0.030928278 
158 426 8 9 0.030906761 
172 420 8 8 0.030900491 
796 91 11 14 0.030890156 
273 220 9 12 0.030884558 
924 -3 25 20 0.030860547 
114 503 7 9 0.030838193 
154 408 7 8 0.03083654 
160 525 6 7 0.030822618 
793 42 87 82 0.03082183 
892 480 5 5 0.030816177 
425 111 22 31 0.030807639 
844 83 9 8 0.03079864 
76 416 21 23 0.030791745 
6 279 7 8 0.030771067 
926 449 5 5 0.030766703 
193 479 4 7 0.030765621 
1008 582 9 8 0.030763019 
620 587 9 10 0.03073807 
923 10 12 13 0.030735636 
342 -1 24 24 0.03073543 
726 4 12 11 0.030728446 
627 -14 89 93 0.03072793 
519 416 5 6 0.030727467 
283 53 26 27 0.030721134 
581 383 7 8 0.030718315 
909 411 4 5 0.03071415 
790 83 12 17 0.030713078 
917 693 4 4 0.030706625 
896 536 7 9 0.030688725 
301 473 6 9 0.03067801 
866 1 39 40 0.030672131 
738 125 12 12 0.030669505 
289 384 6 5 0.03066202 
827 390 6 5 0.030634422 
598 36 20 25 0.030590095 
965 498 8 9 0.030574316 
544 134 8 8 0.030567529 
225 9 118 83 0.030566717 
457 338 13 14 0.030551147 
593 138 11 11 0.030530019 
956 457 4 4 0.030524658 
54 463 10 13 0.030521315 
277 307 6 7 0.030520596 
596 128 9 9 0.03051706 
294 395 6 8 0.030504858 
580 391 7 9 0.03050218 
160 421 7 8 0.030494919 
805 432 8 9 0.030491333 
843 535 8 9 0.030488351 
15 474 4 6 0.03046692 
416 180 39 51 0.03046637 
705 90 6 6 0.030462032 
288 627 5 7 0.03045916 
647 97 6 6 0.030458303 
398 166 19 34 0.030450234 
974 411 6 5 0.03044525 
286 664 7 9 0.03043897 
695 151 11 12 0.030438313 
121 502 8 10 0.0304251 
462 388 19 26 0.030422594 
138 241 7 9 0.030406376 
985 490 9 10 0.030391913 
116 679 8 14 0.030387284 
288 415 6 9 0.030384729 
287 651 6 9 0.030377064 
911 109 14 14 0.03035514 
281 666 8 10 0.030350868 
373 10 20 29 0.030344699 
190 200 10 13 0.030336129 
50 423 6 6 0.030333418 
495 397 5 6 0.03033325 
507 404 5 5 0.030330995 
969 468 5 5 0.03031715 
27 449 5 6 0.030305663 
653 107 7 9 0.03029003 
427 44 22 29 0.03028316 
385 315 22 30 0.030270275 
233 670 24 29 0.030240804 
282 307 6 7 0.030226912 
690 100 10 10 0.030225355 
885 703 8 11 0.030199522 
549 379 18 19 0.030198932 
338 716 8 9 0.030172693 
185 285 8 9 0.030172413 
396 535 6 9 0.030150631 
309 397 5 8 0.030140247 
955 462 4 4 0.030122269 
617 167 13 16 0.030119225 
624 591 11 14 0.030101806 
189 435 4 6 0.03009892 
66 440 7 8 0.030097986 
937 449 4 4 0.0300877 
887 80 10 11 0.030072931 
97 467 6 6 0.03005055 
730 100 21 24 0.030050443 
554 402 9 9 0.030046176 
159 404 6 7 0.03004519 
231 222 22 24 0.030044865 
987 417 5 5 0.030037548 
810 40 24 26 0.030030865 
771 410 5 6 0.030025283 
769 32 23 22 0.030019296 
420 200 19 27 0.030019054 
945 -5 23 23 0.030016735 
2 423 4 6 0.030012708 
269 384 6 7 0.029999573 
21 461 5 7 0.02998745 
803 98 20 25 0.029980773 
7 428 5 7 0.029977491 
672 568 5 7 0.02997594 
535 382 10 12 0.029968238 
571 573 6 8 0.029966407 
180 217 14 19 0.029965203 
634 137 20 24 0.029958293 
719 55 19 25 0.02995519 
962 687 4 4 0.029953677 
610 147 13 15 0.029917048 
863 615 9 14 0.029916015 
799 73 12 14 0.029909363 
7 468 4 6 0.029898956 
679 569 5 5 0.029885849 
833 448 6 5 0.029881619 
742 63 7 9 0.02987517 
640 97 5 6 0.029870266 
33 411 5 6 0.02986896 
904 424 4 4 0.029830847 
33 430 5 6 0.02982412 
453 312 10 12 0.029818788 
556 14 11 12 0.029817695 
643 95 16 21 0.029811302 
2 462 4 6 0.029810546 
282 392 6 6 0.029799426 
821 475 4 4 0.029784886 
882 492 6 7 0.029779417 
286 645 7 10 0.029766535 
692 69 20 24 0.029765973 
119 451 11 13 0.029761182 
725 81 11 13 0.029758621 
203 198 8 10 0.02975548 
864 462 5 5 0.029743645 
954 687 5 4 0.029740687 
248 164 10 11 0.02973089 
166 300 6 7 0.029728057 
484 127 8 10 0.029718567 
960 555 6 7 0.029716717 
699 186 15 14 0.029716533 
985 717 7 7 0.02971355 
95 536 8 8 0.029712271 
132 363 10 9 0.02971206 
1003 574 9 8 0.029711269 
892 475 5 5 0.029691508 
909 424 5 4 0.0296875 
107 419 10 11 0.0296848 
684 71 6 7 0.029680012 
121 203 8 10 0.029676745 
605 395 25 30 0.029676434 
122 525 8 9 0.029666584 
270 664 12 11 0.02966082 
892 693 4 4 0.029651482 
210 198 8 9 0.029640857 
252 221 19 23 0.029632399 
960 492 6 7 0.029632056 
406 171 5 11 0.02962093 
441 615 8 7 0.029614357 
821 378 6 6 0.029601712 
942 694 4 4 0.029593125 
505 378 40 51 0.029591968 
215 203 8 9 0.029583048 
667 82 7 8 0.029564958 
539 143 40 46 0.029538825 
214 4 33 24 0.029531363 
803 76 15 17 0.029528527 
412 47 44 54 0.029523699 
807 475 5 5 0.0294881 
435 403 6 6 0.029481059 
200 413 6 10 0.029473145 
900 509 10 11 0.029470103 
97 281 24 23 0.029438192 
242 164 9 10 0.029436363 
835 493 4 5 0.029404346 
850 480 6 6 0.029393245 
993 454 5 6 0.029391298 
852 473 5 6 0.029361127 
750 62 7 9 0.029351166 
701 31 25 31 0.029350122 
696 55 23 26 0.029328013 
58 454 6 8 0.0293272 
933 504 7 8 0.02931124 
230 241 19 24 0.029305568 
268 651 24 29 0.029303683 
822 603 12 15 0.0292996 
795 140 25 27 0.029296944 
607 575 6 6 0.029278286 
546 394 21 23 0.029278249 
255 216 8 9 0.029277261 
307 735 9 9 0.029266603 
907 535 9 12 0.029264513 
154 433 8 9 0.029246313 
149 567 6 9 0.029219111 
779 435 8 7 0.029214488 
156 367 39 52 0.02920141 
817 476 3 4 0.029197972 
688 144 12 12 0.029197874 
680 566 4 5 0.029184729 
399 98 14 12 0.029180735 
73 500 96 115 0.029159011 
88 689 48 54 0.02914536 
661 164 19 25 0.029139815 
615 122 7 8 0.029128863 
920 549 8 10 0.02912572 
819 33 22 24 0.029122412 
841 109 14 16 0.029086886 
518 405 5 5 0.029069753 
660 414 6 7 0.02906802 
72 493 4 6 0.029067636 
842 50 10 12 0.029055648 
300 390 6 6 0.029055525 
117 229 20 23 0.029046735 
601 414 75 106 0.02903004 
984 421 22 24 0.029028049 
13 429 5 5 0.029026276 
828 488 4 5 0.029024187 
879 438 4 4 0.029017413 
284 554 20 31 0.028994832 
69 445 9 9 0.02898763 
825 378 6 5 0.02898262 
750 92 46 42 0.028978711 
444 4 20 23 0.028976325 
336 733 30 27 0.028974054 
989 561 8 9 0.028965162 
893 410 5 5 0.028957935 
448 56 7 9 0.028952787 
508 462 4 5 0.0289526 
295 210 6 8 0.028952437 
107 230 7 8 0.02894367 
185 270 5 6 0.028935898 
876 87 10 10 0.02892713 
864 491 6 8 0.02892045 
916 704 6 5 0.02891554 
977 20 24 26 0.02891333 
973 548 6 8 0.028911417 
180 430 5 6 0.028886026 
405 24 41 51 0.02887308 
538 153 93 87 0.028864985 
663 449 3 5 0.028862791 
971 515 10 11 0.028861776 
502 392 4 6 0.028856765 
35 450 10 13 0.028854942 
929 425 5 4 0.028853867 
248 241 10 11 0.028848762 
884 475 5 5 0.02884414 
272 227 10 12 0.028841255 
247 253 12 10 0.028830506 
144 600 13 16 0.028830303 
943 437 3 4 0.028819079 
972 434 5 7 0.028815504 
210 248 8 8 0.028802682 
180 365 6 8 0.028797371 
725 583 4 5 0.028791815 
972 469 6 6 0.028782269 
440 363 9 9 0.028782133 
478 396 8 10 0.028769903 
787 1 8 6 0.028765088 
92 463 4 4 0.028763086 
799 551 8 9 0.028728746 
90 486 5 6 0.028726477 
316 601 5 8 0.02871837 
580 147 10 10 0.02871213 
273 287 9 10 0.028694645 
1000 3 15 12 0.02869184 
597 172 14 16 0.028687011 
757 500 4 5 0.028681017 
39 436 5 6 0.028678687 
662 444 4 4 0.028676873 
665 416 6 7 0.028674567 
560 402 9 8 0.028668754 
746 329 13 12 0.028662305 
967 687 5 4 0.028660845 
893 -3 24 18 0.028651146 
274 376 7 8 0.028642254 
1017 471 8 10 0.028641805 
135 218 6 6 0.028639989 
750 486 6 6 0.028639587 
75 402 7 7 0.028625041 
173 491 7 10 0.028623607 
21 448 6 7 0.028614935 
646 193 25 25 0.028613083 
444 91 11 16 0.028601594 
266 415 9 12 0.028588837 
20 436 5 7 0.028586004 
831 389 6 6 0.028577406 
409 556 7 7 0.02856366 
560 395 22 22 0.028561262 
153 509 8 10 0.028548952 
969 443 4 4 0.028539665 
996 24 9 9 0.028535256 
465 1 21 17 0.028530244 
285 394 22 25 0.028523799 
646 107 6 8 0.02851749 
72 402 6 6 0.028514024 
691 82 6 8 0.028505336 
21 430 4 5 0.02849353 
533 25 23 26 0.028488748 
422 529 7 9 0.02848153 
235 165 10 9 0.028479079 
243 255 8 8 0.028474955 
842 124 31 28 0.028470082 
513 378 5 5 0.028440682 
417 131 19 28 0.028421452 
813 133 28 25 0.028414369 
882 81 9 10 0.028379198 
485 387 8 10 0.028373461 
153 598 22 27 0.028371932 
66 448 6 6 0.028366083 
924 436 4 4 0.028365783 
946 568 8 10 0.028352434 
105 163 53 44 0.028343502 
860 100 11 13 0.028326947 
806 403 6 8 0.028323056 
907 662 8 11 0.028317012 
7 276 5 6 0.028314928 
861 80 10 9 0.028308058 
56 475 10 11 0.028306406 
260 176 11 12 0.028300827 
487 449 8 9 0.02829933 
650 112 110 88 0.028295962 
128 560 22 23 0.028295059 
452 16 22 26 0.028270394 
990 491 8 9 0.028256468 
32 275 5 5 0.028253268 
626 103 7 7 0.028252441 
887 106 13 14 0.028251296 
611 139 10 12 0.028250452 
581 136 11 11 0.028247308 
230 284 6 6 0.028246995 
799 43 8 9 0.028243588 
1 625 6 11 0.028241014 
34 443 6 7 0.02823943 
703 82 7 7 0.028234052 
-7 -145 57 151 0.028230887 
178 190 10 12 0.028214108 
274 428 6 8 0.028200464 
178 305 8 10 0.028198913 
18 306 8 9 0.028198741 
899 457 3 3 0.028182438 
957 20 23 25 0.028180543 
672 101 7 9 0.028175248 
653 416 5 7 0.028167406 
640 108 20 24 0.028164249 
792 49 8 11 0.028158963 
918 482 4 4 0.028158616 
192 434 5 7 0.028156336 
500 404 4 5 0.028152265 
101 426 8 11 0.028146388 
190 316 23 25 0.0281422 
852 468 6 5 0.028137924 
845 18 8 8 0.028131718 
879 462 4 5 0.028130248 
188 430 5 6 0.028117154 
663 162 12 14 0.028106397 
496 12 15 15 0.02810639 
380 295 20 25 0.028105289 
147 563 7 9 0.02810129 
719 494 4 4 0.028087795 
652 107 18 22 0.02808524 
620 136 12 13 0.028082512 
640 575 6 7 0.028069414 
973 719 5 5 0.028067958 
179 491 6 9 0.02805286 
943 688 4 4 0.028047021 
245 371 5 6 0.028044904 
933 573 9 11 0.028037542 
835 463 3 4 0.028034408 
980 472 19 21 0.02801963 
159 205 8 9 0.028019493 
669 170 11 13 0.028015036 
871 113 32 30 0.028015029 
575 382 7 8 0.027998801 
876 556 7 8 0.027988153 
243 313 7 9 0.02798325 
84 456 5 5 0.027983135 
832 603 9 13 0.027977725 
25 466 7 9 0.027975844 
238 593 25 38 0.027975326 
184 191 9 12 0.027974501 
657 164 10 13 0.027971804 
668 41 12 12 0.027960498 
681 457 4 4 0.027942074 
827 60 16 17 0.027939558 
494 142 5 6 0.02793396 
274 260 10 10 0.027929 
881 43 19 23 0.027924776 
332 708 21 24 0.027920797 
443 63 6 8 0.027919656 
846 398 6 6 0.027912216 
20 435 41 49 0.027902992 
91 469 5 4 0.027899789 
173 497 6 8 0.027893987 
839 469 4 5 0.027880032 
425 120 12 19 0.027876917 
567 119 24 25 0.027860694 
20 411 4 6 0.027855104 
980 718 6 5 0.0278532 
695 101 10 10 0.027849715 
827 429 5 5 0.02784497 
897 699 5 4 0.027844643 
653 583 6 7 0.0278361 
801 34 21 27 0.027833337 
278 105 13 15 0.027824441 
276 396 6 7 0.027823722 
848 55 10 12 0.02781817 
821 106 12 14 0.027814269 
173 485 6 8 0.027809413 
455 366 6 6 0.027802737 
501 385 5 5 0.027777305 
918 450 4 4 0.027766582 
865 120 13 12 0.02776232 
434 569 7 10 0.027726209 
804 552 9 8 0.027719337 
699 407 11 18 0.027713506 
115 242 7 9 0.02771316 
776 144 22 21 0.02771296 
975 416 5 6 0.027699478 
620 127 9 10 0.027697733 
968 539 5 6 0.027692992 
430 569 7 10 0.027686626 
831 398 7 6 0.027686363 
855 30 22 25 0.027682181 
947 510 8 10 0.027679123 
711 157 15 14 0.027677448 
659 404 6 7 0.02766303 
828 43 10 12 0.027661279 
825 677 24 24 0.027660644 
181 517 7 9 0.027654812 
651 574 7 8 0.02765354 
414 578 9 12 0.027649788 
676 61 8 10 0.027644692 
946 710 7 6 0.027640997 
650 156 23 25 0.027631324 
692 77 6 7 0.02762506 
658 97 6 7 0.027622133 
888 561 8 10 0.027620217 
280 229 7 10 0.027614348 
173 277 5 5 0.027613426 
748 75 11 12 0.027613284 
676 444 3 4 0.027611824 
393 300 21 30 0.027608866 
980 429 5 6 0.02760872 
845 503 8 10 0.027600404 
188 241 29 31 0.027598165 
962 476 4 5 0.027593737 
44 409 6 6 0.027585717 
300 681 42 53 0.02758401 
160 186 8 7 0.027583685 
1016 644 10 14 0.027579375 
306 439 6 10 0.027577287 
639 581 7 9 0.027569786 
898 687 4 5 0.027567241 
936 425 4 4 0.027566796 
407 383 73 105 0.027559035 
432 617 22 23 0.027554417 
10 411 3 5 0.027543316 
136 417 8 8 0.027536804 
787 10 8 10 0.027536698 
869 100 10 13 0.027528165 
289 41 27 24 0.027520519 
880 71 23 25 0.027511297 
818 556 8 9 0.027506327 
435 23 8 11 0.027502237 
190 232 10 14 0.02750173 
876 0 12 10 0.027496602 
288 620 5 7 0.02747766 
419 157 20 29 0.027474757 
56 396 22 24 0.027467586 
109 519 5 6 0.027464435 
5 441 7 9 0.027457546 
704 152 51 40 0.027455745 
823 87 23 22 0.027452996 
173 597 33 50 0.027444256 
301 650 7 10 0.02742773 
908 68 24 27 0.027424602 
794 462 4 4 0.027423201 
985 529 6 7 0.027419183 
976 498 10 10 0.027417986 
558 593 6 9 0.027411375 
644 112 10 13 0.027411351 
81 214 25 25 0.027405428 
555 429 6 7 0.027392155 
295 392 6 6 0.027381923 
689 138 10 11 0.027356386 
139 223 7 9 0.027354196 
972 560 7 10 0.027354103 
585 569 5 7 0.02735097 
675 663 20 22 0.027350783 
324 -39 24 23 0.02734805 
761 488 7 5 0.02734652 
418 121 12 18 0.02733868 
719 463 3 4 0.027332623 
692 191 16 17 0.02733013 
213 209 20 25 0.02731749 
102 414 10 10 0.027313327 
16 467 4 6 0.027299868 
431 350 28 30 0.02729755 
928 457 4 3 0.027294885 
397 582 6 7 0.027291847 
188 480 4 6 0.027291795 
923 678 7 6 0.027285961 
245 283 6 6 0.027282108 
574 603 8 12 0.027275687 
173 270 6 5 0.027273567 
675 61 91 87 0.027269317 
261 627 9 10 0.027256882 
956 698 4 4 0.027255207 
581 606 6 10 0.027254954 
888 9 109 88 0.027253183 
632 505 7 7 0.027250346 
601 131 119 95 0.027249973 
137 498 5 7 0.027244642 
903 410 6 5 0.027243337 
208 202 9 11 0.027243078 
831 403 7 5 0.027241271 
790 448 4 5 0.02723522 
970 44 31 27 0.027225967 
235 254 8 8 0.027212357 
78 455 5 6 0.027212132 
886 0 10 10 0.027211789 
288 659 5 7 0.027202006 
992 429 6 6 0.027197568 
659 69 19 25 0.02719609 
997 472 9 9 0.027191384 
59 504 5 7 0.02718938 
642 442 4 6 0.027184121 
735 63 8 9 0.02718124 
837 536 8 9 0.027176423 
421 98 9 14 0.027175447 
132 240 9 10 0.02717089 
956 695 3 3 0.027167993 
869 96 8 8 0.027165815 
563 48 9 12 0.027163347 
169 188 12 13 0.027147476 
645 581 8 9 0.02714531 
112 443 12 14 0.027145132 
308 225 5 7 0.027144516 
783 482 5 5 0.027143564 
717 583 5 5 0.027142897 
821 455 5 5 0.027130239 
806 23 10 10 0.027127704 
628 501 7 5 0.027121494 
576 564 6 6 0.02712052 
728 76 8 9 0.027117131 
370 503 34 50 0.027097387 
600 387 8 11 0.02709369 
144 628 23 30 0.027093597 
394 28 24 37 0.02708919 
940 462 20 21 0.02708904 
268 211 8 9 0.027074 
835 46 13 14 0.027059322 
618 594 10 13 0.027052416 
676 463 3 4 0.027049087 
591 374 49 50 0.027043583 
623 449 4 5 0.027031614 
298 124 45 52 0.027006702 
666 87 8 10 0.027006075 
773 427 8 9 0.027000913 
711 691 8 9 0.027000895 
332 715 8 10 0.02699951 
1001 591 12 13 0.026998127 
965 504 8 8 0.02699673 
205 494 7 11 0.026993161 
698 428 6 7 0.026984155 
511 422 6 7 0.02697451 
627 102 19 21 0.026971726 
970 553 80 93 0.02697092 
175 434 5 7 0.026964702 
1003 569 8 9 0.026964607 
697 410 33 52 0.026960274 
183 275 20 23 0.026959548 
846 469 5 5 0.026955295 
683 137 9 10 0.026944121 
730 475 4 4 0.026941596 
684 505 6 5 0.026940921 
178 420 6 8 0.026934478 
324 699 11 13 0.026933447 
336 -46 25 23 0.02692462 
158 183 22 24 0.02692125 
801 699 5 7 0.026920933 
281 472 7 10 0.026915904 
726 469 3 4 0.026913054 
161 455 5 5 0.026911711 
782 410 4 5 0.026907295 
120 222 9 9 0.026906144 
359 160 225 233 0.026893683 
786 486 6 7 0.026888961 
899 23 25 29 0.026888352 
1005 718 6 5 0.026888115 
789 457 3 4 0.02688605 
64 409 6 6 0.02687798 
256 364 49 58 0.026873248 
415 562 7 8 0.026868584 
537 146 6 7 0.026861623 
669 470 3 4 0.026859682 
63 403 7 6 0.026858201 
97 704 5 6 0.026855195 
480 148 6 6 0.026848368 
327 728 24 24 0.026846612 
538 416 7 8 0.02684583 
971 498 9 9 0.026843052 
470 396 11 14 0.026828445 
289 68 24 30 0.02681954 
526 415 7 8 0.026817866 
501 120 5 8 0.026812375 
741 595 7 9 0.026808081 
234 646 12 18 0.026801053 
837 529 8 10 0.026799038 
604 109 11 15 0.02679874 
792 567 7 11 0.026794236 
944 540 10 11 0.026792573 
674 437 5 4 0.026791092 
882 605 8 9 0.026790842 
750 56 8 10 0.026790619 
842 523 9 10 0.026790308 
924 26 13 18 0.02678236 
63 454 6 8 0.02678167 
290 392 7 6 0.026771093 
140 411 7 6 0.02677096 
177 312 9 10 0.026766637 
431 23 20 27 0.026755026 
403 534 8 9 0.026747508 
964 -17 25 29 0.026744995 
473 179 7 8 0.02674405 
799 567 8 10 0.026742226 
409 222 6 10 0.026732326 
109 237 6 6 0.026730461 
109 518 23 24 0.02672648 
908 705 5 5 0.026725687 
216 397 7 7 0.026723865 
320 601 6 7 0.026719803 
987 423 5 6 0.026719151 
995 52 12 16 0.026716746 
804 110 11 16 0.02670731 
246 612 11 18 0.026700506 
450 316 25 28 0.026699973 
823 101 22 23 0.02669622 
685 94 9 9 0.0266937 
152 480 6 7 0.026671821 
280 125 78 96 0.026666433 
987 429 5 5 0.026664793 
27 491 6 7 0.026657358 
164 569 11 15 0.026656527 
621 102 8 9 0.026655156 
944 521 16 17 0.026653275 
678 49 7 10 0.02664854 
291 488 12 13 0.026646608 
1005 711 6 5 0.026641779 
108 666 98 106 0.026640523 
144 585 12 17 0.026635785 
793 439 7 8 0.02663362 
898 35 45 43 0.026631456 
785 49 9 11 0.02662807 
452 383 9 10 0.026620705 
464 389 10 14 0.026616467 
922 500 6 6 0.026614087 
834 431 4 4 0.026611038 
605 43 9 12 0.026604807 
193 276 5 6 0.026604336 
787 6 8 7 0.02659161 
558 582 6 9 0.026588516 
960 422 7 6 0.02658226 
980 481 6 7 0.02658085 
846 403 6 5 0.026577843 
155 506 18 24 0.026571592 
270 616 6 6 0.026568472 
241 177 10 11 0.02656846 
26 436 5 6 0.026567372 
199 333 6 6 0.026561478 
965 712 7 7 0.026559338 
12 276 7 7 0.02655551 
141 462 7 6 0.026553595 
563 133 8 10 0.026550636 
259 382 22 25 0.026549794 
730 455 5 5 0.02653946 
654 403 5 7 0.026539061 
180 512 5 7 0.026538866 
422 525 6 7 0.026537638 
623 656 11 11 0.026535368 
741 123 20 22 0.026532335 
532 423 5 7 0.026530366 
732 -5 21 20 0.026512235 
6 462 4 6 0.026511878 
895 77 24 28 0.026484616 
233 658 12 18 0.026484175 
763 494 6 4 0.026465572 
700 162 14 16 0.026459891 
662 144 12 11 0.026456576 
1 643 6 11 0.02645464 
774 488 6 5 0.026452817 
639 586 8 10 0.026449542 
777 116 13 15 0.026446488 
637 60 19 27 0.026443513 
770 488 6 5 0.026440784 
681 475 4 5 0.026432049 
2 271 28 27 0.026426475 
639 90 6 7 0.026422653 
794 26 6 7 0.026418692 
744 151 21 21 0.026418686 
233 572 10 15 0.026416747 
668 404 40 57 0.026405415 
1019 573 7 9 0.026405372 
168 288 5 5 0.026404671 
538 37 22 24 0.026396211 
984 383 7 7 0.026394045 
593 356 21 24 0.026385415 
885 22 12 14 0.026382495 
338 722 8 8 0.026376676 
300 83 21 26 0.026369978 
664 107 8 9 0.02636649 
310 390 4 6 0.026359683 
217 487 5 7 0.026332896 
360 316 35 56 0.026332648 
828 404 5 5 0.026329024 
300 632 7 9 0.02632032 
693 655 11 14 0.026314186 
759 45 22 28 0.026308548 
202 240 11 13 0.02629948 
15 391 4 6 0.026295459 
435 338 8 10 0.026277719 
556 379 7 8 0.026274296 
514 390 5 6 0.026264695 
417 400 22 24 0.026258303 
884 469 5 4 0.026241576 
133 510 7 11 0.02623886 
190 0 30 20 0.026228184 
246 216 8 9 0.02622732 
235 158 10 10 0.026199918 
351 701 10 11 0.026198694 
269 365 7 7 0.026177732 
261 383 7 8 0.026176032 
858 486 6 7 0.02616651 
85 138 199 174 0.026162738 
50 440 8 9 0.026154393 
707 113 44 38 0.026146887 
241 158 11 11 0.026141047 
829 480 3 4 0.026137758 
411 604 4 4 0.026134184 
965 424 6 6 0.02612546 
274 211 6 7 0.026125174 
426 340 24 28 0.026122991 
568 428 8 7 0.026118001 
514 449 4 5 0.026117604 
149 561 19 24 0.026117437 
861 424 4 3 0.026116772 
543 64 23 27 0.026115837 
429 403 8 6 0.026115566 
901 88 10 12 0.026113978 
674 456 4 4 0.02610296 
490 48 12 13 0.02608536 
289 615 5 7 0.026082758 
507 378 4 6 0.026073724 
810 92 14 16 0.026057739 
611 586 9 10 0.026049802 
285 681 9 12 0.026048128 
663 45 22 27 0.026031932 
660 492 6 7 0.026030734 
654 396 6 7 0.02602896 
258 93 20 24 0.0260265 
209 241 9 10 0.026025634 
253 381 9 11 0.026022565 
101 530 6 8 0.026014881 
470 106 9 11 0.026011156 
555 53 10 13 0.026001418 
148 461 7 5 0.025998143 
154 205 7 8 0.025983177 
25 479 6 7 0.025980309 
545 144 20 23 0.025973592 
893 553 10 13 0.025966132 
514 372 5 6 0.025962986 
369 244 8 12 0.025960034 
703 146 21 22 0.025950717 
885 63 50 44 0.025947196 
981 699 5 4 0.025943182 
561 573 8 9 0.02593429 
971 503 9 9 0.025929233 
128 491 6 8 0.025916753 
400 193 12 19 0.025913643 
70 479 7 8 0.025913185 
314 686 20 26 0.025912417 
866 49 44 40 0.025906848 
296 386 5 4 0.02590615 
167 296 5 6 0.025904963 
443 409 5 6 0.025896616 
791 67 10 13 0.025893128 
262 401 8 9 0.025887704 
167 487 6 7 0.025885379 
180 588 20 32 0.025872977 
181 282 4 5 0.025862357 
911 687 3 4 0.025857575 
966 402 7 7 0.025846072 
669 451 3 3 0.025843743 
238 282 6 7 0.025840046 
632 580 8 11 0.025834847 
189 511 9 13 0.025834188 
892 35 24 27 0.025833504 
845 474 6 6 0.025830336 
736 594 6 8 0.025829522 
738 69 20 24 0.025825398 
14 485 5 7 0.025823077 
244 275 6 7 0.025817877 
800 26 8 8 0.025817124 
443 559 5 6 0.02581107 
351 716 8 9 0.025809508 
331 708 8 11 0.025807658 
103 568 76 91 0.02580526 
827 385 6 5 0.025777549 
613 582 7 9 0.025775371 
309 346 5 7 0.025775103 
128 262 6 7 0.025771415 
977 516 9 10 0.025767513 
414 119 11 14 0.025760202 
821 471 3 3 0.025757743 
299 427 8 10 0.025757244 
929 462 4 4 0.025752518 
237 195 22 23 0.025748596 
294 408 7 8 0.025745662 
666 76 6 8 0.02573647 
135 504 6 8 0.02573488 
271 655 40 47 0.025730059 
301 346 6 7 0.02571605 
653 475 5 6 0.025712244 
90 513 5 6 0.025712054 
235 151 10 11 0.025710518 
956 423 5 5 0.025710076 
440 48 7 11 0.025693724 
89 529 7 7 0.025691036 
669 477 3 4 0.025687553 
648 565 5 5 0.025683258 
543 28 9 11 0.025678437 
799 480 5 6 0.025674643 
665 71 6 8 0.025668252 
289 633 5 8 0.025665352 
845 499 7 7 0.025662048 
835 598 10 14 0.02565461 
897 528 7 9 0.025652157 
995 548 9 11 0.025649033 
338 710 8 9 0.025631264 
71 410 6 6 0.025630774 
653 570 5 6 0.025630014 
481 410 5 7 0.02562819 
266 269 25 31 0.025627986 
679 421 8 8 0.025620412 
193 475 4 6 0.025617333 
249 428 8 8 0.025613956 
199 491 6 9 0.025612561 
900 629 9 12 0.02561044 
110 473 18 23 0.025596902 
160 376 7 9 0.025588958 
580 114 8 10 0.025580708 
379 303 42 56 0.025574269 
814 390 6 6 0.025566801 
95 608 8 9 0.025566606 
540 62 13 13 0.025566198 
571 417 6 6 0.02556541 
831 95 8 8 0.025561051 
753 54 11 13 0.025555331 
640 463 20 28 0.025553647 
589 587 8 9 0.025550762 
289 480 6 7 0.02554955 
139 249 7 10 0.025545765 
289 421 5 8 0.02554492 
248 177 11 10 0.025542352 
86 521 4 4 0.025541278 
52 507 5 6 0.025540786 
592 424 4 4 0.02553137 
138 618 11 11 0.025518954 
987 589 10 13 0.025513468 
345 716 8 9 0.025512371 
747 594 11 12 0.025509177 
476 386 23 26 0.025509005 
807 488 5 5 0.025507232 
646 160 55 46 0.025505863 
302 384 4 5 0.025501313 
717 85 20 23 0.025500778 
942 431 4 4 0.025500193 
543 152 9 10 0.025496721 
786 55 9 12 0.025496012 
186 512 6 9 0.02549333 
277 676 21 29 0.025491895 
449 409 4 6 0.025489034 
287 473 20 24 0.025488697 
1005 430 6 7 0.025479086 
628 558 5 6 0.025476253 
84 416 6 7 0.025475696 
481 416 5 7 0.025461359 
526 404 6 7 0.025460074 
832 530 6 9 0.025455115 
862 498 8 9 0.025453882 
719 143 13 13 0.025450308 
0 433 5 8 0.02544977 
173 503 33 48 0.025448043 
806 41 8 10 0.025441002 
70 397 7 6 0.025427291 
942 -9 96 78 0.025426304 
670 95 7 9 0.025425501 
773 47 11 13 0.025413334 
1005 454 6 8 0.025410913 
928 412 5 4 0.025404647 
202 289 12 12 0.025402859 
902 473 6 7 0.0253986 
200 206 95 97 0.025394963 
936 402 5 6 0.025390444 
901 496 18 20 0.025383813 
895 510 17 24 0.02537729 
882 630 8 12 0.025372574 
688 449 4 6 0.0253713 
193 561 8 11 0.025368858 
571 403 8 7 0.025368286 
739 456 3 4 0.025341876 
447 615 8 8 0.025335671 
620 158 22 28 0.025333747 
59 494 4 5 0.02532195 
235 272 23 25 0.025310922 
276 616 21 28 0.025308542 
301 628 5 7 0.025307246 
266 348 25 29 0.025306307 
895 480 7 7 0.025306085 
788 25 7 8 0.025299015 
687 591 13 16 0.025298582 
784 67 23 27 0.025285495 
30 462 20 22 0.025275975 
218 248 24 25 0.025275204 
773 441 7 7 0.025274435 
378 135 67 98 0.02527141 
673 503 7 7 0.025267007 
440 619 11 10 0.025259944 
210 480 6 8 0.025257591 
893 14 12 13 0.025249803 
917 396 5 6 0.025249772 
12 293 8 10 0.025247952 
176 285 20 24 0.025241015 
295 473 6 8 0.025240844 
20 453 7 8 0.02523739 
777 55 12 14 0.025235584 
120 531 9 14 0.025226602 
1 548 5 8 0.025224939 
417 139 7 10 0.025223063 
726 462 4 4 0.025222855 
683 62 7 9 0.025222411 
506 397 5 6 0.025218954 
188 300 21 23 0.025215056 
496 602 24 33 0.025208905 
677 575 6 8 0.025207786 
386 17 22 30 0.025204265 
560 606 19 28 0.025204098 
660 463 3 4 0.025201008 
771 455 5 5 0.025198385 
865 468 5 5 0.025194397 
979 484 19 20 0.02519336 
26 441 5 6 0.025192944 
165 195 10 10 0.025173083 
331 722 9 9 0.025171317 
429 411 7 6 0.025163662 
514 629 23 24 0.02516223 
972 403 6 6 0.025162105 
311 638 10 14 0.025157379 
732 137 13 15 0.025155047 
281 569 18 26 0.025154509 
629 83 18 23 0.025149599 
443 405 5 5 0.025147706 
753 656 9 10 0.025147663 
666 487 6 7 0.025146712 
108 529 7 8 0.025146166 
219 411 6 7 0.025145376 
682 38 20 30 0.025144454 
617 404 4 5 0.025142942 
246 143 13 14 0.025131717 
198 212 10 14 0.02513121 
175 180 12 14 0.025130847 
6 384 5 7 0.025123835 
199 221 9 12 0.025123088 
560 47 19 26 0.025108393 
295 638 6 10 0.025103556 
756 538 5 7 0.025102276 
153 171 24 22 0.025100721 
25 453 7 8 0.025098145 
894 567 9 11 0.025095629 
342 -40 13 11 0.025089731 
774 550 7 7 0.025088966 
137 551 40 52 0.025086708 
790 356 11 10 0.025085362 
98 513 5 5 0.02508463 
997 534 10 10 0.025083857 
826 38 8 10 0.025078896 
628 404 5 5 0.025073163 
605 597 11 14 0.025072126 
1009 575 8 7 0.025069274 
19 440 7 8 0.025066147 
838 523 7 9 0.02506219 
830 19 9 9 0.025060158 
404 621 7 8 0.025051305 
846 693 6 5 0.025045564 
669 455 3 4 0.025042659 
563 424 6 6 0.025041861 
298 628 4 6 0.02504128 
26 276 6 5 0.025039224 
594 564 5 6 0.025030093 
849 50 9 11 0.025029616 
343 688 10 12 0.025021952 
948 443 4 4 0.025019309 
908 103 26 27 0.024998834 
889 493 7 7 0.024998235 
302 217 6 8 0.024997504 
795 456 4 4 0.02499634 
241 157 22 23 0.02499164 
674 477 4 4 0.02499143 
448 48 7 11 0.024988063 
817 426 9 9 0.02498305 
885 93 12 15 0.024975142 
984 497 9 11 0.024974972 
549 359 78 91 0.024971537 
916 58 25 26 0.024970535 
274 390 6 7 0.024968423 
848 5 8 7 0.024965335 
819 423 7 7 0.024960253 
52 396 6 6 0.024958503 
631 657 9 10 0.024956191 
126 687 10 20 0.024956167 
800 34 9 11 0.024954759 
980 531 6 6 0.024953334 
956 436 4 4 0.024952479 
514 399 4 5 0.024946075 
79 709 18 23 0.024940655 
801 18 7 8 0.02493624 
1015 541 10 12 0.024929471 
409 171 6 10 0.024913158 
242 261 9 9 0.0249115 
216 492 6 9 0.024910986 
896 410 5 5 0.02491085 
672 518 8 8 0.024910389 
506 120 5 7 0.024907377 
919 603 15 20 0.024904566 
215 274 22 25 0.024903711 
301 210 8 9 0.024903562 
311 -32 23 23 0.024898326 
383 252 7 12 0.024896495 
135 212 6 7 0.024872828 
58 448 5 7 0.024870856 
891 417 5 5 0.024865292 
963 443 4 4 0.024864767 
449 405 5 6 0.024863014 
599 11 9 10 0.024862088 
665 60 21 26 0.02486165 
978 434 20 24 0.024854634 
898 519 6 7 0.024853745 
259 221 10 13 0.024853224 
405 248 6 9 0.02485075 
256 313 7 8 0.024838889 
820 383 6 6 0.02483867 
34 424 4 5 0.024838379 
822 39 46 48 0.024829146 
795 19 5 6 0.024829123 
923 444 4 5 0.024825286 
194 299 11 13 0.024820013 
237 263 7 8 0.024817824 
963 437 4 4 0.02481499 
508 411 5 5 0.024811594 
155 187 6 5 0.024809936 
828 471 3 3 0.024806282 
98 227 22 26 0.024801806 
784 30 10 11 0.02480161 
185 408 7 7 0.02480071 
739 137 13 16 0.02478939 
850 31 7 9 0.024788639 
191 285 7 10 0.024787433 
890 486 6 7 0.024781557 
78 423 6 7 0.024780063 
514 385 4 5 0.024779549 
869 540 15 19 0.024776865 
648 411 5 6 0.024773085 
18 312 9 10 0.024770087 
951 436 3 4 0.024768714 
918 463 3 3 0.024766406 
683 515 11 10 0.024760297 
667 479 4 6 0.024758799 
364 37 9 12 0.024744619 
773 554 8 9 0.024742382 
581 595 6 8 0.024734758 
640 570 5 5 0.024729008 
18 293 9 11 0.02472779 
194 587 26 37 0.024722455 
493 186 8 8 0.024720788 
387 525 11 12 0.024717292 
847 437 5 4 0.024715448 
108 426 8 9 0.024709547 
777 635 11 18 0.02470734 
656 597 11 15 0.024705911 
330 685 12 15 0.024704687 
567 18 26 24 0.024703387 
923 685 5 6 0.02469744 
295 658 6 8 0.024693515 
661 137 23 22 0.024692316 
18 276 7 7 0.024691626 
331 700 9 12 0.024690557 
59 427 5 7 0.024687791 
774 456 5 4 0.024685467 
643 148 13 14 0.024682913 
784 457 4 4 0.024680514 
170 565 9 12 0.024667546 
983 503 10 10 0.024665974 
563 138 8 10 0.024665458 
97 517 22 25 0.02466267 
671 113 9 12 0.02466186 
10 300 24 26 0.024655158 
722 75 9 10 0.024649031 
968 429 5 5 0.024648417 
960 415 7 7 0.0246455 
118 252 22 26 0.024645146 
351 707 9 11 0.024643414 
918 106 11 13 0.02464071 
790 414 9 9 0.024640463 
605 594 9 9 0.024639465 
930 699 4 4 0.024638489 
90 203 23 24 0.024638206 
440 16 10 13 0.02463659 
435 55 20 27 0.024635319 
1 563 4 8 0.02463345 
830 99 10 11 0.024629537 
419 154 11 18 0.024623359 
145 420 8 9 0.024618903 
410 609 5 6 0.024618676 
812 364 10 9 0.024616037 
894 574 9 10 0.024611257 
630 113 20 23 0.024610667 
825 549 8 9 0.024606919 
381 308 13 17 0.024606433 
968 705 5 5 0.024600636 
948 402 106 140 0.024592618 
635 101 7 8 0.024590865 
90 481 5 7 0.024590665 
687 455 5 6 0.024585841 
250 365 6 7 0.024577934 
848 431 3 3 0.024574528 
672 513 7 6 0.02457342 
255 371 6 7 0.024570065 
248 303 21 25 0.024570001 
297 672 23 27 0.02456386 
114 433 10 9 0.024562588 
0 291 7 11 0.024558565 
282 488 20 24 0.024557982 
13 374 7 10 0.024554187 
979 711 6 5 0.02454409 
119 159 23 22 0.024543025 
606 28 10 13 0.024539417 
474 147 6 7 0.024537817 
661 469 4 4 0.0245314 
25 307 7 8 0.024511557 
463 14 24 25 0.02451092 
679 504 7 6 0.024509875 
799 55 9 12 0.024509659 
937 697 4 5 0.024507249 
946 669 8 10 0.024501557 
195 193 21 23 0.024496615 
574 113 10 11 0.024495738 
544 407 19 21 0.024494713 
960 391 7 6 0.024492783 
140 523 9 11 0.024479553 
42 446 8 10 0.024477486 
193 266 22 26 0.024472637 
293 479 8 10 0.024470432 
602 564 6 6 0.024464812 
630 42 19 24 0.02446203 
212 281 6 6 0.0244601 
747 118 11 11 0.024459692 
158 572 9 11 0.02445183 
979 422 6 6 0.024447888 
925 76 11 13 0.024444278 
148 548 6 8 0.02444186 
440 349 10 10 0.024438582 
215 294 9 8 0.024438266 
591 375 23 29 0.024434097 
59 441 5 7 0.024428988 
39 422 7 7 0.024427336 
296 466 5 8 0.024423975 
816 481 4 4 0.024421617 
1000 430 6 6 0.02442008 
538 135 6 6 0.024416704 
165 415 6 7 0.024416475 
386 449 5 6 0.024411688 
842 123 14 14 0.024410585 
548 16 11 11 0.024408 
529 560 9 11 0.024407834 
246 376 21 25 0.024404557 
414 130 10 13 0.024403147 
299 484 9 12 0.024400746 
123 540 21 28 0.024396474 
345 709 8 9 0.024392854 
590 429 6 7 0.024380704 
145 517 19 24 0.024374777 
908 428 5 6 0.024367694 
585 354 48 44 0.024362834 
193 334 5 6 0.02436042 
585 587 18 22 0.02435964 
871 557 7 8 0.02435828 
94 505 19 23 0.024341123 
96 413 8 9 0.024338262 
297 644 18 27 0.024333417 
612 42 20 24 0.0243324 
91 456 5 4 0.024331804 
246 680 25 32 0.024331791 
341 700 21 25 0.024328742 
993 423 5 6 0.024327029 
51 511 5 6 0.024317969 
443 640 13 14 0.024313942 
668 107 20 24 0.02430685 
15 366 5 7 0.02430556 
979 556 6 8 0.024302334 
77 415 6 7 0.024295192 
416 98 9 13 0.02429387 
884 411 4 4 0.024288567 
191 191 8 10 0.024282819 
332 216 21 31 0.024279078 
417 249 6 10 0.024278272 
289 294 7 7 0.024271976 
928 441 5 6 0.024270665 
296 644 6 9 0.02426019 
189 476 3 6 0.024252612 
708 668 9 13 0.02423422 
449 609 5 7 0.0242334 
937 695 3 3 0.024231646 
153 486 6 6 0.02422985 
250 210 21 22 0.02422271 
526 392 41 53 0.0242133 
429 587 6 9 0.024212545 
949 695 3 3 0.02420258 
650 593 10 12 0.024201863 
999 441 6 7 0.024200121 
214 145 12 11 0.024196586 
598 0 12 9 0.024191564 
283 403 7 8 0.024175113 
834 488 5 5 0.024174778 
737 600 8 11 0.024174307 
604 119 10 12 0.024171809 
493 390 6 7 0.02417035 
180 100 25 23 0.024168065 
871 431 5 4 0.024165515 
792 30 8 9 0.024165072 
329 733 11 11 0.024152748 
474 140 7 8 0.024147643 
288 218 6 7 0.024146553 
442 609 7 7 0.024145806 
888 498 7 8 0.024142716 
878 690 7 8 0.024137424 
730 468 5 5 0.024135118 
42 402 8 8 0.024132472 
139 165 11 9 0.024131859 
705 494 5 4 0.024128173 
370 106 23 24 0.024121204 
887 553 11 13 0.024114685 
199 455 5 6 0.02411113 
595 144 11 10 0.024106786 
197 255 25 25 0.024096921 
224 403 6 7 0.024083555 
849 352 8 7 0.024078256 
284 83 22 27 0.02407703 
254 613 9 12 0.024073748 
565 429 6 6 0.024069466 
274 281 8 10 0.024062285 
433 17 9 11 0.024059074 
572 168 12 14 0.024057629 
777 24 10 10 0.024055338 
716 71 21 25 0.024050398 
210 459 5 8 0.024049725 
257 218 47 52 0.024047095 
924 46 13 13 0.02404639 
917 700 5 4 0.024046294 
431 415 6 7 0.024045844 
108 734 8 9 0.024044678 
947 706 5 5 0.024043158 
560 410 9 7 0.024042804 
894 580 9 12 0.024042021 
165 522 8 10 0.024041926 
114 236 7 9 0.024041122 
242 248 8 9 0.02403818 
582 128 8 8 0.024034863 
747 60 40 46 0.02403225 
155 456 5 5 0.024029052 
282 360 6 6 0.024023259 
242 572 9 13 0.024021065 
840 432 4 3 0.02401549 
840 499 5 6 0.024015 
298 104 11 14 0.024006506 
891 41 13 16 0.02400647 
100 538 7 7 0.023995548 
747 69 9 9 0.023995437 
820 481 4 4 0.023992226 
840 463 4 4 0.023990406 
715 76 8 9 0.02398858 
867 491 16 19 0.023980845 
446 63 7 9 0.023980577 
579 168 13 15 0.023978218 
910 4 22 23 0.023971975 
389 336 53 59 0.023970686 
568 610 9 12 0.023967735 
514 562 23 29 0.023967618 
269 376 7 9 0.023964452 
744 457 3 4 0.0239633 
121 689 50 59 0.023962315 
282 383 6 7 0.023959208 
896 350 7 8 0.023958534 
78 429 6 6 0.023956882 
839 436 4 4 0.02395234 
295 218 6 7 0.023937654 
720 150 13 12 0.023932934 
498 268 8 10 0.023929019 
612 107 9 11 0.023928745 
279 280 8 10 0.023918962 
187 334 5 6 0.023918502 
859 403 6 6 0.023912419 
939 497 7 9 0.023910103 
615 24 7 9 0.023900902 
303 98 12 16 0.023900485 
539 153 6 8 0.02389282 
282 429 6 8 0.023890674 
989 15 9 11 0.023886826 
655 456 3 5 0.023883903 
702 69 9 10 0.023882976 
39 410 7 6 0.02388076 
322 596 5 7 0.023879679 
438 600 22 26 0.023879241 
852 411 5 5 0.023873154 
904 442 4 6 0.02387269 
283 447 4 8 0.023871407 
243 253 25 25 0.023867512 
805 409 7 7 0.02386031 
945 717 9 8 0.023851264 
782 72 14 18 0.023846565 
172 172 8 9 0.023837248 
182 182 11 12 0.02383676 
619 578 10 10 0.023831096 
840 67 14 14 0.023827275 
440 37 7 11 0.023826888 
665 404 5 6 0.023826485 
318 714 22 25 0.023824077 
617 418 3 5 0.023820084 
643 158 11 11 0.023820061 
15 370 6 8 0.023815336 
254 573 10 13 0.023813626 
193 175 22 25 0.023808073 
1007 692 6 5 0.023805203 
504 524 7 8 0.023801833 
556 586 7 10 0.023801249 
4 305 10 11 0.023799794 
427 110 11 16 0.023799239 
201 485 5 9 0.023794746 
537 142 6 6 0.023792166 
269 395 7 8 0.023789706 
240 666 13 17 0.023787064 
129 185 49 51 0.023784176 
91 474 5 5 0.023783423 
312 631 9 12 0.023782896 
960 397 6 6 0.023781154 
200 480 4 7 0.023779597 
119 481 10 13 0.023771724 
306 479 6 9 0.02376795 
591 115 22 25 0.02376591 
109 185 7 7 0.023764543 
476 416 4 6 0.023764445 
51 434 5 7 0.02375952 
682 74 21 23 0.02375725 
217 235 9 10 0.023752425 
180 288 6 6 0.023748768 
198 158 26 24 0.02374324 
600 48 10 13 0.023737395 
281 222 7 9 0.023735363 
591 157 12 14 0.023732971 
896 429 6 6 0.023729008 
140 266 8 9 0.023727948 
422 587 7 10 0.023726463 
273 233 11 14 0.02372473 
253 163 12 12 0.02371904 
506 391 5 7 0.023714254 
581 402 7 8 0.023712914 
597 411 4 5 0.02371289 
635 95 6 7 0.023711307 
215 497 7 12 0.023709618 
820 391 6 6 0.023709198 
222 195 22 24 0.023707153 
684 419 9 10 0.023704004 
901 554 9 13 0.02369985 
488 535 6 8 0.023698816 
129 240 20 26 0.023687057 
497 35 11 12 0.023684965 
481 531 6 5 0.023684692 
439 10 10 12 0.023681097 
294 664 6 8 0.02367914 
911 679 4 6 0.023673104 
486 377 6 7 0.023671975 
861 86 11 10 0.023669755 
637 504 8 8 0.023669234 
704 678 20 25 0.02366868 
409 137 8 12 0.023665536 
421 166 9 14 0.023665035 
241 151 11 11 0.023661414 
987 686 5 4 0.023661047 
950 40 14 16 0.023660572 
400 313 11 16 0.023648635 
674 70 5 7 0.023646098 
641 482 23 25 0.023637386 
154 563 6 9 0.023635922 
231 274 7 7 0.02363441 
678 652 11 12 0.02363174 
330 728 9 10 0.02363127 
349 -2 42 39 0.023630137 
102 449 7 7 0.023626445 
-14 281 98 135 0.023625433 
893 86 10 12 0.023624651 
609 404 5 5 0.023623547 
261 587 7 9 0.023623401 
654 422 5 6 0.023622323 
979 416 6 6 0.023615632 
471 154 20 23 0.023614835 
935 532 5 6 0.023605727 
336 664 9 11 0.023602804 
594 586 7 8 0.023602793 
803 135 14 15 0.023602331 
680 431 5 5 0.023599992 
223 242 8 9 0.023597505 
919 475 3 3 0.023596322 
313 263 7 7 0.023595722 
648 176 13 15 0.023593286 
135 228 8 9 0.02358921 
669 30 9 11 0.023583535 
169 283 5 5 0.023582423 
461 383 8 10 0.023581937 
55 454 19 24 0.023570163 
123 508 9 11 0.023565685 
725 121 14 13 0.02356517 
716 587 7 9 0.023562448 
691 124 22 22 0.023562154 
567 184 26 20 0.023561943 
897 396 6 6 0.023561059 
999 575 7 7 0.023561032 
6 365 5 8 0.023559911 
137 304 51 54 0.023556173 
422 212 9 13 0.023547774 
863 537 7 8 0.023546603 
146 525 8 8 0.023543533 
597 78 18 26 0.023540359 
823 18 11 9 0.023533963 
991 574 8 9 0.023528699 
988 450 4 5 0.023527209 
492 408 6 7 0.023525357 
732 582 4 5 0.023525314 
493 179 7 7 0.02352333 
656 450 3 4 0.023520263 
604 424 4 4 0.023520188 
7 357 6 8 0.023519251 
287 472 6 9 0.02351887 
991 508 38 45 0.02351867 
319 56 8 10 0.023514684 
538 422 6 7 0.02351434 
435 29 8 10 0.023511963 
333 49 19 31 0.023508696 
800 474 6 6 0.023501633 
279 496 12 16 0.023498995 
782 278 91 100 0.02349887 
448 453 5 7 0.02349429 
957 15 12 15 0.02349316 
382 291 12 15 0.023488685 
628 186 24 27 0.02348734 
856 55 10 12 0.02348594 
933 509 8 10 0.023485657 
114 511 7 8 0.023476124 
488 531 5 6 0.023475084 
622 598 12 15 0.023471555 
898 423 5 4 0.023470154 
387 106 12 11 0.023467012 
76 478 7 7 0.023464471 
454 323 7 10 0.023462119 
772 561 10 11 0.023461161 
405 177 6 10 0.023460977 
506 372 5 5 0.02345819 
937 412 5 4 0.023457116 
906 555 9 11 0.02345239 
414 338 22 28 0.023450518 
418 595 5 7 0.023435898 
389 94 9 10 0.023434164 
729 74 19 23 0.023426441 
647 90 5 6 0.023426345 
200 476 17 26 0.023426129 
247 210 10 10 0.023422044 
904 468 4 5 0.02342062 
880 573 8 10 0.023419192 
166 548 34 47 0.02341471 
250 371 7 7 0.023414414 
602 397 6 8 0.023414155 
422 204 7 12 0.02340976 
78 488 5 5 0.023406932 
980 572 42 49 0.02340691 
296 653 5 7 0.02340666 
728 42 7 10 0.023397055 
610 583 34 49 0.023392173 
395 588 6 8 0.023391267 
559 386 11 11 0.02339111 
903 687 4 4 0.023389317 
439 56 34 42 0.023389036 
637 34 19 24 0.023388699 
293 206 23 30 0.023379104 
697 435 6 7 0.023376077 
300 692 22 29 0.023365764 
999 448 5 7 0.023359405 
627 504 8 7 0.023354903 
178 408 8 8 0.023350608 
11 261 9 9 0.023344764 
104 213 47 48 0.023340834 
702 145 11 10 0.023338098 
283 461 5 7 0.02333776 
726 122 23 23 0.023336736 
421 212 24 31 0.023325771 
420 108 11 17 0.023325186 
859 537 7 9 0.023315437 
181 112 24 25 0.023314103 
357 80 9 11 0.023302704 
656 419 80 111 0.023302134 
881 352 22 22 0.023299115 
838 25 7 7 0.023297532 
671 77 7 8 0.0232915 
267 175 11 13 0.0232911 
965 511 8 9 0.023286158 
321 512 19 29 0.023277264 
179 158 30 26 0.023272905 
475 525 6 6 0.023271658 
990 22 10 12 0.023270186 
222 151 10 10 0.02326734 
171 516 7 10 0.023265537 
288 210 7 9 0.023262886 
674 183 29 26 0.02325924 
966 410 6 6 0.023257248 
785 42 20 27 0.023256607 
735 87 8 11 0.023253001 
307 618 7 11 0.023249887 
751 494 5 5 0.023248812 
663 409 7 7 0.02324713 
107 548 11 13 0.023242174 
742 111 22 23 0.023236798 
396 114 22 25 0.023234447 
288 624 18 27 0.023233604 
919 470 3 4 0.023230327 
115 721 8 10 0.023229614 
387 204 35 56 0.023227725 
75 446 7 8 0.023224412 
602 1 20 25 0.023218254 
892 451 3 3 0.023217866 
697 417 9 13 0.023217544 
187 404 6 6 0.023209808 
666 102 7 7 0.023200799 
530 22 10 12 0.023194369 
485 505 7 7 0.023193574 
575 27 26 25 0.023188522 
658 585 9 11 0.023187285 
20 493 5 7 0.023184141 
813 454 5 5 0.023183715 
185 491 17 24 0.023180652 
604 430 4 5 0.02317389 
266 670 14 16 0.0231729 
397 185 7 12 0.023170436 
619 97 19 22 0.023170078 
151 395 7 9 0.023169406 
362 18 20 28 0.023158208 
406 243 5 8 0.02315587 
444 377 28 29 0.023154948 
698 71 7 7 0.02315415 
14 384 5 8 0.023149518 
892 61 23 23 0.023144104 
237 234 21 23 0.023143103 
581 600 6 8 0.023135617 
15 462 5 6 0.023129223 
701 637 12 14 0.023128796 
245 288 5 6 0.023127398 
765 149 13 14 0.023125924 
310 708 11 13 0.02312557 
703 659 18 25 0.023123771 
616 449 4 5 0.02312258 
93 434 10 11 0.023121126 
33 435 5 6 0.023117455 
366 299 5 9 0.023114907 
302 411 11 14 0.023114577 
436 563 7 7 0.023112485 
115 409 8 8 0.023104144 
444 148 23 32 0.023100475 
51 477 8 9 0.023097515 
122 198 7 7 0.023093717 
537 561 8 11 0.023091936 
486 371 6 7 0.023090819 
848 13 7 8 0.023087742 
396 34 10 13 0.023085622 
193 339 6 6 0.023081785 
228 151 11 11 0.023079356 
614 38 6 9 0.023079263 
397 103 70 93 0.023075856 
879 620 8 9 0.023075178 
605 0 10 8 0.023072895 
959 510 8 9 0.02306918 
134 409 6 7 0.023065876 
65 671 6 9 0.023058176 
172 511 6 9 0.023056 
501 378 4 5 0.023055948 
695 40 10 16 0.02305575 
680 443 4 5 0.02305458 
358 722 8 9 0.023053138 
654 180 13 16 0.023051344 
127 217 9 9 0.023049772 
154 529 6 8 0.02304539 
460 389 9 10 0.023041835 
997 454 6 7 0.02303996 
620 112 10 11 0.023039035 
980 436 4 5 0.023038613 
653 587 7 9 0.023029812 
925 430 3 4 0.023028094 
302 458 7 11 0.023028083 
577 417 6 5 0.023020195 
81 665 8 15 0.023020072 
291 97 12 16 0.023017272 
147 217 43 56 0.023013825 
257 281 25 27 0.02301297 
183 184 21 26 0.023008225 
927 85 9 11 0.02300197 
505 116 6 7 0.02300036 
872 437 4 4 0.022998791 
675 181 14 14 0.02299675 
212 281 88 98 0.022990152 
283 421 6 8 0.022988817 
246 260 11 10 0.022988 
0 272 47 54 0.022985658 
13 424 5 5 0.022985196 
242 268 9 8 0.022979703 
65 501 4 5 0.022979304 
282 347 44 61 0.022978881 
804 604 8 11 0.022975188 
408 10 23 25 0.022971798 
494 493 6 6 0.022969527 
995 585 12 13 0.022968717 
108 288 8 7 0.02296723 
632 499 9 7 0.022966139 
192 430 5 6 0.022960892 
446 344 9 11 0.022957351 
905 429 5 5 0.022956388 
350 722 9 9 0.02295212 
509 416 5 6 0.022949992 
148 218 4 5 0.022948919 
173 299 7 8 0.022947822 
483 607 24 30 0.022947138 
287 224 6 8 0.02294151 
283 640 44 46 0.022940328 
229 165 9 9 0.022936588 
43 397 7 7 0.022935046 
134 459 8 7 0.022934856 
113 494 18 21 0.022934707 
494 404 5 6 0.02293426 
991 27 25 24 0.022934163 
998 529 20 20 0.022931846 
289 638 6 10 0.022931272 
329 -3 21 19 0.02293093 
617 411 4 4 0.022930691 
250 376 7 8 0.022923106 
810 146 27 26 0.022922877 
436 420 6 9 0.022914965 
396 297 8 12 0.022909023 
910 672 5 7 0.022905247 
523 559 10 13 0.022902567 
487 409 6 7 0.022897646 
191 292 9 11 0.022894576 
413 26 10 16 0.022887584 
725 579 4 4 0.02288728 
772 28 12 11 0.022886416 
670 146 9 9 0.022883879 
956 443 3 4 0.022882657 
209 313 11 11 0.022882288 
121 517 8 9 0.02287618 
249 314 7 9 0.022870118 
782 1 6 6 0.022869421 
860 457 5 3 0.022862969 
676 156 11 12 0.022855433 
582 435 7 6 0.02285438 
357 716 9 9 0.022852568 
428 10 21 25 0.022846034 
278 296 43 59 0.022845943 
253 260 10 10 0.022844253 
832 536 7 8 0.022843882 
611 635 11 16 0.022843812 
612 594 9 11 0.022842718 
396 134 6 9 0.022838993 
206 454 5 8 0.022832843 
802 486 5 6 0.022824135 
380 487 4 8 0.022821222 
326 722 8 10 0.022818552 
773 435 7 6 0.022818271 
65 470 20 23 0.022817358 
913 505 7 8 0.022808298 
244 46 50 44 0.022803618 
111 635 4 6 0.022797914 
944 351 11 10 0.022795912 
1005 421 7 7 0.022794211 
725 483 5 4 0.022794062 
72 500 4 5 0.022791913 
437 616 5 5 0.022777254 
87 530 23 23 0.022773862 
954 557 5 6 0.02276379 
345 720 24 25 0.022756504 
972 442 19 23 0.022754196 
436 0 20 21 0.022747992 
266 642 12 14 0.022744 
499 410 5 5 0.022740187 
485 148 6 6 0.022738725 
822 462 4 4 0.022736037 
559 126 20 23 0.02273592 
301 386 21 28 0.022732716 
345 721 9 10 0.022728167 
695 390 9 10 0.022727763 
537 567 8 11 0.02272626 
543 11 21 21 0.022725528 
948 687 5 4 0.02272543 
542 36 10 11 0.022720912 
793 0 9 6 0.022716794 
440 433 8 11 0.022711609 
218 357 6 8 0.02270712 
199 609 28 35 0.022701278 
918 417 4 5 0.02270084 
297 415 6 8 0.022697894 
27 542 6 8 0.022696996 
685 442 6 6 0.02269476 
761 455 6 5 0.02269232 
263 363 24 25 0.022691973 
948 655 13 14 0.022689894 
207 293 21 22 0.022688936 
750 463 5 4 0.02268371 
900 536 8 10 0.022679625 
953 460 19 22 0.022679443 
616 484 12 10 0.022677787 
285 669 9 12 0.02267321 
912 547 10 10 0.022671603 
439 173 23 32 0.022670167 
738 119 12 12 0.022668583 
324 714 10 11 0.022668391 
1003 24 13 11 0.02266703 
416 59 23 26 0.022665655 
507 366 4 6 0.022661623 
278 287 9 10 0.022657914 
950 331 10 10 0.022653524 
435 61 8 10 0.022652611 
662 437 4 5 0.022652254 
529 568 8 10 0.022650931 
181 370 6 7 0.022649921 
187 577 20 30 0.022645427 
259 634 12 15 0.0226412 
732 168 12 13 0.02264053 
134 473 6 8 0.022633333 
404 253 8 13 0.022626193 
624 635 11 14 0.022625847 
82 408 7 8 0.022616679 
261 268 9 11 0.022607174 
999 436 6 5 0.02260715 
826 398 6 5 0.022603016 
201 349 42 53 0.0226012 
-6 -8 92 117 0.022600548 
1 446 5 8 0.022599151 
916 430 4 4 0.022594117 
490 35 11 12 0.022589264 
281 441 6 8 0.022583904 
913 463 3 4 0.022580605 
908 82 8 9 0.022579681 
236 137 22 26 0.022575801 
453 331 8 9 0.022574224 
60 418 5 5 0.022572182 
178 486 6 8 0.022570655 
1005 461 7 7 0.02256645 
991 497 9 11 0.022564244 
998 462 6 7 0.022562739 
913 89 12 16 0.0225626 
212 402 6 8 0.022562385 
453 331 66 90 0.02256176 
932 542 8 9 0.02256173 
6 455 5 7 0.022558235 
669 30 19 24 0.022555683 
846 104 14 16 0.022554679 
914 10 10 11 0.022552703 
107 477 8 10 0.022552118 
570 423 7 6 0.022551784 
289 497 18 26 0.022550657 
12 447 6 7 0.02254952 
623 457 3 4 0.022548174 
967 693 4 4 0.02254509 
254 376 8 9 0.022544947 
907 509 10 10 0.02253434 
216 402 7 7 0.02253244 
987 410 5 5 0.022529734 
262 391 6 7 0.022527967 
973 711 6 5 0.022527043 
599 16 10 12 0.022518 
369 -5 21 22 0.022516808 
325 618 7 11 0.02251556 
268 252 10 12 0.022515412 
464 27 22 26 0.02251465 
654 391 5 6 0.02250939 
790 100 45 43 0.022500338 
632 579 17 23 0.022489505 
719 489 5 4 0.022487858 
554 594 18 26 0.022486094 
318 140 76 90 0.02248546 
572 564 5 5 0.022484088 
641 558 5 5 0.022482613 
370 46 89 99 0.022480551 
304 334 4 4 0.022477513 
1000 712 6 5 0.022476219 
303 237 5 6 0.022475751 
915 621 8 11 0.022475746 
307 626 7 10 0.022474991 
113 228 9 11 0.022473086 
170 185 23 26 0.022469984 
83 402 8 7 0.022468053 
308 216 6 9 0.022465054 
28 371 7 8 0.02246231 
791 36 8 10 0.02245869 
245 294 5 6 0.02245676 
239 359 5 6 0.022456186 
778 427 8 9 0.022455717 
263 313 6 8 0.022450346 
487 402 6 7 0.02245023 
893 61 10 11 0.022449696 
985 712 7 6 0.022447068 
220 551 21 27 0.022446359 
548 370 9 11 0.022443188 
839 485 5 7 0.022443168 
266 233 10 14 0.022442367 
825 372 7 6 0.022435905 
803 29 11 13 0.022432791 
899 443 3 5 0.022430668 
408 120 10 12 0.02242911 
320 606 6 9 0.022426926 
294 658 22 29 0.022421826 
651 484 7 10 0.022416977 
113 221 10 11 0.022416068 
396 24 11 15 0.022410983 
552 168 16 17 0.022409817 
789 442 5 6 0.02240964 
288 378 6 7 0.022409093 
238 217 7 8 0.022408728 
310 705 21 26 0.022408042 
147 535 7 9 0.022402642 
1001 494 13 14 0.022396019 
407 130 9 13 0.022394625 
929 503 6 8 0.022393744 
180 264 7 7 0.022391545 
462 440 8 12 0.0223874 
983 537 7 8 0.02238554 
39 415 6 6 0.02238397 
726 54 11 13 0.022383582 
263 369 8 8 0.022381986 
1 568 4 8 0.022379942 
96 409 8 8 0.022378543 
613 479 25 23 0.022376383 
995 554 8 10 0.022373624 
655 411 6 6 0.022372596 
916 76 25 27 0.02237193 
923 693 4 5 0.022365497 
276 365 5 5 0.022362543 
99 486 5 7 0.022362484 
303 453 6 10 0.022362096 
109 440 8 9 0.02236147 
606 17 8 10 0.022360282 
964 391 7 6 0.02235751 
59 486 5 6 0.022356885 
1 390 4 7 0.022349393 
581 587 7 8 0.022348324 
905 705 4 5 0.022339772 
6 569 5 7 0.022338718 
49 453 9 13 0.02232238 
303 446 6 9 0.02232167 
434 588 20 27 0.022317369 
976 612 10 13 0.022315327 
806 422 7 7 0.0223104 
318 700 10 13 0.022309486 
446 0 12 9 0.02230803 
29 446 20 24 0.022301756 
624 573 9 9 0.022300284 
924 456 4 4 0.022299185 
479 153 8 7 0.02229474 
799 66 11 13 0.022290837 
147 242 7 9 0.022287395 
887 542 8 10 0.02227993 
465 115 8 9 0.022279091 
441 563 6 7 0.022275845 
196 497 6 9 0.02227344 
826 425 5 5 0.022270964 
939 415 7 6 0.022270877 
711 684 8 9 0.022267763 
507 383 5 7 0.022265237 
400 114 11 11 0.022264415 
290 54 46 53 0.022263287 
473 409 7 8 0.022261458 
643 461 4 6 0.02225952 
714 69 9 9 0.022258015 
90 720 54 51 0.022253513 
239 288 5 6 0.022252297 
241 171 10 10 0.022250673 
44 416 6 6 0.022249848 
161 488 6 6 0.022244751 
637 598 10 13 0.02224165 
398 559 5 5 0.022240516 
988 457 46 52 0.022236276 
590 599 7 10 0.022234954 
326 595 6 7 0.02223253 
846 411 6 5 0.022228759 
814 384 6 6 0.022228433 
314 13 23 21 0.022227347 
254 170 11 11 0.02222005 
112 278 26 24 0.022218866 
837 1 8 6 0.022218786 
882 487 6 6 0.02221812 
758 507 4 5 0.022216573 
801 463 4 3 0.022210779 
230 121 22 23 0.022209512 
173 306 7 8 0.02220328 
881 111 11 13 0.022202844 
293 202 9 10 0.022193432 
919 617 9 11 0.022193037 
187 398 6 6 0.022188118 
273 175 12 12 0.022185132 
147 224 5 6 0.022184078 
212 416 5 8 0.022182936 
171 517 64 85 0.022182688 
469 453 5 8 0.022182476 
474 174 7 7 0.022180576 
276 433 6 9 0.022178054 
434 350 9 10 0.022173071 
668 445 3 4 0.022170832 
65 436 5 7 0.022169778 
151 629 11 14 0.022168593 
591 181 23 25 0.022166137 
296 620 5 8 0.022159401 
495 155 5 5 0.022157239 
306 632 7 10 0.022155838 
309 342 4 5 0.022152618 
568 151 10 11 0.022152275 
595 430 5 5 0.02214544 
396 530 6 8 0.02214461 
898 600 11 11 0.022140434 
473 134 7 8 0.02213516 
707 61 21 24 0.022134768 
984 -51 24 23 0.022134611 
448 301 22 26 0.022133835 
378 159 18 31 0.022127751 
404 235 6 11 0.022127617 
129 390 5 6 0.022125924 
265 290 11 12 0.022122528 
165 596 7 10 0.022119993 
240 241 11 11 0.022119615 
434 587 7 10 0.022118287 
889 503 6 9 0.022118142 
609 178 23 29 0.022116031 
283 609 5 6 0.022114454 
394 323 11 15 0.022106824 
892 457 3 4 0.022104686 
770 469 4 4 0.022103613 
232 414 6 8 0.022101827 
477 -27 22 23 0.022084417 
403 127 8 11 0.022068057 
133 523 9 10 0.022067018 
851 327 7 7 0.022066096 
134 710 7 9 0.022063412 
316 -1 13 11 0.022062657 
990 611 12 12 0.022062471 
627 63 19 28 0.022062005 
821 95 11 10 0.022061877 
952 -22 22 25 0.022057658 
223 31 9 7 0.022048417 
622 13 23 26 0.022047568 
254 76 45 44 0.022047095 
338 728 8 9 0.022045739 
320 613 7 11 0.022043401 
655 467 4 6 0.022040064 
18 369 7 9 0.022038465 
148 410 6 6 0.022036277 
457 16 12 13 0.022035448 
315 10 15 13 0.022032198 
221 145 12 11 0.022031417 
180 522 8 10 0.022030672 
157 631 22 33 0.022028578 
224 268 8 9 0.022020288 
960 402 6 6 0.02201983 
160 195 8 9 0.022015858 
215 305 10 9 0.022014663 
693 440 6 7 0.022013245 
410 398 5 6 0.022007963 
571 410 7 7 0.022006363 
220 80 28 27 0.02200588 
134 715 8 9 0.022004029 
542 93 20 31 0.021999326 
206 436 5 7 0.021997944 
561 581 7 9 0.02199767 
216 288 7 7 0.02199564 
381 113 21 25 0.021993754 
974 724 5 5 0.02199195 
155 415 7 7 0.021990098 
622 557 4 6 0.021990078 
416 552 5 6 0.021989847 
885 430 5 4 0.021989835 
111 638 4 8 0.021989217 
544 563 7 10 0.021988487 
994 -10 26 26 0.021987986 
448 358 27 31 0.02198493 
1019 522 8 11 0.021980356 
421 94 18 24 0.021979906 
445 80 10 14 0.021978216 
180 405 6 6 0.021971706 
936 687 3 4 0.02197101 
529 67 39 54 0.021964515 
422 592 7 10 0.0219626 
330 -34 12 12 0.021961564 
972 705 6 6 0.021957163 
344 231 66 97 0.021944843 
222 227 10 11 0.021942811 
726 138 11 13 0.021941224 
878 494 35 44 0.021939319 
162 562 21 29 0.021939153 
166 210 8 9 0.021938842 
416 75 21 23 0.021934286 
288 408 6 9 0.021929305 
745 462 4 4 0.021927603 
654 545 4 4 0.021926574 
141 503 7 9 0.021925386 
207 459 5 7 0.02192156 
575 428 7 6 0.021919029 
1003 459 23 24 0.021918718 
641 435 5 7 0.021915987 
27 430 5 5 0.02191492 
128 385 5 6 0.021914184 
148 508 8 11 0.021911982 
680 88 22 23 0.02190769 
409 122 18 26 0.021907687 
789 367 14 15 0.021907633 
594 395 7 9 0.021903388 
861 73 23 21 0.021899022 
452 172 9 11 0.021894334 
156 193 5 5 0.02189093 
206 422 5 8 0.021885497 
8 339 5 6 0.021882078 
1004 703 9 7 0.02188063 
893 69 9 10 0.021877838 
403 168 33 53 0.021871647 
159 439 8 9 0.021866795 
593 148 13 14 0.021862477 
71 506 5 6 0.021862354 
203 325 8 8 0.021861821 
554 22 13 13 0.02185895 
193 454 5 8 0.021852057 
433 125 24 35 0.021851743 
118 414 9 9 0.021851545 
63 422 6 7 0.021850988 
23 313 8 8 0.021847982 
735 34 7 11 0.021845786 
708 136 13 12 0.02184279 
556 43 9 10 0.021835461 
802 456 4 4 0.02183399 
825 1 9 7 0.021832008 
429 581 6 9 0.021831285 
645 593 9 11 0.021830522 
329 -40 13 11 0.021830158 
891 352 7 7 0.021829844 
224 238 8 8 0.02182841 
516 578 18 26 0.021827355 
687 468 4 5 0.021826267 
102 704 7 8 0.021824265 
827 566 11 14 0.021816261 
903 117 14 12 0.021815559 
222 144 23 24 0.021809833 
270 359 6 7 0.021809205 
917 424 5 5 0.021807516 
235 177 10 11 0.021805875 
830 13 8 7 0.021805616 
436 608 6 7 0.02180536 
422 557 6 8 0.02180485 
304 232 4 5 0.021803774 
796 18 21 22 0.021801876 
403 163 7 13 0.021792835 
953 441 21 24 0.02179205 
250 182 82 105 0.021791568 
321 110 15 16 0.0217904 
447 341 22 24 0.021780737 
527 153 5 6 0.021777947 
817 470 3 3 0.021773517 
303 276 6 7 0.021771828 
994 35 12 11 0.021767704 
864 358 8 7 0.021761442 
998 19 7 8 0.021760724 
254 185 22 22 0.02175946 
20 486 5 6 0.021758625 
37 435 19 24 0.021757543 
748 388 10 10 0.021756534 
488 492 21 23 0.021750001 
262 377 8 9 0.021743648 
328 661 12 15 0.021742668 
697 621 8 8 0.021741731 
66 486 5 6 0.021740953 
243 171 21 22 0.02173717 
156 231 5 6 0.021736586 
148 473 7 6 0.021736173 
569 44 7 9 0.021733567 
614 30 7 10 0.021729577 
108 190 8 9 0.021727884 
787 435 7 7 0.021721143 
404 588 6 9 0.021720473 
79 499 5 6 0.021719255 
599 103 12 17 0.021718496 
941 606 7 11 0.02171709 
121 541 9 11 0.021709347 
92 516 49 55 0.021705193 
991 543 8 9 0.021701848 
576 46 22 24 0.021699304 
66 512 5 6 0.021699235 
970 492 20 20 0.021697855 
114 216 10 10 0.021697534 
133 479 15 22 0.021697132 
127 514 8 11 0.021696327 
101 483 7 9 0.021689065 
863 365 9 8 0.021685818 
489 651 24 30 0.021683214 
600 398 41 55 0.02168122 
1005 722 6 6 0.021678988 
882 691 6 6 0.021676961 
881 568 8 10 0.021674713 
736 588 6 8 0.021673474 
393 283 19 26 0.021669649 
41 473 12 13 0.021668207 
267 402 8 9 0.021668157 
282 467 6 8 0.021665646 
128 537 8 10 0.02166488 
315 605 6 11 0.02166415 
538 519 7 6 0.021664081 
466 317 22 26 0.02166038 
213 559 10 12 0.021660112 
521 644 11 11 0.02165979 
140 716 8 8 0.021652788 
113 192 7 6 0.021652337 
615 17 8 10 0.02164898 
168 480 5 6 0.021643603 
133 633 23 40 0.021643598 
651 479 6 8 0.02163981 
799 408 8 8 0.021638589 
606 15 20 26 0.021638507 
697 63 7 9 0.021638488 
202 498 19 29 0.021637632 
684 513 8 7 0.021637302 
129 597 22 27 0.021634996 
404 574 19 27 0.02162537 
555 133 8 9 0.021624975 
494 147 6 6 0.021622393 
797 98 11 14 0.021617144 
278 188 22 25 0.021617139 
808 12 11 11 0.021611305 
906 610 10 13 0.021610055 
869 605 9 11 0.021609046 
258 642 12 17 0.021608653 
788 481 6 6 0.021606699 
430 367 33 31 0.021601815 
808 463 4 4 0.021601686 
619 55 20 26 0.021601612 
241 190 11 10 0.02160147 
434 598 8 11 0.021599537 
199 248 7 8 0.021599522 
310 290 39 60 0.021597523 
889 537 6 8 0.021593839 
210 77 8 8 0.021592844 
288 315 5 6 0.021591518 
585 730 22 29 0.021591105 
949 574 9 13 0.021590257 
127 485 7 10 0.02158504 
468 404 341 344 0.021584729 
2 418 3 5 0.02158176 
96 448 6 7 0.021579953 
834 411 5 4 0.02157967 
874 525 7 8 0.021577666 
275 403 7 8 0.02157753 
212 409 5 7 0.021577142 
493 384 5 6 0.021575546 
943 6 10 9 0.021574818 
440 355 9 10 0.02157471 
689 668 10 12 0.021573987 
675 469 4 4 0.021570101 
222 159 10 9 0.021568354 
719 456 4 5 0.021567628 
599 41 11 13 0.021566065 
1017 489 9 12 0.021566017 
200 475 4 5 0.021564618 
988 437 4 5 0.021561936 
399 564 5 5 0.021561237 
819 450 6 4 0.021560619 
190 159 11 9 0.021553501 
519 147 6 7 0.021549284 
310 385 3 5 0.021548873 
781 3 22 22 0.021544017 
177 172 9 10 0.021543805 
793 11 8 9 0.021539977 
866 411 5 5 0.021537105 
493 360 5 7 0.02153152 
480 536 6 7 0.02153126 
741 587 7 8 0.02152877 
647 402 6 7 0.02152557 
996 496 10 12 0.021525012 
782 42 235 175 0.021523189 
774 474 5 5 0.021520028 
840 449 5 4 0.021518007 
20 404 4 6 0.02151667 
229 22 59 41 0.021507714 
64 427 6 8 0.021506777 
997 542 10 11 0.021502161 
750 37 21 28 0.021499459 
268 370 8 8 0.021497527 
307 741 8 8 0.021495236 
575 424 6 6 0.021493254 
697 181 29 31 0.02149322 
181 315 48 54 0.021491446 
471 618 26 28 0.021487243 
920 52 11 14 0.021484762 
60 436 4 5 0.021481723 
662 455 4 5 0.02147733 
813 423 7 7 0.021471117 
866 416 5 5 0.021465547 
964 36 9 11 0.021464365 
885 461 4 5 0.021462103 
672 74 18 22 0.02144981 
457 -21 23 22 0.021445395 
915 436 5 5 0.021443633 
477 27 21 25 0.021437341 
909 405 5 4 0.021437293 
186 604 8 14 0.021434622 
594 571 6 6 0.02143375 
470 106 20 27 0.02143094 
603 49 18 24 0.021430742 
904 99 14 15 0.021430302 
178 377 7 7 0.021430166 
883 538 6 7 0.02142668 
95 707 22 27 0.02142648 
570 -12 28 21 0.021424683 
650 91 17 21 0.02142425 
731 161 24 23 0.021423131 
812 433 7 8 0.021420429 
433 46 11 14 0.021416055 
630 174 13 17 0.021415897 
555 394 9 10 0.021410264 
953 6 8 9 0.021402543 
39 511 4 6 0.021400359 
563 588 6 8 0.021395404 
864 457 5 4 0.021392385 
662 194 11 13 0.021386737 
792 61 9 12 0.021386435 
630 399 22 29 0.021385387 
988 695 4 3 0.021380292 
993 450 5 5 0.021377634 
993 437 5 5 0.02137745 
408 247 6 11 0.02137451 
336 499 11 15 0.021371543 
191 416 6 8 0.02137102 
249 407 8 10 0.021370178 
267 281 9 9 0.021369504 
28 365 5 6 0.021367662 
154 294 6 6 0.021366805 
435 55 8 11 0.02136638 
939 504 7 8 0.021362675 
605 76 11 14 0.021357872 
793 410 7 7 0.021354178 
478 360 21 29 0.02134893 
921 76 9 10 0.021339824 
344 728 9 9 0.021337371 
303 151 22 33 0.021336608 
363 272 8 11 0.021329012 
865 134 16 15 0.021326702 
408 518 9 8 0.0213246 
665 656 20 25 0.021322858 
497 480 8 8 0.021321524 
258 594 23 26 0.021318424 
201 27 23 22 0.021317303 
508 359 4 6 0.021316662 
964 42 10 12 0.021316474 
402 206 9 14 0.021312146 
882 561 7 9 0.021310983 
67 666 4 7 0.0213091 
467 120 7 9 0.021308213 
380 477 6 9 0.021307126 
849 516 10 10 0.021306068 
820 416 7 6 0.021304226 
301 241 7 9 0.021303535 
98 698 5 6 0.021303477 
217 527 19 33 0.021303313 
308 591 18 28 0.021299118 
471 184 9 10 0.021295441 
749 137 15 18 0.021294326 
520 375 25 27 0.021293433 
984 510 10 11 0.021289475 
566 76 19 29 0.021284387 
174 245 26 30 0.021282027 
121 503 16 23 0.021278532 
656 580 17 21 0.021277707 
71 423 5 7 0.021269416 
518 29 90 87 0.021262528 
319 698 47 51 0.021262519 
79 645 5 8 0.021259764 
490 -27 22 24 0.02125971 
138 248 21 26 0.021259198 
742 57 7 10 0.021257916 
205 305 25 26 0.021257281 
229 390 8 8 0.02125516 
372 538 75 105 0.02125447 
108 201 22 24 0.021251569 
95 612 7 11 0.02124572 
62 422 21 25 0.021239905 
138 185 24 24 0.021238578 
751 457 4 4 0.021237392 
843 455 22 21 0.021236796 
260 170 21 23 0.021235278 
783 406 4 4 0.021233466 
248 170 11 11 0.021232368 
160 290 5 5 0.021230819 
113 664 38 56 0.02122938 
311 399 8 13 0.021228822 
425 162 9 15 0.021225369 
918 411 4 5 0.02122183 
533 154 5 6 0.021220174 
161 449 5 6 0.021218292 
223 248 8 8 0.021213379 
481 456 22 25 0.021212291 
469 368 21 29 0.021212028 
342 17 13 18 0.021207832 
590 594 7 8 0.021205142 
208 138 23 24 0.021202449 
288 288 7 7 0.021198533 
176 125 12 12 0.021198273 
263 365 7 8 0.021195166 
89 715 8 9 0.021193517 
283 97 12 16 0.021192975 
905 91 11 13 0.021191051 
148 161 26 20 0.02118942 
658 396 6 7 0.021184733 
190 251 10 12 0.021184012 
158 178 43 49 0.021180253 
157 492 19 23 0.021178655 
363 26 10 14 0.021177644 
215 189 10 13 0.021176932 
65 506 5 6 0.02117672 
761 472 7 6 0.021175612 
851 291 43 41 0.021175085 
261 620 8 9 0.021173904 
541 446 8 9 0.021172723 
94 426 9 11 0.021172121 
302 620 5 9 0.021168109 
425 309 19 27 0.021167992 
248 414 9 10 0.021165723 
468 613 63 89 0.021165563 
463 311 11 11 0.02116436 
993 694 4 3 0.021164237 
282 406 8 11 0.02115991 
998 491 8 10 0.021158107 
149 194 5 5 0.021157598 
1017 3 9 10 0.021152154 
237 229 7 8 0.021151165 
173 264 6 5 0.021149803 
762 524 6 7 0.021146476 
897 678 6 7 0.021146215 
726 -21 22 22 0.021142084 
131 158 11 10 0.021138845 
410 164 6 12 0.021138508 
305 472 6 10 0.0211384 
799 440 7 7 0.021136837 
981 34 26 25 0.021136738 
648 455 4 5 0.021136131 
508 148 4 5 0.021133738 
251 587 21 26 0.021133713 
85 189 55 45 0.02113173 
831 385 6 6 0.021128368 
616 187 12 17 0.021128034 
733 656 10 11 0.021127036 
495 121 37 51 0.021118823 
39 508 5 6 0.021116644 
128 548 8 10 0.021116477 
674 449 4 5 0.021115458 
351 688 9 10 0.021113202 
1011 471 8 9 0.02111242 
200 276 6 6 0.021111783 
132 165 10 9 0.021108156 
639 593 8 11 0.021105569 
478 381 9 11 0.021105167 
361 635 88 110 0.021100368 
232 369 85 123 0.021098515 
499 525 7 7 0.021094281 
462 455 6 6 0.021092663 
902 69 7 8 0.021090984 
21 454 20 24 0.021090826 
622 442 5 6 0.021087928 
972 587 8 10 0.021087883 
930 695 4 3 0.021084733 
868 273 20 22 0.02108465 
507 505 6 6 0.021080576 
919 -22 21 22 0.021080384 
788 17 7 8 0.021076914 
450 22 11 14 0.021076152 
268 121 187 202 0.021075001 
437 619 8 8 0.021074943 
985 704 7 6 0.021074565 
248 268 10 9 0.021071969 
148 187 6 5 0.021067394 
148 449 6 7 0.021067102 
403 409 7 8 0.021065796 
487 494 5 6 0.021064702 
151 338 42 51 0.0210586 
227 567 10 12 0.021058148 
927 94 9 10 0.021054663 
430 420 39 58 0.02104985 
839 88 9 9 0.021049134 
1010 570 7 8 0.021047542 
1 575 4 8 0.021046089 
547 35 11 12 0.021044005 
328 327 85 109 0.021043397 
171 236 53 59 0.021043302 
457 317 9 10 0.021038633 
403 543 8 7 0.021036463 
932 56 30 28 0.02103442 
292 412 18 25 0.021033902 
754 422 8 8 0.021031987 
544 574 7 10 0.021031074 
701 672 10 13 0.021029947 
603 116 37 42 0.021029372 
113 186 7 6 0.02102445 
788 474 5 5 0.021021977 
896 7 15 15 0.021016743 
155 429 6 8 0.021016112 
615 24 21 29 0.02101542 
273 270 11 13 0.021006217 
294 671 6 8 0.021005537 
979 705 7 6 0.021005096 
991 567 8 9 0.021004457 
762 470 5 5 0.02099767 
127 209 8 9 0.02099748 
698 616 19 20 0.020996897 
40 429 5 7 0.020992883 
533 135 4 6 0.020990876 
837 79 11 10 0.020988012 
164 630 38 47 0.020983666 
355 269 33 53 0.020974966 
109 210 7 8 0.020972889 
572 393 21 26 0.020970201 
941 706 6 6 0.020970047 
972 443 5 5 0.020967778 
990 504 10 10 0.020967564 
873 405 5 5 0.020967025 
134 236 8 10 0.020965543 
496 54 11 13 0.020965014 
255 414 9 10 0.020961488 
288 279 8 10 0.020958472 
743 641 12 16 0.020958247 
622 121 8 8 0.020956608 
684 88 9 10 0.020955816 
260 163 11 12 0.020955022 
21 376 6 9 0.020952275 
295 448 5 8 0.020950735 
363 79 10 13 0.020947808 
981 444 4 4 0.020945052 
706 193 15 16 0.020942984 
467 383 7 10 0.020938411 
546 43 11 13 0.020937186 
118 671 5 9 0.020934511 
255 365 6 8 0.02093064 
222 189 10 11 0.020929467 
454 357 7 8 0.02092813 
116 210 23 23 0.020927455 
451 350 10 11 0.020927444 
68 275 23 31 0.020927416 
216 569 21 28 0.020922218 
797 9 13 12 0.020920588 
699 523 9 10 0.020920193 
107 728 10 10 0.020918937 
125 459 10 10 0.020918839 
903 450 3 4 0.020917077 
708 143 12 12 0.02091485 
965 60 26 25 0.020913312 
951 352 8 8 0.020913024 
236 363 22 25 0.020907527 
140 465 9 8 0.020906312 
652 90 7 7 0.020905767 
153 460 6 6 0.020905674 
505 500 7 7 0.020895861 
905 464 3 3 0.020891646 
635 197 26 29 0.020890946 
838 398 6 6 0.020890681 
282 379 6 6 0.02088833 
972 593 9 11 0.020887448 
901 61 10 10 0.020885294 
716 64 7 8 0.020883912 
974 539 6 7 0.020882992 
275 236 20 26 0.020876326 
495 501 6 6 0.020875871 
866 431 4 4 0.02087248 
258 46 24 24 0.020869523 
399 -2 25 22 0.020867394 
342 -34 13 12 0.02086048 
719 579 4 4 0.02085876 
168 475 5 6 0.020856844 
758 619 10 13 0.020856358 
32 270 5 6 0.020855334 
609 565 5 5 0.020854814 
300 434 7 10 0.020850725 
873 42 12 13 0.0208449 
587 128 9 8 0.020841414 
594 74 8 12 0.020840725 
169 288 49 47 0.020833842 
900 661 10 13 0.020832913 
802 370 10 10 0.020832783 
71 429 5 7 0.020830879 
838 6 8 6 0.020828668 
838 92 11 11 0.02082574 
797 154 24 26 0.020825103 
871 674 37 46 0.020822672 
264 360 5 6 0.020822216 
162 383 6 8 0.02082132 
287 308 6 6 0.02082119 
241 408 20 23 0.020819215 
512 548 21 26 0.020817265 
421 569 8 9 0.02081722 
2 -45 24 41 0.020815447 
447 634 8 8 0.02081062 
133 572 21 28 0.020810476 
410 552 6 6 0.02080837 
858 5 7 7 0.02080395 
152 377 7 9 0.020802626 
208 191 19 23 0.020801999 
803 376 9 9 0.020799017 
889 625 9 12 0.020797463 
851 1 6 6 0.020797031 
806 416 7 7 0.020796927 
13 455 6 6 0.020796206 
229 159 9 9 0.020795304 
832 50 22 23 0.020795282 
724 486 6 5 0.020794569 
301 464 7 11 0.020794239 
999 569 7 8 0.020792646 
519 146 19 24 0.020790108 
727 658 10 10 0.020789267 
534 525 21 21 0.02078706 
227 649 13 16 0.020786818 
404 134 32 50 0.020785868 
97 232 6 5 0.02078561 
909 482 6 7 0.020784335 
494 548 26 29 0.020779628 
235 171 10 10 0.02077784 
357 728 9 9 0.02077747 
856 48 10 12 0.02077571 
904 436 5 6 0.020774249 
681 595 12 16 0.020771706 
105 508 4 5 0.020771036 
208 548 18 25 0.020770036 
323 680 12 16 0.020770025 
515 468 4 5 0.02076966 
563 718 5 5 0.020769065 
374 267 19 27 0.020768996 
127 269 6 7 0.02076306 
796 474 5 5 0.020762071 
693 449 6 6 0.020758092 
907 -22 21 22 0.020756401 
552 588 5 8 0.020755375 
487 115 6 8 0.020755105 
189 176 12 12 0.020753397 
861 95 10 9 0.020750962 
592 53 10 15 0.02075082 
324 700 19 25 0.02074731 
84 512 5 6 0.020746384 
351 213 18 28 0.020745927 
1 441 5 9 0.02074119 
891 531 5 7 0.020738779 
718 184 15 17 0.020735972 
988 442 5 5 0.0207358 
819 560 8 10 0.02073291 
416 236 20 29 0.020731434 
14 493 4 6 0.020731073 
609 411 5 5 0.020725658 
403 184 7 11 0.020725545 
199 461 4 6 0.020724345 
592 418 3 4 0.020719808 
523 567 9 12 0.020719508 
178 166 8 8 0.020718994 
782 416 7 9 0.02071813 
719 126 51 41 0.02071801 
184 159 10 9 0.02071766 
467 90 13 16 0.020717157 
648 391 5 6 0.020717075 
50 408 21 25 0.020716328 
410 402 6 7 0.020711608 
299 91 10 16 0.020710127 
101 209 8 9 0.02070939 
33 281 5 5 0.020704439 
179 435 5 6 0.02070323 
356 86 20 24 0.020703094 
411 595 5 7 0.020701746 
11 306 8 9 0.02070018 
885 416 4 5 0.020698896 
351 16 46 53 0.020694949 
712 584 4 5 0.020694295 
839 20 6 6 0.020693962 
166 402 7 7 0.020692304 
297 633 5 7 0.020690164 
966 416 6 6 0.020689841 
748 402 10 10 0.02068805 
568 384 21 22 0.020687914 
252 636 11 17 0.020686803 
720 475 3 4 0.020684676 
670 188 12 12 0.020679533 
402 204 18 30 0.020679047 
62 380 11 12 0.020678474 
566 170 12 13 0.020678177 
85 493 4 5 0.020672627 
432 87 19 25 0.020671893 
204 401 6 9 0.020671844 
232 410 6 8 0.020670623 
480 115 7 9 0.020670112 
288 485 8 9 0.020665005 
215 151 11 10 0.02066249 
361 281 5 8 0.02066234 
160 562 7 10 0.020662073 
844 22 8 9 0.020658538 
740 0 21 24 0.020650946 
144 492 19 23 0.02064818 
144 619 11 11 0.020642962 
503 617 24 28 0.020642653 
480 386 9 11 0.020640828 
654 565 4 5 0.020640552 
869 88 8 9 0.020639293 
140 710 8 8 0.020639122 
283 364 6 7 0.020637522 
389 251 9 14 0.020634701 
812 397 7 6 0.020631935 
666 517 8 9 0.020624701 
703 621 9 8 0.020623982 
423 403 8 7 0.020620942 
578 724 4 6 0.020619962 
774 -4 23 20 0.02061974 
20 424 5 5 0.020617312 
860 418 4 4 0.020616032 
961 410 6 7 0.02061389 
541 108 80 83 0.020612324 
501 116 5 7 0.020612238 
916 76 7 8 0.020610001 
310 379 4 5 0.02060845 
115 743 7 6 0.020607768 
203 248 9 9 0.02060655 
457 59 23 28 0.020603677 
91 704 5 6 0.02060199 
887 548 10 11 0.020599876 
63 417 6 6 0.020593127 
816 463 4 4 0.020591661 
447 109 23 25 0.020590488 
337 734 9 10 0.020585151 
556 7 9 8 0.020584496 
173 383 5 6 0.020581942 
308 232 4 6 0.020580206 
615 580 18 21 0.02057518 
648 462 4 5 0.020575175 
628 63 6 9 0.020575128 
183 124 12 13 0.020574879 
404 604 5 5 0.020571314 
215 197 8 10 0.020569911 
703 640 17 21 0.020569012 
173 377 5 7 0.020566065 
326 472 7 9 0.020564632 
798 111 11 14 0.02056251 
208 700 12 14 0.020559363 
325 55 19 33 0.020557819 
237 371 6 7 0.020557614 
319 63 8 9 0.020556882 
478 54 9 12 0.020550275 
518 400 22 25 0.020548884 
466 444 8 10 0.02054778 
619 17 9 10 0.020547476 
432 121 11 17 0.020545442 
105 537 20 26 0.02054317 
620 500 7 5 0.02054123 
625 194 11 14 0.020537667 
256 409 8 8 0.020532105 
635 404 45 55 0.02053136 
452 85 14 15 0.020530794 
640 84 6 7 0.020530583 
261 601 7 8 0.020527938 
293 438 8 10 0.020527212 
423 175 7 10 0.020519583 
558 424 6 5 0.02051154 
641 565 4 5 0.020506682 
547 83 20 28 0.02050645 
763 671 5 7 0.020494005 
678 86 8 11 0.020493906 
824 29 10 10 0.02049183 
106 215 9 10 0.020491168 
165 177 9 10 0.020490559 
589 395 7 9 0.02049044 
213 276 6 6 0.020488473 
224 389 8 8 0.020487975 
641 125 9 11 0.020486886 
216 159 9 10 0.020486789 
940 537 9 10 0.02048569 
231 485 7 9 0.020484546 
280 298 8 9 0.020484447 
505 467 5 6 0.020484334 
524 645 23 24 0.020475063 
979 396 7 7 0.020474894 
762 404 20 21 0.020470362 
788 562 6 9 0.020470137 
605 195 10 15 0.020469526 
594 60 16 25 0.02046938 
701 138 12 11 0.020464372 
269 447 7 10 0.020462697 
575 410 7 7 0.020461978 
291 252 22 27 0.020458886 
143 539 64 94 0.020457285 
950 505 6 8 0.02045464 
367 14 10 16 0.020450244 
644 586 8 10 0.020449346 
702 656 10 13 0.020448 
156 217 5 6 0.020447154 
897 462 4 4 0.020446898 
237 63 29 29 0.020443609 
22 449 105 105 0.02044271 
860 397 5 6 0.020442273 
471 388 9 13 0.0204396 
992 686 5 4 0.020437501 
793 486 6 6 0.020434689 
811 35 9 10 0.020431038 
850 331 8 8 0.020428658 
917 687 4 5 0.020427113 
690 420 9 10 0.020423483 
616 457 3 4 0.020423003 
930 64 15 16 0.020412985 
230 243 7 8 0.02041118 
298 445 15 26 0.02040638 
666 423 6 7 0.020405127 
555 151 20 24 0.020402307 
640 423 19 29 0.020402119 
965 384 7 6 0.020401958 
351 266 6 9 0.020400219 
190 241 9 12 0.020399345 
599 -32 24 24 0.02039602 
172 169 20 22 0.020393193 
721 86 11 12 0.02039174 
591 15 14 14 0.02038923 
628 398 6 6 0.02038812 
560 415 9 7 0.020386862 
475 140 22 23 0.02038631 
403 121 7 9 0.020384107 
101 238 7 6 0.020379769 
987 556 6 8 0.02037937 
724 68 8 9 0.020378688 
830 77 13 13 0.02037699 
957 34 13 17 0.02037577 
287 247 9 13 0.020365627 
309 722 23 23 0.020363979 
299 349 8 9 0.0203634 
615 564 6 7 0.020362848 
668 152 10 10 0.02036123 
47 511 5 6 0.02036029 
128 216 20 23 0.020359349 
839 403 6 5 0.020355267 
607 35 8 12 0.020354576 
946 640 9 8 0.020351477 
673 -5 24 23 0.020349309 
531 114 6 9 0.020347545 
987 4 13 14 0.020346267 
901 81 9 10 0.02034545 
228 196 11 11 0.020344514 
640 391 6 6 0.02034284 
215 175 22 23 0.020341625 
267 408 8 9 0.020341218 
218 241 8 10 0.020338666 
896 406 6 4 0.020337045 
173 213 10 14 0.020336898 
239 685 14 17 0.02033677 
777 406 4 4 0.020336516 
940 709 8 9 0.020334126 
234 495 10 13 0.020332774 
121 179 8 7 0.020331817 
84 717 7 7 0.02033024 
622 399 5 5 0.020322377 
846 449 5 4 0.020321503 
305 56 12 10 0.020321457 
813 448 6 6 0.020319294 
422 562 6 8 0.02031647 
803 0 10 8 0.020316308 
533 147 6 6 0.020314772 
273 421 7 9 0.020311877 
784 464 3 4 0.020308234 
289 461 5 8 0.020306744 
422 599 7 9 0.020304494 
155 214 25 30 0.020302206 
515 671 13 17 0.020298561 
992 461 20 22 0.020294812 
229 44 9 8 0.020293366 
519 396 7 8 0.02029314 
736 360 10 11 0.02029107 
826 449 6 5 0.020289017 
420 248 9 12 0.020287879 
129 353 44 51 0.020286065 
100 222 9 9 0.02028369 
287 464 6 10 0.020283667 
66 495 4 4 0.020283395 
273 415 8 9 0.020281088 
839 13 6 6 0.020280134 
39 630 18 29 0.020277156 
817 18 10 9 0.020274714 
486 359 6 9 0.020274231 
562 379 7 7 0.0202739 
140 605 8 11 0.020272734 
676 590 12 15 0.020272402 
62 438 18 23 0.020269563 
165 394 8 9 0.02026809 
884 504 6 7 0.020265413 
127 554 10 11 0.020262843 
276 346 6 7 0.020256128 
32 492 5 7 0.020254109 
693 71 6 6 0.020253537 
971 695 24 23 0.020253023 
463 436 6 8 0.020252442 
148 269 6 7 0.020247638 
156 224 5 5 0.020246133 
447 174 10 14 0.020244984 
493 332 75 88 0.02024349 
980 686 5 4 0.020241052 
104 273 6 7 0.020240918 
12 538 7 7 0.020240894 
276 360 5 6 0.020239044 
51 439 19 27 0.020237787 
267 183 23 24 0.020236617 
897 436 5 6 0.020235587 
453 305 9 12 0.020233793 
473 165 23 22 0.020228656 
205 624 31 31 0.020225363 
430 563 6 8 0.02022492 
267 260 9 10 0.020224556 
693 436 21 30 0.020224147 
387 148 19 30 0.02022362 
519 423 5 6 0.020223327 
751 23 23 29 0.020222317 
649 156 12 13 0.020218253 
221 177 12 12 0.02021644 
621 94 7 9 0.020215718 
992 717 6 6 0.020215346 
97 409 20 21 0.0202151 
995 605 13 14 0.02021458 
327 703 130 100 0.02020705 
28 416 4 5 0.020198531 
108 180 7 6 0.020195251 
812 551 7 8 0.020194028 
722 51 8 9 0.020189017 
420 580 8 10 0.020188266 
351 728 9 9 0.020187218 
25 402 7 8 0.020187106 
395 303 9 15 0.020185575 
693 495 5 3 0.020182926 
441 574 8 11 0.020182664 
525 537 6 7 0.020171478 
126 612 8 12 0.020171475 
659 392 6 7 0.020166026 
126 165 10 9 0.020163475 
814 350 8 8 0.02016239 
636 64 84 104 0.020160884 
377 459 6 10 0.020160701 
776 463 4 4 0.02016063 
362 97 22 26 0.020158455 
397 571 5 6 0.020157102 
861 124 32 31 0.020154791 
268 300 24 26 0.020152144 
52 417 5 5 0.020151706 
430 423 4 7 0.020150198 
432 10 12 12 0.020144733 
913 26 12 15 0.020142157 
509 608 11 16 0.020141305 
123 290 24 22 0.020138169 
192 410 5 6 0.0201367 
397 247 6 12 0.02012899 
500 416 5 7 0.02012576 
173 404 6 5 0.020121934 
940 646 8 8 0.020120524 
869 19 44 45 0.02011774 
961 454 18 21 0.020117026 
381 11 10 13 0.020112352 
941 32 15 18 0.020111885 
521 574 11 13 0.020108178 
468 376 6 9 0.020103235 
939 44 28 27 0.020102516 
980 786 62 60 0.020097917 
304 681 11 14 0.020096654 
809 30 11 10 0.020095427 
493 364 5 7 0.020094872 
189 680 12 15 0.02009336 
828 493 4 5 0.02009207 
683 424 23 29 0.020090565 
327 495 17 28 0.020089913 
236 211 8 9 0.020088293 
923 416 5 5 0.020087393 
317 713 11 13 0.02008492 
730 37 6 10 0.020084623 
223 165 9 9 0.020084037 
477 120 19 23 0.020082792 
940 662 8 11 0.020081095 
464 21 12 13 0.020078486 
415 163 10 14 0.020070337 
770 474 5 5 0.020069355 
378 95 22 23 0.020069322 
741 11 23 31 0.020066112 
330 17 11 13 0.020065838 
840 693 6 4 0.020065771 
373 339 6 9 0.02006383 
744 610 11 12 0.020060124 
486 120 7 8 0.020059234 
852 17 21 25 0.020057743 
796 393 11 12 0.020055845 
320 472 7 10 0.020055246 
113 208 10 10 0.020054922 
873 443 4 4 0.020052686 
134 529 9 10 0.02004952 
833 30 20 24 0.02004934 
834 425 4 4 0.020046804 
821 488 4 4 0.020044811 
681 463 3 4 0.0200388 
138 516 10 11 0.020035068 
834 457 4 4 0.020032687 
678 30 8 10 0.020032376 
914 663 8 10 0.020029554 
962 712 6 6 0.020027231 
981 694 4 3 0.020026019 
502 634 26 29 0.020022415 
451 478 4 7 0.020022389 
100 213 22 25 0.02002188 
870 710 6 7 0.020019 
681 469 4 4 0.020011377 
296 632 16 24 0.020009272 
851 37 7 9 0.020008639 
300 743 6 6 0.020008603 
365 306 7 11 0.020008514 
542 119 9 11 0.020002969 
704 434 7 8 0.02000012 
