18_Concerts_Concerts_18_528
879
464 126 71 95 0.99608374 
473 226 25 33 0.26847863 
436 446 24 44 0.2005466 
-16 -167 177 164 0.111631304 
491 101 8 9 0.09205889 
753 84 20 43 0.079648495 
520 651 3 3 0.07791407 
913 359 6 10 0.07304765 
519 628 33 53 0.072435476 
554 623 4 6 0.06732353 
264 254 173 181 0.06416446 
515 651 3 3 0.058352143 
521 656 3 4 0.056923654 
178 396 112 80 0.0554682 
511 663 5 5 0.0528428 
431 105 5 5 0.051563554 
515 648 2 2 0.04948839 
805 364 8 14 0.046068434 
507 650 4 4 0.04605956 
164 357 107 71 0.04563904 
521 664 4 4 0.045166004 
487 98 8 8 0.045064747 
509 647 2 3 0.04449237 
496 660 10 12 0.04410842 
548 549 3 4 0.043870416 
993 321 6 10 0.0436304 
428 133 6 5 0.043287825 
438 308 21 41 0.043064833 
540 508 5 8 0.04287376 
59 449 22 30 0.04237253 
875 344 7 11 0.04237076 
855 -182 264 163 0.04235143 
502 360 4 5 0.042195458 
723 470 9 13 0.04202543 
437 99 4 5 0.04175041 
529 651 3 4 0.04149651 
551 638 4 5 0.04128944 
571 -9 94 97 0.04033623 
547 552 4 5 0.039922535 
963 372 9 12 0.039760053 
210 362 24 19 0.039747164 
237 131 43 47 0.039577637 
419 99 4 5 0.039532043 
827 379 6 9 0.038648065 
521 647 2 2 0.038594242 
183 444 25 22 0.038577933 
307 254 91 103 0.03847524 
515 657 3 3 0.038369916 
558 637 3 5 0.038296398 
728 241 78 95 0.03829116 
368 253 26 33 0.037759315 
463 463 4 8 0.03766449 
184 378 23 23 0.03725629 
880 423 22 35 0.037201565 
484 457 3 5 0.037102666 
474 476 4 8 0.036906324 
444 87 4 3 0.036649514 
495 356 3 4 0.036467113 
644 308 44 48 0.0360119 
422 98 5 6 0.03590373 
233 462 55 46 0.035758875 
550 564 5 6 0.035737716 
502 355 3 5 0.035653558 
973 341 5 9 0.03554108 
500 641 34 47 0.03516864 
417 105 4 4 0.03513773 
495 102 9 10 0.034876037 
430 100 4 4 0.034046423 
184 455 22 23 0.03404616 
683 453 8 11 0.033869226 
812 351 8 13 0.033743236 
531 634 6 7 0.033564515 
813 345 6 11 0.033461384 
486 457 5 7 0.033409987 
470 467 4 8 0.03322978 
884 383 6 10 0.033148564 
423 112 5 5 0.033006027 
532 647 7 14 0.032941975 
57 -160 274 139 0.032919195 
196 468 25 25 0.032906737 
437 92 3 4 0.03286477 
494 361 3 5 0.032768108 
464 481 4 8 0.032745413 
786 423 9 10 0.03270156 
699 103 20 29 0.03268983 
610 25 50 48 0.032638323 
360 309 79 143 0.032497056 
965 496 8 14 0.032493588 
956 371 22 27 0.03230986 
502 349 3 5 0.03226885 
651 544 7 10 0.032156922 
493 499 5 10 0.03214283 
555 649 5 6 0.03210312 
462 466 4 9 0.032047596 
650 278 18 25 0.03199341 
922 366 5 8 0.031959582 
889 344 8 13 0.03195688 
945 420 10 16 0.03184916 
198 367 27 22 0.031747166 
212 374 34 28 0.031727865 
492 486 5 9 0.031693257 
684 544 7 10 0.031685807 
659 538 7 10 0.031619254 
397 340 485 499 0.03155299 
462 455 4 8 0.03152648 
953 373 8 10 0.03151334 
193 385 32 28 0.03148028 
553 586 4 6 0.03148021 
665 525 6 9 0.031241193 
-73 364 371 528 0.03122094 
959 366 6 8 0.031147761 
529 438 4 7 0.031125618 
194 439 108 85 0.03111037 
11 224 435 363 0.030989513 
765 94 20 35 0.030972889 
462 325 5 10 0.030901633 
639 529 7 12 0.030867316 
785 346 9 12 0.03085299 
830 379 7 9 0.030791348 
971 333 6 9 0.030754447 
760 570 9 13 0.030538779 
492 652 18 26 0.030535957 
183 429 26 23 0.030496484 
628 520 6 8 0.030464217 
553 592 4 5 0.030404989 
504 360 5 7 0.0303607 
945 331 10 13 0.03029702 
691 558 6 10 0.030292166 
806 358 8 13 0.03023038 
180 392 28 27 0.030208679 
444 92 4 5 0.030185156 
882 345 7 11 0.030182146 
242 447 25 23 0.030125 
495 373 4 7 0.030073183 
611 315 47 53 0.03006924 
419 442 32 58 0.030063849 
204 582 8 11 0.030051874 
933 345 9 12 0.030042881 
470 449 4 7 0.029959867 
505 368 4 5 0.02995536 
490 500 4 8 0.029910343 
684 563 7 10 0.02987522 
260 561 28 41 0.029857092 
785 609 9 13 0.029849485 
234 560 3 5 0.029812984 
677 543 8 11 0.029794713 
883 353 6 10 0.029723007 
958 375 12 14 0.02967986 
424 125 5 5 0.029675081 
492 495 6 9 0.029674284 
730 361 9 14 0.029646 
818 346 7 11 0.029612664 
938 345 9 12 0.029612564 
950 406 20 29 0.029612022 
979 348 5 7 0.029561749 
498 424 7 9 0.029550035 
934 378 19 30 0.029525151 
235 449 9 9 0.02952078 
489 486 5 8 0.029479422 
227 459 11 12 0.029463643 
418 394 19 36 0.029349625 
490 495 4 7 0.029343994 
938 338 8 11 0.029256154 
210 445 27 28 0.029176023 
158 430 22 23 0.029012099 
550 641 4 6 0.028969921 
463 475 5 9 0.02896826 
226 453 11 12 0.028928082 
477 494 4 7 0.028904537 
529 645 3 3 0.028860545 
939 333 8 10 0.02883672 
453 453 6 13 0.028814517 
223 353 24 21 0.028788464 
235 496 11 14 0.028679563 
486 469 6 8 0.028665358 
767 345 9 13 0.028658446 
513 368 4 6 0.028636737 
792 370 7 12 0.028627705 
988 378 21 31 0.028604211 
450 87 3 4 0.028568447 
995 369 10 15 0.028566401 
678 564 6 10 0.028535599 
545 592 4 6 0.028424114 
552 648 6 8 0.028411461 
837 403 7 10 0.02841116 
556 24 49 49 0.028402656 
231 326 28 25 0.028333236 
779 568 7 10 0.028304983 
482 508 4 7 0.028293483 
511 419 8 7 0.028282398 
410 474 24 37 0.028264737 
678 557 7 10 0.028253347 
520 473 5 9 0.028238304 
716 558 6 9 0.028082026 
477 490 4 6 0.028016929 
979 352 7 9 0.027901836 
547 536 3 4 0.027871065 
875 363 7 12 0.027850142 
164 455 10 9 0.027845696 
806 376 8 12 0.027838487 
357 519 21 27 0.02783464 
470 535 5 7 0.027829105 
827 384 7 10 0.027770597 
420 514 24 32 0.027744759 
974 345 6 9 0.0277147 
546 631 3 4 0.027652567 
534 489 4 6 0.027604528 
544 559 6 7 0.027564505 
527 653 4 7 0.027494868 
894 359 8 11 0.027484274 
785 355 10 15 0.027466992 
953 361 7 9 0.027426623 
428 274 58 101 0.027388452 
920 377 8 14 0.02730478 
658 543 7 11 0.027281096 
508 444 5 7 0.027267167 
754 367 9 15 0.027238132 
31 510 95 121 0.027207186 
464 500 4 7 0.027196994 
905 353 17 25 0.027195571 
909 353 6 10 0.027163548 
783 381 18 26 0.02710698 
441 99 5 5 0.027104704 
367 315 26 30 0.027103659 
465 241 23 29 0.027103296 
47 561 3 5 0.027079223 
552 573 4 6 0.027056841 
184 455 9 9 0.027014667 
396 354 63 128 0.027012007 
911 363 7 10 0.026967142 
435 105 5 5 0.026874842 
525 382 24 27 0.026865944 
228 459 22 26 0.026853751 
801 340 6 10 0.026847133 
258 453 14 15 0.026842332 
945 384 23 28 0.02683057 
921 360 6 9 0.026813356 
970 356 10 13 0.02681169 
234 380 7 6 0.02676904 
448 93 5 4 0.026762923 
947 348 7 9 0.026754662 
696 563 7 10 0.026753435 
422 117 6 6 0.026751079 
965 366 7 9 0.026749909 
801 370 7 11 0.026740538 
685 558 6 9 0.026734952 
539 502 4 7 0.026710995 
960 360 7 9 0.02668823 
660 532 6 9 0.02667659 
889 352 7 10 0.026671369 
892 375 4 6 0.02664649 
490 483 4 7 0.026644053 
928 338 19 26 0.026643554 
467 339 5 9 0.02663213 
481 501 4 7 0.026630986 
551 597 4 5 0.026565311 
775 568 7 10 0.026535908 
549 551 5 6 0.026530685 
811 384 8 12 0.026519408 
472 468 5 7 0.026479637 
204 616 19 24 0.026460664 
469 464 4 7 0.026456848 
704 565 6 9 0.026451774 
546 539 4 5 0.02644302 
673 538 7 10 0.026414752 
427 401 8 15 0.026409 
886 281 23 29 0.0263596 
498 385 7 8 0.026336944 
385 526 7 7 0.026321355 
895 380 5 8 0.026257351 
196 462 10 8 0.026256662 
708 120 22 27 0.026225425 
691 112 17 29 0.026219143 
404 431 63 103 0.026215004 
813 340 5 9 0.026202433 
756 104 37 60 0.026103226 
672 564 8 11 0.02609091 
550 548 3 6 0.02608398 
890 359 7 10 0.026046783 
988 342 4 7 0.02604483 
954 365 7 9 0.026039597 
246 442 12 10 0.026033456 
994 334 5 8 0.02602016 
257 342 27 26 0.02601204 
907 285 20 27 0.025991922 
672 543 8 11 0.025983011 
765 553 9 13 0.02595773 
190 456 8 7 0.025918188 
547 625 3 4 0.025913479 
958 414 20 27 0.025887836 
418 112 5 5 0.025869133 
880 265 22 24 0.025867095 
582 12 49 54 0.025857624 
253 492 25 26 0.025843466 
474 457 4 6 0.025802324 
248 479 24 27 0.025796605 
626 525 7 10 0.025790475 
905 337 10 14 0.025789931 
406 123 4 6 0.025784543 
428 135 7 7 0.02576427 
226 465 12 13 0.025712075 
506 450 6 8 0.025702031 
871 359 7 12 0.025663815 
44 460 41 56 0.025658997 
170 455 10 10 0.025647746 
255 327 25 24 0.025639793 
487 277 75 116 0.025614616 
627 512 7 9 0.025609288 
423 382 18 33 0.02559633 
988 346 4 8 0.025581243 
228 374 9 7 0.025557103 
529 636 3 5 0.025556559 
485 392 5 8 0.025547795 
496 350 3 5 0.025513716 
480 489 4 6 0.025498386 
542 290 11 21 0.025497384 
300 436 9 9 0.025486715 
500 435 5 8 0.025468014 
31 489 21 37 0.025454745 
904 315 21 25 0.025433598 
677 537 8 11 0.025410758 
418 132 5 5 0.025400233 
410 124 5 6 0.025398452 
164 450 23 22 0.02537275 
689 111 10 17 0.0253461 
544 584 6 7 0.0253372 
341 112 43 37 0.025331065 
261 424 30 30 0.025322296 
487 462 4 7 0.025287187 
398 468 23 33 0.025284298 
959 339 7 11 0.025254901 
300 429 8 10 0.025242021 
181 469 22 22 0.02521957 
809 362 9 15 0.025171425 
151 393 22 20 0.025153365 
647 287 8 11 0.025093405 
482 386 4 7 0.025089042 
550 561 4 6 0.025084868 
965 356 10 13 0.025064236 
922 387 20 28 0.02504067 
697 203 45 54 0.025016349 
150 429 11 10 0.024989597 
553 629 4 5 0.024986515 
762 520 6 9 0.024974657 
437 88 3 4 0.024962747 
483 452 3 5 0.024953874 
494 438 4 6 0.02490692 
471 429 6 10 0.024883365 
209 576 9 11 0.02484352 
761 563 8 11 0.024828414 
767 416 7 10 0.024819825 
550 535 3 6 0.024766596 
204 588 8 11 0.024741963 
808 334 16 25 0.024717154 
463 486 5 8 0.024687575 
470 456 3 7 0.02466732 
284 323 6 8 0.024655618 
759 387 18 27 0.02464131 
914 369 7 14 0.024603846 
219 469 27 27 0.024590319 
546 564 6 6 0.024568826 
227 475 11 11 0.02454396 
378 538 6 9 0.024536746 
390 340 36 63 0.024529876 
248 123 23 23 0.024525512 
399 324 22 42 0.024524823 
698 569 8 12 0.024517199 
645 525 7 11 0.024498312 
891 379 6 8 0.024485998 
450 455 17 33 0.024475202 
979 345 37 53 0.024470115 
209 570 9 10 0.024468612 
998 338 34 51 0.024467185 
436 113 5 5 0.02445938 
949 376 7 11 0.024441436 
451 386 19 36 0.024416184 
319 396 90 114 0.024410142 
535 483 3 5 0.024390403 
139 486 10 10 0.024371244 
543 508 5 8 0.02436985 
761 524 7 11 0.02436153 
515 673 8 9 0.024357803 
903 351 7 11 0.024334447 
118 362 205 160 0.024325091 
214 460 12 12 0.024298992 
277 354 13 16 0.024297034 
877 334 6 9 0.024285935 
661 525 6 9 0.024214663 
908 387 36 55 0.024194358 
927 367 6 8 0.02419322 
846 386 6 9 0.024179863 
406 531 25 32 0.024127599 
206 408 14 13 0.024100738 
831 403 8 11 0.02406986 
501 368 4 5 0.024066579 
532 459 6 10 0.024045093 
171 437 24 23 0.02403508 
164 429 11 11 0.024031915 
781 363 19 29 0.02400072 
622 506 7 10 0.023995895 
684 551 6 9 0.023992378 
489 354 3 5 0.023991583 
197 475 8 8 0.023979064 
915 232 22 27 0.023973625 
157 429 11 11 0.023973303 
418 124 5 5 0.023960324 
95 430 39 43 0.02393398 
224 366 28 23 0.023927288 
987 549 7 11 0.023909342 
883 346 18 26 0.023907382 
153 417 448 505 0.023900151 
185 480 7 9 0.023888744 
196 563 9 13 0.023886584 
903 360 6 8 0.023880357 
945 427 12 19 0.023856461 
466 495 5 9 0.023855641 
462 341 4 7 0.023845095 
427 392 9 17 0.023831883 
911 380 21 31 0.023825323 
543 578 6 8 0.023819523 
917 329 12 15 0.023817245 
503 404 12 12 0.023811586 
799 378 7 11 0.023803076 
953 345 8 12 0.02379171 
826 327 17 25 0.023789791 
204 570 8 10 0.023782942 
548 637 3 5 0.023763448 
241 442 10 9 0.023726081 
239 567 3 4 0.023690265 
985 320 8 12 0.02368763 
433 391 9 19 0.023656586 
430 92 4 5 0.023652755 
511 474 7 11 0.023615759 
1001 309 23 26 0.023608284 
665 551 7 10 0.023606656 
389 521 7 8 0.023582246 
773 344 8 12 0.023578081 
494 368 4 6 0.02357523 
482 407 9 14 0.02355488 
927 350 10 13 0.023548787 
464 496 4 7 0.023548285 
265 458 12 14 0.023539389 
664 531 7 10 0.023536308 
176 90 101 94 0.023530327 
703 487 7 9 0.023528889 
433 133 6 6 0.023522343 
532 630 6 7 0.023506103 
235 465 10 12 0.023492027 
704 104 450 390 0.023487505 
556 618 4 7 0.023476241 
692 98 17 28 0.023475774 
536 554 6 6 0.023466635 
665 538 7 10 0.023419064 
533 627 21 27 0.023395862 
513 429 8 10 0.023393271 
232 544 5 9 0.023391355 
734 385 9 13 0.023387533 
902 342 9 14 0.023380265 
247 458 12 13 0.0233695 
915 332 19 28 0.023359798 
510 472 18 27 0.023342354 
492 444 5 7 0.023317289 
795 332 15 27 0.023313075 
844 410 8 11 0.023305988 
427 270 32 51 0.023305068 
672 556 7 11 0.02328774 
811 376 7 12 0.023278 
234 553 3 6 0.023263205 
912 332 12 18 0.0232505 
739 530 9 14 0.023201542 
198 452 26 24 0.02318865 
473 450 4 7 0.023184687 
790 362 9 14 0.023184331 
736 377 8 12 0.02318288 
775 557 6 8 0.023178857 
367 482 88 91 0.023118537 
927 358 8 10 0.023117661 
484 462 4 6 0.023110744 
696 537 9 12 0.023106253 
291 435 10 11 0.023101151 
473 464 4 7 0.023079263 
517 430 6 8 0.023078447 
489 431 4 6 0.023071647 
921 352 8 11 0.023053411 
451 314 17 33 0.023040002 
186 386 6 6 0.023011917 
306 512 10 11 0.023011146 
748 408 18 26 0.023009079 
967 339 7 11 0.023002872 
914 375 10 15 0.022999652 
379 534 5 6 0.022982076 
417 362 20 37 0.022976086 
963 546 12 15 0.022971554 
235 455 10 10 0.022966966 
454 520 5 8 0.022957543 
698 118 19 29 0.02295495 
683 538 8 10 0.022943158 
780 356 9 13 0.022929484 
497 403 23 23 0.022924643 
940 377 8 11 0.022900859 
499 392 9 9 0.022899078 
928 456 6 8 0.02288567 
979 323 8 13 0.02288261 
678 531 8 10 0.022877328 
145 473 10 11 0.022872655 
453 525 6 10 0.022861745 
830 299 10 16 0.022856254 
368 545 21 23 0.022853458 
270 366 203 229 0.022845186 
475 445 4 6 0.022844475 
234 441 10 11 0.022837587 
953 432 10 14 0.022817027 
476 340 4 7 0.022812791 
489 444 4 6 0.022794329 
696 121 8 14 0.022784103 
836 298 10 16 0.022779431 
552 577 4 7 0.02277473 
516 484 9 12 0.02276805 
252 330 12 13 0.022758879 
191 450 9 7 0.022757882 
132 474 9 10 0.022741117 
703 110 10 16 0.02273696 
191 462 8 8 0.022721633 
547 642 5 7 0.022709884 
963 350 18 24 0.022697821 
428 125 5 5 0.022691019 
475 328 5 7 0.022688176 
762 351 7 11 0.022665491 
491 503 9 16 0.022662409 
794 377 7 10 0.022661675 
778 377 8 12 0.022659462 
42 561 3 5 0.022646245 
541 639 21 26 0.022644423 
953 338 8 11 0.022641769 
945 446 8 14 0.02263537 
799 357 16 27 0.022630487 
280 514 10 10 0.022627978 
263 322 6 8 0.02262465 
678 551 7 10 0.022585385 
793 441 7 10 0.022585284 
851 351 19 26 0.022578675 
423 366 6 10 0.022577826 
185 390 8 9 0.022573028 
909 372 7 12 0.022571921 
914 245 22 34 0.022570932 
485 423 5 8 0.022534471 
523 511 7 12 0.022530591 
214 524 65 97 0.022526348 
894 344 8 13 0.022524895 
470 310 4 7 0.022496847 
249 515 40 47 0.02249434 
826 396 6 11 0.022494067 
209 563 8 11 0.022475963 
232 341 27 26 0.022473551 
430 112 5 5 0.02244864 
238 561 2 5 0.022444297 
375 552 9 9 0.022436516 
767 544 8 11 0.022427281 
821 398 5 10 0.022422168 
190 475 8 8 0.02241644 
418 318 39 69 0.02241458 
78 435 38 50 0.022405904 
838 416 8 12 0.022405056 
940 338 19 26 0.022387844 
210 184 8 14 0.02238303 
830 409 8 11 0.02237243 
809 355 17 28 0.022363337 
184 568 9 12 0.02236074 
540 427 17 32 0.022331817 
652 532 6 9 0.02232258 
538 634 6 8 0.022313142 
220 467 12 12 0.022312555 
198 541 10 14 0.022283906 
452 459 7 15 0.022274988 
810 282 17 30 0.022269081 
947 358 20 26 0.022261737 
683 568 8 12 0.02225859 
527 429 7 8 0.022253819 
896 352 7 10 0.022253668 
204 601 8 11 0.022237021 
493 457 4 7 0.022208724 
418 118 5 6 0.022205729 
505 -158 289 140 0.022203935 
766 569 8 12 0.022200806 
488 451 4 6 0.022199137 
506 662 7 8 0.022195278 
888 383 7 11 0.022179542 
235 373 8 8 0.022177672 
266 353 27 29 0.022170357 
606 519 7 9 0.022161474 
566 641 5 8 0.022158623 
896 375 5 6 0.022155564 
490 360 3 6 0.022154782 
819 403 6 10 0.022135643 
520 437 4 6 0.022109259 
884 365 5 10 0.022105701 
646 511 7 10 0.022088334 
944 394 11 16 0.02207345 
876 352 7 11 0.022072492 
940 410 7 11 0.022069396 
537 493 5 8 0.022069283 
236 385 8 8 0.022052575 
238 572 4 6 0.022048876 
697 558 7 9 0.022046797 
696 609 10 12 0.022025805 
883 332 8 11 0.022013621 
1005 277 21 25 0.022012085 
805 380 17 28 0.022007497 
980 342 4 7 0.022006333 
871 371 6 10 0.021995667 
507 455 6 8 0.021952039 
824 343 9 14 0.021942152 
257 445 14 14 0.021938043 
486 473 6 9 0.021927152 
191 468 8 8 0.021882338 
191 555 8 13 0.021877328 
519 667 5 6 0.021861264 
191 562 9 14 0.02185436 
843 291 10 16 0.021851594 
711 478 7 12 0.02185077 
846 525 5 8 0.021849377 
524 368 24 26 0.021848716 
518 531 7 12 0.021837652 
395 519 8 11 0.021835195 
483 514 3 6 0.021827003 
758 446 10 13 0.021826526 
652 525 6 9 0.021805175 
483 521 4 7 0.021800295 
977 357 9 13 0.021794528 
735 583 8 12 0.0217727 
532 453 6 11 0.021753635 
488 341 4 6 0.021753231 
855 333 10 12 0.021746311 
187 413 13 14 0.02174539 
612 498 9 13 0.021743257 
217 283 24 31 0.021741271 
197 468 8 8 0.021739066 
672 525 6 9 0.021715043 
557 629 5 6 0.02171176 
494 385 6 7 0.021681154 
531 555 11 12 0.02167317 
703 558 6 8 0.021669481 
654 299 24 28 0.021663629 
623 513 5 9 0.021662654 
993 309 42 54 0.021654576 
204 296 91 81 0.021643994 
44 491 20 38 0.021629035 
483 470 4 6 0.021621926 
833 334 6 9 0.021609118 
215 430 9 8 0.02159652 
698 487 7 9 0.021592462 
660 520 6 9 0.021592103 
787 370 8 12 0.021587865 
692 551 6 9 0.021575613 
972 327 6 11 0.021564918 
197 581 9 12 0.021564145 
524 445 19 32 0.021559678 
781 436 6 9 0.021549087 
913 294 10 12 0.02153231 
210 588 8 12 0.021525618 
683 575 8 12 0.021525243 
558 662 5 8 0.021492807 
749 367 9 15 0.021486698 
876 314 20 23 0.02148633 
251 463 25 29 0.021485467 
626 505 8 11 0.021468226 
914 352 18 27 0.021456322 
470 86 4 4 0.021454744 
762 544 7 11 0.021443091 
947 461 7 9 0.021438252 
404 130 5 6 0.021412214 
820 385 5 10 0.021411398 
332 129 46 40 0.021407083 
222 448 10 11 0.021405526 
92 195 14 15 0.0213987 
512 559 7 10 0.02139764 
838 334 6 9 0.021388542 
821 390 5 10 0.021386389 
857 329 7 8 0.021382783 
658 564 8 10 0.021377834 
699 519 6 9 0.021372877 
428 524 9 15 0.021361649 
502 651 4 4 0.0213608 
313 451 51 58 0.02134163 
190 588 10 11 0.021339562 
239 579 3 6 0.021336753 
237 521 6 8 0.021330118 
511 423 8 8 0.02132416 
232 123 26 21 0.021321116 
425 131 5 5 0.02131266 
232 359 11 9 0.021312645 
871 334 6 8 0.021309813 
703 120 9 12 0.02130746 
144 428 12 11 0.02130049 
727 99 11 15 0.02129387 
622 526 6 9 0.02129226 
812 397 7 11 0.02128672 
946 363 9 11 0.021282012 
906 397 8 13 0.021262476 
845 402 7 12 0.021254096 
678 525 7 10 0.021238327 
205 191 7 12 0.021230336 
506 374 5 6 0.021225423 
191 360 24 22 0.021225404 
849 293 9 14 0.021215841 
233 434 29 27 0.02119941 
220 367 11 8 0.021199046 
659 500 6 9 0.021180185 
729 378 7 10 0.021176351 
660 513 6 9 0.021166468 
963 402 11 14 0.021161163 
214 437 9 8 0.021161016 
831 396 17 25 0.021158619 
695 93 10 17 0.02115668 
882 339 8 11 0.021154132 
203 549 10 13 0.021145213 
469 445 4 6 0.021136826 
525 453 7 11 0.02113624 
788 570 6 9 0.02112526 
256 515 8 8 0.02111155 
762 550 9 12 0.02110692 
189 391 10 10 0.02110288 
755 380 40 52 0.021098064 
521 444 4 6 0.0210886 
262 333 11 11 0.021084527 
58 448 8 11 0.02108361 
139 614 9 10 0.021069188 
412 105 4 5 0.021068206 
800 351 6 11 0.021061461 
468 335 4 8 0.021047499 
443 474 20 36 0.021042045 
948 468 6 9 0.021041108 
464 524 5 9 0.021040017 
204 595 8 11 0.021036811 
794 407 17 27 0.021006972 
357 433 44 58 0.021005483 
756 358 6 10 0.021004606 
773 379 10 16 0.02099492 
885 374 5 7 0.020992776 
786 407 10 14 0.0209884 
859 430 33 52 0.02098298 
274 448 53 52 0.020982271 
558 643 3 5 0.020977812 
513 457 5 6 0.020968268 
953 462 6 9 0.020964758 
843 340 8 10 0.02095387 
743 379 21 30 0.020944903 
641 520 6 8 0.020940952 
430 118 5 5 0.020939417 
867 338 16 25 0.020933123 
190 141 10 9 0.020932453 
838 410 8 10 0.020927962 
941 328 8 9 0.020922927 
545 573 5 7 0.020921007 
506 656 4 5 0.020916725 
951 351 8 11 0.020904511 
457 94 4 4 0.020902324 
50 467 9 11 0.020892175 
499 415 9 11 0.020887574 
741 392 9 11 0.020876452 
646 520 6 8 0.020873785 
538 631 5 6 0.020870565 
557 654 5 7 0.020859836 
413 344 21 39 0.020854605 
787 341 7 11 0.020854596 
819 378 6 9 0.020851366 
959 351 8 11 0.02084797 
832 527 6 7 0.020840473 
717 486 6 10 0.0208341 
793 54 104 112 0.020833476 
753 574 9 14 0.020821672 
178 595 9 11 0.02080949 
964 414 11 15 0.020808905 
580 582 7 12 0.020797614 
665 557 7 10 0.020788647 
424 499 24 33 0.02078091 
851 456 22 31 0.020769948 
932 349 21 26 0.020767966 
77 270 22 23 0.020765718 
410 130 5 6 0.020764941 
979 307 18 27 0.020758368 
982 633 8 12 0.02074583 
964 401 20 27 0.020737458 
792 564 7 7 0.020725595 
900 269 21 30 0.020722354 
238 553 3 6 0.020717157 
583 522 7 13 0.020696886 
164 436 10 10 0.020682486 
483 242 11 18 0.02065903 
756 353 6 10 0.020648276 
766 424 7 8 0.020630097 
240 362 30 26 0.020626368 
249 435 57 50 0.02059725 
793 571 7 9 0.020594804 
203 476 9 8 0.020592066 
765 442 20 25 0.02058578 
468 475 5 9 0.020584496 
377 544 7 9 0.020567998 
968 369 21 28 0.0205585 
826 373 6 9 0.020556927 
232 364 12 10 0.020550545 
470 83 3 3 0.020547295 
703 481 7 9 0.020545097 
394 497 22 31 0.020526694 
644 434 11 10 0.020517053 
734 370 19 28 0.020517025 
557 457 18 27 0.020510297 
767 563 7 10 0.020507263 
338 514 24 27 0.020490354 
992 346 8 11 0.020485587 
840 334 20 24 0.020484898 
665 544 7 10 0.020483818 
292 428 9 11 0.02047591 
186 577 18 23 0.02047126 
697 586 9 14 0.020466823 
387 302 21 32 0.020433318 
468 315 5 8 0.020432364 
229 506 8 13 0.020431006 
987 334 5 8 0.020430505 
766 409 9 12 0.020424874 
494 380 5 6 0.020424837 
273 442 11 11 0.020423917 
786 340 16 25 0.020420272 
787 577 7 9 0.020408032 
292 446 10 13 0.020397678 
781 577 7 9 0.020391606 
462 451 3 7 0.020390308 
488 507 5 10 0.020381669 
997 321 7 9 0.020373939 
767 434 8 11 0.020372657 
926 344 10 13 0.020361947 
214 592 21 30 0.02036042 
504 414 11 11 0.020349618 
262 379 8 8 0.02034605 
497 656 7 8 0.020344542 
969 329 5 9 0.020338053 
470 435 5 7 0.020334657 
863 387 8 15 0.020327419 
979 372 7 10 0.020322677 
215 372 11 9 0.02029532 
800 571 6 8 0.02029393 
672 551 7 10 0.02027441 
738 165 45 53 0.020268835 
512 479 8 13 0.02026778 
387 136 8 9 0.02026197 
190 345 11 11 0.02023932 
855 305 9 14 0.020232318 
445 126 4 4 0.020225089 
411 119 4 5 0.020218754 
989 338 18 25 0.020205572 
943 369 20 27 0.020200541 
950 333 9 11 0.0201861 
691 567 7 12 0.020183302 
737 98 36 58 0.020181768 
806 339 7 11 0.020181665 
446 457 11 22 0.020173838 
781 442 7 9 0.020170692 
773 448 8 10 0.020164106 
818 363 19 29 0.020147176 
196 556 9 12 0.020130387 
510 617 24 26 0.020122318 
410 111 5 5 0.020122156 
245 560 4 5 0.02011406 
812 447 8 10 0.020105684 
826 389 7 11 0.02009294 
235 537 6 10 0.020081202 
229 497 10 14 0.020076264 
185 475 8 8 0.02007223 
209 379 11 9 0.020066073 
683 120 9 13 0.020064535 
692 543 8 11 0.020060513 
424 106 4 4 0.020056827 
717 493 6 9 0.020035857 
781 346 7 10 0.020028083 
782 350 8 12 0.020024497 
889 314 18 24 0.020021342 
482 476 4 7 0.020014502 
262 329 8 8 0.020014284 
729 360 16 28 0.020013198 
