18_Concerts_Concerts_18_486
177
260 183 232 240 0.8687647 
49 84 479 720 0.3937826 
817 312 34 54 0.18221599 
299 279 558 677 0.1530063 
370 1013 88 83 0.12131901 
611 35 211 403 0.11977246 
818 265 25 40 0.09917582 
1034 775 472 800 0.093734495 
-255 42 213 293 0.069235496 
519 1273 177 183 0.06312167 
1054 -10 461 766 0.05824017 
389 554 269 426 0.058001842 
259 685 478 891 0.052872736 
459 721 171 179 0.05286416 
568 1322 88 91 0.05194494 
770 684 241 487 0.04832267 
901 493 18 32 0.048255 
-209 -43 534 722 0.043875203 
496 266 271 424 0.043280825 
217 660 131 180 0.041446242 
816 253 6 8 0.041271728 
91 1086 124 179 0.041206565 
830 212 6 10 0.040036783 
815 258 7 11 0.039816625 
1121 679 267 546 0.03879302 
1120 331 266 544 0.038607676 
608 385 134 168 0.03857024 
312 873 246 353 0.03786656 
684 1526 11 19 0.037551638 
322 225 117 125 0.037424486 
545 763 86 91 0.037262272 
825 284 14 23 0.037130356 
817 231 6 8 0.036851887 
269 0 484 565 0.036601916 
170 670 65 83 0.03586358 
821 232 6 8 0.035610676 
791 140 27 37 0.034974966 
187 706 28 46 0.03375306 
626 886 33 45 0.033722326 
811 213 8 10 0.033637114 
1092 33 301 343 0.03343718 
831 354 28 39 0.033261318 
630 -136 430 736 0.032596864 
84 993 113 181 0.03247429 
438 1215 155 222 0.032471653 
971 200 121 188 0.03221809 
723 382 32 43 0.03188125 
57 884 117 188 0.031852495 
765 355 93 185 0.031834856 
528 1349 79 90 0.031808425 
805 230 5 9 0.031159058 
808 223 5 9 0.030989513 
816 244 6 7 0.030805634 
-284 1080 225 517 0.030603807 
497 758 82 92 0.030537453 
794 523 57 102 0.030373286 
813 222 6 10 0.030288784 
357 1002 129 191 0.030167615 
198 325 75 88 0.029965945 
237 708 67 93 0.029965738 
775 290 7 12 0.029690778 
629 407 65 72 0.029336147 
788 234 5 8 0.029208379 
785 412 49 105 0.029031955 
552 556 438 798 0.028927201 
787 241 6 9 0.028902968 
974 325 32 39 0.028895188 
794 190 9 14 0.028849991 
746 190 98 195 0.028821176 
822 223 6 9 0.028787347 
825 213 6 9 0.028362058 
827 713 141 179 0.028348705 
703 241 253 446 0.02798375 
812 283 11 19 0.027936628 
781 451 112 171 0.027893463 
109 667 116 177 0.027831318 
383 498 37 42 0.027627384 
120 182 125 179 0.027074426 
821 306 10 15 0.027052756 
780 1057 33 40 0.026959943 
434 469 91 170 0.026875049 
105 541 268 404 0.02681027 
152 1406 24 45 0.026776489 
140 288 155 241 0.026774077 
775 275 31 49 0.026588432 
793 290 8 11 0.026537856 
711 611 36 43 0.026513474 
807 213 5 9 0.025906969 
159 2 183 140 0.025859604 
397 551 66 98 0.025826978 
821 251 8 10 0.025676187 
842 297 7 13 0.025652418 
750 629 121 136 0.025182214 
796 68 218 427 0.025084436 
92 1376 127 199 0.024907656 
171 220 65 81 0.024831936 
815 271 9 14 0.024781803 
824 244 5 7 0.024762899 
805 243 5 8 0.0245193 
935 428 31 39 0.024506982 
156 348 59 91 0.02439585 
773 281 49 101 0.02418764 
822 503 59 92 0.024161844 
840 245 122 226 0.02414274 
962 392 32 36 0.024111636 
336 986 58 98 0.024110213 
717 1243 121 191 0.02394982 
794 231 6 10 0.023807708 
881 482 29 46 0.023736367 
792 298 7 11 0.023630697 
188 619 59 78 0.023616036 
786 885 135 202 0.02355545 
781 445 29 45 0.023392921 
309 974 114 181 0.02334616 
680 255 151 237 0.023328573 
956 449 12 16 0.023231702 
783 297 8 12 0.02310339 
765 1431 67 81 0.023098847 
774 242 7 10 0.023061719 
633 875 57 99 0.023057718 
924 411 29 41 0.022931352 
496 1254 72 94 0.022754485 
818 259 12 18 0.022732684 
542 453 67 101 0.022724789 
804 289 8 13 0.02259126 
782 1311 31 53 0.02259059 
782 290 8 12 0.022360288 
311 1065 124 214 0.022265341 
705 672 118 185 0.02224204 
220 636 66 96 0.0222324 
776 177 16 23 0.022204552 
785 1188 98 196 0.0221371 
190 742 27 52 0.022104206 
815 295 7 13 0.0219539 
601 989 56 100 0.021946484 
126 1350 54 94 0.021923384 
184 724 57 101 0.021887453 
178 282 62 91 0.02180741 
801 200 29 38 0.021760607 
603 890 33 47 0.021609848 
705 782 72 103 0.021594498 
403 547 108 179 0.021581335 
732 359 33 44 0.02155127 
162 1343 11 20 0.021542463 
649 423 71 92 0.021473512 
807 253 4 8 0.021442045 
146 1251 48 98 0.021434152 
952 1171 124 180 0.021431211 
808 198 12 14 0.021357449 
493 1367 73 92 0.02130915 
196 682 75 92 0.021273637 
152 628 59 91 0.021264287 
832 203 5 9 0.021178065 
455 1101 302 430 0.021091793 
854 557 16 25 0.021020668 
538 1297 70 85 0.02101022 
604 442 53 88 0.020993005 
808 262 4 7 0.020987663 
626 823 63 100 0.020859709 
615 537 158 185 0.02084628 
693 593 35 45 0.020793399 
426 486 56 97 0.02076852 
550 776 38 55 0.02071717 
834 245 5 7 0.02070937 
146 516 132 161 0.020461185 
364 1235 118 213 0.020416046 
214 697 30 46 0.020400919 
830 220 7 10 0.0203736 
974 354 29 40 0.020371856 
258 709 30 52 0.020361137 
113 1432 58 101 0.020297145 
768 282 5 8 0.020280467 
742 769 67 108 0.020247936 
647 373 24 38 0.020245599 
793 278 8 12 0.020152882 
375 1306 56 114 0.020098971 
855 540 33 48 0.02003979 
