18_Concerts_Concerts_18_381
106
332 90 112 129 0.99376833 
393 508 129 112 0.31318817 
568 216 19 33 0.13459556 
463 487 54 51 0.11941934 
226 656 40 43 0.11881626 
311 312 88 137 0.10391039 
819 726 47 83 0.09336953 
184 655 100 79 0.07473509 
239 477 109 89 0.059857026 
284 693 9 16 0.057111364 
495 416 104 107 0.05419628 
199 711 103 86 0.046964776 
345 632 130 86 0.043613903 
134 618 120 103 0.042385995 
118 -46 420 381 0.04221888 
499 355 81 99 0.041288238 
686 331 101 106 0.041073788 
438 456 91 100 0.04095992 
190 261 184 219 0.03943145 
324 350 46 75 0.039287236 
380 521 83 63 0.039080277 
533 454 15 22 0.03892841 
352 350 106 103 0.038202498 
709 372 75 149 0.037908014 
442 509 59 67 0.03511538 
584 442 22 30 0.03426937 
439 525 12 11 0.033087503 
211 411 376 275 0.032954995 
533 484 15 18 0.032575212 
159 625 63 53 0.032152336 
555 201 21 30 0.03142455 
-29 -133 147 194 0.031169768 
500 422 56 57 0.031057306 
642 301 322 433 0.030838579 
399 734 12 27 0.030409023 
526 461 15 20 0.029530035 
520 432 16 23 0.028721014 
126 645 10 16 0.02863867 
527 439 15 24 0.028140662 
445 523 13 14 0.027306657 
247 688 56 73 0.02690394 
520 470 15 18 0.026798764 
558 425 48 61 0.026533186 
282 722 20 41 0.02630968 
259 487 54 54 0.026228532 
585 413 54 46 0.026110513 
581 426 21 31 0.025820954 
560 197 38 42 0.025465596 
521 483 13 17 0.025311388 
690 371 26 36 0.02526743 
579 221 21 33 0.025259336 
533 220 23 27 0.025247272 
232 749 28 32 0.025209444 
495 459 59 54 0.025087373 
438 402 104 77 0.024806626 
531 387 104 95 0.024686724 
699 360 25 25 0.024399232 
809 243 28 20 0.024326324 
540 447 13 21 0.02427114 
517 495 9 10 0.024195956 
585 201 21 30 0.024075191 
334 378 27 35 0.023794886 
609 196 13 14 0.023685412 
544 211 20 27 0.023060946 
643 92 57 50 0.023055602 
470 513 16 18 0.023031857 
593 439 10 14 0.022947118 
197 697 59 57 0.022866832 
523 438 55 60 0.022853587 
438 517 13 13 0.022839908 
616 236 82 125 0.02273609 
271 489 174 101 0.022728248 
164 661 61 62 0.022689583 
44 447 366 356 0.022616904 
189 656 32 34 0.022562252 
161 600 56 49 0.02237688 
617 211 14 15 0.021990353 
813 251 31 27 0.021970157 
529 414 25 32 0.021719163 
733 287 10 11 0.021674145 
540 460 14 21 0.021579007 
600 95 23 26 0.021481918 
533 20 418 416 0.021465758 
599 438 12 15 0.021459155 
746 710 92 114 0.021394003 
176 677 32 34 0.021393787 
606 152 11 11 0.021338245 
219 686 28 33 0.02130604 
342 406 22 32 0.021282693 
553 80 56 57 0.0212038 
761 232 115 82 0.021164462 
167 636 24 31 0.02107661 
733 263 22 23 0.021004278 
568 241 84 121 0.020966472 
440 532 10 10 0.020923762 
639 347 50 63 0.020637771 
238 672 17 16 0.020612305 
488 478 35 33 0.020601684 
606 191 12 13 0.020547424 
784 238 26 24 0.020309115 
210 395 109 143 0.020257654 
396 672 24 23 0.02019107 
798 251 27 22 0.020180956 
599 441 24 30 0.020057736 
176 629 27 29 0.020050295 
226 646 14 12 0.020027028 
