18_Concerts_Concerts_18_403
848
528 78 159 263 0.94459957 
401 19 381 407 0.3147808 
397 382 172 212 0.22914767 
308 160 371 562 0.2262357 
355 503 11 21 0.20171641 
465 966 10 18 0.18005672 
480 489 381 514 0.16658266 
556 965 9 17 0.12133437 
624 964 12 18 0.10839118 
485 453 47 57 0.10622507 
396 961 15 22 0.101251185 
181 23 412 439 0.10009248 
605 963 10 16 0.09430022 
656 959 9 14 0.093264274 
301 603 397 490 0.092818305 
733 205 49 65 0.08558408 
450 421 91 117 0.08521238 
119 566 313 480 0.08156256 
706 509 49 78 0.08156 
623 369 102 84 0.07582613 
745 174 48 60 0.07211852 
356 13 237 211 0.07187241 
356 615 11 18 0.0685035 
581 2 6 7 0.06509793 
311 175 83 109 0.06275088 
459 963 11 20 0.06268561 
438 946 11 20 0.06133479 
383 514 9 21 0.060984027 
187 374 337 453 0.060187556 
366 2 5 7 0.060062885 
643 129 188 221 0.058683388 
369 225 18 23 0.05800071 
353 635 36 55 0.057874326 
423 -19 126 77 0.0540217 
484 119 45 40 0.053715695 
323 233 16 32 0.053700946 
516 952 17 25 0.052022044 
516 215 361 446 0.051886413 
231 534 8 13 0.051874775 
451 963 11 22 0.051733516 
552 965 8 17 0.051649224 
763 734 57 50 0.05094008 
400 973 13 19 0.050490238 
288 0 7 10 0.04888019 
348 218 23 29 0.048648536 
332 592 69 107 0.0485911 
297 530 11 20 0.04841404 
740 467 80 93 0.048012685 
785 490 43 54 0.047355942 
269 742 7 12 0.04665709 
486 0 26 31 0.046320613 
326 501 8 17 0.04625343 
457 121 90 105 0.046131164 
181 254 98 102 0.04608805 
368 195 79 123 0.045372363 
495 157 28 32 0.04534894 
490 171 14 17 0.04523968 
347 95 40 52 0.044534553 
489 238 38 52 0.04412492 
730 224 29 37 0.04378866 
172 633 166 252 0.043411415 
667 973 21 37 0.04326499 
224 746 17 35 0.04314132 
360 248 39 61 0.04280503 
401 241 83 109 0.042291146 
639 965 8 17 0.04226817 
186 0 6 8 0.042164076 
365 565 8 16 0.041505102 
496 439 31 39 0.041174516 
220 623 12 16 0.040868215 
351 595 10 17 0.04073137 
229 523 16 25 0.040707562 
282 128 85 128 0.040552646 
489 318 11 18 0.040365163 
445 949 8 17 0.040228672 
648 394 112 131 0.04011946 
632 960 8 13 0.04009392 
547 46 51 44 0.040040065 
481 193 50 49 0.03991368 
-19 -31 440 394 0.03921087 
469 963 12 21 0.038981162 
418 284 94 108 0.038815152 
778 568 407 482 0.03848482 
651 482 96 121 0.038465634 
307 534 80 128 0.03839917 
229 720 6 11 0.038150426 
349 201 22 27 0.03775013 
370 434 9 16 0.037252054 
199 180 93 131 0.037187424 
239 10 10 15 0.037115224 
295 172 44 67 0.036742073 
722 193 92 122 0.036533576 
533 915 11 12 0.03645389 
482 -12 30 25 0.03643943 
314 182 24 36 0.03640366 
375 511 8 15 0.036391735 
357 1 5 7 0.03627741 
414 305 46 55 0.03613551 
222 554 9 17 0.036098555 
310 651 19 27 0.03605668 
333 1 6 7 0.035948172 
343 530 7 12 0.03585197 
374 494 9 15 0.035832867 
489 467 25 32 0.03579663 
731 724 48 51 0.03575561 
351 604 8 15 0.035683963 
340 602 6 12 0.035617054 
191 312 10 11 0.0354692 
515 39 26 29 0.03517614 
470 208 72 101 0.03502342 
599 581 47 50 0.034837816 
644 965 9 15 0.034788445 
288 210 38 66 0.03470273 
610 966 11 19 0.034686584 
331 486 8 13 0.034633134 
351 214 40 56 0.034602247 
874 341 64 121 0.034469604 
569 2 5 7 0.034373254 
674 961 17 27 0.03432041 
404 6 13 15 0.034276407 
474 768 46 53 0.034267183 
355 226 10 14 0.034217406 
387 511 8 16 0.034206443 
455 693 93 107 0.0341769 
649 433 14 14 0.034160666 
4 -2 192 188 0.034051314 
224 601 20 26 0.033989213 
399 865 15 15 0.033963762 
668 376 35 35 0.033893622 
300 436 7 12 0.03386954 
347 232 20 30 0.03383072 
357 211 8 10 0.0335587 
543 946 8 12 0.033467807 
650 425 13 14 0.03346503 
348 446 12 17 0.033461392 
345 947 6 10 0.03330135 
306 1 7 8 0.033170886 
825 372 42 60 0.033068925 
346 554 20 33 0.032750808 
798 2 7 7 0.03269893 
217 543 7 12 0.032648984 
369 537 10 17 0.03262795 
345 605 8 14 0.03253322 
364 504 7 15 0.032457095 
318 274 79 113 0.0323242 
459 975 19 36 0.032290746 
185 676 7 10 0.032258637 
567 573 110 93 0.032190654 
264 578 75 138 0.032173812 
358 230 21 31 0.032072287 
319 659 7 11 0.032058734 
337 230 8 14 0.032005284 
306 671 8 13 0.03195617 
247 533 9 14 0.031908426 
236 696 7 12 0.03189726 
368 632 13 17 0.031894866 
331 6 7 11 0.031833347 
554 360 110 115 0.03173016 
660 408 29 33 0.031653438 
358 404 7 9 0.031637017 
602 608 47 44 0.031579543 
346 606 17 27 0.031485304 
366 697 115 137 0.031452645 
232 736 6 11 0.031441245 
316 224 37 54 0.031424664 
188 566 79 97 0.031417858 
319 905 13 19 0.031393975 
357 218 9 12 0.03126304 
282 493 73 122 0.03125038 
527 947 8 11 0.0312359 
528 302 91 102 0.031228617 
339 427 10 18 0.031148616 
651 976 22 35 0.031100035 
316 104 85 108 0.031095065 
345 943 6 8 0.03097829 
507 468 24 32 0.03096062 
326 659 7 11 0.03090715 
471 2 5 5 0.030777823 
321 634 16 28 0.030692039 
341 543 7 11 0.03062167 
861 24 368 502 0.030592924 
324 664 8 13 0.030549798 
326 642 8 14 0.030549455 
321 153 26 33 0.030514134 
582 5 6 9 0.030433327 
651 310 127 123 0.030340208 
822 476 45 55 0.030283257 
210 620 8 13 0.030129941 
337 238 9 17 0.030106964 
337 228 20 29 0.030092057 
565 2 5 7 0.030051889 
231 525 8 13 0.030040326 
652 416 9 10 0.029943746 
512 840 82 112 0.0298776 
316 269 22 34 0.029822003 
328 201 43 61 0.029739663 
362 622 12 16 0.02967699 
293 0 6 9 0.02966325 
716 246 46 61 0.029619554 
523 448 44 64 0.029578615 
330 594 38 56 0.029532483 
354 579 18 29 0.02950552 
726 715 107 96 0.029457044 
505 468 47 66 0.029411532 
466 -3 24 24 0.029323714 
295 429 6 11 0.02931105 
614 625 52 49 0.029217586 
251 526 67 125 0.029176833 
584 75 22 34 0.029131701 
314 474 7 9 0.029117381 
235 734 7 13 0.029108498 
370 508 10 17 0.029067805 
520 942 19 26 0.0290234 
365 6 7 9 0.029014248 
389 505 7 11 0.028989984 
350 9 8 14 0.028976403 
329 35 24 28 0.028952451 
338 200 19 30 0.028923186 
311 575 8 16 0.028865611 
479 -2 7 5 0.028856566 
518 47 7 8 0.028747818 
698 360 5 5 0.028741973 
321 676 7 12 0.028741188 
330 497 8 16 0.028694771 
282 219 71 106 0.028691348 
293 723 7 13 0.028653493 
566 6 5 8 0.028643055 
643 416 31 31 0.028593354 
487 -12 55 52 0.028570386 
331 479 85 143 0.0285448 
172 676 8 13 0.02853765 
481 324 17 19 0.02851782 
503 413 83 119 0.028417338 
868 286 17 32 0.02836367 
311 167 20 31 0.028229855 
670 972 11 21 0.02822299 
452 319 49 54 0.02820822 
367 199 20 28 0.028207598 
475 -21 28 22 0.028202025 
345 145 23 34 0.028174398 
455 673 51 52 0.028149283 
782 836 8 10 0.0281413 
360 556 17 29 0.028137244 
256 724 6 10 0.028127695 
436 273 42 55 0.02811011 
238 723 6 11 0.02805828 
705 362 4 4 0.028012445 
370 1 6 8 0.027952643 
144 208 102 122 0.02792552 
311 736 10 17 0.027866183 
385 590 6 9 0.027864395 
165 585 46 56 0.027856022 
333 625 19 30 0.027806647 
480 830 37 60 0.027804723 
525 46 7 8 0.02779967 
313 667 8 13 0.027787808 
300 391 20 34 0.02776151 
343 37 23 27 0.02775004 
624 977 11 19 0.027736148 
365 464 19 32 0.027705604 
494 737 78 105 0.027654016 
221 544 8 12 0.027639942 
479 3 7 7 0.027637837 
820 189 42 55 0.027605385 
219 573 23 33 0.027603272 
273 186 38 62 0.027573897 
357 607 10 15 0.02757082 
412 60 4 5 0.027531859 
365 408 5 9 0.027507175 
676 354 27 24 0.027507136 
347 210 6 11 0.027490607 
243 613 9 14 0.027462628 
161 691 20 30 0.027436381 
475 181 6 7 0.027421536 
178 15 8 9 0.027382456 
450 181 44 60 0.027336223 
290 646 6 12 0.02732306 
331 507 9 17 0.027308606 
365 -2 5 5 0.027278896 
595 965 8 14 0.027238183 
359 194 18 25 0.027059935 
340 175 5 8 0.02705324 
700 356 5 4 0.027041601 
375 580 18 29 0.026998045 
358 202 9 12 0.026996767 
317 882 10 13 0.026981093 
132 140 109 122 0.026973885 
538 950 8 13 0.02691536 
372 207 9 13 0.026896993 
537 944 16 24 0.026888283 
420 741 109 126 0.026883487 
327 224 7 11 0.026848743 
318 416 7 11 0.026835948 
711 381 100 129 0.026829775 
384 0 135 116 0.026781706 
353 403 6 10 0.0267725 
725 243 27 35 0.02676471 
250 167 78 130 0.026747664 
369 571 8 15 0.026736455 
302 205 23 32 0.02666342 
185 684 6 9 0.02665955 
600 292 107 129 0.02664856 
213 496 78 128 0.026632005 
796 560 43 61 0.026606232 
561 908 10 16 0.026574232 
463 8 117 89 0.026549425 
320 690 18 27 0.02650759 
399 61 5 6 0.02649246 
364 229 8 12 0.02642552 
362 206 10 13 0.02640307 
432 759 54 60 0.026383601 
650 400 30 28 0.026354313 
794 -5 26 25 0.02631475 
516 629 94 105 0.026311535 
361 6 18 24 0.026294917 
474 1 6 7 0.026265934 
292 114 51 63 0.0262505 
332 609 16 30 0.026244698 
377 518 9 18 0.026227508 
343 421 9 15 0.026189994 
232 730 6 10 0.026183628 
293 732 44 81 0.026149346 
902 276 9 18 0.026143912 
450 408 229 268 0.026132489 
339 441 7 11 0.026084606 
473 494 24 37 0.026079185 
599 972 12 18 0.026076376 
332 395 17 31 0.026028885 
360 611 12 17 0.026017742 
325 648 18 29 0.025987912 
172 684 7 11 0.025934171 
348 628 10 17 0.025905859 
857 301 363 497 0.02588227 
441 1 6 7 0.02587122 
372 44 27 29 0.025831776 
269 325 43 59 0.02582976 
446 268 22 39 0.025785377 
251 583 18 36 0.025730109 
336 215 8 13 0.025727326 
252 153 53 68 0.025703205 
647 377 23 24 0.025673265 
320 500 10 18 0.02565076 
374 643 21 35 0.025620243 
332 198 7 11 0.025608758 
641 956 41 44 0.025596783 
310 690 8 14 0.025558017 
318 663 17 27 0.02555518 
310 566 18 29 0.025518665 
346 321 83 102 0.025513979 
332 644 7 12 0.025475044 
343 567 8 14 0.025467822 
241 563 39 69 0.025467586 
422 215 35 66 0.025449658 
366 148 5 7 0.025389878 
263 724 6 10 0.025389425 
674 370 4 3 0.025389317 
253 609 9 15 0.025355855 
376 503 8 13 0.025320722 
328 200 17 29 0.025299158 
230 4 17 26 0.025295593 
320 669 8 13 0.02529378 
487 790 45 54 0.025289021 
680 974 22 37 0.025279453 
764 165 25 32 0.025252026 
359 410 6 9 0.025233429 
406 153 83 135 0.025230274 
428 369 45 53 0.025186544 
289 658 7 11 0.025185058 
807 486 12 13 0.025169175 
495 -20 25 22 0.025157375 
459 980 10 17 0.025113089 
312 585 9 18 0.02510202 
520 -2 21 29 0.025100568 
296 206 5 7 0.025098527 
625 206 52 68 0.025078384 
315 43 27 28 0.02507026 
673 339 26 27 0.025060402 
688 338 27 26 0.025009831 
639 975 20 34 0.025002519 
442 6 8 10 0.02498718 
488 308 13 18 0.024972696 
619 973 10 17 0.024968069 
330 409 10 16 0.024959244 
356 575 8 14 0.024939999 
310 247 23 34 0.024930427 
326 2 7 8 0.024927182 
316 911 22 29 0.02490343 
333 204 7 12 0.024888525 
352 575 8 14 0.024880877 
698 2 6 8 0.024873005 
345 236 8 13 0.024868943 
568 589 51 57 0.024861302 
773 178 24 35 0.024836825 
311 746 9 12 0.024832767 
225 692 7 11 0.024799537 
326 513 16 30 0.024727767 
333 479 8 13 0.024724627 
530 964 9 15 0.024722409 
350 235 10 13 0.024704477 
691 360 7 6 0.024700176 
784 492 22 31 0.02466534 
877 783 94 117 0.02464124 
657 416 10 10 0.024602845 
672 373 6 5 0.024573592 
324 7 15 23 0.024505517 
380 564 5 9 0.024474941 
310 577 39 72 0.024459502 
313 646 7 11 0.024454048 
351 566 9 16 0.024433615 
854 236 19 34 0.024418801 
289 672 6 11 0.02439837 
178 659 9 16 0.024394233 
341 619 19 31 0.024368377 
886 220 62 123 0.02436482 
179 1 7 7 0.024343519 
333 405 7 11 0.024341548 
317 665 9 12 0.024324186 
190 0 7 9 0.02430327 
337 597 18 31 0.024295418 
299 690 8 12 0.024279987 
670 678 35 50 0.024271829 
262 284 43 53 0.02424888 
623 61 4 5 0.024247857 
356 530 8 13 0.024242824 
336 516 8 16 0.02423336 
321 387 22 33 0.024231872 
469 0 5 3 0.024219953 
299 736 20 30 0.024206676 
675 621 12 21 0.024176069 
484 299 28 32 0.024172004 
364 15 9 13 0.024168354 
351 222 9 12 0.024163328 
376 581 8 14 0.02413675 
606 978 11 19 0.024117623 
319 545 18 34 0.024092332 
255 357 47 59 0.024086766 
550 976 19 35 0.02405088 
309 5 17 24 0.024049256 
771 467 22 27 0.024041958 
835 422 29 27 0.024018932 
229 739 8 16 0.024008455 
228 768 18 30 0.023994023 
794 499 77 103 0.02398437 
351 252 10 16 0.023983533 
529 917 19 23 0.023966452 
287 207 6 7 0.023959849 
288 721 9 16 0.023952467 
533 465 19 33 0.023950156 
174 692 6 11 0.023938827 
591 817 49 55 0.023937875 
382 629 18 34 0.023919981 
776 0 23 25 0.023880046 
337 485 7 11 0.023877056 
225 283 52 55 0.023810402 
818 555 43 58 0.023796894 
240 522 11 16 0.023774007 
498 280 40 55 0.023772005 
316 757 41 72 0.023742858 
786 -12 24 24 0.02373873 
536 494 22 31 0.023719864 
475 740 43 52 0.023715934 
351 210 7 10 0.023704443 
205 728 6 10 0.023694942 
306 703 7 13 0.023671836 
661 374 6 5 0.023660043 
353 408 7 12 0.02363876 
333 229 7 14 0.023627693 
226 219 47 64 0.023608955 
333 535 7 13 0.023599414 
305 183 3 5 0.023588836 
827 184 21 28 0.02353219 
310 881 11 16 0.023493346 
666 379 5 6 0.023478396 
217 708 8 14 0.023477139 
222 738 40 59 0.02347181 
319 224 8 12 0.023451172 
443 253 87 91 0.023449829 
543 51 25 27 0.023434673 
371 417 5 8 0.02342698 
184 658 8 12 0.023398923 
535 298 39 47 0.023394434 
584 811 95 97 0.023392966 
721 775 101 125 0.023380188 
640 974 9 16 0.023356462 
494 2 7 7 0.023342468 
387 46 25 29 0.0233309 
361 600 10 13 0.023324825 
209 7 10 16 0.023298204 
526 52 6 8 0.023270892 
286 397 8 12 0.023267262 
364 580 7 13 0.023242772 
312 1 6 9 0.023224892 
644 416 11 11 0.023223324 
238 532 19 27 0.023206089 
263 798 205 287 0.023190798 
293 707 8 13 0.023176415 
474 -1 6 4 0.023161663 
346 155 5 9 0.023156146 
296 199 4 7 0.023154868 
223 535 7 12 0.023147868 
339 184 6 10 0.023140829 
302 672 7 13 0.023108892 
-54 250 388 571 0.02310874 
304 188 5 6 0.023108298 
800 515 26 41 0.023104547 
205 248 54 58 0.023097318 
443 958 13 25 0.023089381 
530 951 17 29 0.023080446 
215 665 8 14 0.023074124 
254 695 78 145 0.023073569 
262 219 38 66 0.023065645 
351 521 8 14 0.023065582 
224 719 8 14 0.02306274 
377 252 11 18 0.023032587 
632 383 25 27 0.023031814 
331 570 21 33 0.022983978 
352 611 9 16 0.022968294 
332 528 7 14 0.022963941 
226 685 6 9 0.022947822 
684 249 104 111 0.022944303 
372 522 8 14 0.022933487 
336 779 110 136 0.022894401 
233 755 12 19 0.022894315 
154 123 56 62 0.022884335 
306 646 7 12 0.02286721 
230 711 6 10 0.022864072 
536 861 40 63 0.02286038 
183 603 45 54 0.022819271 
430 237 19 29 0.022810735 
672 380 8 8 0.022792852 
495 479 26 36 0.022791285 
303 753 20 27 0.022787947 
367 531 6 10 0.022787059 
794 437 88 93 0.022757882 
358 566 8 15 0.022748787 
499 1 7 7 0.022736248 
852 421 24 26 0.022712437 
318 736 9 17 0.022711126 
344 490 8 13 0.022707459 
497 479 13 18 0.022703642 
487 -3 8 6 0.022700826 
788 -1 6 4 0.022685306 
334 632 6 12 0.022680817 
638 942 72 103 0.022674577 
328 529 7 13 0.022663437 
456 721 48 55 0.022648571 
328 22 22 26 0.022640064 
328 17 8 11 0.02262724 
209 674 17 30 0.02262587 
328 536 6 13 0.022622874 
862 326 41 74 0.02261969 
362 223 9 11 0.022614049 
187 485 49 67 0.022605872 
389 497 8 12 0.022587601 
343 498 9 15 0.02257477 
321 644 7 13 0.022566084 
370 252 9 16 0.022547757 
712 362 5 5 0.02252231 
475 329 35 32 0.022519927 
222 696 9 14 0.022516446 
289 667 6 9 0.022513732 
339 504 8 15 0.02250639 
829 214 39 58 0.022491677 
352 197 6 9 0.022483341 
318 215 9 14 0.022481037 
-17 675 165 293 0.02248036 
252 99 44 57 0.022470655 
375 434 8 15 0.022468576 
645 976 8 15 0.022429299 
312 403 7 9 0.022399103 
327 229 7 14 0.022398464 
478 474 26 38 0.022395637 
181 684 87 133 0.02238663 
358 7 5 9 0.0223751 
340 534 7 13 0.022368805 
457 311 32 35 0.022354167 
442 -1 5 5 0.022353685 
317 133 3 4 0.022329029 
335 418 10 16 0.022307485 
721 225 20 33 0.022304127 
434 333 43 49 0.022288082 
337 165 8 11 0.022243807 
359 -1 5 4 0.02224194 
325 564 9 17 0.022204574 
307 403 6 10 0.022201499 
228 734 17 32 0.022196425 
311 677 8 11 0.022193866 
203 619 22 29 0.022190738 
295 686 6 11 0.022183102 
341 206 5 9 0.022179428 
429 -3 25 26 0.022160187 
305 534 8 15 0.022153066 
792 -21 22 22 0.02213373 
645 427 11 12 0.022129232 
495 317 13 17 0.022115316 
273 747 7 10 0.022114594 
386 600 6 11 0.022111269 
302 792 19 35 0.022110296 
798 186 74 108 0.022107331 
327 634 6 12 0.022101529 
225 625 18 27 0.022100715 
363 539 9 16 0.022093449 
777 169 11 17 0.022071237 
308 633 19 33 0.022068927 
577 964 7 15 0.022065382 
629 66 5 5 0.02204344 
796 -1 5 4 0.0220429 
667 373 5 5 0.022041185 
497 153 10 12 0.022033889 
295 635 19 33 0.022028306 
305 677 8 13 0.022027928 
654 378 7 8 0.021990461 
294 754 7 14 0.021971965 
392 976 18 32 0.02193503 
700 697 35 55 0.021911774 
885 326 22 43 0.021904916 
224 639 8 12 0.021902226 
329 585 18 33 0.021899492 
275 846 79 108 0.02189417 
764 488 25 36 0.02189232 
673 354 62 52 0.0218841 
458 793 51 59 0.021881687 
477 206 13 16 0.021874543 
242 463 76 105 0.021871626 
191 692 6 9 0.0218683 
308 188 6 7 0.021822847 
299 922 76 118 0.021811865 
659 378 7 8 0.021809444 
786 454 8 9 0.021808922 
415 53 23 25 0.021806067 
478 457 25 33 0.021800369 
339 261 7 12 0.021763783 
656 958 17 24 0.02176213 
773 448 20 23 0.021756481 
727 273 11 13 0.021754539 
338 542 40 58 0.021752164 
320 411 7 10 0.021749089 
708 919 11 13 0.021742597 
345 26 6 9 0.021742122 
295 533 18 35 0.021738967 
341 580 20 32 0.021716503 
340 181 5 8 0.021709243 
363 555 8 12 0.021680892 
210 16 51 52 0.021674728 
293 397 6 9 0.021660909 
365 570 18 30 0.021654334 
399 65 5 6 0.021644734 
350 204 8 10 0.021604575 
386 508 6 11 0.021602152 
499 -2 8 6 0.02160125 
654 368 6 6 0.021597572 
453 957 29 40 0.021589277 
294 404 6 9 0.021585897 
502 415 47 63 0.02157507 
369 435 18 31 0.021550622 
304 200 4 7 0.02153662 
257 535 8 12 0.021528017 
534 55 12 15 0.021516817 
303 187 21 32 0.0215118 
494 -2 8 5 0.021504166 
757 537 25 37 0.021503178 
303 670 18 26 0.02149376 
405 685 20 32 0.021487439 
312 567 8 14 0.021478478 
409 927 78 117 0.02145852 
767 516 41 60 0.021452585 
295 892 18 32 0.021442022 
496 181 13 14 0.02143489 
334 440 33 52 0.02142339 
446 2 7 7 0.021421252 
669 961 10 20 0.021419754 
111 307 10 10 0.021413509 
325 882 9 14 0.021406373 
475 419 24 33 0.021374064 
390 963 11 16 0.021369098 
709 232 25 34 0.021358943 
492 668 49 50 0.021346191 
344 346 42 58 0.021338983 
253 405 77 108 0.021335686 
530 980 19 33 0.02132822 
583 691 95 124 0.02132056 
242 714 8 14 0.021306753 
217 697 7 13 0.021301046 
551 355 54 62 0.021294095 
685 361 7 6 0.021291336 
307 790 7 13 0.02128295 
289 5 9 12 0.02128183 
295 225 21 34 0.021244666 
294 497 18 27 0.021234268 
286 677 7 11 0.021232205 
447 239 9 16 0.021220567 
327 647 208 276 0.021209475 
319 942 7 11 0.021208894 
228 696 8 13 0.02120134 
694 370 29 26 0.021172846 
361 961 12 17 0.021155803 
320 651 6 11 0.021152597 
558 72 44 62 0.021145387 
233 632 9 16 0.02112288 
615 605 98 103 0.021121016 
645 400 12 13 0.021118363 
603 873 5 6 0.021114778 
508 926 70 109 0.021106027 
233 630 17 30 0.02109762 
351 511 19 32 0.021093309 
335 601 5 10 0.021088026 
354 240 10 16 0.021085132 
303 1 5 7 0.021067338 
470 979 11 20 0.021065226 
779 95 48 52 0.021048075 
333 210 7 13 0.021046305 
524 963 19 31 0.021035943 
332 173 8 11 0.021035893 
353 160 7 10 0.021034557 
283 201 6 7 0.021023273 
442 979 19 34 0.021019168 
371 421 6 11 0.021014782 
549 941 7 12 0.021009991 
344 480 20 34 0.021007642 
366 281 27 40 0.020989217 
781 506 7 12 0.020983286 
728 210 19 37 0.020968772 
897 273 17 34 0.020968119 
230 -10 21 27 0.020961711 
307 198 7 11 0.020942463 
290 201 4 6 0.02093497 
418 253 39 58 0.020933654 
204 -4 21 26 0.020933565 
368 238 19 29 0.02093107 
547 58 13 15 0.020924345 
593 628 40 51 0.02091401 
338 403 7 12 0.02089591 
287 429 6 10 0.020890877 
236 518 8 14 0.020888573 
587 875 9 10 0.02088815 
684 366 9 8 0.020885143 
345 9 8 14 0.020883495 
376 572 9 14 0.020878987 
377 654 96 99 0.020877741 
330 483 17 29 0.020872967 
246 244 78 101 0.020859756 
338 652 7 13 0.020850152 
511 829 39 71 0.020830171 
608 950 19 24 0.020828245 
238 711 6 9 0.020816255 
657 410 65 60 0.020813571 
332 192 6 10 0.02080247 
308 494 6 8 0.020799031 
594 876 7 8 0.020795047 
345 215 9 12 0.020791553 
372 252 21 33 0.020788454 
286 625 7 11 0.020765264 
461 637 17 12 0.020760031 
839 566 49 60 0.020727564 
358 193 8 10 0.020686943 
450 -21 25 23 0.020678746 
335 140 21 35 0.02066258 
304 192 5 7 0.020658039 
291 586 10 17 0.02065325 
313 529 8 13 0.020639349 
364 960 20 26 0.020638222 
296 437 16 26 0.020631148 
783 186 53 55 0.020614216 
651 391 10 11 0.020611694 
332 544 21 35 0.020602698 
236 502 8 12 0.020595934 
364 279 92 99 0.020582383 
346 193 7 10 0.020582138 
329 457 4 6 0.020577936 
692 355 6 5 0.020557698 
392 60 5 6 0.020551477 
549 980 9 17 0.020540323 
972 872 100 124 0.020527799 
320 638 7 12 0.02050484 
340 563 7 14 0.020496259 
172 279 50 58 0.020491961 
526 -1 6 5 0.020477265 
823 783 37 57 0.020470854 
319 564 8 15 0.020468548 
445 251 11 21 0.020465504 
661 369 4 4 0.020464448 
303 258 23 33 0.020463614 
217 535 7 12 0.020447364 
296 194 5 7 0.020444352 
361 664 23 37 0.020438287 
515 689 84 99 0.020425424 
558 955 6 9 0.020423386 
359 169 5 8 0.020411642 
360 190 44 58 0.020400196 
649 456 12 14 0.020392181 
356 37 24 27 0.020376105 
582 944 5 7 0.020372381 
240 503 20 29 0.020355316 
178 663 16 26 0.020347392 
212 735 19 36 0.020344445 
328 216 7 11 0.020342438 
342 421 16 26 0.020340161 
385 581 6 10 0.020332666 
335 525 15 29 0.020317381 
529 821 42 67 0.020312786 
374 451 17 35 0.020294508 
664 958 8 15 0.020283287 
447 -3 7 6 0.02028234 
236 511 41 60 0.020282155 
686 347 6 7 0.020271296 
-68 579 341 535 0.020271078 
289 640 6 10 0.020268565 
138 622 80 131 0.020267138 
276 657 90 129 0.020261765 
378 557 5 8 0.020259399 
417 0 26 30 0.02024195 
720 559 43 70 0.020235179 
319 536 7 13 0.020228287 
324 893 10 17 0.020228222 
286 708 8 14 0.020209441 
369 519 18 32 0.020206342 
503 -12 28 27 0.020206282 
497 494 12 19 0.020175451 
362 420 8 14 0.020168006 
459 154 49 56 0.02016549 
346 -4 18 22 0.02016078 
469 188 6 7 0.020156913 
303 205 5 10 0.02015217 
407 947 36 45 0.020133875 
316 467 6 9 0.020129554 
310 377 20 30 0.0201245 
324 194 10 18 0.02012057 
296 45 26 28 0.020117875 
213 323 83 94 0.020113867 
339 191 5 9 0.020101203 
190 809 110 134 0.020100402 
433 -22 23 23 0.02009469 
364 251 9 15 0.020091306 
789 754 82 114 0.0200888 
358 538 17 31 0.020084087 
236 704 17 31 0.02007552 
354 2 17 23 0.020074796 
352 648 19 31 0.02007462 
384 497 7 12 0.020069016 
333 -2 5 6 0.020066293 
699 348 6 6 0.020064995 
398 54 5 6 0.0200563 
419 36 23 28 0.020055342 
445 185 10 12 0.020039294 
333 567 8 15 0.020035882 
736 486 21 31 0.020021318 
179 685 6 10 0.020012135 
531 -1 5 5 0.020001877 
