18_Concerts_Concerts_18_251
33
404 284 217 306 0.9989207 
179 380 194 304 0.61543417 
239 279 281 345 0.15621743 
218 387 101 142 0.052857455 
713 1023 4 8 0.05217678 
294 970 7 13 0.050785597 
210 519 21 39 0.04689344 
705 784 5 7 0.043814495 
709 786 5 6 0.037842404 
381 1017 6 9 0.034210455 
697 812 5 8 0.02887239 
520 989 6 10 0.028720962 
645 1018 5 7 0.026954686 
342 1043 5 8 0.026705816 
703 1024 4 7 0.025565641 
386 502 343 406 0.025328357 
786 751 118 99 0.024910817 
720 1044 5 9 0.024536768 
527 1034 6 9 0.024506234 
341 1047 7 10 0.024335988 
264 1031 3 6 0.023857754 
720 1024 3 7 0.023754459 
712 1005 3 5 0.023570908 
713 1019 4 6 0.023389515 
284 1004 3 6 0.023200985 
287 923 6 9 0.022946898 
707 1000 3 5 0.022741655 
727 1019 3 5 0.022603258 
665 961 6 12 0.022387596 
703 1048 6 11 0.022085024 
721 1006 3 4 0.021710997 
708 1003 3 6 0.021351462 
678 1042 7 11 0.020114178 
