3_Riot_Riot_3_137
927
270 362 44 50 0.99945825 
488 321 39 58 0.99923646 
331 390 57 60 0.99887615 
653 352 60 60 0.9985611 
922 347 59 68 0.9982607 
62 387 37 43 0.9973769 
108 409 35 46 0.9972204 
922 315 31 33 0.994189 
970 321 29 35 0.9901411 
784 317 21 27 0.988305 
811 297 10 12 0.92570853 
898 328 24 24 0.9202084 
461 305 16 25 0.90940005 
775 315 20 25 0.88739765 
401 335 35 43 0.879253 
342 326 25 24 0.86520535 
232 318 12 15 0.8627008 
152 335 9 10 0.7449076 
670 300 16 17 0.7252002 
734 310 13 14 0.723058 
952 291 9 9 0.64903736 
527 310 10 13 0.615755 
947 280 7 9 0.5933746 
548 303 8 10 0.5898905 
608 293 7 9 0.51271516 
994 278 10 9 0.5028361 
761 291 8 9 0.46371073 
964 309 14 18 0.43564206 
230 299 5 6 0.35095918 
133 339 7 8 0.31426015 
385 336 20 24 0.3093757 
80 307 5 6 0.30559963 
965 274 6 7 0.29014274 
785 296 17 19 0.28656137 
374 314 10 12 0.27964327 
768 283 6 6 0.26288214 
1005 274 8 8 0.24740489 
828 274 5 6 0.24656779 
0 414 8 13 0.24171701 
745 308 9 12 0.2365825 
70 290 4 5 0.23196672 
665 294 7 8 0.2284037 
938 269 8 9 0.22773808 
110 313 5 5 0.21504655 
977 284 8 10 0.21164963 
417 295 4 6 0.20251024 
767 287 7 9 0.20002462 
41 307 4 5 0.19823965 
120 318 7 7 0.19392419 
259 335 13 16 0.19036014 
173 300 5 7 0.18548198 
588 295 6 8 0.1840528 
830 276 7 6 0.1815855 
102 325 7 6 0.18089257 
142 337 7 8 0.17973113 
32 314 5 7 0.17926697 
182 379 11 16 0.17550914 
200 296 5 6 0.17506784 
1017 330 8 12 0.17350778 
749 292 7 9 0.17252839 
86 288 4 3 0.17193735 
806 270 4 5 0.16582122 
202 288 4 5 0.16546738 
91 288 3 4 0.16349971 
174 295 5 6 0.15843418 
815 274 4 5 0.15800606 
90 325 7 7 0.15665597 
122 315 6 6 0.15447907 
583 289 6 8 0.15401147 
69 289 3 5 0.15295704 
168 300 5 6 0.15234488 
821 271 4 5 0.14954369 
224 280 4 5 0.14953756 
729 289 6 8 0.1484048 
189 317 8 9 0.1481194 
187 289 3 5 0.14623427 
908 274 8 10 0.14529398 
110 295 4 5 0.14484482 
775 282 6 6 0.14261746 
187 296 4 5 0.1405619 
236 301 5 5 0.14024492 
48 307 4 5 0.13703062 
205 288 4 5 0.13629784 
713 317 9 11 0.13620795 
437 300 4 6 0.13514835 
180 296 4 6 0.1350083 
872 380 23 25 0.13466214 
1010 288 8 8 0.13416828 
816 273 3 3 0.13368595 
558 278 3 4 0.12716533 
237 295 4 5 0.12456077 
787 282 6 7 0.12108672 
12 307 5 4 0.11693723 
78 291 4 4 0.1149294 
141 301 5 5 0.11477781 
1016 298 9 13 0.11432199 
146 337 9 8 0.1127762 
41 305 3 3 0.11188678 
171 288 3 5 0.11145572 
59 294 4 5 0.11051647 
169 295 4 6 0.109971754 
156 293 4 5 0.10949929 
134 306 5 5 0.10938521 
954 269 5 6 0.1089138 
553 283 3 4 0.10774535 
187 314 6 6 0.10741194 
891 270 5 5 0.10512675 
141 306 4 5 0.10464039 
20 312 6 6 0.104209766 
807 276 5 6 0.10382412 
188 300 4 5 0.10337913 
160 332 8 8 0.10304941 
248 299 5 7 0.102639504 
602 283 4 5 0.10242595 
111 310 4 5 0.10186529 
875 275 6 7 0.10094165 
588 287 5 8 0.10065959 
823 265 3 4 0.09971921 
179 300 4 5 0.0995728 
281 294 6 7 0.09945682 
847 276 5 5 0.09918846 
695 282 3 5 0.09835546 
174 289 4 5 0.097565815 
804 270 4 4 0.09744203 
426 295 3 4 0.09721143 
238 290 4 4 0.09705885 
819 274 5 5 0.09695882 
910 271 6 6 0.09681923 
401 302 7 8 0.09673975 
790 257 4 5 0.095759004 
441 309 6 11 0.095728755 
48 304 4 3 0.09488599 
669 287 4 6 0.09474019 
23 329 9 10 0.09436452 
181 308 5 5 0.09384873 
195 296 4 5 0.09322868 
249 295 5 7 0.09216221 
99 302 4 4 0.09194437 
122 289 4 5 0.09165203 
238 306 5 7 0.091254815 
1019 269 5 7 0.08958327 
737 293 6 7 0.08884534 
278 295 4 6 0.088606715 
695 277 3 4 0.08857372 
156 303 4 4 0.08851397 
337 327 16 16 0.088387355 
73 314 5 5 0.08833227 
137 302 4 5 0.08813174 
31 357 18 25 0.08786801 
72 308 5 5 0.08740831 
212 297 5 5 0.08736122 
163 309 3 5 0.08705001 
247 296 4 5 0.08704918 
131 306 4 5 0.086965434 
203 364 27 26 0.08675239 
157 290 4 5 0.08640972 
599 281 4 5 0.085751 
802 277 5 5 0.08550145 
199 300 5 5 0.08547868 
552 288 4 5 0.0854304 
160 288 4 5 0.08464385 
842 292 8 10 0.084445044 
137 296 4 5 0.08362019 
578 288 6 7 0.08346872 
194 300 5 5 0.08328074 
985 274 6 6 0.082171105 
851 275 6 6 0.081680186 
808 280 5 7 0.08167837 
78 295 4 4 0.08068674 
890 275 5 5 0.08063534 
224 312 7 7 0.08059717 
204 296 5 5 0.08007007 
25 314 6 6 0.07996666 
131 303 4 5 0.07955526 
725 288 6 7 0.079320915 
72 294 4 4 0.078953415 
150 308 4 5 0.07841288 
257 337 22 26 0.0776003 
972 286 7 9 0.07747126 
980 273 5 6 0.07737542 
566 295 5 8 0.07684628 
914 375 6 8 0.076671176 
162 303 4 4 0.07655169 
142 296 4 6 0.075990625 
742 294 7 8 0.075727224 
747 297 9 10 0.07528881 
161 294 4 5 0.07527755 
149 303 3 5 0.07510609 
80 303 4 4 0.07503121 
34 309 4 4 0.074961334 
64 315 5 5 0.07461008 
669 284 3 3 0.07454396 
735 281 5 6 0.07405812 
563 298 7 9 0.07394732 
52 302 3 4 0.073869936 
10 308 3 4 0.07328009 
826 264 3 5 0.073186845 
853 296 13 14 0.07272782 
110 326 5 7 0.07246148 
719 283 3 4 0.072289675 
35 304 3 3 0.072162405 
688 278 3 4 0.07210772 
974 274 5 6 0.07199248 
594 306 6 8 0.07188175 
222 281 3 4 0.07178487 
149 313 6 6 0.07165723 
234 278 4 5 0.07111939 
134 289 5 5 0.07093804 
229 296 4 4 0.07081455 
717 305 7 8 0.07080484 
866 271 5 5 0.07048627 
233 291 4 4 0.07040076 
752 309 9 12 0.06984468 
206 301 5 5 0.06971303 
7 303 4 4 0.06962587 
559 281 3 5 0.069482006 
21 310 4 4 0.06917336 
534 289 4 4 0.06916374 
526 287 4 5 0.06909594 
795 257 3 5 0.06890427 
309 283 3 5 0.06852198 
40 313 4 6 0.0683285 
155 309 4 4 0.068316266 
537 300 5 6 0.068033315 
827 272 4 4 0.06800978 
654 282 5 5 0.06798492 
211 301 6 5 0.06755652 
90 296 4 4 0.06705459 
104 295 4 5 0.066960655 
721 304 8 10 0.06686622 
130 338 6 7 0.06614131 
732 283 5 5 0.065919794 
123 294 5 5 0.06549185 
165 307 5 6 0.065315984 
565 284 4 4 0.06530722 
750 276 5 5 0.06520137 
555 279 2 3 0.06513457 
793 235 5 6 0.065013394 
65 307 5 6 0.06493747 
72 303 4 4 0.06460279 
53 297 4 4 0.06453406 
146 350 10 9 0.064337924 
195 289 4 5 0.06394094 
225 289 4 5 0.063889675 
130 295 4 5 0.0637649 
896 281 6 7 0.0634712 
99 290 3 4 0.063374266 
568 278 3 4 0.06292453 
143 325 6 6 0.062883 
725 283 3 5 0.06281048 
661 284 4 4 0.062807836 
65 302 4 5 0.06270275 
45 320 6 7 0.061992634 
566 287 4 6 0.061851498 
227 309 4 5 0.061842784 
751 271 4 4 0.061804116 
288 297 5 5 0.061802372 
139 314 6 6 0.061694793 
98 316 4 5 0.061133325 
263 301 5 6 0.0607814 
741 298 8 9 0.06042863 
698 282 4 6 0.0602231 
551 293 5 6 0.06009454 
856 275 6 6 0.060053505 
104 290 3 4 0.059672195 
431 294 3 4 0.059647676 
202 285 2 4 0.059500225 
897 275 5 6 0.059476815 
91 302 4 4 0.059328884 
112 290 3 4 0.059273902 
67 295 3 4 0.05889844 
117 319 6 6 0.058761623 
272 296 4 5 0.058707636 
142 320 5 7 0.058473736 
92 308 4 4 0.058127236 
117 314 5 6 0.058106642 
105 314 4 5 0.058067184 
59 309 5 5 0.057985768 
955 263 5 5 0.05789538 
99 296 3 4 0.057844255 
11 315 6 6 0.05756934 
131 289 4 5 0.0575388 
302 295 4 6 0.057413258 
150 347 14 12 0.057386994 
733 272 3 4 0.057319704 
709 305 7 10 0.057270538 
152 313 6 6 0.057194743 
727 271 3 4 0.056866974 
868 294 12 17 0.056718707 
128 314 5 6 0.056541026 
548 284 3 3 0.056353685 
329 289 3 4 0.056311775 
108 319 6 6 0.05628834 
658 294 7 8 0.05604863 
162 313 4 4 0.05593926 
725 292 6 8 0.055870514 
234 314 9 11 0.055720363 
63 319 6 6 0.055614665 
594 293 5 8 0.05559848 
146 326 6 6 0.05557012 
149 294 4 5 0.055542476 
124 309 4 5 0.055535622 
413 296 4 4 0.055523686 
119 290 3 5 0.05529732 
317 288 4 5 0.055272594 
791 232 4 5 0.05526784 
715 284 3 5 0.05526714 
708 320 11 13 0.05494593 
311 311 9 12 0.05485975 
259 302 3 5 0.054838743 
570 278 3 4 0.05481905 
438 298 3 4 0.054524355 
92 286 3 3 0.054383866 
49 298 3 3 0.0543119 
792 286 7 9 0.05426807 
341 312 7 8 0.054218467 
920 268 6 6 0.053944062 
262 311 9 10 0.053923342 
98 307 4 5 0.053840607 
329 295 4 5 0.05368839 
168 313 4 5 0.053676683 
794 269 5 5 0.05365629 
98 319 5 5 0.053656183 
136 314 5 6 0.053575456 
179 312 6 6 0.0533907 
681 285 3 3 0.053339634 
917 269 5 6 0.053313974 
735 298 9 10 0.053291038 
574 301 7 7 0.053142432 
242 312 6 8 0.053015746 
787 285 8 8 0.052750558 
245 287 4 6 0.052728765 
745 276 4 5 0.052700378 
246 284 3 5 0.05256362 
886 276 4 5 0.052421853 
570 299 6 8 0.05237437 
718 294 4 6 0.05231543 
949 269 5 5 0.05228138 
710 311 9 11 0.052229065 
59 314 4 5 0.052176002 
598 277 3 5 0.05215099 
848 243 3 5 0.05211546 
591 282 3 5 0.052044623 
540 289 3 4 0.052006163 
966 271 6 5 0.051996022 
284 300 6 8 0.051705085 
611 282 3 5 0.051676176 
579 292 5 8 0.051636357 
112 361 11 17 0.051504936 
77 313 5 6 0.05142484 
758 270 3 4 0.05130899 
87 296 3 4 0.051264256 
711 301 5 6 0.051190186 
90 321 5 6 0.051068246 
419 293 3 3 0.05103676 
145 333 8 8 0.050807737 
796 265 3 4 0.05075184 
886 270 4 4 0.050734296 
727 276 3 5 0.050712455 
878 270 3 4 0.050481632 
815 347 12 19 0.050398584 
897 271 4 5 0.050328605 
11 438 13 16 0.05023966 
139 343 9 9 0.04989805 
317 284 3 4 0.049684852 
8 318 6 7 0.049548108 
962 315 20 26 0.04952629 
718 288 4 5 0.049503945 
570 282 4 5 0.049466204 
752 333 18 21 0.049337525 
679 287 5 5 0.04929116 
735 276 5 4 0.04923028 
665 323 10 12 0.049170546 
795 276 4 5 0.049160447 
801 279 5 7 0.049035177 
185 308 5 5 0.04897982 
893 296 15 16 0.04896408 
438 307 5 7 0.048962742 
733 275 4 5 0.048847917 
182 290 3 4 0.048666194 
442 301 4 6 0.04866187 
329 284 3 4 0.04836253 
763 282 5 6 0.048334517 
728 313 12 15 0.048212733 
62 325 7 7 0.048142206 
793 233 4 4 0.04797022 
759 358 12 19 0.047876332 
774 285 6 8 0.047813985 
669 279 2 3 0.04779302 
811 287 8 9 0.047680736 
585 283 4 5 0.047539227 
126 364 12 18 0.047324564 
559 293 5 7 0.04722875 
755 289 7 7 0.04722177 
890 279 6 8 0.0471116 
282 304 8 10 0.047101326 
233 280 4 5 0.046852812 
404 297 4 4 0.04679346 
27 309 4 4 0.046774026 
776 277 4 4 0.04673544 
568 288 5 6 0.046649788 
719 277 3 4 0.046573162 
231 313 7 8 0.046562653 
660 287 4 6 0.046500668 
174 314 4 5 0.046470013 
563 308 9 13 0.046469398 
428 312 6 8 0.046299193 
746 272 3 3 0.046256486 
355 310 4 5 0.046208736 
943 280 7 8 0.04606148 
174 307 4 5 0.04600202 
323 284 3 4 0.04599838 
570 304 9 12 0.045904394 
188 284 3 4 0.04585192 
717 302 6 7 0.045831 
687 283 3 4 0.04561114 
669 294 9 10 0.045575883 
238 281 4 5 0.04532903 
59 302 5 5 0.04523609 
528 285 3 4 0.04517754 
771 276 4 5 0.04514082 
162 284 3 4 0.044978052 
866 274 5 6 0.04495433 
782 276 4 5 0.04452524 
431 293 3 3 0.044505913 
533 295 5 6 0.044489633 
82 313 6 6 0.04436006 
117 294 4 5 0.04430816 
169 284 3 4 0.044057816 
210 305 7 7 0.043973733 
591 278 3 4 0.04374781 
153 328 6 6 0.04371001 
58 320 6 6 0.04362015 
749 281 5 6 0.043465808 
30 304 3 3 0.043458037 
115 309 5 5 0.043444064 
656 278 3 4 0.043401144 
235 277 5 5 0.04339898 
286 304 8 11 0.043388512 
541 286 2 3 0.043337315 
763 271 4 4 0.043298483 
296 296 5 6 0.043285973 
579 284 4 4 0.043199737 
720 271 3 4 0.04304334 
104 308 4 5 0.042991854 
995 282 10 13 0.042802595 
612 277 2 4 0.04280047 
3 355 12 13 0.04259566 
222 278 3 5 0.0425513 
533 299 6 8 0.042467423 
654 287 6 7 0.042431563 
103 302 4 5 0.04234135 
790 270 4 5 0.04224314 
274 307 6 8 0.042132623 
735 289 6 6 0.041836657 
745 282 4 5 0.04178713 
539 295 4 5 0.041773383 
546 301 6 8 0.04171214 
222 319 7 7 0.041707985 
1004 291 8 10 0.041686732 
698 277 3 4 0.04158974 
596 289 4 6 0.041464947 
14 303 4 4 0.041376304 
0 312 5 7 0.041214444 
628 282 4 5 0.041197505 
218 296 4 5 0.040949583 
872 271 4 4 0.04071958 
379 302 4 5 0.040669087 
151 290 3 4 0.040501676 
125 332 7 8 0.040501527 
277 288 4 5 0.040499855 
603 294 5 8 0.0404489 
1005 300 7 9 0.040336654 
655 324 11 13 0.039928198 
742 289 6 6 0.03992722 
123 301 4 6 0.03987054 
999 270 7 6 0.03986777 
426 293 3 3 0.03983812 
737 272 3 4 0.039796293 
622 281 4 5 0.03969973 
3 303 4 5 0.03967583 
270 300 5 6 0.039561022 
841 282 4 5 0.03939998 
258 323 13 15 0.03937156 
582 332 19 26 0.039199747 
365 313 6 6 0.039172534 
821 258 4 4 0.039148886 
781 282 4 6 0.039148428 
166 328 5 7 0.03906592 
534 285 3 4 0.03898968 
193 308 5 5 0.038953803 
214 284 3 4 0.038746372 
92 315 4 5 0.03872345 
813 282 5 5 0.038717806 
86 320 5 5 0.038677506 
345 308 5 6 0.038660266 
335 294 4 6 0.03857291 
1002 277 10 10 0.038522456 
603 277 3 4 0.038460266 
400 297 4 4 0.038411945 
176 284 3 4 0.038344823 
162 328 5 6 0.03831833 
113 327 7 7 0.038194932 
69 326 6 5 0.038108803 
341 308 6 6 0.03810443 
258 307 4 6 0.038071364 
339 363 22 26 0.037947796 
721 323 11 13 0.037933856 
844 288 6 7 0.03791058 
763 276 4 5 0.03790278 
357 308 6 5 0.037831794 
713 296 3 5 0.037764825 
771 272 3 4 0.037633754 
1008 279 9 9 0.037482265 
987 271 5 5 0.037459277 
424 302 4 5 0.037447978 
545 295 4 5 0.03735212 
337 289 2 5 0.03730077 
195 284 3 4 0.03723613 
230 307 5 6 0.037198797 
44 314 5 5 0.037131842 
219 302 3 5 0.037063554 
189 336 10 13 0.036991328 
322 288 3 4 0.036953676 
123 283 4 5 0.036902312 
526 295 5 6 0.03688963 
443 296 3 4 0.036849808 
255 330 11 13 0.03684946 
310 322 13 17 0.0368339 
721 317 10 12 0.036833115 
820 282 5 5 0.036790974 
52 314 5 6 0.036588967 
961 264 4 5 0.03654885 
905 274 7 7 0.036400363 
366 308 5 5 0.036335703 
94 326 6 6 0.036322445 
52 331 8 9 0.036246795 
356 312 7 7 0.036225487 
1018 273 6 8 0.03622276 
714 287 3 5 0.0361538 
910 322 26 30 0.036117084 
968 286 8 8 0.036090974 
19 319 6 7 0.036053956 
1004 270 7 6 0.036008134 
892 266 3 4 0.035961777 
624 279 3 3 0.035854764 
50 319 6 7 0.035793226 
142 289 4 5 0.03578116 
817 266 3 3 0.035601977 
955 258 4 5 0.03558447 
693 286 5 7 0.03554304 
174 326 6 8 0.035505254 
780 294 7 7 0.03544831 
112 330 9 10 0.035444915 
315 295 4 5 0.035383474 
110 301 4 5 0.035377916 
822 321 10 14 0.035228927 
731 295 18 20 0.03521957 
617 283 4 4 0.03519198 
772 292 7 9 0.035159465 
269 307 7 8 0.035112895 
958 297 9 9 0.034974184 
1012 270 6 5 0.034947857 
1 307 4 5 0.034863513 
831 279 6 7 0.034851704 
341 287 3 5 0.034808237 
948 284 8 11 0.03475615 
309 287 4 6 0.03466546 
557 288 4 6 0.03465593 
687 293 6 8 0.034553718 
780 287 6 6 0.0345172 
985 280 7 8 0.034509286 
254 339 11 14 0.034485035 
182 284 3 4 0.034449052 
721 310 9 11 0.034442306 
110 331 7 7 0.03443931 
933 291 11 14 0.034374766 
905 271 5 4 0.034328777 
331 300 5 7 0.034321282 
294 299 6 7 0.034227543 
760 304 7 11 0.03417828 
207 306 6 6 0.034142796 
808 265 4 4 0.034122147 
777 271 3 4 0.033967853 
727 298 9 10 0.03396491 
221 290 4 3 0.033959102 
961 270 5 6 0.033955127 
535 305 7 10 0.033846237 
847 281 5 6 0.033632226 
621 304 20 23 0.03353285 
816 292 9 11 0.033433706 
547 289 3 4 0.033407208 
199 313 6 6 0.033296864 
1004 286 9 10 0.033262093 
71 321 5 5 0.033163678 
680 278 3 3 0.033117067 
949 264 4 5 0.03295729 
190 331 8 10 0.03278417 
378 338 8 10 0.032728143 
260 315 11 13 0.032674685 
902 279 8 9 0.032638144 
204 320 7 8 0.032623813 
833 327 15 16 0.03262363 
755 281 6 6 0.032612227 
712 300 16 20 0.032589536 
889 303 20 23 0.032566704 
547 308 11 13 0.032493975 
788 276 4 5 0.032448158 
431 302 4 5 0.03228453 
198 320 7 8 0.032281782 
264 296 4 5 0.032276906 
200 308 4 5 0.032189697 
779 298 10 11 0.032188397 
674 284 3 4 0.0320624 
847 272 4 4 0.03202219 
271 289 4 5 0.031922806 
205 313 6 7 0.031907972 
938 286 8 10 0.03180371 
570 329 22 28 0.031750154 
941 264 6 5 0.031746756 
589 305 7 9 0.031746384 
514 296 4 5 0.031737182 
849 280 7 7 0.031708308 
793 282 5 5 0.03169528 
802 265 3 3 0.03166194 
213 288 4 5 0.03146848 
392 301 4 5 0.03139172 
802 258 3 4 0.03132712 
243 308 4 6 0.031294253 
127 318 6 7 0.03128659 
117 301 4 6 0.031260412 
94 339 10 8 0.031237708 
40 425 6 11 0.031180521 
548 315 12 16 0.031148316 
335 313 6 7 0.031109234 
675 278 3 3 0.03100978 
819 288 7 8 0.03098416 
875 278 7 9 0.03087467 
207 285 3 4 0.030841585 
644 305 9 12 0.030610548 
87 343 12 11 0.030573398 
258 296 4 5 0.030506764 
636 282 3 4 0.03044175 
80 350 9 10 0.030389251 
210 312 7 9 0.030367143 
304 282 4 5 0.030314902 
850 293 11 12 0.030212518 
687 289 4 5 0.02995497 
574 309 9 11 0.029953457 
830 250 2 4 0.029850328 
698 286 5 6 0.029847989 
212 317 7 9 0.029837567 
42 298 3 3 0.029761907 
840 277 5 5 0.029744988 
342 296 4 5 0.029657088 
529 340 10 15 0.029455597 
337 318 11 11 0.02943712 
529 338 19 27 0.029422764 
871 279 7 8 0.029404875 
953 273 6 8 0.029281273 
217 318 6 9 0.029276827 
310 296 4 5 0.02917121 
661 278 3 4 0.029148322 
629 278 3 4 0.029105823 
189 323 9 11 0.029067798 
910 293 14 16 0.029006815 
147 321 5 6 0.028929435 
198 348 22 31 0.02887778 
475 290 3 4 0.028816583 
275 283 5 6 0.02878984 
202 332 8 10 0.028779803 
241 318 8 12 0.028753156 
948 255 5 7 0.02872462 
0 334 7 12 0.028658636 
95 333 7 6 0.028562875 
704 309 9 13 0.028520549 
24 319 6 6 0.028408311 
756 277 5 5 0.028370654 
519 295 4 5 0.028272726 
318 310 9 10 0.028264822 
884 279 6 7 0.028230758 
620 306 9 12 0.028193656 
975 272 4 4 0.028077532 
162 321 4 5 0.028058112 
853 272 4 5 0.028049285 
728 306 9 11 0.027887277 
174 332 5 7 0.02787269 
35 298 3 3 0.027857533 
515 284 3 3 0.027798438 
252 338 6 9 0.027750831 
175 319 5 6 0.027738836 
-4 404 18 22 0.027737081 
168 320 4 6 0.027691519 
515 290 3 4 0.027675834 
860 299 19 20 0.027483229 
310 332 15 19 0.027418584 
224 323 9 10 0.027408103 
558 299 6 8 0.027362097 
967 265 4 4 0.02724659 
852 244 3 4 0.027135229 
305 313 11 13 0.02712278 
190 248 3 7 0.027114099 
85 302 4 5 0.027065417 
857 280 6 7 0.027004704 
623 288 4 5 0.02699383 
633 304 69 89 0.026942972 
343 317 9 10 0.026856914 
1002 293 19 23 0.026769647 
879 266 3 4 0.026763456 
602 271 4 5 0.026753832 
264 290 4 4 0.02672928 
359 301 4 5 0.026597356 
956 286 9 10 0.026498806 
518 300 6 7 0.026457964 
912 302 14 15 0.026383953 
10 298 3 4 0.026376761 
942 257 6 5 0.02627363 
360 297 3 4 0.02626286 
565 303 17 21 0.02620351 
627 287 5 6 0.026194798 
554 272 2 3 0.026166715 
669 338 10 12 0.026048128 
332 308 6 6 0.025985114 
659 304 7 10 0.025968311 
828 258 3 4 0.02593151 
391 331 15 17 0.025928726 
521 290 3 4 0.025888473 
78 320 4 5 0.025852717 
60 292 3 4 0.025833312 
355 300 4 5 0.025815805 
591 270 4 5 0.025770877 
684 298 9 11 0.02573675 
412 301 4 6 0.025724752 
583 299 6 8 0.025723977 
271 283 5 5 0.025715651 
73 286 3 3 0.025710974 
714 277 3 4 0.025691206 
12 326 6 8 0.025434913 
719 287 17 19 0.02538031 
249 306 6 7 0.025353901 
738 308 18 22 0.025290478 
548 279 2 3 0.025277741 
918 294 13 15 0.02526003 
704 317 10 12 0.02525426 
136 284 4 4 0.025174487 
861 292 13 14 0.025173062 
619 299 7 9 0.025171833 
300 300 6 7 0.02516742 
281 289 5 6 0.025121521 
145 410 20 36 0.02504081 
303 290 4 5 0.025040492 
323 295 3 5 0.024985733 
919 258 3 4 0.02490289 
617 278 3 4 0.0248531 
429 307 5 6 0.024829695 
126 327 6 7 0.024824915 
887 246 2 3 0.024793113 
783 271 3 4 0.024758143 
578 276 3 5 0.02467846 
309 299 6 8 0.024596768 
250 289 4 5 0.024591587 
1014 326 17 25 0.024587324 
603 300 5 8 0.02455663 
868 287 11 12 0.02453298 
892 244 3 5 0.02445548 
49 326 8 8 0.024453387 
218 313 6 8 0.02441747 
117 363 13 19 0.02430521 
131 284 3 4 0.02429102 
887 266 3 3 0.024287561 
277 300 4 5 0.024282033 
720 263 3 4 0.02426922 
386 303 4 4 0.024116255 
1018 280 7 8 0.024086311 
342 301 4 5 0.024069242 
171 356 8 11 0.024064941 
962 299 11 11 0.0240446 
706 300 6 10 0.023991955 
936 264 5 5 0.023975138 
886 318 21 29 0.023921631 
536 311 7 11 0.023831079 
279 318 8 9 0.023792196 
646 294 6 8 0.023735335 
356 297 3 4 0.023729904 
40 320 6 6 0.02368924 
778 300 18 25 0.023688767 
738 288 17 19 0.023674928 
629 293 5 8 0.023644246 
629 272 4 3 0.023619035 
86 357 10 10 0.02361379 
78 328 5 5 0.02358493 
586 278 3 3 0.02355654 
940 315 23 28 0.023505865 
425 306 4 6 0.023504734 
280 309 9 12 0.023476537 
1020 265 5 5 0.023447273 
635 278 4 3 0.02344691 
758 -300 410 334 0.023407897 
393 299 3 3 0.0233908 
751 298 9 11 0.023348682 
664 303 11 12 0.02334407 
922 265 4 5 0.02329104 
144 345 10 9 0.02327517 
726 265 3 3 0.023220642 
903 307 22 23 0.023219453 
725 297 27 38 0.023213375 
104 365 18 26 0.023185605 
817 311 10 13 0.023163313 
677 296 8 9 0.023162099 
929 270 5 4 0.023139432 
725 327 12 14 0.023065014 
524 300 7 8 0.023060715 
840 289 6 6 0.022952944 
355 335 21 26 0.022919046 
789 226 3 4 0.022912655 
153 319 5 6 0.02289556 
1014 294 17 26 0.022893341 
439 291 2 3 0.02284843 
234 349 10 13 0.022840116 
211 323 8 10 0.022839122 
217 269 4 5 0.022836894 
178 320 6 7 0.0228021 
874 286 9 10 0.02272318 
773 299 8 9 0.02271927 
851 286 7 8 0.022698555 
848 239 3 5 0.022661928 
602 286 4 6 0.022633953 
623 294 5 7 0.022609085 
760 287 15 18 0.022606723 
20 325 9 9 0.022593016 
611 272 3 3 0.022473505 
816 258 3 4 0.022450738 
507 290 4 4 0.022444788 
414 293 2 3 0.022430161 
112 343 9 11 0.022429094 
959 304 12 14 0.022402769 
559 272 3 4 0.022396173 
87 349 10 10 0.022373494 
870 301 19 26 0.022342758 
104 50 6 9 0.022332603 
824 321 18 20 0.02228736 
704 282 5 6 0.022213556 
797 287 7 8 0.022202086 
101 339 9 7 0.022182917 
292 341 12 15 0.022144265 
624 272 4 3 0.022102507 
158 284 3 4 0.022097224 
1 438 19 27 0.022086909 
147 338 19 17 0.022072822 
833 271 4 4 0.022063278 
667 317 13 14 0.021989862 
919 250 3 4 0.021941544 
897 281 19 20 0.02190417 
556 312 7 10 0.02189461 
712 326 12 15 0.021652864 
934 280 8 9 0.021628702 
292 305 8 9 0.021620996 
309 279 3 3 0.021568544 
178 325 6 8 0.021531707 
79 285 3 4 0.02151319 
635 272 4 3 0.021459809 
621 298 43 58 0.021447532 
386 307 4 5 0.021426966 
614 298 6 10 0.02136071 
689 270 3 4 0.021353204 
875 266 3 4 0.021335471 
135 334 5 6 0.021314899 
84 326 6 6 0.021314753 
826 281 5 6 0.021301094 
654 297 7 9 0.021297567 
142 75 5 6 0.02126157 
828 246 3 4 0.021252034 
651 78 2 5 0.02122533 
806 291 10 12 0.021209596 
640 282 4 5 0.021175234 
377 356 11 11 0.021172969 
751 265 3 3 0.021168528 
929 264 4 4 0.021167662 
966 281 7 7 0.021154625 
196 355 12 21 0.021145444 
895 283 9 11 0.021127285 
983 379 7 11 0.02110322 
920 246 2 4 0.021096842 
1001 330 9 11 0.02109635 
376 332 7 8 0.021066759 
507 295 5 5 0.021061692 
848 300 13 15 0.021036498 
594 310 7 11 0.02102694 
257 313 7 8 0.021024186 
89 331 8 8 0.021024127 
79 355 22 22 0.021018133 
598 271 3 5 0.020953316 
757 265 3 3 0.0209471 
646 314 20 26 0.020902097 
336 285 2 3 0.02089621 
649 288 5 6 0.020865805 
209 337 10 10 0.020835485 
568 316 9 14 0.020833926 
824 294 6 7 0.020803919 
249 312 6 9 0.020761756 
346 302 5 5 0.020756207 
210 332 8 9 0.020724691 
911 265 4 4 0.020623878 
633 294 5 7 0.020600554 
192 356 8 13 0.020515462 
992 270 6 5 0.02051176 
48 337 12 10 0.02048757 
204 340 24 26 0.020462811 
15 297 3 4 0.02046026 
54 290 3 4 0.020429723 
172 348 8 10 0.02040368 
693 271 3 4 0.020392884 
99 285 3 3 0.020385241 
686 101 4 8 0.020381022 
392 308 4 5 0.020373344 
582 304 8 10 0.020366631 
635 304 18 23 0.020332685 
649 283 4 5 0.020306747 
715 271 3 4 0.020254426 
973 281 6 7 0.0202095 
45 324 7 8 0.020170433 
53 345 10 9 0.020137575 
156 349 20 24 0.02013117 
7 326 6 7 0.02011196 
960 281 7 8 0.020087613 
1017 287 8 9 0.020040216 
1012 265 5 4 0.020028701 
