3_Riot_Riot_3_710
534
0 193 27 33 0.99769646 
614 81 61 56 0.99594927 
495 179 59 68 0.99592113 
295 69 41 65 0.41873178 
741 18 37 52 0.34170893 
152 199 13 14 0.31915033 
99 206 13 12 0.19251767 
46 428 28 20 0.15965578 
30 185 24 23 0.15140481 
76 192 9 11 0.14181395 
67 188 13 13 0.13329826 
987 226 55 52 0.128614 
355 222 55 49 0.103476614 
144 175 4 6 0.08519667 
0 412 7 18 0.08098312 
39 183 13 12 0.080886744 
351 519 8 11 0.077011555 
607 193 107 88 0.07530596 
904 405 78 93 0.07305873 
34 198 15 19 0.070109315 
73 187 9 9 0.06910553 
232 106 41 45 0.06866395 
367 199 52 50 0.06851059 
249 283 27 28 0.06784931 
124 204 13 13 0.06737986 
-17 -166 175 161 0.066657335 
70 183 7 8 0.06405257 
295 658 34 26 0.061964564 
309 98 22 38 0.059721846 
593 248 44 47 0.058580834 
668 163 73 86 0.058280114 
729 197 54 47 0.058126893 
62 185 10 13 0.05711128 
994 27 35 30 0.056941833 
144 201 13 14 0.05636322 
255 71 72 85 0.054245636 
157 151 3 4 0.05331668 
644 236 33 31 0.05205134 
262 360 71 88 0.051205367 
155 145 3 4 0.04965797 
962 146 83 84 0.047999486 
736 1 80 81 0.04770932 
672 559 42 51 0.046626516 
524 115 35 27 0.04509603 
77 183 5 5 0.044473395 
561 126 45 47 0.043538794 
446 433 95 109 0.043371465 
798 41 45 43 0.04315648 
133 187 6 7 0.04284143 
70 189 19 20 0.042662024 
966 167 37 31 0.042452417 
615 227 28 36 0.041899085 
83 187 8 8 0.041755624 
46 202 13 15 0.0414868 
246 479 21 35 0.041409466 
64 183 7 8 0.041130714 
92 171 4 4 0.04112977 
124 212 16 16 0.040948268 
236 92 24 24 0.04067176 
67 177 4 5 0.040486764 
601 208 26 28 0.04043553 
255 115 26 31 0.039572187 
80 195 10 11 0.039340496 
531 143 43 50 0.038926754 
148 175 4 6 0.038352933 
81 171 3 4 0.038208403 
143 181 4 5 0.037841283 
150 145 3 4 0.037471056 
114 195 5 6 0.037468143 
85 177 3 4 0.03743279 
817 30 58 44 0.037254885 
212 95 41 50 0.03721328 
593 229 27 33 0.03704608 
157 165 3 4 0.036736075 
13 503 31 23 0.03669758 
85 182 4 6 0.036526408 
57 188 10 14 0.036383174 
71 177 4 5 0.036287248 
104 205 34 34 0.036231756 
81 178 3 3 0.036102753 
324 177 51 61 0.035891946 
972 184 32 27 0.035470042 
847 -179 260 165 0.035329983 
88 193 8 10 0.03530357 
553 137 28 29 0.03524817 
98 171 3 3 0.035137445 
451 153 22 29 0.035037268 
220 99 14 15 0.034514785 
28 179 15 16 0.034433495 
914 36 30 37 0.034215108 
762 111 55 53 0.033912897 
541 473 47 50 0.03387732 
118 417 28 26 0.033831153 
316 73 25 39 0.033487003 
182 102 3 4 0.03338994 
135 183 4 5 0.03321774 
572 103 3 2 0.032938965 
144 172 3 4 0.032606933 
130 171 3 3 0.032386795 
173 335 6 6 0.032373693 
805 67 35 27 0.032300867 
173 343 6 6 0.032299068 
77 205 8 12 0.03219294 
53 203 13 15 0.031980652 
132 164 2 3 0.03184752 
94 419 17 13 0.03182087 
60 205 10 12 0.03144542 
755 142 55 49 0.031408943 
954 85 24 23 0.03120126 
270 135 100 86 0.03119777 
191 93 6 6 0.03089881 
698 384 8 12 0.030851832 
142 188 5 7 0.030737922 
1004 64 7 7 0.030690698 
294 197 52 69 0.030593332 
49 183 33 42 0.030565472 
974 244 54 60 0.030562632 
157 139 3 3 0.030558266 
747 47 50 54 0.030437592 
102 224 27 32 0.030338107 
258 262 24 28 0.030227583 
161 152 3 4 0.030224482 
105 201 21 20 0.030186009 
150 152 3 4 0.030127445 
710 142 38 47 0.030099848 
616 274 14 16 0.030018048 
37 169 7 7 0.030010492 
597 189 26 29 0.029982643 
923 291 65 75 0.029914903 
150 138 3 3 0.029838964 
113 199 8 8 0.029721828 
132 184 3 5 0.029662658 
972 208 55 50 0.029639184 
528 101 4 4 0.029598774 
148 188 5 7 0.02956051 
928 502 6 5 0.029424425 
998 75 30 27 0.029419143 
96 207 22 22 0.029329384 
968 351 23 27 0.02922742 
596 202 53 49 0.02920167 
515 107 3 4 0.029118642 
377 193 32 29 0.029070964 
1001 66 6 5 0.02898138 
133 191 8 9 0.028895598 
112 205 10 11 0.028791461 
517 131 32 30 0.028740566 
317 87 12 21 0.028697018 
934 37 26 33 0.028631875 
205 105 6 6 0.028624099 
27 191 33 41 0.028563969 
183 105 3 4 0.028547259 
137 178 3 3 0.028469618 
196 303 22 25 0.028445868 
991 60 7 7 0.028307566 
316 0 3 3 0.028217105 
282 115 28 25 0.028214097 
38 346 34 53 0.028199704 
660 423 26 33 0.028185178 
177 329 7 8 0.028163895 
688 370 20 33 0.028086578 
358 136 27 24 0.0278863 
500 436 86 103 0.027860148 
200 123 107 123 0.027807364 
955 197 13 10 0.027751999 
332 379 6 9 0.027727604 
133 197 23 23 0.027719373 
59 175 4 5 0.027502954 
118 130 4 5 0.027371934 
544 124 17 17 0.027347066 
131 159 3 4 0.027233677 
160 175 5 6 0.02720607 
116 354 28 23 0.027190367 
156 170 3 4 0.027155321 
70 210 21 29 0.027153885 
980 202 31 29 0.027140897 
706 367 4 7 0.027117569 
168 171 4 5 0.027106073 
149 181 4 6 0.02710161 
663 390 25 27 0.02696873 
960 336 7 8 0.026907844 
195 601 26 30 0.02687952 
100 319 79 81 0.026816918 
132 396 34 25 0.026775388 
143 138 3 3 0.026725415 
555 141 11 11 0.026702218 
378 449 27 31 0.026671935 
252 458 21 27 0.026668543 
162 138 3 5 0.026658952 
472 478 50 73 0.026614083 
-6 -184 61 146 0.026588196 
373 155 25 23 0.026560117 
702 395 7 13 0.026506651 
711 222 30 36 0.026455063 
988 88 5 5 0.026413297 
706 361 4 5 0.026347034 
172 358 8 9 0.026299575 
80 209 9 12 0.02627862 
836 53 35 28 0.026254289 
174 219 6 7 0.026221912 
914 495 28 30 0.026146809 
312 372 25 31 0.026067257 
180 376 5 5 0.026035517 
47 185 9 10 0.02601855 
709 372 7 10 0.025999779 
661 525 29 30 0.025978819 
947 247 40 52 0.025976002 
982 87 4 5 0.025962114 
14 191 24 29 0.025954345 
912 611 44 48 0.025937874 
62 197 9 11 0.025859997 
373 178 26 25 0.025809819 
966 320 8 10 0.025804026 
105 89 3 4 0.025758646 
249 89 27 30 0.02571169 
80 373 6 7 0.025671173 
542 117 30 32 0.025592087 
125 189 3 4 0.025539627 
124 184 3 4 0.025527513 
7 621 205 257 0.02551648 
706 355 5 6 0.02540847 
992 359 8 11 0.025352681 
932 53 12 15 0.02535165 
47 171 5 5 0.025329277 
847 37 37 29 0.025296599 
556 148 10 12 0.025268203 
941 587 81 91 0.025252651 
200 105 5 6 0.025225518 
784 140 26 26 0.02521304 
311 86 12 20 0.025211142 
630 225 33 33 0.025183184 
949 261 86 96 0.02509972 
172 347 7 7 0.025079656 
693 388 19 35 0.025047684 
900 32 11 12 0.024980983 
360 406 6 6 0.02492898 
811 8 31 26 0.024915973 
127 212 24 26 0.024896186 
235 354 44 61 0.024890946 
985 360 7 9 0.02488894 
38 164 5 5 0.024797505 
234 128 53 48 0.02474044 
752 74 31 35 0.024689944 
945 199 26 22 0.0246392 
60 182 6 8 0.024613833 
149 134 3 3 0.02460519 
174 216 5 5 0.024532719 
712 242 26 32 0.02451678 
730 301 107 117 0.024512539 
164 213 20 21 0.024437603 
153 186 7 9 0.024424648 
231 78 27 25 0.02438828 
156 176 4 5 0.02438004 
995 66 5 6 0.024325885 
327 67 25 32 0.024285834 
327 391 7 10 0.024232036 
96 410 15 10 0.024230998 
616 272 25 32 0.024209797 
143 152 3 4 0.024195304 
998 89 10 9 0.02419325 
667 374 21 28 0.024170835 
954 300 25 33 0.024120033 
937 117 47 56 0.024076907 
743 167 48 53 0.023966713 
332 161 96 92 0.02388784 
156 76 4 3 0.023861492 
984 370 9 12 0.023851361 
793 155 9 8 0.023826875 
649 386 65 88 0.023806566 
357 155 29 24 0.02379013 
154 182 5 6 0.023763316 
129 191 7 9 0.023750255 
533 100 5 4 0.023684852 
69 204 10 13 0.02363717 
763 202 49 49 0.023626383 
-33 -203 349 452 0.023606714 
290 123 27 29 0.023606049 
87 188 7 7 0.023599079 
981 54 37 51 0.02357083 
67 215 11 16 0.023551062 
526 105 6 5 0.023541048 
910 -11 27 20 0.023540908 
521 107 4 4 0.023530671 
972 93 7 6 0.023486553 
396 181 25 25 0.02348019 
142 156 4 4 0.023470039 
843 142 8 12 0.023444721 
763 163 29 26 0.023418821 
368 127 27 25 0.023409162 
697 361 6 7 0.023406519 
266 128 53 49 0.02335945 
868 387 41 68 0.023321941 
371 85 6 6 0.023310667 
89 183 5 5 0.023307405 
965 193 11 9 0.023274107 
59 171 4 4 0.023245314 
335 85 12 16 0.023241103 
144 145 3 4 0.023233037 
91 175 4 4 0.023197861 
119 217 11 11 0.023190152 
137 165 2 3 0.023167431 
941 62 29 30 0.02316572 
370 338 185 186 0.023165116 
990 58 25 23 0.023165002 
130 176 3 4 0.023144942 
373 574 94 83 0.023134973 
86 171 3 4 0.023092432 
953 192 27 22 0.02305092 
971 293 22 32 0.02301262 
300 147 54 43 0.02299675 
561 151 10 12 0.022981422 
118 170 3 4 0.022946164 
374 140 28 24 0.02290831 
866 419 73 102 0.022907007 
972 85 6 7 0.022891045 
902 405 5 10 0.022852382 
131 337 31 23 0.022811146 
611 583 24 24 0.02279222 
698 406 20 31 0.022750597 
772 57 46 45 0.022720268 
648 483 69 95 0.022711204 
730 154 40 52 0.022660965 
356 619 52 49 0.022650793 
176 108 2 3 0.02263491 
647 589 37 60 0.022620121 
638 -11 22 25 0.022619905 
789 3 32 30 0.022580992 
360 418 5 6 0.022574076 
192 98 6 7 0.022553941 
959 327 7 10 0.022462258 
88 204 9 11 0.022447819 
47 193 10 10 0.022442104 
5 411 6 11 0.022438409 
141 193 6 7 0.022397444 
266 132 12 15 0.022395292 
293 299 30 29 0.022371616 
979 354 6 8 0.022369679 
126 185 18 23 0.022337219 
601 173 26 32 0.022261877 
83 408 47 42 0.022245267 
844 15 33 34 0.022236397 
46 396 12 14 0.022223331 
1010 66 10 8 0.022217974 
566 172 97 92 0.022205826 
169 352 19 24 0.022198642 
669 387 11 15 0.022147425 
230 144 27 28 0.022112304 
279 117 10 11 0.022090616 
244 488 5 7 0.022082655 
658 402 26 33 0.022079214 
359 168 29 27 0.022072854 
264 106 14 16 0.022039982 
137 361 28 25 0.022037856 
799 149 6 7 0.022033479 
888 200 9 15 0.022009172 
196 103 38 53 0.021997236 
977 276 9 10 0.021965545 
978 340 23 31 0.021904744 
979 48 21 30 0.021894999 
269 117 26 29 0.021884656 
156 132 3 3 0.02185804 
965 -137 99 122 0.021847889 
565 102 3 2 0.021812 
316 4 3 3 0.02181002 
322 0 3 2 0.02179013 
325 376 8 13 0.021780623 
529 99 29 23 0.021771414 
322 4 3 3 0.02175529 
149 171 3 5 0.021754175 
593 240 11 14 0.02174854 
981 77 22 26 0.02173337 
1000 83 12 12 0.02173074 
948 273 45 53 0.021717377 
376 193 10 11 0.021704314 
945 639 9 10 0.021688413 
909 24 31 26 0.021687163 
179 340 5 8 0.021683792 
977 361 26 31 0.021663072 
45 222 20 25 0.021659931 
581 189 7 9 0.021657525 
996 47 29 25 0.02163396 
958 320 9 11 0.021629667 
47 207 20 27 0.021610003 
377 143 8 6 0.021600222 
246 500 6 9 0.021576805 
959 284 23 26 0.02156527 
88 218 26 29 0.021546606 
783 131 13 15 0.021522682 
189 106 4 4 0.021519493 
181 74 3 4 0.021484952 
102 195 7 7 0.0214802 
168 151 3 4 0.02143385 
659 455 7 12 0.021428261 
187 92 5 6 0.021425456 
206 330 42 51 0.021412306 
123 448 31 24 0.021412078 
89 408 27 18 0.021407114 
75 374 21 24 0.02140455 
117 127 3 4 0.021391835 
623 -2 21 25 0.021368897 
559 101 3 3 0.021354666 
94 191 21 21 0.021348525 
113 218 10 9 0.021346034 
581 131 203 176 0.021341713 
96 195 6 6 0.021340318 
214 78 79 85 0.021329952 
186 111 5 5 0.02132318 
725 355 5 7 0.021322353 
687 209 82 77 0.02130562 
181 354 5 6 0.021302333 
587 216 28 28 0.021296514 
274 379 24 34 0.021291861 
847 208 83 103 0.021291206 
163 145 3 4 0.021259215 
999 62 7 6 0.02124573 
138 138 3 4 0.021215385 
952 321 8 12 0.021203814 
333 374 6 8 0.021182183 
174 330 5 6 0.021163194 
750 89 57 50 0.021101806 
952 311 10 14 0.02108676 
189 92 23 23 0.021071065 
551 100 5 5 0.021053856 
230 93 17 17 0.021047875 
78 174 77 75 0.021021718 
37 174 9 11 0.021017086 
980 361 6 7 0.021004686 
801 24 30 29 0.020999053 
119 165 2 4 0.020991357 
697 366 6 9 0.020975908 
169 57 3 3 0.02097566 
984 289 8 10 0.020972194 
955 653 24 27 0.02095067 
144 134 3 3 0.020947576 
285 121 10 9 0.02093808 
347 66 6 7 0.020935137 
172 375 7 6 0.020931676 
244 407 80 103 0.020920401 
623 252 13 18 0.020918107 
343 53 4 5 0.020910539 
698 371 6 10 0.020908587 
377 137 8 7 0.020903619 
992 50 9 11 0.02086465 
510 154 89 102 0.020863477 
161 164 3 4 0.020860605 
990 289 9 10 0.020855082 
975 265 13 16 0.020847665 
937 340 27 34 0.020796536 
303 138 31 31 0.020790989 
294 398 23 31 0.020788152 
792 134 10 11 0.020787613 
507 563 97 100 0.020786697 
75 214 11 16 0.020783018 
169 107 2 2 0.020780485 
206 122 44 55 0.02076295 
130 133 4 4 0.020762421 
80 188 19 20 0.020754516 
719 200 27 41 0.020754308 
160 187 5 8 0.020747188 
710 369 6 8 0.020745723 
115 355 9 10 0.020719528 
17 157 62 82 0.020704938 
322 -162 277 146 0.02069775 
63 -160 263 143 0.020688746 
850 192 19 30 0.020671826 
170 336 5 5 0.02067176 
53 170 4 4 0.020653082 
738 298 50 70 0.020644551 
266 250 25 27 0.020642564 
119 139 3 3 0.020635305 
180 4 4 5 0.020620696 
233 75 4 4 0.020619059 
112 340 25 28 0.02060662 
516 134 14 11 0.020600598 
952 379 9 10 0.020572457 
798 13 11 11 0.020568196 
332 50 113 91 0.020568086 
906 338 86 107 0.02055303 
125 171 2 3 0.020538453 
51 175 5 7 0.020537643 
739 577 102 113 0.020521337 
585 202 29 27 0.020519162 
368 617 23 24 0.020517597 
908 115 9 11 0.020517351 
612 197 29 24 0.020510977 
370 143 9 7 0.020498106 
703 339 88 109 0.020492211 
194 362 4 6 0.020491749 
971 352 8 9 0.020489257 
978 284 7 7 0.020482786 
276 348 26 33 0.020472798 
722 358 7 10 0.020461919 
3 516 46 50 0.020437734 
972 86 24 23 0.020420311 
980 94 6 5 0.020398773 
376 215 11 14 0.02039755 
773 402 99 101 0.020367013 
965 218 23 35 0.020338269 
147 194 8 9 0.020321386 
813 176 27 30 0.020315604 
693 617 5 7 0.020303616 
98 66 5 6 0.020294765 
776 24 88 74 0.020293407 
971 319 9 12 0.020277318 
271 115 12 15 0.020273836 
0 255 10 19 0.020273361 
965 91 9 10 0.020263748 
702 381 18 30 0.02025186 
182 81 4 4 0.02024805 
205 143 16 20 0.020240426 
769 46 27 29 0.02021749 
329 0 4 2 0.020211142 
603 191 7 10 0.020199936 
157 156 3 4 0.02018535 
718 379 6 9 0.020180456 
966 328 7 9 0.020177212 
185 87 5 5 0.020170834 
28 104 5 6 0.020161608 
368 207 11 17 0.02015982 
314 415 8 11 0.02015075 
136 209 13 14 0.020150088 
905 0 35 23 0.020148322 
692 546 7 7 0.020125281 
938 242 29 39 0.020119611 
141 200 9 10 0.020118026 
336 0 3 2 0.020117953 
199 92 7 7 0.020103265 
372 418 39 56 0.020095436 
28 99 5 7 0.020056311 
978 347 8 9 0.020052366 
678 357 25 33 0.020038128 
846 137 5 7 0.020034535 
71 226 23 32 0.020033894 
972 334 8 9 0.020033445 
365 373 8 7 0.02001245 
