3_Riot_Riot_3_273
73
95 416 45 58 0.9992198 
238 321 30 38 0.998439 
306 238 26 30 0.99664056 
174 98 40 54 0.9950918 
377 323 17 20 0.97620296 
348 337 25 32 0.95150447 
401 103 39 50 0.9375798 
460 385 50 52 0.43484285 
64 173 21 25 0.10749414 
388 32 11 26 0.10123907 
414 240 84 82 0.10088082 
218 400 34 53 0.08875956 
227 186 56 44 0.08837776 
-18 -194 181 165 0.073724374 
530 263 29 30 0.0682069 
222 476 36 39 0.06295749 
529 342 42 47 0.05491056 
376 197 105 85 0.05339306 
375 194 53 51 0.049031418 
521 243 83 76 0.038755145 
372 314 13 16 0.03829721 
554 193 23 34 0.036855593 
531 182 49 58 0.03608195 
295 336 20 22 0.03552456 
354 211 173 147 0.034051176 
185 455 21 28 0.033723284 
506 279 90 95 0.03326336 
397 243 57 54 0.032056898 
148 166 28 33 0.03165387 
1 18 14 39 0.03034872 
427 100 38 48 0.029388692 
495 254 48 56 0.029276807 
451 287 25 31 0.028406598 
290 356 25 26 0.028353505 
542 253 34 33 0.0275976 
233 207 27 28 0.027528312 
-15 -215 484 245 0.027513092 
369 325 14 17 0.027328135 
125 418 40 54 0.027023416 
204 582 16 20 0.026846113 
436 190 25 24 0.026409725 
209 431 67 80 0.025908457 
479 382 36 29 0.025804577 
448 107 21 31 0.025580792 
423 207 29 29 0.02532432 
810 -188 268 141 0.025159888 
467 234 99 103 0.023753105 
526 281 27 33 0.023673927 
150 552 47 48 0.023470296 
329 352 21 26 0.023183282 
469 376 30 26 0.022995766 
304 340 20 23 0.022812096 
456 271 50 60 0.0223618 
454 393 24 39 0.022307001 
487 377 55 60 0.022261627 
245 122 21 32 0.022246711 
499 184 43 52 0.022141261 
443 408 55 54 0.022135014 
543 -210 497 243 0.021992482 
412 353 12 18 0.021917926 
423 218 10 12 0.021637373 
380 267 40 54 0.021585468 
369 192 29 33 0.021442203 
342 329 19 27 0.021296453 
103 17 5 9 0.021270547 
358 345 14 17 0.021224992 
430 215 15 15 0.0211065 
247 -213 512 253 0.021066846 
524 302 23 27 0.02083415 
524 247 34 31 0.020491127 
39 321 19 32 0.020103378 
412 211 15 18 0.02003049 
412 285 6 8 0.020022007 
