44_Aerobics_Aerobics_44_597
31
417 320 41 53 0.9998246 
724 330 26 31 0.99944574 
1 313 47 48 0.9991658 
564 315 24 30 0.9991334 
328 342 24 35 0.9975553 
782 286 37 44 0.9965109 
106 348 21 24 0.98369265 
963 317 31 30 0.9660326 
152 344 13 16 0.8981439 
927 310 21 20 0.4207494 
124 350 13 18 0.08354706 
228 337 21 19 0.06914963 
472 371 68 56 0.0520807 
983 319 23 24 0.044019677 
649 354 18 15 0.040891342 
580 256 21 21 0.035520297 
833 324 30 23 0.034535155 
600 319 7 9 0.030085925 
611 253 12 16 0.029589493 
628 320 5 7 0.028325636 
618 319 5 7 0.027248973 
247 383 51 71 0.026564403 
597 282 21 23 0.026444787 
634 319 6 8 0.025435898 
621 319 5 7 0.025126452 
686 211 24 29 0.02398593 
-20 -144 198 184 0.023522576 
641 319 6 8 0.021739567 
248 421 9 8 0.02165194 
642 339 21 24 0.02094718 
664 223 29 25 0.02023687 
