44_Aerobics_Aerobics_44_400
29
222 163 137 188 0.9993168 
17 592 435 601 0.11826001 
-48 180 517 665 0.061378453 
290 -80 458 519 0.044417527 
493 362 520 602 0.042724576 
-141 -1 437 390 0.035488937 
114 643 134 152 0.030712506 
499 961 551 701 0.029842941 
322 171 494 621 0.029734598 
390 628 238 276 0.029647546 
529 744 37 45 0.028118787 
50 66 11 22 0.026754297 
17 666 122 129 0.026512569 
-29 348 108 135 0.026032073 
54 619 112 126 0.024946924 
645 433 33 37 0.02467466 
802 521 9 11 0.024101073 
1015 -1 315 271 0.023930337 
1013 16 451 635 0.02338971 
878 784 498 624 0.023179984 
513 705 77 79 0.022668403 
185 781 120 137 0.022555893 
531 772 31 44 0.022162033 
809 520 8 11 0.020854013 
167 707 143 134 0.020803742 
677 455 6 6 0.020667087 
121 643 54 64 0.020458277 
1059 1021 249 335 0.020263879 
684 471 6 8 0.020028088 
