2_Demonstration_Political_Rally_2_690
271
813 391 69 92 0.99066305 
647 390 20 42 0.98239374 
523 396 106 124 0.9632921 
753 370 10 12 0.8513346 
116 356 7 8 0.5902546 
109 394 8 9 0.58576125 
649 376 10 12 0.47983316 
81 356 8 9 0.42922178 
12 444 9 10 0.42779353 
949 370 10 15 0.41542643 
64 362 7 8 0.28626704 
180 351 8 9 0.2828347 
93 412 9 10 0.22089896 
198 358 6 6 0.21840125 
117 367 7 9 0.20534268 
698 367 7 9 0.18766901 
734 426 8 13 0.14442569 
63 368 7 11 0.14253531 
687 366 6 9 0.13404933 
940 366 17 23 0.11487731 
43 363 7 9 0.1135314 
690 364 5 8 0.098856896 
932 406 30 50 0.09760228 
109 331 4 5 0.08543919 
707 404 9 12 0.07740446 
63 541 323 397 0.06724031 
69 381 7 9 0.06626216 
78 360 7 9 0.060903683 
697 372 8 11 0.059248667 
475 30 97 131 0.0591069 
56 354 6 9 0.05834435 
754 697 115 97 0.057471592 
68 361 6 8 0.05385254 
689 358 3 5 0.053690344 
700 365 4 6 0.052498855 
56 350 5 8 0.05136351 
225 358 6 9 0.05120469 
115 362 7 10 0.051137734 
86 356 8 10 0.05033321 
83 373 8 11 0.05006098 
692 359 3 5 0.048805267 
85 354 5 6 0.048626073 
72 351 5 5 0.04569308 
555 234 287 346 0.0454253 
196 358 4 6 0.045334622 
186 339 4 5 0.04403872 
82 441 5 6 0.043832954 
175 351 5 7 0.042773407 
146 345 6 7 0.042349435 
70 358 5 6 0.041223753 
696 398 9 13 0.041076913 
704 400 6 10 0.041014276 
65 350 5 6 0.04078336 
230 375 8 10 0.039957985 
812 370 9 5 0.039600834 
117 353 5 6 0.039295655 
50 376 8 11 0.03868009 
184 340 3 4 0.03774483 
194 361 5 7 0.037330564 
701 386 8 12 0.037273087 
773 553 59 127 0.037173163 
762 364 339 367 0.037087217 
1004 418 11 10 0.036465738 
97 440 6 6 0.036410913 
1008 395 5 8 0.0362252 
181 345 5 6 0.036131788 
770 370 27 20 0.03536463 
749 366 10 14 0.035240337 
755 366 8 10 0.034518186 
77 352 5 5 0.034511145 
-20 -132 178 162 0.0342143 
691 381 6 9 0.034125123 
692 374 7 9 0.03411918 
77 345 4 5 0.033375606 
702 392 7 12 0.03311372 
195 352 4 5 0.032963146 
2 420 14 15 0.032704115 
49 362 7 9 0.032694966 
106 332 4 4 0.03263384 
156 339 4 5 0.0325637 
391 307 317 277 0.032533597 
704 364 4 6 0.032171916 
91 440 4 5 0.03160369 
339 623 90 107 0.03148821 
73 344 5 6 0.03105744 
110 328 3 4 0.03097302 
738 359 4 5 0.030767115 
55 347 3 5 0.030330561 
148 348 5 8 0.030221699 
174 345 4 5 0.030105978 
682 370 3 5 0.029709192 
781 358 6 6 0.02969146 
103 441 5 6 0.029393237 
228 356 7 10 0.029127061 
214 358 4 5 0.029107725 
57 372 7 9 0.028834136 
117 333 3 4 0.02878934 
700 360 3 4 0.028659452 
701 401 18 21 0.028452279 
218 351 4 6 0.028235534 
200 353 3 4 0.028103514 
85 436 4 5 0.027931713 
708 394 7 11 0.02791373 
41 367 6 8 0.027807776 
73 340 4 4 0.027804658 
702 374 7 9 0.02779596 
516 528 32 39 0.027749965 
752 384 26 24 0.027731886 
702 380 7 11 0.027666505 
205 357 4 6 0.027545474 
15 438 10 12 0.027537685 
162 350 4 6 0.027527042 
973 224 12 13 0.027411008 
137 358 5 7 0.0273288 
966 461 13 14 0.027140642 
111 357 4 6 0.027082674 
90 408 9 9 0.027029004 
1007 384 4 5 0.02696783 
834 379 5 4 0.02694392 
648 287 6 7 0.026859982 
117 346 4 5 0.026766231 
785 371 10 6 0.026743796 
125 327 3 4 0.026620671 
691 386 6 11 0.026583139 
144 346 4 6 0.026414836 
706 359 3 4 0.026153304 
779 61 23 25 0.02613481 
225 351 4 7 0.026077889 
985 239 12 12 0.026067005 
810 316 2 3 0.026060682 
743 360 39 38 0.025988538 
110 369 5 7 0.02582471 
792 369 10 6 0.025762666 
50 382 9 14 0.025714274 
780 376 16 9 0.025627187 
652 372 8 10 0.02553768 
762 365 5 6 0.025527835 
656 375 8 10 0.025379367 
688 353 3 4 0.025258059 
186 344 4 5 0.025252834 
5 389 5 9 0.02501418 
732 547 70 148 0.02498214 
219 358 5 7 0.02495697 
57 346 4 5 0.024896117 
659 371 5 7 0.024822365 
-12 332 167 221 0.024744412 
186 272 6 8 0.024593256 
140 358 6 8 0.024541328 
725 358 4 5 0.024527794 
2 392 9 12 0.024405146 
131 338 3 4 0.024340617 
817 370 7 5 0.024313841 
810 320 3 3 0.02430409 
78 340 4 4 0.024285467 
496 543 13 18 0.02426947 
417 463 168 188 0.024268286 
764 360 3 4 0.024223978 
713 371 3 5 0.024169715 
353 368 21 25 0.024144446 
674 262 4 5 0.024096496 
369 356 22 23 0.024053486 
149 340 3 4 0.024005234 
686 292 174 172 0.024001306 
156 345 4 5 0.02381529 
130 333 3 5 0.023809236 
33 359 5 10 0.023798289 
220 360 5 8 0.02379573 
125 332 3 5 0.023793511 
85 409 6 6 0.023728535 
85 346 4 4 0.023679433 
724 371 4 5 0.023506947 
58 361 8 9 0.02347668 
77 368 8 10 0.023429591 
1008 389 3 5 0.023406083 
685 373 6 8 0.02339836 
48 352 3 5 0.023375291 
834 382 5 5 0.023338249 
0 379 5 10 0.02320851 
418 322 59 56 0.023180282 
1012 390 4 6 0.02310802 
795 365 30 18 0.02305746 
785 374 31 20 0.022979854 
155 350 4 7 0.02296663 
50 368 7 8 0.02289767 
738 376 5 6 0.022865282 
770 364 4 5 0.02284657 
349 423 102 90 0.02278977 
17 449 8 11 0.022728093 
859 287 4 6 0.022725465 
155 356 5 7 0.022724543 
216 352 3 4 0.022648035 
1005 221 8 8 0.022641206 
7 374 4 9 0.022603733 
865 288 4 6 0.02254073 
690 392 31 46 0.022534775 
727 492 79 82 0.022451745 
682 365 3 5 0.022432381 
963 351 4 7 0.022426885 
503 549 13 18 0.02242169 
108 404 7 11 0.022411939 
47 358 5 6 0.022402065 
724 377 4 5 0.02237313 
32 342 4 7 0.022237912 
718 260 5 7 0.02217333 
751 382 13 15 0.022172863 
283 289 14 11 0.022147706 
815 319 3 4 0.021956997 
395 443 87 91 0.021924986 
792 66 23 26 0.021914031 
737 362 4 5 0.021868983 
960 273 7 7 0.021862697 
83 229 6 8 0.02176381 
322 579 74 111 0.021759944 
777 360 5 4 0.021712203 
68 368 6 9 0.021697834 
54 340 3 3 0.021633618 
17 431 9 12 0.021630606 
847 281 4 5 0.02161954 
997 403 6 6 0.021581376 
802 230 4 5 0.021485554 
10 430 11 14 0.021408044 
162 339 4 5 0.02134804 
768 369 6 7 0.021323388 
690 400 11 17 0.021237263 
1007 410 6 6 0.02107999 
90 352 5 6 0.021054775 
827 378 5 4 0.021049317 
88 407 17 17 0.021007309 
692 352 3 5 0.020987831 
623 371 4 6 0.020948613 
776 363 6 5 0.020928938 
376 477 50 52 0.02089994 
962 315 3 4 0.020795047 
66 346 4 5 0.020737484 
694 -17 196 157 0.020734113 
675 267 4 6 0.020695545 
778 616 111 124 0.020669973 
828 294 3 4 0.020642303 
161 376 6 9 0.020615352 
773 376 12 9 0.02060968 
592 220 11 10 0.020573514 
774 369 8 6 0.020561177 
466 706 22 25 0.020517413 
112 352 3 5 0.020509576 
957 315 3 4 0.020497289 
178 361 7 9 0.02049526 
880 376 3 6 0.020457143 
1001 391 3 4 0.020425 
194 339 3 4 0.020424455 
60 340 3 3 0.020411473 
771 360 3 4 0.02040061 
795 87 23 25 0.020398198 
991 448 8 11 0.020380512 
135 376 9 10 0.020376867 
184 381 9 13 0.02035989 
121 352 5 6 0.02035197 
1012 385 3 4 0.020341892 
835 294 2 4 0.020330112 
827 384 6 5 0.020326775 
1001 384 3 4 0.02029146 
772 381 15 10 0.020202015 
225 280 6 7 0.020188881 
719 370 3 5 0.02018592 
168 340 3 4 0.020146476 
230 350 6 9 0.020145357 
649 365 3 4 0.020136548 
697 381 14 23 0.020109728 
58 191 7 6 0.020107828 
879 371 4 5 0.020088747 
177 373 8 10 0.020065315 
100 413 7 9 0.020021396 
