2_Demonstration_Protesters_2_228
68
647 75 184 309 0.98393005 
371 164 86 153 0.6573898 
182 550 116 111 0.30480593 
362 225 16 28 0.06755532 
488 38 271 352 0.061270684 
28 399 48 63 0.05046461 
426 664 18 35 0.04591391 
83 280 51 74 0.044480674 
8 154 168 214 0.043584276 
63 114 302 378 0.040508024 
933 46 10 16 0.038928445 
560 92 98 140 0.038865272 
68 508 317 383 0.03563058 
689 58 24 32 0.034966182 
79 442 64 101 0.03427339 
-21 -139 174 169 0.0332879 
286 184 182 236 0.031227354 
457 294 75 128 0.030679386 
587 412 42 58 0.03020197 
76 210 91 118 0.029772956 
12 339 145 208 0.029692208 
983 316 44 58 0.028683847 
96 488 28 32 0.028523661 
605 118 26 32 0.028380178 
600 106 26 28 0.027438058 
478 371 21 27 0.02667285 
-43 290 302 375 0.026517905 
962 2 12 14 0.025941707 
978 6 11 15 0.02584587 
495 477 351 407 0.025838858 
973 136 64 112 0.025571037 
101 250 21 38 0.025506075 
140 544 91 94 0.025068274 
618 109 21 35 0.024495978 
95 507 30 39 0.024304394 
-5 -153 54 152 0.023988985 
110 347 11 14 0.023914995 
113 478 23 33 0.023802187 
858 -153 259 176 0.02373294 
998 -8 22 23 0.023649378 
975 19 11 14 0.023449019 
630 118 11 19 0.023116931 
328 64 99 86 0.023116061 
62 277 17 24 0.022998285 
187 45 95 115 0.022658408 
42 260 21 31 0.022613693 
67 495 19 27 0.022433523 
97 319 14 18 0.022396259 
67 428 24 32 0.022391079 
400 196 20 34 0.02218004 
562 103 21 24 0.022106063 
951 1 93 109 0.022019358 
4 337 22 37 0.021991858 
970 20 10 15 0.021947594 
80 301 27 34 0.02170685 
888 -76 181 186 0.021616248 
964 708 28 27 0.021435045 
114 253 9 18 0.021362437 
963 227 77 140 0.021356061 
73 284 11 19 0.021271363 
127 266 22 40 0.02097554 
407 195 49 79 0.020974174 
934 39 19 30 0.020831775 
596 91 26 26 0.020701397 
585 107 12 18 0.020603446 
596 125 22 30 0.020551272 
383 486 50 56 0.02011823 
55 265 11 18 0.020081747 
