2_Demonstration_Demonstration_Or_Protest_2_795
1363
450 443 134 151 0.99639624 
464 133 11 12 0.65873027 
592 447 20 28 0.57230455 
408 144 11 13 0.5324788 
675 150 11 11 0.47012028 
620 144 10 13 0.37105334 
587 140 9 11 0.3246977 
446 140 9 10 0.3197222 
573 138 9 10 0.30218306 
657 129 6 8 0.269288 
53 437 14 18 0.23690155 
91 146 7 8 0.21809669 
262 135 9 9 0.19849041 
752 145 9 8 0.18831466 
1000 67 11 13 0.18707074 
553 138 9 10 0.16220668 
696 141 9 10 0.15521058 
11 89 118 112 0.15350181 
108 147 6 7 0.13160884 
223 136 10 11 0.12675236 
678 135 7 8 0.12455025 
531 140 8 8 0.12319182 
655 132 6 8 0.11685822 
677 140 8 8 0.11677586 
614 144 10 11 0.109191 
624 140 9 11 0.10696726 
657 152 9 11 0.10572068 
133 142 9 8 0.10455816 
721 145 7 8 0.10267291 
237 139 8 8 0.10002597 
479 178 18 18 0.097356476 
421 143 9 13 0.0948187 
154 142 7 7 0.09272564 
151 439 26 21 0.09200629 
664 152 7 9 0.09051149 
346 139 7 9 0.09035485 
133 435 21 22 0.09022778 
723 141 6 8 0.08899746 
659 146 8 9 0.08882988 
333 141 7 9 0.08835343 
564 142 6 7 0.08714449 
2 438 15 21 0.08544683 
582 140 8 11 0.08166942 
75 141 6 8 0.07744128 
382 135 8 8 0.077342674 
691 141 7 9 0.07661013 
550 135 9 9 0.07653161 
333 134 6 7 0.07630656 
88 167 8 10 0.07571914 
227 567 24 26 0.07362713 
691 153 8 9 0.073541 
100 166 12 11 0.07180714 
510 157 8 10 0.07125393 
109 143 5 6 0.070722476 
565 145 6 8 0.07021535 
759 65 98 96 0.06935697 
648 158 6 7 0.06924742 
711 133 7 9 0.068221554 
127 443 14 14 0.0676207 
-23 -198 192 170 0.06677632 
703 158 7 9 0.06601644 
165 153 9 9 0.065539755 
305 141 7 9 0.06504448 
640 128 5 6 0.06478266 
43 432 12 14 0.064135075 
641 123 5 5 0.06394074 
481 144 14 13 0.063717164 
970 69 9 10 0.0628164 
686 0 7 5 0.061636772 
536 135 7 8 0.06162582 
207 450 26 25 0.061550725 
228 139 8 9 0.06146358 
346 145 8 10 0.060953893 
106 451 12 14 0.060689967 
652 43 7 7 0.06064949 
302 143 7 9 0.060233016 
703 153 7 8 0.05971902 
664 140 6 7 0.059162065 
94 141 8 7 0.059068963 
782 140 5 6 0.058609217 
684 141 6 7 0.058514785 
700 141 8 8 0.05791783 
690 1 7 5 0.057040714 
257 135 8 8 0.05703482 
532 81 6 8 0.05701243 
646 145 6 8 0.056709208 
200 452 56 41 0.056413658 
658 141 7 8 0.056145627 
546 141 7 7 0.05614187 
389 146 7 8 0.05552594 
654 155 6 7 0.05551887 
77 173 6 7 0.05543569 
366 144 7 9 0.05538752 
106 151 8 8 0.05523826 
615 149 9 12 0.054877613 
568 145 7 9 0.054815687 
369 141 8 10 0.05420491 
684 7 8 6 0.054068975 
973 63 7 9 0.053703204 
148 147 6 6 0.053671718 
104 142 5 5 0.053623218 
543 146 7 7 0.05361016 
738 130 4 5 0.05347499 
537 146 8 7 0.053333323 
971 49 7 10 0.052887335 
70 173 8 7 0.052756302 
681 146 8 9 0.052751083 
530 144 9 9 0.05271969 
521 139 10 9 0.052578036 
677 1 7 4 0.05253743 
102 159 8 8 0.052174397 
674 135 5 7 0.050891235 
488 151 12 11 0.050594047 
345 150 9 12 0.050156906 
529 157 10 11 0.04997636 
711 140 6 7 0.049877226 
318 160 7 7 0.04985495 
695 152 8 9 0.04967692 
561 76 9 11 0.04957846 
627 136 6 6 0.049498536 
88 159 8 8 0.04946783 
383 22 5 5 0.04915048 
164 148 8 7 0.04879679 
820 20 6 6 0.04872568 
311 145 8 10 0.048552528 
664 188 10 9 0.04848555 
338 159 7 9 0.04840641 
710 26 6 6 0.048363127 
782 137 4 5 0.048355028 
327 147 6 7 0.04817939 
651 157 7 8 0.047582943 
825 20 5 6 0.04753496 
668 115 5 6 0.047319733 
742 141 6 7 0.04717344 
308 133 6 7 0.046993986 
608 140 8 8 0.046897702 
91 143 6 7 0.046842445 
894 9 11 10 0.046347227 
997 51 6 6 0.04608108 
710 157 8 10 0.046034325 
33 193 8 9 0.045985427 
659 123 5 5 0.0458909 
75 435 11 20 0.045620963 
701 146 7 8 0.045555994 
731 129 5 6 0.04549266 
514 186 25 19 0.045450073 
107 159 8 8 0.04540677 
571 134 8 10 0.045297883 
0 219 13 27 0.045249786 
631 140 7 9 0.045149043 
759 140 8 8 0.045027792 
158 146 7 7 0.044952147 
235 143 11 11 0.044925503 
543 133 8 8 0.044920985 
371 135 6 7 0.0449192 
154 136 6 5 0.044842187 
312 141 6 8 0.04443617 
663 245 10 13 0.044428114 
966 12 8 8 0.04432913 
160 159 8 8 0.04424337 
138 146 7 7 0.044193123 
484 133 10 10 0.044150267 
702 20 6 6 0.04398681 
967 64 6 8 0.043974105 
350 139 7 10 0.043771937 
742 146 7 8 0.043689504 
613 134 9 9 0.04364841 
823 25 7 8 0.043614715 
905 89 20 22 0.043570068 
730 134 6 6 0.043521453 
410 139 12 13 0.043421995 
329 154 5 6 0.04329067 
250 153 7 8 0.043234643 
722 165 7 8 0.04319487 
653 146 6 8 0.04305792 
800 5 8 7 0.042595718 
60 168 23 21 0.042496923 
981 40 4 6 0.04237317 
663 147 7 9 0.042369504 
630 145 8 9 0.042344023 
348 129 4 5 0.042282026 
1003 32 7 8 0.042008 
567 150 9 13 0.041955635 
93 171 12 11 0.041824225 
978 69 8 10 0.04168937 
666 135 5 6 0.04167269 
148 142 7 6 0.04158495 
672 9 7 5 0.04135282 
51 159 8 7 0.041272633 
716 140 6 7 0.041037552 
309 130 5 6 0.04084994 
154 159 6 7 0.04081783 
962 45 5 7 0.040769543 
153 31 8 7 0.040769543 
751 149 12 10 0.040696982 
670 13 7 6 0.040513765 
729 164 7 10 0.040113084 
647 129 5 6 0.04002947 
637 123 4 5 0.039893214 
670 19 7 7 0.039862294 
491 133 10 10 0.039820727 
478 150 11 11 0.039782703 
723 129 5 6 0.0397561 
738 134 4 6 0.03975283 
827 13 6 6 0.03970313 
716 26 6 6 0.03966442 
380 24 5 6 0.03937286 
784 0 12 7 0.039365415 
660 26 6 6 0.039349593 
334 159 6 8 0.039307557 
362 186 8 10 0.03914165 
43 10 9 10 0.039026048 
388 140 8 9 0.0389413 
551 152 7 10 0.038818274 
1009 49 8 8 0.03877995 
986 55 7 10 0.038722597 
334 130 5 5 0.038584687 
312 152 7 7 0.038548842 
799 20 7 7 0.038488116 
305 161 6 7 0.03835017 
667 109 6 7 0.03834073 
338 146 6 8 0.038263556 
76 177 7 9 0.03823438 
767 139 6 8 0.03816857 
965 45 6 8 0.03811973 
641 134 5 7 0.03804263 
972 55 7 10 0.03798583 
512 225 15 13 0.037921157 
768 7 29 23 0.037921023 
378 130 6 5 0.037894342 
697 134 6 7 0.03789097 
695 157 9 10 0.037772454 
482 139 11 11 0.037627637 
718 128 6 7 0.037586886 
486 1 7 6 0.03756797 
682 135 6 8 0.03752891 
141 136 5 5 0.03729276 
724 135 5 6 0.037280634 
614 128 7 7 0.0372802 
154 153 6 7 0.037258733 
729 190 8 10 0.03721305 
791 0 11 8 0.037191316 
593 134 9 10 0.03717455 
731 151 7 8 0.03715999 
985 50 8 9 0.037141286 
619 135 7 8 0.037125945 
679 129 5 6 0.037066665 
136 136 5 5 0.037048057 
777 136 5 6 0.037033547 
389 155 10 12 0.03700045 
641 45 7 8 0.03698884 
473 85 17 26 0.036923807 
972 81 9 10 0.036905747 
84 171 8 9 0.036904406 
784 129 3 5 0.036762517 
317 164 8 9 0.036686625 
173 71 18 13 0.03667624 
640 140 6 8 0.036642637 
648 134 5 7 0.03649648 
981 44 5 6 0.036494553 
563 136 5 6 0.036481593 
383 25 5 5 0.036454182 
154 171 7 9 0.0364497 
25 174 7 6 0.03644047 
735 142 6 7 0.036425 
730 146 7 9 0.03637032 
229 154 8 9 0.03636478 
678 19 7 6 0.036281537 
461 0 6 6 0.036279093 
301 135 6 6 0.03623789 
965 50 6 9 0.03623214 
694 401 13 11 0.036110453 
549 144 8 9 0.03606827 
464 210 10 15 0.03602998 
991 38 6 7 0.036003217 
543 128 8 8 0.03591906 
1005 50 8 8 0.03567212 
396 147 6 7 0.035603408 
445 147 12 13 0.03557426 
977 64 7 8 0.035545655 
977 74 9 12 0.03546835 
1011 33 7 7 0.03546703 
818 144 8 10 0.03543005 
42 186 21 20 0.03541072 
131 146 5 6 0.035368606 
407 151 12 15 0.03531585 
306 165 7 7 0.035188716 
131 142 5 7 0.035173606 
678 14 7 5 0.03514901 
90 151 7 9 0.03508481 
48 185 13 10 0.03507314 
677 7 7 5 0.034972034 
126 432 50 39 0.034960553 
730 141 6 8 0.034941997 
653 32 7 7 0.034888458 
990 61 7 10 0.03486486 
664 130 5 5 0.034857552 
44 172 7 8 0.034788594 
779 1 9 5 0.034726474 
602 147 7 8 0.03467535 
823 6 7 6 0.03464103 
999 32 7 7 0.034486923 
373 129 5 5 0.034471005 
293 145 7 8 0.03446934 
69 177 11 11 0.034433346 
480 152 23 21 0.034429256 
225 130 6 7 0.03438482 
704 134 7 7 0.034344528 
927 20 7 6 0.034314293 
1003 44 9 8 0.034301188 
952 81 8 9 0.034258194 
673 140 6 8 0.03425585 
592 152 9 10 0.034238435 
998 44 8 7 0.034224685 
926 1 8 6 0.034205046 
761 135 6 6 0.034194425 
457 21 5 5 0.03418328 
646 32 7 7 0.034133 
403 150 10 12 0.034131527 
723 26 6 5 0.03407298 
775 139 5 7 0.03404424 
765 213 4 5 0.03396752 
672 122 6 6 0.033931505 
408 133 11 11 0.033885207 
590 143 10 11 0.033875793 
793 39 7 6 0.03385807 
959 12 7 7 0.03384316 
383 144 8 10 0.03383565 
399 190 5 8 0.03374737 
647 123 5 5 0.033743612 
465 151 9 12 0.03368261 
719 166 5 8 0.03367025 
973 39 6 6 0.033585504 
332 154 6 7 0.033579323 
83 141 6 7 0.033468504 
814 19 5 6 0.03341836 
161 152 8 8 0.033379465 
652 26 8 6 0.03335196 
634 33 6 6 0.033213288 
550 158 7 10 0.03315322 
509 164 10 13 0.03306242 
479 1 8 7 0.03303907 
755 135 7 6 0.033011366 
433 139 8 10 0.03301014 
724 160 7 8 0.03300463 
134 154 6 6 0.032932945 
303 161 5 5 0.03292876 
38 185 6 6 0.03290772 
340 135 5 6 0.03286609 
782 47 4 5 0.032854117 
832 6 6 5 0.03283641 
340 154 6 8 0.032825664 
997 56 8 9 0.032820802 
115 142 5 6 0.03279744 
639 71 6 7 0.032764956 
962 50 6 8 0.032722693 
808 13 6 6 0.032716203 
327 160 6 6 0.03271567 
985 44 6 7 0.032706283 
684 13 8 5 0.032564484 
927 6 8 6 0.03256122 
745 16 4 3 0.03256005 
78 170 19 22 0.032558996 
814 27 5 5 0.032543037 
717 1 7 5 0.032491017 
320 155 5 6 0.032396536 
965 19 7 6 0.03238389 
673 1 7 4 0.032337822 
51 178 8 8 0.03233751 
633 135 6 7 0.032329317 
986 62 7 9 0.032309413 
1017 63 8 11 0.03230633 
929 388 16 10 0.0322804 
614 122 6 6 0.03224242 
148 136 5 5 0.03223928 
393 21 4 5 0.032230098 
461 127 9 9 0.032226626 
850 64 11 10 0.032144938 
554 143 8 10 0.032136504 
98 173 15 14 0.032114815 
890 45 6 7 0.03206024 
734 146 7 9 0.032007575 
983 70 7 8 0.031974234 
50 174 7 7 0.03197134 
813 13 7 7 0.031932995 
322 57 4 5 0.031924766 
393 27 5 5 0.03189798 
660 21 6 5 0.031886026 
634 38 6 8 0.031784497 
186 141 6 7 0.031729735 
493 81 6 12 0.031678416 
316 58 4 5 0.031582754 
966 75 9 11 0.031577196 
954 12 7 6 0.031568173 
941 25 5 7 0.03155818 
666 183 13 11 0.031551976 
667 7 6 5 0.03145423 
659 44 6 7 0.031449236 
379 140 7 9 0.031431455 
652 20 7 6 0.03141545 
990 56 7 10 0.03140751 
456 8 5 6 0.031375606 
466 195 8 12 0.031374015 
608 134 8 9 0.03130516 
500 88 6 9 0.031274147 
647 20 7 6 0.03127044 
289 162 5 5 0.03122975 
777 130 4 5 0.031203277 
328 142 5 6 0.031176338 
807 19 6 7 0.031154392 
114 147 5 6 0.031117298 
486 157 10 8 0.031106822 
933 7 7 6 0.031101312 
979 51 6 8 0.031101085 
84 162 18 20 0.031087292 
961 33 6 7 0.031082587 
927 24 7 7 0.031079266 
261 142 10 11 0.031058952 
320 147 6 7 0.031058133 
1011 37 7 7 0.030961229 
906 45 9 8 0.030954953 
979 56 6 8 0.030948406 
646 26 7 6 0.030930698 
215 153 7 8 0.030897465 
543 151 7 10 0.030843174 
19 173 10 7 0.03081388 
-11 -216 499 248 0.030770341 
41 439 15 18 0.03075206 
703 165 7 8 0.030711936 
340 129 5 5 0.030684872 
973 44 5 8 0.030678624 
495 23 10 13 0.030674338 
191 159 7 8 0.030646047 
332 164 7 9 0.03062988 
953 63 7 10 0.030587805 
328 58 4 4 0.030521307 
788 39 6 7 0.030467292 
664 39 6 6 0.030430237 
660 117 5 5 0.03041645 
799 37 7 8 0.030391682 
737 211 6 9 0.030369395 
579 135 8 8 0.030367915 
413 351 25 21 0.030362217 
308 152 7 8 0.030312894 
805 25 6 7 0.030288404 
89 174 10 11 0.030285386 
187 153 6 7 0.030268839 
742 212 5 7 0.03026199 
660 51 7 6 0.030251857 
798 1 10 7 0.030213604 
33 175 5 4 0.030197293 
929 13 6 6 0.030183917 
567 157 8 12 0.03017658 
767 25 28 28 0.030157173 
825 134 7 8 0.03014191 
80 433 9 15 0.030139556 
644 43 7 9 0.030106366 
733 191 8 9 0.030090969 
954 44 6 7 0.030086001 
698 120 7 9 0.030024674 
250 141 6 7 0.029885378 
361 27 4 4 0.029845275 
326 167 6 7 0.029836977 
934 20 7 6 0.029833594 
619 130 5 5 0.02981095 
750 20 4 5 0.029808583 
181 142 5 5 0.029803965 
366 136 5 6 0.029792948 
299 155 6 7 0.029785946 
825 145 8 9 0.029781789 
641 147 5 7 0.029778693 
176 202 13 12 0.029752549 
145 155 7 6 0.029718857 
706 210 6 9 0.029706525 
119 159 7 8 0.029657718 
198 153 7 8 0.029645948 
494 78 4 8 0.029642724 
365 27 4 4 0.029617619 
600 139 7 8 0.029617378 
990 51 7 7 0.029614538 
34 181 4 5 0.029601919 
992 45 6 6 0.029598417 
768 136 5 6 0.029568722 
40 174 6 7 0.029557316 
799 12 7 6 0.029522205 
830 161 20 32 0.02951175 
763 124 5 5 0.029378911 
372 220 11 14 0.029368017 
966 37 7 7 0.029332222 
782 216 9 9 0.029292146 
393 33 4 5 0.029257141 
294 154 7 8 0.029216854 
111 418 109 72 0.029210383 
457 11 5 7 0.029137354 
799 33 7 7 0.02913191 
51 155 8 6 0.029129133 
428 139 8 10 0.029119983 
1003 38 7 7 0.029110428 
640 26 6 7 0.029095633 
603 451 13 21 0.029092096 
809 52 5 6 0.02907581 
218 138 8 9 0.029064594 
172 170 8 10 0.029055692 
966 25 6 6 0.029037338 
69 57 6 7 0.029034879 
628 38 6 8 0.029027537 
357 141 6 7 0.029022701 
110 454 15 16 0.028997542 
535 152 9 10 0.028997032 
698 19 7 6 0.028996682 
337 177 8 9 0.028991422 
814 6 8 6 0.028955832 
655 123 4 5 0.028915346 
975 86 11 12 0.028900841 
696 165 7 10 0.028885912 
884 7 6 5 0.02886391 
730 195 7 10 0.028805243 
665 79 6 5 0.028804887 
940 21 5 6 0.028795559 
832 2 7 5 0.028790805 
382 150 11 12 0.028748922 
63 159 8 8 0.028737687 
947 33 5 6 0.028735818 
768 147 9 11 0.028734079 
383 130 6 5 0.028718412 
168 156 10 10 0.028670015 
606 146 7 8 0.028652033 
360 174 5 7 0.02863082 
763 130 5 4 0.02862075 
884 34 6 5 0.028616076 
198 142 5 6 0.028615652 
801 24 6 8 0.02857151 
668 230 5 8 0.02851727 
1 89 5 9 0.028515618 
794 33 6 7 0.028508691 
115 158 7 8 0.028501412 
11 96 5 7 0.028424041 
691 38 8 7 0.028417887 
847 66 7 7 0.028401615 
679 123 4 6 0.028396765 
769 129 4 5 0.028378915 
669 170 10 10 0.028360946 
986 38 6 6 0.028360356 
56 159 8 8 0.028354745 
564 159 6 9 0.02832733 
187 160 6 7 0.02831851 
502 153 10 11 0.028312212 
800 45 6 6 0.028271692 
277 134 5 8 0.028258232 
165 143 5 5 0.028257169 
179 160 7 8 0.028221902 
312 135 5 6 0.028202202 
82 178 7 9 0.028201686 
374 27 4 4 0.028118683 
870 32 7 7 0.02809724 
921 62 8 8 0.028095718 
445 135 10 10 0.028075308 
169 429 24 23 0.028047957 
932 13 8 7 0.028012702 
49 175 24 21 0.02800858 
62 433 16 23 0.02799244 
646 39 7 7 0.027970925 
582 56 7 8 0.027938439 
644 77 8 7 0.027927732 
163 164 10 10 0.027914366 
983 75 8 10 0.027888717 
161 212 24 21 0.027874527 
710 129 7 8 0.02786691 
666 121 5 7 0.027838446 
320 142 5 6 0.027774435 
61 182 13 12 0.027769873 
585 76 9 10 0.0277612 
178 165 8 10 0.027760744 
261 161 8 7 0.027728286 
21 91 28 26 0.027722277 
187 146 6 8 0.027711837 
886 107 8 11 0.027703324 
475 57 6 7 0.027701989 
947 76 6 8 0.027675793 
504 147 7 7 0.027639337 
724 8 6 5 0.027616542 
159 136 6 5 0.027598556 
842 152 26 28 0.027577052 
903 32 7 7 0.02757105 
498 83 6 8 0.027538711 
735 196 6 8 0.027526662 
955 50 6 7 0.027480975 
216 440 31 24 0.027391875 
858 26 5 6 0.02736929 
908 38 9 8 0.027354069 
659 7 7 5 0.027350048 
1009 135 8 8 0.027347924 
95 160 7 7 0.02732948 
690 14 8 5 0.027286034 
631 152 8 9 0.027284592 
619 38 7 8 0.027279882 
981 32 5 6 0.027264174 
723 172 7 8 0.027260438 
215 495 42 53 0.027259491 
197 135 6 6 0.027258934 
197 147 6 7 0.02725814 
205 141 6 6 0.027248666 
636 129 5 5 0.027242932 
204 152 7 9 0.02721887 
1012 147 6 8 0.027185874 
768 216 5 8 0.027150145 
991 33 6 6 0.02712951 
813 133 18 21 0.027122047 
136 130 5 4 0.0271186 
47 153 22 20 0.027115226 
88 143 17 18 0.027106676 
639 154 7 7 0.027091553 
131 155 4 6 0.027085004 
688 5 9 6 0.027066369 
626 25 6 6 0.027065692 
471 151 10 11 0.027064553 
197 159 7 8 0.02705691 
33 64 6 6 0.027047249 
21 97 5 6 0.027034428 
732 165 8 10 0.027029904 
832 13 6 6 0.027028853 
488 165 12 12 0.027024139 
710 146 6 7 0.027015371 
744 217 6 8 0.027010906 
921 23 8 7 0.026973931 
328 136 5 5 0.026973603 
670 109 6 7 0.02695721 
239 135 8 7 0.026931792 
321 136 5 5 0.026905878 
104 51 6 6 0.026896952 
575 57 7 7 0.026836684 
892 12 7 6 0.026823241 
30 33 7 8 0.026776973 
575 129 6 7 0.026759528 
505 237 28 25 0.026753679 
378 144 7 10 0.026751177 
349 156 9 13 0.026747836 
109 136 6 6 0.026710846 
94 135 8 8 0.026698656 
998 38 7 7 0.026675649 
934 25 6 6 0.026667997 
231 146 7 7 0.026648883 
722 1 7 4 0.026640423 
652 71 8 7 0.026635714 
679 -2 6 3 0.026628561 
901 75 8 8 0.026615046 
889 32 6 7 0.026603207 
563 151 8 11 0.026561787 
690 215 6 11 0.026552688 
112 446 12 14 0.026546711 
489 138 10 9 0.026529174 
359 164 6 9 0.026519934 
833 53 5 4 0.02646524 
960 20 6 6 0.026448803 
960 7 7 6 0.02644442 
341 58 4 5 0.026428986 
467 0 7 5 0.026410114 
6 90 5 6 0.02638672 
639 32 6 6 0.026380878 
32 36 6 8 0.026376843 
39 180 5 5 0.02636305 
652 141 7 8 0.026361706 
1009 249 22 26 0.026345443 
749 218 5 8 0.026313752 
529 164 10 12 0.02629575 
339 185 8 8 0.026283002 
3 423 12 18 0.02627862 
595 64 8 8 0.026276158 
639 39 6 7 0.026270647 
158 165 8 9 0.026264763 
83 158 7 9 0.026258057 
744 20 4 5 0.026240036 
492 0 7 6 0.026225833 
719 172 5 7 0.02622137 
2 447 17 27 0.026215248 
79 168 5 6 0.02618925 
457 194 11 14 0.026189078 
750 14 4 5 0.026182719 
33 185 6 6 0.026143579 
659 32 7 6 0.026142312 
725 32 6 7 0.026139073 
517 108 8 9 0.026136732 
261 129 8 8 0.026133388 
518 88 6 8 0.026130559 
345 173 8 8 0.02610893 
459 6 6 7 0.026095837 
473 69 7 8 0.026094727 
903 26 7 7 0.026089264 
332 172 8 10 0.026088541 
70 168 7 7 0.026081063 
6 94 6 8 0.026074663 
77 65 7 7 0.026019815 
309 59 5 4 0.02601921 
723 178 6 8 0.02599814 
495 151 12 12 0.025997732 
792 12 8 8 0.025997335 
882 38 7 6 0.025966063 
11 90 6 6 0.025920948 
94 166 9 9 0.025918711 
817 134 9 9 0.025905266 
1003 57 7 8 0.025892846 
555 78 11 13 0.025889587 
32 46 6 6 0.025877485 
398 26 5 6 0.02585396 
741 164 9 10 0.025837434 
163 417 23 21 0.025826838 
350 134 7 8 0.025794258 
128 55 8 8 0.025790632 
77 70 6 6 0.025753068 
387 150 19 22 0.025738716 
142 130 5 5 0.025705518 
815 31 6 7 0.02570221 
422 18 6 7 0.025678948 
-7 526 68 156 0.025639681 
522 145 11 10 0.025632313 
884 20 6 6 0.025632251 
595 69 8 7 0.025624817 
7 84 6 6 0.025606846 
392 39 4 5 0.025571808 
234 151 10 10 0.025562549 
614 70 7 9 0.025536416 
352 129 5 5 0.025533022 
600 135 6 8 0.025523197 
939 82 7 7 0.025490696 
396 141 7 8 0.02546228 
70 117 22 26 0.025461372 
134 160 6 6 0.025454156 
633 71 7 7 0.025450462 
423 40 6 6 0.025427345 
835 57 8 7 0.02541823 
986 32 5 7 0.025417859 
115 155 6 7 0.025414022 
66 57 6 7 0.025411468 
18 176 10 9 0.025401296 
568 77 10 10 0.025399731 
440 136 18 18 0.025395755 
519 135 9 9 0.025377244 
371 35 5 4 0.025377208 
1017 158 7 11 0.02534664 
961 37 5 7 0.025342217 
666 2 6 4 0.025335455 
345 185 8 9 0.025305547 
1002 516 32 45 0.02530018 
758 21 3 5 0.02529262 
734 158 8 9 0.025291592 
-80 -33 390 339 0.025287423 
471 0 9 6 0.025269967 
205 135 5 6 0.025244568 
70 151 20 21 0.025207886 
204 166 8 7 0.025189178 
328 129 5 5 0.025186038 
190 141 7 7 0.025176102 
640 65 6 6 0.025162648 
673 57 7 7 0.025121674 
960 26 6 6 0.025102612 
832 71 6 6 0.025087252 
782 51 6 6 0.02508103 
498 17 8 9 0.025049249 
822 152 11 13 0.025025813 
832 134 7 8 0.02501633 
456 0 6 5 0.025001867 
751 130 5 4 0.024993077 
504 89 7 8 0.024923462 
43 167 21 21 0.024899932 
450 -217 519 249 0.024888828 
652 76 7 7 0.024887398 
837 64 7 6 0.02486921 
421 13 6 7 0.02485783 
173 136 5 5 0.02482444 
64 166 8 7 0.024791097 
211 158 8 10 0.024790974 
370 158 7 9 0.024782572 
544 158 6 10 0.024779735 
119 444 13 14 0.024756188 
148 434 13 17 0.024756147 
25 178 7 7 0.024750836 
478 156 9 10 0.024747817 
27 46 5 6 0.024730086 
185 164 7 9 0.024701688 
896 32 7 7 0.024700465 
895 64 7 7 0.0246863 
656 118 3 4 0.024685334 
384 105 27 22 0.024680618 
85 166 7 9 0.024679257 
323 123 5 5 0.024674883 
660 14 6 5 0.024669291 
643 50 7 8 0.024639925 
499 215 27 24 0.024638815 
468 164 7 10 0.024611345 
710 13 7 5 0.024584139 
569 132 17 19 0.024561968 
998 25 6 7 0.024541749 
663 179 11 10 0.024527093 
954 58 6 8 0.024522945 
190 153 7 8 0.02450119 
281 134 6 7 0.024477858 
335 58 4 4 0.024474101 
538 128 7 7 0.024452446 
903 45 7 7 0.024451762 
590 157 11 11 0.024444494 
206 147 6 7 0.02443442 
30 169 7 5 0.024411988 
792 45 6 6 0.02438052 
399 22 4 4 0.0243759 
90 33 6 6 0.024373392 
156 427 26 23 0.024369754 
480 63 8 9 0.02432125 
39 63 6 6 0.0242796 
283 163 4 4 0.024278417 
179 153 6 7 0.02427547 
134 418 21 20 0.024272338 
466 203 8 10 0.024259886 
777 47 4 4 0.024247168 
557 159 6 9 0.024237614 
609 131 20 21 0.024230622 
469 7 7 7 0.024228975 
430 20 6 7 0.024227578 
430 370 63 48 0.024226485 
966 33 6 7 0.02422254 
192 135 7 6 0.024220934 
683 26 7 5 0.024211701 
145 158 7 8 0.024197556 
627 64 7 7 0.024197387 
664 44 6 7 0.02419496 
212 140 6 8 0.02418927 
439 5 10 10 0.02418502 
709 216 6 9 0.024184564 
586 56 8 9 0.024181245 
985 26 6 7 0.024179017 
946 13 7 6 0.024176892 
627 32 6 7 0.02417022 
688 137 15 18 0.02416958 
847 28 5 5 0.024153203 
685 129 5 6 0.024132363 
730 14 6 5 0.024119286 
828 46 5 6 0.024118697 
824 30 7 9 0.02409902 
883 56 8 8 0.024091205 
91 135 6 7 0.02408396 
898 7 9 7 0.024061672 
165 462 22 26 0.02406004 
966 54 7 10 0.024049092 
12 32 6 6 0.024048628 
476 52 6 7 0.024031462 
1 84 5 6 0.024016786 
254 146 8 8 0.024016153 
167 135 5 5 0.024014808 
327 123 5 5 0.024010405 
938 0 10 7 0.024009576 
2 204 11 16 0.024005894 
774 222 7 8 0.023988849 
912 21 11 9 0.023980951 
550 165 7 8 0.023970395 
122 168 5 6 0.023962872 
182 477 13 14 0.023957472 
827 59 6 4 0.023926554 
610 128 6 7 0.02391367 
1010 25 7 7 0.023913566 
628 45 7 8 0.023905598 
1 38 6 8 0.023898525 
652 13 7 6 0.023893327 
332 191 8 9 0.02386476 
45 179 6 6 0.02383899 
66 64 6 7 0.023825355 
652 57 7 8 0.023809219 
250 147 7 8 0.023802938 
46 185 8 7 0.023801923 
290 147 6 7 0.023798939 
500 77 6 8 0.023793535 
743 135 4 6 0.023780487 
572 130 5 5 0.023765432 
682 37 9 8 0.023749353 
703 173 7 8 0.023746325 
757 123 6 6 0.02373747 
610 77 6 8 0.023727108 
703 120 6 8 0.02371933 
692 32 7 6 0.023714272 
940 89 8 10 0.02370736 
493 19 7 8 0.023701198 
750 213 4 6 0.02369329 
34 59 5 5 0.023657164 
1018 24 7 8 0.023642305 
768 213 4 5 0.023637967 
70 52 6 6 0.023634512 
895 26 7 7 0.023632428 
59 52 6 7 0.02362835 
287 167 6 6 0.023614684 
582 71 8 7 0.02360521 
471 180 11 16 0.023597317 
76 135 7 7 0.023572791 
828 72 5 5 0.023566725 
903 39 6 6 0.023561621 
168 130 5 5 0.023543097 
818 14 6 5 0.023540359 
844 58 6 5 0.023529803 
163 170 10 11 0.023515195 
600 151 9 10 0.02351489 
703 36 6 8 0.023511024 
81 56 8 8 0.023507986 
491 6 8 6 0.023498235 
472 10 9 9 0.023497907 
659 78 6 6 0.023495425 
817 2 10 6 0.023490999 
619 24 7 7 0.023469696 
833 26 5 6 0.023462921 
640 20 7 6 0.023455147 
982 81 9 12 0.023451123 
932 94 9 9 0.023416996 
69 158 9 9 0.023410441 
217 159 7 8 0.023404257 
834 19 5 6 0.023388254 
613 62 8 8 0.023385927 
870 27 6 7 0.023371272 
807 65 6 6 0.02336893 
619 62 9 8 0.023366936 
155 130 5 5 0.023359971 
261 153 8 8 0.023354534 
519 13 6 7 0.023352847 
685 -2 6 3 0.023325678 
222 433 24 17 0.023310615 
158 27 7 6 0.023308927 
460 152 9 11 0.023308758 
21 91 4 5 0.023300396 
479 58 7 6 0.023293093 
186 135 6 6 0.023269776 
428 0 8 6 0.023265379 
757 14 4 5 0.023264451 
210 148 6 7 0.023263596 
76 157 9 10 0.023256715 
698 130 5 6 0.023256695 
814 58 5 5 0.023254856 
360 34 4 5 0.023251675 
473 146 9 9 0.023249522 
722 153 7 7 0.023219911 
651 82 7 7 0.023207797 
384 360 31 27 0.023204258 
878 39 6 6 0.023198264 
672 46 6 6 0.023198199 
79 76 6 7 0.023196222 
96 156 23 20 0.023175994 
670 23 7 8 0.023161953 
589 49 7 9 0.023161635 
314 124 4 4 0.02315608 
250 160 8 7 0.023155767 
345 163 8 10 0.023147743 
180 147 6 6 0.02313299 
95 437 8 12 0.023132337 
738 205 5 7 0.023130095 
156 190 12 11 0.02311927 
659 57 8 7 0.023114014 
474 20 6 6 0.023106672 
505 83 7 8 0.02309859 
860 15 4 5 0.02308363 
633 80 8 9 0.023080215 
947 25 6 6 0.023058029 
647 72 6 5 0.023051437 
164 482 27 28 0.023038896 
900 17 9 9 0.022996373 
404 134 6 7 0.022995716 
335 152 18 21 0.022994922 
724 12 6 6 0.022993024 
269 154 7 7 0.022986535 
103 136 6 6 0.022968812 
77 58 7 6 0.02296768 
302 123 5 4 0.022961678 
30 464 18 26 0.022954827 
916 6 8 6 0.022942299 
50 165 7 8 0.02292293 
1005 1 7 6 0.022912439 
468 20 4 6 0.022902632 
914 1 10 7 0.022883095 
665 158 7 8 0.02288302 
457 25 5 7 0.02287678 
582 51 7 8 0.022853404 
208 502 74 96 0.022850562 
134 172 6 7 0.022846267 
60 45 5 6 0.022841802 
-1 486 33 61 0.022803606 
774 0 9 6 0.022782816 
621 123 5 5 0.022772944 
807 43 7 8 0.02277071 
6 33 6 6 0.022766043 
575 151 7 11 0.022760184 
18 167 11 8 0.02275889 
487 77 5 8 0.022754012 
487 6 7 7 0.022744717 
954 32 6 7 0.022723256 
392 77 69 48 0.022713983 
290 155 6 6 0.0227041 
480 69 6 8 0.02267667 
750 135 6 6 0.022654835 
505 142 7 7 0.022640122 
877 27 6 6 0.022638872 
838 52 6 5 0.022631593 
958 63 6 9 0.022631006 
783 4 11 8 0.022628313 
71 45 5 6 0.022606723 
254 133 18 18 0.022598667 
704 0 7 5 0.022597881 
665 32 6 7 0.022587758 
876 56 8 8 0.022585848 
890 38 6 7 0.022585738 
751 124 5 5 0.02258178 
422 25 6 9 0.022572836 
162 502 27 25 0.02257172 
147 166 6 7 0.022556862 
971 31 7 7 0.022547143 
1017 75 9 14 0.02254555 
429 11 7 7 0.022541977 
478 12 9 8 0.02254191 
743 131 4 4 0.022539636 
29 448 11 17 0.02253815 
418 240 11 11 0.022537116 
628 71 7 8 0.022526618 
859 20 4 5 0.022516554 
384 11 7 7 0.022515813 
461 20 4 6 0.022514878 
204 173 8 7 0.022514852 
873 6 8 7 0.022507366 
520 203 22 21 0.022490816 
627 19 6 7 0.022481779 
366 129 5 5 0.02247743 
619 71 9 8 0.02246968 
640 80 10 11 0.022468694 
696 1 7 5 0.022462493 
939 76 8 9 0.022462025 
388 135 7 7 0.022461751 
441 1 7 6 0.022454783 
699 32 6 6 0.02245335 
363 173 7 8 0.02244508 
919 1 10 7 0.022438904 
45 64 7 6 0.022435553 
351 164 7 9 0.022413388 
477 113 11 14 0.022409704 
664 51 6 7 0.022407971 
351 174 6 7 0.022392381 
415 129 7 7 0.022391826 
468 13 7 7 0.022371164 
711 21 5 5 0.022353008 
758 -3 26 18 0.022351425 
987 20 5 6 0.022349654 
697 39 6 6 0.022338152 
636 118 4 4 0.02233478 
179 136 6 5 0.022334054 
705 215 6 9 0.02232556 
11 56 7 8 0.02232156 
852 46 6 7 0.02231591 
659 165 7 8 0.022310736 
151 20 8 6 0.022300405 
913 36 10 10 0.02228468 
895 18 9 8 0.022263283 
614 38 7 8 0.022249168 
14 154 28 20 0.022249157 
472 166 7 9 0.022230994 
633 26 6 6 0.0222237 
117 102 6 7 0.022189645 
398 351 27 23 0.022186264 
238 129 5 6 0.02218543 
775 219 5 6 0.02217902 
919 13 8 6 0.022176985 
870 38 6 6 0.022171788 
600 64 7 8 0.022162022 
111 84 5 5 0.02215719 
326 178 7 8 0.022151623 
445 6 8 8 0.02214968 
146 418 21 21 0.02213757 
296 135 5 6 0.02213188 
754 460 23 24 0.022126699 
582 62 8 8 0.022126162 
262 287 35 25 0.02211556 
832 59 7 6 0.022096457 
71 135 7 6 0.02208385 
5 44 8 8 0.02207098 
527 152 18 22 0.022070497 
883 65 7 7 0.022068115 
116 136 5 5 0.022064323 
152 70 12 9 0.022059662 
946 69 7 9 0.022053147 
902 72 7 7 0.022034787 
958 80 8 11 0.02202531 
478 49 8 9 0.022017183 
91 44 5 7 0.022006243 
318 95 7 8 0.021977866 
906 31 9 9 0.021977019 
633 64 7 7 0.021976154 
813 66 6 5 0.02197133 
633 50 7 9 0.02196968 
452 171 9 11 0.021968665 
108 22 9 10 0.021928737 
679 25 7 5 0.021927767 
345 178 8 8 0.021919841 
64 173 9 8 0.021903532 
858 46 6 6 0.021888146 
284 172 7 8 0.021877797 
190 572 11 12 0.021877542 
69 136 19 20 0.02186773 
920 76 7 8 0.021860648 
314 160 8 8 0.021859264 
255 160 8 7 0.021844007 
39 52 6 6 0.021839475 
1004 25 6 7 0.021830633 
122 142 4 5 0.021823153 
123 148 4 5 0.021808155 
659 185 9 9 0.021794222 
971 93 10 10 0.021780066 
301 167 5 6 0.02177729 
890 64 6 7 0.021774417 
575 159 6 10 0.021766141 
58 57 6 6 0.021757817 
750 8 5 5 0.021744296 
683 325 8 7 0.021735577 
716 39 6 8 0.0217304 
487 13 6 6 0.021707457 
109 291 20 13 0.02170455 
947 82 7 8 0.02170325 
394 152 7 9 0.021696227 
832 63 7 7 0.021694066 
921 71 6 6 0.021692112 
779 44 26 27 0.021670233 
135 168 6 6 0.02166972 
641 118 4 4 0.02166939 
633 44 7 7 0.021668836 
445 158 10 11 0.021668293 
609 71 6 7 0.021663995 
476 161 22 26 0.021659698 
68 175 19 23 0.021634774 
851 20 6 7 0.021624658 
86 202 13 13 0.021617588 
130 136 4 4 0.021617472 
311 129 6 6 0.021608325 
865 20 5 5 0.021602333 
334 97 5 6 0.021599822 
90 39 5 6 0.021598343 
116 96 5 6 0.021578694 
520 84 6 7 0.021578612 
460 25 5 8 0.021571418 
430 24 6 9 0.021568822 
485 -26 464 364 0.021567298 
83 70 7 8 0.021554086 
714 154 7 8 0.021552853 
755 32 5 6 0.021546895 
629 130 4 5 0.02154246 
959 0 8 7 0.021537649 
752 2 54 42 0.021537343 
309 123 5 5 0.021520013 
74 183 9 10 0.021516664 
936 82 6 8 0.021516468 
251 135 6 6 0.021515455 
559 140 17 21 0.02150815 
691 170 8 11 0.02150173 
159 448 24 23 0.021498896 
805 39 8 8 0.021487044 
358 159 6 10 0.021485379 
983 127 11 10 0.02146666 
295 160 6 6 0.021463564 
303 130 4 4 0.021462573 
826 53 6 5 0.021455424 
665 25 6 6 0.021447027 
564 165 5 7 0.021442106 
705 25 6 6 0.021434752 
481 27 5 6 0.021430831 
453 165 8 9 0.021421995 
531 78 6 7 0.021418193 
916 75 7 8 0.021411685 
605 152 8 9 0.021404227 
809 158 9 13 0.021403242 
496 147 11 9 0.021401362 
1010 139 7 9 0.021396058 
755 257 7 7 0.021393554 
13 85 5 6 0.021382026 
819 52 24 21 0.02137534 
289 135 4 6 0.021368489 
940 13 7 6 0.021367747 
866 26 5 6 0.021363541 
876 51 8 9 0.021359177 
165 185 9 9 0.021344937 
683 18 8 7 0.021338634 
751 27 5 6 0.021335758 
452 157 9 11 0.021335304 
474 77 6 9 0.021334706 
358 178 6 7 0.021325286 
900 0 9 7 0.02131279 
435 171 7 9 0.02130711 
691 121 7 8 0.021303441 
963 478 12 11 0.021302117 
840 71 5 6 0.021301992 
486 67 6 9 0.02128355 
430 40 4 6 0.021273896 
343 198 11 9 0.021270918 
349 235 11 10 0.021270722 
995 83 11 14 0.021260953 
377 158 7 10 0.0212456 
230 130 6 6 0.021239307 
276 162 5 4 0.021230156 
496 139 9 9 0.021215573 
619 31 8 8 0.021206912 
686 122 5 6 0.021201469 
877 19 6 6 0.021196593 
176 469 12 14 0.021188855 
372 187 6 7 0.021183496 
82 127 22 25 0.021178871 
504 26 7 10 0.021155138 
890 26 6 6 0.021152843 
736 15 5 5 0.021140477 
1019 0 5 6 0.021133684 
487 25 6 7 0.02111705 
851 59 8 7 0.021115772 
757 1 5 5 0.021090059 
39 45 5 7 0.021084098 
87 450 9 14 0.021078441 
130 160 5 6 0.021060545 
786 129 6 6 0.021035291 
40 39 5 7 0.021026762 
703 177 8 10 0.021024618 
304 140 18 20 0.021016458 
557 130 5 6 0.020983985 
366 122 5 6 0.020976303 
653 148 16 19 0.020972041 
124 447 23 26 0.02095633 
845 77 7 8 0.020949576 
883 15 5 5 0.02094045 
884 46 6 6 0.02091427 
661 83 5 5 0.020905938 
853 38 5 6 0.020905918 
723 197 6 8 0.020903079 
673 129 5 6 0.020898588 
428 10 25 27 0.020896234 
458 181 18 25 0.020880327 
397 135 7 6 0.020876896 
730 205 5 8 0.02087519 
543 122 7 7 0.020872008 
956 99 10 10 0.02086432 
340 124 5 4 0.020826135 
888 50 7 8 0.020820778 
517 70 7 7 0.02082029 
651 51 7 7 0.020819604 
347 123 5 5 0.020810591 
479 133 9 11 0.020799644 
532 129 5 5 0.020799138 
487 21 21 23 0.020788487 
610 122 5 6 0.02077981 
353 124 5 5 0.020771468 
954 88 7 9 0.020766545 
764 216 5 7 0.02075493 
792 12 22 23 0.02074782 
93 24 8 8 0.020740397 
429 7 7 7 0.020725975 
600 69 7 8 0.020706711 
709 178 7 9 0.020699672 
111 90 6 6 0.02069626 
936 77 5 8 0.020687923 
992 25 6 7 0.02068361 
18 448 10 17 0.020680804 
958 69 7 8 0.020677386 
516 159 8 9 0.020657199 
748 171 9 9 0.02065208 
434 11 9 8 0.020645931 
774 168 22 25 0.020642297 
606 38 24 27 0.020638809 
572 124 4 5 0.02063218 
632 76 9 8 0.020627283 
665 165 9 9 0.020613287 
828 189 177 97 0.020612475 
359 134 6 6 0.02060003 
170 208 13 13 0.02060001 
323 129 4 5 0.02059953 
610 53 25 23 0.020598711 
769 46 5 5 0.020589558 
952 39 6 7 0.020585911 
174 142 6 5 0.02058297 
277 168 5 5 0.020577729 
513 64 6 7 0.02057555 
71 38 6 7 0.020574508 
751 31 5 7 0.020556016 
716 31 6 7 0.020543478 
820 53 5 5 0.020527232 
459 13 5 7 0.020522002 
2 50 7 9 0.020515887 
190 165 7 8 0.020514237 
517 74 8 9 0.020503704 
334 103 4 5 0.02049434 
51 45 6 6 0.020482475 
115 108 6 7 0.020478712 
440 19 7 8 0.020463044 
332 185 8 9 0.020462563 
108 46 6 7 0.020450234 
71 25 5 7 0.02043969 
704 14 7 5 0.020432381 
851 26 5 6 0.02042987 
429 361 22 27 0.020427836 
865 39 6 5 0.020427616 
976 107 9 11 0.020420915 
32 52 5 6 0.020416839 
161 130 4 4 0.020408358 
403 140 8 9 0.020402925 
498 13 7 8 0.020400256 
781 39 6 6 0.02039858 
30 201 11 14 0.020395115 
108 51 6 7 0.02039303 
901 81 9 11 0.020389706 
820 58 5 5 0.020380622 
1007 68 9 11 0.02037198 
870 95 21 27 0.020369152 
947 19 7 7 0.020368207 
436 40 5 6 0.020353278 
322 117 5 5 0.02034991 
756 130 5 5 0.020347474 
667 83 5 6 0.020341503 
723 183 6 9 0.020333499 
112 171 9 10 0.020331917 
367 34 4 4 0.020330144 
233 158 10 10 0.020327805 
204 159 7 9 0.020315766 
839 12 6 6 0.020289315 
661 111 4 5 0.020286102 
639 75 9 10 0.020284869 
486 32 6 7 0.020275898 
163 496 12 14 0.020267375 
817 37 7 8 0.020263908 
934 0 9 6 0.020243714 
56 174 8 7 0.020229314 
6 39 7 7 0.020226458 
347 118 5 4 0.02022346 
908 0 8 7 0.02020259 
228 475 32 29 0.020193087 
691 18 8 7 0.020177484 
653 7 7 5 0.020173019 
833 83 54 61 0.02016593 
311 177 10 9 0.020164404 
731 124 5 6 0.02016411 
652 63 8 7 0.02016068 
684 179 7 8 0.020157587 
468 25 5 7 0.02015658 
807 71 6 5 0.020153254 
290 142 5 6 0.020141996 
744 222 7 9 0.020138657 
70 70 6 6 0.020108184 
126 172 6 8 0.020106053 
724 191 6 9 0.020105198 
364 486 8 12 0.020101463 
417 304 15 12 0.02009953 
525 108 8 8 0.020074526 
266 167 7 6 0.020065412 
412 395 23 33 0.020064091 
399 33 4 5 0.020063912 
82 50 8 8 0.02005675 
83 75 7 7 0.020049358 
698 116 6 8 0.020048372 
741 151 7 8 0.020047296 
718 122 5 7 0.020042472 
499 6 9 8 0.020041639 
370 164 7 9 0.020040574 
824 2 8 5 0.020037683 
343 189 10 10 0.020034648 
832 77 5 6 0.020032741 
683 401 22 21 0.020029338 
188 489 13 14 0.020026146 
889 57 7 7 0.020025454 
104 47 5 6 0.020020956 
163 190 11 11 0.020020159 
691 26 7 7 0.020017285 
372 190 7 9 0.020012986 
82 65 8 7 0.020003106 
