2_Demonstration_Political_Rally_2_57
86
757 145 28 36 0.99907184 
279 141 27 41 0.99832946 
485 309 50 62 0.9981329 
945 170 28 36 0.99761295 
896 253 32 42 0.9968746 
359 143 34 40 0.9963122 
782 147 31 40 0.9962519 
493 165 32 43 0.9962368 
444 78 20 26 0.99512875 
81 140 32 46 0.9945133 
213 145 31 44 0.9934236 
146 133 32 38 0.99153686 
929 216 22 29 0.99114674 
921 169 23 35 0.98778963 
385 122 28 39 0.98629564 
664 182 29 37 0.9826973 
527 152 32 41 0.9824096 
826 124 32 43 0.98120743 
261 131 18 28 0.9805366 
593 133 29 45 0.97447884 
275 204 33 42 0.95748705 
646 151 20 31 0.9502565 
-3 123 18 41 0.9466571 
9 127 19 34 0.89265555 
463 152 22 36 0.8190207 
106 152 19 27 0.74463093 
487 136 21 27 0.6838119 
105 119 25 29 0.44229048 
934 155 22 24 0.3633628 
28 147 13 20 0.2795359 
112 111 26 26 0.21949227 
838 328 21 26 0.19929232 
472 106 21 27 0.18109877 
178 161 18 26 0.16008136 
285 120 18 21 0.15924826 
236 92 7 9 0.09282766 
578 126 18 27 0.0917848 
670 126 12 19 0.08251305 
846 332 12 15 0.076660536 
645 127 20 26 0.06846419 
986 233 21 24 0.06407893 
175 214 20 22 0.059204202 
60 64 19 22 0.05260591 
558 104 16 26 0.051590126 
554 115 12 18 0.050846916 
472 144 30 38 0.04863598 
271 136 23 27 0.046824105 
245 161 10 12 0.04592407 
850 233 23 31 0.045821205 
342 153 24 26 0.041335527 
450 207 9 12 0.03882836 
120 134 23 24 0.038100414 
717 236 18 26 0.036394414 
571 99 5 8 0.0353383 
718 172 19 26 0.034941673 
186 54 5 7 0.034843165 
160 146 25 33 0.0342317 
508 149 9 12 0.033087112 
973 156 8 9 0.031359877 
670 119 10 15 0.029890765 
133 155 22 28 0.028967274 
495 144 21 26 0.028255202 
69 153 11 15 0.027621537 
563 106 8 12 0.0273976 
134 139 22 27 0.02732519 
582 151 18 30 0.027307985 
717 185 21 29 0.027080653 
464 332 20 32 0.027073802 
232 153 22 26 0.025868293 
294 106 22 31 0.02426431 
816 116 25 35 0.024164585 
21 114 12 17 0.023983972 
914 262 25 25 0.023644332 
137 152 11 13 0.023244942 
812 161 10 14 0.023108104 
586 125 23 35 0.022726608 
966 147 9 12 0.022718139 
959 168 26 32 0.022383457 
315 197 23 24 0.02185688 
117 172 12 15 0.021837056 
262 199 19 33 0.020925129 
587 110 11 16 0.020764127 
1009 34 19 26 0.020603301 
372 296 25 24 0.020228222 
936 151 16 14 0.020043408 
13 117 19 28 0.020013208 
