2_Demonstration_Demonstrators_2_567
21
430 120 46 62 0.99971503 
537 50 64 82 0.9919979 
697 60 62 83 0.9826035 
895 37 51 104 0.85533786 
82 97 34 44 0.3650027 
938 45 71 113 0.14706936 
616 116 68 64 0.11460979 
751 704 19 23 0.080320396 
866 393 97 146 0.03763452 
197 306 11 16 0.033796784 
665 70 59 86 0.032178335 
848 383 39 59 0.03181817 
523 61 42 64 0.030458853 
287 422 9 13 0.027205717 
75 125 45 60 0.026014442 
64 103 25 33 0.024451101 
916 68 55 82 0.021905484 
540 225 40 59 0.020903608 
666 258 53 43 0.020745134 
24 116 22 30 0.020350728 
35 163 34 60 0.020101758 
