2_Demonstration_Demonstration_Or_Protest_2_617
67
55 414 56 64 0.99964 
541 439 41 46 0.9988587 
153 395 54 57 0.9983266 
7 402 39 42 0.99706155 
591 488 58 65 0.9969963 
317 445 42 51 0.9939307 
729 79 71 82 0.99074686 
644 460 45 45 0.98957914 
813 524 171 188 0.8345676 
419 453 41 36 0.47867203 
271 468 48 57 0.3870156 
374 434 19 30 0.16856197 
228 409 34 46 0.16274661 
0 317 37 51 0.098298 
284 430 29 34 0.08772647 
505 413 24 23 0.07912057 
268 438 50 56 0.06983396 
298 453 41 54 0.05899906 
959 82 6 7 0.05830025 
202 394 39 54 0.05648294 
805 550 100 102 0.056124005 
466 399 21 32 0.050898448 
655 507 23 37 0.048560847 
-27 -210 220 204 0.047108747 
415 463 12 15 0.04157932 
252 422 44 44 0.041238647 
815 582 32 29 0.04115746 
551 392 10 15 0.040911395 
1 392 13 14 0.039287258 
517 445 38 44 0.038680077 
15 19 24 29 0.03867307 
290 408 19 22 0.036565162 
480 408 23 35 0.0357527 
0 396 22 30 0.03423847 
1000 131 11 15 0.032448415 
20 55 21 35 0.031000115 
294 433 34 47 0.03007403 
817 590 12 12 0.030041993 
635 477 45 60 0.029756749 
82 -186 260 138 0.02924598 
784 492 26 46 0.028291047 
440 416 10 13 0.027925339 
940 96 7 10 0.027901258 
298 237 20 33 0.026528457 
1000 126 21 30 0.026302937 
244 413 30 32 0.025033725 
47 422 29 33 0.024950473 
1007 146 4 6 0.024771245 
418 459 16 14 0.024611874 
360 315 22 22 0.024491072 
361 433 22 33 0.02439038 
731 548 42 64 0.024099104 
531 545 5 12 0.023358883 
757 -189 259 137 0.023256762 
474 388 21 32 0.022962373 
167 361 53 61 0.022876726 
145 418 24 30 0.02258433 
370 119 43 55 0.022394435 
0 502 79 109 0.022042686 
87 235 17 22 0.021705903 
542 554 7 11 0.021184035 
243 458 55 56 0.021172158 
990 89 64 85 0.020501975 
169 323 51 53 0.0204366 
572 514 21 37 0.020366203 
486 435 30 36 0.020346899 
44 63 9 17 0.02024416 
