2_Demonstration_Demonstrators_2_12
376
295 551 126 145 0.99469876 
844 514 11 17 0.39662644 
685 341 31 52 0.25910598 
187 601 5 10 0.24766262 
147 607 6 12 0.21460423 
121 627 7 12 0.21396106 
141 536 6 12 0.2066778 
68 487 22 22 0.195877 
134 564 6 12 0.19373716 
154 576 6 11 0.17288919 
148 508 5 10 0.16236319 
140 639 7 11 0.14950016 
101 611 9 16 0.14579692 
207 588 5 10 0.11459145 
258 553 4 7 0.11065265 
154 480 5 10 0.110290386 
180 629 6 11 0.10961006 
8 392 104 133 0.10246453 
159 550 6 11 0.10211185 
185 508 5 9 0.09921923 
129 596 6 11 0.095498875 
216 533 6 9 0.084541894 
559 188 49 114 0.08351046 
109 582 7 13 0.08157231 
195 547 4 9 0.077835836 
102 505 9 14 0.076463155 
598 497 39 44 0.07497185 
0 64 7 14 0.07454097 
92 643 10 16 0.07396485 
115 550 7 13 0.073822506 
168 493 6 11 0.07347073 
181 534 5 10 0.06955964 
252 552 4 7 0.068491176 
164 520 6 11 0.0675417 
198 551 5 9 0.06661881 
113 657 9 16 0.06383446 
198 641 5 10 0.063397735 
165 620 6 11 0.06329945 
258 549 4 6 0.06165691 
204 508 4 8 0.0612657 
172 482 6 9 0.061247077 
-20 -165 179 170 0.061113346 
210 590 5 9 0.06031531 
226 532 4 8 0.05949332 
175 563 5 11 0.059461467 
88 567 8 15 0.059032697 
172 589 5 11 0.05900468 
158 648 6 11 0.058730118 
136 444 5 8 0.057290856 
214 533 4 9 0.056834888 
226 546 4 9 0.05621317 
231 547 4 9 0.055199884 
243 546 5 8 0.054803137 
211 559 5 9 0.054507896 
192 576 5 10 0.05336579 
239 545 4 8 0.052039076 
212 547 5 8 0.051091477 
220 583 5 9 0.05091725 
0 609 21 30 0.050789665 
239 541 4 7 0.050741337 
224 571 6 9 0.048943143 
200 521 5 8 0.047336586 
174 476 5 9 0.046701495 
219 551 4 9 0.04666941 
213 508 4 7 0.04665898 
81 598 9 16 0.04660132 
213 636 5 9 0.04613939 
218 527 6 9 0.04507031 
218 611 5 9 0.04479901 
217 538 5 9 0.0445094 
169 589 5 11 0.044010524 
253 549 4 6 0.043774147 
805 355 318 327 0.043736648 
256 558 5 8 0.042682786 
213 551 4 9 0.042281095 
174 660 6 11 0.042257093 
232 539 4 8 0.04147867 
171 487 7 10 0.04136174 
222 584 6 9 0.04135091 
134 467 6 11 0.041251652 
186 539 5 9 0.04050724 
146 537 6 12 0.039268207 
133 671 8 11 0.0391487 
598 367 34 80 0.039048027 
200 609 5 11 0.03892702 
101 371 183 249 0.03890899 
935 289 7 8 0.038462766 
123 520 6 12 0.038429305 
226 559 4 8 0.038181715 
162 616 5 11 0.03812593 
153 467 6 11 0.038016185 
266 565 3 7 0.03796961 
205 615 5 10 0.037876107 
192 572 4 10 0.036711417 
212 564 5 9 0.036412116 
139 444 5 8 0.036338292 
204 602 5 10 0.036253747 
206 559 5 9 0.036194567 
186 496 5 8 0.03615099 
230 534 5 7 0.036061674 
244 559 5 8 0.035936512 
930 291 6 7 0.035771493 
218 597 5 9 0.035683475 
205 501 5 8 0.035585027 
172 272 60 57 0.035224795 
151 463 7 10 0.034825057 
186 501 5 8 0.034733057 
1 437 5 10 0.034655616 
179 564 5 10 0.034492005 
858 -182 258 171 0.034453467 
91 468 3 4 0.034149297 
199 629 5 9 0.033857934 
232 622 5 8 0.03383264 
214 539 4 8 0.03351454 
922 297 7 8 0.033464354 
882 445 88 126 0.0333873 
35 487 3 3 0.03309744 
230 633 7 11 0.033082668 
95 416 7 8 0.0330283 
47 488 3 3 0.032956634 
95 535 8 15 0.03259532 
-5 245 361 458 0.032478623 
35 491 4 4 0.032150287 
675 257 94 112 0.03203526 
137 439 5 8 0.03192057 
167 475 5 9 0.031822197 
134 449 6 9 0.03147178 
506 187 86 133 0.031466756 
161 538 5 10 0.031232843 
245 552 4 8 0.03119708 
206 526 5 9 0.031137817 
699 502 6 11 0.03112526 
156 551 5 11 0.031082487 
198 539 5 9 0.031016044 
79 491 10 11 0.030848278 
219 571 5 9 0.030796109 
122 614 7 11 0.030717885 
206 545 4 9 0.03062167 
94 633 10 15 0.03048122 
129 494 6 11 0.030473806 
218 546 4 9 0.030154495 
211 514 4 8 0.03005428 
239 571 5 8 0.02996765 
927 295 8 9 0.02992339 
34 518 4 4 0.029778866 
0 486 9 14 0.029659407 
209 584 6 9 0.029593237 
46 492 4 4 0.029524323 
211 577 5 10 0.029489001 
194 501 4 8 0.029453976 
107 510 8 13 0.029279113 
40 519 3 3 0.029215895 
86 467 3 4 0.029185846 
133 482 6 10 0.029180441 
160 635 6 10 0.029158179 
47 465 5 4 0.029147388 
79 471 4 5 0.029139485 
253 559 4 7 0.029103091 
43 461 3 3 0.029102227 
187 571 5 10 0.029035158 
91 471 4 5 0.0290347 
238 559 4 8 0.029019957 
42 488 3 3 0.028962761 
192 668 6 11 0.028909467 
48 460 3 4 0.028882235 
218 578 5 9 0.028856765 
85 471 4 5 0.028830905 
711 534 28 32 0.02882522 
186 11 24 23 0.028731832 
191 602 6 10 0.028572926 
911 308 10 11 0.028541073 
128 563 7 12 0.028473374 
180 494 5 9 0.028443536 
205 520 5 9 0.028410755 
168 481 5 9 0.028374314 
200 501 4 8 0.02834961 
157 13 65 54 0.028332502 
114 449 8 13 0.028219549 
226 616 4 9 0.027928522 
227 64 90 107 0.027799554 
921 284 22 22 0.027745927 
166 525 5 9 0.02774386 
198 534 5 8 0.027668132 
198 635 5 10 0.027318474 
180 489 5 8 0.027250003 
-17 569 133 306 0.02719937 
193 508 4 8 0.027194437 
167 488 6 11 0.02715774 
719 513 28 39 0.02711287 
206 634 5 10 0.027067795 
181 508 5 10 0.026929654 
145 640 7 11 0.026928557 
193 559 4 9 0.026909694 
206 552 4 9 0.026905362 
211 653 7 10 0.026876418 
1015 377 11 18 0.026856069 
262 553 4 6 0.02666957 
115 645 8 13 0.026585592 
586 416 33 69 0.026568336 
153 485 6 11 0.026528014 
913 302 10 11 0.026486397 
40 495 6 6 0.026267348 
200 584 5 10 0.0262178 
932 293 10 12 0.026192883 
205 513 5 8 0.026185732 
203 609 5 11 0.026086487 
42 492 4 3 0.02606702 
185 634 5 10 0.026064372 
179 388 307 420 0.026049905 
162 487 5 10 0.025582623 
226 541 4 7 0.025536817 
212 527 5 9 0.025530882 
230 559 5 9 0.025393248 
611 376 19 41 0.02535607 
188 16 10 11 0.025275445 
207 572 4 8 0.025126753 
238 566 4 8 0.025071718 
200 526 4 8 0.025060602 
133 454 7 11 0.025038557 
42 464 4 5 0.025037192 
917 482 24 29 0.02491574 
119 550 7 12 0.024676496 
216 521 5 8 0.02465594 
140 469 6 9 0.024652842 
586 229 20 44 0.024627328 
14 500 7 10 0.02459654 
173 499 5 10 0.024581542 
128 578 7 11 0.024558216 
181 602 5 11 0.024491588 
200 597 5 9 0.024481848 
905 296 21 24 0.024447722 
243 541 5 7 0.024371643 
128 524 6 11 0.024343744 
160 482 5 9 0.024339514 
193 641 5 10 0.0242709 
609 333 64 113 0.02424614 
264 562 4 5 0.024203252 
231 565 5 9 0.024175543 
148 481 5 10 0.02417245 
285 575 3 5 0.024111206 
119 448 8 13 0.024111021 
201 26 9 10 0.024096798 
130 444 5 8 0.02406284 
140 456 6 10 0.02401996 
219 566 4 8 0.023908516 
46 496 5 6 0.023881357 
194 513 4 9 0.023848834 
148 501 5 10 0.023816133 
592 520 45 51 0.02368182 
153 512 6 10 0.023673398 
212 520 5 8 0.023659833 
-77 454 351 423 0.023599073 
200 513 5 8 0.023592906 
129 449 7 11 0.023531849 
79 466 4 4 0.023484996 
28 518 4 4 0.023461806 
935 286 6 6 0.023444666 
231 609 6 9 0.023408758 
922 290 6 8 0.023357794 
567 212 23 56 0.02333102 
142 607 6 12 0.023112658 
206 540 5 8 0.023064246 
206 577 5 9 0.023063658 
114 507 7 11 0.022998296 
238 553 3 7 0.022988675 
40 512 4 4 0.022977814 
17 0 419 490 0.022952678 
140 462 6 9 0.022942247 
45 596 6 8 0.022928363 
53 487 3 3 0.022812774 
86 555 11 16 0.02278455 
161 476 5 8 0.022744251 
223 596 5 10 0.022697018 
225 552 4 8 0.02268192 
73 613 12 18 0.022681462 
178 476 5 9 0.0226691 
68 633 11 18 0.022666236 
168 -1 21 20 0.022643616 
113 479 8 12 0.022635702 
598 435 18 32 0.022593528 
59 659 16 26 0.022588326 
101 601 10 15 0.022506695 
226 647 5 10 0.022496311 
918 300 10 11 0.02244808 
167 499 6 10 0.022384541 
126 626 7 13 0.022351205 
140 569 6 11 0.022338277 
217 628 5 9 0.02233249 
224 565 6 9 0.022314277 
47 622 4 4 0.0222856 
147 458 7 9 0.022271035 
53 455 5 4 0.022159794 
193 539 4 9 0.02215444 
573 233 11 23 0.022061154 
112 581 8 13 0.022023102 
71 524 5 5 0.021968858 
22 158 195 185 0.02196622 
173 469 6 9 0.02194502 
702 458 36 54 0.021890812 
175 628 5 11 0.021873422 
135 537 6 12 0.021830393 
879 520 6 10 0.02178607 
162 524 5 10 0.021762168 
202 15 9 9 0.021685258 
208 667 8 11 0.021684306 
132 493 7 11 0.021672517 
673 303 23 39 0.021649046 
915 299 7 8 0.021578597 
167 509 5 9 0.021504024 
848 498 4 5 0.021481626 
173 654 6 11 0.021478442 
34 512 4 4 0.021470197 
59 461 3 4 0.021421162 
843 401 60 108 0.021416852 
879 263 78 99 0.021398045 
105 595 9 13 0.021382334 
243 572 4 9 0.02134998 
153 608 6 11 0.02134446 
129 468 6 11 0.021275355 
106 613 8 14 0.021264961 
184 629 5 10 0.021119948 
597 471 69 82 0.021045478 
906 308 23 27 0.021041797 
28 498 24 30 0.021025892 
938 285 6 7 0.021014515 
20 583 5 4 0.020949878 
174 533 5 10 0.02093883 
142 475 6 9 0.02091296 
173 578 5 9 0.020889962 
188 552 4 9 0.020861706 
848 503 7 9 0.020797074 
68 501 11 15 0.020774243 
257 564 5 9 0.020770252 
258 542 3 6 0.020761488 
804 453 21 26 0.020723736 
179 623 6 9 0.020719545 
129 461 7 12 0.020705048 
84 432 24 33 0.020697054 
140 449 5 9 0.020654332 
160 443 7 10 0.020650381 
59 -157 246 143 0.020621948 
52 492 3 3 0.020601146 
210 648 7 11 0.020583758 
193 660 6 9 0.020573601 
84 563 8 15 0.020564778 
80 410 13 14 0.02055059 
232 591 4 9 0.020507444 
100 536 8 13 0.020503238 
212 596 5 10 0.020494455 
122 512 7 11 0.020477131 
251 579 5 8 0.020461386 
46 518 3 4 0.020441627 
215 23 8 10 0.020418469 
179 551 4 10 0.020388097 
166 609 5 10 0.020365879 
231 617 5 9 0.020344956 
212 629 5 9 0.020344457 
128 487 7 11 0.02033697 
53 461 4 3 0.020319505 
252 565 4 8 0.020318793 
929 286 6 6 0.020316266 
34 494 5 7 0.020297978 
805 435 20 27 0.02029733 
206 565 4 9 0.020283667 
101 418 6 8 0.02026106 
126 507 7 11 0.020244503 
244 565 5 8 0.020235734 
213 609 5 9 0.020205533 
173 17 30 31 0.020193549 
210 22 7 8 0.02019071 
181 521 4 9 0.020186841 
148 466 6 12 0.020182423 
159 470 6 8 0.020181546 
89 434 8 8 0.020137064 
223 673 7 11 0.020084614 
192 19 24 25 0.020034958 
