2_Demonstration_Demonstration_Or_Protest_2_1
207
408 246 40 49 0.99976915 
357 254 39 55 0.9996897 
481 282 42 56 0.9995894 
206 246 41 46 0.9995466 
958 273 42 55 0.999482 
607 247 39 57 0.9994165 
896 115 40 45 0.9991696 
564 233 41 51 0.9987509 
206 127 45 54 0.9983802 
482 30 33 46 0.99809855 
309 518 40 58 0.99661475 
110 302 43 43 0.99450076 
224 2 34 40 0.993101 
322 475 42 50 0.9929321 
348 10 36 43 0.9923383 
924 265 38 49 0.99207217 
849 92 33 41 0.99183977 
891 253 39 44 0.9878906 
301 264 33 41 0.9836258 
313 404 24 31 0.9828408 
814 525 33 48 0.9824853 
518 472 37 44 0.9788325 
226 550 17 21 0.9685883 
173 165 37 49 0.9680683 
544 155 15 18 0.94583875 
531 268 31 43 0.9218914 
145 493 40 55 0.91872805 
120 487 43 55 0.91609466 
959 170 44 43 0.88111925 
739 356 17 25 0.8696325 
616 530 38 42 0.863333 
483 247 35 37 0.830573 
147 239 33 48 0.7825409 
1004 115 28 44 0.71842396 
802 229 32 55 0.55611163 
788 254 39 56 0.54105824 
705 245 30 33 0.5117554 
247 273 22 25 0.4143668 
361 360 14 18 0.38613695 
820 267 50 55 0.31239617 
743 575 35 47 0.30315968 
202 499 25 25 0.28832194 
263 326 18 23 0.28039622 
191 603 40 63 0.27504656 
59 248 13 18 0.27317235 
517 572 46 63 0.25777286 
235 548 18 24 0.25633556 
751 285 24 32 0.24436182 
89 635 46 66 0.24315546 
731 357 15 21 0.17377003 
689 519 17 34 0.13366999 
622 566 29 27 0.12805307 
689 547 29 47 0.120025866 
988 161 34 47 0.10863885 
52 252 24 43 0.10688463 
732 191 5 8 0.10439985 
302 163 33 48 0.08641413 
299 439 20 28 0.080643445 
369 624 48 59 0.079094656 
298 2 25 24 0.07221428 
883 128 27 34 0.06985371 
781 416 22 27 0.069533415 
755 594 39 50 0.06939684 
799 290 24 29 0.06747777 
359 78 16 17 0.066071756 
121 229 19 22 0.065327756 
156 317 11 14 0.0652792 
213 555 11 13 0.06504834 
120 247 26 24 0.0647999 
344 239 23 34 0.06289367 
648 539 24 34 0.062372185 
478 376 6 9 0.060779475 
875 562 22 31 0.0588664 
146 86 31 49 0.058593724 
128 254 41 52 0.057709277 
733 189 4 5 0.057250887 
697 110 5 7 0.056727953 
767 558 24 31 0.056423593 
753 361 11 18 0.054552935 
82 19 6 9 0.054518405 
23 585 36 62 0.052534655 
583 525 27 33 0.051567364 
401 526 35 43 0.051546883 
671 553 33 50 0.050002974 
756 265 36 50 0.048014384 
707 123 4 5 0.046276808 
62 19 37 46 0.045290075 
695 113 6 9 0.044645466 
589 151 28 26 0.043578696 
663 197 19 32 0.043349296 
207 466 25 39 0.042953793 
460 433 40 53 0.042452246 
822 125 3 4 0.041547146 
682 109 5 6 0.041515775 
719 187 4 7 0.040160928 
647 591 23 32 0.038728986 
722 202 23 29 0.03832289 
148 196 34 41 0.038030367 
387 546 34 45 0.037652 
520 513 23 34 0.037235647 
614 153 9 9 0.03709374 
1007 292 10 11 0.036032334 
615 612 44 50 0.035860438 
180 502 35 38 0.034930717 
704 230 26 25 0.034783684 
727 274 41 59 0.034133624 
124 139 38 56 0.033846 
720 181 3 4 0.03366915 
474 168 21 27 0.033179045 
552 423 19 35 0.03279924 
501 241 30 34 0.032762937 
689 120 7 8 0.03270733 
714 255 37 44 0.032127235 
550 546 23 38 0.031953532 
491 553 33 36 0.031925842 
81 201 10 13 0.031812694 
744 153 5 5 0.031774543 
635 246 34 52 0.031523958 
729 195 7 11 0.031343877 
384 17 30 44 0.031215549 
969 605 22 28 0.031129213 
597 525 37 61 0.031058406 
722 186 5 7 0.030547414 
549 254 39 43 0.030457696 
667 620 34 50 0.02968774 
666 123 17 24 0.029610343 
319 233 23 30 0.029263971 
628 575 36 41 0.02900552 
621 170 10 10 0.028918216 
76 202 18 25 0.028660866 
93 294 22 29 0.028435124 
286 444 32 46 0.028394125 
358 395 7 9 0.028302874 
300 422 6 7 0.028255263 
375 22 20 32 0.027889263 
83 552 26 24 0.027488941 
100 499 25 33 0.027342323 
377 546 21 38 0.027203066 
461 389 26 34 0.027150625 
166 516 26 37 0.026956433 
998 291 21 27 0.02652259 
693 313 29 45 0.026094994 
726 346 32 43 0.025910752 
304 310 13 14 0.025866346 
387 605 38 50 0.025705807 
763 144 4 5 0.025593964 
143 24 29 27 0.025139524 
739 267 20 27 0.025096366 
822 119 2 3 0.025054596 
659 577 35 47 0.024797734 
828 73 4 4 0.024080245 
162 310 10 15 0.024074998 
718 190 5 8 0.02402554 
49 280 23 33 0.02396382 
797 140 4 6 0.023736509 
695 193 4 4 0.023694107 
189 625 22 36 0.023643343 
714 551 26 41 0.023560695 
699 192 4 5 0.023506349 
995 90 59 82 0.023246937 
708 194 4 4 0.02307986 
711 291 36 59 0.023060832 
939 641 31 27 0.022996604 
231 370 22 33 0.022986084 
147 479 9 14 0.022950243 
212 510 14 15 0.022868937 
987 283 24 32 0.022783188 
785 119 2 3 0.022709813 
204 589 26 46 0.022604829 
709 198 5 7 0.022467429 
985 115 34 49 0.022461992 
154 300 20 26 0.022428244 
156 82 12 20 0.022335097 
719 178 3 3 0.022266915 
724 182 3 5 0.022249768 
758 142 4 5 0.022237327 
688 311 18 33 0.021983296 
530 548 39 55 0.021977019 
707 110 4 5 0.021817964 
853 247 43 57 0.021742295 
751 564 23 31 0.021676589 
693 177 4 4 0.021598954 
999 140 30 49 0.02159072 
237 142 20 31 0.02158038 
587 151 11 11 0.021407403 
708 176 3 4 0.02131376 
609 468 43 50 0.021290222 
690 243 32 48 0.02125204 
147 167 37 51 0.021166373 
798 131 3 3 0.021108426 
136 240 28 30 0.021099472 
694 168 3 3 0.021066993 
33 125 24 37 0.02101183 
724 192 5 7 0.021000473 
219 501 13 17 0.020934459 
833 508 22 28 0.020842245 
155 346 25 31 0.020806959 
71 17 7 10 0.020698983 
533 42 21 38 0.02048675 
542 431 37 50 0.020407 
481 532 27 28 0.020373903 
797 138 4 5 0.02031474 
383 566 41 52 0.020219095 
245 548 13 19 0.020099813 
711 319 63 82 0.02007345 
78 54 23 37 0.020015636 
711 177 4 4 0.020002792 
