2_Demonstration_Protesters_2_559
1119
730 407 68 104 0.99146724 
820 229 110 87 0.803399 
340 129 30 22 0.6028501 
890 195 111 118 0.5380935 
614 93 6 7 0.1643384 
106 53 6 9 0.15596841 
681 92 5 6 0.15300378 
628 84 5 6 0.14699659 
822 166 51 42 0.14041613 
294 250 10 9 0.13340425 
935 92 6 7 0.110306226 
196 52 6 7 0.105482474 
243 53 9 9 0.0993975 
563 92 5 6 0.096267916 
755 92 5 6 0.09296652 
922 92 5 6 0.08916125 
662 92 5 7 0.083669804 
99 275 53 75 0.08062196 
531 93 5 6 0.07990426 
95 93 5 6 0.079710476 
412 95 7 8 0.0783988 
693 168 50 50 0.0774762 
217 53 6 8 0.07693689 
794 92 6 7 0.0724435 
365 253 9 12 0.07198319 
72 93 3 6 0.07076953 
437 93 5 5 0.07050911 
69 398 20 27 0.07009391 
918 92 5 5 0.06907843 
30 96 5 7 0.06866277 
19 53 4 7 0.06804596 
161 181 41 42 0.06789247 
57 91 5 7 0.06744843 
31 93 4 6 0.064781986 
673 90 4 7 0.064114824 
35 52 4 7 0.063018836 
347 93 6 7 0.062362537 
598 91 5 6 0.06077686 
20 87 4 6 0.06075443 
851 91 5 7 0.059030842 
526 128 65 60 0.05864601 
293 92 6 7 0.058302928 
885 91 5 7 0.05747129 
609 142 47 50 0.05610835 
385 92 5 6 0.055301905 
967 90 7 9 0.05464466 
233 92 7 7 0.053567044 
19 90 5 7 0.053481895 
172 164 29 25 0.052791055 
247 263 14 10 0.052569743 
152 96 6 7 0.051460348 
55 92 4 6 0.050918646 
588 91 6 7 0.050811857 
83 92 5 7 0.050641343 
520 92 4 7 0.050546493 
403 91 6 6 0.049977697 
681 88 4 4 0.049526304 
673 87 3 5 0.0492803 
270 119 14 13 0.048953593 
124 59 5 7 0.048746776 
942 91 6 7 0.046332784 
319 247 23 23 0.04630582 
210 95 6 7 0.04622759 
577 93 4 6 0.045996934 
358 750 6 7 0.04560802 
339 91 5 6 0.044643614 
318 92 5 7 0.044611394 
820 173 97 93 0.044487078 
289 248 23 19 0.04418659 
336 91 5 6 0.04415886 
477 148 21 21 0.043233138 
704 163 12 13 0.043185823 
716 153 15 15 0.043024234 
269 129 36 32 0.042983633 
856 199 10 11 0.04256648 
592 110 24 22 0.04253994 
249 94 7 8 0.04251763 
806 170 27 28 0.04219004 
130 489 90 83 0.041980185 
395 231 24 24 0.041792706 
396 91 6 6 0.04147554 
769 93 4 6 0.040982366 
60 87 4 5 0.040927656 
833 188 35 29 0.040832903 
85 86 3 5 0.040790927 
589 84 5 6 0.04070133 
929 92 5 6 0.040614545 
187 93 5 6 0.04061195 
654 92 4 7 0.040399626 
233 95 8 8 0.0403536 
318 96 6 7 0.040273074 
41 93 4 5 0.040144425 
443 752 5 5 0.03974649 
465 85 4 5 0.039587267 
287 117 30 23 0.039483424 
598 97 5 7 0.039455295 
640 97 6 8 0.03931121 
629 82 4 4 0.039275534 
873 92 5 6 0.039192315 
835 128 12 10 0.039163593 
849 121 11 8 0.038891442 
846 163 31 24 0.03870102 
264 253 14 11 0.03866889 
315 224 7 7 0.03866039 
865 134 13 9 0.03860781 
69 93 3 5 0.03816078 
286 240 7 7 0.038131166 
279 58 11 9 0.038116917 
946 90 7 9 0.037968483 
598 87 5 5 0.037961747 
936 86 5 6 0.037931368 
891 30 131 84 0.037696462 
148 59 6 7 0.037503574 
686 88 4 4 0.037459966 
124 52 5 8 0.036850184 
474 92 5 7 0.03670095 
969 72 26 23 0.036582287 
451 138 13 14 0.036526646 
304 250 10 11 0.036511566 
93 95 6 8 0.036471914 
727 92 5 5 0.03635997 
855 189 24 26 0.03634781 
867 123 10 6 0.036258996 
453 118 25 20 0.036256034 
264 58 6 8 0.036175124 
257 234 26 21 0.03607106 
829 85 4 5 0.035785343 
259 85 5 6 0.03569603 
816 92 4 5 0.03546013 
924 97 4 5 0.035387445 
298 245 10 9 0.03538241 
495 132 24 21 0.035235867 
589 81 5 5 0.035203353 
116 60 5 7 0.035014186 
399 86 5 5 0.035013504 
598 118 26 21 0.035002865 
553 92 5 6 0.034892317 
176 56 7 10 0.034877144 
910 91 5 6 0.03487571 
195 48 5 6 0.034858774 
393 92 5 5 0.034674197 
868 118 9 7 0.034657437 
873 97 5 7 0.034421775 
136 753 4 5 0.03429458 
274 225 45 42 0.034219053 
852 85 4 5 0.03416142 
226 92 5 6 0.034156617 
409 135 33 20 0.03402029 
840 93 4 5 0.033978835 
859 91 5 6 0.033934284 
570 414 11 16 0.033861548 
424 87 5 5 0.03377992 
116 53 5 7 0.03369157 
348 750 5 7 0.03367444 
692 92 5 4 0.033651244 
925 70 24 25 0.033552375 
28 54 4 6 0.033424184 
958 79 24 24 0.033416234 
108 47 6 6 0.033302404 
846 146 29 20 0.033290718 
866 92 4 5 0.033261284 
224 96 6 7 0.033240803 
868 146 12 11 0.033186927 
837 124 8 7 0.03313743 
235 64 6 8 0.03302606 
242 238 8 11 0.032982446 
124 48 5 6 0.03295574 
650 133 11 13 0.032927774 
198 48 5 7 0.032896765 
832 160 30 24 0.032866836 
283 47 7 6 0.03279723 
127 47 5 7 0.032793336 
952 83 6 8 0.03263861 
240 263 12 11 0.032620113 
126 241 22 26 0.032614384 
852 190 13 12 0.03257189 
627 90 6 8 0.03253945 
259 772 4 4 0.032408603 
57 97 5 6 0.03230749 
112 282 27 33 0.03230032 
601 130 29 26 0.032276593 
177 92 4 6 0.032275602 
633 95 6 9 0.03220196 
46 93 3 5 0.032147765 
423 92 5 6 0.032136273 
315 752 5 5 0.032100983 
917 749 5 6 0.032071073 
394 18 115 95 0.032042284 
303 91 6 7 0.032031003 
817 122 8 8 0.03202124 
230 266 15 14 0.031937342 
662 121 11 9 0.031862583 
220 87 4 4 0.031755358 
833 159 15 12 0.031684518 
896 93 5 6 0.031684127 
470 109 24 21 0.031660683 
34 59 4 7 0.031615775 
304 87 4 4 0.031574655 
305 542 36 66 0.031510744 
960 156 6 5 0.031319786 
244 86 6 6 0.031283535 
866 140 13 9 0.031252515 
706 84 5 5 0.031238895 
476 84 4 5 0.031155847 
744 92 5 5 0.031151406 
16 86 4 5 0.031141328 
404 87 4 5 0.031139852 
622 79 5 6 0.031126568 
940 97 6 7 0.031005051 
616 79 6 7 0.03100235 
250 257 13 10 0.030962039 
19 94 6 9 0.030813154 
28 88 3 4 0.03071919 
615 117 25 21 0.030698784 
127 58 5 8 0.030692266 
720 193 35 35 0.030680051 
571 93 5 5 0.03064221 
601 123 9 8 0.030591253 
413 88 4 4 0.030536141 
865 171 21 24 0.030517105 
348 96 7 8 0.030478287 
862 129 13 8 0.030403912 
218 48 5 5 0.0303721 
166 156 26 22 0.030311242 
417 87 5 5 0.03030179 
935 96 6 7 0.030219886 
567 108 22 24 0.030141864 
917 747 5 5 0.030135268 
937 234 6 6 0.030108888 
929 110 28 23 0.030091805 
242 118 23 21 0.030061334 
127 52 5 7 0.030011442 
948 84 7 7 0.030006243 
108 64 6 8 0.029983176 
642 92 4 7 0.02997483 
599 78 9 7 0.029961232 
219 92 4 6 0.029954247 
91 86 4 5 0.029947866 
332 98 6 6 0.029923074 
453 129 10 9 0.029876402 
142 93 4 6 0.029783806 
431 58 26 24 0.029777447 
621 91 6 8 0.029760646 
854 82 4 4 0.029736333 
117 46 5 7 0.029697483 
918 89 4 4 0.029674731 
197 58 6 8 0.029673312 
953 90 6 8 0.029602995 
924 88 4 5 0.02957045 
560 92 5 6 0.029546909 
704 168 27 27 0.029541183 
322 772 4 4 0.029515399 
757 88 3 4 0.02949609 
928 86 5 6 0.029460108 
122 65 5 7 0.029443618 
214 88 3 4 0.0293953 
670 85 4 6 0.029372625 
35 88 3 4 0.029363642 
538 500 6 7 0.02935658 
79 236 26 26 0.029328054 
105 86 4 6 0.029287197 
125 85 4 6 0.029266084 
496 148 52 50 0.029263671 
667 16 118 93 0.029193275 
693 88 4 4 0.029192952 
629 95 6 8 0.029188817 
236 58 6 9 0.029179791 
844 122 10 8 0.029135732 
622 140 30 26 0.029121831 
220 57 7 9 0.029074613 
876 91 6 7 0.029071221 
746 184 10 13 0.02905285 
219 274 15 15 0.029038493 
392 98 6 7 0.029020106 
194 57 6 8 0.0290078 
829 81 4 5 0.028992347 
155 66 5 6 0.028976021 
928 199 6 6 0.028943194 
-55 -26 321 467 0.028910799 
155 48 5 6 0.028886693 
723 129 15 15 0.028881831 
297 258 15 14 0.028823547 
886 121 14 10 0.028753117 
204 59 7 7 0.028719923 
837 139 27 21 0.028715268 
751 93 5 5 0.028695224 
438 88 4 4 0.02863826 
302 80 6 6 0.02862285 
610 91 5 7 0.0285781 
258 216 30 24 0.028534614 
828 141 11 11 0.028515328 
457 93 4 6 0.028512845 
259 20 20 24 0.028440723 
258 269 12 10 0.028428076 
267 57 8 9 0.028412867 
441 93 5 5 0.028377663 
875 124 9 6 0.028370291 
441 165 29 24 0.028352736 
662 86 4 6 0.028283326 
513 85 4 4 0.028282572 
232 87 6 6 0.028235504 
583 24 91 95 0.028190417 
38 53 4 7 0.028180555 
276 96 5 7 0.02816365 
816 86 4 5 0.028162805 
243 231 6 10 0.028156687 
387 88 4 4 0.028114134 
375 121 11 11 0.028090661 
203 181 10 10 0.028069507 
243 61 9 11 0.02805825 
642 103 5 7 0.027984753 
891 641 5 6 0.027952509 
683 267 98 93 0.027909148 
181 175 29 26 0.027829323 
842 134 13 9 0.027806139 
833 150 28 19 0.02779108 
820 98 5 6 0.027777731 
252 234 49 44 0.027759874 
263 279 22 25 0.027737878 
368 751 5 6 0.027655385 
862 110 9 7 0.027636498 
866 191 12 15 0.027629932 
413 442 23 24 0.027624784 
220 120 24 22 0.027610812 
435 772 4 4 0.027603088 
945 140 7 7 0.027601443 
257 47 7 8 0.027591256 
188 88 4 4 0.02758967 
17 58 4 6 0.027588712 
967 180 7 7 0.02757929 
872 130 10 6 0.027567368 
18 57 6 8 0.027533928 
883 208 6 6 0.027491283 
449 129 25 21 0.027480528 
178 95 5 8 0.02746673 
437 97 5 6 0.027461546 
385 97 6 7 0.027461477 
399 465 4 5 0.027459128 
162 420 15 15 0.027435312 
634 85 4 6 0.02741971 
488 148 25 22 0.027365286 
288 391 8 7 0.027273502 
547 197 12 12 0.027263733 
258 128 24 26 0.027262773 
458 128 11 9 0.027245192 
344 198 26 31 0.027230216 
287 249 11 10 0.027226029 
869 110 9 7 0.0272211 
875 187 7 10 0.027199963 
945 86 24 26 0.02718016 
206 87 4 4 0.027179627 
168 81 4 5 0.027171904 
583 137 5 7 0.027115319 
278 235 24 21 0.027101256 
340 116 30 22 0.027060207 
585 80 6 5 0.027059026 
936 177 4 5 0.027057778 
148 53 5 8 0.02703063 
937 184 4 4 0.026972195 
42 88 3 4 0.02693379 
330 104 8 8 0.026897011 
928 98 5 6 0.026816517 
520 522 6 7 0.026786717 
763 93 4 5 0.02669023 
213 57 6 8 0.026675142 
304 221 11 11 0.026649272 
586 92 4 6 0.026644165 
414 403 23 26 0.02660027 
328 87 5 6 0.026594307 
160 60 4 6 0.026589012 
82 87 3 4 0.026569372 
945 195 23 30 0.026550133 
255 72 7 9 0.026544582 
598 185 28 24 0.026541425 
248 29 67 48 0.026539426 
876 204 7 10 0.026533473 
694 164 21 24 0.026523666 
293 240 7 6 0.02652213 
54 98 4 5 0.026521118 
98 87 3 5 0.026511272 
187 47 5 6 0.026510717 
257 79 6 7 0.026482133 
674 195 6 7 0.026444646 
882 200 8 8 0.02643171 
978 245 8 9 0.026404219 
589 138 7 7 0.026385972 
155 530 52 52 0.026383545 
354 121 28 24 0.026346877 
563 96 6 7 0.026338743 
209 181 9 9 0.026328776 
669 81 4 5 0.026312403 
673 221 6 7 0.026307521 
838 117 24 18 0.026235826 
882 142 9 7 0.026222663 
265 194 23 26 0.026214615 
39 58 4 7 0.026197987 
829 154 12 12 0.026197797 
745 88 4 4 0.02617786 
109 40 7 8 0.02615981 
824 110 9 7 0.026153846 
434 153 28 26 0.026146268 
34 65 4 6 0.026135126 
45 98 4 6 0.026122438 
647 92 5 7 0.02611749 
67 87 3 4 0.026115716 
857 126 26 16 0.026091583 
79 97 4 6 0.026089855 
79 11 55 51 0.026085496 
235 68 22 24 0.026078751 
125 80 4 6 0.026077574 
264 47 5 7 0.026067223 
897 96 5 7 0.02604284 
105 753 4 5 0.026038073 
841 130 10 7 0.02602659 
443 118 20 21 0.026003512 
-5 -117 61 122 0.025980188 
175 86 4 6 0.025972383 
393 87 4 5 0.025953904 
578 96 4 7 0.025946375 
664 97 5 7 0.025931178 
198 64 6 7 0.025914285 
750 87 4 4 0.025913492 
676 194 8 9 0.02587068 
291 87 5 5 0.025863728 
830 123 10 8 0.025856135 
544 171 33 32 0.025853045 
271 57 23 20 0.02583389 
856 109 9 8 0.025787398 
681 95 6 7 0.025780754 
874 142 8 7 0.025772357 
509 264 119 117 0.025766842 
592 153 12 9 0.02574094 
194 66 5 6 0.02574008 
156 59 4 7 0.025726518 
304 243 27 26 0.025723122 
631 122 12 10 0.02567765 
483 98 6 6 0.025617402 
856 122 10 7 0.025608052 
836 57 10 8 0.025602125 
334 694 123 108 0.025577951 
430 72 8 7 0.02557636 
582 117 23 23 0.025541492 
706 82 4 4 0.025486315 
148 64 5 7 0.025482178 
802 180 59 52 0.025463132 
786 72 22 25 0.02545445 
886 97 5 6 0.025424283 
962 238 24 26 0.025421454 
696 161 12 11 0.025411136 
284 53 9 7 0.025402186 
806 71 8 8 0.025376799 
229 26 8 7 0.025376612 
864 98 5 6 0.025364473 
800 92 6 7 0.025346361 
466 123 11 9 0.025345838 
128 772 5 5 0.025343362 
251 87 6 6 0.025319995 
298 108 28 22 0.02530766 
238 263 21 20 0.025291085 
224 26 8 7 0.025278535 
540 197 28 26 0.025269967 
216 64 8 8 0.025188675 
599 135 11 10 0.02518727 
429 92 5 6 0.025182921 
54 105 5 5 0.025139604 
211 20 7 7 0.025136942 
814 156 26 28 0.025114743 
600 128 10 9 0.02510584 
601 87 6 7 0.025103964 
226 87 5 5 0.025102144 
700 93 4 5 0.025067393 
949 79 6 7 0.025066707 
133 249 9 11 0.025066018 
152 473 51 51 0.025061246 
296 87 4 5 0.025038509 
713 164 12 13 0.025031077 
665 195 8 9 0.025028663 
883 137 7 5 0.025021072 
300 64 9 8 0.02500849 
162 773 3 4 0.024998719 
423 772 4 4 0.024990106 
47 88 3 4 0.02497732 
222 39 18 24 0.0249397 
939 78 20 23 0.024928777 
476 171 28 25 0.024884965 
232 59 6 7 0.024845455 
454 143 14 15 0.024836333 
597 80 6 6 0.02483592 
932 125 27 24 0.02481656 
795 750 6 7 0.024808183 
834 126 24 18 0.024789859 
282 242 9 8 0.024765143 
141 96 5 7 0.024763405 
452 184 28 25 0.024762651 
160 65 5 6 0.024740005 
512 487 7 7 0.024733502 
-54 300 379 471 0.02472027 
674 81 3 4 0.024713786 
593 141 8 7 0.024701856 
553 197 11 11 0.024689354 
680 80 5 5 0.024665212 
713 146 14 12 0.02466028 
241 274 28 26 0.024658123 
617 86 4 5 0.024625031 
170 773 3 4 0.02462289 
236 20 8 8 0.024621498 
841 87 3 4 0.02461885 
634 80 5 6 0.024610031 
819 92 5 6 0.024608081 
242 26 9 8 0.024590913 
861 117 10 8 0.02453824 
544 92 5 6 0.024523534 
79 57 5 8 0.024512231 
6 4 93 133 0.024511779 
167 90 4 7 0.024490803 
622 384 13 17 0.024486354 
604 147 13 12 0.024467325 
111 86 4 5 0.02446356 
428 189 22 27 0.024442038 
856 129 12 7 0.024439758 
839 81 5 5 0.024430608 
97 59 5 8 0.02440836 
539 92 5 6 0.024403578 
744 147 25 27 0.024396153 
806 93 5 5 0.02439139 
695 154 11 8 0.0243642 
248 70 10 12 0.024352781 
828 93 4 5 0.024336904 
168 86 4 6 0.02433653 
402 57 9 9 0.024328446 
178 65 6 7 0.024326395 
662 199 10 13 0.024283886 
396 751 6 5 0.024259673 
684 97 6 7 0.024258675 
135 409 50 46 0.024243325 
317 87 4 5 0.024238054 
815 179 29 31 0.024224468 
642 86 4 5 0.024215711 
463 156 28 26 0.024214324 
685 194 6 7 0.024204424 
248 26 8 9 0.02420037 
339 138 50 36 0.02419939 
445 427 26 26 0.024182817 
508 93 4 5 0.024181843 
947 213 8 10 0.024152309 
198 256 99 68 0.024125272 
643 145 46 52 0.024121368 
938 187 3 5 0.024119321 
359 93 5 6 0.024107208 
819 85 5 6 0.024088843 
80 92 3 6 0.024087057 
1003 195 3 4 0.024080768 
581 128 7 8 0.024053587 
530 149 33 25 0.024036475 
881 148 11 10 0.024000613 
186 337 77 110 0.023992077 
142 58 5 7 0.023981482 
258 263 11 9 0.023976125 
450 93 4 5 0.023973571 
150 375 91 105 0.023964722 
411 465 4 5 0.023964042 
403 251 9 10 0.023957256 
589 129 7 6 0.023953851 
227 256 14 12 0.023953311 
482 107 13 12 0.023943044 
624 85 4 6 0.023942294 
586 85 5 6 0.02393844 
948 73 7 6 0.023928937 
851 98 6 6 0.023899395 
103 64 6 8 0.023898525 
782 770 5 6 0.023888335 
131 251 23 30 0.023884797 
220 97 4 6 0.023867896 
427 196 10 13 0.023859423 
856 134 28 18 0.02385725 
855 118 10 7 0.023856254 
251 41 17 22 0.023829626 
601 116 9 8 0.023827452 
946 96 7 8 0.023822485 
187 773 4 4 0.023817718 
953 181 6 6 0.023804316 
954 143 6 6 0.023796843 
593 124 9 7 0.02378268 
241 250 9 9 0.023771618 
270 47 5 6 0.023770152 
553 97 5 6 0.023751935 
259 170 15 17 0.023741797 
442 80 6 5 0.023733957 
537 508 27 22 0.02369973 
939 132 8 6 0.02369941 
56 87 3 4 0.023694953 
300 241 8 7 0.023680897 
953 167 6 6 0.023669247 
685 185 6 8 0.023662273 
949 189 5 6 0.023656799 
594 116 9 8 0.023644324 
236 26 8 8 0.02364029 
582 174 7 7 0.023635536 
951 212 11 15 0.023625514 
594 137 8 7 0.023592494 
776 93 4 6 0.023581168 
854 135 14 9 0.023574866 
735 7 29 21 0.023546759 
403 98 7 7 0.02354003 
226 46 6 7 0.023518018 
136 756 4 5 0.023468291 
327 85 19 22 0.023411581 
142 66 5 7 0.023410881 
656 134 10 11 0.023402415 
109 252 27 27 0.02339858 
712 94 4 5 0.023388837 
422 162 15 14 0.023325887 
431 88 4 4 0.023309715 
960 168 6 6 0.023300579 
413 102 10 9 0.023291105 
134 53 6 8 0.023289477 
972 181 6 7 0.023273772 
606 110 9 9 0.02327159 
733 139 9 13 0.023223704 
149 48 4 5 0.023212045 
116 92 4 7 0.023207568 
315 279 26 24 0.023200145 
903 90 5 7 0.023183672 
339 91 19 19 0.023178563 
404 120 16 10 0.023178078 
271 126 13 12 0.023177275 
55 15 89 108 0.023172004 
255 118 23 21 0.023170792 
691 161 8 8 0.023168506 
726 104 6 5 0.023158649 
859 81 4 5 0.02315012 
248 69 20 26 0.023135623 
911 87 4 5 0.02312016 
583 142 5 6 0.023114614 
249 33 7 8 0.023086824 
474 96 6 7 0.02308628 
116 65 5 7 0.0230825 
723 157 13 15 0.02307859 
198 20 7 7 0.023077298 
274 52 8 8 0.023073163 
68 96 4 6 0.023072932 
831 132 11 10 0.023061112 
818 110 9 7 0.023051118 
639 110 7 8 0.02304347 
290 380 4 5 0.023034034 
569 180 9 8 0.02301803 
850 110 9 7 0.023002379 
574 314 23 24 0.02300134 
794 86 6 6 0.022999063 
837 117 8 6 0.022966266 
105 80 5 6 0.022965675 
622 404 24 21 0.022910124 
621 97 5 6 0.02290271 
976 194 10 9 0.02290008 
742 129 10 9 0.022890666 
488 527 92 79 0.022875203 
232 432 95 108 0.022855192 
261 141 28 26 0.02284478 
947 132 5 5 0.022833545 
752 88 248 179 0.02281142 
608 78 6 7 0.022811053 
282 245 45 46 0.022801446 
135 281 30 36 0.022795597 
420 416 22 25 0.02276552 
304 243 11 10 0.022764802 
260 249 13 10 0.022760019 
867 87 4 5 0.022745326 
826 98 5 5 0.02273891 
826 105 6 6 0.022735046 
926 168 7 6 0.022729702 
335 751 5 6 0.022714334 
216 20 22 21 0.022709722 
378 237 27 24 0.022709036 
622 564 6 6 0.022697842 
155 200 33 32 0.022695098 
466 177 25 24 0.022686454 
281 32 8 8 0.02267233 
398 247 21 22 0.022659635 
211 27 7 7 0.022622183 
604 138 13 12 0.022619583 
847 92 4 6 0.022617767 
127 65 6 7 0.022586644 
916 392 24 21 0.022575714 
233 19 22 23 0.022555353 
422 80 6 5 0.022545079 
435 442 23 24 0.022535782 
246 241 9 11 0.02253036 
459 442 10 9 0.022523353 
892 236 6 8 0.022520674 
235 38 8 9 0.022518488 
967 170 6 5 0.022517947 
221 106 24 24 0.022510417 
256 50 7 9 0.022493618 
202 265 30 25 0.02247743 
118 243 10 11 0.022469912 
241 70 11 13 0.022458896 
875 110 9 7 0.022457153 
451 770 4 4 0.02245423 
151 92 4 7 0.022448486 
531 501 5 6 0.022447383 
783 93 4 6 0.022444025 
658 194 6 9 0.02243727 
235 33 9 8 0.022410506 
275 87 5 5 0.022398543 
875 152 9 10 0.022386974 
177 773 3 4 0.022381533 
561 58 10 9 0.022369402 
210 173 8 9 0.022367552 
181 87 4 5 0.022344725 
941 162 6 5 0.022334987 
985 250 6 9 0.022328721 
289 387 6 7 0.022309208 
456 86 5 5 0.022307275 
972 86 7 7 0.022289982 
700 81 4 4 0.022280429 
625 509 24 23 0.022242649 
104 47 5 6 0.022240572 
229 21 8 7 0.02223813 
131 224 12 12 0.022207867 
448 123 7 8 0.022204738 
77 220 94 103 0.022197705 
876 117 8 6 0.022191703 
321 87 4 6 0.022188863 
103 314 32 43 0.022188438 
816 99 4 5 0.022183497 
341 103 24 18 0.022180442 
117 753 4 5 0.022173055 
949 168 5 5 0.022158781 
820 81 5 5 0.022148896 
885 181 6 7 0.022147497 
488 661 6 5 0.022145132 
773 247 103 101 0.022128027 
551 416 9 12 0.022117127 
279 255 10 9 0.022115191 
16 49 3 4 0.0221009 
261 79 6 8 0.022095717 
796 175 23 29 0.022092255 
448 129 8 8 0.022090813 
365 206 5 6 0.022088164 
35 49 3 5 0.022084782 
967 195 6 6 0.022069823 
328 92 5 6 0.022069048 
420 422 11 11 0.022054592 
258 51 20 23 0.02204682 
373 206 6 6 0.02203817 
532 462 6 5 0.022037465 
942 189 4 4 0.02202865 
272 251 10 7 0.022024212 
276 109 25 19 0.022023687 
335 87 5 6 0.022019695 
934 161 7 6 0.022009514 
593 108 10 10 0.021991748 
422 128 104 77 0.021988837 
941 169 6 5 0.021984953 
513 484 6 5 0.021982618 
588 406 30 23 0.021977184 
105 243 11 11 0.021974752 
233 195 5 5 0.021968825 
475 144 50 42 0.02196245 
361 86 4 6 0.02196155 
844 110 8 7 0.02196084 
183 199 27 30 0.021957677 
482 91 6 6 0.021956835 
105 92 4 5 0.021955678 
180 47 5 6 0.021955222 
250 257 23 19 0.021943271 
940 156 6 5 0.02193869 
460 123 10 8 0.021935603 
617 178 12 13 0.021933872 
694 81 4 4 0.02192818 
539 425 5 5 0.021927066 
349 772 4 4 0.021915078 
588 96 6 8 0.021908948 
937 196 3 4 0.021902995 
935 746 5 4 0.021898283 
434 177 26 26 0.021889018 
617 64 23 25 0.021888066 
135 47 5 6 0.02188283 
432 771 5 4 0.021857658 
217 20 7 7 0.021856895 
203 65 7 7 0.021856397 
860 151 23 25 0.02185605 
725 165 12 12 0.021852048 
417 80 5 6 0.021851351 
847 80 5 5 0.02184854 
255 188 23 24 0.021839373 
877 86 6 6 0.021836257 
116 234 25 25 0.021835065 
395 121 29 21 0.021828251 
456 453 28 26 0.021824164 
133 256 8 11 0.021822786 
878 98 53 46 0.021822296 
373 93 5 6 0.021818867 
375 56 10 10 0.02181708 
114 772 5 5 0.021815794 
202 87 3 4 0.02181096 
117 85 4 5 0.021804083 
172 433 46 52 0.021802956 
306 90 6 8 0.02179108 
874 178 8 10 0.02177947 
844 117 10 8 0.021774609 
123 72 4 7 0.021770434 
978 236 9 10 0.02176714 
955 156 5 5 0.021750199 
134 58 6 9 0.02174489 
644 122 9 9 0.021742094 
204 772 5 5 0.021734238 
165 229 32 23 0.021734124 
955 228 13 14 0.021733493 
537 474 6 7 0.021730166 
307 752 5 5 0.021721222 
250 230 7 10 0.0217182 
624 122 12 10 0.021713076 
679 262 470 337 0.021710131 
233 199 5 8 0.021708958 
134 20 8 7 0.0217087 
356 104 9 7 0.021707574 
682 128 12 10 0.021706404 
834 94 4 4 0.021702433 
137 236 11 12 0.021701884 
545 418 6 6 0.021687094 
719 138 14 13 0.02166675 
376 206 7 6 0.021643884 
506 771 4 5 0.021641416 
654 97 5 7 0.021639852 
539 496 5 6 0.021626307 
941 225 7 9 0.021618601 
865 195 24 30 0.021612138 
860 86 4 5 0.021608356 
72 87 3 4 0.021607593 
222 65 7 8 0.02160308 
288 234 7 5 0.021593139 
476 217 29 26 0.021593139 
595 102 8 9 0.02159149 
367 20 15 13 0.021588877 
246 771 4 5 0.021588322 
204 53 6 7 0.021580564 
445 88 3 4 0.021576902 
486 164 27 24 0.021561198 
201 191 11 11 0.021546992 
154 52 5 8 0.021534812 
964 155 7 7 0.021522593 
555 52 23 21 0.02150347 
28 58 3 6 0.021501588 
480 103 9 8 0.02149335 
269 52 7 9 0.021491576 
413 181 22 29 0.02149086 
1005 244 6 11 0.0214895 
306 95 7 9 0.021488177 
230 52 6 8 0.021481939 
814 80 5 6 0.021472782 
809 127 10 11 0.021464793 
244 46 7 8 0.021458639 
900 75 105 72 0.021447219 
730 606 5 4 0.02143625 
167 66 4 6 0.021436071 
247 205 9 10 0.021432681 
624 370 10 10 0.021430274 
268 192 10 12 0.021428855 
107 217 29 26 0.021426411 
192 21 7 7 0.021426326 
282 234 6 5 0.021419203 
934 79 6 7 0.021414245 
139 217 8 9 0.021410648 
549 136 35 31 0.021405756 
618 369 10 11 0.021403354 
291 95 6 8 0.021403234 
524 514 7 7 0.021398723 
892 85 4 5 0.021390557 
242 225 6 9 0.021384118 
293 414 25 25 0.021363182 
685 207 6 8 0.02135525 
645 45 8 8 0.021342574 
450 178 15 13 0.021329397 
212 15 6 6 0.021329194 
726 100 5 5 0.021327564 
718 93 4 5 0.021317115 
853 153 15 10 0.021292176 
272 253 25 22 0.02128621 
19 357 14 26 0.021285644 
752 197 13 15 0.02128395 
506 488 6 6 0.02127855 
870 102 8 8 0.02127265 
456 136 12 10 0.02124518 
611 566 4 5 0.021244138 
735 116 8 7 0.021238614 
174 66 5 7 0.021236854 
873 86 5 5 0.021229787 
674 186 6 7 0.021225335 
952 197 9 10 0.021224543 
291 772 4 4 0.021222787 
237 53 7 9 0.021203369 
242 20 8 8 0.021202605 
859 113 24 19 0.021200147 
414 209 10 11 0.02120009 
610 122 14 11 0.021190656 
453 260 26 31 0.021190064 
596 171 25 22 0.02118451 
273 243 10 8 0.021171024 
266 115 14 12 0.021168848 
223 52 6 9 0.021163475 
138 242 12 12 0.021162488 
453 110 8 8 0.021156047 
235 244 21 21 0.021127343 
812 54 95 91 0.021074196 
187 53 5 7 0.021071514 
229 70 8 10 0.02106611 
291 211 73 71 0.021063838 
37 65 5 7 0.021060769 
254 58 7 9 0.021055434 
997 232 10 13 0.021037698 
655 86 4 6 0.021034341 
237 241 9 10 0.021022003 
646 97 5 7 0.021017216 
520 97 4 5 0.021014022 
526 752 4 5 0.021012485 
232 189 5 5 0.0210105 
929 195 5 6 0.021005008 
707 154 12 12 0.021003777 
860 147 14 10 0.021003498 
221 261 14 12 0.020999445 
0 -97 195 197 0.02097973 
374 87 4 5 0.020978017 
235 86 7 7 0.020962337 
740 177 11 14 0.02095812 
455 280 25 30 0.020946102 
155 79 5 7 0.020940952 
954 97 7 8 0.020933654 
561 45 11 9 0.020929754 
272 326 86 107 0.020928018 
86 81 3 4 0.020927692 
263 51 6 9 0.020920677 
224 20 8 7 0.020914169 
210 193 10 9 0.020911401 
807 161 6 9 0.020905912 
420 116 10 8 0.020887341 
367 117 23 21 0.020885494 
256 270 25 21 0.02088366 
453 123 9 8 0.020881105 
608 70 20 24 0.020879585 
261 20 8 7 0.02087772 
934 168 6 6 0.020872552 
36 309 11 15 0.020869875 
441 352 8 10 0.020867456 
815 187 13 14 0.02086684 
240 189 22 24 0.020859357 
582 124 7 7 0.020858144 
917 79 6 6 0.02085702 
515 109 24 21 0.020855598 
742 141 10 12 0.020850904 
117 81 4 5 0.020839002 
660 120 96 91 0.020825144 
729 116 7 8 0.020819174 
234 70 9 12 0.02081395 
246 195 12 13 0.020811815 
211 34 20 22 0.020804266 
106 236 11 12 0.020794345 
248 7 25 22 0.02079205 
254 64 8 9 0.020790989 
339 751 5 6 0.020786785 
218 174 7 7 0.020785207 
575 134 7 9 0.020775931 
848 85 5 5 0.020775834 
610 348 24 21 0.02076902 
272 275 12 13 0.020764582 
313 64 8 8 0.020760799 
306 87 6 6 0.02075976 
537 471 6 6 0.020744776 
916 96 5 7 0.020732312 
883 173 8 9 0.020731427 
68 371 10 10 0.02071897 
823 159 12 12 0.020713335 
939 139 10 9 0.020698592 
275 47 6 6 0.020698065 
149 753 4 5 0.020697892 
441 72 7 7 0.020694144 
237 199 7 8 0.020690948 
186 66 5 6 0.020684337 
211 66 6 6 0.02067919 
595 129 8 7 0.020674745 
576 124 8 8 0.020665053 
141 54 5 7 0.02066457 
935 101 29 22 0.02065842 
443 226 6 8 0.020652933 
217 181 7 7 0.020651303 
825 122 9 8 0.020650197 
333 303 28 28 0.020634346 
481 202 28 28 0.020630097 
652 122 8 8 0.020617042 
615 72 8 8 0.020609846 
300 71 8 7 0.020609744 
942 176 5 4 0.02060532 
948 204 7 8 0.020605259 
223 33 8 8 0.020604767 
249 46 7 7 0.020602738 
691 151 24 19 0.02059952 
138 211 9 9 0.020598954 
261 15 9 7 0.02059699 
948 237 24 24 0.020595176 
808 80 6 6 0.020583604 
695 142 10 8 0.02058312 
298 752 4 5 0.020581177 
318 102 8 8 0.02056793 
40 752 4 5 0.020564368 
631 56 10 10 0.020563677 
916 72 7 7 0.020561714 
257 219 6 8 0.020549467 
624 30 27 26 0.020543221 
970 188 22 23 0.02054046 
700 86 4 4 0.02053994 
853 140 13 9 0.020535206 
430 132 55 43 0.020521829 
480 7 138 102 0.020519862 
686 80 5 5 0.020511383 
205 21 6 6 0.020510461 
883 214 6 6 0.020506324 
464 81 5 5 0.020500425 
839 52 28 21 0.020499216 
979 750 5 6 0.02049378 
318 136 9 9 0.020487163 
367 550 29 28 0.020485487 
840 98 5 5 0.020473493 
846 73 7 6 0.020463407 
657 128 10 10 0.020462763 
426 165 26 27 0.020460868 
227 90 22 20 0.020460762 
226 188 6 6 0.020455422 
129 80 4 5 0.020436376 
279 772 4 4 0.020429794 
198 41 6 6 0.020428877 
833 99 4 4 0.020427104 
555 58 10 8 0.020420982 
427 117 8 7 0.020416424 
294 79 8 8 0.020415727 
564 88 5 5 0.020414414 
731 172 11 14 0.020413913 
192 26 7 8 0.02040985 
948 123 6 6 0.02040032 
936 199 5 6 0.020397192 
384 103 7 8 0.020392083 
664 136 10 11 0.020388192 
162 261 31 31 0.020386731 
466 110 8 8 0.020380726 
634 73 6 6 0.020375066 
237 14 8 6 0.020370964 
961 180 5 6 0.020370651 
609 96 6 8 0.020355923 
440 339 8 10 0.020351859 
586 409 12 10 0.02034466 
216 195 8 8 0.020343648 
646 116 7 8 0.020341745 
262 220 6 7 0.020341089 
103 99 4 5 0.020340074 
148 201 23 21 0.02032187 
303 752 5 5 0.02030411 
321 378 6 7 0.02030034 
89 353 8 7 0.020287517 
817 58 10 8 0.020275429 
672 198 7 8 0.020270985 
891 92 5 6 0.02026859 
890 136 8 6 0.02026845 
95 102 7 8 0.020267852 
853 74 5 5 0.020264665 
41 394 11 12 0.020264212 
203 186 24 24 0.020259425 
1007 237 6 10 0.020236416 
717 105 6 5 0.020228857 
65 235 25 26 0.020226426 
831 104 7 6 0.020224787 
608 357 12 12 0.020221358 
611 115 12 10 0.020218557 
306 230 9 8 0.020211786 
929 80 6 7 0.020203363 
344 58 10 9 0.020197416 
244 96 7 7 0.02019312 
562 451 17 27 0.020177932 
310 127 23 24 0.020177495 
583 147 24 23 0.020171175 
179 287 98 75 0.020168392 
144 247 26 26 0.020164197 
405 465 4 5 0.020163441 
235 106 22 24 0.020144988 
16 91 4 7 0.020144183 
404 81 4 5 0.020143999 
440 65 9 7 0.020143123 
559 554 4 6 0.020142118 
270 93 5 6 0.02013412 
731 180 23 27 0.020117788 
1006 195 3 5 0.020116253 
773 163 26 24 0.020114066 
678 206 7 8 0.020113925 
464 152 13 13 0.020107416 
274 63 11 10 0.02010642 
201 172 11 9 0.020104641 
918 135 33 26 0.020102197 
366 213 5 6 0.020096881 
134 64 6 8 0.020090835 
940 123 7 6 0.020090735 
746 164 13 14 0.020087693 
892 97 5 7 0.020082785 
145 249 11 11 0.02007419 
315 79 6 7 0.020068878 
664 70 21 26 0.02006449 
589 117 7 6 0.020050623 
208 93 4 5 0.020047078 
927 162 7 6 0.020043513 
961 152 5 5 0.020042159 
184 25 7 8 0.020039931 
564 176 29 27 0.02003105 
586 102 22 21 0.02002971 
718 99 4 5 0.020025166 
438 142 10 10 0.020018257 
812 147 8 10 0.020015858 
590 124 6 7 0.020013053 
747 129 10 8 0.020012867 
610 377 11 12 0.020010114 
825 117 8 7 0.020004984 
831 117 9 7 0.020003803 
620 544 28 31 0.02000196 
