2_Demonstration_Demonstration_Or_Protest_2_430
214
610 125 47 70 0.9993079 
350 177 44 66 0.9991998 
109 235 53 75 0.9989171 
287 204 51 77 0.9985751 
855 218 55 68 0.9975266 
759 143 46 62 0.9919853 
491 130 56 91 0.9883333 
678 107 60 102 0.98171496 
657 106 37 69 0.87061906 
237 224 33 26 0.6501069 
857 174 48 52 0.57461995 
137 388 46 43 0.32995683 
61 218 14 16 0.27177316 
116 215 16 17 0.22380279 
-1 148 19 48 0.21343589 
710 125 72 93 0.13172328 
815 122 22 43 0.10891797 
37 310 8 10 0.09395896 
483 69 29 28 0.08067122 
62 409 29 34 0.07968087 
281 226 6 11 0.07544095 
727 75 7 7 0.06910841 
28 301 44 53 0.06894393 
996 357 12 17 0.06866171 
186 193 12 14 0.066841766 
1 297 8 13 0.066684656 
505 96 32 34 0.062316786 
44 8 5 6 0.05695747 
25 373 43 60 0.056369957 
21 20 5 6 0.04621075 
439 231 48 65 0.04501552 
334 11 5 6 0.04386896 
56 221 22 29 0.04346496 
38 1 5 5 0.039085027 
37 14 7 6 0.038989536 
123 214 24 25 0.038346943 
34 2 5 5 0.038109243 
40 6 5 5 0.037002627 
911 525 5 5 0.03685437 
403 17 9 13 0.036795314 
7 8 4 5 0.036723074 
34 14 5 6 0.035463866 
539 38 18 25 0.035414353 
60 305 21 37 0.035205822 
41 300 24 30 0.034006555 
31 26 6 6 0.033870537 
731 44 6 9 0.033791844 
297 496 54 50 0.033734314 
859 165 33 34 0.03334426 
21 15 4 4 0.033261072 
32 309 7 7 0.03298257 
15 22 4 4 0.032898404 
1 7 4 5 0.03281355 
52 1 5 5 0.032797765 
541 30 9 10 0.03261793 
7 20 6 5 0.032207135 
19 174 32 46 0.0320892 
47 0 4 4 0.031579636 
7 27 5 5 0.031543743 
731 53 7 11 0.031130843 
53 306 8 11 0.030867571 
186 501 63 48 0.03073501 
2 26 4 6 0.03062899 
32 293 25 25 0.029589223 
71 219 12 17 0.029345993 
853 494 4 5 0.029254321 
865 487 5 6 0.029102333 
3 206 9 13 0.029053474 
150 96 4 5 0.028946072 
52 6 5 5 0.028853163 
189 452 54 51 0.028667565 
28 26 5 5 0.028657474 
358 526 53 66 0.028609956 
879 526 4 5 0.028454497 
431 275 10 13 0.028370112 
188 408 69 50 0.027919507 
44 17 8 8 0.027879203 
12 56 7 9 0.027825864 
177 129 3 5 0.027747639 
879 499 5 6 0.027370777 
904 532 5 6 0.027173191 
391 181 46 63 0.027151821 
40 291 8 8 0.027015407 
277 500 5 6 0.026772598 
684 106 24 38 0.026728053 
879 520 4 5 0.026697056 
13 15 4 4 0.02665876 
15 27 5 4 0.026594812 
23 21 6 6 0.026588691 
16 7 3 5 0.0265506 
899 424 3 4 0.026509138 
808 111 24 27 0.026121622 
116 1 5 5 0.025905164 
950 115 33 51 0.02584566 
81 229 19 26 0.025763545 
534 64 5 7 0.025752107 
859 429 5 5 0.025407428 
879 423 4 5 0.025370132 
110 0 4 4 0.025278604 
21 7 3 4 0.025211422 
879 487 5 6 0.02507776 
445 31 3 7 0.024981383 
860 507 4 5 0.02495199 
859 423 4 4 0.024778772 
841 419 3 4 0.024708271 
885 531 5 5 0.024685083 
38 17 7 7 0.024581587 
844 499 5 7 0.024564894 
58 133 7 11 0.024524523 
276 227 8 10 0.024473548 
9 228 9 12 0.02429816 
405 11 6 8 0.023959596 
866 429 5 5 0.023944343 
845 492 5 7 0.023926117 
508 405 3 5 0.023922645 
25 306 8 8 0.023902534 
44 228 38 43 0.023883488 
879 512 5 5 0.023871792 
21 246 24 23 0.023842819 
180 162 8 14 0.023776205 
885 526 5 5 0.023694357 
514 398 4 5 0.02363904 
77 1 6 6 0.023634221 
847 429 4 4 0.023583274 
7 13 5 5 0.023570074 
44 12 7 6 0.023503521 
26 296 6 6 0.023363251 
39 287 8 8 0.023332166 
501 411 4 5 0.023248972 
892 424 4 4 0.023157982 
174 183 22 29 0.023149993 
898 500 5 6 0.023025298 
878 531 5 5 0.022890521 
731 13 4 6 0.022867944 
918 525 4 5 0.022780934 
98 528 44 44 0.022610994 
808 137 19 30 0.022601405 
26 302 6 5 0.022601012 
115 7 6 6 0.02259687 
22 55 8 10 0.022504402 
26 13 5 6 0.022444684 
40 301 7 7 0.022395512 
2 20 4 6 0.022388726 
21 25 5 5 0.022371627 
45 63 5 11 0.022358216 
584 535 26 25 0.0223403 
865 442 6 6 0.022315105 
65 0 6 5 0.022137562 
42 492 34 26 0.022036294 
445 38 4 7 0.021936743 
1018 127 5 7 0.021877239 
24 42 11 11 0.021812819 
514 405 4 4 0.021801725 
225 224 6 8 0.021778373 
7 33 5 5 0.021729233 
44 299 7 8 0.021633042 
918 519 4 5 0.021610815 
932 436 3 4 0.021537649 
70 0 6 5 0.021501668 
671 158 23 43 0.02149406 
808 469 4 4 0.021480506 
867 424 4 4 0.021450173 
746 22 3 4 0.021418435 
537 37 8 11 0.021418175 
82 368 36 44 0.021321347 
436 268 22 25 0.021306613 
786 276 45 84 0.02126837 
13 275 7 9 0.02122927 
224 229 8 12 0.021201648 
411 276 26 21 0.021169497 
391 524 30 49 0.021085024 
112 404 47 53 0.02106055 
885 520 4 4 0.021048388 
239 48 3 4 0.020979432 
194 216 15 19 0.020958457 
925 507 3 5 0.020952411 
872 454 6 6 0.020941649 
790 125 38 54 0.020938743 
873 423 4 5 0.020919774 
45 295 6 6 0.020894155 
538 14 5 7 0.02084855 
911 520 4 5 0.020835012 
507 398 4 5 0.020817636 
277 528 4 4 0.020781146 
937 566 31 30 0.02077845 
341 46 4 6 0.020758307 
277 225 18 30 0.020618996 
134 7 5 5 0.020607606 
534 18 5 7 0.020585163 
40 277 44 56 0.020580046 
878 480 6 6 0.02056844 
885 423 4 4 0.020561416 
58 14 6 6 0.020555673 
1 1 4 6 0.020536577 
13 200 9 14 0.0205279 
402 292 26 35 0.020501766 
41 306 10 10 0.020489331 
362 399 13 13 0.020394284 
8 95 5 10 0.020383203 
6 205 19 28 0.020372787 
340 20 6 6 0.020357572 
797 516 8 9 0.020351736 
890 512 6 5 0.020341473 
814 486 6 6 0.020316973 
879 467 5 6 0.02030867 
27 307 21 27 0.020271178 
1 48 7 11 0.02024957 
5 222 8 12 0.020166311 
915 395 30 26 0.02011201 
223 192 57 72 0.020109292 
40 55 15 28 0.02006182 
814 480 5 5 0.020048361 
516 526 26 25 0.020026151 
32 295 7 7 0.020015238 
