2_Demonstration_Political_Rally_2_382
29
380 477 150 185 0.9996001 
440 3 197 241 0.1093417 
260 671 237 292 0.10744635 
713 1136 233 310 0.06256571 
136 -2 244 219 0.04422295 
-161 17 187 238 0.039808217 
651 968 403 611 0.038437754 
559 1 121 219 0.036724888 
874 872 414 548 0.034707434 
1023 1 292 265 0.03375632 
483 -2 51 51 0.033097364 
675 715 62 66 0.029701196 
12 453 405 479 0.028938876 
628 7 59 76 0.02400551 
705 1242 138 126 0.023746677 
545 -10 299 298 0.023220897 
999 668 94 186 0.022527589 
435 907 150 153 0.02230837 
26 439 114 156 0.022272525 
620 -4 38 53 0.02199638 
660 183 425 529 0.02171752 
617 164 5 7 0.0217138 
985 596 423 606 0.021640643 
319 -16 481 636 0.020934941 
632 714 111 124 0.020791953 
823 305 20 15 0.020606805 
784 1123 128 171 0.020550236 
-10 417 217 348 0.020470444 
289 490 373 534 0.02041517 
