2_Demonstration_Protesters_2_221
484
384 50 42 56 0.99968016 
567 143 58 68 0.99966645 
828 120 40 54 0.9987507 
286 333 46 76 0.9980544 
906 108 45 50 0.9980312 
4 200 52 85 0.99796474 
518 204 56 82 0.9972953 
205 123 64 61 0.9969915 
711 373 50 82 0.9965688 
690 98 37 46 0.99617213 
403 132 46 55 0.9952584 
923 183 36 57 0.9948543 
737 176 55 73 0.9945549 
464 83 38 54 0.9934088 
990 151 43 61 0.9904322 
112 98 45 47 0.9903178 
232 522 80 82 0.9890247 
14 17 27 38 0.98295885 
140 238 44 66 0.9799396 
411 299 45 71 0.97811764 
311 12 35 46 0.97448426 
673 58 31 40 0.97107434 
135 57 37 38 0.970891 
177 12 19 27 0.9659721 
298 130 36 54 0.9646743 
720 5 26 28 0.95418566 
602 544 24 27 0.9301457 
723 55 40 41 0.9288215 
416 270 44 55 0.91329527 
242 79 38 42 0.9128122 
746 150 42 50 0.9111591 
894 309 76 94 0.89925486 
855 178 45 44 0.89413285 
120 14 25 40 0.8703106 
83 173 34 65 0.8693278 
544 68 41 45 0.8369032 
892 35 37 46 0.8116453 
-2 106 30 63 0.80922616 
43 8 23 21 0.72627306 
184 198 57 69 0.6805995 
959 72 27 37 0.66793454 
343 112 31 49 0.59258676 
654 93 25 37 0.5402072 
92 424 72 86 0.5190846 
427 27 27 36 0.50214285 
675 6 18 25 0.49662408 
400 212 44 65 0.48821303 
1 6 18 26 0.4768105 
506 43 26 28 0.4281091 
865 224 49 46 0.42253983 
444 68 29 40 0.36577904 
595 83 35 42 0.36439568 
-1 85 23 48 0.3507536 
718 204 44 50 0.33788016 
593 1 19 20 0.28996643 
437 315 42 72 0.27622274 
-1 366 21 38 0.26607123 
509 91 24 25 0.24460292 
95 225 75 96 0.24339771 
516 20 22 22 0.24300368 
959 131 34 47 0.22940055 
322 262 34 47 0.22530456 
626 -3 23 17 0.22165303 
81 347 35 49 0.21797481 
992 -3 29 30 0.21653089 
387 12 15 16 0.19703291 
217 360 28 29 0.18695575 
184 129 37 54 0.18082854 
436 20 27 26 0.17382629 
793 335 55 63 0.17132752 
530 434 44 44 0.16353697 
160 357 104 106 0.15291074 
221 70 32 46 0.12317553 
757 135 26 27 0.123000376 
531 5 23 23 0.12154225 
38 42 20 23 0.11449803 
168 135 30 44 0.11188421 
233 96 50 59 0.10932975 
398 253 27 33 0.10853149 
522 13 24 21 0.107109554 
65 3 12 14 0.10697779 
237 7 24 23 0.102587596 
557 39 23 25 0.09364274 
185 8 19 25 0.09239765 
188 111 22 35 0.09124537 
816 86 42 54 0.0908258 
159 139 25 27 0.08916501 
478 0 14 14 0.08849501 
74 169 27 47 0.08604677 
487 137 33 43 0.08511091 
410 15 22 20 0.08295521 
555 49 41 46 0.08158576 
348 -1 15 13 0.077210955 
995 249 40 59 0.07695311 
54 139 36 46 0.07646114 
608 36 36 45 0.076207034 
425 116 28 28 0.07432182 
261 210 43 63 0.07276842 
633 127 35 53 0.070332214 
674 96 32 45 0.0694704 
412 273 27 33 0.06896406 
49 2 29 38 0.066545784 
523 457 58 61 0.06648647 
395 176 41 69 0.066406496 
512 68 35 46 0.06624766 
365 18 21 28 0.06506962 
512 22 36 39 0.06490551 
47 26 22 26 0.0639452 
813 89 26 25 0.061719008 
333 299 51 57 0.061177447 
608 61 38 51 0.060310967 
568 69 42 49 0.060245663 
450 1 25 18 0.059966523 
581 41 25 37 0.059715282 
384 29 24 28 0.059306204 
422 41 24 35 0.05919112 
494 41 24 31 0.059000194 
574 12 21 24 0.058334578 
343 142 30 36 0.05730577 
603 10 22 22 0.057156898 
120 3 25 24 0.057052664 
940 76 37 44 0.05646063 
150 216 75 79 0.055932768 
220 0 16 11 0.055505164 
531 82 39 47 0.05542025 
430 55 34 44 0.055375498 
42 50 24 28 0.054770716 
394 136 32 37 0.054528605 
599 119 28 37 0.05364811 
88 204 47 71 0.05322764 
47 166 54 91 0.053090435 
818 0 12 17 0.053012405 
36 65 36 44 0.052891027 
607 18 26 26 0.052765444 
676 248 23 25 0.052100077 
694 2 23 20 0.05208406 
249 6 24 21 0.05172671 
756 2 13 14 0.050948482 
267 312 44 67 0.050437357 
519 0 26 18 0.049923524 
405 299 29 46 0.04976108 
939 144 40 48 0.049545977 
532 44 39 48 0.04947032 
699 -2 17 10 0.049389906 
-1 16 9 19 0.04938083 
229 12 20 22 0.049373187 
312 294 41 48 0.04912941 
836 83 49 68 0.04892474 
8 487 39 59 0.048186593 
616 29 23 31 0.048164688 
567 21 27 29 0.0474691 
298 29 27 32 0.047263432 
253 26 23 23 0.047184054 
157 308 44 45 0.047032416 
87 326 43 51 0.046781585 
259 47 22 23 0.046757717 
779 -3 24 22 0.04670345 
436 0 13 10 0.045449782 
629 225 45 53 0.045443907 
110 23 21 33 0.045338783 
539 12 21 26 0.044217084 
875 47 35 44 0.044070162 
686 262 29 30 0.04391673 
909 97 23 26 0.043745402 
300 252 37 58 0.043516457 
2 38 10 19 0.042648308 
400 -1 23 18 0.04207185 
78 437 32 43 0.041748654 
278 2 22 23 0.04169756 
740 110 25 32 0.041489705 
464 24 41 45 0.041341443 
493 472 42 51 0.041315466 
518 48 23 30 0.041276686 
433 6 12 14 0.041226447 
847 192 71 62 0.041221227 
452 200 56 65 0.041133136 
919 1 19 25 0.04107325 
786 55 23 30 0.040735338 
638 39 10 13 0.040692534 
424 4 13 13 0.04043994 
914 130 46 55 0.040421687 
745 5 33 40 0.04005314 
79 403 24 29 0.03994574 
11 167 29 46 0.039862737 
223 3 24 21 0.03940757 
470 108 41 50 0.039317984 
376 10 35 36 0.039242476 
62 16 21 29 0.038878635 
209 68 25 36 0.038403086 
299 403 55 53 0.037792508 
27 503 51 73 0.03777215 
496 5 13 11 0.037700996 
200 10 14 17 0.037688445 
629 42 23 27 0.03764858 
464 149 37 52 0.03753627 
635 81 35 51 0.03744458 
479 191 61 83 0.037301883 
957 480 60 57 0.036935024 
461 177 42 54 0.036932446 
366 312 27 45 0.03679963 
845 9 23 28 0.036790144 
313 80 33 45 0.036390122 
573 454 43 47 0.036277257 
418 230 53 59 0.036055226 
447 3 12 10 0.035884123 
388 3 25 18 0.03556008 
722 111 23 31 0.035521504 
240 6 15 12 0.035208605 
928 0 23 25 0.03498227 
881 191 31 32 0.03454598 
864 71 25 29 0.034522694 
442 31 32 32 0.034430806 
740 0 23 22 0.034317557 
974 270 45 61 0.034209464 
433 104 38 48 0.033976723 
80 425 25 30 0.0339321 
675 404 20 28 0.033899024 
534 78 23 29 0.033555172 
670 273 13 16 0.033395145 
733 351 44 63 0.033388026 
502 98 26 38 0.03335962 
503 60 27 30 0.033187248 
57 5 15 18 0.033171065 
729 120 39 50 0.03308148 
969 516 23 34 0.033013277 
37 10 13 15 0.03294575 
470 1 19 23 0.032919932 
657 1 13 17 0.032808695 
232 238 67 83 0.032558773 
937 -4 26 23 0.03245295 
682 72 40 49 0.032400914 
548 0 10 9 0.032399878 
751 14 15 18 0.032285687 
705 5 23 25 0.032104447 
989 311 41 59 0.032046203 
987 12 26 29 0.031857885 
20 171 41 75 0.031581093 
481 22 26 24 0.03151045 
159 411 67 62 0.0314863 
322 254 21 33 0.03137013 
411 121 29 31 0.031323906 
28 5 12 11 0.03125958 
211 182 42 52 0.031242173 
1008 241 26 36 0.031127246 
548 45 12 16 0.031117313 
231 175 32 35 0.030980999 
548 21 20 25 0.03086487 
452 95 27 39 0.030849328 
83 88 46 56 0.03073018 
233 19 22 27 0.03071136 
629 38 11 16 0.030705761 
836 539 23 34 0.030687638 
976 177 41 59 0.030682353 
274 242 43 62 0.03061987 
578 8 12 16 0.030521492 
217 0 10 8 0.030516157 
203 342 49 58 0.030464329 
273 6 12 14 0.030288365 
511 7 27 20 0.03022272 
149 217 26 34 0.03019573 
519 39 17 21 0.030170694 
210 229 48 66 0.03001456 
374 321 44 63 0.029878344 
727 15 40 41 0.029868353 
315 3 25 21 0.029868014 
685 296 41 50 0.029744787 
91 291 49 56 0.029680643 
697 431 12 17 0.029561866 
71 58 26 27 0.029473828 
298 314 71 80 0.02939266 
196 4 12 11 0.029056055 
381 9 16 14 0.029051628 
373 -1 14 11 0.028819561 
607 0 24 19 0.02875273 
997 188 44 66 0.028698105 
540 3 13 14 0.028695598 
533 24 13 15 0.028667662 
586 60 28 36 0.028640678 
600 220 51 48 0.028540913 
699 206 37 52 0.028519748 
685 8 13 18 0.028413396 
133 113 41 49 0.028236082 
911 8 18 25 0.028231982 
631 29 20 26 0.028142828 
54 442 73 85 0.028088272 
670 520 34 49 0.028046412 
900 14 21 27 0.02800681 
66 356 65 78 0.027997753 
90 44 10 16 0.027920006 
442 7 23 20 0.027862202 
967 82 39 48 0.027519695 
845 83 15 16 0.027386863 
952 288 73 94 0.0273513 
354 178 39 60 0.027279615 
336 126 22 36 0.02725819 
488 12 25 21 0.027246295 
554 -1 12 10 0.026906326 
545 497 56 65 0.026891232 
821 26 35 51 0.026648996 
0 34 8 18 0.026606765 
772 13 19 25 0.026604041 
362 8 21 23 0.026602542 
855 228 31 36 0.026529713 
-15 -195 100 162 0.026516074 
524 32 16 18 0.026489448 
244 19 15 16 0.02644153 
446 510 87 82 0.026209526 
54 51 34 39 0.026063701 
337 286 27 34 0.026035836 
168 259 45 57 0.026015833 
869 -1 8 9 0.025973808 
537 26 23 25 0.02597319 
519 522 49 51 0.025931498 
850 23 37 55 0.02584987 
25 66 27 36 0.025826186 
302 14 25 30 0.025803221 
417 9 16 15 0.025785021 
556 -4 23 20 0.025726115 
415 11 35 39 0.02571796 
611 288 37 55 0.025678778 
864 3 9 9 0.025666982 
899 12 38 50 0.025637656 
898 2 21 25 0.02557055 
242 119 63 80 0.025570342 
503 448 46 57 0.025410736 
950 234 43 49 0.02537064 
906 -2 22 22 0.025301702 
891 342 25 31 0.025293993 
527 59 12 16 0.025146386 
124 466 58 64 0.025048893 
501 0 26 19 0.025042279 
158 194 47 53 0.025039125 
-12 575 88 147 0.024991395 
0 276 22 38 0.024983728 
323 139 24 34 0.024946202 
483 0 21 19 0.024914257 
639 51 33 47 0.02490171 
202 6 11 11 0.02485721 
333 346 45 66 0.024738591 
847 -2 22 20 0.024735691 
248 305 43 54 0.02471354 
458 13 25 26 0.024703441 
808 391 44 61 0.024682913 
455 12 17 16 0.024650224 
985 440 42 48 0.024641046 
585 4 21 26 0.024610352 
84 244 45 68 0.024587836 
45 -1 16 10 0.024566934 
640 149 38 50 0.024549983 
924 171 25 41 0.024507066 
371 29 23 30 0.024506556 
990 387 42 55 0.024464844 
958 262 41 53 0.024399253 
737 157 28 35 0.02438321 
277 -1 16 12 0.024381338 
99 33 20 28 0.024355443 
816 430 38 60 0.024327904 
42 129 27 40 0.024288978 
66 12 14 18 0.024143899 
445 559 31 29 0.02411211 
662 2 21 25 0.024095394 
233 271 34 44 0.024092607 
533 40 13 16 0.024019904 
242 63 24 33 0.023942428 
375 142 33 34 0.023908295 
982 24 21 27 0.023879563 
553 438 46 49 0.023860607 
875 -1 10 8 0.023792138 
913 51 42 48 0.02375746 
923 32 25 32 0.023728075 
0 581 32 87 0.023700653 
68 36 22 26 0.023648217 
514 10 14 10 0.023604797 
140 -3 29 23 0.023592206 
805 533 50 57 0.023534538 
970 520 55 51 0.023530258 
940 -11 45 46 0.023511944 
666 88 26 37 0.02348618 
751 336 73 89 0.023408432 
896 119 24 35 0.02337931 
729 183 34 39 0.023360506 
83 402 54 61 0.023355532 
516 5 12 8 0.023288501 
425 72 25 34 0.023275636 
842 87 23 29 0.023253856 
498 1 10 8 0.02323985 
544 9 13 16 0.02319121 
475 15 13 14 0.023140538 
49 424 43 53 0.023125915 
126 -4 29 20 0.02309104 
358 296 24 33 0.023072744 
968 53 27 30 0.023025947 
539 18 40 43 0.023011612 
461 6 18 17 0.022992851 
611 118 37 54 0.022969216 
217 50 22 34 0.022863086 
923 -9 23 22 0.022862531 
514 18 16 13 0.022789588 
926 83 26 27 0.022731027 
745 52 35 44 0.022699596 
85 454 32 42 0.02268103 
508 -1 12 8 0.022678562 
509 16 12 11 0.022616249 
882 32 26 36 0.022534862 
626 13 21 27 0.022474395 
197 0 10 9 0.02246635 
631 4 20 21 0.022450596 
4 27 9 16 0.02235878 
686 19 12 18 0.02232631 
457 233 42 59 0.022297595 
413 170 46 59 0.022233695 
904 190 28 34 0.022217974 
629 28 11 16 0.022164224 
681 263 15 19 0.022163395 
890 8 20 28 0.022162661 
477 22 13 14 0.02211441 
178 124 27 38 0.02207345 
643 47 9 12 0.022028644 
354 65 12 16 0.022016497 
537 96 10 15 0.021969935 
254 6 34 38 0.021961844 
689 52 25 32 0.021928629 
841 141 48 60 0.021914095 
102 198 26 43 0.02191244 
446 47 29 38 0.021876598 
31 10 22 30 0.021813879 
52 172 32 39 0.021756401 
977 509 31 36 0.021739049 
508 3 12 10 0.021695238 
868 396 109 94 0.021671826 
63 307 43 57 0.021664975 
924 10 22 29 0.021653423 
442 151 40 52 0.021616835 
736 10 15 17 0.021609848 
534 52 13 16 0.02159071 
0 51 38 52 0.021575939 
16 420 42 51 0.02154561 
1002 45 29 32 0.02154374 
0 161 23 35 0.02147238 
252 22 14 13 0.02146036 
840 32 25 38 0.021424562 
40 372 21 30 0.021341432 
550 64 16 17 0.021308633 
430 30 16 18 0.021267515 
501 15 14 13 0.021240164 
510 22 13 13 0.021237561 
391 162 33 41 0.021227805 
849 135 31 34 0.02118327 
937 33 20 28 0.02114057 
339 447 69 95 0.021101259 
824 384 85 101 0.021066612 
358 -1 13 12 0.02101589 
0 70 17 36 0.02085695 
963 11 39 52 0.020813065 
302 36 42 55 0.020772701 
311 106 49 79 0.020721674 
963 1 28 26 0.020717278 
974 693 92 108 0.020695092 
599 57 29 32 0.020675637 
426 28 12 15 0.020673601 
423 20 14 15 0.02066625 
404 8 16 15 0.020664167 
525 95 13 16 0.0206568 
543 -4 20 19 0.020586565 
438 17 14 13 0.020550475 
795 70 12 15 0.020524353 
397 13 16 15 0.020518398 
334 0 27 25 0.020502232 
62 480 42 63 0.02047697 
953 197 26 39 0.020467924 
975 234 42 56 0.02046692 
979 75 27 28 0.020433716 
903 71 48 54 0.020420888 
553 51 13 18 0.020367686 
208 89 44 59 0.020322768 
427 11 64 66 0.020314025 
218 374 15 20 0.02026537 
805 414 24 38 0.020255871 
6 360 33 46 0.020242384 
882 278 28 38 0.020158755 
527 526 25 26 0.020086298 
458 334 42 61 0.020084105 
662 234 43 47 0.020053446 
220 22 11 16 0.02001318 
