2_Demonstration_Demonstration_Or_Protest_2_615
62
895 245 32 32 0.99934465 
558 242 27 32 0.9993042 
824 250 30 33 0.9989311 
758 256 28 32 0.99879104 
608 258 29 30 0.9984718 
941 247 35 30 0.9969241 
286 220 35 38 0.9947442 
505 269 29 30 0.9938459 
119 251 32 40 0.9925054 
428 250 35 37 0.99185354 
0 266 36 39 0.98793995 
33 248 36 42 0.9859811 
678 257 18 23 0.9182163 
720 272 18 21 0.41836348 
178 249 36 29 0.37699324 
652 270 24 17 0.36903882 
136 249 25 31 0.15899418 
149 251 15 18 0.118302055 
420 210 9 10 0.09170852 
424 220 22 20 0.06989359 
490 246 26 22 0.0690199 
633 245 25 17 0.06537096 
734 272 12 15 0.0610514 
204 163 15 10 0.06066389 
658 260 25 22 0.060437884 
427 207 15 13 0.05487246 
528 237 26 25 0.04614189 
629 270 15 16 0.04449093 
654 260 16 12 0.04215913 
325 202 37 53 0.04145871 
649 266 18 13 0.039297964 
192 265 32 25 0.03607395 
328 561 5 6 0.03424624 
425 213 16 16 0.033142406 
649 255 16 12 0.032330398 
1002 245 29 22 0.03216838 
63 160 6 6 0.02881737 
340 224 17 17 0.028678188 
677 234 9 9 0.027607502 
682 249 12 17 0.02687798 
858 263 29 18 0.026849825 
365 197 40 49 0.026444208 
200 265 16 13 0.025994124 
646 243 29 22 0.025898216 
110 143 13 10 0.025518354 
574 275 11 14 0.025500067 
649 278 18 15 0.024738211 
539 252 15 14 0.023934672 
617 255 15 15 0.023658987 
290 566 4 5 0.023588782 
990 122 12 8 0.022783501 
381 213 37 43 0.022758106 
498 538 8 7 0.022533657 
741 270 8 10 0.021960385 
631 252 14 13 0.021133738 
473 251 27 23 0.02105595 
715 273 13 15 0.02080076 
152 256 20 26 0.0207593 
303 266 15 15 0.020525439 
728 6 6 7 0.020347869 
374 558 4 5 0.020092536 
592 296 16 14 0.020066021 
