2_Demonstration_Political_Rally_2_286
37
810 660 84 109 0.9980996 
432 727 88 99 0.99693274 
145 340 192 266 0.9690851 
208 135 7 10 0.05163148 
537 1057 104 124 0.042123772 
139 107 8 14 0.039984986 
718 239 6 15 0.037766457 
163 88 6 10 0.037377387 
65 222 8 12 0.034328945 
201 79 7 11 0.032723837 
826 177 9 16 0.03208379 
882 178 9 15 0.031494986 
352 40 12 19 0.026984049 
233 204 8 13 0.026855767 
317 178 6 10 0.026436893 
0 484 4 8 0.026287995 
158 88 6 9 0.02601929 
900 189 14 22 0.025616512 
805 174 10 19 0.025532175 
209 206 7 9 0.025388815 
283 186 6 11 0.02517437 
731 241 6 13 0.025083765 
878 189 14 23 0.024901967 
915 199 14 21 0.02437159 
142 111 8 13 0.024136502 
27 313 7 13 0.02288692 
202 135 6 10 0.02272617 
4 181 4 8 0.021577977 
3 189 5 8 0.021561628 
766 266 8 14 0.021483311 
827 170 7 13 0.021427426 
12 212 8 14 0.021312222 
139 197 5 7 0.021003336 
90 465 6 9 0.02056823 
776 167 16 22 0.020429952 
495 538 7 8 0.020278756 
836 103 11 20 0.020195324 
