2_Demonstration_Political_Rally_2_584
213
648 500 130 153 0.9989568 
205 185 41 60 0.97977793 
236 406 47 66 0.95749086 
808 420 125 242 0.24715935 
238 690 122 194 0.17447859 
76 146 34 39 0.0950592 
102 182 41 46 0.08565229 
381 1145 116 151 0.07601745 
805 335 96 199 0.07298514 
361 609 24 29 0.06889535 
551 -2 113 63 0.06634912 
385 -1 72 57 0.062221862 
69 458 34 44 0.057660364 
872 300 49 79 0.05534614 
332 1062 119 165 0.05504399 
38 532 78 148 0.04935715 
885 1085 31 44 0.04581207 
135 86 39 49 0.04556286 
287 758 57 101 0.044019323 
885 472 26 44 0.043805204 
88 415 97 133 0.042655908 
592 372 14 20 0.04199904 
86 156 45 59 0.038319096 
314 699 55 115 0.037979007 
55 566 37 69 0.037784223 
724 944 51 67 0.037531562 
823 89 51 67 0.036637753 
142 426 44 89 0.035673376 
385 1223 67 76 0.035585247 
868 1090 33 54 0.035160773 
805 743 117 166 0.03486353 
791 1047 107 147 0.03376135 
483 958 90 187 0.03325224 
1038 7 292 285 0.03324028 
526 449 18 22 0.03320503 
113 652 189 277 0.0322036 
430 22 215 246 0.032147527 
900 1099 14 21 0.031994283 
336 674 25 45 0.03195872 
95 666 99 195 0.031893805 
337 604 31 37 0.03173632 
768 108 106 137 0.031227661 
530 385 12 22 0.031033173 
23 1048 113 165 0.030757265 
142 496 34 37 0.030699514 
566 0 46 45 0.030053947 
953 457 16 27 0.029832773 
347 719 46 81 0.029811148 
537 1 44 31 0.029809386 
809 23 112 122 0.02974128 
76 709 60 129 0.02953793 
175 988 126 188 0.029390072 
892 1057 29 43 0.029159268 
494 451 9 13 0.029037911 
422 1230 63 83 0.028889056 
814 773 10 12 0.028884903 
168 449 15 27 0.028517302 
851 86 32 42 0.028316187 
11 525 53 79 0.028203769 
513 148 7 10 0.02814213 
442 304 29 37 0.027985811 
731 1084 120 136 0.027921494 
831 76 30 38 0.027909594 
510 4 85 66 0.027708957 
-44 499 105 173 0.027255902 
503 157 7 10 0.027236855 
978 1235 5 7 0.02711681 
427 524 27 38 0.026897447 
73 542 34 63 0.026766157 
830 1010 15 22 0.026360072 
504 148 7 12 0.02626202 
101 49 110 114 0.026240597 
50 132 52 68 0.026179696 
160 84 53 60 0.026032375 
938 445 10 19 0.02582862 
493 457 12 15 0.025785832 
58 467 56 98 0.025684068 
854 1075 60 112 0.025623439 
426 1182 60 82 0.02553894 
-205 -8 161 319 0.025457645 
447 554 28 38 0.025447419 
424 443 11 16 0.025357665 
11 6 84 77 0.025156846 
853 500 66 125 0.025138248 
467 482 27 38 0.025113968 
124 67 38 49 0.024959434 
531 1032 27 46 0.024871621 
894 532 30 42 0.024537265 
883 1101 14 22 0.024470823 
64 476 29 46 0.024225691 
49 123 94 128 0.02421676 
95 483 59 90 0.024166005 
395 1113 57 89 0.024026781 
982 335 28 38 0.024020584 
776 1033 18 27 0.02399891 
841 995 31 43 0.023946594 
789 167 55 82 0.023744741 
540 164 8 11 0.023718582 
85 513 375 515 0.023700714 
522 427 26 37 0.023675924 
674 301 11 17 0.023647523 
349 728 7 15 0.023628823 
690 371 27 37 0.02357911 
529 167 26 40 0.023361638 
401 616 32 40 0.023308119 
532 149 7 8 0.023238583 
822 1055 62 76 0.023220036 
89 531 31 60 0.02320687 
327 697 32 60 0.023191364 
134 367 47 95 0.023007706 
826 290 92 127 0.02300343 
715 301 15 24 0.022987263 
376 137 29 53 0.022944102 
834 1011 105 133 0.022935081 
192 102 33 42 0.02279742 
699 1167 101 152 0.022760322 
884 500 28 50 0.022708442 
445 474 26 36 0.022706222 
775 104 7 11 0.022643844 
832 975 34 45 0.022643568 
19 1 48 40 0.022637133 
473 150 32 42 0.022614716 
488 143 29 40 0.02255984 
977 1113 7 10 0.022538375 
525 148 7 10 0.022522215 
532 175 6 10 0.022461802 
295 55 41 60 0.022424104 
-43 1267 127 176 0.022413598 
780 364 8 14 0.0223394 
455 515 5 9 0.02232783 
802 1026 18 24 0.02229821 
600 932 118 136 0.022292139 
107 465 32 47 0.022288427 
442 1063 57 103 0.022247417 
377 151 129 154 0.02222334 
571 448 14 27 0.022164248 
297 621 94 152 0.022120686 
822 1001 16 24 0.022107288 
91 438 29 42 0.022052493 
85 470 33 49 0.022023335 
563 1014 12 20 0.022000425 
784 103 6 11 0.021992294 
342 397 14 23 0.021976003 
574 46 21 22 0.021949729 
437 -1 42 35 0.02189355 
334 344 33 50 0.021865053 
550 45 43 45 0.02181898 
427 452 9 14 0.021818044 
876 1088 18 25 0.021753032 
154 30 32 39 0.021697834 
896 1101 27 44 0.021653585 
513 137 9 12 0.02161033 
330 726 10 17 0.021561813 
82 574 15 28 0.021510404 
424 519 14 22 0.021504523 
734 311 29 42 0.021484917 
780 1110 40 47 0.021386145 
811 1016 17 24 0.021343851 
832 845 106 153 0.021333754 
958 723 417 589 0.021325184 
549 465 29 44 0.021323454 
682 951 113 165 0.021317776 
949 1182 6 8 0.021291653 
784 1023 20 29 0.021180013 
812 88 16 22 0.02115537 
358 537 26 40 0.02111013 
532 140 6 9 0.021061892 
899 1034 29 42 0.021056319 
661 367 10 22 0.02099302 
881 331 451 660 0.020981668 
709 84 13 15 0.020948559 
98 62 30 39 0.020940889 
27 604 57 87 0.020934941 
350 683 27 47 0.02084094 
528 395 14 26 0.020803532 
431 440 12 18 0.020754838 
-192 -18 78 199 0.0207272 
668 537 382 569 0.020699602 
766 364 36 58 0.020658586 
977 1147 6 9 0.02063716 
0 962 116 146 0.020628959 
429 418 13 19 0.02061484 
246 21 110 137 0.020614244 
992 113 5 9 0.0206136 
562 1291 142 175 0.020594336 
96 161 20 29 0.020582894 
491 751 23 39 0.020557636 
279 52 19 25 0.020524355 
659 898 108 131 0.020510757 
538 1028 13 20 0.020504588 
532 320 26 38 0.020504516 
819 275 38 46 0.020453673 
340 726 9 18 0.020441692 
769 63 27 42 0.020433536 
821 1016 16 25 0.020419443 
519 130 30 43 0.020419326 
911 584 11 19 0.020417325 
872 485 28 47 0.020417087 
419 1137 58 85 0.020375824 
-1 461 185 307 0.020357385 
727 303 15 23 0.020354152 
839 1011 15 22 0.020256054 
755 931 28 59 0.020210227 
325 577 106 115 0.020207735 
373 890 215 354 0.02020064 
616 391 7 11 0.020198636 
855 82 18 26 0.020196503 
429 293 29 38 0.020181233 
808 98 11 17 0.020171314 
774 93 28 47 0.020144707 
545 773 23 47 0.02011915 
903 246 86 146 0.020026717 
464 350 25 36 0.02002085 
