2_Demonstration_Protesters_2_260
37
579 105 87 114 0.9998419 
119 180 98 110 0.99920183 
711 59 116 140 0.9985831 
320 187 130 120 0.6486476 
947 198 19 23 0.41036487 
11 307 23 29 0.19746792 
986 468 26 36 0.18268688 
39 306 17 19 0.14784694 
883 136 25 29 0.06682581 
974 161 16 26 0.06385256 
345 737 81 141 0.055755448 
530 470 93 111 0.0468951 
857 566 51 74 0.041362476 
876 118 48 59 0.03964574 
402 194 58 61 0.0349182 
843 94 74 108 0.033819456 
457 188 27 31 0.031961896 
30 326 84 83 0.02897988 
15 322 29 31 0.028075453 
933 190 37 42 0.0263633 
882 673 82 111 0.026053425 
397 606 71 110 0.025709301 
431 211 14 18 0.025076376 
270 533 11 12 0.024246253 
983 156 17 30 0.023536779 
296 695 95 165 0.023391956 
992 229 29 37 0.023175724 
424 216 15 18 0.023146553 
7 293 72 83 0.023056794 
439 208 27 41 0.02273577 
1001 174 13 17 0.022219839 
446 195 27 34 0.022145407 
565 381 42 62 0.021949787 
466 451 105 130 0.021813061 
323 706 29 47 0.021487044 
357 644 141 223 0.020619368 
164 683 180 226 0.02021374 
