2_Demonstration_Demonstration_Or_Protest_2_242
1261
19 487 27 35 0.99443865 
273 509 28 37 0.94157356 
178 519 47 91 0.8897769 
809 347 47 71 0.19768874 
146 480 36 35 0.19489476 
333 519 31 29 0.18210472 
237 223 4 7 0.17314318 
487 70 13 16 0.15447181 
613 394 81 91 0.13496558 
225 217 5 7 0.12074693 
259 569 40 63 0.11567575 
334 598 101 79 0.11210498 
211 465 25 24 0.104649134 
755 451 22 22 0.10390884 
770 400 6 9 0.09796618 
788 248 20 30 0.096881524 
839 539 68 58 0.093940035 
795 401 182 142 0.0939369 
844 249 5 8 0.09356862 
745 430 11 12 0.090703785 
62 467 10 16 0.08451723 
836 258 8 10 0.082858965 
833 253 7 9 0.07726975 
827 253 6 7 0.075924344 
988 215 11 12 0.074322425 
984 431 21 31 0.07382033 
1014 412 12 17 0.07331833 
831 332 103 95 0.07230131 
189 422 4 5 0.07183582 
233 224 4 7 0.07115491 
97 359 50 66 0.0709309 
224 220 6 9 0.07058577 
515 138 106 68 0.06985144 
612 476 52 64 0.069036916 
801 454 11 15 0.06852503 
632 412 26 32 0.06723873 
993 457 40 65 0.06628419 
369 555 50 56 0.06422935 
799 467 97 105 0.063679285 
913 404 93 98 0.061754473 
576 368 170 153 0.060339198 
993 406 10 12 0.0592941 
782 300 23 34 0.059042387 
944 369 13 15 0.058649827 
124 236 5 6 0.0570373 
171 432 8 9 0.05610632 
150 450 40 40 0.056090444 
113 242 6 7 0.05573043 
163 159 9 9 0.054346997 
784 275 76 115 0.054192327 
409 551 52 48 0.053485777 
832 250 5 7 0.05309764 
886 234 5 8 0.05272926 
640 423 32 36 0.05251216 
231 217 5 6 0.05171635 
34 236 5 5 0.05168424 
795 286 20 34 0.051524203 
464 78 10 13 0.05137936 
454 310 364 314 0.050959002 
981 417 21 25 0.050690323 
805 429 27 27 0.05004125 
189 418 4 4 0.04970007 
979 411 7 8 0.04969831 
797 389 8 9 0.048979178 
575 501 114 100 0.04810676 
659 445 10 12 0.04778121 
122 261 7 8 0.047647025 
1002 406 11 12 0.047548875 
862 238 4 5 0.04753545 
634 23 49 51 0.047425367 
345 515 41 37 0.047324613 
140 249 5 7 0.047219586 
6 115 5 6 0.04710324 
121 265 7 10 0.047052663 
826 260 6 9 0.046923198 
231 227 6 7 0.046757217 
27 120 5 6 0.046441052 
810 276 44 55 0.04639453 
472 73 7 10 0.046255957 
644 420 7 11 0.0461524 
238 219 3 5 0.045920078 
466 93 28 31 0.045889996 
804 353 9 16 0.04585771 
769 250 62 95 0.04584679 
1 -133 137 126 0.045834064 
11 185 6 8 0.04555977 
195 197 48 68 0.04531071 
475 71 5 6 0.04508001 
978 427 44 55 0.045071978 
89 114 7 8 0.044953838 
14 106 5 7 0.044660542 
81 498 49 47 0.044564568 
449 77 7 8 0.04433161 
779 466 10 10 0.044324353 
831 268 7 9 0.0442659 
14 207 4 4 0.044189043 
858 363 125 106 0.043826215 
474 65 37 48 0.043758344 
209 298 387 343 0.043588948 
333 540 97 101 0.04338795 
481 314 77 76 0.043313604 
768 370 5 6 0.043248303 
139 364 11 12 0.043217603 
797 173 5 6 0.04285436 
148 164 7 8 0.04276205 
35 232 3 5 0.042605344 
1011 301 7 8 0.042367984 
504 588 47 43 0.04234468 
66 470 12 18 0.042181235 
760 395 6 11 0.04206699 
779 395 8 11 0.0419955 
869 234 25 30 0.041790605 
620 443 55 65 0.041432604 
764 407 20 29 0.041376907 
874 108 49 55 0.041195557 
6 496 24 30 0.041183166 
124 232 4 4 0.041182928 
802 355 28 34 0.041146025 
326 317 20 37 0.04104551 
225 150 6 9 0.04102851 
864 235 6 8 0.040828872 
646 409 5 7 0.04070779 
224 229 6 8 0.04047547 
152 163 8 8 0.04045706 
795 307 22 33 0.04039295 
150 256 5 7 0.04038287 
750 465 23 27 0.040148687 
211 152 9 9 0.039833996 
920 277 9 11 0.03981186 
7 107 6 8 0.039756924 
205 218 4 6 0.03961057 
345 314 73 79 0.039594993 
861 241 4 6 0.039584335 
13 121 5 6 0.039582495 
819 267 5 8 0.03954519 
264 127 77 90 0.03927971 
988 225 12 12 0.039179265 
992 401 9 10 0.039050143 
118 -3 93 84 0.039038803 
457 76 18 26 0.038896494 
2 236 4 8 0.038861454 
708 464 96 104 0.038633958 
112 247 7 9 0.03849361 
14 209 4 5 0.03843081 
740 429 20 23 0.038376275 
299 21 25 22 0.038359687 
968 383 6 5 0.038295466 
189 431 3 4 0.038273185 
751 432 11 13 0.038205266 
174 421 5 7 0.03806007 
593 90 30 28 0.03796221 
790 308 10 14 0.037925918 
794 401 6 9 0.037912007 
753 470 11 11 0.03750491 
827 268 5 7 0.0373931 
646 413 6 9 0.037298195 
851 237 24 28 0.037273288 
851 255 6 6 0.037192486 
771 461 11 14 0.037130117 
772 480 220 205 0.037052184 
797 463 19 29 0.037028376 
778 449 10 14 0.036848094 
841 413 65 59 0.036798622 
780 422 9 15 0.036764156 
834 261 49 55 0.036706474 
799 206 6 11 0.036671564 
815 281 18 30 0.036540493 
139 164 7 9 0.03647456 
210 470 13 15 0.036446128 
147 273 19 26 0.036279976 
454 98 8 13 0.036271844 
832 272 8 10 0.03625528 
301 315 43 65 0.036091425 
991 396 8 9 0.036071926 
2 74 4 8 0.03598493 
238 148 5 7 0.035982426 
113 373 27 33 0.035977814 
129 231 4 5 0.03597541 
785 388 7 9 0.03572422 
2 112 5 8 0.03570752 
85 115 7 8 0.03566384 
616 593 102 94 0.03558738 
1 511 22 45 0.035582263 
773 387 18 27 0.03538087 
136 264 11 11 0.03533218 
994 222 12 10 0.035275873 
490 79 13 18 0.035218995 
7 62 5 6 0.03503003 
961 384 6 6 0.03502767 
450 79 85 90 0.034932066 
457 124 106 76 0.034924816 
920 285 10 12 0.03486803 
859 224 22 24 0.034852713 
8 121 5 5 0.034833685 
646 410 25 30 0.034822844 
471 101 188 139 0.03476807 
7 100 6 8 0.03473066 
836 265 10 13 0.034726378 
441 116 9 12 0.034721598 
854 244 5 5 0.03471059 
14 116 4 5 0.03467388 
114 283 19 28 0.03457371 
218 214 18 25 0.03454675 
878 533 62 60 0.03453711 
748 470 10 11 0.034526985 
453 79 8 9 0.03447932 
808 395 28 29 0.034467928 
704 331 368 309 0.034345467 
621 430 26 34 0.03429461 
663 426 24 36 0.034271628 
13 102 5 7 0.034229625 
212 217 4 7 0.03418564 
748 569 39 42 0.034141254 
807 407 46 54 0.03402502 
957 367 13 12 0.03396186 
97 371 30 32 0.033959944 
337 532 45 48 0.033879768 
209 219 21 32 0.033856876 
289 513 12 23 0.033841044 
799 402 8 9 0.033802424 
329 532 27 30 0.033792146 
97 256 6 6 0.033777084 
799 340 19 32 0.03376042 
173 155 26 20 0.033758275 
-10 429 352 416 0.033727795 
912 267 10 12 0.03365247 
463 84 7 12 0.033531755 
826 273 7 10 0.03352011 
812 457 47 60 0.03339685 
220 217 5 6 0.033306565 
397 592 26 35 0.033270508 
808 372 26 36 0.033243 
148 188 87 105 0.033226192 
66 451 6 9 0.033161324 
204 222 5 6 0.03308741 
819 439 26 27 0.03306853 
188 434 4 6 0.03305905 
633 434 8 11 0.03305521 
903 224 5 5 0.032977767 
978 422 11 15 0.032975364 
851 306 52 57 0.032969434 
640 413 8 12 0.032859545 
635 202 99 98 0.03279428 
846 245 4 5 0.032758027 
792 458 8 13 0.032705992 
714 398 74 94 0.0326802 
364 574 9 10 0.032674626 
952 428 10 9 0.03258409 
836 526 115 116 0.032582846 
218 465 13 13 0.03250703 
915 551 27 31 0.0325062 
984 410 8 9 0.03250193 
751 462 17 14 0.0324484 
193 418 3 4 0.032445412 
888 436 83 50 0.032400973 
852 250 5 5 0.032384202 
801 382 8 7 0.032359783 
773 396 9 11 0.03229665 
216 230 24 32 0.032292377 
181 418 4 4 0.032267246 
988 397 21 21 0.032248627 
864 10 52 56 0.03221336 
886 231 4 6 0.032192543 
914 276 10 12 0.03217304 
445 110 9 14 0.03216082 
671 421 10 15 0.03211563 
200 431 3 4 0.03209596 
982 377 24 26 0.032042846 
865 242 5 6 0.031951424 
127 241 20 24 0.031940073 
13 134 4 5 0.03182986 
841 244 5 5 0.031825017 
860 250 5 6 0.03179853 
971 383 6 6 0.031774838 
365 582 7 7 0.031763572 
798 442 10 16 0.031743787 
801 318 24 35 0.03172463 
822 322 54 73 0.031705737 
188 411 4 4 0.031631004 
118 231 4 4 0.031619586 
892 229 5 7 0.03159578 
953 391 7 7 0.031546846 
68 220 75 97 0.03153183 
594 158 66 54 0.031422764 
135 292 7 12 0.031324603 
176 173 27 30 0.031292222 
135 286 6 9 0.031273484 
180 421 4 6 0.031169122 
196 432 3 3 0.031160023 
896 560 27 34 0.03115517 
270 -1 30 20 0.031085616 
738 467 21 28 0.031076565 
815 348 27 35 0.031070031 
800 178 4 7 0.031059664 
554 141 34 31 0.031042958 
954 395 6 8 0.030998811 
117 238 5 4 0.03094714 
92 109 6 7 0.030909592 
813 276 7 14 0.030908203 
575 355 33 32 0.030898487 
829 248 16 21 0.030830106 
761 406 8 12 0.030798685 
958 361 13 12 0.030788457 
317 431 29 30 0.030787129 
869 235 7 9 0.030744461 
814 265 6 10 0.030691024 
98 288 22 26 0.030671012 
409 575 31 38 0.030653717 
1004 204 7 6 0.030644163 
802 445 22 25 0.030567132 
211 236 5 8 0.030533668 
736 451 8 11 0.03047329 
220 210 4 6 0.030455215 
803 365 10 13 0.030428186 
169 422 4 5 0.030384628 
808 403 7 8 0.03032045 
1008 409 11 11 0.030292124 
14 231 3 4 0.030212888 
795 394 7 9 0.030202582 
175 418 4 4 0.030182807 
929 366 25 27 0.030179761 
81 171 9 9 0.030169435 
986 211 23 19 0.030154772 
226 234 5 7 0.030146345 
497 359 27 34 0.030139724 
965 377 8 7 0.030120678 
131 260 20 21 0.030116588 
765 228 41 59 0.030071784 
871 224 5 5 0.030057942 
1009 204 7 6 0.030020189 
156 442 28 25 0.029981 
452 219 46 50 0.029971482 
185 232 22 29 0.029880377 
340 118 30 32 0.029857114 
196 243 24 28 0.029848592 
459 89 10 16 0.029786885 
796 367 20 27 0.029710537 
376 583 29 41 0.029667502 
865 249 5 7 0.029563097 
775 462 20 25 0.029540949 
651 419 8 11 0.029472413 
800 182 5 11 0.029431956 
785 394 7 10 0.029410237 
986 395 7 7 0.029306587 
839 244 23 26 0.029250368 
203 217 3 6 0.029243862 
291 579 200 154 0.029218754 
781 386 7 11 0.029207928 
201 457 7 12 0.029195586 
229 151 7 8 0.029173343 
781 525 105 95 0.02915916 
938 546 50 60 0.029146075 
904 229 6 6 0.029050604 
576 71 29 27 0.029040486 
958 523 47 61 0.029032994 
174 450 26 30 0.028975235 
59 121 6 5 0.028925216 
465 63 19 24 0.028905528 
791 192 17 32 0.028877914 
498 114 57 51 0.028849535 
109 224 5 5 0.02882985 
908 260 8 10 0.028809922 
78 107 5 7 0.028787116 
152 293 8 8 0.028780747 
747 437 24 28 0.028754277 
105 219 4 4 0.028753584 
892 225 4 5 0.028743226 
202 458 23 27 0.028736703 
794 425 7 13 0.028733922 
774 172 20 24 0.028731817 
452 87 19 29 0.028704433 
308 416 31 34 0.028631976 
806 406 8 11 0.028622719 
102 251 6 6 0.02859925 
218 235 5 7 0.028597096 
220 222 5 7 0.028566308 
803 481 42 58 0.028549297 
110 231 5 5 0.02853449 
104 276 22 27 0.028508175 
989 409 13 17 0.028498437 
813 463 23 28 0.028497798 
961 391 5 6 0.028455729 
569 51 27 24 0.028450565 
950 435 31 25 0.02841383 
158 162 10 9 0.028399825 
71 94 5 7 0.028398827 
169 250 4 6 0.028390344 
820 436 13 17 0.02836397 
977 241 9 9 0.028326474 
676 142 335 323 0.028315283 
838 -16 102 105 0.028308919 
845 169 23 24 0.028287377 
675 677 28 25 0.028286733 
297 2 28 24 0.028282417 
392 10 51 48 0.028274182 
168 258 6 11 0.02825176 
372 583 6 8 0.028218739 
771 403 10 13 0.028209077 
1004 179 7 6 0.028203914 
758 431 10 14 0.028157895 
897 242 5 7 0.028126596 
808 396 6 7 0.028112534 
35 19 102 112 0.02808071 
1004 304 9 10 0.028077332 
800 304 7 10 0.02806952 
949 419 13 11 0.028021654 
132 220 3 4 0.02799885 
21 206 5 4 0.027930496 
9 231 3 5 0.02792723 
475 72 21 25 0.027798124 
115 116 6 5 0.027763113 
462 77 5 7 0.027750507 
152 379 22 34 0.027740648 
596 70 30 32 0.027735537 
1002 394 8 9 0.027636953 
909 450 35 27 0.027619366 
561 79 30 29 0.027583916 
194 259 22 31 0.027576381 
34 243 4 5 0.027574994 
997 395 10 11 0.027574154 
1006 411 22 31 0.027534619 
830 434 8 9 0.027520066 
961 380 79 94 0.027518017 
897 236 6 8 0.027513029 
184 177 10 9 0.02751095 
301 114 48 53 0.027509956 
976 411 4 5 0.027501574 
796 384 6 7 0.027479291 
816 278 10 13 0.027463483 
694 212 13 16 0.027456518 
973 377 7 7 0.027450353 
974 541 42 70 0.027446942 
801 508 23 28 0.027444372 
972 371 7 8 0.027389672 
662 453 7 8 0.027381873 
35 115 4 6 0.027356956 
781 374 6 11 0.027355159 
817 272 7 10 0.027339464 
140 254 6 7 0.02731865 
827 259 20 25 0.0273123 
804 264 9 16 0.027306212 
800 342 7 12 0.027293833 
124 299 5 9 0.027284322 
936 621 47 51 0.027280271 
14 219 5 4 0.027267154 
111 115 5 5 0.027252221 
868 230 7 8 0.027248815 
981 383 5 6 0.027239462 
706 481 23 35 0.027218863 
95 272 8 8 0.027196823 
749 277 22 31 0.027189404 
102 254 7 7 0.027160557 
244 152 5 6 0.027130341 
454 71 6 5 0.02712741 
182 462 27 29 0.027123518 
859 305 24 33 0.027113872 
209 522 68 108 0.02710684 
138 48 52 50 0.027106462 
158 318 7 10 0.02710112 
55 137 3 4 0.027099723 
53 116 5 5 0.027089141 
126 269 21 26 0.02706549 
63 116 6 6 0.027063575 
154 288 6 7 0.027029594 
720 272 45 53 0.027029058 
597 97 12 12 0.027019097 
59 116 5 5 0.027012061 
686 412 23 27 0.026998127 
975 404 5 5 0.026993198 
225 537 23 31 0.026983136 
390 549 23 33 0.026976151 
98 317 25 26 0.026973711 
511 384 26 32 0.026972208 
1004 189 8 8 0.026970694 
575 587 27 27 0.026969818 
766 422 11 15 0.026968922 
821 263 4 7 0.026938088 
667 407 7 10 0.026933491 
812 287 9 17 0.026911072 
859 254 6 7 0.026899772 
980 403 5 6 0.026875177 
778 401 10 15 0.02686615 
789 386 19 24 0.026863832 
974 396 5 5 0.02686167 
968 391 6 5 0.02682312 
1008 211 9 9 0.02682214 
190 177 10 9 0.02681241 
199 449 5 6 0.026798315 
1018 177 6 7 0.02678448 
21 142 4 4 0.026760792 
800 470 9 15 0.02674235 
888 431 26 24 0.026738478 
0 443 9 18 0.026729522 
985 388 9 10 0.026725283 
8 223 4 5 0.026698709 
196 176 10 11 0.026683878 
41 123 4 4 0.02667292 
786 370 6 10 0.026587911 
907 265 11 13 0.026536148 
653 447 26 35 0.02653546 
812 360 8 12 0.026533937 
742 477 8 12 0.0265064 
996 386 10 11 0.026493942 
482 379 56 62 0.02648257 
195 411 3 4 0.026478397 
1004 198 7 6 0.026466526 
798 433 9 13 0.026428783 
776 370 4 7 0.026419155 
435 543 26 33 0.02638214 
40 114 4 7 0.02637516 
140 247 17 25 0.0263532 
0 608 27 31 0.026352247 
441 104 17 25 0.026338855 
803 290 9 16 0.026333302 
741 523 23 25 0.026331889 
108 122 6 7 0.02633084 
394 570 10 15 0.026320735 
451 71 6 5 0.026302945 
865 471 66 48 0.026302557 
272 217 47 61 0.026301377 
614 100 52 53 0.026301356 
479 76 6 9 0.026299017 
361 326 27 35 0.026284838 
838 270 24 26 0.026277512 
776 366 4 6 0.026268093 
974 391 5 5 0.026250066 
66 448 5 7 0.026240384 
765 370 5 7 0.026218096 
182 411 3 5 0.026218062 
849 175 12 12 0.026214505 
889 235 21 28 0.026212601 
837 201 9 12 0.026177952 
387 603 28 36 0.026175447 
146 148 24 22 0.026163058 
188 251 20 26 0.026154002 
130 366 42 53 0.026128713 
247 295 87 108 0.026126036 
799 480 20 34 0.026121924 
785 455 19 25 0.026079232 
825 460 27 30 0.026071018 
675 422 99 115 0.02605746 
335 546 23 31 0.02605571 
8 188 6 8 0.0260008 
929 253 52 48 0.025998147 
90 255 6 6 0.02599589 
209 416 3 5 0.025993863 
58 119 25 25 0.025976535 
615 633 28 30 0.025971247 
162 259 5 9 0.025966309 
62 484 39 52 0.025965882 
735 466 8 11 0.025962826 
333 332 23 35 0.025952563 
208 241 11 16 0.025948305 
778 438 10 14 0.025929691 
804 377 9 10 0.025908004 
681 426 23 31 0.025880884 
925 274 13 15 0.02587441 
769 367 4 5 0.02585779 
129 284 18 28 0.025839541 
867 554 31 39 0.025824096 
168 409 34 49 0.025821075 
861 -150 251 156 0.025797635 
819 265 20 28 0.025785422 
981 228 22 22 0.025774186 
78 107 20 25 0.025770076 
801 349 7 14 0.0257667 
904 388 27 30 0.025765216 
745 563 80 86 0.025762055 
28 587 21 26 0.02576166 
422 470 103 85 0.02574042 
778 357 19 31 0.025726764 
795 370 6 9 0.025725706 
912 372 24 28 0.025725447 
913 283 11 14 0.025689991 
202 417 3 4 0.025625734 
187 167 27 28 0.025618484 
47 141 4 4 0.02560659 
657 437 11 13 0.025595492 
281 394 99 86 0.02558745 
66 107 6 6 0.02558547 
768 375 6 9 0.025579926 
886 225 4 4 0.025578229 
761 413 8 12 0.02556423 
243 223 5 8 0.025558557 
780 258 23 34 0.025536284 
453 86 9 11 0.025529033 
748 477 8 10 0.025527911 
895 230 5 6 0.025506124 
418 184 95 85 0.025485368 
147 303 9 12 0.025460605 
191 172 8 8 0.025459936 
977 436 10 13 0.025449803 
595 565 30 24 0.025426751 
204 156 9 10 0.025417307 
208 422 4 5 0.025412874 
787 577 52 56 0.025410488 
327 444 27 29 0.025409827 
934 200 92 90 0.025408184 
88 435 7 6 0.025392208 
901 240 8 10 0.025385372 
54 141 4 3 0.025361745 
982 242 12 12 0.025351742 
174 459 14 16 0.025347104 
441 81 8 8 0.025344443 
555 170 116 90 0.025320366 
358 173 96 89 0.02530208 
117 272 7 9 0.025213627 
951 576 42 53 0.025200844 
8 210 4 5 0.025181886 
979 216 8 9 0.025137337 
208 118 12 12 0.025124032 
805 202 76 104 0.025087083 
979 376 6 7 0.025082499 
26 631 7 11 0.025080752 
318 539 44 55 0.025068734 
40 127 4 4 0.025057254 
935 428 29 27 0.02505593 
8 243 3 5 0.025028082 
95 107 6 8 0.025013728 
1 82 5 10 0.02497535 
978 236 8 9 0.02497106 
899 222 4 6 0.024964198 
54 129 4 4 0.024948794 
468 71 5 6 0.02494025 
778 413 10 14 0.024933182 
414 99 20 25 0.024927154 
176 124 12 12 0.024904158 
76 462 23 23 0.024903383 
870 318 6 9 0.024885984 
59 442 17 23 0.024875809 
1005 380 8 10 0.024851602 
327 125 103 87 0.024850646 
208 231 3 5 0.024839599 
449 100 8 12 0.024838448 
16 198 5 5 0.024838425 
791 298 9 13 0.024829708 
726 443 20 27 0.024819467 
805 417 8 11 0.024814865 
742 470 10 11 0.02480785 
471 631 113 84 0.02479666 
983 232 12 11 0.024790265 
12 179 6 7 0.024785945 
873 431 27 30 0.02477859 
131 224 4 5 0.024774868 
441 58 24 24 0.024729734 
120 271 9 10 0.02472088 
996 489 22 48 0.024717258 
13 127 5 6 0.024704192 
216 446 26 27 0.024695402 
919 385 25 22 0.024692936 
104 490 30 38 0.024686597 
278 39 24 27 0.024636533 
786 458 8 11 0.024627993 
499 111 8 11 0.024627497 
877 237 5 7 0.024613889 
833 476 55 52 0.024607234 
863 291 28 25 0.02459325 
198 451 6 9 0.02457766 
8 219 4 5 0.024556007 
191 422 4 5 0.024534345 
105 224 5 5 0.02452951 
149 161 6 6 0.024523962 
158 273 20 24 0.024519918 
908 254 8 10 0.024516337 
469 470 126 103 0.024513692 
987 401 6 7 0.024500147 
980 371 6 8 0.02449735 
796 201 7 13 0.024495134 
1003 296 10 11 0.024475282 
172 184 8 9 0.024468048 
198 152 9 10 0.024467377 
903 236 7 9 0.024464287 
985 382 8 9 0.02446183 
774 375 7 10 0.024451641 
789 364 39 60 0.024449063 
642 408 7 11 0.024448223 
794 376 6 8 0.02444289 
22 116 4 6 0.024441624 
853 572 15 20 0.024430415 
945 363 11 13 0.024428286 
831 195 8 12 0.024420375 
202 118 12 12 0.024398062 
456 66 4 4 0.02439791 
825 196 8 11 0.02439072 
233 481 13 16 0.024376329 
192 147 21 21 0.024355609 
70 462 41 45 0.024344802 
519 359 24 27 0.024343483 
586 53 27 26 0.02434222 
781 535 21 30 0.024341354 
215 564 21 40 0.024336474 
160 429 24 25 0.024326188 
189 118 12 11 0.024297794 
768 449 13 17 0.024295341 
123 28 53 45 0.024259163 
700 475 19 30 0.024253653 
136 244 5 6 0.024214165 
796 168 4 6 0.02420283 
979 397 6 5 0.024199149 
428 572 30 36 0.024197668 
770 163 73 103 0.024193075 
765 411 10 15 0.024192838 
740 464 11 12 0.024185015 
673 436 23 35 0.024171002 
975 414 7 8 0.024167826 
942 338 19 30 0.024162097 
202 412 3 4 0.024158236 
159 293 9 10 0.024144726 
371 93 6 10 0.024132552 
972 357 9 9 0.024129909 
172 178 8 9 0.024103228 
125 272 9 10 0.024090575 
207 212 4 5 0.024066003 
1 658 7 11 0.024062118 
177 430 68 79 0.024060294 
212 221 5 8 0.02404686 
53 122 4 4 0.024027904 
925 284 10 12 0.024027046 
181 434 5 7 0.023990177 
344 560 29 32 0.023981804 
784 464 9 11 0.023980532 
225 213 4 4 0.023968494 
799 379 22 26 0.023967622 
974 407 21 25 0.023965348 
1002 209 10 9 0.023963407 
788 415 18 28 0.023946548 
855 59 87 85 0.023931209 
604 94 11 12 0.023928246 
20 210 5 6 0.023901898 
772 437 10 14 0.023885295 
956 337 5 8 0.023884406 
356 616 12 14 0.0238758 
108 393 32 39 0.023873959 
363 617 11 13 0.0238703 
110 219 4 3 0.023859775 
252 148 5 5 0.023852015 
226 242 6 8 0.023844477 
633 424 10 15 0.023843063 
894 508 96 103 0.023830146 
262 162 38 55 0.023829525 
1 221 4 7 0.023821654 
137 224 4 5 0.023817146 
597 586 26 29 0.023785708 
864 248 25 31 0.023778968 
27 136 4 4 0.02377264 
972 350 8 9 0.023763962 
803 299 10 15 0.023760002 
83 107 7 7 0.023751266 
822 447 12 15 0.023732102 
362 565 12 14 0.023730908 
751 546 30 26 0.023698077 
96 249 6 6 0.023692986 
900 270 95 102 0.023682084 
63 121 6 5 0.023679582 
688 411 12 15 0.023669988 
21 120 5 5 0.023662994 
159 280 8 9 0.023657031 
136 230 4 5 0.023643725 
153 255 5 8 0.023637144 
371 574 9 10 0.023623986 
820 203 6 9 0.023619376 
837 208 9 11 0.023602316 
244 133 6 8 0.023596082 
195 450 19 27 0.023581007 
750 484 7 11 0.023579897 
598 103 13 14 0.023561131 
149 288 6 7 0.023548776 
363 349 28 42 0.023543794 
442 76 7 8 0.023541024 
356 572 11 11 0.023521837 
785 343 7 12 0.023492288 
125 334 12 14 0.023491563 
98 719 5 5 0.023475584 
796 425 21 30 0.023468012 
784 312 12 16 0.02346764 
70 103 6 6 0.023462681 
1018 300 6 8 0.023460478 
441 78 21 26 0.023448046 
141 291 19 25 0.023435961 
925 292 9 10 0.02342027 
54 154 3 4 0.023403902 
495 37 25 23 0.023401778 
547 75 27 28 0.023398954 
800 413 9 11 0.023380047 
107 253 8 8 0.023363844 
35 225 4 5 0.02336373 
67 147 4 5 0.023353115 
952 19 50 52 0.02331717 
44 -121 238 126 0.023315378 
40 146 5 5 0.02330989 
791 469 8 13 0.023309823 
852 120 50 59 0.023308495 
952 96 109 112 0.023307424 
665 422 10 15 0.023306726 
2 62 4 6 0.0233054 
664 264 9 14 0.023292255 
180 271 20 28 0.023287227 
177 451 9 12 0.023284586 
215 118 12 13 0.023268104 
113 253 8 9 0.02326449 
863 424 26 28 0.02324514 
709 519 22 30 0.023239987 
417 567 7 10 0.023225721 
779 369 7 10 0.023212554 
717 524 85 90 0.023195338 
168 244 5 6 0.023189051 
827 245 4 5 0.0231808 
331 587 51 56 0.023163864 
786 432 8 12 0.023162575 
374 6 96 96 0.02315995 
133 334 11 14 0.023159245 
609 594 29 29 0.023153255 
238 142 5 6 0.023146154 
2 138 4 7 0.023143588 
101 260 7 7 0.02312514 
940 280 8 8 0.023114424 
716 461 22 32 0.023103481 
475 67 5 6 0.02309955 
776 286 23 35 0.023093686 
208 429 4 6 0.023093281 
-45 -112 314 439 0.023085183 
934 231 6 5 0.023075845 
90 280 9 8 0.023061542 
853 210 44 58 0.02305445 
54 149 80 114 0.023053227 
53 161 4 5 0.023037126 
122 293 5 8 0.023009656 
7 199 5 5 0.023008943 
14 225 4 4 0.023002677 
27 149 4 5 0.023001872 
299 326 25 37 0.022999112 
138 296 8 14 0.02299878 
787 466 20 31 0.022997515 
153 139 21 22 0.022970727 
308 435 15 17 0.02296251 
913 330 24 37 0.02295304 
163 255 5 9 0.022938812 
148 250 5 5 0.022919497 
46 123 4 4 0.02291875 
883 364 34 38 0.022913758 
179 178 8 8 0.022868054 
140 360 8 8 0.022856249 
873 566 113 112 0.022843665 
996 555 34 58 0.02283212 
266 538 73 99 0.022820922 
772 427 11 15 0.022814486 
673 416 6 8 0.0228093 
104 121 6 7 0.02280894 
869 323 7 10 0.022783825 
183 248 48 64 0.022769434 
183 124 12 12 0.022766931 
154 260 5 8 0.022763908 
21 135 4 4 0.022763891 
896 248 7 11 0.022759985 
297 206 87 106 0.022758938 
498 90 8 14 0.022747163 
85 51 23 22 0.022744251 
1 210 4 6 0.022743665 
774 469 10 13 0.022725817 
123 240 6 7 0.0227149 
9 135 4 7 0.022712 
8 179 5 6 0.022705084 
785 399 7 11 0.022704735 
801 215 6 10 0.022695875 
935 293 6 8 0.022690747 
781 356 7 11 0.022688663 
775 516 5 8 0.022674775 
69 299 21 23 0.02267418 
202 170 11 11 0.022652784 
844 208 9 11 0.022651294 
27 225 4 5 0.02265063 
949 335 79 93 0.022648636 
821 210 5 8 0.022631362 
490 92 22 29 0.022621414 
729 475 9 14 0.022617782 
540 571 115 85 0.022614483 
680 231 25 29 0.022614304 
447 85 8 11 0.022608476 
1003 223 8 8 0.022600885 
196 111 22 24 0.022597918 
354 506 23 29 0.022595823 
852 548 31 33 0.022595456 
959 395 7 7 0.022590527 
979 361 8 10 0.022586264 
197 155 26 25 0.022586223 
21 243 3 4 0.022584429 
-2 563 34 58 0.022582391 
250 151 6 7 0.022575244 
133 279 8 11 0.02256234 
153 149 60 48 0.022560982 
602 143 29 30 0.02254323 
820 197 6 9 0.022527454 
198 471 9 11 0.022515293 
899 328 24 36 0.02251454 
147 259 6 9 0.022510218 
710 500 23 33 0.022497512 
533 141 37 33 0.022493364 
95 262 7 6 0.022489732 
142 501 32 29 0.022479877 
312 370 26 32 0.022479786 
201 212 4 5 0.022478968 
139 139 22 24 0.022465553 
814 252 17 27 0.02245649 
177 222 22 31 0.022442361 
59 129 5 5 0.02242711 
196 170 10 10 0.022396766 
78 152 23 22 0.022396555 
621 348 24 30 0.022372575 
97 120 6 7 0.022350205 
-5 -150 52 151 0.02234846 
906 424 25 21 0.02233657 
632 635 26 27 0.022336219 
65 103 7 6 0.02233575 
735 537 25 27 0.022333458 
548 92 30 31 0.022328774 
953 300 6 7 0.022328481 
490 90 46 51 0.02232847 
780 363 6 11 0.0223194 
212 212 4 5 0.022318458 
878 224 4 5 0.022261854 
967 345 7 8 0.022256816 
18 592 7 10 0.022255978 
256 147 5 7 0.022253368 
992 417 23 32 0.022252465 
210 202 21 28 0.02224845 
152 132 10 10 0.022235459 
846 449 28 33 0.022214897 
835 328 30 36 0.022210877 
283 168 25 39 0.022209803 
179 430 5 5 0.02220799 
397 598 7 11 0.022206923 
169 445 13 12 0.022183789 
463 67 4 3 0.022172652 
302 402 25 28 0.022161143 
947 281 7 6 0.022137064 
141 288 6 8 0.022136206 
951 448 29 31 0.022132002 
800 335 7 12 0.02213069 
481 107 25 30 0.022125624 
0 572 18 30 0.022125414 
811 142 27 30 0.022124294 
815 162 25 28 0.022106256 
294 72 192 160 0.022097817 
26 76 95 102 0.022090863 
147 512 43 56 0.022085877 
185 438 7 8 0.022082025 
825 425 23 27 0.022077618 
672 448 8 11 0.022071825 
8 128 5 5 0.022069257 
116 260 18 22 0.02205754 
731 330 175 181 0.022051293 
923 337 6 11 0.022048978 
960 429 9 7 0.0220253 
1003 290 11 12 0.022010218 
45 115 4 5 0.022003599 
805 411 24 25 0.022003034 
218 559 6 12 0.021975337 
123 304 7 10 0.021960631 
590 92 52 50 0.02195581 
900 220 3 4 0.021934964 
888 241 8 10 0.02192326 
153 317 8 12 0.02191081 
209 111 22 26 0.021909611 
7 138 5 7 0.021892263 
190 183 10 10 0.021885829 
661 692 14 16 0.021874605 
323 461 24 30 0.021863101 
232 206 4 5 0.021858046 
446 70 20 21 0.02183875 
128 299 6 10 0.021825511 
721 528 10 13 0.021821696 
77 95 5 6 0.02181646 
831 202 8 11 0.021804309 
252 142 4 6 0.021793377 
824 187 10 13 0.021781975 
212 422 28 33 0.021779384 
991 204 7 7 0.021769311 
735 479 19 31 0.021765824 
561 62 29 27 0.021763464 
720 533 20 25 0.021759339 
415 560 10 12 0.02175875 
90 248 6 7 0.021744115 
1001 291 21 25 0.021743808 
189 164 9 9 0.021743206 
77 102 6 6 0.02174219 
7 148 5 6 0.021740261 
930 462 29 27 0.021739567 
687 63 48 52 0.021733996 
167 253 6 11 0.02172099 
176 470 12 13 0.021720864 
866 254 6 8 0.021713646 
171 259 7 11 0.021692965 
469 66 4 5 0.021691516 
596 604 26 25 0.021687811 
997 204 8 7 0.021675516 
687 238 13 16 0.021670835 
120 248 7 8 0.021659264 
493 378 26 30 0.021653796 
565 93 31 29 0.021649912 
169 429 7 7 0.021647329 
410 66 80 96 0.021636257 
664 438 10 14 0.02163378 
805 114 46 47 0.021625299 
499 341 31 33 0.021616312 
450 65 6 5 0.021612111 
340 158 27 29 0.021606212 
787 355 7 12 0.021604152 
856 566 12 15 0.021594256 
796 261 19 34 0.021591116 
788 333 20 31 0.021581007 
656 398 27 31 0.021565555 
923 375 6 8 0.021543162 
775 610 26 33 0.02154098 
795 336 6 10 0.021526443 
8 239 3 4 0.021526309 
400 213 47 52 0.021514855 
837 188 9 12 0.021512272 
809 347 11 17 0.02151169 
40 236 3 5 0.021482255 
380 643 15 20 0.021475555 
864 564 11 13 0.021475486 
187 244 4 6 0.021468837 
934 236 6 5 0.021458993 
370 546 26 37 0.021455634 
332 322 11 21 0.021451673 
966 417 26 26 0.021443464 
454 215 88 84 0.02143151 
638 429 11 16 0.02143049 
912 602 58 55 0.021422561 
82 185 172 183 0.021414056 
805 388 8 9 0.021407522 
973 419 9 11 0.021402178 
461 24 97 101 0.021396484 
264 518 23 35 0.021392487 
15 96 4 6 0.021380004 
952 265 84 94 0.021379108 
21 148 4 4 0.021368105 
958 338 7 7 0.02134361 
47 136 4 4 0.021330658 
854 430 13 15 0.021323368 
40 141 4 5 0.021318763 
209 478 13 16 0.02131539 
502 315 28 30 0.021306245 
786 274 23 36 0.021305708 
963 357 11 11 0.02130534 
623 1 53 48 0.0212986 
878 231 5 6 0.021296723 
136 219 4 5 0.021291154 
829 277 11 13 0.021277567 
786 497 42 59 0.021275047 
806 267 17 29 0.021270547 
110 719 4 4 0.021265626 
261 134 18 30 0.02126157 
188 378 4 6 0.021260059 
745 455 14 15 0.021257013 
979 390 6 6 0.021242935 
992 318 7 8 0.021239847 
650 636 29 29 0.021228826 
806 425 9 11 0.021222716 
941 286 8 9 0.021206953 
492 112 8 10 0.021194082 
0 433 20 28 0.021170773 
185 155 13 11 0.021160536 
220 230 5 7 0.021143088 
960 331 6 8 0.021131815 
26 117 5 6 0.02112569 
27 230 3 4 0.021122491 
168 468 14 14 0.021121012 
951 374 24 23 0.021118635 
22 231 3 4 0.021111399 
155 354 22 29 0.02109817 
843 202 10 11 0.02109604 
517 496 419 516 0.02109571 
9 206 5 5 0.021069976 
1003 415 12 18 0.021068579 
323 456 13 16 0.021060929 
930 520 53 55 0.021049015 
117 318 25 31 0.021033082 
28 129 4 4 0.021029932 
46 189 6 8 0.021022636 
96 114 6 7 0.021020038 
411 381 23 27 0.021018876 
859 281 52 53 0.021006808 
346 363 8 12 0.021001926 
702 416 20 29 0.021000912 
171 131 22 24 0.020992175 
609 -32 101 93 0.020984925 
184 183 9 10 0.020976529 
245 142 4 5 0.020967035 
955 307 6 7 0.020950729 
3 499 14 18 0.020938331 
15 141 4 5 0.020930493 
554 49 24 26 0.020928813 
90 263 6 5 0.020928372 
32 248 5 5 0.020919953 
709 293 41 51 0.020917833 
440 367 123 112 0.020917764 
889 443 32 27 0.02091584 
765 604 24 28 0.020915449 
1004 387 8 10 0.020914722 
402 582 7 10 0.020909451 
662 38 97 102 0.020908408 
80 183 25 28 0.020908002 
277 337 85 97 0.020902399 
15 148 4 5 0.020898808 
57 464 10 15 0.020897638 
922 371 6 7 0.02087863 
810 426 12 13 0.020876681 
785 475 10 13 0.02087521 
909 405 26 24 0.02087251 
397 618 8 12 0.020868905 
140 224 5 6 0.020868242 
466 37 25 27 0.020863187 
830 188 10 12 0.02085817 
66 444 4 5 0.020857317 
681 365 14 15 0.020849807 
417 78 36 47 0.020844426 
964 349 22 24 0.02083548 
781 179 6 7 0.020835452 
785 404 8 12 0.02082645 
966 403 6 7 0.020826386 
972 374 22 24 0.020825231 
193 208 20 27 0.020821245 
40 232 3 5 0.020820148 
170 418 4 4 0.020808736 
818 187 9 13 0.0208087 
77 169 24 22 0.020807477 
1009 396 7 8 0.020804118 
408 581 9 11 0.020800304 
983 493 42 79 0.02077916 
658 415 8 9 0.02077336 
114 107 7 6 0.020767745 
949 351 6 9 0.020754037 
148 353 5 6 0.02074708 
718 481 23 36 0.020742046 
232 213 4 5 0.0207392 
808 299 25 36 0.02072926 
72 280 88 83 0.020725597 
1018 216 6 8 0.02072557 
879 220 4 4 0.020721104 
561 39 25 25 0.020720553 
153 357 6 8 0.020717954 
401 571 8 12 0.020715533 
501 397 28 33 0.020713938 
990 366 24 28 0.020701045 
224 141 6 7 0.02069888 
786 434 36 49 0.020695847 
313 186 43 53 0.020690639 
33 148 5 5 0.020688454 
962 359 46 46 0.020685744 
758 283 6 7 0.020677714 
216 241 6 9 0.020676697 
194 248 10 10 0.020675283 
525 153 17 19 0.020675087 
151 309 18 27 0.020672878 
626 508 23 30 0.020648785 
264 115 46 58 0.020644996 
848 314 27 35 0.020638471 
196 287 9 12 0.0206374 
825 209 7 9 0.020631446 
679 399 25 29 0.020623656 
34 121 3 4 0.02062227 
448 547 25 27 0.020620994 
739 248 25 27 0.02061654 
825 202 7 10 0.020598646 
642 459 14 19 0.02059373 
239 192 5 6 0.02057371 
90 173 23 25 0.020571977 
777 443 20 26 0.02056724 
858 442 30 30 0.020560134 
79 121 6 7 0.020553961 
37 594 11 13 0.020553505 
59 149 4 4 0.020545889 
734 476 9 12 0.02053576 
47 154 4 4 0.02052386 
957 457 11 12 0.020516952 
738 357 70 91 0.02049505 
405 550 27 33 0.020491084 
153 280 8 9 0.020490497 
707 454 22 31 0.02048975 
968 396 5 5 0.020475578 
1008 488 21 40 0.020474344 
22 199 5 5 0.020458309 
595 106 26 28 0.020454165 
973 236 8 9 0.02045109 
740 455 11 13 0.02045087 
813 451 25 25 0.020435186 
96 230 6 5 0.020434055 
595 297 82 108 0.020432133 
110 237 5 5 0.020426417 
892 318 21 35 0.020424709 
88 126 7 8 0.020423684 
787 362 6 10 0.020408016 
219 566 5 11 0.020407895 
826 290 47 57 0.02038464 
185 291 9 12 0.020382402 
142 387 7 10 0.02037851 
211 183 7 9 0.020374311 
193 243 6 7 0.02037256 
926 341 25 34 0.020372452 
135 186 6 7 0.020351369 
201 529 41 66 0.020351175 
822 254 6 8 0.020345373 
963 450 12 12 0.02034503 
264 480 6 8 0.020340556 
776 510 5 9 0.02033173 
660 658 26 30 0.020328844 
828 442 12 14 0.020308858 
1018 293 6 7 0.020304805 
115 121 6 6 0.0203045 
497 120 9 12 0.020294223 
147 139 7 8 0.020289605 
965 409 7 7 0.020285105 
126 241 7 7 0.02028298 
526 607 32 30 0.020278994 
15 164 5 7 0.020273075 
165 413 20 28 0.020267762 
47 129 3 4 0.02025611 
57 -57 112 95 0.020255953 
966 338 7 7 0.020249357 
489 321 14 14 0.020247512 
815 175 24 34 0.020238511 
16 71 3 5 0.020232746 
237 132 7 9 0.020228874 
185 437 22 30 0.020226324 
1003 215 10 9 0.020215299 
346 536 15 15 0.020214826 
648 442 12 16 0.020210631 
833 405 26 30 0.020204592 
125 138 23 26 0.02019424 
367 487 22 30 0.020192921 
164 131 11 11 0.020166075 
141 245 5 5 0.02014843 
20 108 4 6 0.020145874 
142 154 5 5 0.020142153 
115 304 8 11 0.020139998 
161 237 5 5 0.020139908 
1019 174 4 5 0.02013974 
575 40 25 23 0.020132 
153 139 8 8 0.020130904 
950 301 5 6 0.020126004 
187 212 5 5 0.020122105 
805 211 5 8 0.020118427 
825 339 26 33 0.020110147 
61 454 18 24 0.020105073 
157 178 9 9 0.020103877 
179 437 8 10 0.020103034 
-2 357 181 182 0.020099804 
196 121 195 226 0.020090874 
190 470 11 12 0.020074947 
124 364 23 29 0.020073889 
186 217 5 6 0.020067492 
974 774 88 113 0.020066883 
814 205 5 7 0.020064484 
135 191 6 6 0.020060048 
216 245 8 12 0.020047175 
799 219 8 12 0.020031434 
321 416 15 18 0.020024596 
87 118 7 9 0.020022864 
616 372 25 31 0.0200095 
779 422 19 28 0.02000109 
