2_Demonstration_Demonstration_Or_Protest_2_600
1138
42 244 75 86 0.99666923 
480 300 27 31 0.9929234 
218 387 40 43 0.98828435 
888 276 48 77 0.9857363 
900 124 11 13 0.98323417 
638 150 17 22 0.97533447 
150 307 34 42 0.97518325 
870 224 21 23 0.9703419 
254 110 12 14 0.9697496 
172 104 10 12 0.9664963 
57 60 10 10 0.95544845 
960 262 23 26 0.94797486 
945 404 36 43 0.94389933 
228 103 10 13 0.943342 
815 307 35 46 0.9374749 
541 113 9 11 0.93377024 
112 35 10 13 0.92115796 
732 110 12 13 0.92030776 
124 111 12 15 0.920021 
380 147 16 17 0.91707593 
686 102 11 13 0.9050486 
27 104 12 13 0.9007823 
943 147 16 17 0.8953687 
658 117 10 11 0.89511424 
79 104 12 12 0.8913594 
191 145 18 19 0.88869756 
55 152 18 19 0.87699693 
505 146 18 20 0.8700443 
497 109 14 11 0.84481376 
563 127 13 16 0.8445639 
581 111 9 11 0.8411746 
673 358 38 43 0.8310129 
597 109 11 12 0.8103731 
621 97 9 11 0.8095494 
702 129 11 14 0.80464065 
734 148 12 14 0.8034458 
314 104 12 13 0.79943717 
36 161 12 14 0.7752321 
959 125 11 10 0.774731 
5 31 9 12 0.7623497 
633 110 9 10 0.7584797 
274 60 9 8 0.7581962 
921 113 9 9 0.75678605 
371 117 9 9 0.7458399 
67 49 10 10 0.73201334 
-1 159 11 19 0.6889264 
884 114 7 9 0.685147 
760 118 10 10 0.6588959 
853 139 13 16 0.6454307 
402 105 11 12 0.62531376 
834 121 11 13 0.57597643 
820 112 9 9 0.5759738 
436 108 11 12 0.57200855 
454 114 9 9 0.56848645 
285 154 13 14 0.56241906 
152 55 7 10 0.5621331 
221 53 9 9 0.55365133 
893 143 12 12 0.53997004 
27 42 9 12 0.5336795 
83 46 10 12 0.53158474 
792 117 12 12 0.48575857 
186 66 8 8 0.4854073 
909 113 8 8 0.47857344 
343 315 23 23 0.4757748 
778 110 9 10 0.4617773 
392 320 12 17 0.45952198 
798 151 14 16 0.42266694 
998 85 10 12 0.4092773 
198 280 23 24 0.38548052 
930 131 10 10 0.363808 
377 111 9 10 0.36327314 
481 109 10 11 0.3589501 
697 172 11 12 0.3437958 
240 164 15 15 0.33266836 
608 101 10 14 0.31403846 
835 136 13 13 0.31031322 
334 93 6 8 0.30509144 
654 134 12 13 0.2987559 
772 121 10 11 0.29441684 
985 124 9 12 0.29184523 
242 58 9 10 0.27558723 
156 167 13 19 0.27179042 
468 116 8 10 0.25708526 
304 127 14 18 0.2527113 
427 169 10 11 0.24034643 
914 136 10 11 0.22904646 
432 168 14 14 0.22739427 
324 115 12 13 0.22504286 
987 304 27 28 0.2208896 
976 116 8 10 0.21650894 
913 176 8 9 0.21555702 
589 135 11 15 0.21167909 
305 110 10 11 0.20852672 
980 95 7 7 0.20819366 
878 117 6 7 0.20244469 
907 142 11 12 0.20168751 
143 389 37 30 0.19687606 
129 153 15 16 0.19499269 
418 320 16 16 0.19001463 
995 385 29 34 0.18780024 
887 117 8 9 0.18517591 
707 159 11 11 0.18414126 
321 125 13 16 0.17825554 
511 320 16 15 0.16683377 
157 129 11 13 0.16605759 
561 109 11 12 0.15637936 
927 194 11 11 0.15164031 
1011 123 9 12 0.15130125 
412 147 10 11 0.14815176 
288 161 14 16 0.14758503 
929 94 5 7 0.14693873 
605 108 11 14 0.14624086 
816 178 11 15 0.14423716 
301 97 7 8 0.14186563 
269 60 8 8 0.14115684 
0 154 12 14 0.14065124 
270 231 13 12 0.13914411 
677 105 8 10 0.1376124 
83 98 13 12 0.13473871 
338 110 9 11 0.13366847 
823 116 9 10 0.13362035 
965 137 10 9 0.1327535 
627 121 10 13 0.13104111 
159 124 11 11 0.13099402 
76 100 12 11 0.12854218 
723 143 10 11 0.12849313 
102 158 15 14 0.12738457 
927 174 11 10 0.12650026 
835 127 14 15 0.12388446 
546 166 11 13 0.12231486 
430 63 6 7 0.122083515 
177 54 8 10 0.12189143 
252 131 12 19 0.12065418 
888 132 9 10 0.119221784 
550 129 10 12 0.11747036 
453 319 13 17 0.117211305 
905 146 11 14 0.1138993 
542 218 13 11 0.11339496 
153 133 11 13 0.10990293 
405 227 13 14 0.10910628 
864 118 6 7 0.10744014 
980 143 9 10 0.10712833 
356 297 10 14 0.10659333 
917 148 14 13 0.10417097 
77 172 16 15 0.10313574 
374 128 10 11 0.10256802 
974 104 7 8 0.10238255 
337 98 9 9 0.102257624 
976 154 9 9 0.10161443 
972 148 10 9 0.10130995 
763 202 11 11 0.100709215 
66 141 14 14 0.10012093 
221 123 11 11 0.09937791 
16 130 12 14 0.09920193 
925 169 10 10 0.09825489 
761 195 10 10 0.097617075 
707 108 10 12 0.095611915 
765 161 10 11 0.09348138 
727 147 13 14 0.0926713 
638 118 9 10 0.0906901 
903 153 9 11 0.08927377 
145 175 21 22 0.08865238 
668 130 9 11 0.08805775 
847 160 9 11 0.087022275 
947 230 15 12 0.08680902 
231 66 8 9 0.0856981 
432 90 9 11 0.0853967 
980 75 5 5 0.08525847 
824 137 12 10 0.085244246 
452 160 12 14 0.08494266 
182 122 12 13 0.08329462 
609 161 12 13 0.08304475 
995 87 6 8 0.08282585 
797 144 14 15 0.0825799 
992 92 6 8 0.08208693 
467 122 9 13 0.08200437 
785 111 9 11 0.08061424 
235 57 8 7 0.08028533 
790 123 13 14 0.07877354 
397 104 10 12 0.078295015 
957 213 12 15 0.078223616 
372 86 6 7 0.07797047 
268 80 8 7 0.07707278 
472 162 9 11 0.07693361 
650 141 19 23 0.07454114 
289 99 6 7 0.07332578 
407 142 11 14 0.073208004 
27 147 14 13 0.07311982 
482 166 16 14 0.07259989 
849 111 8 8 0.07218337 
137 147 14 16 0.07214909 
114 111 9 11 0.07184464 
397 188 15 12 0.07166977 
293 68 7 7 0.07147118 
639 366 40 51 0.07133618 
514 339 17 18 0.07080916 
917 132 11 11 0.07045097 
264 55 6 7 0.06940869 
846 83 5 6 0.0686046 
178 60 7 8 0.06855049 
230 62 8 8 0.06846492 
956 157 11 11 0.068013616 
376 108 8 8 0.06758765 
358 112 7 8 0.06722877 
462 129 8 12 0.06699379 
392 122 10 12 0.06517695 
866 131 9 9 0.06490073 
962 119 11 11 0.06447579 
273 463 21 30 0.06374034 
216 128 12 14 0.06357893 
370 122 11 12 0.06285177 
280 148 13 13 0.06212589 
938 354 21 25 0.06199162 
1017 138 8 11 0.0619833 
1006 181 7 11 0.061738346 
932 162 11 9 0.06162222 
289 122 8 11 0.06138877 
222 58 9 10 0.061293207 
589 325 12 17 0.061195843 
881 124 8 9 0.06035138 
911 144 14 15 0.060277596 
93 135 12 12 0.059678145 
1005 118 8 11 0.059642132 
414 104 8 9 0.05955912 
8 98 11 14 0.05928102 
771 184 12 14 0.059026245 
935 105 6 7 0.059018288 
408 124 11 12 0.0589243 
979 62 4 4 0.057650268 
940 83 5 5 0.057567496 
342 104 10 11 0.05749511 
913 115 8 10 0.05735298 
831 106 8 8 0.057115078 
62 53 11 10 0.057070043 
950 186 11 11 0.056709915 
487 426 61 50 0.05642219 
972 176 9 10 0.05638988 
955 87 5 5 0.056221187 
946 495 31 31 0.05563572 
896 127 10 12 0.05560995 
304 98 9 9 0.055418562 
670 74 6 8 0.054929316 
886 72 3 3 0.054879695 
520 172 15 13 0.05440665 
980 87 5 7 0.0541289 
835 112 10 11 0.05400715 
279 57 8 8 0.053803045 
394 117 8 10 0.05364056 
231 55 7 7 0.05341993 
934 114 6 7 0.05311741 
156 60 8 11 0.05261724 
137 186 26 24 0.052455675 
179 74 7 9 0.052287206 
825 122 9 11 0.052005462 
913 238 14 14 0.051891547 
887 146 13 14 0.051856846 
67 43 11 11 0.05143605 
249 75 9 9 0.051158525 
264 23 5 5 0.0511137 
616 147 14 15 0.05099727 
767 112 7 8 0.050709058 
950 270 15 17 0.05060053 
141 153 15 15 0.050403114 
835 105 8 8 0.050256934 
22 98 14 14 0.050147977 
56 4 6 6 0.050075207 
886 75 3 4 0.050005596 
630 115 12 14 0.04993266 
96 29 6 8 0.049927603 
244 24 5 6 0.049392022 
270 36 7 7 0.04920944 
503 187 12 15 0.048839204 
400 75 4 5 0.048599027 
349 297 19 26 0.04838121 
926 180 11 12 0.04833873 
293 42 8 7 0.048328146 
347 156 14 14 0.04804332 
313 85 7 9 0.04790929 
125 134 13 14 0.04773713 
28 153 19 19 0.04755793 
401 150 9 10 0.047073938 
268 30 6 6 0.0470505 
877 108 5 5 0.046712425 
909 94 4 6 0.046670258 
982 403 18 32 0.046654366 
957 132 13 13 0.046621524 
666 676 55 49 0.046586864 
985 400 10 18 0.046479136 
641 614 7 6 0.046282724 
266 61 5 6 0.046034973 
988 64 4 4 0.045871872 
950 88 4 5 0.045756407 
276 49 7 6 0.045668546 
263 20 6 5 0.045506485 
438 99 9 10 0.045169048 
533 184 20 21 0.045042373 
559 111 17 20 0.04488315 
457 156 12 13 0.044664185 
148 22 7 8 0.04434767 
991 399 23 30 0.044316463 
105 13 4 5 0.044167235 
216 67 8 11 0.044078406 
283 11 5 5 0.043905117 
975 43 3 4 0.043835897 
970 144 9 10 0.04365538 
983 52 3 3 0.043550085 
229 48 7 7 0.04319329 
786 117 10 11 0.043171465 
870 119 6 6 0.04314002 
272 80 8 7 0.04306389 
980 82 5 6 0.0430264 
925 186 12 13 0.042973436 
943 175 10 8 0.042881712 
139 85 8 12 0.042819243 
853 87 4 6 0.04267731 
668 207 10 10 0.04233555 
885 109 5 6 0.042299278 
477 162 13 13 0.04203451 
834 200 15 13 0.041912965 
240 75 10 9 0.041830234 
330 112 10 11 0.041773748 
652 131 10 11 0.04169453 
227 129 10 12 0.041683193 
3 61 9 10 0.041558977 
285 386 11 17 0.04143339 
299 115 10 12 0.041376304 
1003 82 7 7 0.04135641 
280 159 14 14 0.041285105 
249 31 5 6 0.040978726 
933 101 6 8 0.0409609 
852 83 4 5 0.04081526 
512 330 18 17 0.040710807 
812 136 10 11 0.040570047 
830 111 10 10 0.04039888 
268 50 6 7 0.040361103 
135 157 15 16 0.040315744 
463 87 4 6 0.04029932 
191 74 7 8 0.040218085 
878 125 6 7 0.04013472 
435 68 5 6 0.04011981 
768 121 9 12 0.039779548 
93 127 11 13 0.039778717 
730 225 8 8 0.039715696 
978 392 9 12 0.039626863 
268 24 5 5 0.03943024 
424 172 9 10 0.03935232 
81 22 7 9 0.039097875 
373 99 5 7 0.039071415 
850 99 6 7 0.039056163 
691 349 24 38 0.03891942 
315 111 14 15 0.038844366 
459 133 8 13 0.038672578 
974 262 14 18 0.03864339 
980 58 4 4 0.03840794 
950 83 4 4 0.03835707 
939 144 13 13 0.03834637 
975 57 4 4 0.03829434 
334 44 5 6 0.038231127 
265 50 5 6 0.03821587 
753 180 13 10 0.038184922 
404 348 17 13 0.038112123 
880 71 3 4 0.038098812 
292 387 10 16 0.03803119 
309 87 6 7 0.037920807 
19 11 5 5 0.037913416 
984 134 9 14 0.037912685 
352 93 6 7 0.037842356 
74 47 11 11 0.037741646 
608 279 21 21 0.03774023 
222 133 12 16 0.037665583 
294 95 7 7 0.037622932 
930 99 5 7 0.037584707 
257 137 14 20 0.03757991 
429 350 14 11 0.037562262 
913 387 33 31 0.037487254 
814 167 13 18 0.037264675 
97 16 5 6 0.037018664 
106 6 4 4 0.036885984 
836 100 7 8 0.03685556 
293 86 7 8 0.036848333 
1001 76 4 4 0.036811594 
421 142 10 13 0.03678501 
960 222 22 20 0.036687795 
460 124 8 10 0.0366135 
510 135 11 12 0.03658589 
905 95 5 6 0.036461957 
261 130 9 13 0.036266617 
293 63 6 6 0.03626539 
468 82 4 6 0.036189653 
427 147 11 13 0.036177583 
905 113 6 7 0.036121212 
326 228 18 17 0.036114786 
988 57 4 4 0.036008216 
475 82 4 5 0.036002 
631 99 8 10 0.03586384 
8 161 12 14 0.03584921 
7 4 6 6 0.03577526 
318 85 6 8 0.035735052 
968 58 4 5 0.0356882 
244 51 6 5 0.035683606 
347 94 5 6 0.035644148 
392 83 4 5 0.035638295 
955 94 6 7 0.03562589 
517 397 48 43 0.035598952 
951 167 12 13 0.03547574 
22 71 12 16 0.03547013 
390 399 28 20 0.035398174 
561 414 12 13 0.03537968 
994 70 4 4 0.035316985 
420 117 9 10 0.03527262 
156 53 8 11 0.03525374 
308 62 5 6 0.03518217 
428 124 9 11 0.035060022 
1016 127 9 11 0.03497573 
755 123 11 13 0.034933463 
299 218 23 22 0.03481831 
981 138 7 8 0.034809314 
393 88 4 5 0.034749687 
111 22 6 7 0.03474097 
980 381 8 9 0.034664795 
994 58 5 4 0.03464937 
337 135 11 13 0.03463948 
932 94 6 6 0.034504265 
829 155 12 12 0.034485567 
858 124 9 9 0.03438319 
108 128 11 14 0.03437121 
637 372 22 32 0.03435494 
976 76 5 4 0.03430095 
146 36 6 8 0.03422179 
135 51 4 5 0.03421977 
714 155 10 11 0.034188833 
100 42 8 9 0.034146097 
424 68 4 6 0.03405414 
281 48 6 6 0.034017973 
292 99 7 7 0.033960048 
453 128 10 12 0.03387398 
404 82 4 5 0.03385226 
659 125 15 19 0.033795904 
974 95 6 5 0.03379564 
447 112 8 9 0.03371778 
342 140 12 15 0.03365377 
223 44 7 8 0.033652537 
986 88 5 6 0.033572316 
925 163 11 9 0.03357202 
28 10 5 6 0.033519033 
118 35 9 12 0.03349106 
174 99 10 11 0.033400632 
746 147 11 13 0.03328417 
373 108 6 6 0.033265583 
249 24 5 6 0.03325346 
246 38 3 5 0.033155467 
340 88 5 5 0.03304707 
1008 228 12 21 0.032940675 
911 65 3 3 0.032937635 
852 94 5 7 0.03289 
940 105 6 7 0.03287977 
996 64 4 3 0.032851946 
471 113 8 9 0.032792736 
853 130 13 15 0.032765176 
986 83 4 5 0.03275297 
288 63 6 5 0.032657657 
343 100 8 9 0.03263119 
979 129 8 10 0.032564677 
975 62 4 4 0.032564033 
988 70 4 3 0.03241084 
353 56 7 8 0.032370243 
835 181 13 12 0.03233344 
728 448 31 27 0.032293923 
458 319 20 25 0.03228857 
913 153 12 13 0.032218326 
967 61 5 5 0.032144092 
23 92 10 11 0.031971686 
974 87 6 6 0.031955045 
670 78 8 10 0.03193684 
930 44 4 4 0.031934686 
103 163 17 17 0.031861875 
980 72 4 4 0.031852093 
688 332 5 5 0.03183245 
227 124 9 9 0.03178843 
36 71 11 13 0.031710334 
874 70 3 4 0.03170858 
1015 76 4 4 0.03165158 
140 22 7 8 0.031633385 
1006 77 4 4 0.03163024 
156 136 13 15 0.031506944 
128 128 14 14 0.031481594 
347 5 5 6 0.031446517 
847 76 3 4 0.03142847 
333 89 5 6 0.031379756 
793 206 8 10 0.031355854 
978 122 9 11 0.03134291 
290 12 4 4 0.031336457 
353 82 5 6 0.031253144 
918 90 4 4 0.031225184 
801 312 25 37 0.031203547 
246 30 4 5 0.031156141 
470 63 4 5 0.031153543 
399 83 4 5 0.031105487 
955 83 4 5 0.031015608 
660 142 12 14 0.03096354 
153 49 7 11 0.030884571 
19 134 15 14 0.030778863 
351 129 10 11 0.030748257 
17 53 9 10 0.030738713 
69 83 9 12 0.030697756 
64 36 7 8 0.03069209 
994 51 4 4 0.030683134 
692 80 11 11 0.030606898 
407 133 11 14 0.030544233 
245 43 4 5 0.030528067 
135 23 6 7 0.03052711 
295 55 7 7 0.030485215 
141 345 11 12 0.030472802 
205 41 5 7 0.03046481 
264 133 12 18 0.030451426 
287 390 20 27 0.030435398 
151 124 10 12 0.030387452 
974 220 11 10 0.030383445 
999 70 4 4 0.030377528 
846 94 6 8 0.030322248 
602 130 9 12 0.030292146 
840 123 12 14 0.030258128 
158 78 7 11 0.030250195 
405 88 4 5 0.030221043 
135 56 4 6 0.030196534 
1019 94 6 7 0.030145517 
930 226 17 13 0.030073369 
325 49 6 7 0.030021805 
1011 94 6 7 0.029951151 
141 35 6 9 0.029922243 
403 75 4 5 0.02990606 
397 88 4 5 0.029864362 
395 149 9 11 0.029812103 
987 51 4 4 0.029789751 
1008 160 11 17 0.02977264 
673 105 8 9 0.02974672 
1003 126 11 14 0.029728537 
891 125 6 7 0.029703297 
143 52 4 5 0.029694652 
476 63 4 4 0.029688485 
141 55 4 6 0.029687952 
982 32 3 4 0.0296478 
296 18 4 3 0.029578574 
968 406 23 34 0.029547915 
955 77 4 4 0.029536529 
627 86 6 8 0.029463088 
365 113 6 7 0.029450238 
967 76 5 5 0.029448966 
700 359 12 19 0.029440781 
679 75 5 6 0.029413762 
979 387 8 9 0.029386658 
48 11 4 4 0.029385064 
994 83 5 5 0.029369587 
828 260 24 23 0.02935118 
293 72 7 9 0.02934015 
990 411 37 50 0.029325353 
250 49 6 6 0.029296007 
236 74 8 9 0.029284066 
929 106 5 6 0.029272357 
925 303 26 34 0.029221725 
943 77 3 4 0.02920366 
288 36 7 6 0.02910212 
919 70 3 4 0.029018179 
329 93 5 6 0.028960187 
68 36 8 9 0.028959304 
465 83 3 5 0.028929984 
975 71 4 4 0.028920595 
964 57 3 4 0.028900309 
256 676 27 23 0.028894914 
642 50 4 4 0.028861057 
200 37 4 6 0.028828599 
294 36 7 7 0.028816637 
57 10 7 7 0.028794125 
942 35 4 6 0.028767921 
268 55 7 8 0.028743176 
931 37 4 4 0.028726364 
264 30 5 6 0.02872477 
149 161 14 17 0.02871176 
306 94 8 9 0.02863171 
777 162 11 11 0.028585713 
282 80 8 7 0.028538212 
249 36 5 6 0.02850494 
859 87 4 7 0.028494813 
15 139 23 19 0.02847479 
259 23 4 5 0.028450605 
576 110 10 13 0.028435376 
855 76 3 4 0.028413879 
764 182 12 11 0.028334942 
912 374 25 29 0.028273337 
332 325 8 9 0.028243357 
515 58 3 4 0.028231649 
894 44 3 4 0.028195022 
276 23 5 6 0.028183298 
287 57 6 5 0.028182006 
353 102 5 6 0.028180344 
22 24 4 5 0.028126692 
219 42 6 7 0.028122226 
634 614 6 6 0.028119424 
184 72 9 10 0.028111527 
518 324 16 16 0.028094184 
295 396 9 14 0.028079888 
454 136 10 12 0.028060721 
630 68 5 7 0.028043669 
409 92 7 8 0.02800676 
283 6 5 5 0.02797431 
206 36 5 7 0.027924716 
643 616 9 7 0.027894834 
999 64 4 4 0.027879218 
899 131 11 14 0.02785904 
985 76 5 4 0.027855447 
513 61 4 6 0.027835326 
33 23 5 6 0.027827282 
993 111 9 10 0.027792526 
313 419 8 10 0.027774282 
632 146 10 13 0.027752334 
197 67 7 8 0.027747845 
173 4 6 6 0.02771974 
465 106 8 10 0.027704617 
387 68 4 6 0.02769492 
382 400 49 44 0.027650552 
360 313 14 14 0.027616695 
1005 110 9 13 0.027610343 
955 51 4 4 0.027575498 
974 83 5 5 0.027573952 
474 92 6 9 0.027535344 
315 18 5 5 0.027532633 
224 99 9 11 0.02751941 
334 38 5 4 0.027510982 
187 22 5 7 0.027464975 
859 119 6 7 0.027456572 
811 245 8 9 0.027442958 
437 92 9 10 0.027440617 
111 5 5 5 0.027439307 
953 97 8 10 0.027418872 
985 389 21 29 0.027403684 
167 98 8 10 0.027365228 
1012 99 6 7 0.027344862 
106 60 10 11 0.027251754 
110 19 5 6 0.027232183 
942 88 5 5 0.027195858 
975 51 3 4 0.02714497 
617 39 3 4 0.027136572 
905 110 17 16 0.027132003 
467 87 5 6 0.027119908 
50 66 8 9 0.02710762 
222 63 11 14 0.027098354 
378 85 5 8 0.027085833 
976 39 2 4 0.027041074 
636 143 14 15 0.0269604 
996 215 41 57 0.02695468 
997 94 10 11 0.026954187 
205 22 5 8 0.02691868 
644 451 45 33 0.026849726 
995 364 15 13 0.026847519 
1018 105 7 9 0.026836535 
198 23 6 8 0.026779477 
1010 142 9 10 0.026752083 
303 181 11 14 0.026747786 
988 132 11 15 0.026668742 
83 167 13 14 0.026656693 
287 30 6 6 0.026654374 
952 128 12 12 0.026634986 
274 30 6 6 0.026590968 
923 36 4 4 0.026583513 
590 69 5 6 0.02658109 
942 58 3 5 0.026530303 
340 56 5 5 0.026517153 
1016 118 8 13 0.026478462 
313 56 5 6 0.026473911 
134 43 5 7 0.026404087 
114 169 18 22 0.026403483 
333 48 6 6 0.026358433 
945 129 10 10 0.026346857 
643 135 12 13 0.026296156 
33 10 5 5 0.02628726 
671 97 10 12 0.026226107 
752 167 12 11 0.02620553 
972 389 20 24 0.02613811 
384 82 5 6 0.026108462 
70 30 5 6 0.026104344 
425 64 4 5 0.026101263 
347 83 5 5 0.026053866 
964 38 3 4 0.025957808 
812 125 9 10 0.025950246 
653 359 32 32 0.025939163 
961 322 35 52 0.02592615 
352 105 6 8 0.025925416 
35 78 11 13 0.025878752 
432 58 4 3 0.025849536 
918 94 3 5 0.025844827 
955 57 4 4 0.025828486 
26 32 5 5 0.02581843 
130 141 14 15 0.025791408 
234 123 11 13 0.025754385 
244 17 5 6 0.025751393 
32 19 5 6 0.025747897 
956 187 11 12 0.02574619 
429 111 8 9 0.02568535 
346 89 5 5 0.025665866 
259 32 4 5 0.02566563 
1013 71 4 4 0.025665294 
717 150 9 10 0.025661586 
308 67 6 7 0.025660733 
339 42 6 6 0.025629392 
364 136 10 11 0.02562289 
400 70 4 5 0.025622819 
940 118 7 7 0.02560203 
643 45 3 3 0.02559724 
678 80 7 8 0.025568435 
131 11 5 6 0.025567722 
742 184 23 16 0.025543572 
984 148 8 10 0.02553714 
538 68 7 8 0.025499227 
788 224 15 15 0.025471268 
919 65 3 3 0.025467433 
923 101 4 5 0.025465054 
630 125 12 14 0.025433673 
966 252 33 43 0.025411574 
929 51 4 4 0.025405139 
26 135 16 17 0.025404934 
329 89 4 6 0.025399324 
409 88 6 7 0.025349047 
626 110 10 10 0.025337132 
918 158 14 13 0.025318772 
703 332 10 11 0.025304139 
39 10 4 5 0.025298662 
964 62 3 5 0.025287868 
859 145 11 14 0.025253288 
348 11 4 5 0.025228363 
153 35 6 7 0.025202531 
24 50 10 12 0.02518568 
264 656 28 25 0.025178159 
506 69 5 6 0.02516448 
149 58 7 9 0.02514677 
347 76 5 5 0.025139807 
342 84 4 5 0.025138494 
500 61 4 7 0.025104586 
273 173 12 13 0.025089573 
236 50 6 5 0.025073132 
230 11 5 6 0.025035577 
104 17 4 5 0.025023226 
438 386 38 44 0.025017727 
198 99 8 10 0.025010727 
374 42 4 6 0.025004808 
1020 82 5 6 0.02500017 
703 602 22 18 0.024963964 
935 36 4 4 0.024950275 
43 199 12 13 0.024945829 
571 128 11 14 0.024945281 
45 29 7 8 0.024944957 
257 69 6 6 0.024937708 
975 138 16 19 0.02493529 
291 18 4 4 0.024922384 
867 76 3 4 0.024919493 
786 66 8 8 0.024917115 
722 153 11 12 0.024906835 
712 109 10 12 0.024889804 
146 28 7 8 0.02488794 
114 97 9 12 0.024840718 
67 57 11 11 0.024807192 
47 7 4 4 0.024805875 
476 88 4 7 0.024804106 
169 23 5 6 0.02475214 
887 135 16 17 0.02474004 
606 678 58 37 0.024732219 
326 38 5 5 0.024717731 
817 635 10 14 0.024703907 
910 90 4 4 0.024671637 
495 63 4 5 0.024641104 
33 5 4 5 0.024637084 
630 74 5 7 0.024613671 
435 82 7 7 0.024600372 
410 70 4 5 0.02454696 
431 152 13 14 0.024539484 
17 48 9 9 0.024509171 
282 384 39 47 0.024479957 
423 412 22 25 0.024475282 
995 46 3 3 0.024414742 
0 168 21 25 0.024413014 
71 135 15 17 0.02440775 
892 77 3 4 0.02439502 
513 85 8 9 0.024389915 
292 116 8 12 0.024324788 
282 18 5 5 0.024319874 
644 626 9 7 0.024264485 
10 60 9 9 0.02425401 
208 346 37 27 0.02423776 
503 51 4 4 0.024235144 
380 75 4 5 0.024198372 
938 130 10 10 0.024189567 
1012 83 5 4 0.024159247 
131 174 23 26 0.024127087 
874 77 2 4 0.024126874 
171 40 7 9 0.024120566 
881 129 10 10 0.024111016 
13 25 6 5 0.024110623 
593 175 13 13 0.02409902 
673 69 6 6 0.02409205 
405 69 4 6 0.024088005 
923 33 4 4 0.02407769 
403 92 7 7 0.02405468 
668 80 6 8 0.024053566 
965 147 10 10 0.024042642 
968 50 4 4 0.02403818 
410 75 4 5 0.024019334 
433 446 29 29 0.023990177 
-2 474 16 34 0.023975544 
429 82 6 7 0.023974154 
922 70 4 5 0.023966597 
300 133 12 16 0.02394014 
461 94 5 7 0.023927359 
610 616 4 3 0.023911558 
310 83 5 6 0.023889685 
162 117 10 12 0.02383361 
398 63 5 6 0.02383206 
158 65 7 9 0.02382179 
827 108 6 6 0.023796096 
469 311 23 30 0.023789583 
881 76 3 4 0.023784088 
911 38 4 4 0.023778822 
299 68 6 7 0.023765469 
426 405 49 53 0.023731362 
982 44 3 4 0.023724442 
346 51 5 5 0.023715487 
211 30 5 7 0.023699172 
36 64 11 13 0.023697393 
1010 174 8 12 0.02369632 
54 37 19 19 0.023695532 
240 24 4 5 0.02369533 
183 77 11 13 0.023688534 
341 38 5 5 0.023669705 
134 28 7 8 0.023669584 
925 143 9 10 0.023629107 
445 129 10 12 0.023604525 
946 100 7 9 0.023600727 
129 42 5 7 0.023590583 
246 55 7 9 0.023588551 
132 88 11 13 0.023563556 
444 70 4 5 0.023551961 
327 69 5 5 0.023535743 
509 63 3 5 0.023511665 
80 69 12 14 0.023511484 
967 99 7 8 0.023510236 
859 136 12 13 0.02346227 
333 56 5 6 0.02344353 
933 586 9 7 0.02343999 
310 57 4 5 0.023379391 
506 52 4 4 0.023369856 
482 63 3 4 0.023361769 
793 152 11 15 0.023349417 
1007 26 4 4 0.023335984 
452 70 3 4 0.023332171 
807 49 6 7 0.023324609 
131 57 4 5 0.023309777 
451 58 3 4 0.023303155 
523 110 9 11 0.023302851 
82 19 6 7 0.023295233 
293 106 7 7 0.023257233 
289 25 6 5 0.02325658 
385 87 4 6 0.023256034 
135 61 5 7 0.023255443 
345 55 6 7 0.023250528 
65 25 4 4 0.02321436 
1019 100 6 7 0.02320871 
398 323 13 17 0.023196936 
78 225 76 91 0.023170974 
493 311 27 25 0.02316411 
147 40 7 9 0.023161372 
964 134 19 17 0.023161255 
935 18 4 5 0.023154575 
242 11 7 7 0.023147697 
118 239 42 48 0.023137378 
268 19 5 5 0.023128713 
424 75 5 5 0.023104891 
-1 194 17 25 0.023087071 
203 67 7 8 0.023086132 
64 31 5 5 0.023060985 
56 47 10 9 0.023036508 
958 87 6 6 0.02302595 
757 188 12 10 0.023018397 
943 136 13 13 0.023017932 
476 75 4 6 0.022998745 
274 42 8 7 0.022990614 
1019 110 7 10 0.022980994 
292 80 8 10 0.0229585 
9 66 10 10 0.02294092 
405 436 5 5 0.02292726 
40 7 4 4 0.022921296 
206 29 5 7 0.02291521 
273 87 8 7 0.022896197 
239 43 4 5 0.022864686 
677 85 7 10 0.022863489 
21 31 5 6 0.022856746 
454 122 9 11 0.02285553 
327 55 5 6 0.022842737 
67 73 9 10 0.022826707 
963 44 4 4 0.022820473 
676 100 9 10 0.022820111 
5 25 8 8 0.02281859 
407 100 9 10 0.022800786 
437 58 3 3 0.022799004 
128 37 6 8 0.022783948 
416 81 5 6 0.022770116 
317 422 9 12 0.022769606 
437 74 5 6 0.022764502 
834 160 13 15 0.022747468 
740 5 8 7 0.022741007 
354 50 5 5 0.02272032 
262 44 5 5 0.02271789 
407 153 12 13 0.02271502 
71 26 5 5 0.022707148 
678 68 5 7 0.022684332 
865 295 42 60 0.022675555 
1018 75 5 5 0.022674298 
295 30 5 6 0.022663368 
963 52 3 3 0.022657314 
505 73 6 8 0.022642909 
240 38 4 5 0.02263508 
951 37 3 5 0.022624245 
820 172 12 14 0.022519296 
672 166 9 12 0.022511885 
296 13 4 4 0.022490691 
670 83 10 12 0.022490041 
50 154 13 15 0.022480907 
4 55 7 8 0.022472212 
938 135 12 12 0.022457745 
199 29 5 6 0.022442287 
353 6 5 5 0.022438409 
1007 71 4 4 0.022433968 
233 169 15 19 0.022427212 
430 407 6 8 0.022400482 
696 130 12 16 0.022374125 
140 28 8 9 0.022372225 
956 64 3 4 0.022334676 
18 42 8 9 0.022327153 
706 165 13 15 0.022318104 
416 427 23 21 0.02231412 
950 57 4 4 0.02229673 
936 44 4 4 0.022293255 
328 43 5 5 0.022274993 
505 79 6 9 0.02227135 
277 177 13 17 0.022269422 
937 57 4 4 0.022243926 
353 76 5 6 0.022223055 
405 64 4 5 0.022199532 
154 30 6 7 0.022198845 
975 594 22 20 0.022186287 
464 160 12 13 0.022173934 
258 57 5 6 0.022108154 
881 142 11 11 0.022065336 
389 22 7 8 0.022063166 
167 36 6 9 0.022053385 
379 82 5 7 0.022036405 
606 325 28 26 0.022018932 
994 75 5 5 0.02200909 
842 117 9 10 0.02199678 
300 29 6 7 0.021968229 
200 42 5 7 0.021967327 
290 74 6 6 0.021950526 
925 95 4 5 0.02192377 
142 40 6 8 0.021912681 
166 30 6 7 0.0219124 
293 113 8 8 0.021897051 
63 41 9 10 0.021893982 
315 68 5 7 0.02188811 
297 406 9 10 0.021885892 
507 55 4 5 0.021882039 
990 38 2 3 0.021868363 
445 59 3 3 0.021863727 
11 4 6 6 0.021859573 
311 162 11 11 0.021854851 
1011 199 9 14 0.021839343 
277 19 5 4 0.021813134 
203 15 7 9 0.021754554 
277 230 13 13 0.021725733 
937 51 3 4 0.021720637 
237 17 5 6 0.021699453 
464 76 3 4 0.02168249 
782 620 24 21 0.021663124 
218 37 6 6 0.021654107 
641 69 6 7 0.021642853 
393 632 5 5 0.021634594 
168 18 5 6 0.021629129 
968 45 4 4 0.02162319 
353 36 5 7 0.021616885 
644 118 7 9 0.021576589 
949 505 49 44 0.021570282 
860 76 3 4 0.021570183 
887 154 10 11 0.02155901 
467 99 6 9 0.021557083 
393 77 3 5 0.02155382 
705 172 14 16 0.02155381 
204 54 7 9 0.021546049 
667 329 6 6 0.02152181 
493 466 30 31 0.021497095 
338 316 9 8 0.021496989 
310 167 12 13 0.021493325 
865 88 4 5 0.021473443 
429 74 5 6 0.021441543 
267 429 9 10 0.021428615 
431 128 10 12 0.02141143 
333 74 6 6 0.021410054 
211 35 5 7 0.021379372 
130 172 14 16 0.021367662 
700 373 11 18 0.021360613 
378 43 4 6 0.021357147 
678 380 28 41 0.02129172 
867 71 3 3 0.021287257 
1009 150 9 11 0.02126535 
501 56 4 6 0.021242717 
135 35 6 8 0.021223903 
352 459 27 20 0.02122298 
722 78 10 12 0.021196447 
505 109 11 11 0.021194968 
262 100 7 7 0.021147389 
785 230 12 12 0.02112947 
394 382 28 20 0.021127647 
385 75 4 6 0.021125628 
411 82 4 5 0.021125048 
840 164 12 14 0.021121118 
126 85 9 11 0.021120835 
180 68 7 7 0.021111654 
697 333 25 30 0.02110588 
194 35 4 7 0.021092774 
315 12 5 4 0.02109187 
332 305 26 28 0.021070482 
26 36 7 8 0.021068342 
322 104 10 11 0.021067446 
78 176 19 24 0.02106109 
458 83 3 4 0.021058038 
10 39 8 10 0.021025935 
910 108 6 7 0.020999754 
344 41 7 7 0.020990022 
230 17 6 7 0.020977208 
786 61 9 8 0.020975703 
224 10 6 7 0.020958636 
715 85 10 13 0.020952474 
469 76 3 5 0.020944677 
56 84 9 11 0.020941133 
1016 160 9 16 0.020939514 
377 100 6 7 0.020912794 
314 75 5 6 0.020908583 
742 44 6 6 0.020905128 
92 29 6 7 0.02089688 
942 34 4 4 0.020877786 
666 85 7 9 0.02087384 
904 99 5 7 0.020869806 
337 62 8 7 0.020869693 
971 11 6 6 0.020861542 
216 5 7 7 0.020840788 
647 51 4 5 0.020833753 
1019 62 5 5 0.020797256 
845 113 8 7 0.02079221 
57 29 6 7 0.020785669 
228 168 11 15 0.020780656 
258 36 5 5 0.02076822 
227 93 9 11 0.020752368 
633 675 34 25 0.02073608 
147 19 7 7 0.020723388 
898 43 3 5 0.020702938 
102 30 7 7 0.020689566 
281 24 6 5 0.020678272 
374 29 4 6 0.02067084 
778 129 9 10 0.02066234 
349 148 12 13 0.020657253 
97 25 6 7 0.020626813 
727 82 11 13 0.020625751 
174 60 7 9 0.020620225 
139 109 10 13 0.020615268 
536 183 11 12 0.020612031 
131 51 4 5 0.020610198 
424 88 7 8 0.020602057 
997 115 8 12 0.020601464 
936 32 3 4 0.020572279 
949 218 21 20 0.020561015 
994 38 3 3 0.020543456 
263 36 4 6 0.020537307 
257 62 5 6 0.020534419 
192 22 6 7 0.02052917 
834 95 5 7 0.020525115 
943 45 4 4 0.020502908 
680 39 4 4 0.020470882 
275 316 20 29 0.020465497 
687 326 4 4 0.020465113 
301 62 6 6 0.020447455 
40 19 4 5 0.02044208 
800 49 6 7 0.020417416 
386 62 4 6 0.0204066 
217 8 7 9 0.020403303 
990 258 10 13 0.02040108 
450 368 23 26 0.02039174 
982 25 3 4 0.020385226 
930 56 4 4 0.020384757 
294 25 5 5 0.020378193 
924 45 4 4 0.020360092 
358 316 24 21 0.020357424 
841 83 4 4 0.02035439 
625 101 8 12 0.020345744 
800 37 6 6 0.020337582 
734 66 9 9 0.020334894 
160 46 8 11 0.020329267 
326 23 6 6 0.020328844 
1010 208 10 15 0.020325903 
489 142 10 13 0.020312985 
923 74 5 5 0.020298518 
445 63 3 3 0.020291718 
58 1 4 4 0.02028589 
695 164 12 12 0.020281838 
437 164 18 18 0.020265931 
33 30 5 6 0.020262912 
949 52 4 4 0.020259786 
812 239 7 5 0.020258388 
985 209 7 7 0.020241918 
481 82 4 7 0.020233985 
984 96 7 9 0.020220092 
240 31 4 5 0.020215318 
948 619 44 37 0.020214466 
913 124 8 10 0.020203386 
417 44 4 5 0.020193275 
860 83 3 5 0.020192025 
256 18 6 6 0.0201843 
801 62 6 7 0.02018323 
917 101 4 6 0.020175721 
444 436 29 26 0.020170687 
0 474 8 15 0.020167772 
821 77 4 4 0.02016378 
951 65 3 3 0.020148443 
1012 38 4 4 0.020139687 
541 119 10 14 0.020134822 
352 10 5 5 0.020132693 
590 478 5 5 0.020117914 
160 30 6 7 0.020100577 
711 130 12 13 0.020083614 
1015 64 4 4 0.020074992 
298 414 12 14 0.020035692 
925 200 12 16 0.02003445 
52 11 6 6 0.0200163 
310 19 3 4 0.020004798 
