2_Demonstration_Protesters_2_213
185
957 592 55 68 0.9994498 
752 540 38 52 0.99795485 
367 307 72 101 0.99680895 
525 469 21 29 0.99325716 
592 549 60 81 0.9892322 
849 704 61 68 0.97653526 
496 476 12 21 0.9633041 
49 402 10 12 0.75373894 
68 394 10 10 0.70109314 
20 403 12 14 0.51519006 
773 611 40 42 0.44955596 
275 295 34 54 0.322205 
0 423 9 14 0.29832265 
114 463 22 23 0.2784547 
68 422 14 17 0.22697292 
911 649 16 27 0.21007316 
194 388 82 89 0.15088412 
809 387 8 11 0.115858644 
119 452 14 15 0.081141405 
710 377 8 8 0.08040684 
649 40 61 52 0.07698001 
30 438 10 12 0.07399173 
593 482 11 18 0.072201274 
56 577 21 26 0.07129411 
652 215 21 34 0.06824244 
23 421 10 12 0.066868834 
100 425 12 11 0.06625199 
99 400 10 10 0.06612804 
576 84 48 42 0.06575929 
52 457 9 12 0.06343017 
638 46 13 17 0.059468027 
238 277 65 88 0.057517152 
0 398 8 11 0.05682748 
16 425 11 12 0.05616159 
107 246 33 31 0.053656057 
972 383 7 7 0.052661754 
641 42 23 26 0.048178498 
997 379 8 11 0.047368497 
88 399 9 11 0.04657468 
101 405 11 11 0.045584742 
22 431 12 14 0.04480078 
843 730 37 37 0.044429105 
121 475 24 26 0.04436103 
63 390 9 9 0.044097293 
258 294 32 39 0.044034068 
66 402 14 16 0.044023987 
56 397 8 9 0.04369627 
571 122 22 20 0.041951943 
458 129 122 88 0.04126801 
5 466 18 28 0.039652184 
949 379 10 10 0.039494943 
792 725 50 38 0.039464764 
663 61 26 26 0.039187573 
129 471 15 16 0.039074976 
643 10 126 87 0.039000127 
9 423 12 15 0.038535055 
738 84 73 45 0.038246285 
45 395 9 10 0.03805026 
772 378 9 11 0.037758797 
845 382 6 9 0.03771577 
107 443 50 43 0.03746379 
42 437 14 17 0.036441416 
439 423 29 28 0.03533596 
59 451 14 14 0.035175312 
72 25 25 23 0.03509485 
583 554 20 38 0.034969226 
96 268 31 31 0.03487171 
292 308 23 32 0.0344508 
831 0 145 71 0.03408751 
617 65 11 12 0.034069516 
104 437 15 15 0.03406884 
19 395 10 10 0.03405748 
126 426 9 10 0.033663973 
680 376 6 8 0.033040702 
118 437 13 12 0.03282623 
162 475 16 15 0.032693457 
49 391 9 10 0.032368917 
988 383 5 7 0.032285 
584 52 82 88 0.031722844 
888 377 9 9 0.031247228 
117 478 15 19 0.031071289 
548 137 10 11 0.030710725 
671 31 29 35 0.03054554 
561 98 26 23 0.030294534 
568 124 13 12 0.030271444 
10 415 9 10 0.030186515 
552 99 59 42 0.029797113 
105 430 13 13 0.029739434 
59 389 7 7 0.028895926 
868 684 35 42 0.028855644 
66 408 18 23 0.028593022 
96 397 9 9 0.02857789 
43 487 17 31 0.028467674 
803 607 41 49 0.028248822 
655 50 14 20 0.028127821 
510 92 114 74 0.027814802 
142 468 22 24 0.02774886 
552 121 16 15 0.027698027 
47 392 18 20 0.027677784 
67 434 14 14 0.027537562 
630 50 21 27 0.027469296 
604 83 26 32 0.027273024 
694 40 11 19 0.027164556 
502 471 30 37 0.027020713 
512 155 25 28 0.026839549 
819 389 7 10 0.026710609 
94 419 10 12 0.026683327 
127 437 23 23 0.02660557 
14 384 6 8 0.026370874 
69 469 23 24 0.026128039 
499 133 62 47 0.025572248 
700 45 12 22 0.025492648 
88 419 10 13 0.025457459 
127 450 15 17 0.02540598 
178 485 10 16 0.025057862 
655 42 27 34 0.025048427 
85 441 13 18 0.024926541 
578 78 25 25 0.02479502 
104 418 13 15 0.024595154 
977 382 7 7 0.024539158 
993 574 40 53 0.024466956 
595 57 27 21 0.024426002 
528 163 11 12 0.02440073 
885 0 34 29 0.024373695 
906 394 9 9 0.024233913 
-2 428 15 26 0.024107825 
809 559 9 14 0.024104448 
800 545 8 13 0.023929203 
841 608 9 14 0.023845358 
112 449 14 16 0.023728803 
680 67 12 14 0.023713784 
887 381 11 12 0.023688545 
97 374 26 23 0.023663757 
572 472 21 22 0.023646872 
841 621 19 31 0.023631899 
35 418 11 15 0.023591785 
74 389 7 10 0.023591418 
145 478 24 29 0.023558207 
600 469 12 15 0.0234958 
1010 397 7 8 0.023360744 
551 105 26 23 0.023334665 
73 402 9 10 0.023199258 
78 424 12 14 0.023174498 
116 405 22 25 0.023155332 
578 100 11 14 0.02303648 
498 121 26 25 0.022853756 
0 411 18 20 0.022691306 
517 163 11 14 0.022632726 
536 502 19 30 0.022409685 
813 736 19 16 0.022350904 
33 463 18 32 0.022208767 
79 533 10 15 0.02215438 
578 107 15 18 0.022083176 
90 450 14 19 0.021898216 
99 391 10 9 0.021887617 
98 408 19 20 0.021801693 
894 377 9 8 0.021594932 
245 313 27 42 0.021530919 
991 381 8 10 0.02146703 
612 67 12 12 0.021461593 
967 382 7 9 0.021268215 
356 521 92 99 0.021208981 
611 452 11 12 0.020870911 
40 424 12 14 0.020830903 
899 639 38 40 0.020781752 
24 388 8 10 0.020774035 
533 141 13 15 0.020761393 
120 425 10 12 0.020736776 
886 11 12 12 0.020733465 
252 271 27 31 0.020699857 
124 458 24 26 0.020687193 
60 463 14 14 0.020623837 
550 83 26 23 0.020614937 
161 463 20 22 0.020587 
73 443 22 24 0.02056994 
609 55 43 50 0.020514522 
970 386 10 10 0.020493636 
83 399 9 11 0.020471442 
555 416 11 13 0.020389726 
4 407 10 10 0.020384762 
442 504 8 14 0.020377109 
86 390 18 22 0.020315576 
661 44 13 17 0.020163052 
788 399 8 10 0.020159528 
663 60 12 15 0.020113321 
