2_Demonstration_Demonstration_Or_Protest_2_606
59
44 250 49 55 0.9997799 
218 293 43 63 0.999734 
187 247 29 38 0.9992192 
547 292 79 125 0.9991534 
905 261 57 66 0.9991365 
635 242 56 56 0.9983595 
707 220 24 31 0.997454 
335 280 77 103 0.9974413 
764 254 63 72 0.9970902 
104 306 51 47 0.9951084 
219 241 40 44 0.9950759 
831 237 33 46 0.99465346 
712 259 31 43 0.989033 
507 239 34 66 0.98855644 
446 220 34 53 0.9841659 
146 256 28 28 0.9809668 
6 282 36 41 0.97679806 
282 236 30 38 0.94058347 
744 271 39 52 0.9275225 
1001 279 37 54 0.91656876 
309 230 34 44 0.57456785 
877 307 27 39 0.42391017 
111 237 21 28 0.4163604 
132 467 19 31 0.16407119 
698 231 14 19 0.09946841 
979 319 27 39 0.0723922 
0 254 14 31 0.056331348 
965 241 12 15 0.053103432 
689 202 8 10 0.050145477 
98 232 25 33 0.050106823 
631 198 9 15 0.050088085 
123 243 17 22 0.04677644 
614 202 11 16 0.04204537 
729 237 21 26 0.040606223 
886 233 23 29 0.03912395 
625 239 23 35 0.03697181 
114 242 35 41 0.03667253 
533 222 21 30 0.03398419 
261 202 22 30 0.03324967 
696 213 11 13 0.032279544 
764 18 12 11 0.03162562 
468 223 39 58 0.028820504 
1007 226 25 29 0.028549206 
266 163 10 16 0.02783875 
756 149 26 30 0.026947154 
695 207 9 11 0.026751835 
241 248 28 30 0.026017766 
269 208 37 52 0.025523778 
130 264 42 44 0.02537387 
484 236 40 60 0.024453696 
718 228 25 29 0.023938943 
344 178 20 25 0.023763508 
688 208 13 15 0.022886103 
630 190 33 45 0.022345351 
649 192 9 11 0.022095041 
498 202 25 31 0.021644395 
625 200 17 23 0.021427693 
427 216 7 12 0.021137621 
747 167 26 29 0.020898644 
