2_Demonstration_Demonstrators_2_546
1287
945 167 24 37 0.98873913 
802 201 30 34 0.9882973 
435 179 16 32 0.86073756 
479 170 16 26 0.67827576 
488 170 17 26 0.61917406 
326 203 24 34 0.56195295 
198 197 14 16 0.53576815 
988 163 13 23 0.45509565 
294 303 20 34 0.4485582 
330 134 12 12 0.4203063 
676 130 8 9 0.38265136 
441 154 9 10 0.34632587 
574 114 8 13 0.32258096 
359 135 13 13 0.24834846 
416 141 9 15 0.22793075 
227 157 15 16 0.22289038 
945 154 10 12 0.2122933 
888 156 13 14 0.20679694 
380 184 19 25 0.19185153 
151 183 18 28 0.17823057 
185 187 9 13 0.17440839 
430 233 15 27 0.16301733 
769 262 24 32 0.15802819 
569 109 7 10 0.15620492 
528 159 14 19 0.15607652 
693 124 17 23 0.15542187 
284 164 19 30 0.14810371 
842 177 15 16 0.12798285 
753 142 11 12 0.1275312 
175 214 11 17 0.12561865 
419 164 9 13 0.122026324 
381 130 20 21 0.110728174 
591 179 6 12 0.11055503 
423 129 8 12 0.110438354 
664 169 8 10 0.10927956 
393 131 10 13 0.10820549 
988 155 12 15 0.10479263 
885 140 4 4 0.104470536 
58 330 94 162 0.10271256 
621 443 10 13 0.1012212 
899 222 10 20 0.0965305 
266 295 30 43 0.096219875 
907 240 22 29 0.09425198 
996 177 12 17 0.09221342 
682 159 10 11 0.08884163 
520 181 19 25 0.08639667 
1017 159 8 13 0.08587504 
608 155 18 26 0.08524071 
324 138 13 13 0.08523518 
488 318 7 12 0.08406136 
989 356 23 32 0.08205281 
388 196 19 26 0.08101413 
428 160 7 11 0.079768956 
824 150 7 9 0.07960774 
416 129 7 12 0.07941925 
346 354 19 28 0.079354145 
341 158 20 28 0.07819262 
949 147 9 11 0.07792351 
544 161 6 12 0.07765935 
668 161 7 10 0.07718606 
805 154 37 45 0.07651683 
527 365 86 79 0.07592188 
446 149 8 11 0.07503357 
982 35 44 47 0.07215535 
356 129 11 12 0.07209616 
343 147 10 11 0.07102064 
676 162 10 11 0.06877446 
499 143 9 16 0.06816581 
680 165 12 13 0.06784255 
108 272 20 29 0.06736538 
885 142 5 6 0.06712508 
676 125 8 9 0.06604551 
167 198 20 34 0.06564616 
789 151 5 7 0.065152094 
371 139 9 12 0.06488473 
538 211 8 15 0.06439581 
329 145 11 13 0.06424485 
974 238 30 47 0.06421032 
497 173 16 20 0.06352876 
892 140 3 4 0.06338787 
553 167 6 12 0.063026115 
759 141 10 12 0.06302035 
591 160 6 12 0.061884876 
674 168 20 21 0.061763797 
693 125 7 9 0.061685935 
894 143 6 6 0.061622676 
163 196 10 17 0.061600026 
376 134 10 11 0.060710695 
517 184 11 15 0.0602361 
1002 159 8 13 0.059638288 
744 142 19 21 0.05918428 
336 130 9 11 0.058855884 
890 142 6 7 0.058147926 
476 153 32 45 0.05810147 
713 140 14 12 0.057521265 
714 153 11 10 0.056991182 
274 167 40 49 0.056688547 
146 190 14 18 0.05621762 
288 225 28 30 0.055522047 
832 171 34 47 0.05542846 
333 148 20 24 0.054721385 
263 132 7 8 0.05469942 
475 108 7 15 0.054501813 
706 146 14 12 0.05436246 
157 179 14 16 0.054075547 
389 166 9 13 0.053402025 
774 146 8 10 0.053235233 
350 135 10 10 0.05170662 
434 159 9 13 0.05161376 
984 360 43 51 0.051356893 
778 162 8 10 0.050821144 
324 131 12 12 0.05020295 
345 133 9 11 0.050192058 
721 154 8 9 0.050099097 
879 149 5 9 0.0500846 
547 171 6 13 0.04965579 
141 173 8 14 0.04944326 
881 139 3 4 0.049172685 
680 136 13 16 0.048849583 
289 199 39 47 0.048825238 
175 183 20 27 0.048116717 
742 146 11 13 0.04786957 
701 129 20 19 0.047752243 
542 205 14 26 0.047540132 
709 123 8 8 0.04736469 
408 162 9 15 0.047357973 
507 120 8 16 0.047172002 
382 143 13 17 0.047169458 
782 143 5 8 0.04678084 
376 188 12 17 0.046539634 
996 384 22 30 0.046240747 
551 161 5 10 0.04587047 
281 171 11 16 0.045304332 
421 153 8 11 0.045287635 
702 125 10 11 0.045230024 
70 44 9 11 0.045018196 
337 152 10 12 0.044895664 
707 130 10 10 0.04468778 
531 210 8 15 0.044484038 
883 161 9 11 0.044394754 
374 152 11 16 0.04439102 
685 129 8 9 0.044048708 
787 144 5 6 0.043994237 
347 140 19 21 0.043637548 
331 333 43 49 0.04358855 
550 188 8 18 0.043486647 
11 -232 433 238 0.043353636 
683 130 21 25 0.04317568 
346 130 7 9 0.04302445 
630 144 12 16 0.042910025 
415 168 10 15 0.04287638 
626 208 69 117 0.04280234 
690 313 7 12 0.042571437 
593 173 7 14 0.04252659 
793 154 7 9 0.042048775 
401 184 9 13 0.041706495 
828 167 25 26 0.041527495 
150 174 35 49 0.041295525 
753 476 8 8 0.041281044 
700 183 78 106 0.041225426 
426 156 7 9 0.041095503 
268 122 7 9 0.041013196 
792 150 6 7 0.040952276 
419 174 17 28 0.040914744 
848 199 20 25 0.040753108 
1002 176 17 20 0.04067599 
728 95 25 22 0.040611528 
878 153 6 11 0.040525276 
579 116 8 12 0.040234447 
614 40 9 10 0.04000201 
926 178 8 9 0.03998723 
261 171 65 95 0.039879363 
539 306 8 13 0.03980032 
859 193 9 10 0.039628644 
303 227 13 15 0.039512586 
549 197 8 19 0.039275013 
174 359 22 39 0.039245684 
337 140 10 11 0.039200485 
943 158 20 27 0.039166868 
995 160 11 17 0.03912903 
514 172 11 14 0.039112013 
453 143 7 9 0.03903539 
373 170 36 48 0.03900545 
319 139 11 12 0.038993087 
287 318 24 33 0.038978536 
442 205 68 97 0.038847376 
267 131 7 9 0.03877822 
426 169 10 16 0.038588025 
864 47 6 7 0.038379755 
363 147 19 27 0.03834502 
217 158 23 27 0.03833347 
321 178 42 54 0.038249657 
566 109 7 11 0.038209822 
551 178 6 13 0.03795961 
537 263 19 36 0.037922807 
670 185 10 17 0.03785163 
779 154 8 10 0.037782818 
927 34 9 9 0.037706364 
369 174 11 18 0.037671108 
754 159 11 15 0.037648298 
69 70 10 10 0.037545297 
844 448 10 15 0.037510984 
435 148 8 10 0.03748955 
793 145 5 6 0.037373427 
318 145 37 46 0.037357554 
227 191 10 15 0.037342593 
733 148 20 24 0.03731779 
493 158 19 29 0.037284236 
271 314 13 24 0.03720266 
453 147 10 12 0.037188713 
778 146 8 11 0.037169125 
781 139 5 5 0.036991395 
973 43 6 5 0.036842223 
888 149 11 12 0.03680324 
897 141 4 3 0.036721483 
775 167 7 9 0.03672116 
678 126 44 40 0.036705855 
300 178 25 29 0.036695667 
779 55 7 5 0.036678646 
687 329 11 18 0.036655974 
551 372 24 23 0.03650093 
233 187 9 13 0.036334682 
528 155 6 9 0.036221102 
130 203 13 19 0.036026295 
372 174 20 27 0.035928782 
348 153 11 13 0.035873834 
893 162 12 15 0.035861187 
677 156 10 10 0.035795577 
757 486 8 9 0.03571917 
356 157 20 28 0.03570189 
187 186 16 22 0.035530847 
435 153 10 12 0.035529118 
852 187 20 21 0.035471857 
422 156 15 22 0.035418224 
150 200 11 16 0.03541495 
143 175 19 25 0.035293065 
589 174 6 12 0.03526004 
705 163 14 15 0.035171714 
494 349 12 15 0.035131812 
781 138 66 85 0.035102297 
264 146 10 13 0.035093594 
445 185 12 22 0.034987193 
504 176 21 27 0.034946177 
819 156 8 9 0.03492837 
264 122 7 8 0.03488679 
418 345 4 4 0.034878906 
416 149 9 15 0.034844868 
773 173 9 13 0.034792338 
701 154 13 10 0.034762584 
356 125 9 10 0.03476167 
975 191 19 25 0.034703523 
712 148 24 23 0.034561303 
170 186 8 11 0.03445 
681 144 22 23 0.034436062 
877 159 7 9 0.034387 
324 144 18 27 0.034341607 
991 399 24 25 0.03431095 
388 123 11 13 0.0342822 
414 129 14 24 0.034232613 
260 141 11 13 0.034146097 
394 172 10 14 0.0340911 
68 442 9 13 0.034085717 
850 210 22 28 0.03407989 
289 151 38 48 0.03401684 
375 126 36 44 0.033998735 
482 126 18 31 0.03392996 
690 302 5 11 0.033920173 
476 188 68 105 0.033828214 
923 180 6 7 0.03380047 
554 386 28 37 0.033798873 
162 253 10 17 0.03363193 
936 45 9 11 0.033540104 
858 60 6 6 0.033517826 
935 52 24 26 0.033512946 
227 177 19 27 0.033507023 
844 443 8 10 0.033492282 
417 348 6 6 0.03345572 
880 144 4 5 0.033420287 
720 136 9 10 0.033361927 
502 130 11 17 0.033312522 
427 140 7 11 0.033190027 
567 305 13 17 0.033129606 
670 364 8 10 0.033119995 
300 106 8 7 0.03305078 
874 155 4 7 0.033041555 
815 145 20 24 0.033002105 
354 151 13 18 0.03294871 
663 174 11 15 0.03294185 
998 30 6 6 0.03267351 
876 165 8 11 0.0326576 
346 171 38 47 0.03261091 
995 191 11 14 0.03260866 
788 162 6 8 0.032583896 
190 239 8 14 0.03255592 
585 88 314 386 0.03228752 
496 416 13 14 0.03218204 
449 144 7 8 0.032172848 
906 211 8 14 0.03216543 
676 199 18 32 0.032159135 
763 48 6 6 0.03213708 
501 142 18 25 0.03210714 
351 130 9 10 0.032087762 
553 157 4 6 0.032058496 
113 77 10 9 0.032055363 
930 42 20 24 0.03203855 
860 200 13 17 0.031986482 
259 151 38 44 0.031984773 
605 301 11 17 0.03197739 
153 162 7 7 0.031951994 
682 463 11 11 0.03195108 
272 171 13 15 0.031933274 
508 161 37 47 0.03191279 
819 29 5 5 0.031899706 
600 154 16 28 0.031896546 
772 175 18 27 0.031861342 
312 52 9 9 0.031858694 
674 181 13 18 0.03183595 
550 172 14 30 0.03182318 
163 230 8 13 0.03180662 
691 142 48 46 0.031782363 
841 185 12 18 0.031766474 
623 155 21 26 0.03176448 
794 161 7 9 0.031745642 
880 185 12 15 0.03170565 
594 371 8 13 0.031682007 
536 206 7 12 0.031672742 
283 238 25 26 0.03165007 
637 164 10 15 0.03162536 
551 330 20 31 0.031618297 
746 47 349 346 0.03161722 
1008 173 10 12 0.031581383 
491 136 17 28 0.031575706 
671 157 8 8 0.0315271 
772 160 18 25 0.03145071 
548 161 13 26 0.031383965 
908 169 5 6 0.03136257 
401 46 12 9 0.03125839 
802 143 5 7 0.031249315 
429 150 36 53 0.031228213 
434 347 8 10 0.031189544 
146 165 21 24 0.031177944 
450 -233 459 243 0.031132052 
915 180 6 7 0.031108543 
290 336 23 30 0.031095231 
528 193 11 17 0.030850036 
666 157 8 8 0.030819844 
769 43 6 5 0.030796124 
874 151 3 5 0.030787425 
881 153 10 11 0.030759754 
904 217 22 34 0.030637331 
784 34 8 8 0.03063723 
219 154 17 15 0.030636875 
863 54 7 7 0.030603515 
320 281 8 13 0.030595392 
651 425 8 9 0.030553507 
903 145 4 4 0.030530123 
637 152 9 13 0.03048431 
390 161 17 23 0.030482821 
386 146 39 56 0.030413441 
612 333 9 14 0.030409377 
857 40 7 8 0.03038338 
318 52 10 9 0.030340465 
333 125 7 7 0.030303136 
614 163 22 30 0.030241774 
456 216 19 27 0.030238634 
833 43 5 6 0.030197518 
696 161 11 11 0.030109681 
741 99 9 7 0.030105995 
298 131 73 84 0.030097665 
804 29 10 8 0.030069226 
368 159 18 29 0.030068764 
794 168 6 8 0.030005999 
773 481 11 10 0.029988982 
687 157 12 14 0.029986521 
153 169 8 9 0.029981084 
825 36 5 5 0.02994856 
317 216 20 26 0.029879602 
849 190 10 14 0.029879421 
1009 190 19 29 0.029859083 
744 157 11 15 0.029822672 
897 180 6 9 0.029812405 
959 51 9 11 0.029811729 
903 169 6 7 0.029811114 
772 152 9 13 0.02980677 
190 183 7 10 0.029772874 
440 149 15 19 0.029720275 
339 130 19 20 0.02971197 
899 155 8 10 0.02968131 
497 111 18 29 0.029669508 
766 139 9 9 0.029652491 
495 409 12 13 0.029605689 
882 148 8 10 0.02953452 
801 43 5 5 0.029513711 
72 96 13 14 0.029499687 
573 119 12 19 0.029489286 
475 101 20 30 0.029446112 
268 278 18 30 0.029437987 
35 1 414 377 0.02942538 
782 51 5 3 0.02939558 
694 146 12 13 0.029383855 
794 139 4 5 0.029318392 
65 426 21 29 0.029270627 
682 82 9 11 0.029246803 
1004 29 7 6 0.029227467 
575 106 7 11 0.029186938 
967 42 6 6 0.029184898 
536 155 15 25 0.02918471 
701 110 98 86 0.029175682 
697 150 25 20 0.029175423 
589 155 16 27 0.029137421 
314 290 73 89 0.029107021 
238 158 10 13 0.02910545 
625 444 23 24 0.029101588 
1009 411 8 8 0.029093329 
878 48 5 6 0.029092388 
298 102 24 23 0.029057391 
812 43 7 6 0.029029513 
753 144 19 26 0.02897395 
572 383 22 30 0.028958324 
75 77 10 11 0.028922262 
776 50 5 4 0.028913708 
723 78 20 22 0.028908122 
735 481 7 8 0.028897636 
729 209 27 39 0.028859692 
667 161 18 21 0.028781086 
336 186 22 28 0.028749468 
184 204 8 15 0.028733244 
798 154 6 9 0.028722929 
554 115 9 13 0.028703475 
814 154 7 8 0.028642243 
410 128 8 12 0.028631749 
484 384 9 14 0.028625516 
199 188 31 41 0.028613955 
621 36 5 6 0.02860439 
358 92 22 26 0.028603686 
887 162 11 13 0.028596701 
903 183 4 6 0.028541164 
703 140 11 12 0.028528081 
71 132 16 14 0.028482048 
399 170 10 15 0.02846753 
666 267 8 15 0.028462946 
863 40 8 9 0.028438833 
322 127 36 38 0.028435599 
672 125 16 19 0.028422557 
719 145 12 13 0.028389988 
676 236 93 134 0.02838102 
440 202 36 48 0.028300105 
916 195 5 7 0.028261594 
66 398 42 70 0.028180033 
497 402 10 12 0.028136697 
799 173 9 13 0.028130814 
615 35 7 7 0.028126985 
400 147 17 27 0.028076058 
228 235 70 116 0.02807267 
854 435 10 10 0.028053658 
183 187 29 43 0.028036222 
964 50 10 11 0.02799216 
749 47 7 7 0.027973063 
846 56 5 5 0.02797065 
612 286 10 15 0.027962526 
160 156 62 84 0.02793295 
884 48 5 5 0.027927972 
761 41 6 7 0.02791419 
385 170 18 27 0.027892081 
989 31 26 24 0.027821662 
979 350 21 32 0.027798979 
136 273 20 30 0.02779862 
874 144 3 5 0.027767977 
297 175 12 19 0.027745003 
836 339 20 26 0.0277364 
491 129 68 92 0.027732678 
479 361 9 13 0.027668154 
697 54 6 7 0.027654283 
757 427 23 31 0.027651297 
405 361 6 10 0.02764345 
402 245 9 17 0.027639883 
791 222 21 31 0.027631527 
764 462 20 23 0.027625462 
649 285 22 29 0.027606266 
844 436 8 10 0.027603863 
99 82 12 11 0.027574144 
703 292 24 28 0.027533643 
799 161 8 10 0.027502514 
74 70 10 10 0.027502365 
394 212 13 20 0.027493477 
662 269 17 32 0.027490498 
400 133 8 12 0.027485175 
569 105 14 20 0.027478056 
845 210 8 13 0.0274638 
949 144 5 7 0.027425777 
637 421 11 12 0.027356688 
568 116 11 17 0.027339699 
511 134 7 11 0.027320007 
902 174 5 8 0.027319202 
315 198 24 33 0.02731038 
554 110 8 10 0.027307421 
966 46 8 9 0.027278032 
413 51 12 11 0.027250957 
339 125 6 8 0.027236778 
768 28 7 7 0.027193593 
800 150 5 7 0.027193505 
435 352 8 10 0.027175296 
994 9 22 22 0.027147619 
952 46 7 8 0.027135322 
961 46 8 9 0.027124451 
534 154 9 14 0.027102439 
499 397 8 10 0.02710196 
853 418 4 6 0.027101647 
990 349 11 19 0.02709066 
106 267 12 21 0.027016057 
820 23 5 5 0.02701129 
704 77 18 23 0.026990233 
346 491 19 27 0.026958434 
-23 -232 201 188 0.026957998 
859 48 6 6 0.026948571 
797 158 19 28 0.02694172 
254 156 19 23 0.02693813 
143 170 6 9 0.026923358 
600 21 9 8 0.026920397 
828 22 4 6 0.026890434 
873 140 4 4 0.026862897 
792 20 10 9 0.02683976 
181 187 7 11 0.026834408 
145 78 9 8 0.026832398 
815 151 5 6 0.026787927 
669 284 8 15 0.026770575 
473 102 8 14 0.02676868 
170 194 7 10 0.026753902 
68 82 11 11 0.026748989 
813 161 9 12 0.026734952 
347 126 5 6 0.026710307 
748 40 8 8 0.026701597 
994 153 11 14 0.02664103 
156 206 21 31 0.026629899 
618 8 10 7 0.026569968 
895 172 9 11 0.026561176 
412 146 34 52 0.026554402 
408 153 8 15 0.026540345 
872 161 6 8 0.026496692 
917 222 21 30 0.026492259 
694 317 46 58 0.026483798 
256 129 19 21 0.026472704 
639 438 25 28 0.02646268 
877 40 7 8 0.026448283 
931 179 7 8 0.026447512 
583 295 8 13 0.026432581 
775 139 5 6 0.026427766 
296 128 11 13 0.02642519 
685 54 6 6 0.026384663 
864 32 9 10 0.02637992 
582 119 8 13 0.026352888 
273 52 10 10 0.026350167 
999 34 7 6 0.026334291 
790 168 18 25 0.026279401 
555 162 6 12 0.026276534 
886 161 21 26 0.026263276 
764 146 18 24 0.026255844 
802 51 4 4 0.026227742 
409 146 9 14 0.026216952 
580 400 19 29 0.026214164 
735 477 6 7 0.02618219 
478 353 9 11 0.026180899 
580 353 8 13 0.026179781 
169 197 10 16 0.026177756 
234 197 9 14 0.026138002 
159 224 10 15 0.026110237 
586 136 10 18 0.026078798 
805 143 7 7 0.026072206 
916 170 5 6 0.026059102 
773 28 8 7 0.026052782 
817 46 8 9 0.026044061 
959 59 8 9 0.026020702 
118 276 26 29 0.025993755 
827 29 4 5 0.02599226 
511 182 11 16 0.025987057 
787 168 6 8 0.025931798 
171 179 9 11 0.025906539 
527 150 5 8 0.025905674 
494 102 7 12 0.025882319 
319 218 10 15 0.025878217 
773 475 11 10 0.0258632 
673 190 11 18 0.025862534 
566 105 5 8 0.025856089 
305 337 8 12 0.025817394 
887 180 8 10 0.025780002 
543 83 9 11 0.025750233 
428 345 8 8 0.025732793 
758 93 27 24 0.025684183 
394 261 16 29 0.025678245 
989 412 24 32 0.025677297 
752 52 9 9 0.02563931 
671 200 10 22 0.025637073 
427 186 9 18 0.025633892 
794 175 6 9 0.025619088 
502 228 17 31 0.025612678 
783 215 11 17 0.025601244 
635 161 19 28 0.025596928 
455 320 7 11 0.025589304 
859 56 6 5 0.02558673 
728 41 8 7 0.025563084 
564 114 8 13 0.025544144 
502 403 10 11 0.025537172 
714 129 9 11 0.02552175 
688 167 9 11 0.025518151 
593 206 12 17 0.025512064 
309 163 23 30 0.025509704 
606 295 9 14 0.025485724 
646 430 8 10 0.025428312 
490 133 9 16 0.025402026 
821 35 6 6 0.025396507 
254 176 11 15 0.025349837 
737 41 8 7 0.02533464 
750 79 24 22 0.025310172 
808 42 5 6 0.025293032 
896 45 5 5 0.025287671 
727 51 10 9 0.025282372 
912 182 5 6 0.025264105 
775 42 5 5 0.025262663 
863 59 7 7 0.02524942 
644 424 8 9 0.02523988 
145 208 20 27 0.025239106 
391 189 13 18 0.025228443 
559 349 12 20 0.025208237 
267 176 26 33 0.025205096 
877 199 21 25 0.025202554 
506 155 13 17 0.025199566 
1016 193 10 16 0.025092548 
134 341 70 109 0.025084658 
346 288 20 32 0.02506998 
683 300 16 28 0.025068967 
722 139 23 24 0.025068443 
988 43 4 5 0.025045132 
594 34 28 25 0.025044464 
67 182 12 16 0.02502355 
819 435 9 13 0.025011238 
242 116 5 7 0.025011064 
719 156 25 29 0.025002252 
423 342 6 7 0.02498251 
434 173 10 16 0.024982035 
874 180 9 11 0.024980664 
341 328 20 32 0.024965335 
710 46 9 8 0.02496485 
288 136 22 25 0.024899354 
876 185 10 12 0.02489811 
206 193 12 15 0.024897696 
489 172 43 58 0.02489242 
785 27 8 9 0.024888977 
129 251 13 18 0.024864074 
883 42 5 6 0.024752572 
670 268 8 14 0.024748798 
971 45 7 8 0.024725156 
255 47 9 7 0.024700774 
662 183 12 17 0.024699401 
905 227 11 17 0.024691666 
152 156 8 9 0.024672108 
995 254 10 18 0.02467038 
769 35 6 5 0.02466855 
560 176 17 30 0.024646703 
558 288 80 113 0.024625603 
774 35 7 6 0.024611972 
570 101 5 6 0.02460965 
1012 151 5 7 0.024605216 
452 64 9 11 0.024573557 
246 161 18 27 0.02455596 
270 112 5 6 0.024532616 
754 482 8 8 0.024527293 
510 215 65 108 0.024504913 
637 85 21 23 0.024434501 
1006 302 22 33 0.024433615 
818 160 9 12 0.024433216 
753 48 7 7 0.024433011 
340 357 7 12 0.024429942 
811 33 8 7 0.024428172 
598 177 11 16 0.024425972 
508 172 11 16 0.024397518 
479 133 9 15 0.024378924 
185 175 6 8 0.024378037 
713 122 10 10 0.024373021 
295 105 7 6 0.024355287 
301 325 22 31 0.024342304 
665 297 9 16 0.024335863 
759 483 7 8 0.024326665 
151 209 9 12 0.024324594 
486 143 9 16 0.024318641 
659 162 16 22 0.024295757 
933 40 8 9 0.02429343 
421 347 7 7 0.024290415 
306 52 9 9 0.024284333 
354 125 6 7 0.02427151 
1010 158 10 14 0.024253469 
431 338 9 12 0.024232322 
505 235 9 16 0.024228562 
468 425 19 22 0.024217637 
845 62 5 5 0.024212558 
160 200 9 16 0.024203327 
772 136 17 24 0.02417759 
854 425 5 6 0.02416092 
287 342 12 15 0.024138583 
434 142 8 9 0.024137842 
654 401 23 25 0.024127252 
589 405 7 10 0.024115874 
833 47 5 7 0.024106724 
742 47 6 7 0.024087787 
790 69 23 24 0.02408375 
565 371 21 26 0.024072506 
768 165 8 13 0.024051024 
403 365 9 13 0.024045449 
824 41 6 7 0.024012059 
588 366 8 11 0.024009947 
230 202 9 14 0.024001691 
545 156 6 9 0.02396284 
473 326 9 13 0.023916077 
673 456 6 7 0.02390721 
536 288 10 19 0.023887673 
714 474 15 11 0.023881521 
815 164 14 18 0.023867302 
670 85 8 8 0.023847131 
690 59 6 7 0.023836572 
686 300 7 12 0.023828594 
741 215 29 40 0.023814868 
312 154 9 12 0.02379603 
789 139 4 5 0.023774682 
741 34 9 7 0.0237652 
724 227 25 38 0.023754848 
735 99 9 6 0.023742555 
530 207 15 28 0.02374059 
897 208 17 29 0.023720404 
994 34 6 7 0.02371782 
346 125 36 38 0.023708671 
696 86 20 24 0.023707297 
669 172 11 12 0.023691623 
999 15 7 8 0.023683185 
549 105 9 10 0.02368061 
186 169 75 93 0.023670578 
821 41 6 7 0.023670295 
608 299 20 28 0.023660615 
341 272 20 33 0.023649912 
372 66 22 23 0.023638133 
770 48 5 5 0.023632808 
607 10 10 7 0.023627328 
821 145 4 6 0.023625495 
906 28 24 23 0.023605974 
989 186 22 28 0.023575302 
965 15 7 8 0.023568762 
674 211 11 20 0.023563175 
911 176 4 6 0.023556963 
715 86 20 22 0.02352751 
486 107 21 32 0.023527224 
754 39 8 8 0.023522291 
954 53 7 8 0.023512457 
677 98 8 9 0.023508325 
678 53 7 7 0.023506258 
989 47 5 6 0.023500906 
677 47 8 7 0.023498487 
840 436 7 9 0.023480697 
670 354 8 10 0.023476744 
592 415 9 13 0.023476548 
700 165 20 27 0.023464208 
545 184 7 14 0.023453828 
607 351 8 12 0.023453059 
867 217 11 14 0.023440931 
961 42 6 6 0.023437755 
891 47 6 5 0.023430906 
675 144 13 14 0.023420714 
151 216 10 13 0.023411918 
298 140 11 12 0.023406615 
645 411 22 25 0.0233991 
914 186 7 8 0.023393197 
593 407 22 29 0.023392824 
484 376 8 14 0.023372684 
939 41 7 8 0.023369832 
583 177 7 13 0.023368306 
320 97 8 8 0.023360314 
839 55 5 6 0.023358993 
999 23 6 6 0.02335613 
582 165 7 14 0.023352597 
534 368 27 27 0.023335721 
697 275 21 32 0.02333065 
305 109 11 10 0.023328573 
249 194 7 10 0.02331237 
621 29 5 5 0.023304967 
754 98 9 7 0.023300236 
665 150 39 42 0.023296872 
702 77 9 11 0.02329381 
480 316 36 51 0.023281513 
686 372 13 14 0.023279896 
300 110 8 8 0.023277521 
653 54 6 6 0.023273299 
832 21 5 7 0.023271585 
965 350 19 28 0.023262665 
301 296 36 53 0.023259446 
451 157 10 15 0.023240952 
338 164 12 16 0.023237726 
454 138 6 7 0.023233578 
544 191 8 16 0.023227675 
161 169 23 26 0.023225931 
995 29 5 7 0.023223741 
794 55 6 6 0.023220992 
800 167 9 12 0.023216728 
665 313 8 15 0.023211943 
822 176 23 33 0.023197638 
684 48 7 7 0.023176279 
248 178 9 13 0.023171019 
839 48 6 7 0.02315993 
490 314 7 12 0.023144996 
572 372 10 13 0.02314352 
636 403 21 24 0.023131805 
791 26 10 9 0.02312746 
888 203 10 16 0.023121359 
142 282 7 13 0.023110613 
494 238 23 37 0.023104971 
255 53 8 8 0.023100361 
400 376 12 14 0.02309726 
753 170 10 15 0.023086157 
806 149 6 7 0.023073316 
874 173 9 11 0.0230641 
665 28 8 7 0.023063142 
715 91 8 8 0.023057856 
635 53 7 7 0.023057224 
633 15 9 7 0.023050236 
202 289 9 17 0.023045681 
740 183 22 31 0.02303645 
319 178 23 29 0.023029936 
651 430 8 10 0.023028506 
592 15 9 7 0.023027115 
425 362 10 12 0.023020925 
235 190 17 26 0.023010397 
190 203 9 14 0.023002824 
953 60 8 8 0.022991175 
853 62 5 4 0.02299103 
625 41 6 7 0.022988074 
607 288 9 12 0.022970993 
465 64 9 11 0.022963362 
1004 22 8 7 0.02293644 
192 175 6 7 0.02293083 
953 14 7 9 0.022922637 
576 423 7 11 0.02289593 
426 147 8 11 0.02288716 
395 371 9 13 0.022875533 
639 353 8 9 0.022857165 
808 49 5 5 0.022837542 
671 54 7 6 0.022822525 
814 46 6 7 0.022814779 
685 126 7 7 0.022809846 
672 48 7 6 0.022806313 
802 140 5 5 0.022804787 
743 132 42 45 0.022797799 
313 141 8 10 0.022773838 
952 52 22 25 0.02274708 
472 70 9 11 0.02273184 
671 306 6 13 0.022730302 
753 92 10 8 0.022730298 
348 120 20 23 0.022726849 
1004 484 6 6 0.02271277 
901 16 8 7 0.022710146 
793 67 8 8 0.02270958 
705 361 22 38 0.02270544 
678 120 5 6 0.022691363 
523 371 8 11 0.02266996 
326 124 7 8 0.022668583 
973 373 77 82 0.022665625 
812 29 6 6 0.022658095 
60 516 27 30 0.022653628 
992 47 8 8 0.022650335 
602 363 8 12 0.022637814 
974 36 5 6 0.02263689 
1001 404 11 12 0.022634942 
430 334 7 9 0.022630105 
614 29 7 6 0.022629827 
211 165 38 45 0.022619259 
631 86 8 8 0.022609303 
318 158 9 15 0.0225888 
757 135 21 22 0.022582969 
870 19 9 9 0.022579681 
324 53 9 8 0.022559589 
741 52 7 9 0.022557039 
793 15 9 8 0.022556366 
664 328 9 16 0.022543151 
689 358 9 13 0.022533301 
863 162 6 8 0.02248208 
495 65 23 26 0.022469062 
590 183 18 27 0.022464467 
518 367 6 9 0.022460582 
535 167 11 18 0.022451458 
787 17 24 23 0.02244507 
589 371 8 12 0.022432312 
639 54 6 5 0.022427805 
549 71 9 9 0.022405375 
748 92 9 7 0.022375882 
414 357 10 11 0.022370022 
664 73 7 7 0.022356492 
139 196 11 15 0.0223461 
248 83 9 10 0.022339618 
966 35 6 6 0.022330375 
596 10 23 21 0.02231761 
859 205 21 25 0.02230474 
311 223 10 14 0.022302246 
580 381 11 16 0.022292128 
532 152 6 10 0.02228472 
684 34 8 7 0.022276158 
525 364 8 14 0.022264158 
868 174 10 12 0.022254217 
317 165 10 16 0.022249853 
768 80 25 22 0.022248387 
566 361 11 16 0.022244528 
1018 411 8 9 0.022237804 
460 128 60 88 0.022236899 
537 76 19 23 0.022218283 
795 43 5 5 0.022210764 
787 41 6 5 0.022205614 
324 162 11 18 0.022201994 
555 106 8 8 0.022159904 
264 113 5 6 0.022156583 
840 144 5 6 0.02215357 
741 41 8 7 0.022144787 
561 319 10 14 0.02214225 
830 193 22 31 0.022135222 
657 82 9 11 0.022131868 
889 171 9 11 0.022131644 
631 120 10 12 0.022120798 
746 92 25 21 0.022119626 
354 532 14 17 0.022116533 
396 46 11 9 0.022113001 
746 34 9 8 0.022111047 
686 60 7 6 0.022105685 
523 65 10 9 0.02210093 
430 295 5 9 0.022100559 
628 49 5 5 0.022095237 
703 98 8 8 0.022092685 
897 186 6 9 0.022085927 
574 351 10 14 0.022080395 
985 20 7 8 0.022078076 
762 485 26 23 0.022071507 
287 93 21 26 0.022062907 
613 9 10 7 0.02205207 
938 374 17 40 0.022051806 
300 234 24 32 0.022046119 
1000 413 14 14 0.022034856 
863 154 6 8 0.02202641 
1004 15 9 8 0.022022426 
149 222 21 27 0.022012053 
1003 36 7 6 0.02200443 
219 318 8 17 0.022002088 
519 142 18 29 0.022000182 
330 168 13 19 0.021996677 
479 146 8 13 0.021979531 
639 333 7 11 0.021946104 
852 57 5 4 0.021937337 
677 60 8 7 0.021923538 
256 146 10 13 0.021921258 
341 490 37 53 0.021917075 
606 371 9 12 0.021912681 
845 47 6 7 0.021911597 
908 15 8 8 0.021883525 
259 113 18 22 0.021879898 
944 151 4 5 0.02187892 
268 177 11 14 0.021873135 
643 162 9 12 0.021870494 
581 139 8 15 0.021851623 
624 8 10 7 0.021841208 
664 83 9 10 0.02181496 
753 35 9 8 0.021798432 
328 349 22 30 0.021797666 
639 86 8 7 0.02179629 
924 171 4 5 0.021796215 
980 36 5 6 0.02178043 
665 485 23 20 0.021760618 
598 364 19 25 0.021760039 
704 92 6 7 0.021758642 
947 45 7 9 0.021752207 
385 314 7 12 0.02174632 
1007 401 10 13 0.021731246 
536 83 9 10 0.021723697 
710 98 6 7 0.021721954 
382 164 11 18 0.021717992 
618 20 8 8 0.021703407 
427 327 18 23 0.021694018 
427 52 10 10 0.021691974 
248 187 8 10 0.021690002 
527 340 22 32 0.02166955 
740 482 8 8 0.021645648 
588 143 32 51 0.021644216 
438 441 17 15 0.02163557 
645 21 8 7 0.021616623 
750 234 22 34 0.02161621 
802 54 5 5 0.021614471 
965 21 7 8 0.021612 
914 200 6 9 0.021611987 
865 152 5 6 0.021608135 
677 41 8 7 0.021599734 
965 58 8 9 0.021591006 
360 275 21 35 0.021583999 
875 33 8 9 0.021582866 
638 15 10 7 0.021573564 
839 61 6 6 0.021573372 
320 131 8 8 0.021566575 
395 65 10 9 0.021565523 
146 218 10 12 0.021559678 
763 53 7 7 0.02155246 
270 223 32 30 0.021548226 
895 16 9 7 0.021541422 
856 430 9 9 0.021538192 
691 354 7 10 0.02153429 
474 135 20 31 0.02152059 
645 153 9 11 0.021511916 
666 54 6 6 0.021509811 
748 470 18 21 0.021500697 
659 55 5 5 0.021498235 
825 46 7 8 0.021495156 
753 490 11 12 0.021487433 
691 40 7 7 0.021484733 
891 44 5 4 0.021481238 
307 142 7 10 0.021478742 
638 128 7 9 0.021476153 
366 314 22 34 0.02146501 
785 33 24 23 0.021464223 
903 187 5 7 0.021448769 
672 41 7 6 0.021439277 
356 145 39 52 0.02143513 
529 26 11 9 0.021432221 
607 283 18 27 0.021422163 
869 168 8 10 0.021419354 
201 204 13 17 0.021419173 
312 123 8 10 0.021415232 
433 133 9 12 0.021404833 
944 63 23 22 0.021399418 
712 159 12 12 0.021397885 
542 93 24 27 0.021392202 
916 74 5 6 0.021388507 
735 159 21 28 0.021381026 
440 144 8 9 0.021377789 
483 268 23 32 0.021377012 
246 288 22 30 0.021374892 
652 14 9 8 0.021368962 
556 157 5 7 0.021366972 
232 169 12 16 0.021359507 
510 187 37 58 0.0213463 
761 28 7 7 0.021344058 
783 42 5 5 0.021327984 
854 416 3 4 0.021323426 
711 84 7 9 0.021308245 
280 253 21 24 0.021305166 
274 58 8 9 0.021300081 
953 42 7 7 0.021297332 
344 45 9 9 0.021294331 
940 36 6 6 0.021274613 
923 29 19 21 0.021274151 
540 182 16 29 0.021268137 
495 40 15 12 0.021265527 
400 343 3 7 0.02125948 
600 350 8 13 0.02125617 
689 172 9 12 0.021253288 
603 415 7 11 0.02124645 
664 417 9 10 0.021239238 
500 411 23 23 0.021233216 
916 66 6 7 0.021228539 
867 153 18 26 0.021227665 
674 458 23 21 0.021226972 
469 137 6 8 0.021202315 
536 382 24 28 0.021193625 
540 242 18 37 0.02118693 
645 72 8 8 0.021179419 
528 82 83 89 0.021178644 
306 99 8 8 0.02117744 
811 437 7 10 0.021175463 
487 432 24 25 0.021160658 
834 54 5 6 0.02115941 
870 55 6 6 0.021149507 
427 58 10 10 0.021142593 
981 42 5 6 0.021142313 
74 51 9 11 0.021112775 
537 333 22 32 0.021111066 
795 48 6 5 0.02110405 
730 99 7 6 0.021099793 
789 131 4 6 0.02109723 
454 148 32 50 0.02109212 
954 35 6 7 0.021091465 
282 260 10 13 0.021069856 
192 169 6 9 0.02106109 
574 39 10 9 0.021060338 
556 71 8 9 0.021042243 
665 59 6 7 0.021035403 
704 478 23 21 0.021035362 
678 21 9 8 0.021035355 
233 177 11 15 0.02099379 
663 422 10 12 0.020990834 
407 65 9 9 0.020990534 
864 169 7 8 0.020979738 
900 161 8 9 0.020974945 
547 234 8 18 0.02097491 
295 111 7 7 0.02097144 
565 100 5 6 0.020970069 
858 417 5 7 0.020966155 
580 372 9 13 0.020962724 
645 34 8 7 0.020961493 
833 29 5 5 0.020958234 
439 228 35 53 0.020949107 
640 42 6 5 0.020938586 
69 227 10 14 0.02092318 
684 352 8 12 0.020922007 
788 175 6 8 0.020914547 
663 411 26 28 0.020910498 
677 65 9 8 0.020902652 
862 433 12 12 0.020898534 
557 93 20 25 0.020896388 
435 359 9 11 0.020895647 
268 160 11 13 0.020892516 
574 142 9 13 0.020892102 
881 135 3 3 0.020888312 
993 42 7 8 0.020880487 
683 27 8 8 0.02087885 
927 228 9 15 0.020872014 
669 312 8 14 0.020865943 
406 155 66 85 0.020862984 
637 274 23 32 0.020860517 
988 178 14 19 0.020855982 
254 185 24 30 0.020849757 
633 92 6 6 0.020846838 
320 125 7 8 0.020846354 
836 55 21 22 0.020842953 
269 106 5 6 0.020835724 
593 154 8 16 0.020828707 
981 331 20 29 0.020813566 
294 99 7 7 0.020806005 
658 105 8 9 0.02080347 
527 292 69 90 0.02079584 
50 110 21 22 0.020790294 
262 59 7 9 0.020780295 
706 299 74 97 0.020779146 
347 190 13 18 0.020767095 
628 428 27 24 0.020766424 
397 231 19 31 0.020761577 
996 247 22 35 0.02074861 
435 329 6 9 0.020732515 
727 151 12 13 0.020726044 
769 156 38 49 0.020724764 
184 161 20 28 0.020722061 
351 316 24 33 0.020721162 
896 54 6 6 0.020718565 
312 147 8 11 0.020714292 
671 78 8 8 0.020707617 
293 142 9 10 0.020707553 
550 119 9 13 0.020703832 
664 410 10 10 0.02069956 
305 146 22 28 0.02069689 
255 65 8 9 0.020696886 
180 208 19 28 0.020690352 
850 46 6 7 0.02068104 
298 338 11 14 0.02067864 
869 47 7 7 0.020676252 
274 130 7 10 0.020673206 
946 59 8 9 0.020664992 
948 42 5 7 0.020663386 
553 336 12 17 0.020661103 
551 263 20 34 0.02065382 
785 23 9 7 0.020646757 
267 46 9 8 0.020641722 
715 85 8 8 0.020640364 
612 327 9 13 0.020639831 
870 175 18 22 0.020634463 
993 431 25 28 0.0206281 
200 151 6 6 0.020624526 
569 304 20 27 0.02062157 
722 47 9 8 0.02062071 
732 116 12 13 0.020619333 
734 105 11 9 0.020608393 
611 319 18 25 0.02060823 
637 411 9 10 0.020601595 
448 251 18 32 0.020599792 
674 119 5 6 0.020593168 
374 499 16 26 0.020592296 
311 48 10 8 0.020589098 
999 407 25 25 0.020587094 
970 50 9 11 0.020586485 
345 294 10 14 0.020584585 
960 21 8 8 0.020572854 
517 78 9 9 0.020572256 
917 207 6 9 0.020564135 
825 54 6 7 0.020563811 
640 50 6 4 0.02054522 
1006 144 6 6 0.02054122 
633 8 9 8 0.020531379 
681 178 11 17 0.020528939 
367 242 20 32 0.020528672 
835 62 4 5 0.020526087 
722 99 7 7 0.020520432 
673 113 6 6 0.020518769 
516 158 9 13 0.020505983 
469 112 20 33 0.020503279 
639 21 9 7 0.020502828 
586 340 19 28 0.02049917 
442 158 17 24 0.020495953 
269 59 8 8 0.020492977 
486 404 8 13 0.020489942 
513 159 19 25 0.020459555 
985 14 7 10 0.020453637 
739 435 23 31 0.02044681 
562 443 8 10 0.020437557 
607 14 10 8 0.020421378 
876 147 16 24 0.020415965 
535 196 9 15 0.020407991 
273 122 6 10 0.020400196 
645 15 9 7 0.020394968 
959 14 8 8 0.020394832 
878 55 7 6 0.02039247 
723 67 7 8 0.020385206 
511 220 8 15 0.020382801 
749 482 7 7 0.020380441 
646 347 19 23 0.020370869 
882 171 9 11 0.020366555 
377 211 20 29 0.02036199 
486 396 8 13 0.02035647 
1020 150 6 8 0.020356106 
398 184 20 29 0.02035536 
364 118 21 22 0.020355009 
133 215 19 26 0.02035224 
988 36 4 5 0.020350149 
525 295 7 11 0.02033654 
892 11 22 20 0.02033431 
559 331 11 17 0.020331783 
644 418 8 9 0.020330748 
902 149 5 7 0.020321827 
806 162 8 10 0.020317944 
736 78 22 22 0.020311914 
722 72 8 9 0.020307027 
636 435 12 11 0.020298498 
874 28 8 8 0.020279344 
652 418 8 8 0.020272829 
729 105 8 9 0.020268803 
581 365 8 11 0.020266794 
603 47 25 24 0.020259865 
819 68 6 5 0.02025469 
241 178 10 15 0.02025092 
920 14 9 10 0.020250127 
788 50 5 4 0.020248286 
721 488 10 9 0.020244326 
612 15 10 8 0.020239433 
827 69 5 4 0.02023679 
588 396 7 11 0.02023386 
509 141 9 15 0.020232126 
882 55 7 7 0.020230647 
684 365 10 11 0.020226942 
840 149 6 8 0.020220272 
716 98 8 8 0.020217542 
634 353 7 9 0.020217093 
807 155 6 7 0.02020696 
190 142 20 24 0.02020155 
497 107 9 14 0.020198282 
363 170 11 17 0.0201957 
261 46 9 8 0.02019372 
248 53 8 7 0.020189624 
457 151 10 13 0.020187154 
369 100 21 22 0.020186126 
924 42 6 6 0.020167878 
361 98 73 81 0.02016657 
140 78 9 8 0.020165717 
273 163 11 13 0.020164851 
837 174 10 12 0.020161577 
646 372 7 10 0.020159896 
868 39 9 9 0.020152248 
921 240 22 28 0.02015156 
782 148 17 21 0.020146264 
696 59 7 8 0.020145912 
452 217 11 16 0.02014147 
885 135 3 3 0.020135937 
714 107 12 13 0.020128869 
395 131 19 26 0.020117205 
295 118 7 7 0.020115675 
947 43 20 25 0.020101424 
971 58 9 10 0.0200989 
841 413 4 6 0.020093508 
915 164 5 5 0.020082299 
695 360 7 11 0.0200819 
567 350 19 25 0.020079829 
281 77 8 10 0.020077163 
516 393 10 13 0.02006769 
519 130 4 7 0.020063944 
292 46 9 9 0.020053638 
549 126 9 13 0.020053597 
979 14 8 9 0.020039514 
793 -215 278 154 0.020036254 
144 52 11 10 0.020027762 
841 407 4 5 0.020021655 
911 139 5 4 0.020018613 
473 155 7 10 0.020017505 
624 412 21 24 0.020016413 
748 163 19 27 0.020001238 
