2_Demonstration_Protesters_2_56
105
238 394 55 66 0.99819213 
814 195 60 79 0.9981363 
392 399 65 89 0.9976381 
486 469 80 81 0.9975987 
745 436 75 92 0.9926307 
682 236 18 23 0.99168116 
880 276 67 86 0.9880918 
629 330 64 83 0.9851302 
71 402 44 63 0.89548767 
607 242 37 53 0.6371555 
293 554 49 53 0.6160089 
655 224 21 25 0.35573575 
698 221 14 15 0.3189009 
111 437 23 26 0.20300813 
848 158 30 32 0.18586244 
897 193 11 15 0.15872225 
338 361 30 31 0.15486264 
710 252 36 45 0.13184685 
277 365 29 38 0.12549166 
97 414 35 54 0.122233205 
626 208 13 15 0.12136546 
674 197 11 15 0.12049239 
669 158 11 17 0.11503209 
480 317 34 57 0.10936971 
355 383 29 34 0.101885244 
604 262 19 33 0.09370402 
656 241 20 26 0.080423996 
8 600 83 74 0.08031157 
723 403 35 53 0.07886985 
0 585 13 31 0.07784731 
675 212 12 16 0.071076944 
72 628 70 87 0.066324115 
654 255 20 29 0.06486885 
983 272 46 60 0.05981313 
571 593 26 37 0.0585675 
898 159 47 63 0.054565296 
26 529 19 24 0.05451791 
992 147 44 45 0.054389462 
193 347 20 26 0.053168148 
772 196 11 13 0.0520018 
278 96 31 28 0.045013424 
660 213 22 25 0.044633772 
860 371 22 41 0.04149853 
708 240 16 26 0.04054227 
638 260 19 27 0.036145672 
718 139 11 22 0.03493186 
1003 258 10 15 0.034404647 
616 251 12 21 0.034332298 
656 275 21 32 0.033876546 
859 152 64 79 0.033094645 
433 63 8 8 0.031897146 
825 333 11 18 0.031797115 
690 221 12 13 0.031791914 
498 60 10 13 0.031161878 
670 76 13 16 0.030535104 
394 297 33 27 0.030437239 
537 337 43 70 0.03023435 
686 225 19 21 0.02847413 
792 153 27 25 0.028006906 
988 248 18 27 0.027783884 
577 141 18 26 0.027468933 
986 304 29 39 0.027211023 
662 563 25 39 0.026953043 
629 214 14 17 0.026368633 
591 208 20 31 0.026277224 
862 572 29 34 0.026165003 
111 729 30 34 0.02609728 
261 564 46 49 0.026071751 
334 395 14 18 0.025704117 
875 22 10 9 0.025678467 
1004 221 24 28 0.02567846 
335 376 23 33 0.025531525 
471 503 19 33 0.025494052 
583 7 7 7 0.02540408 
742 551 17 27 0.02521801 
538 50 25 27 0.025142783 
450 44 5 8 0.024822589 
896 214 20 30 0.023921968 
210 355 28 23 0.023728494 
331 292 9 10 0.023331508 
880 31 10 11 0.023268081 
602 244 23 34 0.022893956 
669 209 13 15 0.022777496 
659 531 41 60 0.022776555 
151 296 10 14 0.022766594 
43 305 10 11 0.022763675 
598 229 11 15 0.022706248 
870 163 28 28 0.02248782 
956 227 77 97 0.022468325 
335 373 16 16 0.022151034 
406 636 30 26 0.022007773 
711 254 17 21 0.021987677 
440 369 39 52 0.021807581 
96 651 25 35 0.021698244 
674 224 14 17 0.02169036 
872 42 26 31 0.021654101 
842 165 48 56 0.02156524 
585 688 68 89 0.021547873 
1007 244 21 24 0.021442983 
887 188 19 26 0.021138769 
559 296 63 102 0.021128787 
221 367 29 25 0.021017956 
894 164 29 30 0.020906704 
986 240 14 14 0.020582037 
886 190 40 60 0.020106178 
