2_Demonstration_Demonstrators_2_231
36
925 422 44 59 0.9995586 
39 459 56 71 0.9992392 
224 453 52 74 0.9984554 
496 410 110 180 0.99751556 
260 469 43 61 0.9877743 
980 418 16 21 0.97189695 
131 464 23 26 0.8966558 
96 468 14 18 0.39678487 
1013 432 13 20 0.37511176 
745 227 10 14 0.10991797 
904 437 13 18 0.09267294 
746 257 10 10 0.08104478 
92 457 36 47 0.06143655 
114 466 11 16 0.05400157 
666 438 8 10 0.04399005 
-7 127 73 142 0.043283243 
1009 420 10 14 0.040935412 
346 462 93 214 0.03835685 
206 474 24 30 0.037605185 
17 830 28 31 0.03557231 
895 448 8 12 0.035152487 
872 324 12 12 0.031529598 
1013 422 12 18 0.030573802 
821 288 13 13 0.028672917 
550 213 52 71 0.028009137 
-1 656 30 62 0.027448969 
104 466 12 17 0.024682045 
782 236 18 26 0.024205346 
162 466 19 27 0.023859484 
-1 534 14 42 0.023662549 
730 727 82 142 0.02244987 
113 463 23 29 0.021311406 
885 451 33 57 0.021267883 
0 638 10 17 0.020948488 
784 472 8 11 0.020880366 
744 477 5 7 0.020076685 
