2_Demonstration_Political_Rally_2_365
178
730 134 242 305 0.9990256 
459 290 75 108 0.9988825 
362 395 11 15 0.97271585 
386 400 14 20 0.97108793 
324 416 12 16 0.9042236 
405 395 12 15 0.8504523 
294 599 43 55 0.8374718 
353 409 11 15 0.59620583 
374 380 8 11 0.4763151 
213 338 84 85 0.3818617 
345 398 10 10 0.2735423 
334 351 7 11 0.26972193 
372 429 8 13 0.22447771 
379 360 7 10 0.20646447 
426 367 9 12 0.18327446 
538 352 11 12 0.16979887 
333 368 5 7 0.16440561 
311 439 12 16 0.15781245 
345 418 10 13 0.13239467 
145 168 25 28 0.13217203 
342 362 5 7 0.13213265 
311 385 9 10 0.13085184 
206 170 13 19 0.1211335 
416 374 6 7 0.11881931 
352 373 7 7 0.11683815 
337 349 6 9 0.100699626 
365 369 6 7 0.087354146 
339 343 5 6 0.085090205 
349 421 11 12 0.07556159 
365 349 6 8 0.07157027 
371 349 5 7 0.07019469 
435 356 6 7 0.06532852 
444 332 19 30 0.06513896 
26 378 44 65 0.06486272 
381 159 10 18 0.06278562 
356 381 8 10 0.062179156 
393 355 6 8 0.06095309 
417 370 5 7 0.06057659 
326 397 7 9 0.060503174 
356 373 7 8 0.058314014 
346 369 6 8 0.058122914 
305 424 7 8 0.056360554 
307 413 7 8 0.055756964 
441 355 5 7 0.05519956 
814 317 185 264 0.054688923 
-24 365 164 248 0.05411822 
336 379 8 9 0.053124934 
420 372 8 10 0.052666694 
306 419 6 8 0.050676774 
464 187 9 17 0.047840934 
405 335 7 7 0.04777665 
353 449 8 11 0.047328595 
540 212 10 16 0.04664688 
313 403 8 10 0.045621578 
333 398 6 8 0.04543509 
397 365 7 9 0.04487649 
428 361 9 10 0.044479884 
355 399 15 21 0.04433371 
435 351 5 5 0.043493364 
447 346 11 13 0.042623535 
338 375 7 8 0.041378204 
347 349 6 7 0.040922053 
357 430 8 10 0.040613845 
355 150 14 13 0.04053042 
396 356 6 7 0.039737046 
417 360 4 7 0.038764767 
373 329 6 9 0.038212966 
359 370 5 6 0.038125154 
352 363 5 5 0.035957232 
3 370 84 141 0.03585219 
423 363 5 8 0.035753906 
418 366 17 22 0.035632726 
410 361 6 7 0.03555856 
429 386 9 10 0.03459418 
358 441 9 15 0.034519672 
340 368 5 7 0.03423453 
391 361 7 10 0.033734526 
333 371 7 10 0.033068217 
432 372 9 10 0.03297109 
395 336 5 7 0.032952335 
305 372 7 10 0.032806855 
352 342 8 9 0.03277727 
301 176 28 28 0.031003058 
445 211 7 11 0.030957446 
443 349 6 8 0.030954989 
316 420 19 24 0.030744122 
345 409 10 15 0.030632103 
309 368 5 7 0.030504154 
320 392 6 9 0.030407859 
188 346 64 59 0.030027067 
336 429 10 13 0.03000574 
345 398 15 22 0.029751595 
658 205 83 95 0.029585417 
361 168 12 19 0.029570565 
370 355 6 7 0.029510185 
-21 472 424 506 0.028899157 
353 429 8 10 0.028825618 
372 375 8 9 0.028787905 
386 335 7 8 0.028240178 
432 356 5 7 0.02811506 
411 396 11 13 0.02806892 
347 357 4 6 0.028031573 
382 357 6 8 0.028023655 
410 329 7 7 0.028017895 
390 335 6 8 0.027961243 
251 340 32 43 0.027794747 
416 356 4 7 0.027792621 
394 392 9 13 0.027685363 
493 200 7 11 0.027577186 
334 344 4 6 0.027179595 
339 395 7 8 0.026937142 
355 425 9 10 0.026916992 
1017 186 7 12 0.026743764 
303 414 5 7 0.026645249 
446 189 7 11 0.026638519 
327 389 5 6 0.026430665 
317 388 7 8 0.026212981 
15 162 83 113 0.026058871 
425 337 5 6 0.025978662 
335 363 4 7 0.025819294 
424 351 4 5 0.02573643 
378 343 5 8 0.025658628 
425 356 17 21 0.025588281 
354 336 6 7 0.02553627 
336 417 8 12 0.025502013 
301 362 6 9 0.02549912 
424 356 4 6 0.025489992 
409 366 7 8 0.02545825 
402 367 6 7 0.025258847 
415 337 6 5 0.025249198 
366 363 5 6 0.025240684 
307 364 5 7 0.02498431 
365 418 8 9 0.024968784 
391 350 6 7 0.0249123 
424 344 4 4 0.02485928 
313 375 5 7 0.024825117 
319 400 7 9 0.024746854 
412 356 5 7 0.024607606 
457 182 18 31 0.024073305 
404 343 6 7 0.024041265 
363 431 8 10 0.023932066 
454 211 6 9 0.02390093 
456 188 6 9 0.023890335 
219 315 61 64 0.023841925 
426 404 13 17 0.023694567 
785 100 166 143 0.023650454 
396 342 5 8 0.023614274 
436 342 5 6 0.02325559 
331 434 9 13 0.023219956 
403 355 6 7 0.023117315 
444 224 10 16 0.022983195 
236 572 101 92 0.022859268 
386 331 6 7 0.022773977 
322 237 7 10 0.022753058 
307 162 30 27 0.022582348 
165 286 108 114 0.02257182 
378 348 5 7 0.02249003 
417 344 5 5 0.02231184 
339 339 5 5 0.02227235 
340 406 6 10 0.021842172 
313 369 4 6 0.021804065 
357 347 8 10 0.021633057 
360 336 5 7 0.021581449 
293 402 8 10 0.021537691 
382 364 7 10 0.021291116 
441 360 6 9 0.02125107 
420 392 10 11 0.021125922 
459 187 9 14 0.021067403 
375 335 7 8 0.021065397 
472 225 8 15 0.02096662 
162 146 23 26 0.020885512 
415 330 6 6 0.020765835 
359 363 5 5 0.020747127 
366 354 5 6 0.020475851 
386 348 6 7 0.020164918 
335 338 3 5 0.020050162 
409 196 8 13 0.020028515 
436 334 7 9 0.020006344 
