2_Demonstration_Demonstrators_2_689
50
126 308 38 63 0.99844235 
351 320 69 82 0.9858208 
150 236 13 21 0.96414155 
185 258 31 58 0.9372699 
257 228 18 24 0.92680794 
3 247 17 25 0.9025316 
218 212 15 20 0.81438315 
295 247 35 48 0.45710716 
52 257 14 21 0.3894774 
925 231 34 67 0.35885718 
175 231 15 20 0.3418356 
349 195 19 25 0.31599262 
317 213 22 24 0.30374712 
936 211 30 62 0.23049031 
87 236 14 20 0.19695136 
317 242 39 51 0.14956903 
508 569 56 53 0.1086256 
40 240 11 14 0.077848375 
874 213 36 61 0.055473603 
39 204 14 19 0.054201026 
894 237 49 65 0.043224975 
423 427 25 37 0.042939615 
69 220 9 13 0.042460937 
323 222 24 30 0.035994273 
72 231 11 18 0.035383426 
44 246 28 44 0.033438735 
20 374 50 61 0.031943575 
829 122 21 29 0.031068126 
218 224 12 20 0.030742854 
310 227 28 36 0.029414885 
99 241 11 20 0.02879545 
944 246 13 30 0.02872363 
462 351 21 48 0.028282342 
335 195 38 47 0.027590053 
946 217 13 24 0.02745844 
292 236 23 38 0.025418654 
90 214 6 9 0.024854502 
80 236 13 19 0.024644095 
341 231 12 17 0.024332205 
94 246 13 22 0.023431318 
31 239 11 14 0.02269469 
45 213 12 18 0.02257283 
89 219 9 12 0.022572132 
314 206 17 20 0.022403197 
343 200 15 19 0.022164533 
79 268 21 31 0.021938642 
332 234 25 34 0.021494944 
342 221 12 18 0.02117707 
229 210 14 22 0.020815331 
212 205 12 17 0.020801516 
