2_Demonstration_Protesters_2_293
139
222 521 84 110 0.99955994 
291 432 52 74 0.99922013 
458 433 48 80 0.99892575 
165 374 37 56 0.9988715 
91 340 38 73 0.99848914 
864 453 72 95 0.9981298 
478 365 40 52 0.9966086 
544 457 67 98 0.9961116 
796 449 58 82 0.9932059 
833 590 71 112 0.9912218 
565 407 50 76 0.98148775 
356 365 31 47 0.98022044 
413 462 39 92 0.9569659 
737 521 39 85 0.9364928 
407 333 34 49 0.9324791 
255 459 34 55 0.86759967 
607 385 32 52 0.85937 
675 358 28 41 0.6941412 
57 307 28 33 0.6624382 
46 330 29 42 0.6311103 
297 350 19 21 0.41741315 
-1 430 29 79 0.3930312 
-3 375 27 56 0.39184812 
839 414 42 38 0.3495225 
430 442 44 93 0.31256142 
839 402 24 30 0.23340774 
222 331 10 12 0.1751934 
117 271 17 26 0.11752722 
70 330 38 64 0.1101561 
250 416 34 44 0.10524816 
675 454 49 63 0.09215744 
865 402 31 33 0.08959912 
351 292 24 30 0.08920326 
678 298 14 15 0.08531233 
782 327 7 10 0.08461778 
756 343 18 28 0.08290352 
724 424 35 50 0.080781415 
805 341 10 17 0.07896392 
433 329 23 31 0.07542368 
742 421 47 61 0.07448842 
585 330 15 20 0.07181618 
177 331 40 55 0.06856815 
343 313 23 25 0.06759638 
380 382 24 34 0.059180874 
36 372 29 50 0.058770347 
835 351 6 10 0.057989936 
19 484 35 54 0.057339855 
551 361 29 37 0.056156274 
274 329 10 13 0.054853637 
1012 426 20 36 0.053945664 
785 333 8 10 0.05344675 
162 286 22 24 0.051516585 
31 372 19 32 0.04903273 
3 145 21 32 0.04836859 
764 338 9 14 0.047350746 
861 335 12 20 0.045525663 
399 340 25 31 0.045226816 
216 328 18 25 0.04469907 
312 344 21 24 0.04462174 
236 435 44 53 0.044048116 
643 376 20 26 0.042751253 
11 374 29 52 0.042729005 
877 324 9 16 0.04198159 
857 343 8 12 0.04186059 
32 251 11 18 0.040549595 
288 347 33 45 0.04037881 
135 371 23 37 0.03942072 
384 508 40 62 0.03906791 
787 337 9 12 0.038787447 
825 414 75 75 0.03817352 
904 418 7 9 0.03725379 
748 409 80 102 0.03708566 
101 289 22 27 0.036542643 
661 448 36 56 0.036381494 
628 343 20 24 0.036058873 
744 381 25 36 0.03593098 
703 439 45 60 0.034824677 
260 422 13 13 0.03468296 
844 334 9 11 0.034336485 
-1 356 19 39 0.03366499 
40 344 22 38 0.03365808 
342 487 65 91 0.032922428 
711 537 47 67 0.032248575 
488 11 42 59 0.031990718 
418 348 33 60 0.03175146 
648 309 23 24 0.030246489 
824 346 6 10 0.029005177 
888 350 12 19 0.02810383 
825 407 24 31 0.027834225 
839 338 7 11 0.027009819 
202 338 22 40 0.026852522 
684 365 35 51 0.026789837 
647 358 40 56 0.026718717 
746 539 72 96 0.026201043 
865 324 11 17 0.026028728 
779 332 20 23 0.02566844 
759 284 19 29 0.025590645 
268 422 37 50 0.02546632 
204 235 7 9 0.025079517 
119 0 19 19 0.024511468 
-3 -106 36 97 0.024384242 
675 466 80 105 0.02418416 
872 377 26 30 0.02403295 
2 301 20 28 0.0239225 
532 97 29 54 0.023821685 
806 343 18 28 0.023803107 
297 275 6 8 0.023272395 
795 329 22 30 0.023058357 
59 320 15 18 0.023040647 
741 338 36 53 0.022805197 
424 347 13 18 0.022624597 
697 263 10 19 0.022520639 
287 385 23 33 0.022501146 
572 348 25 30 0.022386651 
232 251 6 8 0.022371847 
772 326 40 58 0.022144297 
457 369 35 53 0.021946903 
850 339 8 11 0.021748723 
49 667 25 34 0.02153369 
391 264 8 10 0.021488832 
768 331 18 26 0.02116104 
798 605 50 72 0.0210143 
279 349 17 30 0.020997649 
778 323 17 21 0.02094295 
830 354 10 14 0.020913273 
825 355 20 26 0.020843005 
624 368 34 56 0.020789763 
434 376 19 38 0.020734848 
113 275 13 16 0.020714594 
789 378 79 99 0.020534454 
397 350 10 13 0.020515917 
650 287 19 22 0.020405952 
65 580 14 17 0.020333273 
708 330 36 54 0.020311857 
541 372 23 27 0.020263601 
46 305 53 75 0.020242993 
559 325 41 48 0.020091923 
818 347 18 26 0.020028196 
58 620 22 29 0.020019313 
