2_Demonstration_Demonstration_Or_Protest_2_32
307
731 1102 57 71 0.99974996 
525 1148 60 91 0.9995049 
458 1062 46 67 0.99886274 
170 1083 52 75 0.9981242 
630 1063 25 39 0.995832 
313 1091 55 91 0.9944153 
519 1060 27 37 0.9936138 
337 1032 29 36 0.9903807 
428 1030 31 48 0.9823768 
242 1235 80 115 0.97809625 
49 1042 44 56 0.96939945 
894 1021 26 29 0.95775914 
529 1110 31 54 0.9400649 
-7 1253 68 113 0.90006155 
703 1099 33 58 0.8943223 
367 1032 24 32 0.84607476 
866 1105 30 38 0.83400655 
937 1080 18 24 0.7654622 
288 1076 39 59 0.7334495 
272 1056 38 56 0.7098204 
552 1021 11 14 0.44831496 
834 1100 16 30 0.44532317 
578 1076 21 33 0.4303324 
775 1061 18 21 0.3957233 
295 1032 25 31 0.38614452 
691 1040 15 18 0.32697323 
989 1045 27 32 0.28137144 
365 1249 47 74 0.27836606 
32 198 36 49 0.2534955 
970 997 21 34 0.2530965 
406 1030 17 29 0.21360025 
980 1059 17 23 0.18431458 
549 1062 15 24 0.18333274 
911 1147 27 43 0.17372547 
956 1143 18 18 0.17313756 
26 332 130 213 0.16573222 
751 1074 20 21 0.15660125 
629 1032 15 20 0.1527757 
258 1137 32 48 0.15114087 
493 1020 11 15 0.13992909 
617 1037 9 14 0.10940776 
577 1028 11 15 0.108151555 
860 1033 15 20 0.10572356 
328 929 25 30 0.098207444 
1013 990 12 19 0.09759716 
603 1018 9 14 0.09674016 
846 1060 9 14 0.09601849 
636 1040 15 17 0.09265478 
623 1035 11 17 0.09053635 
969 1113 25 33 0.07910288 
724 1057 17 18 0.076629944 
587 1039 14 18 0.071321346 
497 694 50 87 0.071255095 
975 990 14 22 0.068671085 
568 1042 10 15 0.06690316 
543 1044 21 33 0.06579702 
682 1040 12 15 0.06203314 
1007 1100 16 26 0.061315294 
254 1033 16 16 0.057630792 
175 1041 48 68 0.054168914 
16 143 22 32 0.053835995 
743 1044 10 13 0.053015783 
346 895 19 20 0.052288484 
810 1063 11 14 0.051846147 
972 1040 29 34 0.051699538 
559 1059 13 23 0.051299673 
501 996 4 7 0.05072918 
532 1029 13 15 0.048969224 
734 927 6 11 0.048246447 
663 1049 11 14 0.04813994 
927 1032 17 20 0.04718547 
477 566 8 13 0.04641824 
608 1038 8 11 0.046364628 
972 1172 11 20 0.04628342 
130 243 25 39 0.045726933 
616 1032 8 12 0.04566836 
572 1035 10 15 0.045508847 
173 1157 24 41 0.045249425 
645 1043 12 14 0.044899322 
823 1055 9 12 0.044800807 
888 977 14 22 0.04469737 
242 1061 12 16 0.044520836 
360 849 15 20 0.0437841 
604 1118 22 37 0.04334617 
122 1179 25 29 0.04318156 
569 1050 12 19 0.042849626 
824 1082 37 55 0.042409115 
762 1037 6 9 0.042220686 
537 1013 7 9 0.041767675 
286 1032 19 22 0.0417018 
605 1044 11 17 0.041669253 
658 1047 11 14 0.041546546 
888 969 12 16 0.041220475 
869 1032 12 16 0.0410965 
382 850 9 11 0.040918026 
687 1028 15 16 0.040558532 
825 1059 11 14 0.040190477 
821 1046 9 11 0.04010579 
388 1050 22 37 0.039730866 
570 1078 15 25 0.039423574 
840 1029 8 10 0.039311662 
752 1037 10 13 0.03914458 
507 989 4 7 0.03884271 
734 1047 12 14 0.03878939 
740 1049 12 18 0.0387291 
769 1060 15 16 0.038538255 
579 1039 13 20 0.03779683 
799 1040 6 8 0.037185326 
497 1014 7 9 0.03717401 
599 1024 10 14 0.0371041 
842 1058 9 14 0.036925092 
721 1090 34 49 0.036473434 
504 993 7 10 0.036376763 
959 1047 26 32 0.035912775 
505 1005 8 10 0.035665937 
779 1041 7 8 0.03539832 
750 1044 10 13 0.034984604 
613 1088 15 23 0.034922183 
535 1018 10 11 0.034837246 
681 1023 13 18 0.034743268 
928 1109 14 24 0.034585994 
948 986 11 13 0.034481637 
882 968 10 12 0.03438755 
760 1046 9 10 0.034355637 
96 240 37 40 0.034169614 
4 1004 50 73 0.033741724 
820 1037 8 10 0.033696093 
838 1169 29 45 0.03296917 
308 823 7 13 0.03288865 
668 1065 19 26 0.032844 
762 1032 7 7 0.032796443 
770 1030 6 7 0.032698143 
732 933 9 12 0.032659188 
564 1029 8 10 0.032495867 
629 1044 25 30 0.032185934 
846 1091 38 51 0.032173246 
616 1011 7 10 0.031922486 
585 1006 4 6 0.031887375 
510 632 55 69 0.031595852 
829 1028 7 9 0.03141304 
689 1053 16 23 0.031379804 
549 1031 14 18 0.031320058 
45 635 62 90 0.031247929 
499 1007 5 8 0.031025667 
731 929 5 9 0.030993998 
692 867 7 11 0.030608738 
615 1001 7 10 0.030583791 
959 1151 19 24 0.030581627 
678 1037 9 12 0.030549636 
598 1048 12 20 0.030473964 
767 1054 12 12 0.030399133 
587 1029 9 12 0.03038627 
732 1026 10 13 0.030270427 
488 1018 22 29 0.03024832 
780 942 9 16 0.030131778 
744 1029 7 9 0.029907785 
770 1039 6 8 0.029747395 
490 987 5 7 0.029601697 
501 990 3 5 0.029526778 
577 1049 13 18 0.029432276 
585 1122 25 40 0.02935592 
841 1036 8 10 0.029264558 
761 1053 11 13 0.029212622 
847 1039 7 9 0.029104145 
829 1048 9 10 0.029102901 
276 1123 44 68 0.029082336 
451 1158 36 51 0.02883548 
614 1123 26 39 0.02851893 
841 1198 37 64 0.028401537 
-4 268 112 196 0.028352987 
610 1034 22 29 0.028290614 
788 981 7 9 0.028165195 
557 1016 7 8 0.028148077 
547 1013 7 8 0.028128028 
455 986 5 8 0.02805797 
810 1055 9 12 0.028035041 
825 1014 4 5 0.02789946 
754 1026 10 12 0.027843919 
626 1156 22 24 0.027799223 
939 1045 26 32 0.027715934 
889 1025 14 18 0.027683392 
571 1058 26 36 0.027616085 
718 1174 30 60 0.027555125 
798 1043 9 12 0.027518988 
965 1002 14 21 0.027440788 
847 1045 7 10 0.027266713 
825 1007 3 6 0.027234051 
530 1049 25 36 0.027207881 
1009 1077 13 17 0.027116563 
727 1040 26 30 0.026858872 
584 1014 4 6 0.026807701 
769 1045 8 10 0.02660262 
853 1061 9 16 0.026511975 
676 1044 9 13 0.026408171 
835 998 5 6 0.026222212 
735 941 9 14 0.026128039 
607 1016 7 9 0.026021367 
642 668 38 45 0.02600391 
719 1037 8 10 0.025968833 
592 1015 5 6 0.025885487 
196 1031 28 39 0.025869284 
577 997 3 5 0.025737938 
354 1038 28 41 0.025684329 
986 317 135 169 0.025590017 
548 1005 5 7 0.025484907 
613 1020 8 11 0.025457658 
580 1024 8 10 0.025355011 
789 1038 6 8 0.025147015 
644 707 5 7 0.025013728 
947 1054 12 15 0.024975449 
567 1007 4 5 0.024886321 
533 1013 6 9 0.024736686 
805 1040 7 9 0.024608282 
803 961 9 12 0.024428705 
549 790 4 7 0.02424771 
1009 1010 13 18 0.024233531 
781 1032 6 8 0.024181977 
542 1005 4 7 0.024101453 
804 955 7 9 0.024045313 
649 739 9 10 0.023967495 
654 831 7 10 0.023964517 
803 1053 10 13 0.023898844 
681 1010 10 18 0.023843538 
1 148 28 41 0.023777274 
708 1085 30 38 0.023763882 
439 689 15 16 0.023669347 
666 975 11 21 0.023658833 
626 1022 7 10 0.023486827 
803 1044 9 11 0.023447134 
107 255 56 81 0.023446234 
253 1066 44 72 0.023411842 
817 1064 14 19 0.023369003 
490 1020 8 12 0.023302633 
489 1014 6 7 0.023273198 
342 852 15 17 0.02312584 
568 1027 21 29 0.023082538 
813 1013 5 7 0.0229588 
411 959 8 14 0.022958143 
844 1029 8 9 0.022955393 
563 1021 7 10 0.02284987 
976 1097 26 37 0.022797229 
750 1014 14 15 0.022761436 
781 982 5 7 0.02268555 
780 1054 15 17 0.02267247 
882 974 12 15 0.022577886 
788 996 7 8 0.022547688 
823 1030 7 8 0.022495136 
598 1078 27 35 0.022325326 
109 1024 47 77 0.022235913 
842 914 26 32 0.022222765 
585 1000 3 5 0.022196535 
557 1035 21 30 0.022118893 
811 1044 8 12 0.02191736 
472 962 7 11 0.021912692 
795 958 10 15 0.021907926 
852 923 11 13 0.021903558 
809 1013 5 7 0.021705786 
68 454 89 163 0.021666918 
727 1046 11 12 0.021632792 
372 581 12 14 0.021620536 
852 931 12 15 0.021605562 
696 948 11 14 0.02157123 
645 1049 15 20 0.02154175 
823 1023 6 7 0.021524224 
650 971 10 17 0.021441447 
613 1004 5 7 0.021355355 
830 1037 8 9 0.021331323 
427 1011 11 18 0.021310491 
542 999 3 5 0.021262826 
576 1007 4 5 0.021187449 
786 1046 8 10 0.021153789 
965 990 12 17 0.02112654 
343 934 13 15 0.02107509 
798 1033 5 7 0.021052072 
840 1045 8 10 0.02099066 
645 711 6 8 0.020944176 
619 1046 15 23 0.020927895 
624 730 6 10 0.020880984 
812 954 8 9 0.020859981 
997 1097 16 26 0.020817757 
592 1006 4 6 0.020801272 
929 1074 15 24 0.02075427 
592 1022 5 8 0.020711068 
857 1040 10 16 0.020670606 
-184 18 114 248 0.02064065 
781 995 7 10 0.020637011 
922 976 14 21 0.020589681 
837 1068 11 16 0.02057643 
780 936 7 11 0.020557292 
501 1026 9 13 0.020542933 
722 935 6 10 0.020523138 
848 942 26 38 0.020457823 
446 987 6 8 0.020455375 
958 1052 13 16 0.020432446 
129 1275 54 62 0.020387173 
131 611 14 25 0.020336911 
735 1022 7 10 0.020329583 
320 546 15 14 0.020305738 
31 1074 18 19 0.020296596 
954 675 33 35 0.020278143 
789 1034 6 6 0.020243568 
841 988 6 9 0.020203173 
816 1007 4 5 0.020178193 
706 1036 46 60 0.020110456 
709 1036 9 13 0.02009749 
513 1011 7 10 0.020030648 
678 1024 43 59 0.020024255 
