2_Demonstration_Protesters_2_65
68
731 218 75 98 0.99909496 
934 316 42 66 0.99898094 
557 250 63 85 0.9923976 
126 297 30 39 0.9654281 
320 294 31 43 0.9271935 
165 273 39 51 0.7742595 
271 273 36 45 0.77325124 
99 325 23 31 0.65824103 
277 317 39 41 0.38532662 
60 306 31 39 0.15781657 
992 282 31 30 0.11526034 
953 346 43 63 0.08385968 
932 251 35 34 0.08268217 
293 301 45 48 0.06372424 
82 266 43 51 0.055428606 
160 259 29 36 0.054111216 
440 298 49 43 0.047684636 
207 238 38 43 0.04723729 
230 268 25 35 0.046763174 
742 528 89 104 0.046762597 
886 372 41 49 0.04157856 
152 457 121 139 0.041568793 
375 307 28 33 0.04121627 
0 293 18 38 0.038083643 
148 262 24 31 0.03776538 
251 263 24 33 0.03761787 
923 312 24 36 0.036624435 
434 325 30 40 0.035955574 
164 331 19 28 0.03541648 
309 367 52 62 0.03385851 
457 412 39 47 0.033320848 
479 269 28 28 0.032318465 
54 23 27 30 0.031079743 
168 378 83 95 0.0305645 
407 338 25 31 0.030348336 
465 276 33 32 0.029130246 
78 318 28 35 0.028665168 
288 61 33 53 0.027988639 
198 406 25 32 0.027984055 
304 325 74 83 0.027895398 
942 415 48 52 0.02785754 
202 607 26 36 0.027777886 
679 262 49 55 0.02721987 
145 352 38 49 0.026662996 
892 544 23 25 0.0259493 
444 254 26 26 0.02588406 
125 257 65 82 0.025559917 
155 278 23 38 0.02550802 
196 284 22 32 0.02493846 
896 316 26 34 0.02472549 
507 453 32 37 0.024539152 
460 407 25 28 0.023953767 
286 293 28 35 0.023828303 
460 490 55 62 0.023800284 
294 490 19 24 0.023510737 
919 371 20 27 0.022733504 
150 591 33 36 0.022309082 
905 266 30 38 0.022179639 
426 313 29 36 0.021923855 
314 281 25 39 0.021398745 
893 285 30 37 0.021130484 
882 300 26 36 0.021106483 
891 337 44 59 0.020781694 
419 329 28 37 0.020606024 
380 296 22 26 0.020426588 
539 289 23 30 0.020406514 
28 317 19 27 0.020072527 
34 307 41 48 0.02000353 
