2_Demonstration_Demonstration_Or_Protest_2_395
734
876 336 52 80 0.9910567 
800 475 113 132 0.9859941 
973 253 80 124 0.45529673 
913 177 28 40 0.34921145 
971 270 28 35 0.27985194 
66 5 68 102 0.23081025 
706 514 427 336 0.19436422 
840 327 18 27 0.17889123 
565 223 19 25 0.13609442 
519 362 96 100 0.11620372 
739 318 84 92 0.11159653 
19 -5 154 169 0.10791077 
972 252 27 29 0.10410182 
359 612 96 92 0.10098286 
830 309 43 51 0.08936803 
6 3 38 70 0.08825237 
35 3 47 68 0.087196596 
706 255 165 182 0.08175259 
683 474 53 68 0.08113866 
379 82 167 222 0.08058839 
803 432 240 208 0.080142945 
708 521 39 48 0.07869318 
944 249 12 13 0.07820503 
915 279 24 28 0.07546825 
45 564 112 102 0.07417094 
997 251 19 29 0.0739283 
630 345 89 127 0.07051571 
784 286 81 106 0.06870247 
880 291 81 104 0.067939095 
894 264 155 182 0.067521304 
721 246 87 92 0.067270674 
747 614 19 32 0.06573093 
191 196 10 17 0.065367654 
805 266 47 54 0.06523823 
103 11 22 36 0.06432511 
293 92 170 175 0.06399559 
825 374 36 52 0.06262237 
836 331 11 14 0.062043346 
310 150 84 100 0.059630305 
287 438 43 54 0.057366695 
604 193 324 327 0.056995872 
911 399 105 85 0.056184277 
115 16 48 61 0.05557685 
951 278 45 69 0.053919062 
277 106 14 17 0.05373388 
915 299 23 30 0.05313226 
958 255 24 30 0.052479323 
768 266 25 31 0.051881224 
78 1 26 34 0.051748373 
338 88 11 18 0.050768286 
3 -66 408 369 0.050290003 
950 276 21 30 0.049950544 
692 529 23 39 0.049938224 
283 350 80 102 0.049287286 
918 279 42 52 0.049271245 
167 207 24 31 0.04884135 
899 262 12 15 0.048255086 
314 530 185 165 0.048250623 
1006 255 12 16 0.04799417 
235 1 10 12 0.047951024 
143 91 24 28 0.047904514 
905 280 12 16 0.045376554 
162 378 347 326 0.045348864 
539 328 86 78 0.045188732 
350 7 386 381 0.0451189 
229 259 54 52 0.045114286 
949 234 67 84 0.044897873 
139 159 81 97 0.044686794 
938 251 12 12 0.04436754 
860 233 10 16 0.04430928 
228 354 67 119 0.04410893 
750 341 30 31 0.043450557 
694 482 81 93 0.043145377 
-15 -154 105 154 0.0431204 
828 275 26 29 0.042658962 
861 184 20 23 0.042079214 
333 573 88 95 0.041826434 
152 62 25 25 0.04169 
696 320 90 121 0.04167261 
602 401 86 99 0.041570105 
154 345 169 193 0.041479748 
411 120 24 39 0.041330516 
60 617 54 57 0.040973425 
967 373 27 35 0.04026381 
106 35 100 88 0.04025476 
81 41 9 10 0.039642125 
912 282 12 14 0.039458655 
821 325 73 96 0.03928968 
703 567 79 112 0.039190426 
79 35 203 186 0.03904381 
751 150 24 25 0.03900656 
123 24 22 37 0.038883433 
954 266 14 19 0.03859949 
283 120 26 31 0.03850969 
803 288 24 39 0.038482822 
190 41 9 9 0.038317792 
422 40 11 14 0.038269788 
249 239 53 50 0.038176753 
898 238 12 15 0.038075466 
985 258 14 16 0.03781962 
942 236 22 25 0.037612163 
672 386 40 78 0.03757904 
833 338 22 33 0.037300013 
41 15 25 35 0.037284855 
635 437 43 52 0.037276324 
778 255 48 64 0.037210926 
330 71 9 12 0.037027918 
890 244 19 26 0.03695854 
843 276 21 24 0.036940906 
994 602 43 43 0.03686045 
209 20 20 27 0.036761884 
920 309 12 17 0.036757056 
774 243 20 32 0.036743198 
926 169 23 24 0.03667127 
78 528 111 97 0.036536027 
215 13 23 25 0.036252394 
119 18 10 20 0.03610916 
724 544 27 32 0.03595769 
959 241 25 28 0.03588447 
104 31 25 37 0.035819627 
369 479 10 20 0.035620127 
641 567 22 32 0.035520736 
563 314 24 32 0.035482317 
969 290 24 32 0.03534824 
908 291 19 31 0.03534361 
455 316 179 213 0.035333235 
996 267 23 32 0.035124432 
610 138 38 63 0.035071284 
84 24 24 31 0.034828674 
706 484 28 34 0.034769185 
138 40 47 52 0.0347281 
933 257 11 13 0.034707777 
153 59 90 83 0.034702636 
639 444 27 25 0.034640934 
764 230 23 39 0.034624197 
177 35 25 23 0.034498986 
723 594 42 63 0.03447152 
475 124 41 47 0.034363016 
797 244 13 21 0.03428553 
338 56 7 10 0.03426882 
-8 -7 67 133 0.034229077 
194 20 11 14 0.034170903 
161 15 23 28 0.03400635 
981 292 25 36 0.033881586 
211 -3 23 20 0.033844247 
184 51 8 8 0.033733867 
785 356 25 38 0.0337228 
540 207 43 54 0.033556804 
994 272 13 19 0.033543505 
917 256 12 15 0.033506013 
264 105 10 13 0.03348282 
-1 18 22 46 0.03334317 
154 29 24 28 0.03333959 
489 510 23 23 0.03324959 
507 567 94 89 0.03306146 
899 232 10 13 0.032956988 
106 537 58 55 0.03295642 
880 305 20 31 0.032954462 
389 662 30 35 0.03292728 
604 68 41 53 0.03273121 
1000 266 12 18 0.03271175 
317 198 99 126 0.032680847 
899 275 13 17 0.03267921 
247 504 373 330 0.03266692 
125 39 11 21 0.032644514 
171 88 95 105 0.03253203 
897 297 22 30 0.032472387 
326 87 17 23 0.03237923 
301 107 14 17 0.03236725 
133 100 25 29 0.032342244 
205 80 27 28 0.032320578 
197 49 11 11 0.032190207 
175 50 11 9 0.032181744 
894 246 10 13 0.032128386 
573 235 14 16 0.032124344 
304 311 92 97 0.032110367 
952 47 23 26 0.032083467 
370 62 91 99 0.032046907 
221 0 11 10 0.032045018 
178 194 21 33 0.031843856 
258 103 11 13 0.03180281 
390 63 30 28 0.031732596 
20 27 21 38 0.03153817 
355 46 25 28 0.0315292 
-34 244 345 472 0.03142881 
418 195 99 122 0.031274095 
223 21 9 11 0.03111832 
181 19 22 24 0.031029636 
784 258 25 37 0.031007979 
911 233 10 13 0.030956808 
260 12 10 14 0.03064024 
905 316 25 33 0.030623212 
152 11 50 56 0.03060616 
319 378 28 35 0.030596389 
738 603 20 36 0.030532103 
567 551 42 54 0.030227333 
155 187 32 36 0.030162401 
934 188 31 33 0.03013035 
536 237 13 19 0.030129237 
779 272 10 12 0.030067772 
907 274 9 12 0.03002723 
395 -6 23 19 0.029944882 
734 515 24 33 0.029895613 
753 318 25 30 0.029887175 
851 279 23 30 0.0298784 
391 93 9 13 0.029745819 
598 406 343 372 0.029641185 
387 34 10 12 0.029617043 
786 285 8 12 0.029547034 
139 697 8 8 0.029517073 
757 302 26 28 0.029464405 
285 43 9 10 0.029312057 
107 178 225 203 0.029248925 
811 258 93 98 0.029232282 
872 244 81 96 0.029167702 
905 227 19 25 0.029163059 
771 271 11 13 0.029152649 
970 282 15 19 0.029148072 
191 50 9 8 0.029136198 
820 286 16 25 0.029125338 
912 451 120 90 0.02912488 
725 140 26 26 0.029090231 
180 79 33 34 0.029046567 
823 294 25 35 0.028981905 
921 306 31 42 0.02895914 
731 519 14 20 0.028958874 
822 179 311 356 0.028918546 
107 71 21 33 0.028883517 
815 365 27 34 0.02884621 
907 270 23 27 0.028834363 
195 93 29 32 0.02880759 
315 592 57 64 0.02880061 
453 539 115 78 0.028783586 
769 350 27 36 0.028712412 
383 353 49 55 0.028664816 
528 273 14 19 0.028656572 
180 208 26 38 0.028655097 
364 70 24 30 0.028610138 
213 97 26 27 0.02859125 
994 203 13 20 0.028590918 
640 447 168 188 0.028572977 
99 467 99 110 0.028534213 
562 210 47 52 0.028488945 
499 177 73 114 0.028469052 
342 335 34 34 0.02840871 
312 44 7 9 0.028396703 
921 267 26 26 0.028343659 
211 33 9 11 0.028311037 
312 360 24 26 0.028241813 
554 51 33 47 0.028201567 
575 305 27 29 0.028200632 
959 73 22 28 0.028181717 
937 282 25 27 0.028120352 
918 257 21 24 0.028103897 
197 44 8 8 0.02807268 
893 264 12 17 0.02806109 
297 113 19 26 0.02804373 
886 238 39 53 0.028031515 
898 169 73 71 0.02803022 
893 326 25 36 0.028025867 
953 282 10 16 0.028001418 
498 384 59 67 0.02799052 
527 44 15 18 0.027953345 
750 269 29 35 0.02794902 
769 334 24 31 0.02792153 
775 314 22 28 0.027911583 
438 94 77 123 0.027827041 
670 220 11 10 0.027750518 
79 63 10 16 0.027742185 
966 54 21 26 0.02773546 
932 175 29 29 0.027718272 
151 101 26 29 0.027709786 
225 0 23 23 0.027548227 
209 7 13 13 0.027516766 
776 282 12 14 0.027515555 
383 74 25 25 0.027513744 
400 406 49 53 0.027491972 
158 2 24 23 0.02740483 
302 377 29 37 0.02737239 
408 602 127 84 0.027350575 
600 235 9 12 0.027318735 
758 156 12 12 0.027275402 
844 334 23 32 0.027196005 
80 48 11 14 0.02716276 
717 505 25 31 0.02711643 
636 466 11 15 0.027111875 
126 65 24 32 0.027084379 
215 22 10 11 0.026994133 
286 414 82 96 0.026956733 
936 256 42 55 0.026934702 
344 61 8 10 0.02691665 
800 370 25 31 0.026892342 
844 293 27 31 0.026857238 
943 290 11 13 0.02680764 
747 225 21 38 0.026779022 
1002 188 12 16 0.026762811 
1003 213 10 18 0.026732199 
153 63 49 45 0.026716972 
165 43 27 23 0.026678596 
861 272 22 32 0.026603725 
425 34 12 14 0.026581507 
862 196 20 27 0.026486473 
689 412 89 115 0.026433546 
74 146 109 105 0.026381006 
146 78 23 26 0.02637116 
865 0 53 48 0.026370399 
738 241 21 33 0.026340857 
832 341 8 13 0.02627243 
945 208 28 29 0.026203709 
147 199 104 102 0.02617912 
958 284 25 30 0.02617546 
311 48 8 10 0.026142797 
614 247 22 30 0.026115566 
848 378 22 36 0.026108231 
222 30 9 10 0.026106074 
855 312 24 32 0.026098236 
183 48 25 23 0.02608208 
598 306 27 30 0.026057854 
1005 247 22 30 0.026038473 
240 0 8 8 0.026011193 
780 283 24 33 0.025987115 
233 17 12 14 0.025982106 
244 486 90 120 0.025969926 
377 86 22 25 0.025951715 
879 278 24 31 0.025927415 
926 442 40 26 0.025917048 
441 263 106 122 0.025916375 
350 68 9 10 0.025912052 
543 236 23 28 0.02586959 
88 42 8 9 0.025855139 
152 84 11 14 0.02584319 
215 253 92 110 0.025834726 
114 208 32 24 0.025813488 
324 53 9 11 0.025762618 
942 315 25 35 0.02575843 
915 83 27 30 0.025732344 
616 222 34 44 0.025731515 
729 530 23 28 0.025721384 
802 402 12 18 0.025713425 
446 529 11 9 0.025711741 
825 348 21 31 0.025679152 
196 38 8 7 0.02566428 
304 344 25 28 0.025642825 
312 54 8 9 0.025586022 
969 231 24 27 0.02556601 
887 178 10 8 0.025563095 
619 445 24 29 0.025555708 
555 105 71 97 0.025546791 
653 352 5 7 0.025518157 
782 315 10 12 0.025486903 
277 111 23 29 0.025463402 
372 55 25 30 0.025444 
775 174 22 25 0.025441062 
894 366 56 78 0.025427165 
675 440 47 66 0.02537723 
161 35 12 14 0.02537328 
142 202 31 31 0.025354221 
916 243 24 24 0.025338812 
355 75 8 10 0.025336664 
764 289 25 30 0.025302507 
343 78 11 13 0.02528145 
937 158 21 27 0.02527504 
114 97 23 30 0.02526959 
649 554 18 34 0.02523973 
924 253 11 13 0.025204064 
587 227 41 51 0.025198616 
207 433 90 129 0.025194423 
431 234 50 53 0.025182983 
246 37 24 28 0.025173597 
292 80 13 18 0.02513374 
330 80 9 12 0.025074435 
469 442 113 107 0.025052447 
116 43 22 38 0.025046786 
964 283 13 17 0.025024988 
325 66 9 12 0.024984317 
168 282 87 83 0.024966398 
645 351 6 8 0.024961276 
195 14 20 27 0.024944963 
853 346 12 16 0.024905395 
789 219 187 187 0.024899783 
544 319 45 49 0.02489812 
917 225 23 25 0.024881555 
115 70 47 55 0.024866704 
386 105 12 15 0.024849562 
1003 247 10 16 0.024832916 
177 43 9 9 0.024819734 
331 61 9 12 0.024805766 
507 282 82 100 0.024784788 
980 268 16 21 0.024781855 
292 356 28 33 0.024759961 
706 136 27 25 0.024753802 
815 294 15 24 0.024749925 
777 289 11 14 0.024743112 
608 239 9 12 0.024716811 
828 319 23 28 0.02469695 
568 494 84 91 0.02469509 
196 27 23 26 0.024627568 
928 217 23 26 0.024625259 
185 42 9 9 0.024571374 
333 56 8 9 0.024529556 
965 256 11 15 0.024473961 
518 163 8 15 0.024440894 
494 -17 55 43 0.024386523 
545 134 39 49 0.024378974 
355 79 10 14 0.024378622 
99 21 13 21 0.024347095 
758 289 12 15 0.024340397 
620 495 83 101 0.02433979 
738 54 25 24 0.024337538 
183 193 10 16 0.0243166 
112 37 9 15 0.024309745 
177 67 27 23 0.024273604 
214 30 9 11 0.024245238 
376 106 12 14 0.024228318 
978 219 23 29 0.024216104 
870 354 29 40 0.024192398 
322 342 11 15 0.02418663 
88 36 28 33 0.024166899 
941 298 25 33 0.02412418 
913 247 10 13 0.024121437 
888 246 9 15 0.024116937 
725 156 23 24 0.024075128 
196 68 27 28 0.024049526 
279 440 23 33 0.023988843 
334 123 23 32 0.023972698 
377 111 24 29 0.023942443 
658 574 22 37 0.023918025 
542 407 59 78 0.023905274 
317 342 10 13 0.023902157 
634 347 21 29 0.023824157 
403 110 45 74 0.023806786 
342 19 48 45 0.023780871 
931 264 11 12 0.02377823 
936 66 24 28 0.023768371 
351 60 10 11 0.023757573 
899 253 11 12 0.02370354 
663 208 9 11 0.023672407 
188 26 12 13 0.023664774 
633 119 6 11 0.023616342 
934 254 22 27 0.023589384 
169 33 12 14 0.023588968 
294 21 22 28 0.02357956 
929 243 24 23 0.02357012 
189 15 12 15 0.023566108 
906 246 10 11 0.02355408 
183 187 9 13 0.023541898 
831 349 8 12 0.023521397 
691 503 29 45 0.023509301 
594 233 10 12 0.023498986 
221 14 10 12 0.02349435 
393 104 10 15 0.023486773 
737 554 20 29 0.023431169 
1001 196 13 20 0.023404127 
989 215 13 17 0.023391847 
959 389 27 37 0.023388905 
952 292 13 19 0.023348132 
521 343 54 69 0.023332452 
224 -11 21 22 0.023297412 
229 27 11 12 0.023293752 
532 37 16 19 0.02327948 
310 357 15 17 0.023251865 
780 219 8 14 0.02322074 
492 68 31 29 0.02320739 
348 340 102 103 0.02319835 
888 273 12 17 0.023192894 
938 220 26 26 0.023192853 
299 167 41 64 0.02318637 
633 256 37 57 0.023174345 
0 60 20 39 0.023165185 
541 166 47 55 0.023156095 
972 -32 54 47 0.023149712 
401 52 32 31 0.023149151 
864 229 22 28 0.023141699 
313 37 8 8 0.023103746 
651 194 9 12 0.023102917 
696 471 28 34 0.023088275 
514 188 5 9 0.023086186 
917 223 12 15 0.023084832 
590 172 45 55 0.023081085 
660 607 90 108 0.023079209 
77 39 21 27 0.023018071 
298 60 9 11 0.023017231 
894 289 11 14 0.023012802 
776 309 12 14 0.022983072 
143 246 26 33 0.022980629 
496 83 26 30 0.022975367 
326 44 8 9 0.022937855 
157 83 25 27 0.022934249 
986 134 38 46 0.0229031 
901 201 23 29 0.022896731 
412 37 22 23 0.022895584 
504 415 182 213 0.022886619 
201 211 95 92 0.022879744 
870 260 8 12 0.022875194 
651 467 27 38 0.022843163 
537 260 21 29 0.022819236 
518 122 24 34 0.02281102 
855 222 18 30 0.022798195 
181 148 372 360 0.022798091 
491 516 10 10 0.022793204 
95 33 9 12 0.022785667 
957 -40 22 22 0.022785462 
646 207 10 12 0.022783486 
765 150 25 25 0.022782415 
815 207 32 29 0.022767415 
855 277 11 16 0.022744816 
20 3 12 15 0.02272666 
835 295 12 15 0.022723984 
988 237 13 17 0.022720637 
739 116 93 87 0.022712335 
906 312 12 17 0.022709012 
812 352 22 30 0.022668043 
958 251 10 13 0.022664696 
305 86 9 12 0.022617739 
744 41 26 25 0.022608943 
1011 165 18 29 0.022605862 
285 -5 24 22 0.022599963 
142 21 26 32 0.022591697 
517 185 6 10 0.022579333 
190 181 10 15 0.022544615 
913 273 9 12 0.022525044 
-3 -95 37 94 0.022520218 
965 211 24 26 0.02251623 
752 288 11 15 0.022466604 
364 10 26 28 0.02245195 
222 35 9 12 0.022436269 
427 7 27 23 0.022413068 
409 -6 24 18 0.022395616 
660 351 6 8 0.022383008 
320 49 8 10 0.022368176 
981 145 24 26 0.022343365 
956 188 27 25 0.022341747 
751 513 23 35 0.022336341 
401 98 9 13 0.02233238 
82 26 11 14 0.02229814 
337 363 9 12 0.022263277 
120 82 24 31 0.02221728 
510 197 6 9 0.022213286 
822 379 13 15 0.022210497 
314 178 5 8 0.022192722 
719 132 25 23 0.022187041 
759 138 24 26 0.022164566 
870 222 7 9 0.022163883 
77 414 107 116 0.022129638 
207 125 89 90 0.022111144 
746 156 13 13 0.022104083 
957 297 13 20 0.022091908 
338 48 8 10 0.02208374 
293 173 23 33 0.02206531 
873 277 10 15 0.022043651 
482 295 12 19 0.022032017 
612 208 12 13 0.022018636 
947 242 10 12 0.022008134 
162 62 12 13 0.021979224 
505 67 50 52 0.021977508 
203 44 10 12 0.021972667 
570 344 33 41 0.02196764 
506 99 9 11 0.02195341 
119 240 98 88 0.021947855 
925 240 10 11 0.021907859 
955 221 25 27 0.021897756 
950 330 13 20 0.021880342 
231 177 23 29 0.021877574 
293 50 8 10 0.02187493 
862 224 8 11 0.021871451 
647 387 23 31 0.021868002 
437 194 205 213 0.021867825 
319 44 6 8 0.021857124 
772 206 22 36 0.02184518 
215 32 22 27 0.021845005 
163 24 13 16 0.021837998 
894 205 44 55 0.021809082 
986 275 15 21 0.02180015 
780 228 7 11 0.02178799 
1015 263 11 14 0.021783367 
450 125 43 66 0.021779317 
495 263 23 26 0.021778286 
213 70 17 18 0.021768942 
259 4 23 26 0.021759644 
801 114 51 47 0.021757493 
586 217 14 16 0.021688802 
828 355 6 9 0.021683477 
989 225 11 14 0.0216786 
631 243 10 13 0.021658415 
1003 276 10 15 0.021653736 
259 95 9 10 0.021641457 
325 572 8 12 0.021640185 
675 562 21 38 0.021628745 
933 249 10 10 0.021622887 
182 0 21 26 0.02159659 
506 71 17 15 0.021591337 
22 43 23 46 0.021575497 
972 66 22 29 0.02153764 
596 40 53 57 0.021534484 
533 377 5 8 0.021513518 
251 12 22 28 0.021496812 
266 123 28 26 0.02143429 
205 29 8 10 0.021427102 
663 122 96 85 0.021421488 
903 258 10 13 0.021409152 
764 280 13 17 0.021407982 
873 200 20 26 0.021404287 
344 56 8 9 0.021392558 
121 31 9 17 0.021390907 
665 355 24 33 0.021372806 
76 35 8 13 0.021333128 
940 241 9 9 0.021298192 
190 3 10 13 0.021266963 
226 100 26 27 0.021262897 
712 465 26 38 0.021258956 
783 321 11 15 0.02124221 
508 249 21 30 0.021235365 
732 125 24 25 0.021234177 
956 326 13 19 0.02122417 
897 238 22 27 0.02116813 
894 217 22 29 0.021161752 
868 287 11 16 0.021160834 
155 195 14 14 0.021153402 
790 309 10 14 0.021145396 
216 382 43 81 0.021133931 
365 70 8 9 0.021119207 
737 296 29 32 0.021105105 
494 432 62 67 0.021076586 
485 206 21 24 0.021059632 
685 545 23 39 0.021014286 
161 3 91 80 0.021003533 
628 218 16 17 0.02098592 
399 14 26 24 0.020981627 
940 234 10 10 0.020977976 
392 597 26 37 0.02096617 
284 27 21 23 0.020964924 
577 87 12 17 0.020961901 
869 248 22 30 0.020958984 
738 145 25 26 0.020922221 
611 457 25 31 0.020919994 
541 396 11 19 0.020915138 
336 582 33 41 0.020909438 
625 472 24 30 0.020877589 
777 347 13 20 0.020874916 
228 0 10 8 0.020874785 
127 196 32 28 0.020869708 
874 339 20 32 0.020861173 
349 -14 25 22 0.02085367 
207 174 25 32 0.020831244 
287 33 10 11 0.020812737 
615 123 22 34 0.020802895 
317 116 10 16 0.02080159 
341 402 22 35 0.020794729 
388 491 117 106 0.020792242 
389 -14 22 19 0.02078372 
495 294 22 30 0.020777475 
264 77 20 26 0.020774703 
205 37 7 8 0.020760687 
754 244 25 33 0.020750547 
338 43 7 10 0.02074742 
945 277 10 15 0.020723954 
884 179 7 7 0.020723877 
263 131 72 96 0.02072279 
906 265 8 11 0.020720342 
583 64 35 49 0.020702254 
955 142 17 25 0.020693995 
860 365 26 36 0.020666912 
285 48 9 12 0.020651365 
734 186 24 25 0.020643022 
738 629 22 32 0.02063377 
805 197 25 25 0.020619608 
250 408 24 42 0.020610124 
637 402 26 34 0.020609926 
776 298 10 13 0.020605572 
222 -38 24 24 0.02060185 
937 273 10 11 0.020572813 
202 16 10 12 0.02057271 
-13 286 79 161 0.020566395 
1009 267 12 16 0.02055949 
747 594 22 32 0.020542704 
789 187 19 31 0.020534186 
570 504 199 226 0.020525608 
356 69 8 9 0.020521414 
325 80 9 13 0.020512277 
228 36 11 13 0.0204913 
338 74 8 10 0.020486511 
551 369 29 44 0.020474501 
382 74 8 11 0.02046457 
539 31 16 18 0.020464305 
537 377 5 8 0.020445433 
642 253 6 9 0.020438528 
272 1 10 10 0.020411141 
335 100 13 18 0.020374311 
394 82 20 27 0.020370081 
265 117 11 14 0.020362442 
293 -1 8 7 0.020353358 
268 86 8 11 0.020347392 
210 23 9 12 0.020334406 
992 216 22 27 0.02032796 
828 299 13 18 0.020309852 
204 3 11 12 0.020297261 
58 51 23 33 0.020294199 
861 341 10 14 0.02027927 
399 445 50 51 0.020230953 
718 214 20 32 0.020217037 
769 496 8 12 0.020207679 
935 289 13 13 0.020201078 
274 91 9 12 0.020196116 
759 304 9 12 0.02017469 
1003 240 9 14 0.020174343 
670 595 10 20 0.020173717 
723 267 23 29 0.020169888 
808 155 26 28 0.020166302 
488 522 27 27 0.02016207 
520 145 90 99 0.02016142 
387 96 19 30 0.020155987 
726 238 20 34 0.020153236 
394 433 107 105 0.020152975 
913 262 11 13 0.020151354 
781 397 25 31 0.020145588 
494 239 23 30 0.020144768 
176 261 12 20 0.020143943 
260 123 46 59 0.020143583 
457 537 24 22 0.020130387 
311 86 9 11 0.02012258 
298 535 85 101 0.020120975 
981 240 12 14 0.020105815 
763 326 14 16 0.020088932 
118 91 11 16 0.020083807 
964 301 12 16 0.020075072 
961 7 18 18 0.0200742 
395 3 26 23 0.020073842 
793 262 8 14 0.020072542 
405 469 51 54 0.020050617 
356 77 19 26 0.020047732 
823 330 21 33 0.020037381 
476 98 24 31 0.020023344 
665 348 9 12 0.020009212 
652 519 83 107 0.020002784 
