2_Demonstration_Demonstrators_2_100
22
412 117 243 386 0.9999399 
689 316 142 199 0.9290417 
909 345 52 75 0.23927458 
599 213 188 337 0.22599094 
741 301 90 104 0.05890356 
426 745 216 152 0.054034658 
710 194 244 351 0.05222774 
281 16 154 156 0.04451358 
954 311 43 51 0.037325088 
47 787 135 209 0.034203015 
897 319 50 66 0.033918425 
39 310 62 93 0.033086117 
829 375 48 54 0.031177467 
796 289 48 78 0.031057345 
170 1218 152 217 0.028130064 
809 329 79 89 0.023389656 
-335 -11 212 506 0.023306336 
802 349 43 56 0.02123376 
761 324 47 59 0.020885991 
775 423 37 50 0.020504447 
856 274 132 157 0.020218514 
783 391 37 57 0.020080535 
