2_Demonstration_Political_Rally_2_985
108
551 471 59 78 0.999736 
791 552 139 182 0.9916168 
116 444 30 40 0.9874205 
356 402 28 33 0.98602587 
20 443 22 39 0.98170865 
393 394 16 28 0.9326514 
90 422 23 28 0.7912476 
323 416 38 80 0.67146593 
788 296 11 16 0.35072386 
75 540 17 21 0.2584963 
192 439 14 21 0.17424724 
390 367 7 14 0.1260385 
337 381 42 65 0.1196885 
349 363 12 23 0.11650073 
201 429 31 50 0.109274045 
80 462 28 35 0.094649725 
113 556 15 19 0.09391641 
985 380 30 34 0.089705855 
129 424 10 16 0.081787646 
96 423 37 53 0.078179955 
329 22 61 71 0.071894415 
409 370 11 20 0.06962358 
481 477 33 39 0.05562608 
470 434 21 32 0.052071497 
215 110 15 24 0.046817053 
155 422 10 14 0.045493983 
69 425 13 17 0.04284004 
386 378 10 17 0.041907772 
385 403 14 23 0.040820904 
187 427 27 39 0.03995584 
385 367 7 12 0.03905973 
413 417 10 16 0.037913535 
7 414 12 13 0.037357084 
196 401 73 102 0.036361292 
472 0 28 43 0.035393324 
33 419 9 13 0.035143457 
153 791 162 243 0.033581343 
279 346 9 12 0.0328556 
135 406 10 13 0.032620594 
33 412 9 13 0.03221122 
338 331 7 9 0.031100377 
740 342 16 24 0.030783437 
150 425 12 16 0.0298131 
961 384 12 18 0.0297358 
457 1 24 38 0.02865385 
437 811 50 82 0.028525343 
65 432 13 17 0.028333554 
337 335 7 12 0.027661704 
138 416 11 16 0.027338473 
123 420 20 30 0.027171629 
755 295 14 19 0.027165024 
338 9 103 138 0.027146457 
106 429 16 21 0.026947884 
809 410 25 38 0.026522571 
393 370 9 16 0.026516179 
385 374 7 14 0.02643633 
246 419 58 77 0.026406672 
243 326 10 16 0.026208164 
337 405 72 123 0.026054095 
363 1019 105 145 0.0260345 
148 403 10 13 0.025613004 
434 367 78 134 0.025497047 
171 415 14 23 0.025124656 
171 405 11 14 0.024433615 
624 288 13 17 0.024080936 
358 1137 97 140 0.024032418 
373 462 29 49 0.0240104 
379 371 20 31 0.023833854 
103 172 11 19 0.023692507 
58 57 9 20 0.02359173 
17 427 13 17 0.023279453 
98 408 24 32 0.023269132 
94 550 16 20 0.022983499 
407 379 9 15 0.022765808 
11 394 12 15 0.02273108 
76 446 25 37 0.022729415 
178 388 12 17 0.022717027 
72 386 81 93 0.02271283 
884 385 13 22 0.0226344 
418 388 9 20 0.022420982 
289 414 46 80 0.022330511 
413 387 8 18 0.022046149 
99 433 17 24 0.021904573 
67 436 75 93 0.021823306 
284 70 22 37 0.02154549 
345 399 17 23 0.021400232 
469 482 27 40 0.021381406 
268 440 55 79 0.021304075 
456 1 13 24 0.021228163 
141 428 9 13 0.021075679 
133 402 20 27 0.021073151 
388 452 27 45 0.021013679 
289 357 9 13 0.020891784 
347 351 11 17 0.020887492 
303 330 24 31 0.02080419 
331 393 12 21 0.020755986 
288 292 7 10 0.020680234 
155 386 75 108 0.020551296 
226 90 7 14 0.020521889 
852 452 15 16 0.02033526 
169 427 23 38 0.020287573 
163 418 14 19 0.020281538 
211 391 9 11 0.020199569 
762 299 14 19 0.020182291 
274 320 166 230 0.02008619 
32 426 10 15 0.020076048 
396 382 9 16 0.0200674 
50 391 24 29 0.020053094 
