2_Demonstration_Demonstration_Or_Protest_2_655
2694
279 112 25 30 0.958822 
687 68 22 26 0.95509416 
513 99 21 23 0.88812727 
75 183 16 18 0.68797994 
22 214 34 26 0.66452485 
86 128 11 13 0.5856544 
858 6 16 12 0.4569636 
628 125 10 14 0.41264912 
222 106 22 17 0.33392254 
779 46 11 11 0.2950139 
969 52 10 10 0.29040238 
466 47 35 42 0.17956522 
336 115 11 15 0.14976265 
481 44 12 12 0.14800894 
797 142 9 9 0.14378956 
920 635 11 7 0.13471 
125 197 38 39 0.12995858 
495 9 20 21 0.123278745 
1019 98 6 7 0.11892579 
541 118 16 16 0.11315276 
783 15 11 9 0.10573515 
-19 -168 189 158 0.10300072 
844 74 10 12 0.10240061 
515 85 22 21 0.09326886 
751 640 11 8 0.08993395 
777 74 12 19 0.08769982 
378 378 28 26 0.08488611 
686 54 20 23 0.082768954 
199 301 95 83 0.081818864 
172 153 32 26 0.07729965 
909 2 8 6 0.07400315 
780 0 10 9 0.07335584 
832 109 28 36 0.0729338 
823 33 7 8 0.07291468 
385 154 26 32 0.07183575 
488 9 36 44 0.07027385 
175 216 18 26 0.06963718 
208 152 12 14 0.06669253 
540 64 14 15 0.06508007 
1013 272 11 16 0.06361118 
27 195 14 13 0.0635043 
668 3 17 13 0.0633564 
15 180 10 10 0.0627936 
255 432 56 56 0.06093363 
764 27 9 10 0.06042207 
326 385 50 52 0.06031551 
268 345 55 44 0.060250193 
634 119 15 16 0.06018804 
941 650 7 5 0.060165115 
242 176 26 24 0.059506282 
22 465 9 12 0.05918659 
628 130 14 17 0.058632318 
15 196 14 13 0.05848125 
902 4 8 5 0.058131125 
946 643 8 5 0.057727825 
265 322 14 18 0.057654325 
94 88 30 18 0.057346743 
195 312 54 47 0.056832533 
472 59 12 13 0.05663594 
543 256 9 9 0.056382015 
784 8 10 8 0.056342557 
904 95 5 8 0.056128126 
388 245 12 14 0.055666257 
5 455 21 27 0.0554461 
290 382 31 25 0.05500147 
633 609 11 6 0.05480008 
94 64 54 38 0.054515973 
766 59 10 10 0.05440888 
757 152 16 13 0.05406618 
320 329 16 16 0.054049537 
958 53 8 8 0.05390083 
224 115 17 15 0.053615633 
725 649 10 7 0.05358796 
902 21 7 7 0.053450596 
924 204 8 9 0.0530791 
612 603 14 7 0.05293005 
40 211 26 24 0.05285158 
967 32 7 8 0.05233439 
92 335 81 84 0.052266218 
901 8 8 6 0.05216214 
263 332 21 26 0.051870365 
945 649 8 5 0.051395804 
966 47 8 8 0.0511812 
31 507 7 9 0.05114365 
234 364 97 88 0.051041014 
700 634 15 9 0.05097908 
334 307 70 80 0.050657094 
471 50 13 15 0.05035488 
331 372 31 18 0.050290443 
946 656 8 5 0.050170854 
553 128 13 11 0.049919274 
831 650 8 6 0.04978314 
944 661 9 6 0.049722053 
950 217 31 24 0.0496669 
101 129 53 47 0.04922148 
953 53 6 7 0.04910553 
617 33 10 11 0.04908906 
721 571 11 8 0.0488549 
154 562 18 12 0.04877624 
107 197 33 42 0.04862366 
792 25 14 13 0.048596334 
136 561 57 42 0.048424102 
979 23 5 5 0.04837443 
966 2 8 6 0.048366304 
941 655 6 5 0.048081033 
91 100 16 13 0.048000425 
964 27 8 8 0.047981363 
888 190 48 53 0.047936127 
924 93 3 5 0.04787991 
724 207 28 29 0.04774246 
958 663 8 5 0.047608253 
943 128 7 9 0.047489632 
916 649 13 8 0.047207594 
141 554 27 19 0.046826936 
98 242 23 33 0.046579048 
16 473 22 25 0.046377767 
115 254 36 41 0.046262715 
997 169 29 22 0.046177924 
1002 282 12 16 0.04604428 
768 13 10 11 0.045835275 
823 39 7 9 0.045744333 
778 14 19 17 0.045740273 
905 139 14 9 0.045636658 
129 577 13 11 0.045617457 
855 667 14 10 0.045355104 
563 327 7 7 0.045245532 
713 66 12 16 0.045114134 
927 29 5 4 0.04509835 
921 201 8 9 0.04505164 
1007 355 11 8 0.044990283 
5 41 56 38 0.04494566 
32 512 7 10 0.044886712 
909 187 7 8 0.044829577 
150 578 32 21 0.044755194 
907 656 10 6 0.04471034 
59 149 6 8 0.044542965 
230 336 30 29 0.04451285 
778 25 13 13 0.04431222 
37 334 102 110 0.04419893 
522 40 44 43 0.04418785 
934 642 8 5 0.043986317 
939 643 8 5 0.04361939 
130 510 35 24 0.043189075 
964 22 7 6 0.043175798 
59 143 6 7 0.043139648 
832 654 8 5 0.043043282 
960 134 7 10 0.04292128 
903 15 7 6 0.04286748 
637 605 11 7 0.042748198 
250 85 6 6 0.04269157 
970 3 9 6 0.042682495 
889 35 11 13 0.042664435 
172 594 33 27 0.042486254 
1004 27 10 8 0.04236226 
211 249 10 10 0.042297445 
925 656 11 7 0.042060163 
122 83 26 25 0.04197277 
148 127 13 13 0.041898392 
974 54 8 7 0.041856263 
767 5 10 11 0.041781858 
919 2 7 6 0.04146868 
68 253 9 12 0.041460577 
249 352 27 32 0.041403145 
631 128 25 27 0.04138106 
164 201 41 40 0.041280914 
721 72 9 11 0.041234173 
472 44 13 12 0.041194662 
149 232 53 58 0.04114746 
208 243 10 12 0.041144293 
895 3 7 5 0.04104003 
972 15 7 6 0.041003432 
922 41 7 6 0.040993597 
261 86 6 6 0.040977605 
836 662 10 6 0.040934995 
352 99 21 25 0.040725544 
248 219 43 53 0.040585183 
777 52 12 15 0.040523566 
695 655 12 7 0.040407553 
236 107 13 13 0.040275987 
605 617 11 7 0.040256012 
471 39 24 22 0.04025179 
862 93 34 46 0.040217232 
957 45 8 8 0.04010422 
103 47 29 21 0.039979175 
742 623 9 6 0.03989826 
130 208 52 51 0.03983099 
25 503 8 12 0.039765097 
762 146 14 13 0.039753553 
918 577 12 8 0.03970398 
923 35 5 5 0.039592493 
347 373 57 41 0.03957465 
117 50 26 24 0.039513987 
41 271 12 13 0.03940758 
70 49 68 40 0.03937458 
498 27 45 53 0.039343942 
610 622 12 8 0.039234765 
772 51 11 11 0.039227728 
952 65 8 8 0.039193366 
149 485 13 11 0.039120745 
961 26 7 9 0.039039914 
952 8 7 7 0.03897412 
522 59 9 10 0.038966734 
220 98 16 11 0.038928557 
474 20 37 47 0.038798958 
109 148 24 23 0.0387625 
35 237 28 26 0.03871223 
364 398 8 7 0.0386896 
952 60 6 7 0.038618118 
981 28 5 5 0.038608756 
161 568 26 22 0.03844709 
798 137 9 9 0.038426176 
583 322 5 5 0.03839681 
970 9 8 6 0.03836458 
996 6 14 9 0.03824364 
889 4 7 4 0.038005915 
877 418 7 6 0.03798503 
964 609 11 8 0.03795424 
673 72 23 28 0.037843242 
924 29 5 5 0.03776156 
311 423 11 13 0.03766184 
981 34 7 6 0.037616 
-23 418 446 355 0.037602168 
728 483 10 6 0.037586764 
158 589 32 22 0.037445568 
884 4 7 5 0.037433356 
748 384 8 8 0.03742662 
927 9 7 7 0.03733885 
154 608 31 18 0.037325546 
542 251 9 9 0.03729899 
185 220 24 25 0.037286684 
691 205 8 11 0.037233427 
593 181 10 16 0.03719714 
208 237 10 11 0.037187178 
138 558 10 7 0.037116576 
121 400 30 22 0.037109498 
62 148 7 9 0.037073802 
243 240 5 7 0.037066463 
629 166 13 13 0.037032064 
941 668 10 7 0.03701468 
168 89 22 23 0.03700528 
612 609 14 8 0.036981102 
820 279 5 7 0.03697601 
42 192 10 10 0.03695386 
923 98 4 6 0.036949478 
128 74 17 16 0.036915667 
974 22 6 5 0.036884326 
316 372 11 10 0.036831304 
106 30 469 366 0.036828384 
351 396 30 26 0.03674436 
894 137 11 8 0.036691234 
962 131 6 7 0.036659747 
90 192 32 41 0.036564168 
211 147 22 25 0.03655918 
702 622 12 7 0.036515433 
987 56 7 6 0.036464922 
909 28 6 6 0.036462363 
128 51 9 8 0.03640816 
122 40 22 21 0.036364075 
903 45 7 9 0.03634549 
16 208 23 25 0.036320128 
875 23 10 11 0.03631347 
58 155 6 7 0.036208425 
900 648 9 6 0.036024 
925 649 10 5 0.03601241 
243 429 27 23 0.035983786 
680 596 15 9 0.035978515 
921 16 6 5 0.035872087 
372 183 27 22 0.035806756 
41 620 11 10 0.03580287 
145 189 30 31 0.035773255 
958 40 8 9 0.03571716 
980 292 5 4 0.03563316 
239 326 28 26 0.035611283 
419 598 10 7 0.03560226 
0 531 14 32 0.035586413 
43 149 7 7 0.03546165 
612 34 19 23 0.03537674 
967 148 6 7 0.035351444 
940 662 9 6 0.035351183 
981 174 5 6 0.035310127 
747 146 12 12 0.03530428 
758 0 10 10 0.035281293 
111 237 28 31 0.03522792 
582 319 6 4 0.035172485 
170 644 24 20 0.03515697 
226 459 34 26 0.035102107 
972 30 6 5 0.03510072 
350 332 31 33 0.035047933 
226 227 86 86 0.035024416 
943 139 10 10 0.0350025 
966 41 7 7 0.034986716 
881 8 11 7 0.034983687 
154 636 26 20 0.034959406 
331 350 26 26 0.034922145 
259 355 12 14 0.034907732 
866 668 11 7 0.034894582 
16 211 12 14 0.03489068 
881 13 10 8 0.034834784 
829 138 14 13 0.034830213 
818 212 9 9 0.03478567 
827 127 25 23 0.03478432 
751 128 12 12 0.034754142 
1001 285 24 23 0.034725145 
124 433 25 24 0.03465546 
441 457 8 5 0.03465415 
938 155 9 11 0.034598563 
42 198 11 12 0.03458633 
257 81 5 4 0.034562074 
577 578 12 8 0.034548678 
1013 99 5 6 0.034542505 
833 273 66 51 0.03449674 
24 182 7 7 0.0344216 
908 192 9 10 0.03438861 
836 641 9 6 0.034375463 
199 399 103 85 0.034341015 
1002 2 14 8 0.034329325 
790 20 12 11 0.03432245 
311 202 12 12 0.034292992 
111 279 44 53 0.034280572 
843 658 11 8 0.03422305 
285 369 32 26 0.034222372 
25 43 107 88 0.034217272 
856 662 11 7 0.034216195 
137 544 27 19 0.03414963 
309 94 35 46 0.034142 
912 198 10 11 0.034109376 
227 327 12 10 0.03410681 
498 122 10 12 0.034044784 
296 373 48 47 0.034010597 
16 459 11 15 0.033946604 
317 410 12 12 0.03394157 
59 57 10 10 0.033931896 
997 22 9 7 0.03389737 
1003 22 9 6 0.03384898 
797 155 11 10 0.033803448 
122 113 25 21 0.03379545 
856 76 8 10 0.0337917 
53 155 6 7 0.03374442 
253 363 12 16 0.033712626 
951 656 9 5 0.033694997 
984 30 6 5 0.03369441 
10 63 33 26 0.033685528 
497 257 10 10 0.033684317 
921 48 10 11 0.033656843 
888 655 9 6 0.033648312 
137 81 11 12 0.033616204 
807 342 8 6 0.03361301 
82 66 29 18 0.03358629 
317 382 25 27 0.033564456 
431 440 11 9 0.0335613 
876 670 9 6 0.033560775 
541 109 12 18 0.033549733 
281 332 31 28 0.033527803 
58 136 8 8 0.03348973 
343 376 34 22 0.033468675 
928 36 6 5 0.033452183 
124 88 13 11 0.03343595 
818 282 6 8 0.033423893 
606 621 32 18 0.03340272 
768 53 8 8 0.03339301 
835 75 19 23 0.033389613 
490 576 13 9 0.033381872 
98 408 32 26 0.033380125 
45 292 21 25 0.03336231 
948 8 7 7 0.0333355 
381 248 12 14 0.033331275 
-7 -183 65 144 0.033329047 
330 372 15 10 0.033201106 
959 31 8 10 0.033189412 
497 53 7 9 0.03318798 
941 201 6 8 0.033171143 
740 177 11 14 0.033149846 
306 377 27 23 0.033111107 
786 643 8 5 0.033096526 
543 246 6 6 0.033077642 
712 551 13 8 0.03307451 
842 655 11 7 0.03305155 
138 564 10 8 0.033046786 
675 469 10 7 0.033020902 
279 333 10 12 0.033013765 
14 181 22 21 0.033006873 
271 414 15 14 0.032985035 
456 455 14 9 0.0329515 
499 115 9 9 0.032903407 
52 150 7 7 0.032891378 
242 244 6 6 0.032889824 
827 188 14 13 0.032856476 
31 185 9 9 0.032840136 
965 15 7 7 0.03282109 
209 69 13 15 0.032798406 
929 24 5 4 0.03278078 
997 26 9 7 0.032778047 
499 251 8 8 0.03276755 
959 641 9 6 0.032759268 
778 64 10 16 0.032699246 
971 623 12 8 0.032695178 
22 479 12 12 0.032676328 
974 550 14 10 0.0326496 
798 21 22 23 0.03263942 
864 213 7 7 0.032618698 
924 631 10 7 0.03260041 
891 140 29 22 0.03258462 
88 52 32 21 0.032575186 
680 197 11 13 0.032531634 
139 400 28 27 0.0325277 
913 652 12 8 0.03251949 
935 650 7 4 0.032511145 
150 175 44 38 0.03250056 
265 408 57 55 0.032483988 
318 431 7 7 0.032473266 
768 8 19 20 0.03245412 
504 28 10 13 0.032428313 
585 292 13 12 0.03242752 
221 119 23 27 0.03242683 
384 112 5 5 0.032415614 
971 33 7 7 0.032412134 
966 8 7 7 0.032401063 
923 104 5 6 0.0323713 
915 641 10 7 0.032341987 
368 390 10 9 0.032337006 
557 326 7 9 0.032336853 
101 101 30 23 0.032286894 
830 92 24 31 0.032250844 
123 82 14 12 0.03224565 
521 100 34 36 0.03222276 
118 471 26 18 0.032204904 
584 337 6 4 0.032181423 
979 17 6 4 0.032152914 
0 318 6 12 0.032147765 
836 24 10 12 0.032137148 
952 649 9 6 0.03213391 
56 117 7 7 0.03212514 
859 85 25 30 0.032124873 
980 286 5 4 0.032121085 
793 146 11 9 0.03210766 
988 131 5 5 0.032100573 
148 545 13 10 0.032080878 
832 291 6 5 0.032061573 
920 193 7 8 0.03203254 
816 206 21 21 0.032031737 
489 51 10 12 0.03199502 
473 70 10 11 0.031983577 
510 14 10 9 0.031981863 
729 194 24 28 0.03196855 
864 53 6 8 0.031927753 
925 353 9 6 0.031899787 
729 59 7 9 0.031886186 
991 21 10 7 0.03185437 
625 410 102 85 0.03183083 
637 181 20 23 0.031801194 
54 389 119 109 0.0317972 
826 175 24 26 0.031772222 
960 60 7 7 0.03176016 
836 206 12 10 0.03176006 
708 610 11 6 0.031748064 
962 204 30 21 0.03173729 
160 433 107 96 0.03173213 
906 15 8 6 0.03173122 
237 206 38 47 0.031711705 
543 561 8 5 0.03168737 
251 82 5 4 0.03167824 
819 206 9 9 0.031614397 
330 424 28 26 0.031596042 
998 285 9 8 0.031567197 
148 121 12 13 0.03155792 
902 41 7 8 0.03155102 
804 552 13 9 0.031550057 
922 9 6 5 0.031496294 
935 37 5 5 0.031481635 
929 98 5 6 0.031480677 
114 486 54 43 0.03146664 
933 657 7 4 0.031444397 
274 81 11 12 0.031399593 
10 208 428 355 0.0313947 
52 222 12 12 0.031388465 
914 0 7 4 0.031380415 
548 68 22 27 0.03136825 
838 2 7 8 0.031365883 
171 95 12 12 0.031341136 
825 44 7 11 0.031340446 
98 575 14 10 0.031332526 
260 363 11 13 0.03132913 
958 154 9 12 0.031314936 
835 32 11 12 0.031305667 
923 23 5 4 0.03129906 
771 56 10 11 0.03129114 
700 629 15 9 0.031260207 
927 40 7 6 0.031243002 
888 48 10 14 0.031194929 
22 193 13 11 0.03118012 
839 78 9 10 0.031162411 
704 233 6 7 0.031144617 
371 404 7 7 0.031140257 
818 191 25 23 0.031125301 
930 104 5 8 0.03109104 
906 7 9 6 0.031075245 
890 241 31 36 0.031057682 
175 82 13 13 0.031034185 
217 257 9 9 0.031011188 
949 3 6 6 0.031010699 
895 158 22 26 0.030990735 
882 671 7 5 0.030974189 
833 299 5 5 0.030964324 
908 651 8 5 0.030951487 
545 239 5 6 0.030894276 
928 3 6 5 0.030886998 
318 104 7 8 0.030872228 
137 451 25 24 0.030838735 
27 130 7 7 0.03083789 
696 231 21 24 0.030833047 
948 14 6 7 0.030822413 
76 135 8 9 0.030816337 
505 23 81 81 0.03078011 
993 27 8 7 0.030775651 
21 295 29 27 0.030774936 
886 226 30 32 0.030761864 
959 207 10 8 0.030760504 
861 547 9 7 0.030749949 
365 133 12 13 0.030745426 
15 174 10 11 0.030733222 
249 91 9 7 0.03070583 
542 261 11 10 0.03068788 
133 558 10 7 0.03065445 
244 629 9 7 0.03063981 
372 110 7 9 0.030627191 
1018 104 6 7 0.030614808 
275 378 25 27 0.030612202 
830 56 9 15 0.030603573 
535 328 28 27 0.030601166 
133 75 23 26 0.030600794 
351 205 12 14 0.030598482 
187 196 24 27 0.030573003 
371 418 7 6 0.030561332 
323 383 12 12 0.030552235 
903 437 9 6 0.03054566 
325 412 8 10 0.030511646 
167 562 14 12 0.030503077 
752 163 14 13 0.030480262 
441 451 9 6 0.030462231 
907 181 7 9 0.030431075 
651 166 11 14 0.030426603 
991 137 6 6 0.03041385 
832 33 8 10 0.030394949 
197 194 11 13 0.030384447 
816 1 11 10 0.03034068 
619 617 12 6 0.030332427 
695 206 10 11 0.030322064 
980 9 6 5 0.030300258 
468 56 10 13 0.030295234 
58 130 7 7 0.030280737 
150 551 12 8 0.030262884 
39 114 25 23 0.03025845 
114 564 110 79 0.030233806 
928 14 6 6 0.030215966 
751 122 11 11 0.030209431 
7 223 23 28 0.030182382 
881 418 7 6 0.030156594 
189 437 10 10 0.030108802 
129 182 25 26 0.03010549 
76 120 37 41 0.030096592 
843 649 11 6 0.030079225 
568 329 6 6 0.030036047 
752 252 80 87 0.030030338 
11 203 11 14 0.030029366 
496 31 22 29 0.030022588 
935 636 8 6 0.029997718 
703 205 11 13 0.029982125 
483 107 14 14 0.029977784 
339 435 24 21 0.02995098 
12 192 11 13 0.029943878 
126 572 11 8 0.02992249 
620 614 28 15 0.029911216 
520 55 20 23 0.029906178 
831 268 26 29 0.029892111 
767 46 7 8 0.02988061 
1014 1 10 7 0.029875927 
1004 275 9 12 0.029872255 
979 3 7 5 0.029868558 
959 8 7 6 0.02985628 
368 202 15 15 0.029845385 
788 13 12 10 0.029836964 
169 576 11 10 0.029815307 
1001 44 27 20 0.02980952 
22 502 19 25 0.029797906 
912 629 10 6 0.029795129 
421 591 9 6 0.029779486 
867 252 32 26 0.02977671 
515 4 33 22 0.029775472 
506 51 8 10 0.029750746 
806 160 10 10 0.029750127 
616 648 14 8 0.029737158 
324 373 11 9 0.029733043 
101 90 14 9 0.029697103 
925 642 10 6 0.029659009 
801 140 10 9 0.02965633 
81 449 101 80 0.029653588 
495 135 12 16 0.029649181 
409 605 7 5 0.029643448 
274 301 8 8 0.029633041 
10 188 67 61 0.029578237 
257 86 6 5 0.02956991 
237 638 7 5 0.029569212 
116 137 28 23 0.029560542 
929 93 4 6 0.029525882 
714 100 434 378 0.029503033 
215 223 10 12 0.029460616 
830 303 7 6 0.02945153 
597 301 15 11 0.029426454 
142 75 11 12 0.02941401 
304 216 24 26 0.029406624 
242 136 8 8 0.029405165 
321 256 21 22 0.029398067 
1012 105 6 6 0.029390363 
292 352 35 24 0.0293796 
282 197 24 20 0.02937899 
125 455 23 20 0.0293782 
693 661 12 7 0.029376162 
913 28 6 5 0.029374693 
54 170 10 14 0.029372124 
1005 49 10 6 0.02935246 
369 119 9 12 0.02935183 
831 38 8 11 0.0293346 
871 51 6 10 0.029313853 
1012 72 6 7 0.029297007 
710 356 6 5 0.029296014 
789 -1 24 16 0.02929559 
961 15 6 7 0.029294733 
329 357 13 13 0.029271556 
549 41 27 24 0.02927115 
775 3 20 17 0.02926958 
320 65 6 6 0.02925289 
328 378 32 29 0.029224455 
197 208 24 27 0.02921879 
987 137 5 5 0.02919414 
987 609 15 9 0.029181676 
771 63 10 11 0.029177487 
526 302 44 48 0.029169757 
155 392 29 30 0.029166766 
74 251 8 11 0.029156363 
981 161 6 6 0.02912983 
967 143 6 7 0.029121445 
365 426 6 5 0.029110778 
607 605 26 14 0.029106626 
254 356 10 13 0.029084818 
44 155 6 7 0.029052358 
814 28 18 23 0.029048027 
286 315 28 26 0.02903646 
955 40 6 8 0.02903278 
864 224 75 80 0.029025294 
121 53 8 7 0.028991286 
895 7 8 6 0.028987154 
935 202 6 6 0.02897281 
702 206 24 29 0.028969463 
772 7 11 11 0.028954234 
212 427 14 13 0.028929336 
926 59 8 10 0.028915795 
23 186 8 8 0.028899344 
52 144 6 6 0.028894732 
31 150 7 6 0.028889354 
132 565 11 8 0.028867653 
390 111 6 6 0.028864183 
707 193 10 10 0.028856069 
322 355 13 14 0.028846798 
888 15 8 7 0.028835779 
946 299 7 5 0.028831387 
903 393 6 5 0.028817277 
467 44 9 10 0.0288098 
94 217 36 48 0.02880229 
150 547 27 20 0.028793614 
279 326 9 11 0.02877234 
153 183 223 178 0.028766442 
846 126 45 49 0.02874325 
252 464 12 14 0.028738605 
1002 641 12 8 0.02873048 
497 44 9 11 0.028729554 
943 115 5 8 0.028726097 
886 630 14 8 0.028724505 
825 28 6 9 0.028712602 
119 596 26 21 0.028633691 
252 325 12 14 0.02861587 
49 116 9 8 0.028605958 
950 565 12 7 0.028602347 
325 432 7 6 0.028597012 
251 246 5 6 0.028596103 
267 467 30 27 0.028585503 
893 656 7 5 0.02856594 
369 410 8 9 0.028559204 
538 238 6 7 0.02855723 
740 578 11 8 0.028555851 
301 388 16 13 0.028542593 
510 20 8 9 0.02854115 
858 342 4 6 0.028528087 
881 49 10 13 0.028523862 
729 387 7 5 0.028514596 
868 123 42 43 0.028508183 
645 621 13 8 0.028473431 
993 355 11 7 0.028467985 
280 345 11 12 0.028453916 
707 135 24 27 0.028453296 
237 162 26 28 0.028433712 
855 1 13 11 0.028433446 
233 440 29 26 0.02843256 
994 297 31 21 0.028431041 
888 662 8 5 0.028425667 
293 503 50 42 0.028418593 
953 3 6 6 0.02840329 
62 298 23 33 0.028382437 
818 441 31 20 0.028379139 
366 374 7 5 0.028370831 
960 150 6 8 0.028365532 
281 373 9 8 0.028360644 
583 342 6 4 0.02835828 
125 582 29 23 0.028351828 
906 52 8 9 0.028332507 
856 220 8 8 0.028315125 
31 156 7 7 0.028313976 
766 38 9 10 0.028292397 
993 142 7 6 0.028250262 
278 410 13 11 0.028234873 
694 570 10 7 0.028232262 
484 50 22 27 0.028221928 
349 196 12 12 0.028219327 
169 576 30 22 0.02821083 
902 445 8 5 0.028197242 
597 633 13 8 0.028170178 
683 591 11 7 0.028166609 
905 660 12 7 0.028155208 
513 61 40 40 0.028139228 
270 349 13 14 0.028134704 
859 54 5 7 0.028097114 
157 216 31 31 0.028081495 
790 8 11 9 0.028072603 
985 22 6 6 0.028055172 
952 13 7 8 0.028047014 
252 472 13 13 0.02804699 
876 533 12 7 0.028034275 
664 172 8 11 0.028028777 
566 622 11 7 0.028016256 
711 222 23 26 0.028007505 
312 416 11 13 0.028005807 
415 605 9 6 0.027998772 
544 232 6 8 0.027982088 
958 667 10 6 0.027981354 
829 45 8 12 0.027980432 
332 259 7 7 0.027962673 
149 585 17 13 0.027957585 
935 205 7 8 0.02795302 
324 441 10 11 0.027951524 
316 341 24 25 0.027949585 
911 201 23 29 0.027936032 
838 27 21 24 0.027922839 
245 320 14 13 0.027906187 
241 415 27 24 0.0279056 
306 399 25 27 0.027904881 
879 413 6 6 0.027895344 
722 566 10 7 0.027869506 
473 34 8 6 0.027858153 
250 432 8 6 0.027847894 
274 365 10 11 0.027824134 
769 -2 19 17 0.027811522 
860 243 27 26 0.027804105 
223 325 29 27 0.027798425 
15 168 5 7 0.027769374 
592 252 10 8 0.027769297 
704 239 6 7 0.02775415 
839 299 4 4 0.02773103 
849 193 10 11 0.02772105 
31 257 26 24 0.02771625 
897 387 5 6 0.027713377 
248 186 26 27 0.027710803 
141 564 28 20 0.027701393 
376 248 11 16 0.0277003 
791 158 13 11 0.027696397 
38 308 24 28 0.027685039 
519 62 9 11 0.027650345 
584 331 5 4 0.027649375 
673 350 5 5 0.027634127 
715 199 11 11 0.027630847 
849 240 8 7 0.027626088 
234 454 12 11 0.027624272 
844 160 10 11 0.027616613 
764 188 25 25 0.02761221 
704 226 7 8 0.027612107 
933 669 8 6 0.027600886 
801 234 5 6 0.027597675 
230 218 9 9 0.027596863 
946 273 6 4 0.027590813 
168 349 50 52 0.027588736 
320 397 29 32 0.027587254 
98 583 30 22 0.027580284 
83 279 42 56 0.027578587 
145 564 11 8 0.027578188 
975 584 13 9 0.02756885 
269 291 9 7 0.02755326 
17 277 91 107 0.027539594 
339 251 7 7 0.027526371 
656 155 19 24 0.027519219 
959 656 8 5 0.027516315 
134 595 26 20 0.027514689 
107 422 26 23 0.027510107 
263 81 5 5 0.027498126 
77 370 53 49 0.027473513 
314 98 7 7 0.027464846 
196 211 11 13 0.027454691 
685 227 5 6 0.027433708 
184 96 9 12 0.027427398 
688 198 9 11 0.027424237 
117 485 30 20 0.027421826 
949 279 4 4 0.027413193 
804 155 11 10 0.027411759 
279 97 12 12 0.02740924 
850 219 9 9 0.027391559 
817 662 8 6 0.027385993 
262 540 7 6 0.027385987 
74 140 9 10 0.027378533 
927 116 6 8 0.027373848 
586 297 22 20 0.027369685 
1012 253 5 7 0.027360583 
144 549 12 10 0.027358048 
68 278 90 111 0.027357046 
206 220 27 29 0.027348962 
914 8 7 5 0.027313033 
970 571 11 7 0.027299332 
579 318 5 4 0.027283628 
578 338 4 4 0.027273767 
827 149 7 8 0.027269393 
163 77 15 12 0.027265044 
157 492 10 9 0.027263233 
62 142 8 9 0.027258389 
749 392 7 6 0.027255287 
952 71 9 11 0.027248504 
934 15 6 6 0.027244456 
231 439 15 14 0.02724046 
728 183 10 13 0.027230678 
130 569 14 10 0.027220195 
847 656 10 7 0.027219668 
804 273 9 9 0.027201498 
59 269 7 9 0.027200736 
895 26 8 8 0.027193513 
839 180 24 25 0.027169207 
695 650 10 6 0.02716826 
239 241 5 5 0.02716452 
882 655 9 6 0.027160436 
741 655 7 5 0.027155748 
927 110 6 8 0.02715522 
854 17 13 13 0.027153635 
260 319 11 14 0.027146945 
196 155 25 27 0.027146883 
899 51 20 27 0.027144337 
268 295 10 10 0.027125984 
229 154 9 11 0.027103066 
845 155 8 9 0.027096635 
711 350 5 5 0.027078649 
80 123 13 13 0.027078524 
293 525 53 44 0.027074162 
167 423 47 48 0.027064348 
602 351 104 99 0.02706428 
12 223 10 12 0.027058965 
721 616 11 7 0.027056523 
126 436 10 10 0.027044816 
57 281 8 9 0.027038904 
567 268 10 10 0.027037296 
371 399 8 7 0.027026247 
822 119 44 57 0.02701766 
312 64 7 8 0.027008351 
539 258 7 7 0.027007278 
302 245 22 28 0.026999397 
993 285 6 5 0.026988883 
647 133 22 25 0.026986541 
555 316 8 6 0.026942436 
828 19 19 25 0.026909057 
168 397 42 45 0.026904726 
971 270 7 7 0.02690249 
57 212 23 24 0.026894739 
279 91 11 10 0.02686788 
648 187 14 18 0.026867872 
538 3 28 20 0.026860291 
791 36 12 12 0.026859427 
256 262 27 27 0.026856631 
625 607 26 13 0.026854612 
423 443 13 9 0.026853617 
123 218 31 35 0.026830133 
955 33 6 9 0.026826646 
890 27 7 7 0.026826063 
105 523 12 11 0.026812138 
523 -10 26 19 0.026805008 
985 14 8 7 0.026799293 
651 1 13 9 0.026787275 
370 416 26 23 0.026772007 
1017 636 7 6 0.026764901 
966 663 8 5 0.02675585 
774 335 114 105 0.026751356 
370 379 8 6 0.026732491 
962 124 5 6 0.02673178 
378 110 6 7 0.026719114 
68 135 9 9 0.026704622 
861 63 8 11 0.02669907 
463 29 4 5 0.026693543 
861 50 18 27 0.026692515 
711 246 6 7 0.026691277 
1001 558 10 7 0.026685432 
3 230 12 15 0.0266641 
743 311 4 5 0.026632579 
946 303 6 5 0.026610667 
367 385 10 9 0.026606023 
37 131 7 7 0.026601119 
1003 358 11 8 0.026586616 
57 83 29 23 0.026579442 
819 655 6 5 0.026575692 
268 313 56 52 0.026570814 
261 211 29 30 0.02657006 
953 668 10 6 0.026568538 
542 565 8 5 0.026566576 
910 413 6 5 0.026561093 
547 251 8 8 0.026560584 
800 276 8 7 0.026557205 
324 366 11 9 0.02655634 
589 601 17 9 0.02654614 
682 68 14 18 0.026500087 
230 272 8 6 0.026499385 
616 597 12 6 0.026488505 
818 28 7 8 0.0264796 
259 661 9 7 0.02646609 
488 67 12 14 0.026459549 
965 154 8 10 0.02645298 
114 366 32 33 0.026452092 
822 403 3 2 0.02644733 
839 311 5 5 0.026447285 
317 422 9 11 0.026446959 
75 128 9 10 0.026444595 
270 491 28 25 0.026440041 
941 292 6 4 0.02643638 
735 181 21 25 0.026428305 
918 93 4 6 0.026423568 
590 331 7 5 0.026422745 
671 438 6 5 0.02641838 
378 106 6 6 0.026417118 
718 292 5 7 0.026414823 
820 650 6 4 0.026413603 
1010 265 8 10 0.026413595 
960 3 6 5 0.026408417 
274 308 9 11 0.026407555 
316 357 12 11 0.026402958 
49 268 21 26 0.026396988 
545 339 28 25 0.02639393 
142 262 50 57 0.026389562 
265 354 14 17 0.02638747 
345 372 13 8 0.026379215 
33 329 21 21 0.026374903 
162 64 12 10 0.026373517 
717 244 7 8 0.026365187 
866 230 25 24 0.026363997 
257 242 8 10 0.026363034 
236 135 9 10 0.026360316 
761 62 32 42 0.026359843 
274 88 11 11 0.026349679 
850 660 8 6 0.026349165 
50 130 8 7 0.026342534 
845 435 32 25 0.026342483 
264 431 28 26 0.02633996 
927 211 8 11 0.026326112 
924 87 3 5 0.026323805 
916 36 5 4 0.026315413 
817 215 25 24 0.026308322 
41 265 10 10 0.02630285 
915 407 7 5 0.026292386 
101 395 32 25 0.026289606 
51 127 22 23 0.026287248 
933 354 6 5 0.02628637 
703 251 10 12 0.026262447 
259 330 14 16 0.026262142 
971 41 7 7 0.02625585 
275 403 26 22 0.026252389 
290 277 6 7 0.02624212 
952 148 8 9 0.02624081 
863 206 8 9 0.026233148 
701 370 11 8 0.026232488 
231 232 6 7 0.026215663 
256 74 5 5 0.026186585 
831 160 9 10 0.026168497 
505 38 9 12 0.026161535 
478 -9 21 22 0.026151307 
832 27 8 9 0.026150944 
415 590 7 6 0.02614629 
617 623 14 7 0.026134446 
929 195 5 6 0.026132127 
253 429 12 12 0.026121086 
478 87 23 25 0.026110634 
40 149 7 7 0.026109843 
919 653 12 8 0.026109539 
703 267 10 12 0.026094541 
208 230 11 12 0.026091773 
957 649 11 6 0.026088597 
196 205 9 11 0.026081754 
693 603 12 8 0.026075687 
229 271 119 93 0.026073905 
869 171 32 25 0.026061013 
143 102 10 11 0.026005642 
266 313 12 14 0.025993098 
856 213 8 8 0.025988372 
400 408 12 11 0.025988322 
987 285 5 4 0.025987664 
124 442 11 11 0.025969565 
1002 26 26 18 0.025969125 
205 449 28 28 0.025953174 
5 174 6 8 0.02593734 
241 641 8 6 0.02592502 
882 438 7 7 0.025918359 
233 126 11 11 0.02591602 
99 209 12 12 0.0259141 
242 636 8 7 0.025894003 
825 179 9 10 0.025890276 
-20 218 177 188 0.025887711 
664 81 21 27 0.025880618 
963 186 25 21 0.025877034 
235 328 9 9 0.025850007 
826 277 6 8 0.025836924 
512 41 6 8 0.02582212 
477 62 13 14 0.025819916 
732 175 12 16 0.02581231 
129 559 25 19 0.02581059 
846 252 28 29 0.025802994 
662 217 9 12 0.02579664 
261 90 8 8 0.025794119 
115 592 8 6 0.025791118 
410 598 7 7 0.025784176 
946 27 6 8 0.02577607 
319 97 8 7 0.025763545 
145 497 51 49 0.025744079 
713 191 25 26 0.025741007 
978 181 7 7 0.025739316 
-6 563 35 53 0.025734728 
555 334 7 6 0.025728488 
870 149 36 23 0.02572308 
689 218 22 24 0.025717933 
559 642 12 7 0.025717895 
692 227 6 6 0.02571768 
870 213 7 8 0.025717638 
760 206 24 27 0.02570607 
326 66 4 6 0.025705867 
208 160 14 15 0.02570453 
388 416 9 8 0.025690129 
853 376 3 5 0.025686199 
725 433 5 4 0.025685214 
795 278 7 5 0.025679989 
623 195 14 16 0.02567338 
800 284 6 7 0.025669334 
62 154 7 9 0.025655674 
607 612 10 6 0.0256466 
215 246 10 10 0.025645936 
57 111 7 7 0.025644736 
695 585 12 8 0.025644703 
863 441 27 21 0.025639907 
358 255 13 14 0.02563226 
137 440 12 13 0.025615415 
910 188 21 24 0.025615307 
685 -1 24 21 0.025605787 
1020 93 5 7 0.025605459 
871 40 7 9 0.025604919 
5 180 7 9 0.025601076 
839 202 25 24 0.025591217 
62 123 9 8 0.025585143 
825 155 8 8 0.025580503 
813 650 6 4 0.02557645 
520 363 24 20 0.025575798 
729 382 6 5 0.02557024 
859 13 14 14 0.025567971 
1017 629 7 6 0.025563221 
248 448 11 11 0.025548138 
251 158 15 16 0.025543615 
635 179 14 13 0.02553675 
461 121 21 26 0.025533553 
146 461 24 22 0.025532544 
939 672 11 8 0.025532428 
951 520 11 8 0.025529755 
1002 98 19 24 0.025529161 
833 348 7 7 0.025527569 
903 431 9 7 0.025514312 
258 369 12 15 0.02551198 
831 155 8 9 0.025510684 
910 392 8 6 0.025505943 
883 393 8 8 0.025505811 
311 70 8 9 0.02550142 
739 0 14 10 0.025498642 
1015 355 8 7 0.025497828 
305 364 29 24 0.025493791 
947 20 6 8 0.025484921 
875 31 8 10 0.025484089 
43 179 7 8 0.025483279 
509 584 10 6 0.025473723 
384 107 5 4 0.02547316 
708 368 8 7 0.02547241 
66 247 19 24 0.025466084 
132 51 9 9 0.025465582 
513 54 6 8 0.02545915 
327 256 7 9 0.025449902 
324 455 9 10 0.025442308 
798 35 12 13 0.025442148 
307 69 24 26 0.025436373 
526 100 13 16 0.025420265 
161 590 16 12 0.025418889 
168 293 197 169 0.025402479 
321 205 20 22 0.02539514 
1000 258 19 24 0.025394348 
948 312 7 5 0.025383564 
110 373 97 82 0.025379414 
701 63 21 24 0.02537873 
999 289 10 9 0.025366666 
324 405 9 10 0.025349706 
937 311 6 5 0.025343584 
258 101 13 14 0.025331443 
813 526 14 8 0.025329774 
106 53 11 8 0.025323378 
127 421 27 24 0.025314776 
959 66 7 7 0.025314653 
64 257 7 9 0.025308859 
1003 -3 12 6 0.025303492 
6 169 5 7 0.025300242 
836 226 24 22 0.025281213 
345 356 33 24 0.025277581 
200 236 45 48 0.025276838 
845 71 21 22 0.02527528 
828 305 6 5 0.025271364 
30 133 9 9 0.025265627 
908 97 5 7 0.025261503 
189 418 25 26 0.02526017 
84 87 6 5 0.025235306 
326 98 22 26 0.025223268 
102 552 9 8 0.025222836 
577 342 5 4 0.025211237 
831 546 9 6 0.025210937 
570 672 15 9 0.025189904 
481 70 14 15 0.025172118 
58 277 7 8 0.025162373 
245 409 15 14 0.025155677 
95 581 18 12 0.025150804 
811 662 9 7 0.025149131 
75 85 87 78 0.025144625 
415 188 18 30 0.02514272 
248 331 12 12 0.0251386 
843 669 8 6 0.025131712 
889 650 8 5 0.02512726 
822 98 3 5 0.025126688 
93 122 11 13 0.025125785 
233 317 28 22 0.025123946 
478 34 9 8 0.025113069 
934 9 6 6 0.025104698 
490 40 9 10 0.025103707 
225 453 15 14 0.025102856 
335 251 22 22 0.02509921 
611 618 11 6 0.025092365 
829 41 20 30 0.02509197 
867 662 10 6 0.02508795 
646 346 29 24 0.025085332 
922 161 7 10 0.02508506 
708 654 12 7 0.02508347 
324 206 9 10 0.025082583 
342 368 12 8 0.0250817 
944 124 7 9 0.025080703 
880 21 9 8 0.025071388 
704 197 10 11 0.025071057 
370 374 7 5 0.02506871 
946 32 6 8 0.025055297 
732 191 13 14 0.02504156 
877 459 6 4 0.025038393 
333 251 6 7 0.025032217 
850 185 9 10 0.02502373 
902 419 8 6 0.025023514 
936 4 5 5 0.025018793 
618 26 10 11 0.025018333 
193 558 13 9 0.02501654 
911 156 22 29 0.025015157 
806 166 10 13 0.025013369 
987 176 5 5 0.025008509 
961 299 5 4 0.0249993 
473 285 25 24 0.024995707 
505 43 22 29 0.02499207 
541 270 12 9 0.024978861 
832 70 7 9 0.024975043 
771 617 12 8 0.024973348 
935 23 5 5 0.024973249 
285 207 40 47 0.024967682 
269 391 24 24 0.024964118 
700 662 9 5 0.024961531 
88 547 9 6 0.024959452 
696 249 20 23 0.024959093 
434 459 7 5 0.024951167 
760 21 18 19 0.024944307 
116 489 7 6 0.024941124 
745 341 6 7 0.024938283 
222 474 30 26 0.024935186 
281 419 15 15 0.024934629 
330 233 11 14 0.024934156 
128 60 23 26 0.02492115 
605 277 9 7 0.024917705 
849 179 10 10 0.024906965 
57 188 7 8 0.024906278 
351 219 83 82 0.024905745 
339 451 8 6 0.024891233 
83 78 26 22 0.024884542 
98 498 105 80 0.02488085 
771 642 9 6 0.024880635 
318 370 28 23 0.024878314 
21 202 15 15 0.024876017 
363 256 21 25 0.024867987 
1012 109 8 11 0.024858195 
528 245 10 9 0.024855942 
140 480 25 19 0.024849392 
459 28 26 25 0.024846027 
170 87 14 13 0.024845548 
128 130 26 21 0.024834557 
376 410 8 8 0.024834538 
106 218 9 10 0.02483062 
840 292 5 5 0.024826007 
711 403 107 95 0.024820542 
550 222 34 42 0.024814663 
747 133 11 12 0.02480966 
863 220 8 8 0.024806386 
646 302 7 7 0.024798373 
833 108 9 11 0.024795778 
498 36 10 13 0.024786344 
246 227 19 27 0.024774062 
934 155 8 11 0.024768323 
991 279 7 6 0.024766762 
311 314 8 9 0.024764407 
709 251 8 11 0.02476401 
878 3 7 5 0.024763523 
842 -181 278 154 0.024762152 
915 16 6 6 0.024762055 
282 303 7 7 0.024754686 
488 106 35 41 0.024747785 
36 185 9 10 0.024737705 
315 377 13 11 0.02473024 
773 26 9 10 0.02472537 
221 197 37 45 0.024724228 
155 576 14 10 0.024723515 
791 2 11 8 0.024720086 
887 237 11 11 0.024714924 
858 348 6 7 0.024713863 
629 616 13 7 0.02471327 
679 433 5 3 0.024710383 
128 566 9 6 0.024709227 
877 39 7 10 0.02470729 
681 21 25 29 0.02469914 
153 477 7 5 0.024689052 
626 25 8 10 0.024686705 
343 119 9 12 0.024679728 
52 204 13 14 0.0246785 
723 392 10 7 0.024676548 
847 265 36 31 0.024673456 
59 162 6 8 0.024671262 
51 188 8 8 0.024669811 
852 381 4 4 0.024663147 
854 80 11 13 0.024661304 
987 307 32 19 0.024656165 
844 233 9 7 0.024648102 
372 479 14 13 0.024633177 
329 449 9 8 0.024631254 
997 -5 28 15 0.024621926 
879 406 6 6 0.024614984 
32 33 30 24 0.024614913 
339 258 8 8 0.024600875 
45 226 15 13 0.024595376 
822 408 3 3 0.024594937 
794 6 24 23 0.024587523 
240 244 5 6 0.02457886 
894 16 7 6 0.024577403 
143 83 9 11 0.024574056 
316 366 10 9 0.024569128 
864 47 6 8 0.024563579 
427 599 10 5 0.024562836 
703 218 9 10 0.024562746 
90 86 7 6 0.024560008 
672 52 24 27 0.024558632 
967 267 6 5 0.024554951 
57 124 6 7 0.024547087 
596 307 16 11 0.02453756 
113 54 9 7 0.024531914 
727 223 26 29 0.024527673 
387 253 12 13 0.024525756 
961 118 5 7 0.02452294 
589 334 7 6 0.024522662 
894 647 9 6 0.024522552 
697 266 22 28 0.024517708 
764 40 21 23 0.024514377 
39 232 15 13 0.024514124 
933 39 6 6 0.024510207 
91 114 27 24 0.024506075 
766 642 9 6 0.024504889 
257 290 6 6 0.024501247 
209 97 9 11 0.024500752 
228 146 10 12 0.024498576 
95 541 9 6 0.024489969 
182 87 11 14 0.02448691 
749 138 20 20 0.024485543 
795 363 4 4 0.02448088 
828 451 32 20 0.024478434 
850 52 7 9 0.024473201 
942 29 5 5 0.024454404 
208 221 11 15 0.024452562 
130 136 12 10 0.024452392 
851 367 5 6 0.0244496 
581 643 10 5 0.024430268 
542 572 9 6 0.024428694 
569 237 9 12 0.024423078 
868 81 10 15 0.024421373 
894 664 7 4 0.024419216 
920 209 9 11 0.02441485 
113 59 10 9 0.024411181 
686 234 5 5 0.024407081 
326 252 7 8 0.024394771 
975 538 12 8 0.024391674 
643 165 13 14 0.024381598 
156 317 42 48 0.02437806 
336 408 54 56 0.024368536 
389 422 10 9 0.02436658 
589 343 7 5 0.02436468 
106 95 16 11 0.024359047 
139 584 11 9 0.024352718 
123 173 25 21 0.024347108 
722 386 7 6 0.02434256 
948 200 7 7 0.02434042 
802 148 10 8 0.024329863 
38 143 8 8 0.024326744 
736 382 6 4 0.024319235 
497 279 11 12 0.024318019 
880 584 13 10 0.024312928 
824 19 9 11 0.024293514 
964 223 31 21 0.024293259 
165 99 22 26 0.024287906 
936 304 6 5 0.024284095 
327 73 5 6 0.024282204 
985 3 6 6 0.024278019 
560 323 8 8 0.024274662 
17 256 12 16 0.024270508 
158 499 11 10 0.024263654 
204 405 24 26 0.024255037 
843 64 10 14 0.024251532 
895 643 7 6 0.024245808 
124 153 27 21 0.024244908 
897 670 5 4 0.024238616 
49 191 10 10 0.02423415 
171 261 28 26 0.024232933 
199 233 15 14 0.024227679 
839 411 27 24 0.024225324 
342 190 14 12 0.024221355 
953 643 9 6 0.024217384 
942 33 5 7 0.024215035 
707 673 14 9 0.024210326 
830 309 7 6 0.024208795 
833 57 18 27 0.024208682 
869 207 8 8 0.024202887 
237 197 26 25 0.024202764 
707 259 10 14 0.024199054 
667 348 6 7 0.024180194 
82 255 8 11 0.024174659 
982 297 6 5 0.024174284 
909 -1 8 4 0.02417394 
972 143 6 7 0.024170702 
833 118 7 7 0.024167854 
906 58 9 12 0.024158841 
740 164 11 15 0.02415745 
139 532 26 22 0.024156904 
687 390 36 23 0.024151457 
947 285 6 5 0.024150366 
146 412 33 27 0.02414982 
112 83 13 9 0.024149 
420 362 25 19 0.02414513 
407 409 10 10 0.024141654 
920 322 7 6 0.024137063 
238 354 54 50 0.02412897 
65 250 7 9 0.024124961 
188 561 14 11 0.02411605 
650 0 28 17 0.024115408 
776 298 5 4 0.024113996 
924 110 6 8 0.024111671 
941 285 5 4 0.024108645 
960 44 21 20 0.024094108 
4 611 10 13 0.024089932 
993 291 7 6 0.024089297 
921 59 7 8 0.024084602 
48 622 9 7 0.024081197 
111 510 28 23 0.02407984 
206 651 6 4 0.024078367 
1006 41 8 6 0.024073273 
99 127 12 12 0.024073211 
854 203 10 11 0.024070615 
320 73 6 6 0.02406679 
782 196 6 5 0.024066132 
690 204 21 23 0.024066037 
904 387 5 5 0.024062304 
252 190 41 38 0.024059717 
248 636 8 6 0.024050014 
249 303 9 8 0.0240389 
784 56 9 12 0.024027493 
12 332 7 11 0.024025988 
679 246 244 198 0.02401687 
998 265 6 7 0.02401125 
849 372 21 23 0.024010088 
271 317 12 16 0.024008775 
268 370 11 13 0.024002003 
893 237 12 12 0.024001066 
882 37 9 13 0.023997921 
844 173 10 11 0.023986237 
301 323 46 50 0.023986202 
704 245 7 7 0.023975791 
645 617 14 7 0.023971248 
296 198 10 9 0.023971103 
685 219 7 8 0.023969771 
139 53 8 9 0.023968093 
112 523 26 21 0.023967212 
958 622 10 8 0.023964945 
244 610 50 44 0.023964198 
173 494 6 9 0.023961779 
74 147 10 13 0.023952268 
899 154 12 12 0.0239448 
159 539 25 20 0.023943922 
614 48 11 13 0.023939528 
801 271 8 7 0.023927527 
152 62 9 12 0.023919737 
247 458 12 13 0.023918953 
827 269 6 8 0.023917066 
43 187 8 9 0.02388623 
673 187 21 22 0.023882514 
889 670 7 4 0.023870878 
117 434 12 13 0.023866436 
810 21 9 9 0.023864508 
880 236 11 11 0.023861924 
11 130 7 8 0.023860393 
389 481 102 82 0.02385887 
107 59 10 8 0.023855424 
874 649 9 5 0.02385414 
703 178 68 84 0.023848223 
823 662 9 6 0.023845632 
118 78 14 10 0.023841456 
187 106 21 29 0.023834407 
87 134 12 15 0.023833172 
62 262 8 9 0.023829913 
508 15 26 25 0.023818238 
220 329 14 13 0.023816092 
145 97 8 10 0.023804294 
964 206 12 9 0.023801254 
903 452 7 4 0.023797708 
642 120 21 24 0.023790885 
857 352 7 9 0.023788083 
119 103 11 10 0.02378686 
1005 270 7 9 0.023779247 
981 151 5 5 0.023776822 
96 565 8 7 0.023769073 
618 121 18 21 0.023768531 
274 291 8 7 0.02376129 
87 42 30 19 0.023759801 
828 118 4 6 0.023757651 
119 575 25 20 0.023748646 
100 567 10 8 0.023746712 
131 56 13 12 0.023741793 
100 86 12 8 0.023734914 
219 435 15 14 0.02370968 
32 124 7 6 0.023694431 
836 164 22 24 0.023676068 
995 13 13 8 0.023673221 
795 285 6 5 0.023670647 
962 217 94 105 0.023667602 
971 148 7 8 0.02366484 
802 344 5 4 0.023659047 
896 21 6 6 0.023658918 
985 7 7 7 0.023644978 
364 406 8 7 0.02362701 
987 48 6 5 0.023624528 
704 425 6 5 0.023623772 
13 216 10 12 0.023618652 
201 422 12 12 0.023611102 
985 298 6 5 0.023605328 
809 407 29 25 0.023604646 
863 360 7 9 0.02360031 
1008 22 12 8 0.023593526 
836 181 9 10 0.023592249 
791 642 9 6 0.023588805 
728 19 10 13 0.023588045 
709 373 7 6 0.02358682 
854 344 20 26 0.023585938 
856 193 8 9 0.023579206 
511 11 53 44 0.02357912 
440 29 46 60 0.023572018 
908 141 26 21 0.0235703 
1005 34 9 7 0.02356691 
871 25 8 10 0.023566427 
760 36 37 46 0.023563065 
291 57 10 10 0.023560781 
495 262 11 11 0.02356042 
1001 301 13 10 0.02355861 
389 387 25 27 0.023555895 
548 590 10 7 0.023553466 
564 349 8 6 0.023549901 
781 40 21 20 0.023546988 
764 335 5 6 0.023537181 
848 198 12 13 0.023532704 
920 381 7 5 0.023529796 
31 144 7 7 0.023524094 
317 396 11 10 0.023522787 
879 160 47 50 0.023518514 
49 635 8 9 0.023515502 
260 458 12 13 0.023513705 
18 228 30 26 0.023503328 
693 642 11 5 0.023502843 
922 65 7 10 0.023501769 
362 117 12 17 0.023496939 
51 135 8 8 0.023495227 
704 274 8 11 0.023491919 
993 651 6 4 0.023490265 
321 62 5 5 0.023489708 
732 386 27 21 0.023481041 
578 269 12 10 0.023478482 
719 368 5 5 0.023476783 
90 553 7 6 0.023465505 
947 115 6 9 0.023463959 
263 291 6 6 0.023460966 
497 20 13 14 0.023459215 
398 431 22 19 0.023452949 
790 142 21 18 0.023451867 
698 226 7 7 0.02344947 
759 14 9 9 0.02344335 
69 261 9 11 0.023427935 
840 83 23 26 0.023425303 
684 449 9 6 0.023420691 
911 376 5 4 0.023420159 
265 97 10 10 0.02340616 
955 267 5 4 0.023403427 
680 402 5 4 0.023400435 
744 183 11 15 0.023398383 
599 270 10 7 0.023398187 
62 532 124 88 0.023381272 
953 129 6 8 0.023379212 
908 401 7 5 0.023374792 
68 58 29 21 0.02337473 
563 610 8 6 0.023371547 
650 591 12 6 0.023361113 
136 169 24 24 0.023355002 
224 226 9 9 0.023343556 
230 637 7 5 0.02333586 
841 217 12 11 0.02332904 
699 193 22 22 0.02332778 
317 439 21 23 0.023327455 
35 181 8 8 0.023316607 
217 282 28 25 0.023316508 
316 411 24 28 0.023314541 
235 641 9 7 0.023311611 
784 284 7 6 0.023310328 
990 34 7 6 0.023300707 
365 402 26 25 0.023299718 
652 14 26 21 0.023287304 
239 98 23 24 0.023285298 
716 252 6 8 0.023282206 
154 58 21 23 0.02326923 
666 130 22 27 0.023265958 
37 524 48 46 0.023261756 
91 74 30 19 0.023257377 
835 217 11 11 0.023252564 
330 264 8 8 0.023238441 
810 5 12 12 0.023229653 
781 643 8 6 0.023220772 
178 565 8 7 0.023217296 
776 305 5 4 0.023200572 
290 396 27 26 0.023196677 
941 66 6 7 0.02318487 
562 44 11 11 0.023177864 
788 300 5 3 0.023173716 
5 319 7 12 0.023170732 
242 443 11 10 0.02317062 
841 198 13 12 0.023166686 
155 488 10 9 0.023159312 
592 347 8 6 0.023150498 
561 112 13 13 0.02314282 
820 271 5 7 0.02314005 
969 653 11 8 0.023136986 
784 521 11 7 0.023132715 
756 132 14 13 0.02312834 
537 271 9 8 0.023126224 
934 116 6 7 0.023125477 
330 271 9 8 0.023122706 
844 1 7 8 0.023119738 
804 2 10 8 0.023118304 
947 207 8 7 0.023101658 
765 219 25 24 0.023100208 
538 250 8 9 0.02309988 
847 382 5 4 0.023097208 
320 336 48 52 0.023082562 
246 354 12 14 0.02308106 
378 418 7 7 0.023077529 
793 137 9 8 0.023076028 
919 329 9 7 0.023062918 
428 590 10 6 0.023058616 
117 62 14 12 0.023056129 
611 -5 13 9 0.023053948 
219 249 23 26 0.023052542 
511 33 7 8 0.023049114 
935 283 6 6 0.023046669 
984 266 9 7 0.023046404 
147 619 5 4 0.023040714 
943 272 5 4 0.023039369 
924 219 18 23 0.023035698 
933 148 8 8 0.02303369 
973 298 6 5 0.023026234 
222 252 7 7 0.023022613 
120 577 10 8 0.023017937 
248 86 21 21 0.02301373 
466 128 10 11 0.023002384 
112 456 23 19 0.023000794 
233 126 23 26 0.023000281 
1003 623 12 8 0.023000114 
873 49 19 28 0.022992501 
855 224 9 10 0.022990724 
895 131 8 7 0.022990292 
16 220 15 17 0.022989517 
725 -191 462 357 0.022981381 
848 166 9 10 0.022976134 
250 237 7 10 0.022975137 
31 502 8 8 0.02297002 
986 151 5 5 0.022969784 
43 172 8 10 0.02296756 
570 318 6 4 0.022962589 
289 491 28 20 0.022961555 
954 201 8 7 0.022961326 
914 174 7 9 0.02295171 
915 22 6 6 0.022949446 
899 643 9 6 0.022946816 
854 336 4 6 0.022945188 
990 590 11 8 0.022933548 
357 302 30 29 0.022933442 
48 121 10 9 0.02292503 
713 660 13 7 0.022923933 
136 499 13 12 0.022921572 
178 119 24 25 0.022917008 
30 123 22 23 0.02290798 
338 102 18 26 0.02290691 
422 584 9 7 0.02289607 
830 56 37 46 0.02289128 
64 70 26 22 0.022887483 
787 155 9 8 0.022881484 
979 137 6 7 0.022874163 
994 657 6 5 0.022864675 
934 293 6 4 0.022864215 
719 355 5 5 0.022862103 
64 640 10 10 0.022861995 
897 438 8 5 0.022853367 
935 298 6 5 0.022845505 
114 586 8 6 0.022840071 
167 194 16 18 0.02283977 
181 -184 509 248 0.022838524 
213 168 25 26 0.02283788 
40 204 15 15 0.022833657 
927 380 6 5 0.022832636 
69 245 8 10 0.022831649 
823 348 8 6 0.022828147 
900 329 11 13 0.02282718 
837 43 8 11 0.02282703 
791 -24 23 19 0.022827012 
691 219 7 8 0.02282565 
223 432 28 26 0.022820694 
859 424 30 25 0.02282062 
717 237 9 10 0.022817973 
326 234 20 24 0.022816889 
293 278 7 7 0.022816172 
165 116 19 23 0.02281523 
819 289 6 8 0.022812096 
269 79 7 7 0.022810506 
596 211 7 11 0.022801936 
345 183 25 23 0.022800203 
329 192 24 21 0.022799917 
55 250 7 8 0.022797951 
724 19 8 12 0.022796974 
1016 374 7 6 0.022791153 
146 48 20 24 0.02278941 
341 74 4 5 0.022786677 
708 188 10 9 0.022786157 
583 248 22 20 0.02278525 
332 244 8 9 0.022781245 
304 270 49 46 0.022778848 
145 90 8 9 0.022776432 
690 635 13 8 0.022772709 
770 27 18 19 0.02277246 
766 254 29 21 0.022772035 
392 106 4 6 0.022764 
238 119 11 13 0.022762258 
934 58 6 9 0.022760851 
820 267 20 29 0.022758912 
927 330 6 5 0.022755729 
831 127 10 11 0.02275157 
827 142 9 8 0.022747656 
827 206 13 11 0.022747423 
306 98 7 7 0.022740211 
124 109 14 11 0.02273126 
678 192 11 12 0.022730848 
129 128 14 11 0.022728905 
934 47 6 7 0.022725895 
520 55 6 8 0.02271676 
552 197 15 13 0.02271661 
862 643 10 5 0.022714661 
66 218 22 26 0.022710793 
675 80 12 16 0.022708224 
496 62 9 13 0.022707004 
530 257 8 8 0.022706628 
942 280 5 4 0.022703348 
867 672 12 7 0.022700597 
651 52 20 24 0.022697091 
303 415 13 14 0.02268681 
966 335 12 9 0.022684803 
624 32 8 10 0.02268426 
279 319 9 12 0.022683436 
616 117 81 84 0.022679893 
120 482 9 7 0.022667948 
130 382 29 31 0.022667315 
334 75 4 5 0.022665778 
12 616 6 8 0.02266015 
206 389 23 29 0.022657143 
831 2 10 10 0.022654768 
512 58 7 9 0.022647612 
837 354 7 6 0.022644127 
89 238 7 10 0.022644015 
721 654 10 6 0.02264224 
728 196 12 15 0.022641953 
178 182 27 29 0.022641206 
258 433 13 13 0.022641178 
137 427 14 13 0.022639927 
999 34 7 5 0.02263897 
915 51 8 9 0.022635913 
110 123 32 27 0.022635635 
932 65 8 11 0.022632571 
151 570 14 9 0.022630677 
707 209 11 13 0.022630371 
729 488 9 6 0.022628883 
136 69 12 14 0.022628566 
306 91 6 7 0.0226234 
943 186 9 10 0.022623153 
331 366 11 10 0.022616563 
928 177 89 81 0.022615112 
813 655 7 5 0.022612909 
1017 662 6 5 0.022612022 
810 155 11 11 0.022606315 
63 116 7 8 0.022603454 
55 178 9 11 0.022602955 
723 283 6 7 0.02259889 
124 70 14 13 0.02259554 
144 115 10 11 0.022593006 
236 144 10 12 0.022591436 
175 594 14 13 0.022587243 
863 647 10 7 0.02257831 
291 355 102 80 0.022574069 
336 357 13 12 0.022572273 
871 336 18 30 0.02256911 
370 256 10 13 0.022561414 
307 104 7 9 0.022560809 
917 47 7 8 0.022559583 
194 240 27 26 0.022559404 
147 538 12 10 0.022555359 
795 292 5 4 0.022550158 
471 111 10 11 0.02254426 
134 591 8 7 0.022543661 
661 648 11 7 0.02252971 
137 577 12 10 0.022525394 
275 278 6 6 0.022522109 
649 603 13 7 0.0225216 
836 666 10 8 0.022519238 
313 241 20 28 0.02251564 
484 196 9 14 0.02250985 
222 271 9 8 0.022507759 
965 290 7 6 0.022506788 
74 301 24 36 0.022506528 
979 142 6 7 0.022503195 
602 348 6 5 0.022502603 
269 547 8 6 0.022501508 
797 2 11 8 0.022499386 
281 291 7 7 0.022498196 
13 602 6 10 0.022496393 
130 94 12 12 0.022494543 
551 350 6 5 0.022492032 
903 399 7 7 0.022479832 
156 551 13 9 0.02247099 
178 617 7 7 0.022468487 
337 218 8 9 0.022466304 
118 95 13 10 0.022464672 
512 316 5 5 0.022457892 
890 445 6 4 0.022457477 
470 30 5 5 0.022446165 
105 212 10 10 0.022442939 
70 147 8 10 0.022439737 
699 432 5 4 0.022435449 
565 336 5 5 0.022432698 
343 258 8 8 0.022430658 
37 135 23 24 0.022427341 
228 643 10 6 0.02242681 
238 630 7 6 0.02242612 
331 205 11 10 0.022419369 
243 251 6 8 0.022417936 
92 594 33 22 0.022412669 
952 135 7 9 0.022411978 
847 388 4 4 0.022410274 
630 458 11 7 0.022410033 
48 143 20 23 0.022408135 
965 203 9 6 0.022407396 
378 425 7 6 0.022398526 
972 278 6 6 0.022398395 
178 283 51 56 0.022396818 
366 114 20 25 0.022394663 
986 664 6 4 0.022394126 
908 32 6 7 0.022391804 
962 267 5 4 0.022389067 
908 419 6 4 0.02238866 
561 55 22 26 0.02238326 
982 269 11 8 0.022369897 
229 222 22 25 0.022369532 
710 359 8 6 0.022367263 
766 545 12 7 0.022356208 
264 294 22 23 0.022350727 
602 312 12 10 0.022348955 
548 300 12 8 0.02233836 
926 122 7 8 0.02233759 
666 445 6 4 0.022332363 
175 611 29 24 0.022332186 
723 59 6 8 0.022326706 
801 225 6 8 0.022323227 
491 262 23 22 0.02232077 
716 282 7 9 0.022314502 
549 19 25 25 0.022311157 
954 279 5 4 0.022301542 
674 218 22 24 0.022292813 
265 419 15 15 0.022292575 
60 212 10 12 0.022292558 
528 237 10 10 0.022290306 
910 405 6 5 0.022284077 
45 130 8 8 0.02227883 
941 211 7 10 0.022277392 
715 190 12 11 0.022276634 
698 237 7 8 0.022270706 
666 439 6 4 0.022269756 
664 185 8 10 0.022265622 
294 418 24 27 0.022259979 
787 30 22 22 0.022248967 
602 619 8 5 0.02224831 
658 198 9 12 0.022246778 
810 669 9 6 0.022241862 
168 51 20 19 0.022240251 
417 379 27 22 0.02223752 
816 155 8 8 0.022229806 
601 622 12 8 0.022227619 
91 401 60 53 0.022224553 
788 207 6 6 0.022221154 
696 267 10 12 0.022219822 
48 275 8 10 0.022216072 
740 214 22 30 0.022208989 
568 137 8 9 0.022206012 
881 430 7 7 0.022205178 
708 650 10 5 0.022204727 
260 534 8 8 0.022203756 
524 270 7 8 0.02219873 
520 240 23 25 0.022195682 
724 246 24 27 0.02219505 
304 493 28 18 0.022188045 
624 611 12 6 0.022182878 
999 259 5 5 0.022182599 
374 132 26 24 0.022177186 
664 145 22 26 0.022176677 
658 67 22 30 0.02217647 
947 260 5 4 0.02217294 
170 500 23 30 0.02216989 
550 315 8 6 0.02216802 
992 661 8 5 0.02216751 
69 72 9 7 0.022166321 
254 489 24 26 0.022164088 
913 456 10 6 0.022160511 
940 182 8 9 0.022155445 
379 170 37 44 0.022149226 
165 494 7 8 0.022143967 
340 327 6 8 0.022134092 
547 264 9 9 0.022131687 
730 428 5 3 0.022128595 
848 211 10 10 0.022126472 
244 451 24 27 0.02212548 
231 240 5 6 0.022121241 
730 285 5 5 0.022115618 
915 412 9 6 0.022114147 
328 218 22 25 0.022114022 
948 252 6 5 0.022113351 
728 13 9 10 0.022109535 
639 314 8 8 0.022109354 
907 47 6 7 0.022105027 
346 445 9 7 0.022099035 
425 297 48 43 0.022097405 
584 349 6 4 0.022093156 
208 79 13 14 0.022084855 
62 111 8 8 0.022080416 
588 323 8 5 0.02207328 
362 57 3 3 0.022072325 
47 235 12 11 0.02206851 
104 518 23 20 0.02206847 
633 -9 21 19 0.022064494 
203 60 37 38 0.022061102 
892 569 14 9 0.022058886 
364 379 9 7 0.022056319 
59 62 11 11 0.022056257 
927 131 6 7 0.022054978 
234 333 10 10 0.022048883 
680 655 12 7 0.022042613 
125 56 12 11 0.022041949 
707 419 25 20 0.022036057 
493 18 11 11 0.022034926 
378 96 8 8 0.022034034 
-9 7 77 99 0.02203395 
214 187 27 26 0.02201983 
902 -1 7 3 0.02201931 
169 253 48 54 0.022018244 
290 62 10 12 0.02201327 
99 47 12 8 0.022011088 
438 442 11 8 0.02200586 
344 464 9 7 0.02200355 
512 27 7 8 0.022002552 
5 211 9 12 0.022002036 
325 283 8 8 0.021999191 
862 224 9 10 0.021997547 
374 51 4 3 0.02199341 
409 425 7 6 0.021992432 
655 126 11 14 0.021992056 
586 642 11 8 0.021990625 
783 299 4 3 0.021990186 
107 558 9 8 0.021989115 
390 417 27 22 0.021986213 
235 152 10 13 0.021974612 
410 601 26 19 0.02197387 
145 481 13 10 0.021973338 
722 379 7 7 0.02197205 
784 142 9 7 0.021970564 
800 299 5 5 0.02196971 
777 173 11 12 0.021969613 
2 123 21 26 0.021964166 
863 199 9 9 0.021961564 
-3 524 32 50 0.021960171 
112 434 22 23 0.021958504 
371 426 6 5 0.021949252 
746 117 9 10 0.021948496 
158 545 11 10 0.021947168 
182 248 30 27 0.021942757 
350 415 30 25 0.021942733 
269 268 26 25 0.021937208 
764 324 4 4 0.021936245 
870 45 7 11 0.02193198 
898 97 5 7 0.021931045 
658 347 8 8 0.02192407 
284 290 23 23 0.02192318 
416 586 6 6 0.021914791 
650 642 12 6 0.021914449 
274 291 53 44 0.021912346 
711 231 7 8 0.021908272 
959 139 8 9 0.021905499 
537 264 8 7 0.021901442 
949 47 18 21 0.021901134 
862 142 10 11 0.021899771 
828 335 7 6 0.021899462 
962 272 6 5 0.021895709 
505 103 10 10 0.02189565 
734 643 9 6 0.02189561 
466 -9 20 22 0.021892732 
762 92 39 49 0.02189267 
198 105 35 44 0.02189123 
676 166 24 27 0.021882836 
216 102 13 11 0.021881923 
934 52 6 8 0.02186963 
35 72 11 9 0.021868007 
578 330 4 4 0.021867 
222 83 12 10 0.021863831 
929 318 5 5 0.021859601 
48 159 20 26 0.021857155 
393 418 9 7 0.021856578 
1 211 21 27 0.021855928 
907 425 7 6 0.02184785 
281 308 8 10 0.021847218 
317 402 11 12 0.021846253 
901 135 26 16 0.021842696 
249 435 10 9 0.021839486 
11 609 6 9 0.021837004 
18 331 9 11 0.021835435 
297 332 12 12 0.02183107 
622 605 12 6 0.021829834 
971 202 9 7 0.021828953 
321 269 21 20 0.021826744 
840 314 26 28 0.021823721 
146 64 9 11 0.021812033 
829 -2 19 19 0.021811286 
534 57 12 13 0.02181104 
708 296 8 10 0.021808293 
524 258 8 8 0.02180761 
890 275 28 31 0.02179594 
129 571 28 21 0.021793367 
220 90 14 11 0.02179113 
973 266 6 6 0.021790104 
422 196 18 29 0.021789586 
955 273 5 4 0.02178951 
63 -166 294 136 0.021788724 
145 577 13 9 0.021786949 
236 623 25 19 0.021785125 
955 206 9 7 0.021783149 
356 397 10 8 0.021775326 
282 276 21 23 0.02177197 
942 133 8 11 0.021770015 
549 322 8 8 0.021763949 
492 245 21 23 0.021761823 
197 263 11 11 0.021758223 
381 57 3 4 0.02175757 
720 317 20 27 0.021756476 
850 411 7 6 0.021755047 
1007 132 7 5 0.021754207 
673 318 9 12 0.021752834 
467 73 24 29 0.021740438 
820 43 9 13 0.021738987 
656 190 10 13 0.021737112 
709 272 21 28 0.021736776 
842 225 11 9 0.02173655 
157 539 11 10 0.021735137 
58 258 7 8 0.021731524 
0 575 8 17 0.021729281 
524 265 7 7 0.02172366 
917 98 5 6 0.0217212 
70 185 12 13 0.02171848 
724 12 7 10 0.02171451 
940 298 6 5 0.021713799 
538 231 7 9 0.02171098 
595 33 9 10 0.021704946 
14 149 6 7 0.02170336 
915 182 5 8 0.021702938 
931 661 8 5 0.02170057 
333 262 25 23 0.021699304 
876 4 24 17 0.021698795 
771 147 9 10 0.021695962 
345 251 7 7 0.021694554 
340 79 4 6 0.021691378 
744 305 4 5 0.02168954 
706 356 5 4 0.02168907 
602 3 22 20 0.021689015 
658 340 8 9 0.021686718 
200 454 12 14 0.021685792 
215 216 9 13 0.021680411 
29 250 11 10 0.02167986 
917 377 5 4 0.021677097 
826 161 7 9 0.021676067 
120 572 9 7 0.021674972 
826 49 8 13 0.021674342 
770 299 5 4 0.021670897 
171 559 59 42 0.021667074 
887 513 9 7 0.021664018 
869 199 8 9 0.021663478 
701 650 10 6 0.021662569 
376 122 7 9 0.021662198 
75 156 9 12 0.021660324 
772 142 9 9 0.021660304 
286 326 11 11 0.021657273 
967 258 7 6 0.021642996 
253 437 27 27 0.021640053 
832 662 8 6 0.021639604 
933 674 9 6 0.021636982 
973 252 6 6 0.021633375 
61 276 8 10 0.021631869 
822 94 3 5 0.021622293 
652 103 8 11 0.021620104 
575 649 8 5 0.02161962 
392 295 27 26 0.021617742 
220 152 12 14 0.0216112 
43 73 9 8 0.021606833 
243 455 10 10 0.02159871 
710 226 8 9 0.021593818 
146 499 28 25 0.021593623 
283 513 32 19 0.02158773 
196 435 11 11 0.021586828 
916 85 5 7 0.021582106 
134 469 8 6 0.021581737 
595 71 9 9 0.021575125 
181 267 15 14 0.02157452 
926 65 9 12 0.021574488 
533 71 41 48 0.021567209 
107 530 10 9 0.021565866 
187 434 23 25 0.02156477 
466 109 20 25 0.021564677 
773 203 7 6 0.021562833 
485 538 16 9 0.021561192 
1000 1 29 16 0.02155842 
812 144 6 6 0.021554962 
942 22 5 5 0.02155469 
110 102 13 10 0.021549953 
224 275 10 9 0.021546742 
86 246 20 28 0.021542847 
599 180 8 10 0.021541933 
863 193 9 9 0.021540815 
528 230 22 24 0.021534033 
533 249 22 22 0.021533519 
980 278 7 6 0.021533359 
599 585 9 6 0.02153335 
914 398 8 6 0.021532305 
38 291 46 54 0.021531291 
312 342 12 14 0.02153045 
48 110 42 44 0.021522103 
441 553 7 5 0.021519603 
325 102 8 9 0.021501657 
376 367 9 6 0.021494191 
855 413 29 21 0.021488544 
873 237 29 27 0.02148592 
285 333 12 12 0.021482673 
139 480 11 9 0.021481233 
805 346 8 6 0.021480942 
243 471 30 27 0.021478102 
1001 255 4 4 0.021473989 
12 325 9 12 0.0214701 
269 553 9 7 0.021465851 
331 275 10 8 0.021464627 
380 404 27 23 0.021454072 
58 262 8 10 0.021450993 
836 58 8 13 0.02145046 
847 449 33 21 0.02144846 
694 137 22 28 0.021446502 
890 20 7 7 0.021446476 
776 130 25 21 0.02144564 
172 53 11 8 0.021442212 
290 427 12 14 0.021437949 
808 338 5 4 0.02143644 
560 61 12 15 0.021430563 
235 144 24 27 0.021425972 
173 48 8 7 0.021425592 
439 179 9 11 0.021424161 
175 139 26 24 0.02142178 
476 30 5 5 0.021420307 
493 8 11 11 0.021419153 
325 92 8 9 0.021417314 
855 656 9 5 0.02140871 
843 33 8 9 0.021401588 
981 158 5 5 0.02139833 
212 191 71 87 0.021398304 
934 143 6 6 0.021395369 
882 410 8 8 0.021393925 
802 221 21 29 0.021393642 
928 143 7 6 0.02138618 
659 314 8 9 0.021385303 
505 108 26 23 0.02137913 
252 253 4 6 0.021373926 
324 463 9 7 0.021370867 
844 57 8 13 0.021370443 
601 625 17 11 0.021369526 
446 444 12 7 0.021367626 
292 283 9 10 0.021367611 
143 618 5 4 0.021355687 
134 124 41 46 0.021354653 
953 341 8 6 0.021352941 
169 582 12 9 0.021350458 
881 650 9 5 0.021346977 
345 450 9 6 0.021343142 
543 361 28 18 0.021342577 
267 90 8 9 0.021342056 
170 101 11 12 0.021341458 
770 318 4 3 0.0213395 
135 490 13 12 0.021337925 
876 663 8 5 0.021337101 
941 266 5 4 0.02133634 
269 102 24 28 0.02133373 
672 297 5 6 0.021331418 
141 116 70 79 0.021328887 
363 415 10 8 0.021327639 
844 238 9 7 0.02132652 
228 396 9 12 0.02132622 
68 260 19 25 0.021326162 
735 389 5 4 0.021318274 
427 438 10 7 0.021315653 
702 616 11 8 0.021312362 
810 349 28 20 0.021310214 
19 235 50 53 0.021305047 
678 75 36 39 0.021304853 
36 305 11 12 0.021303695 
320 93 7 7 0.021302387 
20 246 30 25 0.021300409 
745 286 5 5 0.021297844 
810 168 46 49 0.021291342 
69 133 20 23 0.02129074 
132 435 12 11 0.021284413 
729 433 6 4 0.021279465 
721 186 10 12 0.021278858 
75 262 8 12 0.021271497 
752 616 10 7 0.021267213 
142 414 15 13 0.021255683 
249 283 7 7 0.021253917 
112 565 25 20 0.02125373 
144 70 10 12 0.02124244 
838 71 9 11 0.021239107 
775 527 10 6 0.02123443 
630 202 12 14 0.021229604 
331 444 25 20 0.021228477 
94 564 24 20 0.021228034 
968 252 7 6 0.02122237 
717 414 6 5 0.0212208 
1001 125 23 20 0.021220488 
10 236 10 11 0.021219263 
530 354 25 19 0.021217095 
567 166 8 10 0.021216424 
51 331 21 30 0.021216089 
670 19 24 26 0.021216018 
543 121 23 22 0.021205893 
69 176 30 36 0.021201262 
247 309 11 9 0.021196214 
809 376 5 4 0.02118943 
761 62 11 11 0.021188296 
876 654 9 6 0.02118761 
109 90 14 10 0.021187192 
377 85 10 11 0.0211836 
879 380 4 7 0.02118319 
785 225 20 25 0.021183081 
53 52 21 20 0.021178484 
84 80 7 5 0.02117051 
33 119 5 5 0.021170016 
641 310 7 7 0.021168051 
900 148 11 9 0.021165203 
245 110 36 40 0.021155694 
715 622 11 8 0.02115129 
181 94 21 29 0.021145036 
875 218 8 10 0.0211427 
529 53 12 11 0.021139838 
755 394 6 5 0.02113728 
11 91 7 7 0.021136625 
792 39 41 57 0.021136178 
292 371 12 9 0.021132842 
311 208 11 13 0.021131486 
650 -19 23 19 0.02113059 
-4 604 36 62 0.021129904 
39 156 6 8 0.02112893 
875 634 12 7 0.021128394 
304 71 9 9 0.021119626 
686 414 5 4 0.021119475 
980 266 8 7 0.021119297 
743 431 7 5 0.02110879 
833 85 6 7 0.0211086 
742 264 7 9 0.021105278 
920 148 10 8 0.021098722 
74 98 9 8 0.021093782 
973 285 6 5 0.021093655 
986 292 6 5 0.021091195 
845 52 7 10 0.021087443 
549 245 8 7 0.021080513 
59 328 52 60 0.021079926 
705 362 6 5 0.021079514 
824 2 10 9 0.021074656 
980 40 6 6 0.021065835 
359 380 28 24 0.021063706 
107 48 9 6 0.021061292 
962 305 4 4 0.0210612 
416 594 28 17 0.021060752 
168 615 13 9 0.021060655 
992 275 46 49 0.02105973 
814 276 6 7 0.02105769 
24 98 76 93 0.02105571 
178 648 9 7 0.02105074 
162 394 14 15 0.021049773 
61 129 11 10 0.021047685 
154 190 79 82 0.021047052 
710 282 7 11 0.021045972 
920 393 8 6 0.021041756 
716 380 7 6 0.021039292 
231 265 6 6 0.02102588 
696 199 10 10 0.021023696 
844 45 8 10 0.021014526 
565 246 12 13 0.02100813 
445 112 11 9 0.02100769 
225 321 12 10 0.020999994 
44 144 7 7 0.020988366 
408 417 25 23 0.020987835 
61 97 27 25 0.020987302 
985 202 30 24 0.020987283 
196 554 10 7 0.020984437 
280 377 11 12 0.020983044 
959 202 8 6 0.020981075 
824 667 11 8 0.020979807 
714 578 10 6 0.02097953 
210 423 11 11 0.020979332 
25 175 19 22 0.020977398 
115 483 7 5 0.02097711 
632 315 7 8 0.020975823 
1013 246 5 6 0.020973846 
818 230 26 24 0.02097329 
338 244 8 9 0.020972773 
670 187 8 9 0.020962112 
87 152 9 13 0.020960728 
829 298 5 5 0.020951906 
746 164 11 12 0.020948749 
208 91 10 10 0.020946914 
805 -19 21 19 0.02094581 
116 428 13 12 0.020944225 
3 40 36 20 0.020942584 
838 330 5 5 0.0209401 
672 93 21 25 0.02093424 
171 642 10 7 0.02093388 
921 188 5 8 0.020933025 
115 199 8 11 0.020928191 
653 451 8 5 0.020924738 
953 19 6 9 0.020921946 
394 310 94 84 0.020917635 
750 414 6 4 0.020910246 
10 626 10 14 0.020905403 
557 256 8 9 0.020903267 
861 77 9 10 0.020902125 
570 230 7 11 0.020901274 
710 275 8 10 0.020896336 
75 84 9 8 0.020893773 
176 607 12 10 0.020892538 
565 342 6 5 0.020889794 
144 109 10 10 0.020888288 
967 271 7 6 0.020886967 
846 355 5 5 0.02088463 
206 454 14 16 0.020883419 
126 431 9 8 0.020879064 
949 65 6 8 0.0208701 
851 54 19 25 0.020869292 
917 41 5 5 0.020865893 
562 290 6 7 0.020864448 
914 322 8 7 0.02085784 
198 186 22 24 0.020851139 
869 546 10 7 0.020851051 
927 322 6 5 0.020850863 
70 60 8 6 0.020850433 
877 59 6 10 0.020849796 
192 507 9 11 0.02084553 
714 649 10 5 0.02084426 
720 64 8 10 0.020839572 
383 430 8 8 0.02083889 
852 660 27 16 0.020836832 
850 233 7 7 0.020833453 
632 57 8 12 0.020832185 
147 477 9 6 0.020831002 
286 302 24 22 0.020830438 
686 432 5 4 0.020829227 
574 43 10 15 0.02082911 
650 636 11 7 0.020828152 
833 20 8 9 0.020827744 
142 297 43 52 0.020827694 
882 424 6 7 0.020826621 
789 80 36 50 0.020823684 
817 228 12 16 0.020822443 
974 137 5 6 0.020820554 
409 611 7 6 0.020820336 
674 313 9 11 0.020819357 
892 45 10 13 0.02081649 
990 7 12 9 0.02081434 
730 278 5 6 0.020813148 
904 382 4 5 0.02080208 
414 397 25 21 0.020801721 
16 161 8 8 0.020795522 
267 300 11 12 0.020790195 
672 446 6 4 0.020787694 
394 429 11 9 0.020786949 
745 328 5 6 0.0207823 
710 388 29 23 0.02078211 
687 239 4 6 0.020781504 
31 536 9 10 0.02078118 
829 145 11 11 0.020776989 
6 239 24 26 0.020775376 
1006 138 8 5 0.02077044 
768 177 21 22 0.020770237 
184 642 24 21 0.020767763 
68 229 11 12 0.020759687 
0 224 7 11 0.020759445 
163 378 26 30 0.020757874 
967 220 15 11 0.020752719 
232 227 7 7 0.020748165 
741 629 9 7 0.020741394 
990 251 22 23 0.020737357 
224 244 7 8 0.020736301 
658 179 10 12 0.02073567 
164 501 9 10 0.020734187 
716 274 9 11 0.020732721 
630 151 21 22 0.020731023 
202 248 12 11 0.020722201 
527 285 5 6 0.020720556 
509 118 13 12 0.020717893 
742 152 11 12 0.020715538 
94 571 13 9 0.02071421 
717 361 6 6 0.020713849 
191 499 9 9 0.0207104 
305 318 10 11 0.020708898 
746 173 10 12 0.020707589 
373 80 20 22 0.02070697 
264 276 8 8 0.02070678 
946 291 7 5 0.020706572 
554 289 8 7 0.020706026 
715 572 10 7 0.020705886 
624 323 5 6 0.020699022 
965 78 8 11 0.020698834 
358 419 7 6 0.020697774 
440 296 11 9 0.020697277 
418 425 6 6 0.020694101 
833 375 6 5 0.020690203 
992 254 5 5 0.020688528 
261 467 10 11 0.020685421 
409 432 7 6 0.020681031 
974 261 24 19 0.020677038 
575 611 8 5 0.020676874 
929 86 5 7 0.020673782 
484 34 9 9 0.020672973 
920 152 10 11 0.02067249 
967 299 5 4 0.020667734 
818 2 23 24 0.020664982 
294 257 23 26 0.02065706 
907 116 7 9 0.020654373 
645 655 12 7 0.02065197 
848 244 10 9 0.020648256 
784 -2 10 7 0.020643117 
717 266 9 13 0.02064254 
4 224 10 13 0.020637102 
841 192 12 11 0.02063669 
718 129 22 27 0.020636195 
149 594 14 10 0.020635877 
859 382 5 5 0.020634249 
539 245 6 7 0.020631868 
795 146 86 89 0.020625016 
232 244 6 7 0.020624442 
475 16 4 6 0.020620355 
265 107 11 13 0.020619998 
846 375 4 4 0.02061925 
48 639 10 11 0.020617101 
869 655 8 6 0.02061654 
580 -7 24 17 0.020616513 
561 316 7 7 0.020615747 
241 229 9 11 0.020615399 
203 204 8 10 0.020614943 
953 285 7 4 0.0206145 
5 192 8 13 0.020614216 
547 577 11 7 0.020613335 
602 156 25 23 0.020608604 
821 163 22 26 0.02060843 
792 649 9 6 0.0206083 
17 156 7 7 0.020606155 
586 171 11 16 0.02060479 
946 266 6 4 0.02060345 
754 172 12 11 0.020602651 
855 507 12 7 0.020600911 
95 546 9 7 0.020597683 
242 198 11 11 0.020596212 
1018 257 6 9 0.020595698 
433 604 12 7 0.020593366 
883 662 8 5 0.020589255 
915 636 10 7 0.020588137 
812 -2 21 19 0.0205852 
253 480 11 11 0.020583052 
904 375 4 5 0.020581702 
1008 254 5 5 0.020576183 
543 33 9 8 0.020576008 
166 97 8 9 0.0205719 
764 134 11 12 0.020569863 
145 570 11 9 0.020569053 
902 424 8 7 0.020567909 
377 431 7 7 0.020567687 
252 96 13 13 0.020562341 
31 314 10 10 0.020553911 
863 366 8 9 0.020552127 
962 278 6 5 0.020551924 
733 634 12 7 0.020551382 
719 203 12 14 0.020550465 
442 193 7 8 0.020547891 
733 392 7 6 0.02054639 
390 117 7 7 0.020538911 
279 313 9 12 0.020537939 
599 40 8 9 0.020537307 
493 24 9 10 0.020536773 
287 270 8 9 0.02053242 
229 257 26 25 0.02052425 
530 28 8 7 0.02052128 
646 297 7 8 0.020521183 
120 592 8 5 0.020521054 
943 16 4 5 0.020518845 
230 241 23 27 0.020516327 
323 389 11 13 0.020516261 
972 156 6 6 0.020514458 
628 162 9 8 0.020507114 
177 168 28 25 0.020502934 
932 351 8 5 0.020500392 
965 65 9 8 0.020498058 
257 108 21 23 0.020497084 
242 334 10 9 0.020497054 
688 655 13 7 0.02049541 
126 469 10 7 0.020494906 
485 197 19 24 0.020491084 
684 637 26 15 0.02049043 
590 13 23 24 0.020481084 
240 253 5 6 0.020480068 
667 118 20 25 0.020477114 
14 162 6 7 0.020475157 
42 256 10 9 0.020473655 
954 259 5 5 0.020473646 
358 411 9 7 0.02047127 
724 437 7 5 0.020469038 
839 42 20 29 0.020468647 
1004 143 9 5 0.020468513 
750 304 5 6 0.020467725 
786 160 9 9 0.020465778 
77 258 37 53 0.020465514 
36 78 10 9 0.020463824 
133 95 22 22 0.020459274 
271 83 22 22 0.020457959 
934 129 6 7 0.02045736 
317 226 11 14 0.020456195 
876 423 8 7 0.020453697 
862 232 9 8 0.020445183 
715 70 17 22 0.02044332 
659 307 9 10 0.020443011 
730 334 6 7 0.020442972 
281 59 6 7 0.020437235 
468 35 7 5 0.020437058 
904 457 7 5 0.020436894 
530 265 7 7 0.020435473 
746 157 13 13 0.020425225 
823 169 11 13 0.0204245 
651 359 32 22 0.020424131 
928 77 7 10 0.020419618 
115 413 29 24 0.020418061 
666 -17 21 19 0.02041742 
745 386 7 6 0.020415543 
721 14 18 25 0.02041004 
54 237 10 10 0.020409686 
951 25 17 23 0.020409334 
844 368 5 5 0.020406844 
70 268 8 10 0.020405674 
751 17 12 14 0.020405395 
215 66 8 10 0.020403415 
298 322 25 29 0.020399861 
962 158 9 12 0.020397963 
332 457 8 7 0.020397484 
218 375 6 6 0.020395897 
920 138 8 6 0.020392787 
43 610 7 7 0.020390011 
883 386 5 7 0.020384505 
77 61 7 5 0.020377899 
649 597 14 8 0.020376224 
876 206 8 8 0.020368878 
825 342 8 6 0.020356555 
985 162 5 5 0.020352978 
626 322 7 9 0.020352548 
124 101 13 11 0.020346593 
280 404 10 9 0.020342642 
950 54 5 6 0.020339519 
645 642 10 7 0.02033858 
247 73 22 22 0.020337986 
577 311 6 5 0.020336535 
942 60 5 7 0.020335956 
594 343 7 6 0.02033363 
543 27 8 7 0.020332318 
952 251 8 6 0.020329768 
658 210 10 12 0.020326165 
36 282 25 28 0.020322865 
410 180 7 12 0.020318395 
188 397 27 25 0.02031435 
126 559 10 6 0.020312494 
81 138 10 13 0.020308778 
127 554 8 6 0.02030724 
790 49 12 14 0.02030556 
37 532 7 9 0.020301895 
902 412 8 6 0.020299518 
728 654 10 6 0.020297855 
246 345 12 14 0.020296851 
368 58 3 2 0.020292576 
464 42 5 6 0.020286184 
330 416 10 11 0.020285284 
828 426 35 25 0.020277215 
851 672 10 9 0.020275757 
728 590 10 8 0.02027152 
70 322 21 31 0.020270085 
861 319 20 25 0.020269567 
575 329 24 20 0.02026929 
269 419 26 27 0.020266254 
988 182 33 23 0.020265413 
822 306 5 4 0.020261943 
339 380 17 13 0.020261524 
126 591 9 7 0.020258632 
856 187 7 8 0.020257633 
856 239 8 7 0.020256523 
24 489 11 13 0.02025599 
133 363 26 33 0.020254785 
854 342 4 5 0.020253023 
577 350 5 4 0.02025137 
920 142 9 6 0.02024899 
169 522 25 25 0.020245505 
112 70 13 10 0.020244015 
126 476 11 7 0.020243438 
880 445 25 19 0.0202378 
1012 301 14 12 0.020235855 
263 501 23 28 0.020233834 
220 266 25 23 0.020232655 
852 291 7 6 0.02023034 
716 234 23 27 0.020230262 
74 91 10 8 0.020225836 
849 647 10 7 0.020224953 
343 217 22 29 0.02022229 
625 19 9 11 0.020219885 
524 276 7 7 0.020218914 
61 221 13 13 0.020217106 
125 63 13 12 0.020215463 
216 238 9 9 0.020208834 
598 295 14 11 0.020207388 
403 315 8 8 0.020206051 
306 85 7 8 0.020205203 
432 450 10 6 0.020204604 
973 290 7 5 0.020196281 
773 70 11 15 0.020195464 
581 70 8 12 0.02019414 
391 235 20 27 0.020193554 
135 158 23 22 0.020193474 
279 533 10 7 0.020192236 
975 628 14 8 0.020191433 
402 418 9 7 0.020189425 
803 338 4 2 0.020189308 
416 432 7 6 0.020187901 
878 105 23 28 0.020180214 
106 539 9 7 0.020179769 
89 92 8 6 0.020177979 
677 4 22 23 0.020177634 
43 134 9 9 0.020174343 
873 105 11 15 0.020172318 
836 172 11 11 0.020170258 
134 270 28 34 0.020170178 
174 534 25 25 0.020167515 
559 121 12 11 0.02016736 
576 309 23 20 0.020167008 
257 284 5 6 0.020166738 
786 279 7 5 0.020166654 
979 130 6 6 0.020157857 
199 93 22 27 0.020154905 
83 552 6 6 0.020147523 
166 103 8 9 0.020143442 
903 671 6 4 0.020142697 
110 302 22 37 0.02014259 
838 51 7 11 0.020140707 
749 458 7 5 0.020138869 
476 23 4 5 0.020130603 
306 62 9 9 0.020126088 
683 211 8 10 0.02012036 
843 642 9 6 0.020119209 
186 622 8 7 0.020117242 
880 244 11 10 0.020114807 
839 368 6 6 0.020111749 
96 554 7 6 0.020108404 
336 115 20 27 0.020107562 
66 195 36 45 0.020107422 
652 303 6 6 0.020104088 
985 40 7 6 0.020103784 
445 456 11 6 0.020101845 
832 265 7 9 0.02009844 
262 282 25 23 0.020096576 
269 539 8 7 0.020095816 
679 446 7 4 0.020094827 
795 299 4 4 0.020088362 
312 276 11 10 0.020087799 
555 599 9 6 0.02008593 
90 245 6 10 0.020085739 
810 355 11 8 0.020085726 
58 626 9 10 0.020085368 
667 634 13 9 0.020084998 
897 676 7 3 0.02008396 
718 296 5 7 0.020081116 
137 551 14 10 0.020078106 
837 637 10 6 0.020077746 
694 185 11 11 0.020077365 
857 232 7 7 0.020076225 
719 349 5 5 0.0200757 
657 591 12 7 0.020075465 
850 5 10 10 0.020075053 
27 125 6 6 0.020068835 
911 43 19 23 0.020065967 
703 186 9 10 0.020064818 
870 418 10 7 0.020064812 
41 242 13 11 0.020063907 
370 368 8 6 0.0200638 
817 -4 9 7 0.020062994 
496 4 12 12 0.020059802 
725 427 5 4 0.020059332 
646 276 7 9 0.020057185 
688 191 10 12 0.02005501 
410 589 8 8 0.020052675 
80 152 11 14 0.020051876 
936 280 5 5 0.020042209 
671 432 5 4 0.020032935 
359 432 6 6 0.020032328 
152 330 25 31 0.020030417 
9 169 20 25 0.020027863 
561 598 11 6 0.020026244 
990 271 8 7 0.020024676 
488 102 11 13 0.020021562 
145 62 21 25 0.02002028 
256 278 6 6 0.020019928 
29 451 23 19 0.020018557 
915 432 8 5 0.020017495 
723 374 6 6 0.020015359 
92 531 10 8 0.020011263 
41 559 9 9 0.02000957 
343 271 9 8 0.020003086 
871 59 6 8 0.020001322 
