2_Demonstration_Demonstration_Or_Protest_2_644
258
231 63 26 35 0.99903995 
146 181 25 33 0.9986089 
822 279 22 28 0.99840504 
876 309 30 35 0.99690944 
769 288 22 33 0.98786896 
932 276 21 25 0.9824769 
101 236 31 41 0.9815476 
834 142 18 23 0.96267205 
404 244 19 24 0.95806605 
852 271 19 25 0.94101465 
718 246 17 33 0.9361403 
333 89 17 30 0.93112195 
645 238 17 22 0.9030377 
21 33 18 21 0.877361 
369 246 16 26 0.80250436 
175 175 19 26 0.76555115 
490 317 17 22 0.737614 
657 274 22 34 0.7285597 
563 277 22 33 0.6625068 
519 273 21 28 0.5639726 
295 240 13 16 0.47452083 
272 288 11 20 0.44167286 
321 96 22 31 0.42943388 
210 47 16 22 0.40568537 
504 203 11 21 0.40319544 
360 252 17 23 0.3903322 
445 287 20 23 0.3120178 
660 289 22 40 0.310694 
502 269 11 17 0.30989525 
270 296 15 27 0.29584953 
513 252 15 17 0.24784741 
481 276 14 17 0.2303604 
238 220 15 19 0.2269582 
540 195 17 22 0.22643295 
355 257 14 22 0.20938781 
432 233 19 25 0.20518117 
550 247 19 23 0.20360273 
380 243 16 24 0.18620154 
198 144 23 31 0.17461093 
390 241 17 23 0.1699157 
972 270 25 25 0.16423419 
731 97 15 15 0.14437132 
473 294 16 17 0.123776816 
204 58 19 32 0.1168044 
706 243 16 27 0.1105033 
726 257 21 31 0.10894703 
429 288 14 18 0.09102115 
475 160 13 17 0.090664506 
435 286 19 23 0.087384224 
124 6 15 17 0.08330804 
463 235 14 22 0.08118246 
32 33 13 17 0.07905354 
425 305 22 27 0.07077618 
302 716 11 11 0.07054001 
408 303 17 26 0.0687661 
785 257 11 16 0.06847776 
663 310 25 32 0.06728776 
221 702 19 22 0.06676682 
231 209 19 25 0.06607961 
286 744 14 13 0.06595744 
222 173 18 26 0.065583095 
815 58 16 13 0.06429589 
697 243 17 24 0.063238464 
545 274 13 19 0.062992126 
706 269 19 30 0.060879666 
165 293 24 31 0.06045378 
516 261 19 24 0.05839476 
470 209 11 16 0.055533767 
773 264 9 12 0.054858256 
1 198 18 29 0.05395297 
946 232 11 14 0.05114287 
297 720 13 11 0.050726987 
1007 301 23 27 0.050367292 
298 729 15 13 0.049746644 
872 436 28 34 0.049216356 
505 196 9 16 0.0486122 
214 56 17 29 0.046738338 
110 162 22 22 0.044859223 
347 248 17 23 0.044765618 
200 708 15 13 0.044089716 
342 213 9 15 0.043880887 
227 193 12 20 0.04337915 
466 223 16 24 0.042307373 
207 701 11 13 0.041696075 
429 163 21 24 0.04135535 
97 178 15 18 0.041338217 
442 232 11 18 0.040823344 
197 726 25 20 0.04080647 
987 268 21 26 0.039419852 
472 276 13 16 0.03895111 
869 285 16 26 0.038904235 
560 277 13 20 0.038645923 
207 706 24 22 0.038450476 
341 312 20 24 0.036992773 
591 153 11 15 0.036819473 
440 264 11 14 0.036744352 
349 707 11 12 0.036268573 
195 711 27 22 0.03625861 
830 165 12 18 0.035517354 
315 747 17 16 0.03542574 
532 276 12 17 0.035341103 
505 271 16 24 0.03504762 
771 59 12 12 0.034923587 
881 275 15 18 0.03445076 
286 703 11 11 0.034020744 
842 277 10 16 0.03344577 
362 612 12 15 0.033388574 
317 668 13 13 0.03337227 
822 145 15 18 0.033307366 
596 273 12 20 0.032927666 
644 113 11 12 0.032810785 
541 295 11 14 0.03276232 
1010 254 11 16 0.03258718 
553 276 11 16 0.032306153 
964 278 24 26 0.032220785 
1014 262 13 18 0.03211483 
639 115 10 14 0.032056816 
700 276 16 19 0.031534377 
254 670 9 9 0.031365983 
0 341 31 46 0.030783465 
327 670 12 15 0.030721683 
650 301 21 31 0.030217836 
346 686 15 14 0.030022442 
227 204 14 20 0.029906334 
591 256 12 18 0.029668018 
853 155 12 18 0.029648554 
460 288 19 24 0.029509628 
35 118 25 38 0.02913301 
953 526 23 21 0.029082224 
235 719 12 12 0.02899421 
499 199 10 17 0.028872503 
215 718 13 14 0.028586043 
310 88 23 29 0.028519357 
255 678 11 14 0.028412273 
250 705 15 16 0.028365972 
216 699 11 12 0.028076943 
275 682 8 11 0.027897937 
498 299 18 22 0.027793799 
252 745 25 20 0.027785415 
480 289 16 16 0.027738316 
247 668 10 11 0.02767969 
830 152 18 25 0.027383456 
358 638 25 28 0.027046729 
771 269 12 17 0.026995659 
106 35 14 18 0.026964564 
269 752 16 13 0.026902448 
527 266 14 18 0.026835928 
258 724 14 13 0.026763307 
364 745 25 23 0.026711887 
303 694 15 11 0.026429104 
342 245 13 20 0.026368767 
274 688 9 13 0.026235864 
421 293 12 18 0.026203368 
283 723 11 11 0.026187759 
190 710 12 9 0.02618432 
951 272 18 28 0.02592833 
353 711 23 22 0.025924478 
943 226 4 6 0.0257711 
490 248 17 22 0.025724646 
309 701 15 15 0.025423089 
197 691 21 24 0.02515927 
387 251 13 20 0.02512771 
457 264 14 17 0.025094729 
247 689 10 13 0.024996497 
468 314 12 14 0.024856871 
298 698 13 12 0.024803681 
809 86 12 14 0.024797782 
253 649 9 12 0.024796192 
592 286 12 23 0.0247814 
280 619 12 12 0.024732908 
638 298 21 29 0.02455425 
221 226 10 13 0.024471065 
752 266 12 22 0.024397686 
249 658 7 9 0.024293186 
260 669 8 10 0.024163041 
357 706 11 12 0.02408379 
367 701 14 12 0.024031702 
330 652 16 16 0.024015017 
760 74 10 12 0.023990216 
646 102 9 8 0.023910137 
529 257 12 13 0.02390435 
154 259 25 25 0.0238699 
205 47 11 16 0.023856394 
213 732 11 12 0.023815392 
415 236 20 28 0.023629704 
943 230 6 8 0.02360056 
27 199 22 29 0.023495436 
208 347 14 13 0.023470439 
426 240 15 20 0.023445135 
248 682 9 11 0.023291446 
206 698 45 40 0.023251723 
255 655 8 11 0.023249308 
253 711 22 21 0.023242636 
40 34 11 16 0.02310415 
768 265 9 13 0.023082213 
580 251 12 16 0.022982275 
750 273 18 32 0.022898778 
529 151 13 14 0.022898428 
286 212 12 17 0.022708712 
673 320 22 28 0.022577716 
290 706 13 13 0.022543717 
645 107 10 10 0.022514982 
285 675 9 11 0.022420878 
303 244 10 14 0.022378948 
989 257 20 22 0.022370573 
481 305 22 26 0.022361832 
449 213 12 16 0.022333497 
322 654 14 13 0.022323435 
510 167 10 15 0.02227958 
299 689 14 11 0.022251775 
297 339 18 26 0.022164077 
855 146 18 22 0.022143511 
663 266 20 26 0.022136671 
504 225 10 16 0.022108248 
399 240 15 19 0.022095772 
197 729 13 10 0.02189209 
484 225 9 13 0.021878498 
494 308 15 20 0.021806648 
246 700 13 14 0.021801025 
276 678 6 8 0.021737184 
551 199 13 16 0.02171132 
213 659 23 23 0.021624684 
772 81 13 13 0.021421721 
635 238 13 17 0.02142064 
310 713 12 11 0.02134403 
314 278 13 16 0.021300372 
265 218 11 16 0.021281963 
488 296 15 15 0.021264633 
556 238 15 21 0.021251697 
720 270 21 36 0.02124668 
228 712 23 22 0.021173181 
317 157 15 20 0.021153243 
779 261 15 21 0.021152006 
786 300 17 19 0.02111696 
743 262 18 31 0.021013577 
295 716 11 10 0.021006247 
451 334 15 14 0.020962436 
509 219 10 18 0.020943958 
217 671 23 27 0.020935088 
283 235 17 22 0.020837942 
267 689 10 12 0.02079454 
1017 237 8 9 0.020720907 
739 80 12 13 0.020719497 
359 675 15 12 0.020670777 
336 675 12 13 0.020617932 
566 315 11 18 0.02059632 
293 695 11 11 0.02051004 
609 302 19 27 0.020493187 
1006 280 22 31 0.02047188 
312 230 19 22 0.020464951 
286 694 11 11 0.020419026 
486 270 14 19 0.0204125 
199 738 27 24 0.02039579 
214 726 12 12 0.020393554 
275 236 14 17 0.020365909 
604 256 20 24 0.020326577 
852 253 7 10 0.020240469 
781 259 8 13 0.020066686 
