2_Demonstration_Political_Rally_2_609
3545
158 146 27 36 0.9986223 
807 545 23 26 0.9956528 
768 566 22 25 0.98735577 
635 393 16 16 0.9867944 
321 372 12 16 0.96765053 
750 371 12 16 0.96653986 
759 323 12 15 0.9493854 
510 339 12 15 0.942758 
691 413 14 16 0.94053805 
942 375 14 16 0.93155986 
408 419 13 13 0.92892975 
993 467 14 17 0.918003 
773 411 10 13 0.91654456 
758 451 13 16 0.91403794 
910 432 14 17 0.90180516 
967 348 15 17 0.90146786 
902 476 15 16 0.8966431 
713 408 10 12 0.88939893 
555 364 13 13 0.87192017 
964 450 15 17 0.86315 
997 350 16 19 0.8620736 
887 458 16 21 0.8586863 
721 426 13 15 0.85816777 
772 527 10 15 0.8530069 
740 403 11 14 0.8439076 
490 389 15 17 0.83339024 
677 403 12 17 0.82887197 
642 432 13 13 0.8025363 
383 400 14 16 0.800118 
664 319 12 14 0.7857968 
461 366 12 13 0.7716036 
390 364 12 13 0.7667785 
923 492 17 17 0.7658768 
1015 477 12 18 0.76436675 
744 476 13 16 0.75681883 
997 376 15 20 0.75242966 
120 249 91 120 0.7509782 
303 362 11 12 0.72983354 
728 517 19 18 0.72940046 
641 349 13 14 0.70794785 
771 298 11 11 0.7023612 
419 394 11 14 0.69137335 
814 328 12 16 0.6891511 
344 361 9 13 0.6813769 
784 465 14 16 0.681297 
648 328 10 13 0.67301196 
837 482 9 13 0.6716561 
586 390 14 17 0.67129844 
617 431 14 14 0.66833067 
852 486 13 17 0.66783386 
441 407 13 14 0.6445664 
982 490 17 18 0.6403304 
753 507 11 13 0.6310743 
940 465 12 14 0.6310208 
821 404 12 16 0.6208405 
415 357 9 12 0.617504 
554 345 9 12 0.6096358 
800 298 11 13 0.583431 
609 327 12 13 0.5811941 
773 495 16 14 0.56307113 
536 342 9 11 0.55204606 
477 410 14 15 0.54345256 
493 344 8 9 0.5356283 
791 439 12 16 0.53555286 
672 352 8 12 0.5342022 
532 401 15 14 0.5292227 
612 368 10 12 0.52795106 
913 333 14 16 0.5096289 
891 551 16 21 0.50816107 
449 344 10 13 0.50655776 
936 577 16 15 0.50308895 
412 440 13 14 0.49285823 
966 410 16 18 0.48769835 
850 395 12 16 0.47787032 
957 480 11 15 0.4760303 
308 441 12 16 0.46502233 
709 387 10 13 0.4396524 
389 449 10 13 0.43617502 
854 520 13 17 0.4332866 
382 460 9 13 0.4317864 
394 335 9 11 0.43104148 
804 280 11 12 0.42338267 
862 622 11 12 0.41097015 
880 362 10 13 0.41017944 
552 128 5 5 0.4080662 
701 286 11 18 0.40251735 
262 369 12 14 0.38939866 
746 539 17 21 0.34992078 
352 325 9 11 0.34497392 
351 429 11 16 0.3396298 
454 387 11 14 0.33935073 
870 417 11 15 0.3339699 
720 462 11 14 0.33393905 
886 391 11 15 0.32546717 
479 325 9 10 0.32067978 
555 323 11 15 0.31982854 
812 450 10 14 0.31921142 
818 457 11 17 0.312511 
587 382 13 14 0.31204453 
716 479 11 16 0.3108554 
598 319 11 12 0.29848823 
790 387 11 12 0.29835036 
946 507 14 15 0.29401866 
354 167 5 5 0.29175997 
849 558 19 24 0.26487225 
807 360 12 13 0.26467443 
576 124 5 5 0.25932112 
358 383 9 12 0.25827038 
461 148 5 7 0.25642604 
7 180 9 9 0.25628573 
575 393 11 13 0.2534231 
438 433 13 13 0.25280568 
499 366 11 15 0.25131723 
770 595 28 31 0.24678281 
826 434 9 12 0.24124295 
707 315 10 12 0.23120794 
301 480 17 16 0.2296727 
516 399 12 12 0.22832832 
817 295 9 10 0.22043405 
780 205 7 7 0.21960826 
866 475 14 17 0.2168302 
289 166 5 7 0.21390295 
576 127 5 6 0.2087013 
968 622 13 18 0.2081546 
752 278 10 14 0.20371948 
365 311 9 10 0.19949803 
262 174 6 7 0.19875704 
816 135 10 9 0.19629887 
532 129 5 5 0.19582169 
718 298 10 12 0.19477822 
847 444 10 17 0.19468774 
618 342 11 15 0.19434717 
742 613 28 32 0.19385819 
404 154 6 6 0.19090006 
597 342 12 13 0.19011481 
910 509 22 18 0.18982153 
469 342 12 14 0.18598604 
333 154 5 5 0.18547384 
792 190 9 10 0.18120587 
545 130 5 5 0.1795109 
772 471 11 12 0.17943105 
252 174 5 7 0.17338799 
789 527 17 14 0.1729849 
615 388 10 12 0.17182407 
591 414 13 16 0.17167816 
514 131 5 5 0.17096053 
467 140 5 6 0.17084165 
844 438 10 14 0.16889597 
565 124 4 5 0.16624415 
425 154 5 6 0.16616556 
668 297 10 12 0.16557872 
520 130 6 6 0.16291155 
476 526 14 18 0.1611411 
281 383 14 13 0.15920053 
702 514 10 15 0.15889993 
714 329 9 13 0.15831338 
586 438 13 18 0.15824226 
265 159 5 7 0.15697691 
754 302 10 13 0.15515445 
989 568 13 12 0.15269218 
448 154 5 6 0.1519101 
405 148 6 6 0.15098098 
810 148 5 7 0.14853345 
651 305 9 11 0.1484893 
500 136 4 5 0.14709318 
996 145 8 10 0.1467925 
276 169 4 5 0.14651115 
328 173 5 6 0.14639904 
423 543 46 45 0.14597109 
448 150 4 5 0.14565057 
840 387 11 15 0.14405301 
395 161 6 6 0.14366648 
619 297 11 13 0.142501 
831 136 7 7 0.14049171 
848 470 10 13 0.14026079 
803 136 4 6 0.13912366 
512 198 8 8 0.13783872 
310 169 4 4 0.13535357 
430 148 5 6 0.13530174 
474 149 5 6 0.1352378 
17 190 7 10 0.13507971 
495 143 5 5 0.13417749 
747 219 8 11 0.13334636 
777 469 13 14 0.13086556 
455 423 13 14 0.13037741 
329 336 8 11 0.12867595 
350 343 9 11 0.12842767 
333 167 6 6 0.12781504 
993 331 13 14 0.12740988 
657 213 8 9 0.12715073 
382 349 9 11 0.12699644 
710 427 10 11 0.12524992 
369 162 6 6 0.12438101 
397 148 5 5 0.123092696 
315 181 6 7 0.12290492 
745 580 18 24 0.122815825 
376 232 10 11 0.122314535 
762 205 7 6 0.122158356 
489 143 4 4 0.12134349 
480 135 4 6 0.121276475 
847 425 11 16 0.12065799 
205 142 4 7 0.120511 
467 138 5 4 0.12037522 
557 124 5 5 0.11969539 
442 149 5 5 0.119540006 
326 149 5 5 0.11950378 
347 168 5 5 0.119378544 
508 137 4 4 0.11701757 
271 173 5 6 0.11686905 
524 128 6 6 0.11682429 
218 158 5 9 0.11645054 
540 129 4 5 0.11607413 
294 155 5 5 0.116001956 
644 361 11 12 0.11586368 
920 123 6 7 0.115661114 
290 164 5 4 0.11477346 
32 209 7 8 0.11431903 
284 149 4 4 0.11428085 
799 347 10 12 0.11297143 
621 110 5 6 0.11212371 
726 316 11 16 0.11209507 
803 141 5 6 0.11203982 
432 411 11 12 0.11194175 
793 148 6 7 0.11178567 
572 122 5 5 0.11034162 
514 133 5 6 0.110310584 
435 390 9 10 0.1102347 
854 477 11 16 0.110043414 
534 135 5 5 0.109827034 
805 161 7 8 0.109799996 
611 299 12 13 0.10970303 
677 215 9 11 0.1093615 
420 161 4 5 0.10919949 
931 253 14 13 0.108378366 
564 128 5 5 0.10810106 
711 440 11 12 0.1066301 
674 373 12 15 0.10655398 
537 135 5 6 0.10651139 
931 636 10 11 0.10577966 
526 124 4 4 0.10564457 
349 155 5 5 0.10557342 
26 196 9 10 0.105469614 
843 297 11 13 0.10478717 
730 335 13 15 0.10444404 
313 172 5 6 0.10440922 
784 183 9 10 0.10412495 
458 149 5 6 0.102904946 
301 170 4 4 0.10263724 
498 142 5 6 0.102134936 
376 300 8 9 0.10158327 
902 357 9 14 0.10032384 
558 136 6 5 0.10023978 
600 184 8 9 0.099651426 
349 285 9 10 0.09963118 
297 377 12 13 0.099389896 
857 480 15 21 0.09881888 
551 198 7 8 0.0987526 
813 204 10 10 0.09871469 
321 168 5 6 0.098454416 
780 314 8 10 0.09819022 
325 154 5 6 0.0981162 
521 123 4 4 0.09772541 
564 450 18 14 0.09735457 
561 292 10 9 0.0972167 
256 334 17 15 0.097083464 
405 159 5 7 0.09651833 
463 142 4 5 0.09645767 
30 192 7 7 0.09602021 
391 149 5 4 0.09582334 
724 551 17 16 0.09571237 
233 170 4 4 0.09557032 
756 417 9 13 0.09553273 
814 317 13 16 0.09536559 
473 274 10 9 0.09517428 
251 178 5 6 0.09492381 
966 234 9 10 0.09473498 
390 293 8 12 0.09450241 
41 385 16 19 0.094276406 
420 157 4 4 0.094274506 
829 477 11 14 0.093523465 
322 148 5 6 0.09328894 
333 355 9 13 0.09275003 
585 129 5 6 0.092609875 
246 148 5 6 0.09242241 
961 127 6 7 0.092296325 
472 380 10 12 0.09200792 
310 175 4 4 0.09159642 
547 134 5 5 0.0914306 
289 150 4 4 0.091167085 
226 181 5 5 0.09086376 
294 162 5 5 0.09071919 
651 279 11 15 0.090505 
573 369 11 14 0.09048402 
367 149 5 5 0.09023942 
437 149 5 6 0.0900705 
341 167 5 5 0.08999555 
848 129 7 8 0.08988115 
931 654 9 12 0.08977551 
482 141 5 5 0.08939139 
1001 191 9 9 0.08916537 
265 156 5 5 0.08869326 
586 123 5 6 0.08805482 
740 432 8 10 0.08795165 
901 656 15 13 0.08789869 
347 162 5 5 0.08780988 
252 475 23 32 0.087526776 
703 90 6 7 0.08744849 
428 293 8 10 0.08726353 
534 351 12 15 0.08684758 
514 125 4 3 0.08653322 
426 150 4 5 0.08599405 
496 138 4 3 0.08565969 
520 142 5 6 0.0853403 
537 90 6 6 0.08530137 
480 129 5 6 0.08506255 
823 311 10 11 0.084972315 
296 168 4 5 0.084902674 
556 128 5 5 0.08477447 
960 123 6 7 0.084464855 
289 357 12 13 0.08439206 
720 259 11 12 0.08427347 
547 125 4 3 0.08406177 
397 281 7 8 0.08378576 
334 151 4 4 0.08363626 
550 135 5 5 0.08324705 
39 204 7 9 0.08321493 
910 173 6 9 0.08320317 
596 117 5 4 0.08260319 
748 250 7 7 0.082482845 
934 350 8 11 0.0823231 
1017 154 7 8 0.08218466 
6 225 14 27 0.082063586 
296 181 5 6 0.08198029 
730 235 7 9 0.08182558 
571 129 4 5 0.08179297 
313 169 4 5 0.08169099 
274 173 5 5 0.08168434 
318 280 10 13 0.08164212 
439 333 11 11 0.081589796 
224 187 6 6 0.08157504 
534 141 5 6 0.08133504 
333 173 5 6 0.08118026 
251 204 7 9 0.08103186 
798 402 9 13 0.080726475 
822 357 12 17 0.080427624 
976 140 8 10 0.08029721 
992 489 12 16 0.08014082 
383 551 59 45 0.080100514 
620 451 15 15 0.07995789 
460 153 6 6 0.07993067 
843 421 11 13 0.07979572 
516 298 8 11 0.07937433 
370 149 5 5 0.078851044 
310 393 11 15 0.07874222 
976 127 8 9 0.0787014 
784 315 12 17 0.07853222 
397 155 5 5 0.07849709 
427 437 10 12 0.07828743 
431 143 4 5 0.07816221 
596 122 5 6 0.07805002 
532 219 6 7 0.077870004 
17 214 8 10 0.077816345 
430 160 5 7 0.07770855 
383 452 10 15 0.077656515 
493 191 10 12 0.07751095 
993 481 13 17 0.07734385 
906 502 13 11 0.07691145 
731 321 12 16 0.07685712 
789 503 12 13 0.07663135 
304 325 9 12 0.07658157 
859 347 11 13 0.0765606 
382 317 9 10 0.076229244 
315 148 5 6 0.075395 
417 381 11 12 0.07529517 
358 268 7 7 0.07520458 
748 274 10 12 0.07511616 
327 169 5 5 0.07510645 
216 374 17 29 0.07496292 
249 148 5 5 0.07472892 
545 217 6 7 0.07457555 
830 323 11 16 0.074520364 
376 281 9 9 0.074498504 
614 467 14 13 0.07438499 
554 204 8 11 0.07402085 
340 151 5 4 0.07363895 
576 412 10 13 0.07356118 
233 173 4 5 0.073478445 
781 224 7 9 0.073296465 
325 160 6 6 0.07326715 
578 439 14 16 0.073178716 
846 613 12 13 0.072818495 
332 293 8 9 0.07271061 
212 180 5 6 0.072702 
364 237 7 8 0.07227989 
256 148 5 4 0.072190076 
290 154 4 5 0.07217687 
589 117 5 4 0.072150566 
464 138 4 4 0.07205983 
340 163 5 5 0.07201237 
959 134 7 9 0.07200767 
494 148 5 6 0.07190678 
301 181 5 5 0.07189305 
577 137 5 5 0.071716145 
219 167 5 7 0.071658604 
483 324 10 11 0.07159228 
270 168 5 6 0.071540855 
698 96 6 6 0.07141993 
333 162 5 5 0.07137412 
738 290 12 14 0.071291074 
809 175 10 11 0.07128192 
804 203 7 9 0.071166575 
654 100 7 9 0.07107304 
287 172 6 6 0.07096948 
488 138 4 4 0.070968606 
255 173 5 8 0.070832975 
466 149 5 5 0.07077517 
396 276 8 8 0.06995509 
849 642 13 12 0.06987407 
449 160 5 6 0.06979905 
390 155 5 5 0.06971355 
877 117 6 4 0.06960235 
237 156 5 6 0.06946491 
377 286 8 9 0.06944203 
692 99 5 4 0.06915911 
602 129 5 6 0.06900084 
753 216 7 10 0.06892964 
498 308 9 13 0.06870172 
715 201 8 10 0.068645336 
738 306 10 12 0.068584725 
423 161 4 6 0.06854081 
304 174 4 4 0.0684903 
481 427 11 12 0.068436675 
602 180 7 7 0.06833057 
307 186 5 5 0.06807028 
356 237 7 8 0.06784861 
382 166 7 6 0.06774069 
809 427 9 13 0.06768937 
315 143 5 5 0.06750376 
255 187 6 6 0.067393124 
291 331 9 11 0.06737747 
364 232 5 7 0.06714118 
556 222 6 9 0.067130454 
814 138 8 9 0.067010276 
845 132 8 8 0.06695526 
348 150 4 4 0.0668375 
450 477 18 15 0.06676129 
1010 667 9 9 0.06672775 
473 269 9 8 0.06642516 
956 645 11 12 0.066349186 
248 216 7 8 0.06634385 
693 92 4 4 0.06630461 
906 515 11 11 0.065995574 
768 179 6 8 0.06599181 
463 221 10 11 0.06535352 
613 293 11 11 0.06499263 
598 190 10 13 0.064989746 
383 162 6 5 0.06489611 
251 142 5 5 0.06463429 
723 102 5 7 0.06459993 
586 117 4 4 0.06447488 
473 142 5 5 0.06433595 
358 163 6 5 0.06421163 
474 153 5 7 0.06417844 
795 229 6 8 0.06413327 
311 237 7 8 0.06405529 
589 130 6 5 0.06405345 
979 311 9 11 0.06397905 
547 281 10 11 0.0639576 
591 134 5 6 0.06370405 
395 167 6 6 0.06367273 
444 143 4 5 0.06364136 
477 136 4 5 0.063581236 
320 256 6 9 0.06356048 
866 524 18 18 0.06318179 
344 173 7 5 0.06312854 
321 144 4 4 0.06308906 
440 152 6 7 0.06290616 
326 186 6 6 0.06285257 
255 160 6 7 0.06256955 
369 134 7 6 0.06253903 
686 97 4 4 0.0625382 
223 190 7 7 0.06251271 
614 287 9 10 0.062457934 
571 141 5 6 0.062356234 
276 399 12 13 0.06228516 
532 125 4 4 0.062167224 
838 133 6 9 0.062121376 
952 140 9 9 0.06197044 
339 154 6 5 0.061959572 
328 179 5 6 0.06187812 
376 374 8 12 0.061743785 
234 206 9 9 0.061469607 
805 479 8 10 0.061385483 
621 114 5 7 0.061354887 
361 150 4 4 0.06134313 
284 168 4 5 0.06130325 
295 150 4 5 0.061298564 
539 154 5 5 0.061152175 
526 137 5 5 0.061091706 
436 280 8 9 0.06108935 
409 149 4 5 0.061041176 
387 149 5 5 0.06100598 
1011 185 9 10 0.060999267 
338 217 6 8 0.06095375 
379 168 6 5 0.060915634 
540 126 4 3 0.06086868 
1015 450 11 15 0.06085832 
716 102 6 7 0.06076756 
341 173 5 6 0.06070289 
320 172 6 6 0.060679212 
264 150 4 4 0.060670193 
909 167 6 6 0.06066199 
248 185 6 7 0.060640574 
365 154 6 5 0.06054409 
424 166 5 6 0.060503975 
330 412 10 13 0.06044272 
797 130 3 5 0.06038093 
490 148 4 6 0.060375154 
295 291 8 12 0.060373876 
251 168 5 6 0.060317773 
239 181 4 6 0.060300477 
279 150 4 4 0.06026018 
591 291 10 12 0.060224954 
743 97 5 6 0.06015228 
699 92 5 5 0.060095232 
780 209 7 8 0.06000427 
352 164 5 4 0.059960395 
308 180 4 5 0.059954155 
830 217 9 8 0.05982046 
255 155 6 6 0.05980429 
796 136 4 4 0.059755534 
291 380 12 12 0.059735883 
547 319 11 12 0.059157338 
288 180 6 6 0.059133586 
502 226 9 12 0.059018154 
808 152 6 7 0.058998168 
238 149 4 4 0.058992315 
800 146 6 7 0.058944583 
507 141 5 5 0.05880083 
944 178 12 10 0.05870656 
822 350 10 14 0.05864927 
422 231 10 13 0.058623344 
747 199 7 7 0.05857092 
604 124 4 5 0.05855964 
257 408 28 24 0.058528133 
709 191 6 7 0.058436945 
786 173 7 7 0.058416788 
774 171 8 8 0.058416482 
381 161 5 5 0.058366686 
545 155 4 5 0.058307134 
333 179 6 7 0.058254946 
38 193 5 6 0.05820903 
260 288 11 13 0.05818713 
769 173 7 7 0.058168586 
211 174 4 6 0.058007367 
723 321 9 13 0.057998627 
852 30 53 56 0.057917383 
283 154 4 6 0.05786229 
937 274 10 10 0.05784897 
757 97 5 5 0.05777745 
843 362 9 13 0.05770381 
227 317 12 14 0.0575104 
806 142 4 6 0.05736507 
916 501 18 14 0.057358187 
538 150 5 5 0.057342976 
364 243 8 10 0.057241123 
222 397 43 50 0.057198286 
674 524 17 28 0.05719595 
591 299 10 11 0.056896873 
0 193 6 9 0.056770593 
964 238 12 16 0.056765024 
369 166 6 6 0.056656178 
757 373 10 14 0.056638256 
788 210 7 8 0.056571886 
832 165 8 10 0.056563452 
786 205 7 7 0.056551542 
691 229 7 8 0.05653814 
461 160 6 6 0.0564932 
933 184 10 11 0.056255307 
519 135 5 5 0.05620024 
718 264 12 16 0.056053653 
436 143 4 4 0.055963196 
529 254 9 10 0.055927783 
398 172 5 7 0.055926297 
534 154 4 5 0.0559145 
339 248 7 10 0.055845864 
353 150 5 4 0.055729896 
747 283 11 15 0.055692762 
255 167 5 6 0.055538174 
264 167 5 6 0.055527743 
861 312 9 10 0.055437636 
268 155 4 6 0.055211347 
939 177 10 10 0.0551512 
610 123 5 5 0.05513101 
824 83 6 6 0.055126246 
371 293 7 9 0.054991357 
498 357 10 12 0.054920733 
583 135 5 5 0.054832056 
449 144 4 4 0.05480623 
562 136 5 6 0.054760646 
799 131 4 5 0.054677106 
370 358 9 11 0.054673534 
839 128 6 7 0.05466746 
289 219 4 5 0.05466141 
530 317 10 13 0.054661177 
1009 414 11 14 0.05461722 
468 155 5 6 0.05436386 
928 130 5 6 0.05432377 
858 123 5 5 0.05427354 
486 407 12 13 0.054214574 
625 337 11 11 0.054146893 
402 349 9 11 0.05414344 
361 566 64 45 0.05399808 
561 299 11 11 0.053989373 
597 412 14 18 0.053981137 
552 149 5 5 0.053974293 
277 162 4 5 0.053894803 
360 155 6 5 0.053885877 
398 144 5 4 0.053738605 
302 418 11 14 0.05372922 
408 154 5 6 0.05365688 
327 251 6 7 0.053645458 
696 204 6 9 0.053580366 
382 337 10 9 0.05348391 
303 372 12 14 0.053214543 
598 306 10 10 0.05320661 
778 253 9 11 0.053188697 
411 522 26 27 0.053002976 
723 98 5 6 0.05299134 
283 162 4 5 0.052916277 
230 181 5 5 0.052866355 
388 358 11 13 0.05284881 
351 250 6 7 0.052846942 
287 335 9 12 0.052824356 
454 254 8 9 0.05272961 
943 186 13 13 0.05269525 
984 128 7 8 0.05267901 
617 111 5 4 0.052637473 
646 436 15 16 0.052528955 
1009 295 12 12 0.052464444 
402 256 9 9 0.052444924 
215 144 4 5 0.052398846 
583 356 9 12 0.052359853 
800 223 6 8 0.052345864 
596 279 8 9 0.052313987 
671 98 5 5 0.05228146 
426 144 4 4 0.05219014 
681 374 11 14 0.052183736 
278 180 4 6 0.05209927 
857 368 10 13 0.052094188 
407 256 10 10 0.052054718 
876 122 7 5 0.051770404 
273 253 10 11 0.051752396 
312 154 6 6 0.051667113 
545 150 5 5 0.051619608 
235 174 5 4 0.051617146 
322 161 5 5 0.05158849 
346 207 5 5 0.05148705 
223 168 5 6 0.051464986 
278 343 11 12 0.051372353 
313 212 6 6 0.051366556 
234 318 44 39 0.051358774 
728 247 9 11 0.051268682 
946 146 8 8 0.051222168 
532 223 6 7 0.051206898 
434 355 9 12 0.051178467 
457 144 5 4 0.051105693 
366 166 6 5 0.051017802 
293 236 5 7 0.05101634 
252 160 5 6 0.050955277 
512 194 6 6 0.050945614 
577 397 13 15 0.050910257 
572 120 4 3 0.05083355 
217 180 5 5 0.050832532 
781 236 6 9 0.0507273 
375 294 8 8 0.05071608 
330 234 7 9 0.050668977 
308 147 5 6 0.050614618 
1019 121 5 7 0.05060408 
393 166 5 6 0.050532717 
550 155 5 5 0.05049364 
769 227 6 11 0.050417356 
244 180 4 5 0.050414633 
392 145 4 3 0.050389674 
446 91 6 7 0.050338615 
701 330 8 13 0.050287254 
821 260 11 11 0.05027876 
409 226 9 12 0.050222445 
658 97 6 6 0.05019557 
624 300 11 15 0.050145883 
831 241 11 12 0.04990306 
6 193 8 8 0.0498963 
818 130 8 9 0.049889065 
501 132 3 4 0.049874753 
687 93 4 4 0.049864493 
544 404 14 14 0.049781892 
827 216 7 9 0.049764294 
601 133 6 7 0.04974617 
975 108 7 8 0.049736444 
821 83 5 6 0.049633652 
837 165 9 10 0.04953756 
596 129 6 6 0.049506005 
578 140 5 6 0.0494853 
251 154 5 7 0.049474534 
316 351 11 12 0.049473323 
49 192 9 11 0.04941123 
698 102 5 6 0.049372803 
405 554 29 25 0.049360298 
667 98 5 5 0.049300287 
664 268 8 10 0.04928506 
767 184 7 9 0.0492516 
265 309 14 15 0.04918789 
884 122 6 6 0.04918274 
603 117 3 4 0.049149595 
838 161 7 7 0.049127717 
526 141 5 5 0.049125824 
535 219 7 7 0.049058955 
244 152 6 7 0.049014963 
752 362 12 15 0.048921436 
953 348 10 13 0.048901632 
811 165 8 8 0.048883356 
455 161 5 5 0.048842415 
12 184 8 9 0.04876234 
556 288 8 9 0.048710305 
859 129 6 6 0.048588324 
955 117 6 6 0.048580684 
610 117 4 4 0.048537873 
838 53 26 26 0.04853531 
354 477 14 15 0.04852565 
812 315 9 10 0.04848245 
853 122 5 5 0.04846222 
367 211 5 7 0.048439763 
363 256 7 8 0.048438918 
982 658 9 11 0.04833259 
449 198 15 16 0.04831723 
902 386 10 13 0.048267245 
609 211 6 8 0.048156153 
320 236 5 7 0.048150636 
296 174 5 4 0.048134673 
19 180 6 6 0.048088964 
404 144 5 4 0.048018165 
338 180 5 6 0.048017815 
300 197 7 7 0.04799679 
627 235 12 14 0.047960628 
717 98 5 5 0.047914624 
509 131 4 3 0.04787042 
567 387 12 15 0.047870286 
989 669 7 10 0.047840346 
932 279 9 10 0.0478207 
808 116 5 5 0.04780158 
901 128 7 7 0.047785103 
270 179 5 7 0.047762826 
226 412 19 31 0.047736134 
279 155 4 5 0.04771752 
338 360 9 15 0.047688693 
453 222 9 9 0.04768264 
785 224 7 9 0.047624517 
262 185 6 7 0.04760339 
848 300 11 14 0.047598526 
817 303 12 12 0.047592737 
608 128 5 6 0.047470108 
565 142 5 5 0.04741613 
763 98 5 5 0.047398433 
966 90 5 6 0.04737591 
309 143 5 6 0.047318216 
712 432 11 13 0.04725504 
617 178 9 11 0.047153544 
291 224 4 6 0.047062524 
984 664 9 12 0.047032773 
327 145 5 4 0.046932667 
517 228 7 9 0.046894327 
858 669 12 11 0.046852004 
802 116 5 5 0.046849493 
507 211 6 6 0.046810523 
407 294 9 10 0.046787947 
610 112 4 4 0.046770904 
896 218 6 7 0.0467538 
697 230 8 8 0.046749126 
838 206 6 7 0.046732135 
363 174 6 5 0.04668428 
425 326 9 11 0.046669304 
269 150 4 5 0.04659519 
527 154 5 5 0.04652328 
376 261 8 9 0.04651017 
47 193 6 7 0.04649296 
1001 221 11 11 0.046487167 
37 198 6 7 0.046466798 
288 231 5 7 0.04645307 
352 256 5 7 0.046423547 
615 166 6 7 0.046416648 
846 254 8 9 0.046416145 
791 179 8 8 0.046414427 
245 402 24 22 0.046396874 
284 174 4 5 0.04634572 
252 137 5 5 0.046331562 
907 205 7 8 0.046319723 
501 155 5 5 0.046286438 
920 127 7 7 0.046194848 
776 136 4 4 0.046183374 
753 289 10 14 0.046175916 
41 153 5 7 0.04616771 
826 141 6 7 0.0461404 
360 256 5 6 0.046115488 
218 147 4 6 0.0460396 
900 600 16 22 0.046031326 
575 194 11 12 0.04602538 
527 181 4 5 0.046025362 
349 311 7 10 0.046002097 
1019 116 5 7 0.045992833 
419 216 8 9 0.04594298 
220 173 5 6 0.04593784 
915 167 5 6 0.045922965 
577 119 4 4 0.045851897 
794 142 5 5 0.045838922 
285 287 9 12 0.045774817 
309 213 5 6 0.04565941 
339 388 9 13 0.045647062 
326 256 6 8 0.045637734 
984 571 14 15 0.04563519 
221 310 13 16 0.045613345 
674 514 10 15 0.045583416 
768 92 5 4 0.045567382 
310 155 5 6 0.04555038 
218 252 84 94 0.045482904 
524 193 6 6 0.045478992 
320 232 5 6 0.045411065 
223 162 4 6 0.045387853 
370 155 5 5 0.045382537 
617 115 5 5 0.04528959 
547 439 10 11 0.04513378 
810 160 8 9 0.045078512 
351 172 7 6 0.04507826 
13 175 6 6 0.04506777 
493 153 5 6 0.04501303 
337 221 7 10 0.044976804 
532 150 5 5 0.044960488 
359 231 6 8 0.044921905 
613 122 5 7 0.044913556 
26 187 6 6 0.044900417 
863 128 6 7 0.044885974 
219 187 5 5 0.04486716 
927 134 6 6 0.044861034 
228 414 10 14 0.044834595 
762 210 6 8 0.04482991 
754 173 7 7 0.0448108 
218 144 4 4 0.04480695 
779 172 7 7 0.04478598 
789 313 13 15 0.044743802 
556 149 5 6 0.044710144 
359 173 6 6 0.044637434 
998 126 7 9 0.04462808 
857 117 5 4 0.04461026 
668 508 12 19 0.044527557 
312 460 12 17 0.044501998 
813 199 7 8 0.0444858 
731 194 6 6 0.04447504 
782 91 4 4 0.044426795 
750 98 4 5 0.044423413 
457 154 5 5 0.044371605 
481 125 4 4 0.04432902 
418 166 5 7 0.044298425 
591 430 13 20 0.04422825 
604 348 11 14 0.044216994 
956 121 5 7 0.04419961 
958 148 9 10 0.044176575 
7 175 7 6 0.044167012 
872 115 5 5 0.044140153 
387 155 5 5 0.044127192 
831 235 9 10 0.04408785 
421 338 10 12 0.04394607 
533 85 5 5 0.043758363 
847 293 11 14 0.04373773 
480 148 5 7 0.043726128 
722 515 13 16 0.043725904 
357 250 7 7 0.043717887 
267 399 14 13 0.043688513 
546 423 7 8 0.04367876 
313 232 6 7 0.04363242 
776 205 6 6 0.043615494 
910 161 5 6 0.04358729 
343 309 10 13 0.043527078 
538 268 7 8 0.043499283 
323 315 9 15 0.043408114 
593 204 6 9 0.04327444 
234 148 3 4 0.043268904 
234 163 4 4 0.043170746 
829 513 13 16 0.043143462 
498 148 5 6 0.0430364 
1002 146 8 10 0.043024883 
381 281 8 9 0.04301772 
612 347 11 13 0.04299272 
511 149 5 5 0.042959094 
585 225 9 9 0.04285762 
225 174 5 6 0.042802557 
434 181 9 11 0.042786285 
248 211 8 8 0.042776052 
796 186 9 9 0.04275224 
305 250 6 7 0.042687383 
695 356 10 13 0.042628516 
358 280 7 9 0.042619005 
912 182 10 13 0.0426119 
571 137 5 5 0.04260414 
527 150 5 5 0.042582788 
927 275 8 8 0.04254235 
824 135 7 8 0.042540804 
422 263 7 8 0.04251854 
246 175 4 5 0.042499855 
576 186 8 7 0.04246149 
829 312 9 11 0.04233651 
448 287 6 8 0.042248506 
755 213 6 7 0.04223824 
370 130 5 6 0.042147797 
951 145 9 10 0.0421373 
168 275 89 101 0.04213533 
1013 116 5 7 0.04211021 
788 91 4 4 0.04208818 
209 175 4 6 0.04206822 
872 112 5 5 0.042067047 
848 632 13 11 0.042065512 
542 321 11 14 0.04203084 
638 263 8 10 0.042013604 
26 211 6 8 0.0420052 
948 167 7 6 0.04199662 
783 142 5 5 0.041962888 
230 199 6 6 0.04194694 
338 185 5 6 0.041921485 
286 281 8 10 0.041915145 
785 329 10 12 0.041883625 
978 186 9 8 0.04182134 
912 350 11 12 0.041762687 
830 274 8 11 0.041761186 
345 211 6 7 0.041661784 
417 150 4 4 0.041653715 
362 262 7 8 0.041646183 
830 171 8 10 0.041645907 
833 129 6 6 0.04162194 
330 262 7 8 0.041608192 
893 593 11 10 0.04158079 
265 393 14 13 0.041481532 
497 265 8 11 0.041462474 
854 117 4 5 0.04143111 
746 150 4 4 0.041408468 
817 354 11 16 0.041407768 
992 103 5 7 0.041380446 
534 253 9 10 0.041358415 
551 223 6 8 0.041347247 
516 317 10 13 0.04132514 
716 191 6 7 0.04132009 
859 149 6 7 0.041312553 
897 129 6 5 0.0413111 
776 132 4 4 0.041288413 
627 109 5 6 0.041278422 
827 80 5 5 0.041277252 
757 93 4 4 0.041269287 
372 287 7 9 0.041250166 
615 211 6 7 0.041239947 
817 313 11 11 0.04121547 
340 244 7 9 0.041205678 
653 262 7 8 0.041203573 
755 166 6 7 0.041187808 
810 130 19 18 0.041185368 
723 108 6 7 0.041175812 
511 275 6 9 0.04117126 
290 352 11 10 0.041164003 
714 312 9 11 0.041118868 
580 274 8 10 0.041085992 
694 497 9 11 0.041074198 
767 561 12 15 0.04101667 
1005 186 9 8 0.040970616 
726 564 24 29 0.040955365 
863 124 6 4 0.04094617 
607 193 8 10 0.040929377 
352 263 6 7 0.040847454 
285 231 4 5 0.040844277 
946 649 11 12 0.040804114 
261 378 12 14 0.04077368 
624 346 10 14 0.040699486 
748 154 5 6 0.04069768 
837 210 7 7 0.04066208 
246 144 4 4 0.040653557 
801 111 4 5 0.04064448 
622 123 5 6 0.040610645 
533 204 7 8 0.04060201 
955 241 11 12 0.040597003 
511 142 5 5 0.040592805 
571 445 21 21 0.040526286 
284 145 3 3 0.040494673 
367 129 5 5 0.040494036 
8 537 22 34 0.040445596 
257 279 13 13 0.04042904 
282 180 5 6 0.040419687 
549 194 8 8 0.04039258 
860 363 9 13 0.040365018 
869 285 9 10 0.040363647 
845 123 5 5 0.040342562 
549 218 7 8 0.0403285 
825 129 6 6 0.04032637 
185 311 20 39 0.04029874 
516 365 12 17 0.040293775 
312 357 10 10 0.040289868 
883 179 9 9 0.040278334 
526 186 5 5 0.040263418 
347 186 6 6 0.040234298 
7 198 7 7 0.04022522 
772 217 7 10 0.04021405 
778 167 8 8 0.040213406 
596 134 5 6 0.040190604 
618 212 7 7 0.040176164 
371 174 6 5 0.0401735 
263 219 6 6 0.04017016 
779 200 7 7 0.04015698 
453 286 9 9 0.040107638 
844 216 7 8 0.04006089 
280 330 10 12 0.040047925 
578 161 4 5 0.040040888 
526 207 5 5 0.040026173 
952 267 8 10 0.040011603 
1003 166 8 8 0.04000189 
466 281 7 8 0.039973296 
417 306 8 12 0.03996442 
692 102 5 6 0.0399452 
19 175 5 5 0.039899897 
556 191 6 8 0.039889622 
415 236 7 9 0.03984297 
519 189 5 4 0.0398285 
1015 666 9 10 0.039796792 
793 254 10 10 0.039752673 
977 190 12 11 0.039731927 
380 562 32 21 0.0397128 
47 197 8 9 0.03969755 
301 155 5 5 0.039673492 
509 125 4 4 0.03966466 
234 155 4 5 0.039662514 
867 158 10 12 0.03964409 
882 117 6 5 0.039625518 
946 281 7 8 0.03959633 
753 251 6 6 0.039587103 
340 212 6 6 0.039583184 
525 255 8 9 0.039511867 
413 230 8 9 0.03949641 
766 191 7 8 0.039485104 
598 113 3 4 0.039476335 
32 190 5 5 0.039422546 
458 494 13 12 0.039405674 
590 209 7 8 0.03930318 
651 246 8 11 0.039274346 
761 200 7 6 0.039269272 
862 184 11 11 0.039226264 
887 323 9 12 0.03921766 
298 359 12 12 0.039214298 
12 197 7 9 0.039212834 
544 224 7 7 0.039208923 
914 162 6 6 0.039207995 
333 212 5 6 0.039161064 
25 181 6 6 0.039148398 
881 440 12 13 0.039135166 
916 116 5 6 0.039049767 
738 541 16 15 0.03904434 
359 482 14 14 0.03902028 
340 229 6 8 0.03899012 
660 93 5 4 0.0389788 
214 146 4 7 0.038975228 
602 175 6 5 0.038960908 
817 160 8 8 0.038925707 
328 231 6 8 0.038909078 
934 129 7 6 0.038866162 
795 92 4 3 0.03885275 
767 96 6 5 0.03883585 
312 277 11 14 0.038832225 
599 325 12 14 0.038816284 
326 210 7 7 0.038759194 
566 223 6 8 0.038750194 
858 134 6 7 0.038616966 
711 201 8 10 0.038607437 
244 332 19 15 0.038575687 
565 490 21 29 0.03856775 
840 124 5 5 0.038563672 
686 529 13 20 0.03855592 
538 263 7 8 0.038486436 
761 235 6 9 0.038478386 
532 518 15 17 0.03844826 
320 185 5 6 0.038444806 
395 287 7 8 0.038434383 
793 172 6 7 0.038424034 
589 162 5 4 0.03840831 
749 150 4 5 0.03839347 
569 262 7 8 0.03836206 
572 343 9 11 0.038361393 
208 178 5 7 0.03834735 
599 353 12 15 0.038343474 
357 390 10 13 0.03831913 
339 115 6 7 0.03828003 
294 224 5 7 0.038279664 
530 235 8 10 0.03826492 
525 218 6 7 0.03826141 
883 129 7 6 0.038246308 
591 113 4 4 0.038242202 
230 421 48 41 0.038157072 
439 276 8 8 0.038134877 
748 269 8 11 0.03812828 
230 187 6 5 0.0381201 
1005 418 10 13 0.038056854 
967 85 5 6 0.038051046 
496 132 4 3 0.03805059 
284 227 3 4 0.038043436 
811 114 10 9 0.038040712 
959 287 10 12 0.038025714 
487 281 7 9 0.038012035 
471 608 20 25 0.037989445 
825 152 8 8 0.037978973 
797 242 9 10 0.03796643 
230 208 9 10 0.037959855 
869 129 6 6 0.037918754 
702 94 8 8 0.037904598 
550 142 5 5 0.0379034 
545 173 7 7 0.037863262 
801 209 7 9 0.03786153 
419 402 12 14 0.037855998 
492 266 8 10 0.03781431 
566 119 3 4 0.037796814 
757 283 9 14 0.037774876 
957 235 11 11 0.03776994 
793 109 5 5 0.037747674 
832 123 5 6 0.037706167 
401 276 7 8 0.037702482 
659 229 8 8 0.03769526 
650 410 12 15 0.03768356 
582 180 7 6 0.037664384 
816 224 7 9 0.0376497 
821 147 6 7 0.037640665 
543 262 8 9 0.037623134 
837 35 29 27 0.037613478 
452 216 11 11 0.037606366 
697 209 7 9 0.03760403 
658 507 16 21 0.037568323 
448 268 8 7 0.037533 
548 428 8 10 0.037518423 
389 373 12 14 0.037478562 
312 161 6 6 0.037470862 
593 261 7 8 0.03744885 
744 249 7 8 0.037382133 
204 145 5 9 0.03738143 
483 400 13 15 0.03737112 
1019 109 6 7 0.03735855 
363 316 12 14 0.03734725 
903 173 6 8 0.03728405 
558 188 5 6 0.03727776 
571 85 5 5 0.0372534 
568 218 7 8 0.03724086 
781 137 4 4 0.03723991 
285 325 10 13 0.03720961 
496 204 7 9 0.03717052 
669 249 8 9 0.03714144 
890 608 10 11 0.037115905 
385 294 8 11 0.037106972 
688 380 10 12 0.03708951 
418 533 29 30 0.037062295 
410 143 5 5 0.03705673 
545 142 5 6 0.03703739 
352 242 7 8 0.03700434 
876 394 10 12 0.03699408 
588 178 8 8 0.036989305 
950 644 11 12 0.036985517 
358 274 8 9 0.03697983 
417 563 30 30 0.03695969 
598 275 8 9 0.036954023 
497 212 6 7 0.03694198 
60 157 13 11 0.036941 
820 298 10 12 0.03693641 
533 90 6 5 0.036928404 
266 418 24 26 0.0369235 
472 158 6 8 0.036918826 
352 382 9 11 0.036903933 
634 263 7 10 0.03686387 
304 276 11 13 0.03685727 
62 168 13 13 0.036842056 
519 193 6 6 0.03682478 
520 156 5 4 0.03680277 
404 198 7 7 0.036788132 
744 199 6 8 0.036753222 
749 211 6 8 0.036749084 
255 143 5 5 0.03673049 
243 161 5 6 0.036709864 
468 159 6 7 0.036709864 
446 94 7 9 0.036688343 
774 253 8 11 0.036660798 
536 199 7 7 0.03664815 
888 122 7 6 0.03660929 
744 217 6 10 0.036598668 
565 603 23 35 0.036581468 
372 299 8 9 0.036545277 
14 167 5 5 0.036526434 
826 167 7 8 0.03651936 
493 298 6 10 0.036493264 
446 339 10 11 0.036483105 
492 91 5 6 0.03647357 
448 263 8 8 0.036448423 
483 375 11 11 0.036445357 
344 430 13 17 0.03643082 
1009 341 11 15 0.036428608 
733 311 11 13 0.03639902 
223 154 4 6 0.03638039 
631 299 8 12 0.036355693 
476 548 13 17 0.036354635 
1008 65 25 30 0.03634828 
921 117 6 5 0.036343783 
756 205 6 6 0.036343515 
724 235 6 9 0.036333557 
402 192 7 7 0.036323432 
926 269 9 9 0.036304098 
566 293 12 10 0.036280524 
606 255 8 8 0.036247864 
264 213 5 6 0.03624002 
334 144 5 4 0.036226667 
705 86 5 5 0.036216874 
992 109 6 8 0.036204346 
306 262 7 8 0.036204122 
595 195 8 12 0.03620181 
682 93 4 4 0.03618899 
1015 412 10 14 0.036186248 
770 131 4 4 0.036158174 
407 557 15 10 0.036131244 
819 153 7 8 0.036127158 
320 251 6 7 0.036126792 
367 143 5 5 0.036123976 
754 186 6 7 0.03610952 
741 108 6 8 0.036041625 
58 245 24 29 0.036024623 
535 223 7 8 0.036011767 
773 316 10 14 0.036009517 
753 192 6 8 0.03599532 
977 123 7 8 0.035970822 
456 307 12 15 0.035958715 
261 387 12 14 0.035954107 
514 572 12 13 0.03595366 
882 165 12 9 0.035948955 
908 210 7 9 0.03592602 
729 231 7 9 0.03587564 
476 130 5 5 0.035862397 
257 178 5 6 0.035851907 
433 161 6 7 0.035835546 
757 148 6 6 0.03578499 
832 161 7 8 0.03578492 
775 236 6 9 0.03575685 
569 374 10 11 0.035729855 
871 124 6 4 0.03571572 
434 198 8 9 0.03569359 
435 311 8 11 0.035675634 
331 529 53 41 0.035647955 
829 230 10 10 0.035641 
811 127 9 9 0.03562179 
489 91 5 5 0.035575666 
390 179 8 8 0.035535883 
606 134 7 7 0.035525467 
829 222 9 10 0.035514858 
732 580 39 39 0.035507213 
999 285 9 11 0.035487216 
535 181 7 6 0.035479166 
573 202 12 12 0.03545873 
970 166 9 10 0.035458516 
764 88 4 3 0.03545365 
387 145 4 4 0.035444114 
871 205 7 7 0.0354323 
579 373 12 12 0.035384387 
765 90 4 4 0.035381872 
734 432 10 11 0.035323005 
759 360 11 15 0.035309516 
957 654 11 13 0.035292145 
800 122 5 6 0.035275146 
558 139 6 7 0.03526757 
532 210 7 8 0.035254866 
747 204 6 8 0.03525249 
277 405 13 16 0.03524657 
310 162 4 5 0.03524526 
949 129 6 7 0.03524517 
850 139 7 7 0.035232585 
841 478 10 13 0.03523087 
416 247 8 9 0.03521605 
775 200 6 6 0.035207573 
616 161 5 6 0.035192996 
216 390 22 27 0.03515686 
366 207 4 5 0.035151936 
1001 197 9 8 0.035143528 
844 275 7 9 0.035141032 
985 103 6 7 0.03513434 
546 198 5 7 0.0350663 
659 268 7 9 0.035060376 
270 315 13 14 0.03505354 
863 103 7 6 0.03504146 
553 446 16 13 0.035040163 
705 217 6 8 0.035030156 
588 276 6 8 0.035011966 
584 162 5 4 0.035003465 
1010 180 9 8 0.03499359 
696 279 8 11 0.034972534 
556 248 6 9 0.034954272 
874 166 9 8 0.03484478 
861 34 27 31 0.03484381 
789 88 4 4 0.034773584 
369 247 7 9 0.03476635 
643 488 15 17 0.034750246 
963 97 4 6 0.034749992 
559 119 4 4 0.03474743 
736 223 6 9 0.034743097 
378 149 5 5 0.03468382 
447 275 7 7 0.034662146 
701 230 9 9 0.034640927 
566 147 4 6 0.0346296 
566 85 4 5 0.034614924 
235 169 5 5 0.034597326 
613 249 8 8 0.03457543 
249 222 7 9 0.034573536 
274 388 20 19 0.03456714 
266 349 11 12 0.034562442 
935 179 9 11 0.034542948 
631 96 6 7 0.03452629 
333 249 7 8 0.034524363 
479 361 10 11 0.034524184 
338 300 8 9 0.034491606 
813 297 9 11 0.03448821 
922 134 7 7 0.034474306 
705 188 5 6 0.034465738 
983 173 9 9 0.034451183 
873 437 12 14 0.03444645 
732 548 23 20 0.034425236 
526 211 5 7 0.0343996 
948 519 14 16 0.034399055 
293 249 7 7 0.034398448 
254 209 7 9 0.034362674 
834 541 13 15 0.034341957 
378 276 7 7 0.034333497 
506 156 5 4 0.03433278 
787 167 7 7 0.03432266 
952 134 8 10 0.034322023 
415 225 21 22 0.034310047 
977 196 13 13 0.034306254 
225 380 22 28 0.03426559 
878 105 5 4 0.03426043 
572 363 11 12 0.034256633 
982 431 10 14 0.03423753 
829 198 8 9 0.03421865 
352 268 7 8 0.03420886 
546 213 5 6 0.034179483 
544 206 5 5 0.034178507 
826 147 6 7 0.034175225 
501 103 5 6 0.03416743 
505 183 7 8 0.03414814 
21 168 5 4 0.03414109 
885 444 12 15 0.034138486 
965 95 6 8 0.034120597 
682 299 9 11 0.034087956 
459 286 9 10 0.034087274 
798 229 7 8 0.034061965 
753 607 36 34 0.034046765 
376 193 8 8 0.034046765 
1002 205 9 8 0.03404362 
980 98 6 6 0.03401704 
882 273 10 13 0.033999264 
874 594 14 11 0.033970933 
553 119 4 3 0.03394536 
606 185 7 7 0.033943735 
986 107 6 9 0.033913814 
883 133 6 7 0.03391168 
575 249 7 8 0.033897854 
233 323 12 13 0.033897694 
562 275 8 8 0.03389212 
452 484 21 20 0.033891715 
445 332 9 10 0.033872195 
416 243 7 8 0.033869337 
777 92 3 4 0.03386119 
442 161 6 6 0.03384547 
888 497 10 12 0.033839077 
372 193 6 7 0.03383331 
196 335 17 30 0.03381936 
367 125 4 4 0.033817645 
618 173 8 10 0.033809595 
525 224 6 7 0.03380054 
791 167 7 7 0.033792324 
817 164 8 9 0.033789985 
568 255 8 9 0.033776484 
670 101 6 8 0.033761602 
579 208 9 10 0.033760764 
805 171 10 12 0.03373074 
610 166 7 7 0.033723094 
937 361 11 15 0.033709005 
1003 152 9 9 0.033692084 
846 157 5 5 0.03368907 
288 261 8 10 0.0336888 
838 274 8 10 0.033671517 
251 198 6 8 0.033669423 
959 117 5 6 0.033666775 
794 299 10 10 0.033660233 
328 437 12 13 0.033659928 
973 187 7 7 0.033653926 
235 199 7 7 0.033642128 
9 253 11 18 0.033593934 
816 379 12 15 0.03358602 
676 237 9 8 0.03357449 
57 154 9 8 0.033570334 
711 188 5 7 0.03356127 
796 320 13 17 0.033542365 
468 248 7 8 0.033494517 
964 122 6 8 0.033470422 
590 288 8 10 0.03347034 
595 181 6 6 0.033468425 
773 286 9 11 0.03346122 
384 179 7 7 0.033457015 
1007 669 8 9 0.033447947 
319 193 6 7 0.03343007 
379 157 4 4 0.033372216 
376 179 7 6 0.033363983 
32 345 20 29 0.033360355 
517 268 6 8 0.033344552 
925 225 7 9 0.033308256 
327 206 6 7 0.03329837 
902 124 6 6 0.033291217 
345 200 6 6 0.03328658 
681 97 4 5 0.033282932 
306 269 7 8 0.033263683 
382 503 20 13 0.03324734 
851 375 9 12 0.033241075 
762 149 5 6 0.033240736 
264 224 5 6 0.033234943 
291 214 4 5 0.033213366 
480 387 10 13 0.03320805 
251 274 24 23 0.03320491 
862 146 8 9 0.03315197 
284 561 100 88 0.033145387 
542 290 10 14 0.03314149 
589 256 8 9 0.033116713 
814 229 8 9 0.033104945 
790 148 6 7 0.033081677 
956 397 13 15 0.033059366 
833 79 4 5 0.033057466 
532 180 6 6 0.033051535 
489 96 5 7 0.033049207 
868 188 10 11 0.03304344 
864 117 6 5 0.033011965 
808 112 6 5 0.032963183 
732 151 4 3 0.032957133 
397 256 8 8 0.032945007 
18 227 9 15 0.032917004 
321 218 5 6 0.032914374 
513 211 5 7 0.032913 
268 339 18 20 0.032890305 
964 127 6 9 0.032889772 
424 267 7 8 0.03288904 
897 134 6 7 0.03288107 
577 236 7 8 0.03286686 
332 243 6 8 0.032857634 
564 211 5 7 0.032845516 
799 178 8 9 0.032841485 
600 222 7 9 0.032834783 
512 155 5 5 0.032820515 
749 255 6 7 0.032800738 
877 113 5 4 0.03278562 
928 116 6 7 0.032781318 
842 167 8 8 0.032774 
721 204 6 8 0.032756276 
226 400 11 13 0.032748207 
419 242 9 10 0.03274513 
922 166 6 7 0.032708768 
288 248 7 8 0.03270709 
513 206 6 6 0.032703772 
280 337 10 11 0.032697376 
402 166 6 7 0.032680616 
794 105 5 5 0.032666747 
748 159 7 8 0.03265303 
683 242 8 8 0.032644056 
839 155 6 6 0.03264147 
520 119 4 4 0.03263998 
294 219 5 6 0.032636505 
519 148 5 6 0.03262728 
588 193 7 8 0.032614604 
776 294 11 11 0.032601666 
322 537 34 29 0.032600395 
56 557 90 102 0.032592647 
400 241 9 9 0.03258854 
808 122 6 6 0.0325882 
756 573 20 26 0.03258665 
353 520 14 13 0.032571953 
337 316 11 14 0.032566126 
408 249 8 8 0.032558475 
589 304 9 11 0.03255543 
362 344 8 10 0.03254229 
339 192 5 6 0.03254007 
712 151 4 4 0.032533117 
787 197 9 9 0.032531142 
1012 121 6 7 0.03252186 
979 102 7 7 0.032520734 
553 336 12 14 0.03251247 
799 199 9 9 0.0324964 
255 191 6 8 0.032487936 
362 280 8 9 0.032485634 
246 301 12 16 0.032483116 
761 174 6 6 0.03247887 
426 390 11 13 0.0324665 
700 362 12 14 0.032460902 
354 405 11 12 0.03243926 
355 456 10 16 0.0324176 
574 262 7 8 0.03240711 
372 282 7 8 0.032406103 
565 157 5 5 0.032404307 
603 113 4 4 0.032403193 
729 222 6 9 0.03233456 
643 228 8 9 0.032310918 
812 235 8 10 0.03229077 
573 210 10 10 0.032281395 
881 342 11 13 0.03226526 
551 160 5 6 0.03224706 
663 301 13 14 0.032239888 
325 305 7 10 0.032230433 
652 268 8 9 0.032215208 
696 224 7 8 0.032211594 
774 185 7 8 0.03220047 
475 604 49 52 0.032197226 
389 274 8 9 0.032185264 
945 310 11 14 0.032172695 
428 164 6 8 0.032165848 
355 362 10 13 0.03215796 
614 282 8 9 0.032157484 
252 129 5 5 0.032156434 
281 300 9 11 0.0321097 
235 228 9 14 0.03209671 
352 206 5 5 0.032085944 
344 215 6 8 0.03208501 
565 218 5 7 0.032083377 
530 175 6 6 0.032076254 
964 134 7 8 0.03206726 
814 84 5 5 0.0320372 
882 7 8 8 0.03203526 
472 278 10 10 0.032030106 
416 387 10 13 0.031983513 
198 303 19 24 0.03196936 
320 243 5 7 0.031954564 
560 320 9 11 0.03192932 
314 219 5 5 0.031902403 
961 101 6 8 0.031901766 
549 261 7 9 0.031900845 
671 370 10 13 0.03186924 
305 197 7 7 0.031848356 
548 230 8 9 0.031832393 
806 128 7 7 0.031817883 
947 287 8 9 0.031799927 
358 109 5 6 0.031785723 
324 386 9 12 0.03177057 
789 110 6 5 0.03176991 
901 177 7 10 0.031765122 
581 229 8 9 0.031760786 
419 435 11 12 0.031744003 
485 187 7 7 0.031739734 
1004 171 9 9 0.0317394 
849 268 9 9 0.031733725 
470 483 23 31 0.031731244 
255 219 5 6 0.031730197 
1 153 4 8 0.031726945 
387 343 10 11 0.031697206 
637 380 12 13 0.031693824 
927 285 11 14 0.03169067 
249 228 9 11 0.031682327 
566 289 10 9 0.031676646 
383 261 7 9 0.031665392 
302 148 6 6 0.03166283 
681 218 11 13 0.031654313 
404 307 7 10 0.031640455 
357 242 7 8 0.031631123 
744 93 4 4 0.031629443 
707 148 4 5 0.031627573 
438 361 10 13 0.031609163 
914 76 8 9 0.03160842 
739 97 5 6 0.031587183 
786 237 7 8 0.03157625 
571 186 20 24 0.031564616 
670 267 8 11 0.031544622 
673 94 4 4 0.03153845 
697 312 8 11 0.0315331 
302 163 4 4 0.031531893 
456 137 5 5 0.03153115 
799 368 9 13 0.03152598 
914 583 12 16 0.031523958 
296 342 12 12 0.031521514 
697 110 7 7 0.031519566 
998 114 6 8 0.031505242 
890 217 6 7 0.031449486 
417 117 5 5 0.031446625 
443 137 4 4 0.03144634 
230 193 6 5 0.03143164 
5 207 9 14 0.031417206 
657 274 8 11 0.03140661 
492 242 8 9 0.03139652 
607 250 8 8 0.031395897 
817 113 11 11 0.031360086 
301 237 7 7 0.031337924 
819 46 20 22 0.03132223 
1003 294 11 9 0.03131905 
446 301 7 8 0.031311527 
396 191 7 7 0.031308908 
710 500 10 13 0.031307243 
618 166 7 8 0.03130522 
645 333 12 13 0.031300392 
993 114 7 8 0.031298816 
835 235 11 12 0.03129016 
287 256 7 9 0.031275243 
789 136 4 4 0.031271353 
334 185 6 6 0.031269796 
343 415 10 11 0.03126763 
747 230 7 9 0.031236127 
344 243 7 9 0.031231731 
774 52 20 21 0.031230029 
587 567 26 26 0.031211546 
788 99 5 4 0.031208467 
797 247 10 11 0.031207392 
755 199 6 6 0.031198423 
826 160 6 7 0.0311806 
507 206 5 6 0.03117742 
516 217 6 7 0.03116116 
409 233 8 11 0.031160051 
537 307 7 9 0.03114937 
667 93 4 4 0.031142432 
734 192 6 8 0.03112137 
390 190 8 9 0.031109255 
766 210 7 8 0.031108096 
873 186 8 7 0.031086596 
827 165 19 22 0.03108019 
548 177 8 9 0.03107905 
22 215 8 10 0.031063061 
534 360 12 15 0.0310598 
832 211 8 8 0.031030737 
390 117 5 5 0.031002404 
1019 148 6 7 0.03099493 
341 206 5 6 0.030988412 
849 286 10 11 0.030988358 
931 267 13 12 0.030983245 
842 558 11 15 0.030982614 
548 235 7 10 0.03097619 
435 122 5 6 0.030975655 
894 405 11 14 0.030942313 
326 243 7 8 0.030923637 
785 272 10 16 0.030913543 
792 261 11 11 0.030913413 
565 161 5 5 0.030905245 
771 222 8 12 0.030905053 
854 62 23 29 0.030903533 
295 212 5 6 0.030902576 
749 174 5 6 0.030871429 
561 590 22 31 0.030870263 
944 292 11 13 0.030853074 
623 400 11 13 0.030848416 
329 341 10 14 0.03084291 
757 144 5 4 0.030834397 
726 254 10 11 0.030825363 
326 269 7 7 0.030815499 
702 211 7 7 0.03081258 
488 631 25 32 0.03080428 
939 174 8 8 0.03079811 
737 151 4 4 0.030794663 
246 290 13 17 0.030778022 
223 405 10 13 0.03077231 
453 243 8 9 0.030767214 
279 144 4 4 0.030720191 
734 154 6 6 0.030717542 
384 256 7 9 0.030699374 
882 170 11 9 0.030665288 
535 210 7 7 0.030645544 
582 141 5 6 0.03063323 
518 522 23 25 0.030619748 
523 198 6 6 0.03061153 
800 218 7 9 0.030592756 
843 159 6 7 0.030580621 
370 142 6 5 0.030575896 
810 119 9 10 0.030573359 
854 618 14 14 0.030570926 
594 312 10 12 0.03056287 
503 311 9 11 0.030548982 
466 203 10 10 0.030537622 
414 256 8 10 0.030524965 
844 269 8 9 0.030514147 
205 152 5 8 0.030512536 
753 356 10 12 0.030510996 
285 342 10 11 0.030490987 
548 313 10 10 0.030485 
345 255 6 8 0.030475896 
836 216 8 8 0.030467285 
427 216 8 8 0.03045271 
790 266 10 11 0.030449938 
951 287 9 10 0.030449292 
689 224 8 9 0.03044898 
415 300 7 9 0.030420426 
344 248 7 10 0.030395221 
996 225 21 24 0.03037734 
535 322 9 13 0.030358665 
948 134 7 8 0.030347258 
710 91 5 5 0.030332316 
742 101 6 8 0.030325051 
663 228 9 10 0.030304998 
709 217 7 8 0.030295914 
420 248 8 9 0.030294428 
678 511 16 28 0.030286528 
867 518 12 15 0.030284213 
389 269 7 8 0.030283691 
987 240 10 13 0.03026161 
787 142 4 5 0.030235041 
383 275 7 8 0.03022258 
55 434 11 15 0.030219773 
493 160 5 6 0.030216781 
687 215 9 10 0.030214058 
504 102 5 6 0.030203832 
234 333 12 16 0.030185135 
867 243 10 10 0.03018475 
9 209 16 22 0.030183626 
594 268 7 9 0.030167317 
996 345 12 14 0.030153925 
505 218 7 7 0.030143745 
244 212 6 7 0.030136162 
901 96 8 7 0.030135276 
837 179 7 9 0.030131228 
803 324 10 13 0.030123472 
373 179 6 6 0.030121837 
301 213 6 6 0.030117992 
382 586 30 29 0.030112617 
624 419 12 15 0.030111931 
990 326 12 14 0.030052023 
939 167 7 6 0.03005057 
928 123 5 5 0.030048735 
308 217 5 6 0.030022755 
507 200 6 6 0.030008165 
772 178 8 9 0.030007422 
508 149 5 5 0.030003654 
577 182 5 4 0.029945837 
48 199 12 14 0.02993249 
489 154 4 6 0.029931672 
830 153 7 8 0.029923782 
2 241 11 20 0.029911725 
282 291 9 11 0.029909058 
742 254 8 9 0.029899392 
11 243 11 19 0.029898912 
311 375 9 12 0.029896606 
267 218 7 7 0.02989342 
414 295 7 8 0.0298929 
822 380 11 13 0.029892603 
793 344 10 11 0.029875318 
873 286 10 10 0.029862605 
623 106 4 4 0.029861197 
448 326 8 9 0.0298282 
838 17 25 27 0.02981497 
229 335 10 14 0.029802406 
798 283 13 13 0.029789869 
718 93 5 4 0.029789595 
533 200 6 6 0.02976014 
984 160 7 8 0.029755311 
1015 363 12 18 0.0297539 
626 230 10 11 0.02971907 
527 97 4 5 0.029715138 
822 323 10 15 0.029712206 
387 516 27 21 0.029698657 
908 350 9 12 0.029693088 
624 265 9 12 0.029679572 
340 111 5 5 0.029676402 
862 153 10 11 0.029668273 
644 278 11 14 0.02965251 
802 105 22 21 0.029642718 
915 96 8 7 0.029614974 
809 275 11 13 0.029611865 
736 218 6 8 0.02960404 
380 497 16 12 0.029600317 
543 90 6 6 0.02959507 
614 244 7 7 0.029558385 
382 192 7 8 0.02955818 
529 589 33 25 0.029555095 
416 122 6 6 0.029532071 
531 231 7 8 0.029529657 
315 137 4 4 0.029520823 
341 394 10 11 0.029513322 
251 459 28 33 0.029512884 
866 111 5 5 0.029505553 
938 371 13 15 0.029505422 
517 212 5 6 0.029499058 
688 309 10 13 0.029494341 
634 110 5 6 0.02949035 
704 222 8 9 0.029489893 
211 305 17 22 0.029484622 
948 123 5 6 0.029482266 
854 299 9 11 0.029473092 
913 228 8 9 0.029468484 
791 368 9 14 0.029467816 
46 186 5 7 0.029460909 
299 305 9 13 0.029459253 
985 97 6 7 0.02945497 
480 154 5 7 0.02944998 
1004 140 8 9 0.029440954 
874 161 8 8 0.029437935 
608 243 7 7 0.029410727 
271 337 11 12 0.029400889 
327 225 6 7 0.0293969 
314 254 7 9 0.029381225 
294 280 7 10 0.02937938 
750 93 5 4 0.029374367 
406 401 10 13 0.029355353 
356 286 7 9 0.02935507 
658 513 37 43 0.029347574 
574 330 9 11 0.029315798 
479 251 6 7 0.029313343 
260 421 13 13 0.0293017 
420 281 7 9 0.029301258 
804 224 7 8 0.029289262 
178 312 43 61 0.029287035 
245 216 6 8 0.029286858 
695 266 9 11 0.029276054 
565 425 15 14 0.02927106 
402 98 6 6 0.029266013 
848 274 10 11 0.02926057 
461 111 5 5 0.029258713 
829 441 11 15 0.02925792 
352 232 7 8 0.02925657 
524 260 7 9 0.029253861 
745 289 10 15 0.029248098 
1019 127 6 8 0.029244756 
309 470 14 16 0.029242968 
525 175 5 6 0.029241467 
436 117 5 5 0.029241078 
449 137 5 5 0.029214306 
1013 273 14 16 0.029213147 
792 643 23 22 0.029210227 
384 268 7 9 0.029199228 
1 252 15 26 0.029186208 
431 443 14 14 0.029178279 
600 244 8 7 0.029173909 
687 499 13 16 0.029171977 
18 277 8 15 0.029160589 
580 203 9 10 0.029158618 
767 248 7 12 0.029155243 
776 141 5 6 0.029149506 
1001 587 12 12 0.029142305 
407 216 8 9 0.029134782 
567 303 11 13 0.029131271 
730 173 6 6 0.02913085 
293 267 8 10 0.029128503 
548 167 7 7 0.029102577 
947 173 9 8 0.029084224 
422 299 7 10 0.029068787 
611 162 5 6 0.029067576 
486 130 5 5 0.0290644 
517 275 7 8 0.029057208 
763 582 22 30 0.029049488 
788 625 20 27 0.029047273 
290 144 3 4 0.02903651 
763 193 6 6 0.029027862 
766 199 7 6 0.029011464 
1005 123 5 7 0.028999671 
443 248 6 8 0.028989248 
429 281 8 8 0.028980471 
512 269 6 6 0.02897992 
588 186 7 7 0.0289745 
301 245 7 7 0.028953243 
391 562 16 11 0.028950667 
623 97 6 6 0.028946806 
832 64 22 22 0.028936166 
918 259 11 10 0.028915983 
269 225 5 6 0.028894559 
602 257 7 6 0.028882682 
749 192 6 8 0.028874751 
808 253 11 12 0.028870672 
601 91 5 5 0.028856425 
703 180 6 6 0.028855791 
810 248 9 11 0.028855382 
868 133 7 7 0.02884903 
964 148 7 8 0.028845288 
1001 209 10 9 0.028841963 
377 312 10 10 0.028840408 
7 168 6 6 0.02883825 
907 243 9 11 0.028832233 
730 168 6 6 0.028817035 
607 57 9 9 0.028814135 
656 93 4 4 0.028813282 
404 299 7 9 0.028812326 
957 268 9 11 0.028800653 
847 118 4 5 0.0287993 
763 143 5 4 0.028794093 
543 275 8 9 0.028784098 
839 425 9 11 0.028737687 
545 423 17 20 0.02873519 
817 256 10 12 0.028716898 
11 203 7 9 0.028710643 
683 287 8 11 0.028708702 
447 387 11 12 0.028708575 
607 174 7 7 0.028707584 
572 297 10 13 0.028706327 
200 351 38 53 0.028703235 
919 290 11 13 0.028682265 
858 112 5 5 0.028681964 
697 217 7 7 0.028672578 
555 229 6 9 0.028664429 
773 269 8 10 0.028659478 
318 387 9 11 0.028644158 
769 168 7 6 0.028641347 
43 203 8 10 0.028638415 
492 274 7 9 0.02863229 
451 450 14 15 0.028622711 
345 191 7 8 0.028615322 
683 515 9 15 0.028594308 
293 262 8 9 0.028591933 
938 333 13 16 0.02858655 
712 97 5 5 0.02858366 
-25 -177 189 171 0.02858317 
323 350 10 12 0.028581815 
401 216 37 45 0.0285692 
232 389 24 27 0.028566971 
286 274 9 10 0.028560448 
691 211 7 8 0.028557692 
279 187 4 5 0.028545713 
420 255 8 9 0.02853854 
724 155 5 4 0.028520936 
314 193 6 7 0.028519556 
549 77 7 7 0.028514475 
760 215 7 10 0.028502835 
247 169 4 5 0.028485082 
736 230 6 8 0.028483493 
146 495 9 14 0.028483087 
585 112 4 4 0.028480886 
384 507 25 20 0.02847787 
909 115 7 8 0.028463105 
308 231 6 7 0.028461332 
491 221 10 11 0.028456314 
356 344 9 11 0.028445201 
902 166 6 7 0.02843232 
564 187 5 6 0.028429452 
824 57 22 23 0.028417144 
293 231 5 7 0.02841476 
522 299 8 11 0.028411815 
745 143 5 5 0.0284032 
710 212 6 8 0.028401762 
627 217 7 8 0.028400222 
460 242 8 9 0.028399196 
508 275 6 8 0.028396828 
248 281 8 9 0.028393488 
379 573 32 26 0.02839284 
377 173 6 6 0.02838656 
588 243 8 9 0.028382592 
407 310 10 13 0.02837879 
452 228 9 10 0.028373761 
671 243 7 8 0.028368859 
917 111 5 6 0.02836784 
356 299 8 10 0.028350448 
410 166 6 7 0.02834804 
395 268 7 8 0.02834577 
477 377 11 12 0.028345434 
244 381 21 27 0.028339604 
828 458 11 14 0.028324941 
589 280 6 8 0.02831777 
950 328 12 14 0.028315479 
709 322 10 15 0.028310124 
657 323 10 12 0.02829631 
12 182 18 19 0.028295517 
387 440 12 15 0.028294653 
441 286 7 9 0.028275594 
321 213 5 5 0.02826809 
1006 180 7 6 0.028265573 
581 218 7 8 0.028249614 
293 244 7 7 0.028237129 
345 180 6 6 0.028234152 
837 311 9 11 0.028229496 
998 473 13 17 0.028213732 
903 205 7 7 0.028210033 
328 555 30 29 0.028194066 
570 162 4 5 0.028177101 
1013 76 14 16 0.02815856 
498 185 7 7 0.028155847 
792 204 7 9 0.028136788 
749 187 6 6 0.028125994 
403 187 6 7 0.02811627 
769 87 5 4 0.028110567 
852 83 7 8 0.028104074 
261 204 7 8 0.028083706 
401 172 7 8 0.028070705 
550 186 6 6 0.028064962 
540 160 5 6 0.02805944 
753 114 8 8 0.028048338 
419 198 9 8 0.028038736 
1004 116 5 6 0.028036289 
718 151 5 4 0.028029453 
289 386 12 12 0.028027656 
852 156 5 5 0.028022634 
453 552 23 28 0.02802189 
320 224 5 6 0.02799619 
874 172 7 7 0.027986474 
263 198 7 7 0.027985604 
781 116 5 5 0.027977185 
914 224 7 8 0.02797414 
719 502 13 16 0.02797211 
438 180 8 9 0.027963746 
447 185 8 9 0.027961662 
829 146 8 9 0.027958203 
254 234 7 10 0.027952002 
277 227 4 4 0.02794485 
973 190 8 8 0.027943427 
546 119 4 4 0.027933493 
782 87 4 4 0.027930284 
711 108 6 8 0.027927779 
335 351 9 11 0.027922813 
793 242 8 10 0.027921986 
212 169 4 6 0.027911725 
346 237 6 7 0.027900806 
75 508 12 13 0.02789936 
709 552 10 16 0.027898759 
-8 504 77 104 0.027880937 
905 576 14 16 0.027873885 
622 127 6 7 0.027872616 
304 344 9 11 0.027863594 
864 134 6 6 0.027863353 
450 633 22 37 0.027849084 
464 506 36 41 0.027847845 
571 433 14 15 0.02784163 
675 299 9 11 0.027841143 
828 405 10 14 0.02783166 
421 287 8 9 0.0278256 
589 197 7 8 0.027823888 
855 305 9 11 0.027818237 
342 456 10 13 0.027805293 
567 312 9 11 0.027798511 
280 269 9 9 0.027778922 
136 248 34 32 0.02777791 
786 229 7 8 0.027775578 
455 212 19 21 0.027761409 
599 287 8 10 0.027729463 
344 323 9 12 0.027720748 
459 237 9 8 0.027718112 
45 423 19 23 0.027710536 
402 532 27 26 0.027709201 
842 376 10 13 0.027707377 
300 262 8 8 0.027706387 
393 292 9 11 0.027701212 
472 263 7 7 0.027697414 
858 103 6 7 0.02769371 
571 90 5 5 0.02769017 
857 141 7 6 0.027675608 
786 241 8 9 0.027646886 
526 119 4 4 0.027645472 
327 483 16 13 0.027644692 
600 236 7 8 0.027644387 
619 217 8 8 0.027641336 
255 285 12 13 0.0276384 
377 267 7 8 0.02762391 
227 209 18 25 0.027623797 
446 192 9 12 0.027618429 
500 98 4 5 0.027617604 
764 130 4 5 0.027615478 
278 378 14 12 0.027607827 
237 117 5 6 0.027572585 
195 317 22 31 0.027571267 
749 261 7 9 0.027570078 
503 324 9 12 0.0275683 
896 124 6 5 0.027560676 
854 113 4 4 0.02755115 
1001 430 10 16 0.027550269 
299 328 10 13 0.02754482 
447 611 10 15 0.027543003 
395 298 7 11 0.027539074 
536 312 8 10 0.027538959 
236 120 7 8 0.027533973 
359 206 5 6 0.027517254 
1003 298 14 14 0.027511816 
734 63 9 9 0.027508508 
1004 161 8 7 0.027501421 
690 551 19 26 0.027500102 
840 117 4 5 0.027492948 
874 24 8 9 0.027491527 
502 586 11 13 0.027480826 
537 85 5 5 0.027476376 
1016 545 11 18 0.027458286 
538 175 5 5 0.027455034 
26 204 8 8 0.027447142 
428 275 8 8 0.027402364 
896 190 8 9 0.02740225 
508 367 12 15 0.027396698 
838 141 5 6 0.027371738 
389 121 6 7 0.02736768 
862 155 48 50 0.02736415 
362 607 12 11 0.02734898 
254 420 12 13 0.027346542 
998 102 6 7 0.027342133 
388 209 10 9 0.027329903 
350 307 8 10 0.027320247 
556 153 5 6 0.027318208 
518 179 6 7 0.027314523 
882 396 12 16 0.027306182 
787 293 8 11 0.02730394 
716 216 8 10 0.027294906 
403 294 8 9 0.027292203 
1003 126 7 9 0.027278854 
212 185 5 7 0.027273895 
498 217 7 9 0.02727308 
246 443 32 25 0.027267773 
301 275 9 11 0.027264599 
408 287 8 8 0.027262319 
601 250 8 6 0.027260296 
556 179 5 6 0.027255313 
871 299 9 10 0.02725087 
396 242 8 8 0.027246201 
233 214 9 13 0.027237259 
536 95 7 7 0.027236331 
600 301 8 10 0.027219608 
985 123 6 6 0.027218932 
839 200 6 7 0.027215462 
875 179 7 8 0.027189879 
294 273 8 11 0.027179562 
836 230 9 9 0.02717571 
460 493 23 27 0.027159784 
269 185 6 7 0.027153933 
804 192 7 8 0.027151197 
860 455 10 15 0.027149545 
859 184 8 9 0.02714391 
587 422 12 17 0.027132949 
779 177 16 19 0.027116876 
928 167 5 6 0.02711671 
447 536 27 31 0.02708963 
243 199 7 7 0.0270864 
401 317 9 13 0.027081838 
691 110 6 6 0.027081745 
585 158 4 3 0.027076507 
743 160 7 6 0.027075067 
356 321 9 10 0.027071076 
448 85 5 5 0.02706754 
830 45 9 8 0.027057089 
821 80 4 5 0.027057035 
792 338 10 10 0.02704158 
300 269 7 8 0.027032163 
933 76 9 9 0.027021097 
696 247 8 11 0.027016653 
402 102 6 6 0.027016288 
544 178 7 7 0.02700471 
348 144 4 4 0.026994852 
724 92 5 5 0.026992476 
390 111 5 5 0.026987974 
832 205 8 8 0.026985038 
240 289 12 17 0.026981281 
451 399 11 13 0.02697784 
402 504 22 26 0.026973672 
360 144 5 4 0.02696458 
751 103 5 6 0.026963487 
97 615 29 23 0.026962975 
800 154 7 8 0.026954506 
573 589 25 30 0.026937777 
247 317 23 20 0.026933532 
998 219 9 9 0.026928812 
449 207 14 14 0.026926845 
945 393 10 13 0.026922796 
513 188 5 6 0.026911072 
845 192 9 10 0.02690985 
722 310 10 12 0.026908765 
271 304 10 12 0.026902085 
874 280 9 10 0.026900882 
568 282 7 7 0.02687278 
914 103 7 7 0.026867272 
369 308 9 9 0.026852883 
795 124 4 5 0.026849076 
205 161 4 7 0.02683603 
959 185 9 10 0.02683504 
464 305 9 13 0.026832836 
157 267 28 38 0.02682554 
570 249 6 8 0.026812105 
494 187 7 7 0.026798889 
995 562 14 14 0.026792748 
634 167 6 7 0.026786754 
931 204 10 10 0.026776005 
576 269 6 8 0.026767995 
684 205 7 7 0.02675098 
217 191 7 7 0.026729936 
447 282 7 7 0.026723804 
237 185 6 7 0.026720993 
259 309 13 13 0.026720883 
701 618 9 13 0.026708215 
830 177 7 10 0.026703507 
488 195 18 21 0.026697548 
549 241 8 10 0.026695998 
854 390 11 14 0.026694076 
357 295 7 8 0.02669034 
738 92 4 4 0.026671514 
357 378 8 11 0.026668914 
907 96 8 7 0.02666676 
704 205 6 7 0.026655527 
372 256 6 8 0.026642233 
841 488 12 14 0.026637007 
483 620 12 16 0.026631327 
638 256 8 8 0.026622761 
595 216 7 9 0.02662176 
536 630 25 24 0.02661959 
431 477 23 24 0.026616905 
578 157 4 4 0.026616665 
826 122 7 7 0.026605858 
255 224 6 6 0.026591605 
351 180 7 6 0.026591584 
935 172 7 7 0.026583668 
488 86 5 5 0.026564494 
222 416 11 19 0.026558977 
241 402 12 12 0.026554052 
640 183 8 9 0.026535891 
788 187 18 17 0.026520554 
816 118 10 10 0.026515685 
812 214 8 11 0.026513321 
331 389 7 10 0.026500002 
977 437 12 16 0.026497947 
481 217 6 8 0.026494749 
729 211 6 7 0.026492141 
600 269 7 8 0.026490843 
606 222 7 9 0.026479254 
919 266 11 11 0.02645766 
726 151 3 4 0.026440674 
284 317 10 14 0.02643444 
698 604 20 26 0.026430242 
368 487 13 15 0.026423912 
239 145 4 3 0.026418483 
683 212 9 9 0.026415378 
340 237 5 7 0.026409823 
394 580 27 25 0.026396632 
255 129 5 6 0.026387883 
408 211 7 8 0.026383411 
525 542 24 22 0.026374497 
549 306 9 10 0.02636979 
760 167 6 6 0.02636695 
902 109 8 7 0.026365649 
417 609 24 28 0.026363345 
14 163 4 5 0.02635927 
1003 665 19 17 0.026358174 
436 394 11 11 0.0263404 
555 243 7 9 0.026331993 
691 199 7 8 0.026329048 
613 127 6 7 0.026317041 
440 311 7 11 0.026313342 
794 99 5 4 0.026309794 
770 135 4 4 0.026303938 
588 249 7 8 0.026299933 
332 256 6 8 0.026293743 
697 200 5 7 0.02628997 
701 607 11 13 0.026287077 
420 193 8 8 0.026267715 
549 201 16 21 0.026263732 
228 342 10 14 0.02626168 
935 167 6 7 0.02625719 
847 648 15 15 0.026251364 
499 611 22 32 0.0262424 
433 203 9 10 0.0262412 
781 111 5 4 0.026237248 
833 84 4 5 0.026233017 
601 212 6 7 0.026227172 
563 281 7 8 0.026226228 
475 445 11 14 0.02622433 
629 103 5 6 0.026208729 
400 222 21 23 0.026201336 
521 488 24 21 0.02619975 
442 244 6 8 0.02619632 
486 212 7 8 0.026187072 
436 137 4 5 0.02618603 
775 111 5 4 0.026184883 
575 84 6 6 0.026183242 
753 108 7 8 0.026178971 
343 301 8 10 0.026175784 
985 154 6 8 0.026169157 
844 390 13 18 0.0261474 
616 184 8 9 0.026145406 
829 364 10 15 0.026144361 
750 143 4 5 0.026127905 
362 275 8 8 0.026118709 
214 337 21 24 0.026116325 
377 89 7 8 0.026115997 
234 371 22 31 0.026112864 
985 116 6 6 0.026110148 
739 108 5 7 0.026106292 
815 81 4 4 0.02610351 
629 332 10 11 0.026092242 
749 167 6 6 0.026081488 
617 157 4 4 0.026081074 
526 93 5 4 0.026078785 
576 225 6 6 0.026077429 
295 305 7 11 0.02607307 
883 112 5 4 0.026071727 
773 63 9 9 0.026067935 
743 211 6 7 0.026067337 
294 257 6 7 0.026063807 
963 91 4 5 0.02604487 
944 304 11 14 0.026042877 
40 188 5 5 0.02603816 
399 596 14 18 0.026036743 
386 115 6 6 0.026035571 
189 329 10 21 0.026032707 
1005 135 6 8 0.02602431 
345 282 9 11 0.026021041 
305 310 8 13 0.026016932 
363 224 6 8 0.025998289 
898 666 14 14 0.025993876 
973 132 9 12 0.025993645 
873 90 26 22 0.025977993 
477 628 12 15 0.02597117 
557 268 6 8 0.025956457 
412 509 10 13 0.02594939 
589 268 6 9 0.025935153 
754 102 6 7 0.025931684 
871 105 5 5 0.025929801 
876 98 7 5 0.025927829 
315 622 6 8 0.025918359 
731 197 7 8 0.025916573 
279 312 10 13 0.025916517 
517 280 7 9 0.025915785 
340 199 6 6 0.02590647 
279 260 9 10 0.02590437 
558 575 13 11 0.025904134 
804 230 7 7 0.025898311 
338 306 9 12 0.025897637 
924 401 12 13 0.02589478 
389 527 28 26 0.02589213 
171 312 24 41 0.025891509 
941 123 6 6 0.025888799 
386 111 5 6 0.025887666 
718 154 5 5 0.025880821 
441 300 7 9 0.025873402 
5 202 8 11 0.025855558 
417 143 5 5 0.025844732 
251 124 4 4 0.025839593 
511 64 7 7 0.025834244 
383 225 7 7 0.025828244 
720 174 8 7 0.025817275 
383 89 7 8 0.02580998 
402 179 7 7 0.025806734 
4 177 17 16 0.025791012 
702 101 7 8 0.0257836 
595 174 6 6 0.02576607 
818 192 8 7 0.02576554 
1 179 7 8 0.025754685 
426 406 12 14 0.025751073 
877 129 6 5 0.025748236 
933 95 9 9 0.025746047 
879 369 12 16 0.02572761 
729 185 7 8 0.025719877 
431 116 5 6 0.025707945 
254 134 6 8 0.025705662 
326 218 5 6 0.02569765 
313 251 6 7 0.025692005 
244 204 6 8 0.025686514 
742 261 7 9 0.025683943 
870 90 8 7 0.025681425 
340 143 5 4 0.025680466 
413 224 8 9 0.02567855 
886 367 11 15 0.025669895 
372 186 5 6 0.025655963 
80 534 12 17 0.02565342 
1011 126 7 9 0.025650935 
982 591 13 16 0.025643101 
548 327 12 15 0.025642779 
893 164 10 10 0.025635237 
278 284 12 13 0.02563213 
564 192 5 7 0.025631746 
434 190 8 9 0.025625128 
741 168 7 7 0.02562109 
1012 153 9 8 0.025603931 
563 268 7 8 0.025601106 
658 300 9 10 0.025600892 
430 184 7 9 0.025600454 
785 572 11 15 0.025594266 
582 270 6 8 0.025581606 
793 56 8 9 0.025580946 
469 131 4 4 0.025580607 
1016 158 9 9 0.025576893 
229 299 20 26 0.02555144 
475 338 10 12 0.025548829 
453 332 9 9 0.025534311 
485 274 7 9 0.025531659 
792 407 12 15 0.025521494 
467 83 6 7 0.02551284 
901 103 8 7 0.0255067 
359 179 7 7 0.025502937 
868 172 10 9 0.02549969 
785 248 9 10 0.025492795 
826 185 8 8 0.025489146 
715 91 19 22 0.025481187 
321 137 4 5 0.025479738 
391 174 6 6 0.025478967 
309 226 4 5 0.025475603 
867 645 23 20 0.025471043 
767 493 13 12 0.025470532 
768 408 10 12 0.025467228 
865 142 7 8 0.025464326 
546 581 16 10 0.025451288 
705 199 6 7 0.025431927 
210 320 22 26 0.025408763 
848 196 7 9 0.025403265 
545 160 4 5 0.0253953 
0 185 6 9 0.025384353 
873 21 5 5 0.025383027 
1000 336 12 14 0.025381794 
491 174 7 6 0.025361786 
427 312 7 10 0.02535825 
621 198 6 8 0.025346499 
466 555 9 13 0.025345376 
920 274 9 9 0.025343347 
291 368 12 12 0.025337927 
568 337 10 12 0.025333755 
1012 103 7 8 0.02533317 
568 243 7 8 0.025327545 
756 128 6 6 0.025322307 
359 223 6 8 0.025320148 
907 76 9 9 0.025313469 
875 294 9 10 0.02530913 
510 313 9 11 0.025293468 
973 78 6 7 0.02529299 
32 499 96 104 0.025292022 
678 198 7 8 0.0252828 
965 250 11 14 0.025282724 
1009 171 12 10 0.025282385 
883 192 7 7 0.025282342 
53 155 7 7 0.02527926 
715 559 19 28 0.025276544 
280 250 7 8 0.025271745 
338 344 8 11 0.025266742 
568 267 8 9 0.025262268 
351 212 6 6 0.025259592 
668 229 9 9 0.025250286 
505 57 8 8 0.025244284 
754 179 7 7 0.025243554 
903 115 6 7 0.025239235 
992 127 6 9 0.025231868 
857 217 6 8 0.025231412 
430 138 4 4 0.02522587 
488 262 6 7 0.025222113 
534 579 31 22 0.025220202 
539 397 13 14 0.02521519 
633 104 5 5 0.025208214 
788 103 5 6 0.025182988 
2 174 5 6 0.025179883 
705 645 7 9 0.025164532 
534 330 10 13 0.025147984 
453 56 9 10 0.025143817 
991 354 12 14 0.025118703 
351 275 6 7 0.025116961 
-4 277 79 102 0.025115803 
755 160 7 9 0.025115594 
264 322 14 13 0.025113618 
223 323 10 12 0.025100807 
472 216 7 9 0.025099296 
365 287 7 8 0.02509833 
506 99 5 5 0.025084414 
818 186 7 8 0.02507121 
344 224 6 8 0.025068887 
774 211 7 8 0.025062768 
447 293 6 7 0.025053738 
364 216 6 9 0.025047323 
489 318 9 13 0.02504146 
364 96 8 8 0.02503856 
370 210 7 9 0.02503774 
460 166 6 7 0.025026472 
497 273 8 10 0.025023857 
227 387 11 16 0.025021885 
665 263 8 9 0.025012868 
876 257 9 8 0.025006019 
427 263 7 9 0.025003426 
496 293 8 10 0.025002705 
659 318 11 12 0.024989618 
1010 140 8 9 0.024987893 
606 362 10 13 0.024984322 
581 184 19 25 0.02498229 
918 405 12 16 0.024979953 
795 117 5 5 0.02497836 
409 242 8 9 0.02497805 
997 111 6 6 0.024975989 
1010 134 8 9 0.02497052 
288 266 8 11 0.02496643 
515 172 8 10 0.024965616 
507 160 5 6 0.024950664 
712 153 5 6 0.024945585 
581 249 8 8 0.024931362 
528 614 35 26 0.024922797 
286 220 3 4 0.02490985 
791 305 11 11 0.02490763 
233 144 4 4 0.024907343 
532 80 5 5 0.024905253 
304 291 9 12 0.02488061 
620 318 8 11 0.024871903 
14 236 10 17 0.024861906 
569 236 6 9 0.024859006 
332 205 5 7 0.024844049 
589 141 5 5 0.02484114 
816 172 7 10 0.024832409 
44 179 7 7 0.024828471 
847 141 5 6 0.024826203 
399 97 6 6 0.024821773 
358 199 6 7 0.024808858 
648 103 6 6 0.024799528 
567 227 7 10 0.02479077 
307 117 5 5 0.024790598 
359 311 9 10 0.02478488 
645 262 7 8 0.02476613 
991 254 9 11 0.024747757 
544 313 8 9 0.024746574 
271 330 12 13 0.024737133 
492 626 8 11 0.024728281 
587 235 8 9 0.0247218 
723 211 6 8 0.024714913 
608 217 6 8 0.02469969 
666 254 8 9 0.024696594 
738 103 4 6 0.024693636 
766 343 10 14 0.02469362 
1012 110 6 6 0.02468971 
276 267 22 24 0.024672825 
248 285 10 13 0.024672404 
241 229 8 10 0.024666043 
728 179 7 7 0.024664814 
896 185 8 9 0.02466252 
255 242 7 9 0.024661902 
244 337 26 24 0.024654029 
477 536 13 18 0.024643386 
804 184 8 9 0.024643127 
604 311 11 12 0.024640746 
306 193 7 6 0.02463666 
993 98 5 6 0.024636315 
9 161 4 6 0.02463581 
422 224 8 10 0.024630014 
441 293 6 9 0.024629483 
433 286 8 10 0.024622655 
640 104 5 6 0.024622008 
383 174 7 7 0.024617253 
465 379 11 14 0.0246165 
839 85 5 5 0.024616191 
689 116 7 7 0.024616055 
459 331 8 10 0.024605403 
695 547 11 15 0.024599973 
501 160 5 6 0.024598308 
459 249 7 8 0.024594937 
694 88 3 3 0.024582988 
816 273 11 13 0.024540607 
913 306 9 10 0.024538305 
583 262 6 7 0.024524696 
602 168 4 6 0.02452402 
397 198 7 7 0.024502642 
802 91 5 5 0.024502013 
249 292 19 22 0.024499008 
823 115 8 8 0.024489878 
722 216 8 11 0.024486635 
577 230 6 8 0.024480497 
621 263 8 9 0.02447156 
402 268 8 8 0.024468156 
733 242 9 10 0.024468133 
1009 603 13 14 0.024467092 
953 152 9 8 0.024458876 
555 236 6 8 0.02445274 
1018 141 7 8 0.024432948 
908 305 9 11 0.024429703 
349 421 11 15 0.024428625 
364 199 5 6 0.02442509 
724 160 6 6 0.024422478 
963 633 12 16 0.02440224 
944 275 9 10 0.02439755 
702 248 8 10 0.02439525 
316 501 16 13 0.024394045 
887 305 9 12 0.024391213 
420 212 8 8 0.024389593 
545 168 6 6 0.024389258 
261 250 7 7 0.024376996 
264 372 21 19 0.024376435 
869 318 9 12 0.024355419 
358 350 8 11 0.024352051 
447 306 8 10 0.02435193 
542 600 29 28 0.024347287 
667 350 8 12 0.024347108 
671 273 7 10 0.02434551 
472 321 9 10 0.024339575 
416 286 7 8 0.024337057 
408 281 8 8 0.024333658 
984 132 7 9 0.02432984 
300 255 7 8 0.02432923 
896 224 7 8 0.024326207 
498 586 21 26 0.024324039 
1009 146 9 9 0.024320906 
875 205 6 7 0.024320215 
959 346 16 19 0.024316305 
428 486 76 83 0.024298059 
505 64 7 7 0.024289433 
448 244 7 9 0.02428187 
751 343 11 13 0.024281045 
518 288 6 9 0.024270214 
977 666 12 14 0.024246207 
990 299 9 10 0.024243014 
492 596 22 27 0.024234606 
268 212 6 7 0.024231954 
687 514 11 18 0.024230655 
363 355 9 12 0.024228586 
729 103 5 7 0.024221718 
276 231 5 5 0.02422087 
235 192 7 6 0.02422068 
976 652 11 12 0.024216702 
496 600 11 15 0.024193097 
344 339 10 13 0.024188187 
487 311 7 10 0.02418083 
285 303 9 12 0.024170365 
694 562 20 32 0.024146063 
853 88 23 23 0.02413653 
951 281 8 9 0.024136288 
374 205 7 8 0.024131872 
560 392 13 15 0.024128767 
400 557 14 9 0.024111995 
620 161 5 6 0.024108095 
578 148 4 5 0.024089614 
907 171 15 21 0.024084745 
567 584 12 16 0.024081929 
564 256 7 7 0.024074107 
866 205 6 7 0.024070377 
185 308 10 17 0.024068806 
933 134 6 7 0.024059175 
586 369 11 13 0.024057863 
517 64 8 7 0.024043214 
418 510 27 25 0.024040297 
370 90 8 7 0.02403117 
877 -3 21 19 0.02402933 
284 408 11 16 0.024009606 
885 383 12 14 0.024009228 
572 186 5 6 0.023997275 
862 322 10 14 0.02399299 
893 92 22 18 0.02398693 
735 168 9 8 0.02398434 
373 198 6 6 0.023983127 
572 182 5 4 0.02398222 
499 287 7 9 0.023972113 
806 237 7 8 0.023964427 
825 44 8 9 0.023964012 
486 218 7 8 0.023958607 
536 230 7 10 0.023957925 
309 137 5 5 0.023951236 
650 596 10 17 0.023950385 
266 267 11 12 0.023947826 
458 325 9 11 0.023947135 
989 261 11 13 0.023939207 
557 175 5 6 0.023936095 
717 107 6 8 0.023921218 
887 -4 25 17 0.023914762 
390 77 6 7 0.023912976 
472 407 11 15 0.023911558 
947 97 7 7 0.023910314 
568 148 6 6 0.023908617 
574 255 8 8 0.023907874 
832 117 5 5 0.023902047 
629 92 4 5 0.023890002 
498 223 9 12 0.02388601 
952 232 21 19 0.023881158 
723 167 6 7 0.02387063 
666 200 6 6 0.023868995 
352 144 5 4 0.02386854 
300 229 7 8 0.02386263 
138 164 9 11 0.023860946 
130 607 55 54 0.023849 
487 268 6 8 0.023840932 
752 24 11 9 0.02383544 
777 97 5 5 0.023825342 
874 153 8 8 0.02382273 
592 596 9 10 0.023817929 
265 231 5 5 0.023816047 
914 262 10 9 0.023809707 
973 83 6 7 0.023804655 
465 292 8 9 0.023802793 
205 185 7 9 0.023784937 
516 206 6 6 0.023780052 
274 281 11 11 0.02377187 
389 216 9 8 0.023767639 
914 82 8 8 0.023767445 
884 104 6 6 0.023763673 
625 222 9 10 0.023757027 
499 331 8 11 0.023749188 
941 472 14 17 0.023748137 
448 180 7 8 0.023734182 
372 484 13 14 0.0237324 
266 334 43 46 0.023731537 
548 409 19 19 0.023730207 
830 269 7 9 0.023729533 
929 140 6 7 0.02372774 
340 533 26 24 0.0237267 
946 266 9 11 0.02371017 
977 293 9 10 0.023703394 
596 421 12 17 0.023700392 
990 571 19 22 0.023697956 
564 98 4 5 0.0236949 
450 351 11 15 0.023693938 
887 261 9 9 0.023693867 
309 510 99 82 0.02368995 
610 457 16 15 0.023682399 
506 280 7 9 0.02365117 
921 111 6 5 0.023647318 
899 330 9 13 0.023644958 
733 158 8 8 0.023643252 
359 212 5 6 0.023638463 
743 186 6 8 0.023636866 
979 166 8 8 0.023635883 
564 439 17 14 0.023634778 
740 113 7 9 0.023630656 
649 606 9 14 0.023623737 
496 299 8 11 0.023623193 
319 198 6 6 0.023617843 
448 318 9 12 0.023600737 
616 107 4 4 0.023600016 
365 109 6 6 0.023598695 
914 204 8 9 0.023588957 
804 217 7 9 0.023577968 
909 103 7 7 0.023570528 
301 225 5 7 0.023569591 
432 428 14 13 0.023563912 
616 218 6 7 0.02355804 
887 274 10 15 0.023555879 
921 218 7 7 0.023551961 
3 527 11 19 0.023551023 
958 164 9 9 0.023549156 
623 508 18 27 0.023542298 
505 193 6 7 0.023539135 
504 319 9 10 0.023519257 
781 132 4 4 0.023513043 
319 299 8 11 0.023502983 
377 83 7 8 0.023501825 
683 304 10 13 0.023494657 
595 243 7 9 0.02348849 
602 263 6 7 0.023480488 
459 180 8 8 0.023476576 
874 191 7 7 0.023464443 
675 362 10 13 0.023453891 
524 242 8 9 0.02344818 
311 269 8 8 0.02344683 
887 128 7 7 0.023445943 
254 374 12 15 0.023439715 
685 102 6 6 0.02343608 
224 149 5 5 0.023430608 
358 356 9 13 0.023418069 
983 140 8 9 0.023412067 
742 230 6 8 0.023406677 
610 450 16 14 0.02340634 
676 229 9 9 0.023402834 
959 179 7 8 0.023400784 
529 260 8 8 0.02340005 
813 57 19 23 0.023397757 
21 164 5 4 0.02339251 
450 222 18 21 0.023388784 
466 512 7 8 0.023382196 
371 124 5 4 0.023375403 
577 279 8 10 0.023373399 
787 161 6 7 0.023371447 
883 170 23 25 0.023370024 
867 145 8 10 0.023368271 
708 230 8 9 0.023367919 
641 223 8 10 0.023366066 
1 343 6 11 0.023355512 
595 229 6 9 0.023348987 
974 104 5 6 0.02334623 
524 280 8 10 0.023339566 
124 241 26 27 0.023330022 
650 320 9 11 0.023327298 
939 650 10 11 0.023322904 
372 268 7 8 0.02331804 
852 149 5 5 0.023317719 
531 57 7 8 0.02331618 
769 143 5 5 0.023315238 
606 228 8 10 0.023313086 
372 275 6 7 0.023305092 
525 274 7 9 0.023293976 
970 161 8 8 0.023293069 
563 206 6 6 0.023292677 
75 250 9 12 0.02328778 
498 71 8 7 0.02328516 
984 84 6 8 0.023280771 
305 364 16 18 0.023276657 
964 651 9 11 0.023273658 
262 238 6 7 0.023269787 
862 400 10 12 0.023262665 
202 355 74 87 0.023256013 
492 305 8 13 0.02325515 
923 162 5 6 0.02324973 
787 216 7 9 0.023244077 
612 57 10 8 0.023237823 
910 599 10 13 0.023233922 
600 228 8 10 0.02323122 
889 650 23 20 0.023229955 
313 261 7 9 0.02322252 
843 185 8 9 0.023217836 
391 83 5 7 0.023211494 
358 104 6 6 0.023209564 
694 505 16 22 0.023194322 
214 160 5 7 0.023191895 
799 173 8 8 0.023186868 
417 537 16 16 0.023186002 
830 32 9 9 0.023181215 
646 598 8 14 0.023175297 
985 77 7 7 0.023173295 
801 165 7 8 0.023168454 
754 256 6 7 0.023160655 
878 135 5 6 0.023157574 
260 296 12 13 0.023156513 
823 278 9 12 0.023137605 
346 596 28 26 0.023113158 
944 592 12 12 0.02310473 
830 51 10 9 0.023103658 
869 166 23 22 0.023099419 
368 530 28 24 0.023095213 
645 255 7 9 0.023093885 
262 469 39 38 0.023093501 
850 217 6 8 0.02309271 
979 178 9 8 0.023085758 
952 273 9 10 0.023082798 
457 547 11 14 0.023081662 
664 224 8 8 0.023075799 
511 71 7 6 0.023059811 
854 81 9 12 0.023052508 
888 117 7 5 0.02305153 
476 123 5 5 0.023050673 
881 218 8 8 0.023049755 
851 160 6 5 0.023046738 
565 91 4 4 0.02303853 
844 212 6 7 0.02303074 
795 87 4 4 0.023029469 
459 228 9 10 0.02302668 
339 254 7 9 0.023025312 
823 266 9 10 0.023024937 
539 415 18 21 0.023024166 
248 81 9 11 0.023006108 
867 177 11 10 0.023000613 
516 389 11 13 0.022997312 
870 200 7 7 0.022988291 
952 300 8 9 0.022988 
903 211 7 8 0.022979094 
462 131 5 5 0.022972045 
504 267 6 8 0.022971362 
708 221 8 10 0.022966865 
484 291 10 14 0.022956239 
921 206 7 7 0.022952385 
482 91 6 6 0.02294942 
272 266 10 11 0.022944875 
809 477 10 14 0.02293976 
730 205 6 7 0.022935536 
294 193 7 8 0.022932215 
498 315 9 13 0.022921931 
632 194 8 7 0.022909435 
521 96 5 6 0.022908831 
658 235 8 9 0.022908181 
851 187 6 6 0.022894422 
466 406 10 14 0.022893125 
223 407 86 76 0.022883005 
336 413 10 12 0.022868136 
499 281 7 9 0.022863321 
4 270 16 31 0.022860661 
848 553 13 19 0.022859147 
454 90 6 7 0.022856627 
964 309 10 14 0.022847606 
313 224 5 6 0.022845373 
564 243 6 8 0.022842541 
136 484 19 25 0.022838982 
875 323 9 13 0.022837972 
626 123 5 6 0.022834534 
62 196 9 11 0.022832261 
350 606 10 12 0.022806106 
369 429 10 14 0.022804666 
343 604 11 14 0.022783265 
531 274 6 9 0.0227819 
338 338 9 11 0.022778235 
454 292 8 9 0.022768948 
752 268 9 11 0.022762554 
262 192 7 7 0.022755753 
329 367 11 14 0.022754872 
703 388 11 13 0.022754353 
756 125 5 5 0.022749057 
913 18 21 22 0.022741156 
811 258 10 12 0.022737047 
377 199 7 7 0.022735763 
781 146 6 7 0.022726504 
1001 632 10 11 0.02271564 
811 183 9 10 0.022714684 
750 180 5 6 0.022714278 
471 223 7 9 0.022713913 
428 520 26 27 0.022712803 
588 167 6 5 0.022701904 
364 103 7 7 0.02269337 
634 255 7 8 0.022687986 
485 178 8 8 0.022687986 
843 520 12 14 0.022686493 
805 242 8 9 0.022686487 
773 672 12 12 0.022682015 
781 190 8 9 0.022681817 
861 372 10 16 0.022670314 
338 288 7 9 0.022667514 
383 84 7 7 0.022654114 
258 491 26 31 0.022652837 
928 171 6 8 0.022651391 
838 362 8 14 0.02264454 
402 250 8 8 0.022637285 
370 96 8 8 0.022629108 
921 172 6 7 0.02261712 
761 254 8 10 0.022616738 
246 137 4 5 0.022613363 
308 241 7 8 0.02260194 
779 217 7 8 0.022599868 
472 249 7 8 0.022599805 
290 468 34 38 0.022588486 
843 223 8 9 0.022575682 
607 237 8 9 0.022558847 
510 57 8 8 0.022558117 
723 240 9 11 0.02255382 
857 205 6 7 0.02254636 
503 630 11 16 0.02254206 
452 325 9 11 0.022538211 
447 57 9 8 0.0225338 
485 174 7 6 0.022532325 
580 242 8 9 0.02252818 
963 85 5 6 0.022521568 
838 191 7 9 0.022518272 
372 216 7 8 0.022518072 
526 484 14 13 0.022513853 
790 132 3 4 0.022501497 
240 410 14 17 0.022500504 
980 258 20 24 0.022497118 
499 64 7 7 0.02249287 
267 197 7 9 0.022484431 
216 294 21 29 0.022480316 
287 184 7 7 0.022473557 
570 192 7 7 0.022470906 
269 230 6 6 0.0224699 
196 217 8 10 0.02246641 
724 248 8 11 0.022461204 
347 537 13 11 0.022459576 
864 98 7 7 0.02245776 
371 83 7 8 0.022453694 
18 207 7 7 0.022450501 
684 254 8 10 0.022450205 
614 221 7 9 0.022449486 
479 595 22 28 0.022449384 
358 97 7 6 0.022435453 
861 178 10 9 0.022435145 
500 124 5 4 0.02243459 
434 319 8 9 0.02243306 
399 332 9 10 0.022431066 
971 63 9 10 0.022430658 
722 114 6 8 0.022430658 
499 92 5 5 0.022423994 
639 313 8 10 0.022420993 
275 220 5 5 0.022419859 
683 237 9 9 0.022419175 
313 483 15 13 0.022418357 
435 242 6 9 0.022418072 
594 338 10 14 0.02241556 
178 293 21 35 0.022404877 
387 476 12 14 0.022394938 
870 97 7 6 0.022390664 
767 234 7 10 0.022378022 
541 185 7 7 0.022375498 
397 262 7 8 0.022374688 
539 118 5 4 0.022371633 
887 337 10 12 0.022369135 
597 87 5 4 0.022364253 
977 114 8 8 0.022363944 
365 90 7 7 0.022354973 
335 115 7 7 0.022351742 
845 464 10 13 0.022341179 
612 192 7 8 0.022339372 
20 267 7 12 0.022336662 
799 56 9 10 0.022332707 
876 91 8 6 0.02233227 
578 413 17 20 0.022325736 
217 397 11 15 0.022313522 
396 224 9 8 0.022312123 
542 193 6 7 0.022309845 
830 57 10 9 0.022306759 
560 333 10 14 0.022297159 
946 102 7 7 0.022293907 
703 242 8 9 0.022286154 
445 393 11 12 0.022285428 
227 284 20 28 0.022274593 
595 250 6 7 0.022273293 
746 303 11 13 0.022268396 
421 275 7 7 0.022253495 
645 496 21 24 0.022246175 
336 110 4 5 0.022242155 
172 276 24 29 0.022241492 
966 261 9 10 0.022235462 
246 617 24 28 0.022233011 
711 181 5 6 0.022227677 
53 196 10 11 0.022226222 
532 522 27 24 0.022224998 
480 211 6 9 0.022221616 
863 473 11 13 0.022207921 
557 275 7 8 0.022204258 
557 300 9 10 0.022203429 
762 186 6 7 0.022201115 
419 480 47 43 0.02220008 
924 270 20 19 0.02219833 
974 113 7 9 0.022196122 
291 463 11 15 0.022195142 
356 548 31 24 0.022194397 
331 304 9 11 0.02217181 
420 89 7 8 0.022168191 
454 235 9 10 0.0221634 
620 206 6 6 0.022162996 
533 185 6 7 0.022152599 
900 185 8 10 0.02214637 
382 306 8 10 0.022145234 
636 162 4 5 0.022141611 
353 200 6 6 0.022138968 
588 311 9 11 0.022136325 
375 209 9 10 0.022134949 
336 559 13 14 0.022128947 
78 221 99 103 0.022127274 
825 52 8 8 0.022126347 
798 237 8 8 0.022124115 
948 183 12 13 0.022110123 
678 242 8 8 0.022104444 
606 515 8 14 0.022099359 
912 266 10 10 0.02209717 
776 87 4 4 0.022093218 
863 274 9 9 0.022075802 
615 254 7 8 0.022073606 
861 179 20 20 0.022072334 
554 281 8 9 0.022072054 
963 189 10 9 0.022068445 
780 272 9 13 0.02206335 
908 335 11 14 0.02204793 
534 492 11 12 0.022023067 
467 324 8 11 0.022019498 
510 322 11 13 0.022017691 
921 211 7 7 0.02201089 
990 374 14 18 0.022009324 
849 323 10 13 0.022009155 
672 236 7 8 0.022006238 
413 403 12 14 0.022005217 
978 154 7 7 0.02200212 
967 139 6 9 0.022001088 
428 192 7 8 0.021999054 
813 38 19 22 0.021998268 
720 625 21 29 0.021987986 
838 79 6 5 0.02198387 
64 446 8 9 0.021980522 
407 515 11 12 0.021979809 
432 401 11 11 0.021978144 
403 82 6 8 0.021975033 
608 295 9 10 0.021974904 
633 92 6 6 0.021966916 
303 186 4 5 0.021964198 
792 236 8 8 0.021958048 
394 179 7 8 0.02194934 
613 275 7 9 0.021930456 
742 244 7 7 0.021929689 
575 242 7 8 0.021923468 
218 358 21 30 0.02191063 
939 129 7 6 0.021908611 
427 305 8 11 0.021907112 
448 215 9 10 0.02189333 
257 124 4 4 0.021891734 
403 594 24 27 0.021889739 
450 463 15 15 0.021886053 
980 206 13 14 0.021885652 
590 158 4 4 0.021881271 
417 89 6 8 0.021875434 
817 248 8 9 0.021855624 
355 444 10 13 0.021851378 
756 235 6 9 0.021850653 
1008 591 14 13 0.021849861 
817 242 7 10 0.02184956 
217 332 43 51 0.021844732 
781 97 5 5 0.021835834 
838 269 7 9 0.021829806 
524 230 6 7 0.021824423 
319 83 8 8 0.021819748 
444 85 5 6 0.021813396 
813 193 6 7 0.021811953 
531 551 25 24 0.021811478 
326 199 6 6 0.021800976 
811 242 8 10 0.02179996 
365 294 7 9 0.021798853 
730 108 5 8 0.021787366 
431 559 14 17 0.02176477 
447 311 10 13 0.021764155 
957 229 10 10 0.021763029 
826 73 19 20 0.021762567 
267 280 12 12 0.02175806 
771 402 11 14 0.021754961 
587 174 9 7 0.021749994 
1015 178 10 9 0.021748161 
761 102 6 7 0.021744844 
901 161 6 7 0.021738734 
383 76 7 8 0.021731187 
408 192 6 7 0.021722907 
879 12 6 7 0.021718914 
395 187 7 8 0.021716153 
518 71 7 6 0.021712987 
485 300 15 22 0.021709306 
523 521 11 13 0.021709211 
459 184 9 9 0.021706603 
894 178 8 9 0.02170203 
721 178 8 9 0.021700649 
408 487 12 15 0.021694869 
804 50 20 24 0.021694029 
1018 660 8 9 0.021692246 
350 592 11 13 0.021689821 
262 283 23 23 0.021688433 
328 137 4 4 0.02167759 
849 30 10 11 0.02167576 
737 211 5 7 0.021674097 
857 316 10 13 0.021671465 
462 104 4 5 0.02166615 
722 191 6 7 0.021664258 
909 217 7 7 0.021663886 
836 50 11 11 0.021661982 
191 317 9 16 0.021657383 
5 545 11 20 0.021654166 
896 205 7 7 0.021646671 
321 206 6 5 0.021637782 
587 204 17 22 0.021636732 
1 149 3 7 0.021636222 
556 161 6 6 0.021636056 
45 175 5 5 0.021629611 
849 96 7 7 0.021629088 
275 243 7 7 0.021627588 
31 213 8 11 0.021623895 
234 394 11 14 0.02162315 
426 210 9 9 0.021622045 
926 63 9 9 0.021621743 
703 236 8 9 0.021621238 
498 617 51 46 0.021620316 
331 310 10 15 0.021613985 
612 309 11 13 0.021608705 
999 235 10 13 0.02160833 
896 116 6 6 0.021608014 
502 600 12 15 0.021604652 
481 160 5 6 0.021604046 
224 198 8 8 0.02160049 
461 115 6 7 0.021594906 
270 366 36 38 0.021594025 
555 415 10 9 0.021592373 
68 528 14 16 0.021588424 
414 325 8 12 0.021582438 
606 262 7 8 0.021580948 
427 319 8 10 0.021573814 
983 293 10 11 0.021553086 
850 670 25 25 0.021552881 
742 268 8 9 0.021547938 
364 560 31 21 0.02154173 
710 86 5 5 0.021533962 
708 246 9 12 0.02153366 
587 77 7 7 0.021531487 
920 96 8 8 0.021530064 
778 306 9 11 0.021527797 
440 342 10 12 0.021518474 
735 267 7 10 0.021517657 
598 90 5 5 0.02151689 
327 293 8 10 0.02151595 
812 268 8 10 0.021513987 
254 274 13 13 0.02150956 
508 585 13 15 0.02150911 
294 184 7 7 0.02150899 
568 275 7 8 0.02150265 
852 207 6 6 0.02149348 
778 286 9 11 0.02148059 
836 224 8 8 0.021472102 
281 185 5 7 0.021468967 
990 49 24 26 0.021465695 
364 186 6 6 0.021463664 
888 147 8 8 0.021461146 
707 306 10 11 0.021459084 
848 172 8 9 0.021457275 
610 156 5 5 0.021457128 
54 504 48 47 0.021448838 
268 204 6 8 0.021446316 
570 156 4 5 0.021443054 
702 85 20 21 0.02143843 
608 275 7 8 0.021434031 
363 192 7 7 0.02143176 
558 92 5 5 0.021430967 
888 191 7 8 0.021429956 
524 58 7 7 0.021429319 
632 349 9 12 0.021413703 
377 96 7 7 0.02141365 
617 543 19 29 0.021406073 
504 261 7 10 0.021396438 
397 349 8 11 0.021392804 
748 244 6 8 0.02138631 
543 256 8 8 0.021383125 
946 642 8 8 0.02138114 
512 160 6 6 0.021368153 
856 323 10 13 0.021360204 
384 96 6 7 0.021357484 
492 70 7 8 0.021356054 
434 384 9 11 0.0213509 
665 204 8 8 0.021349525 
865 74 28 24 0.021347586 
448 235 8 9 0.021347424 
512 287 6 9 0.021344082 
643 374 11 13 0.021338215 
252 319 13 11 0.02133717 
26 167 6 5 0.021330703 
696 366 10 14 0.021322696 
736 204 6 8 0.021315698 
242 82 10 11 0.021304248 
747 235 8 9 0.021299798 
897 17 23 24 0.021297142 
846 85 5 5 0.021297086 
32 181 5 5 0.02129075 
837 293 11 13 0.021279385 
568 358 10 10 0.021270996 
901 90 9 8 0.02126754 
349 599 11 12 0.021260258 
67 160 9 7 0.021260178 
376 305 9 10 0.02125668 
908 82 8 8 0.021255812 
239 386 12 17 0.021251403 
792 286 8 11 0.021245806 
901 293 8 10 0.021231376 
793 161 6 7 0.021230275 
857 644 16 14 0.021224797 
824 30 23 25 0.021221163 
1008 316 12 16 0.021217259 
504 287 7 9 0.021215407 
417 213 7 7 0.021207143 
559 456 21 23 0.021196917 
824 481 11 14 0.021196373 
371 345 7 8 0.021189302 
678 255 7 9 0.021183562 
985 89 6 8 0.021174503 
735 254 8 10 0.021174122 
894 102 9 7 0.021163385 
303 217 5 6 0.021157771 
554 421 10 10 0.02114604 
41 174 5 6 0.021140434 
1018 102 7 9 0.021135759 
877 201 6 5 0.021132011 
312 142 20 21 0.021126987 
691 522 15 24 0.021125317 
442 191 6 7 0.02112283 
82 592 48 50 0.021122407 
826 230 7 9 0.02111263 
991 76 8 8 0.021112556 
523 314 8 11 0.021111209 
920 281 9 9 0.02110746 
963 508 12 15 0.021102788 
428 199 9 8 0.021094784 
893 76 9 9 0.021092145 
934 123 7 6 0.021085314 
13 273 8 15 0.021083659 
467 165 6 8 0.021079531 
914 218 6 7 0.021076059 
664 211 8 7 0.021074971 
425 250 8 9 0.021074826 
624 318 9 11 0.021072755 
876 159 25 18 0.021068608 
908 140 7 8 0.02105846 
1005 348 12 15 0.021051208 
449 223 8 10 0.021050446 
256 249 7 8 0.02105011 
626 114 6 8 0.021048676 
268 193 6 7 0.021043008 
689 254 8 10 0.021041306 
914 90 8 7 0.021036886 
96 187 7 7 0.02103626 
313 207 6 5 0.021029968 
282 238 5 6 0.02102642 
978 256 8 9 0.021023769 
884 668 22 21 0.021017708 
581 256 8 8 0.021011902 
467 97 6 6 0.02101152 
658 262 6 8 0.021007841 
539 167 5 6 0.020998826 
675 396 12 14 0.020997558 
920 312 10 11 0.020989295 
702 267 8 10 0.02098669 
1009 93 19 23 0.020986049 
610 196 9 11 0.02098206 
1006 104 4 6 0.020981234 
411 447 14 15 0.02097604 
625 310 10 13 0.020973872 
5 345 7 11 0.02097223 
883 147 8 8 0.020968324 
304 283 10 14 0.020967979 
733 450 12 14 0.02096704 
423 136 5 6 0.020966634 
735 198 7 8 0.020966247 
983 23 10 10 0.02096467 
220 266 6 10 0.020958513 
623 92 5 5 0.020957127 
870 304 9 10 0.020951414 
877 274 8 9 0.020947266 
831 38 8 9 0.020942375 
843 176 8 10 0.02094185 
873 594 35 38 0.020936033 
61 513 10 15 0.020925589 
876 357 10 14 0.020920359 
269 512 9 10 0.020911584 
457 535 11 13 0.020911535 
515 119 4 3 0.020909958 
313 83 8 8 0.020902535 
653 254 7 10 0.020902455 
415 64 9 8 0.020900404 
432 234 8 11 0.020897575 
802 86 4 4 0.02089713 
846 79 5 5 0.020869158 
240 349 14 14 0.020868285 
940 288 9 9 0.02086532 
355 337 9 11 0.020859743 
826 191 8 9 0.020859368 
517 261 7 9 0.020858563 
856 69 8 9 0.02085552 
521 92 4 5 0.020846909 
824 57 9 8 0.020844836 
363 406 8 12 0.02084418 
465 517 7 9 0.020839056 
967 273 8 11 0.02083462 
276 293 19 23 0.020832233 
998 667 7 7 0.0208284 
71 168 27 25 0.020826485 
989 246 10 13 0.020820616 
420 121 6 7 0.02082025 
473 619 25 33 0.020818198 
860 97 24 22 0.020816073 
508 627 21 29 0.020814594 
551 249 7 8 0.020805819 
560 359 10 12 0.020798508 
620 271 9 12 0.020795435 
886 403 12 16 0.020793099 
490 287 8 10 0.02079173 
581 319 9 10 0.020783849 
962 215 11 10 0.020778934 
356 305 9 11 0.020774547 
972 293 8 10 0.020772792 
989 630 21 21 0.020771608 
377 249 7 8 0.020766493 
688 535 18 24 0.020762254 
479 264 6 6 0.020761661 
937 638 10 10 0.020760186 
360 130 5 5 0.020758588 
461 70 7 8 0.020750826 
421 186 7 7 0.020741045 
284 430 12 15 0.020728447 
481 117 4 5 0.020727694 
905 366 10 16 0.02072767 
704 606 37 41 0.020725254 
595 162 5 5 0.02072096 
192 230 8 8 0.02072017 
964 180 7 7 0.020718347 
520 603 27 32 0.020714676 
394 327 9 11 0.020708233 
907 90 8 7 0.020700099 
504 174 8 6 0.020698678 
792 280 8 11 0.020695064 
916 134 7 7 0.020694237 
370 76 8 8 0.02069388 
690 242 8 10 0.020690743 
677 205 7 7 0.020688958 
842 229 9 9 0.020685997 
206 462 13 17 0.020682855 
741 279 9 12 0.020676548 
515 521 12 13 0.02067516 
811 460 10 15 0.020672949 
639 236 7 9 0.020672057 
524 64 7 7 0.02067097 
525 269 6 8 0.020669749 
800 527 13 16 0.020667616 
700 86 4 4 0.020663584 
691 248 8 10 0.020661557 
914 211 7 8 0.020660195 
890 103 8 6 0.020658128 
788 153 6 7 0.02065722 
315 451 12 18 0.020655787 
658 605 8 13 0.020653963 
270 369 12 13 0.0206512 
17 524 22 39 0.020650433 
478 291 11 14 0.02064658 
1018 133 7 9 0.020637183 
452 529 10 13 0.020633567 
524 250 8 8 0.020632558 
308 111 4 5 0.020629171 
713 596 21 30 0.020628469 
255 385 38 37 0.02062189 
913 25 10 10 0.020621842 
375 225 9 9 0.020619363 
729 97 6 6 0.020618688 
517 51 8 7 0.020613195 
185 295 10 17 0.02061128 
670 286 9 12 0.020606361 
581 299 8 11 0.020603068 
688 385 11 15 0.020601805 
800 648 12 12 0.020600554 
498 631 9 12 0.02059716 
703 274 8 10 0.020596514 
847 75 20 24 0.020584455 
918 347 13 15 0.020582022 
454 180 8 8 0.020578582 
519 161 5 5 0.02057825 
300 194 6 6 0.020576166 
436 250 6 8 0.020567518 
325 192 6 6 0.020562261 
851 19 8 8 0.020562045 
852 225 6 6 0.020557642 
906 273 10 11 0.020551914 
882 90 8 8 0.020549646 
532 118 5 4 0.020547746 
854 499 13 17 0.02053908 
961 109 5 7 0.020534486 
793 50 9 10 0.020531796 
42 151 4 5 0.02052447 
521 372 10 15 0.020523628 
224 204 9 10 0.020508567 
472 305 8 11 0.020501895 
455 166 6 7 0.020501627 
885 4 26 22 0.02049763 
81 217 21 26 0.020496214 
885 98 23 18 0.020488808 
515 469 24 25 0.020486994 
1005 110 5 6 0.02048682 
194 457 21 25 0.020486323 
422 117 5 5 0.020482091 
927 146 6 10 0.020481741 
979 84 7 7 0.02048153 
849 167 7 7 0.0204724 
313 298 7 10 0.020470124 
900 134 7 7 0.02046992 
265 491 12 17 0.020468215 
123 227 5 4 0.02046738 
852 230 8 8 0.020458836 
985 70 8 9 0.020458337 
615 230 7 9 0.020456674 
517 58 7 7 0.020456543 
479 514 41 43 0.02044675 
531 97 5 6 0.020440217 
965 300 8 10 0.02043041 
823 212 8 10 0.020429509 
32 167 6 5 0.020429103 
698 78 6 6 0.020428607 
466 70 8 8 0.02042701 
1003 600 12 13 0.020424142 
504 71 8 7 0.02042329 
347 528 15 14 0.020415457 
825 38 7 8 0.020406201 
759 158 8 10 0.020404646 
559 96 5 6 0.02040411 
426 237 10 14 0.0204016 
474 230 7 9 0.020398442 
131 556 102 125 0.020398192 
816 178 7 9 0.02039604 
377 240 8 10 0.020391373 
639 97 6 7 0.02038523 
412 493 24 27 0.020384628 
464 186 8 8 0.020379687 
702 394 10 11 0.020379467 
296 143 4 5 0.020375818 
376 186 7 7 0.020365398 
873 5 19 22 0.020363474 
952 129 6 7 0.020356853 
708 236 8 9 0.020354396 
362 613 28 23 0.02035401 
275 318 18 22 0.020351226 
345 594 9 11 0.020339662 
288 244 6 7 0.020339388 
359 515 16 14 0.020330478 
675 556 11 15 0.020328801 
269 252 22 23 0.020326251 
555 306 8 9 0.020325521 
958 300 9 10 0.02032522 
985 166 8 8 0.020320052 
10 534 11 21 0.02030937 
271 290 11 12 0.020300183 
559 584 14 16 0.020299455 
486 124 5 5 0.02028741 
254 382 11 13 0.020282121 
677 262 8 9 0.020280132 
864 229 7 7 0.020277698 
958 172 7 8 0.02026805 
363 235 17 22 0.020261409 
528 528 11 12 0.020260768 
701 108 7 9 0.020257415 
598 293 8 9 0.020256877 
307 490 24 20 0.020248327 
206 166 5 6 0.020247024 
285 418 12 17 0.020243444 
980 240 8 13 0.02024329 
266 299 10 12 0.020240217 
761 58 21 22 0.020237742 
300 599 8 11 0.020233387 
883 2 7 6 0.020230537 
569 204 9 8 0.020229246 
529 299 8 11 0.02022622 
600 57 9 9 0.020225156 
564 79 5 5 0.020222045 
947 90 7 7 0.020219842 
887 547 14 17 0.020217469 
619 57 9 8 0.020214906 
500 175 7 5 0.020214796 
859 564 14 16 0.0202133 
370 352 9 10 0.02021034 
130 369 20 33 0.020209925 
753 261 8 10 0.020208621 
18 261 8 13 0.020196885 
701 628 11 16 0.020196116 
893 598 13 13 0.020195188 
31 198 17 21 0.02019386 
852 210 6 8 0.020181999 
289 103 6 6 0.020179655 
497 591 12 14 0.020177446 
781 242 7 8 0.020176455 
624 612 9 13 0.020176131 
479 204 6 8 0.02017312 
557 372 13 13 0.020169849 
846 149 5 5 0.020168845 
972 97 6 7 0.020164762 
854 465 10 13 0.020162277 
323 418 12 13 0.020160817 
369 601 32 27 0.020158825 
323 363 11 14 0.020158706 
449 413 11 12 0.020157099 
551 91 5 6 0.020155126 
933 71 9 8 0.02015076 
457 396 11 15 0.020147845 
472 199 6 7 0.020144748 
497 256 8 8 0.020144114 
825 96 8 10 0.02014139 
467 179 6 7 0.020140707 
225 144 4 4 0.020140395 
533 193 6 6 0.020130932 
278 192 4 7 0.02011992 
729 63 9 9 0.0201175 
716 230 8 9 0.020115409 
397 82 6 8 0.020112801 
855 380 10 13 0.020110188 
767 64 8 7 0.020110033 
822 496 9 13 0.020106737 
569 165 6 7 0.02010657 
446 508 25 27 0.020105531 
291 287 15 21 0.020104993 
491 179 7 6 0.020102095 
428 89 6 8 0.02010109 
59 234 13 15 0.020098127 
491 205 19 23 0.020094967 
627 194 8 8 0.020091113 
476 118 4 5 0.020090215 
361 599 14 13 0.020087808 
849 13 25 25 0.020086762 
157 469 20 23 0.020086326 
702 374 10 12 0.020084051 
136 202 15 17 0.020078842 
534 483 23 27 0.02007357 
409 480 22 25 0.02006204 
67 156 8 6 0.020059332 
95 179 7 8 0.020055749 
-13 200 71 93 0.020053431 
467 255 8 9 0.020050725 
11 330 7 11 0.02004905 
467 275 8 8 0.020045832 
889 134 6 7 0.020039931 
756 153 7 7 0.020039203 
958 30 10 10 0.020016376 
645 184 8 8 0.020002639 
562 249 7 8 0.020000821 
