2_Demonstration_Political_Rally_2_451
18
230 441 184 225 0.9998356 
60 240 130 192 0.9989956 
197 93 118 164 0.99541086 
852 120 115 157 0.9890478 
724 117 94 171 0.9720266 
829 51 75 78 0.9693625 
801 5 91 97 0.8181917 
694 141 74 135 0.27327812 
783 107 100 167 0.26806122 
874 16 22 22 0.13897562 
19 676 141 119 0.12628748 
532 254 137 191 0.042836484 
-3 408 66 127 0.04218468 
596 672 40 67 0.036334753 
359 441 101 90 0.02635999 
506 423 18 32 0.026336405 
853 -1 51 43 0.021750268 
781 38 23 33 0.020280605 
