2_Demonstration_Demonstrators_2_163
109
841 286 35 43 0.99752563 
890 262 38 51 0.9970176 
566 177 94 131 0.9925188 
191 267 57 69 0.98304796 
556 293 22 32 0.92947173 
96 262 31 47 0.65676504 
319 205 74 82 0.6273908 
21 240 23 38 0.59452796 
19 220 43 70 0.3134009 
457 31 95 179 0.19319807 
175 285 40 45 0.18100478 
37 254 25 37 0.16326515 
471 42 30 49 0.07188519 
13 177 82 132 0.057557464 
40 272 27 41 0.057399534 
229 44 33 47 0.055187214 
299 235 69 75 0.054061964 
754 211 30 46 0.049939107 
772 272 40 57 0.0446449 
306 14 53 71 0.03753346 
273 195 28 38 0.035116643 
-3 303 28 54 0.033575498 
778 259 32 36 0.03343897 
348 616 61 81 0.03277982 
474 39 52 96 0.032660883 
174 294 22 24 0.03246556 
31 485 9 16 0.03242611 
14 702 50 77 0.031493373 
72 266 45 60 0.031097632 
31 303 19 25 0.029345209 
264 20 117 150 0.029241912 
33 246 54 74 0.029131997 
291 186 58 77 0.029015813 
777 308 35 52 0.028892705 
735 205 33 48 0.028632479 
349 239 38 53 0.028540993 
594 507 100 178 0.02847458 
860 273 41 54 0.028305888 
474 679 65 60 0.028210804 
0 294 19 31 0.028115282 
804 539 44 88 0.028045157 
369 1130 105 145 0.027859202 
239 444 33 42 0.027844751 
16 246 16 24 0.02722358 
158 287 33 38 0.02717977 
463 -1 29 35 0.027149212 
361 218 34 46 0.02695852 
571 142 357 585 0.026835646 
64 213 83 113 0.026628012 
326 79 40 50 0.0262456 
24 475 10 15 0.026020292 
846 209 5 8 0.02560261 
259 188 9 12 0.025566129 
845 243 5 8 0.02546632 
81 514 25 36 0.025299074 
255 213 44 79 0.024943627 
277 209 35 45 0.024646215 
8 632 10 21 0.024587356 
470 706 31 45 0.024311226 
71 481 15 23 0.024250802 
41 226 34 46 0.024214312 
468 65 13 23 0.024018774 
244 293 28 47 0.024006562 
149 226 94 129 0.023731925 
882 218 6 9 0.02365847 
137 271 46 68 0.023383154 
88 529 28 42 0.023275018 
318 271 36 52 0.02300598 
843 237 5 8 0.022921536 
749 266 40 63 0.02290872 
-188 -1 122 283 0.022826089 
646 640 100 140 0.022730878 
363 258 63 90 0.022538546 
978 1234 5 7 0.022403572 
842 866 30 37 0.022387797 
265 86 15 19 0.022017455 
409 180 47 74 0.021990657 
5 508 13 21 0.021916218 
462 289 38 46 0.021905519 
101 540 26 42 0.02187847 
294 244 43 37 0.021836434 
16 494 9 16 0.021815158 
125 296 28 33 0.021724407 
123 491 109 131 0.02143037 
457 156 34 53 0.021422898 
776 50 27 39 0.021411657 
877 151 37 54 0.021373153 
210 535 32 41 0.02122958 
844 199 5 8 0.021218853 
323 85 7 10 0.02121789 
72 534 25 42 0.021073958 
158 247 37 58 0.02107384 
579 1241 64 81 0.021018991 
833 627 47 70 0.020910343 
335 665 30 50 0.02085589 
110 256 31 42 0.020722961 
885 74 12 15 0.020655483 
352 14 55 80 0.020560076 
147 781 10 15 0.020453684 
173 772 8 14 0.020393873 
446 168 42 87 0.020286387 
276 102 10 13 0.020273183 
646 0 154 94 0.020235486 
227 422 40 48 0.020200694 
17 232 12 18 0.020186033 
798 438 51 70 0.020176867 
860 210 7 10 0.020117195 
913 0 7 8 0.020094553 
180 795 10 17 0.02004238 
