2_Demonstration_Demonstrators_2_781
87
393 196 22 32 0.9998853 
463 197 38 58 0.9997576 
692 222 49 52 0.99943465 
253 166 53 72 0.99906534 
547 139 54 86 0.9952401 
930 227 30 35 0.97517824 
757 255 22 27 0.96231395 
534 212 31 44 0.9578488 
533 191 20 27 0.9513455 
237 130 30 53 0.9330262 
860 247 15 16 0.8709416 
815 230 20 18 0.8036858 
923 269 46 46 0.7734773 
792 240 10 12 0.37767878 
437 225 10 11 0.35877377 
758 226 23 26 0.34369835 
126 215 19 25 0.25618273 
999 243 14 18 0.23662199 
654 188 7 9 0.1639922 
423 222 6 9 0.1465804 
49 195 11 11 0.13870952 
109 232 15 15 0.12121958 
979 251 10 18 0.11915131 
890 239 14 12 0.11671282 
707 27 48 53 0.11161196 
361 207 9 16 0.09891279 
43 203 8 7 0.08918306 
419 189 8 11 0.07236291 
786 242 11 13 0.0722253 
922 231 21 27 0.061779622 
412 192 17 29 0.058786474 
709 180 8 9 0.05531435 
118 231 12 13 0.050253674 
981 246 19 24 0.04953552 
665 146 8 9 0.04863366 
849 250 14 16 0.048272304 
665 176 8 10 0.045186955 
-2 2 18 38 0.04315458 
130 247 11 12 0.0424712 
769 240 15 20 0.041956574 
211 126 20 26 0.041051403 
769 205 8 11 0.040086497 
950 248 13 16 0.03799216 
745 227 10 13 0.03695036 
1012 249 21 28 0.035767756 
207 358 22 31 0.035120584 
1004 246 19 23 0.034532737 
874 244 12 15 0.03448721 
41 204 5 6 0.034155343 
226 136 25 33 0.032725748 
989 420 34 39 0.03259527 
508 174 10 15 0.031475693 
352 386 41 44 0.031243147 
887 243 20 22 0.031167971 
117 247 9 11 0.030249856 
45 198 8 7 0.029871074 
779 242 10 15 0.029817257 
103 216 38 48 0.029359398 
764 220 14 16 0.028442305 
403 181 7 8 0.028052626 
209 144 20 29 0.02736315 
844 356 32 43 0.02720865 
301 400 12 11 0.026765335 
853 243 30 33 0.026663087 
-5 482 42 73 0.02635368 
948 239 14 18 0.026213313 
776 232 10 14 0.02605144 
865 241 12 15 0.025332069 
445 222 7 8 0.02508107 
751 235 23 32 0.024774753 
-2 -90 34 90 0.023748688 
111 239 19 22 0.023294803 
342 463 20 30 0.023073114 
83 210 10 8 0.023018168 
662 226 9 13 0.022870088 
938 244 30 30 0.021933468 
27 119 20 29 0.021575239 
40 210 5 5 0.021502087 
328 175 8 11 0.021488719 
64 209 28 26 0.021467593 
971 249 12 17 0.02135235 
-19 -154 170 156 0.021140546 
39 199 5 4 0.020867048 
2 217 4 6 0.020745162 
81 214 11 10 0.020516258 
954 425 101 139 0.020477692 
134 219 22 29 0.020188881 
