2_Demonstration_Protesters_2_86
1798
119 338 28 33 0.9999411 
806 321 28 32 0.99989545 
597 327 26 33 0.9998783 
286 333 27 35 0.9998487 
492 316 25 33 0.99981827 
185 314 23 28 0.9996824 
46 479 47 56 0.9996656 
764 299 21 26 0.99965644 
219 330 24 28 0.99959594 
23 296 25 26 0.99958104 
539 439 43 52 0.99957854 
533 301 20 24 0.9994223 
462 249 12 13 0.99920976 
967 262 14 15 0.9990941 
73 313 22 26 0.99892503 
35 590 85 86 0.99871325 
729 340 30 39 0.99856347 
460 372 37 44 0.99832934 
321 365 32 38 0.9982712 
330 300 20 24 0.9982564 
978 306 22 22 0.9981988 
899 235 11 13 0.99811435 
121 298 21 22 0.9978034 
351 474 48 47 0.997526 
394 335 21 25 0.99747485 
678 307 23 27 0.9970163 
282 249 11 12 0.9966091 
966 351 33 39 0.9959073 
357 232 11 11 0.9958097 
567 288 17 21 0.99551094 
784 277 13 18 0.9951734 
130 273 16 17 0.9948495 
549 232 9 10 0.9942169 
360 273 16 17 0.99369806 
511 242 11 12 0.9924257 
183 372 37 42 0.99235666 
276 292 19 23 0.99230003 
772 249 14 16 0.9920449 
932 324 26 28 0.9919985 
524 236 10 10 0.99159205 
543 212 8 10 0.9913583 
656 278 18 22 0.98997587 
401 302 20 20 0.9895699 
452 299 19 22 0.9895188 
328 264 15 19 0.9894672 
56 278 18 21 0.9892777 
150 273 16 18 0.98855406 
620 255 15 15 0.9877928 
892 304 20 19 0.98762995 
66 186 14 14 0.98759055 
703 237 9 10 0.98693305 
535 229 8 11 0.98645014 
726 292 19 22 0.9863711 
815 264 14 14 0.9858306 
571 243 10 11 0.985495 
883 253 13 13 0.9853917 
295 274 14 16 0.98538995 
702 251 10 13 0.98520756 
512 262 15 17 0.98435473 
376 249 11 13 0.98247355 
652 245 11 13 0.98197603 
398 245 11 13 0.98188215 
965 219 9 8 0.9817399 
862 263 17 16 0.9795106 
899 372 33 35 0.97921443 
35 184 14 12 0.9777193 
95 279 19 19 0.97761816 
917 292 18 19 0.97494817 
968 567 59 43 0.97279423 
247 255 14 19 0.97253835 
307 233 11 11 0.9679785 
680 268 17 19 0.96696335 
838 285 17 19 0.9664043 
134 232 13 14 0.9657697 
100 245 15 14 0.9636483 
292 231 9 10 0.96182746 
222 214 8 9 0.96133065 
21 195 11 15 0.95755917 
1008 261 15 16 0.95567346 
605 270 16 20 0.9539654 
428 257 12 14 0.95304894 
198 274 18 17 0.94495153 
531 279 18 21 0.9433637 
402 228 9 11 0.9430238 
804 428 39 35 0.94273436 
989 252 11 10 0.93440115 
-1 360 16 34 0.9328556 
933 263 11 11 0.9303308 
130 181 10 10 0.9262953 
923 232 9 10 0.9259776 
333 219 8 10 0.91491663 
47 183 13 14 0.91462415 
186 233 11 13 0.91053325 
448 268 16 19 0.90772074 
671 225 10 10 0.8999179 
0 279 14 20 0.89653957 
874 227 9 10 0.88882035 
977 243 10 11 0.87945974 
576 272 14 18 0.87920046 
275 227 10 11 0.8751147 
680 413 36 37 0.8725166 
156 236 14 15 0.8659893 
220 229 11 10 0.86365426 
826 302 17 17 0.85643137 
740 278 15 16 0.8551112 
74 267 13 15 0.8524438 
952 230 9 10 0.846103 
460 234 9 10 0.8454671 
840 245 12 10 0.84542584 
351 219 9 8 0.84115124 
728 257 11 12 0.83971226 
651 224 8 9 0.83693904 
260 233 11 11 0.835579 
426 227 9 9 0.8204074 
481 205 6 8 0.8189751 
24 264 16 16 0.81229436 
485 257 12 13 0.80036277 
989 230 11 11 0.800254 
902 213 9 10 0.7878438 
602 239 8 9 0.78293806 
717 230 9 11 0.7815812 
8 179 9 11 0.7805765 
625 211 8 8 0.77566046 
665 201 7 7 0.77401996 
448 212 8 8 0.7715116 
447 208 7 8 0.7502008 
280 196 6 7 0.7462673 
253 236 11 11 0.7336223 
422 241 12 10 0.72832954 
360 250 11 12 0.7231758 
233 235 10 10 0.7130329 
103 194 11 11 0.71043247 
383 201 6 6 0.705558 
411 209 8 7 0.6990446 
588 208 7 7 0.68477684 
884 210 8 9 0.68427837 
468 195 7 7 0.6779058 
320 255 12 13 0.67290884 
501 188 6 6 0.6717808 
494 231 8 9 0.6599148 
858 202 6 7 0.65902275 
957 246 10 10 0.657298 
505 207 6 7 0.65692073 
422 217 7 7 0.65461755 
412 231 9 10 0.64509 
940 236 9 10 0.64371115 
307 207 7 7 0.64128965 
607 225 8 8 0.63467634 
914 223 8 9 0.6325459 
490 225 8 8 0.6306402 
937 292 11 11 0.6301924 
373 230 8 9 0.6297733 
460 209 7 8 0.6231122 
181 176 7 9 0.620527 
741 248 9 11 0.61774164 
264 256 10 12 0.6162437 
500 212 8 7 0.616077 
94 182 11 9 0.611629 
674 202 6 7 0.6059138 
762 241 10 12 0.59530467 
338 212 7 8 0.59319156 
78 179 11 11 0.59073 
518 205 8 8 0.58736503 
365 200 6 6 0.5839851 
325 235 9 11 0.5821783 
721 207 8 8 0.581375 
372 220 7 8 0.57977134 
493 178 7 7 0.57380265 
391 212 7 7 0.5652553 
246 217 8 9 0.560245 
908 262 13 13 0.5578997 
791 255 12 11 0.557168 
580 217 8 8 0.554854 
363 218 7 8 0.5544058 
481 193 5 6 0.5450706 
154 190 9 12 0.5422259 
981 285 14 13 0.535078 
1014 299 12 17 0.5308985 
201 231 9 10 0.5303933 
634 218 9 10 0.5264429 
257 209 7 7 0.52161473 
729 231 9 10 0.51821184 
392 219 8 9 0.5094915 
176 217 8 9 0.5049428 
264 194 5 6 0.50261694 
169 234 9 11 0.5021299 
782 209 7 6 0.50166893 
615 194 6 6 0.5005078 
275 211 7 9 0.4995627 
472 208 7 8 0.49848896 
593 232 9 11 0.49738082 
734 231 8 10 0.49387515 
631 226 9 9 0.4853082 
105 181 9 9 0.48239973 
235 202 7 8 0.4774498 
405 197 5 5 0.47510183 
872 212 6 7 0.474999 
542 245 8 10 0.47391307 
667 188 5 5 0.47194317 
516 227 8 9 0.47070792 
604 195 6 7 0.46737283 
744 225 8 8 0.46688443 
1007 244 11 9 0.46675435 
424 184 6 5 0.46363765 
709 201 6 6 0.46129173 
647 204 6 6 0.45728308 
401 209 7 6 0.45079747 
409 219 7 8 0.45006326 
742 202 6 6 0.44922754 
693 203 5 6 0.44368848 
424 201 6 6 0.44182283 
550 195 6 7 0.4414141 
208 257 13 11 0.4392996 
626 315 20 19 0.43701914 
608 212 7 7 0.43654317 
483 237 9 9 0.43569058 
569 227 9 9 0.435678 
301 207 7 7 0.43511266 
763 195 6 6 0.42935032 
180 206 7 8 0.4258552 
874 199 8 7 0.42469072 
680 189 5 5 0.42429236 
345 196 6 6 0.42363977 
418 196 6 6 0.42183796 
729 197 6 6 0.42024523 
577 214 7 8 0.41881505 
557 208 8 7 0.41878113 
322 209 6 7 0.4149242 
314 194 6 6 0.4110969 
252 191 4 5 0.40900204 
318 222 8 8 0.40492302 
209 230 7 9 0.40250027 
766 282 13 16 0.40181464 
608 251 11 12 0.39408454 
207 201 5 5 0.39017013 
452 224 8 8 0.3900372 
367 197 5 5 0.3895243 
627 197 6 7 0.38867843 
435 201 6 5 0.37983638 
157 212 10 9 0.37731996 
687 200 5 7 0.3766821 
301 200 6 6 0.3737358 
756 219 7 7 0.3723425 
798 256 11 10 0.37023738 
-2 456 17 38 0.363658 
783 227 9 8 0.3604334 
271 274 12 13 0.35946152 
704 224 7 8 0.3590388 
652 214 7 7 0.35437885 
493 202 5 7 0.34970126 
1008 218 8 8 0.34710383 
816 214 10 10 0.3470581 
437 213 6 8 0.34602636 
293 214 7 8 0.34582055 
692 214 7 7 0.34434706 
890 199 8 8 0.34201944 
564 208 7 7 0.34150985 
911 205 6 8 0.34031013 
557 212 8 8 0.3389608 
572 315 12 16 0.33771038 
435 184 5 5 0.33195165 
488 196 6 6 0.32673755 
288 214 6 8 0.32561913 
289 189 4 5 0.32513258 
686 188 4 5 0.32448632 
637 214 7 7 0.32326594 
225 254 12 13 0.32108086 
546 175 5 5 0.3200345 
681 212 6 7 0.3145888 
706 191 5 4 0.3121124 
996 245 11 9 0.30494907 
489 220 8 9 0.30256036 
746 208 8 8 0.30204967 
699 191 5 4 0.30159795 
326 195 6 6 0.30155852 
665 243 9 10 0.29038832 
452 212 7 8 0.28945214 
238 181 5 5 0.28720254 
457 184 5 5 0.28715113 
687 183 4 4 0.28618756 
377 212 7 7 0.28553924 
488 214 7 8 0.2843079 
211 190 5 5 0.2841304 
332 201 6 5 0.2833394 
726 183 4 5 0.2832179 
561 238 9 9 0.28031173 
198 211 7 9 0.27780235 
474 183 5 5 0.27686653 
322 186 4 4 0.276047 
607 222 7 7 0.27423674 
948 212 8 9 0.27307695 
635 194 5 6 0.27255833 
921 195 7 7 0.26739028 
406 263 13 14 0.26295123 
602 209 7 7 0.26204056 
203 213 8 8 0.25915933 
945 246 10 9 0.25864056 
360 191 5 4 0.25753328 
553 174 4 5 0.25729764 
731 185 4 4 0.2562493 
403 189 6 5 0.25564745 
1017 233 9 9 0.2536998 
793 215 8 9 0.25197634 
198 197 6 6 0.25157416 
303 190 4 4 0.25049484 
373 209 6 7 0.24966028 
562 226 7 7 0.24952103 
1012 174 7 6 0.24698837 
604 178 5 5 0.24608086 
694 190 4 4 0.2448463 
724 189 5 5 0.24420242 
507 177 5 5 0.2437168 
347 219 7 8 0.24318771 
78 274 12 16 0.24170803 
774 220 8 6 0.24133436 
872 196 7 7 0.24089758 
622 209 7 7 0.24047183 
640 202 6 6 0.23965034 
743 208 7 6 0.23851754 
435 187 6 6 0.23613802 
486 183 6 5 0.23562491 
1010 312 21 26 0.23520482 
669 235 9 12 0.23505546 
640 197 5 5 0.23480372 
504 188 6 6 0.23470202 
563 189 6 6 0.23391975 
190 256 12 13 0.2317302 
597 178 5 5 0.22998108 
608 230 8 9 0.2281304 
211 195 5 5 0.22706604 
673 185 4 4 0.22694081 
696 202 6 6 0.22612298 
669 177 4 4 0.22573169 
417 184 5 4 0.22526814 
917 279 13 15 0.22514331 
205 218 8 8 0.22298753 
890 196 7 7 0.2214957 
545 184 5 5 0.22129086 
461 225 9 8 0.22117414 
156 248 11 14 0.22093284 
555 231 9 10 0.22072679 
839 238 13 10 0.22029985 
688 179 4 4 0.22009467 
607 177 5 5 0.21893264 
399 183 4 4 0.21840255 
271 191 4 4 0.21839978 
507 203 6 5 0.21812943 
303 197 4 4 0.21718971 
341 195 5 5 0.21602277 
430 184 4 4 0.21597388 
859 298 12 14 0.21437792 
310 208 7 7 0.2118811 
703 208 7 7 0.21035632 
379 191 4 5 0.20979881 
1004 207 9 9 0.20968734 
778 219 8 6 0.20943597 
307 171 5 4 0.20939782 
949 295 13 12 0.20814556 
752 174 5 5 0.20763515 
186 215 8 9 0.20718345 
621 189 5 5 0.20667203 
999 175 8 7 0.20585673 
390 201 6 5 0.20176764 
283 214 6 7 0.20138681 
347 183 4 5 0.20036447 
184 195 7 8 0.20017755 
702 273 16 20 0.19849889 
250 182 4 5 0.19789563 
303 179 4 4 0.19758023 
736 208 6 6 0.1974128 
367 182 5 4 0.19725275 
757 215 5 6 0.19664288 
303 182 4 4 0.19628589 
532 175 5 6 0.19604361 
55 373 12 10 0.19569711 
711 184 4 4 0.19519804 
946 281 11 12 0.19493322 
296 197 4 5 0.19447522 
859 212 7 7 0.19438763 
711 189 4 5 0.19293003 
429 213 7 7 0.19270155 
286 217 7 8 0.19173211 
635 206 6 6 0.18980923 
910 437 34 27 0.18937093 
254 226 9 9 0.18896796 
631 243 9 10 0.18867753 
858 184 5 5 0.18803275 
369 195 6 6 0.18802452 
792 295 12 14 0.18788849 
268 194 6 6 0.18759939 
410 182 5 5 0.18679446 
590 196 6 6 0.18663506 
380 172 4 4 0.18572505 
726 196 5 5 0.1854958 
457 320 16 22 0.18538739 
513 230 9 9 0.18487912 
522 206 8 8 0.1838784 
399 190 5 4 0.18351285 
322 188 5 4 0.18334937 
201 199 5 6 0.18308493 
383 213 6 8 0.18258277 
189 280 11 11 0.181909 
357 207 7 6 0.18175137 
542 201 7 7 0.18010944 
569 189 5 5 0.17908052 
629 231 8 9 0.1790204 
596 181 5 5 0.17891556 
570 195 5 6 0.17818661 
23 181 10 10 0.17812534 
671 177 4 4 0.17802992 
883 194 5 6 0.17802761 
696 212 7 8 0.17800249 
981 201 12 10 0.1778731 
481 176 5 5 0.17745744 
706 202 6 6 0.17680502 
444 184 4 5 0.17659236 
439 218 6 7 0.17658035 
525 189 5 5 0.17628483 
353 207 6 6 0.17598043 
682 185 3 3 0.17529099 
708 185 3 4 0.17516169 
246 190 5 6 0.17417054 
743 176 5 4 0.1737813 
316 166 4 3 0.1735827 
981 220 10 9 0.17295168 
323 195 4 5 0.17224729 
353 189 4 4 0.1719098 
406 184 4 4 0.1707086 
538 188 6 5 0.17009161 
307 190 5 5 0.16970333 
308 178 4 4 0.1696481 
902 193 6 7 0.16964133 
693 184 3 3 0.16963346 
686 197 5 6 0.16928755 
292 195 4 5 0.16904709 
589 226 9 10 0.16887452 
744 185 5 4 0.16751903 
854 184 5 4 0.16741174 
428 201 6 6 0.16738468 
597 189 5 5 0.16708753 
740 233 9 9 0.16702662 
488 200 6 6 0.16680719 
566 177 4 4 0.16647553 
546 172 4 4 0.16608068 
408 195 6 6 0.16600527 
372 191 5 4 0.16593379 
895 194 6 6 0.16592455 
672 188 5 5 0.16571642 
628 189 5 5 0.16511413 
616 176 4 5 0.16501413 
322 171 4 4 0.1648424 
882 238 10 9 0.16386467 
314 191 5 4 0.16372846 
412 179 4 3 0.162795 
668 185 4 4 0.16237882 
610 190 4 4 0.16220684 
239 179 4 4 0.16132376 
662 189 4 5 0.16124429 
377 208 6 7 0.16101524 
583 176 4 4 0.16036059 
991 221 9 9 0.16004927 
928 201 7 8 0.15874895 
976 194 9 8 0.15846397 
391 191 5 4 0.15816748 
353 197 5 4 0.15797052 
385 191 5 4 0.15756205 
380 195 5 5 0.15739447 
939 194 7 10 0.15710351 
308 183 4 3 0.15699862 
663 178 3 4 0.15665711 
469 208 6 7 0.15525497 
737 184 4 4 0.15524946 
511 188 6 6 0.15501316 
913 202 6 8 0.15457702 
324 212 8 8 0.15390296 
558 189 5 6 0.1528581 
337 190 4 4 0.15281962 
732 261 12 12 0.1527615 
283 191 5 4 0.15270022 
866 185 4 4 0.15240644 
400 179 4 3 0.15239921 
683 225 9 9 0.15230088 
403 200 7 5 0.15203232 
412 171 4 3 0.15124685 
736 196 5 5 0.15119623 
767 209 6 6 0.1499111 
796 175 5 6 0.14982285 
533 187 5 6 0.14981768 
699 194 5 5 0.14975484 
602 190 6 4 0.14940195 
194 196 5 6 0.14934136 
298 190 3 4 0.14931251 
833 181 6 5 0.14872333 
994 249 11 10 0.14805368 
662 202 6 7 0.14730532 
265 191 4 5 0.1470495 
281 208 6 6 0.14649384 
405 177 4 4 0.14581639 
219 189 5 5 0.14570086 
558 172 4 4 0.14552599 
483 183 4 5 0.1454679 
501 243 7 9 0.1449118 
391 183 4 4 0.1445517 
743 188 5 5 0.14434054 
595 201 6 6 0.14425753 
660 218 7 8 0.144161 
349 189 4 4 0.14340518 
297 178 4 4 0.14314757 
684 208 6 7 0.14306478 
907 193 8 8 0.14277537 
392 197 4 4 0.14256796 
429 189 5 5 0.14243478 
593 178 4 4 0.14227319 
754 172 6 5 0.14223777 
618 182 4 5 0.14207433 
1018 221 7 8 0.14199771 
602 295 13 20 0.14193043 
387 177 3 3 0.14167532 
635 191 4 5 0.1408661 
329 200 5 6 0.14035322 
878 188 6 5 0.14008398 
329 185 3 4 0.14003296 
652 203 6 6 0.13987944 
467 175 5 5 0.13878879 
602 182 5 5 0.13753831 
513 207 6 6 0.1362731 
562 212 7 8 0.13614577 
557 175 4 5 0.13595384 
458 178 3 3 0.13542609 
226 182 4 6 0.13503021 
676 253 12 14 0.13502346 
367 192 4 3 0.13497914 
846 207 7 8 0.13493492 
471 195 6 6 0.13491417 
61 252 13 14 0.13488302 
862 248 12 11 0.13476157 
383 220 7 8 0.13475253 
615 208 6 6 0.13474742 
1004 212 10 11 0.13456301 
430 195 5 5 0.1343622 
562 194 6 6 0.13420406 
795 171 4 5 0.13409601 
720 227 9 10 0.13383822 
277 190 4 4 0.13309038 
41 254 12 13 0.13302481 
380 176 4 4 0.13257615 
521 189 5 5 0.13217032 
635 202 6 6 0.13177176 
992 193 8 8 0.13144903 
538 171 5 4 0.13099015 
316 184 4 4 0.13096908 
339 191 4 4 0.13087672 
416 177 5 4 0.13083658 
575 200 6 6 0.13075191 
706 194 5 5 0.13046466 
475 177 4 4 0.13025531 
537 176 5 6 0.12994914 
756 189 6 6 0.12990211 
762 201 6 6 0.12945001 
246 181 5 5 0.12943746 
561 245 9 10 0.12900937 
718 196 5 5 0.12876779 
799 175 6 6 0.12836146 
647 214 7 7 0.128173 
739 202 5 5 0.12746125 
397 211 6 8 0.12726666 
609 183 4 4 0.12705679 
594 196 6 6 0.12682694 
386 173 3 3 0.12651335 
579 184 4 5 0.12628038 
3 1 24 30 0.1262045 
790 189 5 6 0.12612946 
545 187 5 6 0.12581344 
832 178 6 5 0.12517925 
743 236 9 10 0.1251525 
60 307 12 13 0.12491573 
419 171 4 3 0.12485824 
762 191 5 5 0.12475419 
345 200 6 6 0.124735095 
691 179 4 3 0.124531604 
764 177 5 5 0.12408873 
737 189 4 4 0.12408405 
488 170 5 5 0.123817086 
298 183 4 4 0.12380694 
354 184 4 4 0.12358775 
431 208 6 6 0.123441055 
400 212 8 8 0.12330325 
277 199 6 6 0.123138934 
386 184 4 3 0.12267681 
498 176 5 6 0.12262472 
53 218 11 12 0.122500256 
448 152 5 5 0.12176213 
361 172 4 3 0.12168591 
700 186 4 3 0.121544786 
404 219 8 8 0.12136478 
616 201 5 6 0.12126132 
680 195 5 6 0.121073894 
431 171 4 3 0.121034704 
775 210 6 6 0.12096537 
499 202 6 5 0.12092976 
227 201 5 7 0.12091798 
398 201 6 5 0.12085052 
692 218 6 7 0.12070147 
244 223 8 9 0.1206716 
1016 175 6 6 0.12055002 
322 165 3 3 0.119904265 
664 204 7 8 0.11974898 
367 171 3 3 0.11952345 
374 178 3 4 0.11949691 
335 197 4 4 0.119476676 
534 170 4 5 0.119363606 
728 208 7 7 0.11930301 
621 183 4 5 0.118442245 
309 166 3 3 0.11794084 
720 183 3 4 0.11781052 
582 184 4 5 0.117751904 
265 182 4 5 0.11752298 
456 187 5 5 0.11699253 
256 191 4 4 0.11678501 
578 197 5 5 0.11670845 
265 202 5 5 0.11638168 
361 178 4 4 0.115669526 
692 207 5 5 0.1154614 
330 250 11 12 0.11530613 
462 175 4 5 0.11494692 
681 208 6 7 0.11459098 
340 164 4 4 0.114358746 
847 184 5 4 0.114299096 
667 197 6 5 0.11407371 
728 236 10 12 0.11394727 
719 190 5 5 0.11358972 
352 202 6 6 0.11346661 
229 233 9 10 0.11312788 
232 177 4 4 0.11310901 
444 169 4 4 0.11306076 
572 200 5 6 0.11275093 
367 179 4 3 0.11257585 
859 188 5 5 0.11252955 
429 242 12 10 0.11224327 
826 186 6 6 0.11220377 
305 172 3 3 0.11203046 
491 195 6 6 0.11191755 
552 184 5 5 0.11168088 
203 207 7 7 0.11167463 
813 177 5 6 0.11155068 
698 208 7 7 0.11129151 
464 222 7 7 0.11041859 
725 179 3 3 0.11038953 
373 183 4 4 0.11037926 
326 170 4 5 0.11034797 
539 184 5 5 0.110132806 
732 189 4 4 0.11004082 
173 199 6 7 0.10988479 
475 171 4 3 0.10968211 
386 197 4 4 0.10967746 
767 196 5 6 0.109642036 
448 184 4 4 0.109589815 
447 194 6 6 0.10904586 
592 183 4 5 0.10874342 
74 257 13 14 0.10849024 
406 173 3 3 0.10845196 
152 353 11 17 0.108431414 
739 179 4 4 0.10813905 
200 208 6 7 0.1075642 
250 178 5 5 0.10747512 
582 197 6 5 0.107329205 
467 199 7 7 0.10712047 
507 171 4 4 0.107087895 
617 191 5 4 0.106942266 
882 190 6 5 0.10684216 
444 196 5 5 0.10651952 
871 185 4 4 0.10627329 
424 178 4 3 0.106033064 
392 178 4 3 0.1057696 
591 189 4 5 0.105731 
343 183 4 4 0.105275646 
1008 183 8 7 0.10495437 
303 165 3 3 0.10463215 
263 176 5 5 0.10450508 
223 243 10 12 0.1042547 
494 171 5 3 0.10394714 
932 273 13 14 0.103690535 
556 184 6 5 0.10310562 
359 183 5 3 0.10299786 
732 269 18 17 0.1029328 
317 170 4 3 0.10285957 
468 171 4 4 0.10242635 
463 172 4 3 0.10229371 
801 171 4 4 0.10221799 
237 213 7 7 0.10215414 
360 195 5 4 0.1015426 
455 209 6 7 0.10136549 
306 203 6 6 0.101152636 
271 172 4 4 0.1009317 
664 214 7 7 0.100896135 
262 225 8 8 0.10052791 
572 213 6 7 0.10037136 
256 194 5 6 0.10006962 
711 196 5 5 0.099811986 
290 186 4 3 0.09904751 
511 195 7 6 0.098824285 
404 283 14 16 0.09825574 
781 212 7 7 0.09793099 
946 232 9 11 0.097850524 
887 225 9 10 0.09758612 
662 183 4 5 0.09756775 
423 170 4 4 0.097406596 
659 215 7 7 0.09737655 
241 206 6 7 0.097151354 
262 220 6 7 0.09715132 
747 203 6 5 0.097135216 
594 207 6 7 0.09680404 
297 200 5 5 0.09665427 
913 275 13 13 0.09640368 
926 154 7 9 0.09634721 
418 189 6 5 0.096341014 
165 200 7 8 0.096198104 
639 242 9 11 0.09609227 
582 201 6 6 0.096040875 
493 206 6 7 0.09602687 
255 218 8 8 0.09556222 
156 217 10 9 0.09536896 
283 170 4 4 0.09525694 
568 209 6 6 0.09511905 
380 184 4 3 0.095068954 
777 171 4 5 0.095039174 
771 221 6 5 0.09491445 
629 183 4 5 0.09460151 
512 184 5 5 0.09393643 
853 202 7 6 0.09391597 
791 171 4 4 0.09373324 
98 184 13 10 0.09348138 
745 212 6 6 0.09346979 
332 328 12 18 0.09327132 
572 166 3 4 0.093255974 
450 177 3 4 0.09285157 
710 208 6 5 0.092605256 
879 243 13 11 0.09246907 
259 183 4 5 0.09231009 
582 256 11 11 0.092227854 
565 183 5 5 0.091945834 
756 208 6 6 0.0907467 
226 178 4 5 0.09069809 
759 220 8 7 0.09064119 
724 201 6 6 0.09044923 
209 214 7 7 0.090050295 
620 195 5 6 0.08985645 
758 225 9 9 0.08975342 
716 220 7 6 0.089530736 
164 212 8 8 0.08945946 
1013 258 12 12 0.089457124 
566 172 3 4 0.08915349 
920 199 7 8 0.08914493 
339 210 6 6 0.08886798 
623 177 4 5 0.088690795 
137 205 10 10 0.08841389 
895 217 8 8 0.08834316 
506 183 6 5 0.08805572 
865 188 5 5 0.08734511 
1002 249 12 10 0.08706286 
398 198 5 4 0.08652182 
640 237 9 10 0.08639953 
289 208 5 6 0.085620455 
552 189 5 5 0.085612416 
265 172 3 4 0.0853282 
557 219 8 8 0.08532236 
862 202 6 6 0.08523086 
433 226 8 8 0.08510888 
420 167 3 3 0.084860034 
442 188 5 5 0.08414818 
394 287 11 12 0.08397432 
327 190 4 4 0.083724305 
579 188 4 5 0.083692595 
546 196 6 6 0.082746625 
349 179 3 4 0.082584776 
468 183 5 5 0.08245991 
710 213 7 7 0.08229391 
307 195 5 5 0.0822938 
631 248 10 11 0.082048036 
540 196 5 5 0.08149131 
748 184 5 4 0.0812345 
462 196 6 6 0.08117985 
481 172 4 3 0.081059754 
435 209 6 6 0.08076435 
230 188 6 6 0.08067533 
571 220 7 7 0.080665596 
335 165 4 4 0.08062491 
431 177 4 4 0.08039484 
692 195 5 5 0.080348246 
558 226 7 8 0.08034283 
417 199 7 6 0.08006419 
232 183 5 6 0.0800421 
762 207 6 6 0.079713196 
499 239 8 8 0.079551585 
873 311 10 14 0.07950993 
256 256 16 19 0.07942173 
652 260 9 11 0.07899695 
523 226 8 8 0.07879182 
793 243 10 10 0.078349546 
245 178 4 5 0.07822408 
858 207 6 7 0.0781725 
719 202 5 5 0.078057334 
361 203 5 5 0.07784879 
844 347 17 17 0.07743045 
399 171 4 3 0.07739558 
257 203 6 5 0.077201836 
436 197 5 4 0.07715216 
672 196 6 6 0.07700998 
594 257 9 10 0.076981984 
271 184 3 4 0.07678914 
566 202 5 6 0.076777786 
218 201 6 6 0.07659966 
689 248 10 13 0.07647668 
863 209 7 7 0.07646423 
734 243 9 10 0.07641258 
937 279 12 13 0.07640247 
556 193 6 7 0.07639983 
682 179 3 3 0.07639701 
853 188 5 5 0.07635687 
333 215 8 8 0.076307535 
656 190 5 5 0.07611338 
933 199 8 9 0.07600864 
769 227 7 6 0.075927906 
755 224 8 8 0.0758121 
0 181 7 9 0.07578487 
731 179 4 4 0.07570366 
943 199 8 8 0.075632066 
342 201 5 5 0.075478055 
296 301 10 15 0.07547504 
808 171 4 4 0.07544138 
615 219 6 7 0.075262725 
425 167 3 3 0.07501043 
323 259 14 15 0.07467567 
455 201 6 7 0.074259646 
906 217 9 9 0.07417785 
528 176 4 5 0.074018955 
394 172 3 3 0.073927365 
657 231 9 10 0.07389695 
570 177 4 5 0.073889546 
697 226 6 7 0.07382467 
500 172 4 3 0.073501915 
572 169 3 4 0.07330669 
355 179 4 4 0.07316921 
757 183 5 4 0.07300831 
757 203 6 5 0.07284233 
639 206 7 7 0.07274617 
337 239 8 9 0.07261725 
297 172 3 3 0.07236719 
520 195 5 5 0.072131835 
820 177 4 5 0.07201864 
356 170 3 3 0.071918964 
896 191 6 5 0.07189214 
313 201 6 5 0.07180482 
707 232 8 10 0.071710475 
584 172 4 4 0.07166933 
640 190 5 5 0.07163751 
903 208 7 7 0.071078725 
193 199 6 7 0.07097258 
996 180 8 8 0.070772976 
533 165 4 4 0.07072013 
444 165 4 4 0.0707096 
720 179 4 3 0.07060755 
927 195 6 6 0.070599064 
283 185 5 4 0.07052677 
522 202 7 7 0.07042896 
486 189 6 5 0.07038743 
838 182 5 5 0.07026211 
209 189 4 5 0.07003013 
336 254 10 10 0.07000108 
609 202 5 5 0.069891505 
333 207 5 6 0.06956011 
244 203 4 6 0.06940734 
583 208 7 7 0.06935428 
878 185 5 4 0.06908445 
500 195 6 5 0.06894666 
791 165 3 4 0.06877887 
852 195 6 6 0.06866531 
210 208 6 6 0.06860031 
922 189 7 6 0.06857304 
360 159 3 4 0.06851556 
224 187 6 6 0.068013996 
534 185 5 4 0.06798593 
835 226 8 8 0.067881554 
756 193 7 6 0.0675186 
276 269 12 14 0.067505166 
749 189 6 5 0.06748613 
408 190 6 5 0.06736608 
335 184 3 4 0.06730416 
237 195 5 6 0.06703783 
481 164 4 3 0.066993974 
461 188 5 5 0.0668647 
155 174 7 8 0.06684954 
659 195 6 6 0.06684613 
768 202 5 5 0.066773884 
523 212 7 8 0.06672935 
571 184 4 4 0.06637928 
455 196 6 5 0.06617893 
826 400 14 13 0.066114455 
175 223 10 10 0.06611159 
232 205 7 8 0.0659541 
759 231 10 10 0.06592205 
323 176 4 4 0.06581043 
814 171 4 5 0.06573353 
298 165 3 4 0.06571599 
903 202 6 6 0.0656755 
431 166 4 3 0.06562613 
742 196 5 5 0.06554803 
978 188 7 7 0.06542363 
277 172 3 4 0.06540585 
647 197 4 4 0.06525954 
119 209 11 11 0.065240666 
375 173 2 2 0.06520891 
450 190 5 4 0.065086685 
561 221 7 7 0.06500063 
342 171 4 4 0.064861365 
835 188 5 6 0.064852946 
941 213 7 7 0.0647958 
850 226 8 8 0.06478999 
266 264 12 14 0.06478051 
238 219 6 7 0.06469635 
914 212 7 9 0.06419884 
384 267 10 14 0.06410883 
433 160 3 3 0.06406637 
219 196 4 5 0.06372863 
458 172 3 3 0.0637238 
525 195 5 5 0.063622154 
178 250 10 10 0.063530974 
369 254 11 13 0.063307896 
489 177 5 5 0.06324578 
538 165 5 4 0.063112676 
933 206 7 8 0.06307909 
781 172 5 5 0.062971056 
448 172 4 3 0.062961526 
960 189 6 6 0.06295164 
794 181 5 6 0.062932245 
321 202 5 5 0.062919825 
277 185 4 4 0.062835075 
330 167 3 3 0.06279115 
871 188 5 4 0.06277635 
592 171 4 4 0.062629946 
821 182 6 5 0.062572174 
579 178 4 3 0.062468294 
1017 186 7 7 0.062408015 
610 244 10 12 0.06213739 
774 213 7 6 0.06213476 
795 208 6 6 0.06193556 
817 207 9 9 0.061896443 
585 163 4 4 0.06169883 
713 179 4 3 0.061564855 
782 175 4 4 0.06148903 
575 209 7 7 0.0612132 
901 190 7 6 0.061166823 
412 280 13 15 0.061138768 
857 196 6 5 0.061054613 
63 273 18 19 0.060873155 
317 179 3 3 0.060842626 
512 202 6 6 0.060759746 
517 220 8 8 0.06075763 
201 261 15 12 0.060708057 
691 226 7 8 0.06046397 
309 213 6 7 0.06042566 
775 201 5 6 0.0602674 
582 188 5 5 0.06023742 
291 171 4 4 0.06014385 
157 182 8 8 0.060072135 
413 167 3 2 0.060055256 
20 185 10 12 0.06004018 
786 214 6 8 0.05994809 
602 200 6 6 0.059932947 
839 177 5 5 0.059524637 
728 228 8 8 0.059322443 
772 225 9 8 0.059299137 
469 166 4 3 0.059260927 
669 173 3 4 0.059161346 
444 176 4 4 0.05908811 
506 196 6 5 0.059041545 
347 208 5 5 0.05891946 
533 201 5 6 0.058904376 
980 224 9 9 0.0588127 
766 232 9 9 0.058558773 
956 226 10 10 0.058528543 
429 420 23 30 0.05850417 
786 219 7 6 0.05847672 
777 175 5 5 0.058364913 
532 196 5 5 0.058348045 
26 174 9 9 0.058286924 
115 129 6 8 0.05823826 
865 228 7 7 0.058105703 
828 177 5 5 0.05791481 
229 214 6 7 0.057883892 
483 207 7 7 0.057783023 
260 177 3 4 0.057745546 
665 225 8 9 0.057734028 
291 166 4 3 0.057680458 
952 245 10 10 0.057647057 
384 225 6 7 0.05759245 
547 165 3 3 0.05726174 
511 177 4 5 0.05716043 
486 250 11 12 0.057120297 
443 390 11 12 0.056565154 
918 250 10 10 0.056548286 
921 212 7 8 0.056534525 
984 181 7 8 0.05649427 
763 181 5 5 0.056432586 
528 165 4 4 0.056370802 
597 171 3 4 0.05636033 
552 165 4 3 0.05626538 
436 171 4 3 0.056221087 
511 214 7 6 0.056155782 
561 256 10 12 0.056114577 
304 160 3 3 0.055853836 
69 261 12 12 0.055731468 
808 176 4 5 0.055537906 
761 213 6 6 0.05547707 
26 276 16 16 0.055475526 
512 219 7 8 0.055442624 
291 177 3 4 0.055322886 
832 170 4 4 0.055307474 
920 255 9 11 0.05510516 
620 219 7 8 0.054809887 
613 213 6 6 0.054780334 
424 207 5 6 0.05465684 
221 183 4 5 0.05451531 
414 220 6 7 0.05445029 
371 201 5 5 0.054420862 
794 164 4 4 0.054254908 
260 171 3 3 0.054143403 
506 227 7 8 0.054011207 
290 203 4 5 0.053991847 
343 178 3 3 0.053934183 
226 196 5 6 0.053618196 
853 312 12 15 0.053597994 
798 217 8 11 0.05358287 
789 175 5 5 0.053290017 
866 196 4 5 0.053264882 
954 299 14 13 0.053108986 
310 160 3 3 0.05303647 
1004 239 11 8 0.053027228 
307 219 8 7 0.052859697 
474 202 5 5 0.052637566 
589 202 6 6 0.05259386 
314 303 12 17 0.052481893 
522 220 8 9 0.05232487 
656 195 5 5 0.052288976 
439 256 10 12 0.05226891 
238 190 5 5 0.05217869 
863 231 9 8 0.05214366 
672 214 7 7 0.05194337 
119 249 12 14 0.051770277 
744 173 5 4 0.051697433 
346 215 6 7 0.05156754 
76 175 10 9 0.051498845 
629 178 4 4 0.051338147 
802 189 6 6 0.051333785 
828 171 4 4 0.051103193 
436 178 4 4 0.05109459 
579 170 3 4 0.051056027 
252 170 4 4 0.050980464 
993 181 8 9 0.05090584 
531 219 7 8 0.050865587 
964 188 7 7 0.050852623 
1003 275 10 10 0.05080416 
506 231 7 8 0.050720755 
827 156 4 6 0.050682344 
944 286 12 14 0.05063036 
159 -3 24 17 0.050508957 
750 195 5 5 0.050440144 
334 170 4 5 0.050429057 
173 214 8 8 0.05032684 
768 189 5 5 0.05025984 
616 172 4 4 0.050046995 
327 176 4 4 0.04987241 
30 180 11 12 0.049870126 
824 245 9 9 0.04981911 
382 207 7 6 0.0498151 
890 189 7 6 0.049675584 
743 243 10 12 0.04957893 
558 236 8 9 0.04954205 
475 188 6 6 0.049453843 
437 159 4 3 0.049421526 
47 260 11 13 0.049413264 
946 255 10 11 0.049359582 
284 167 4 3 0.049109943 
426 248 12 13 0.049093377 
448 232 7 8 0.048985753 
768 213 6 6 0.048936546 
162 257 12 13 0.048902497 
482 220 6 7 0.04885107 
114 168 7 8 0.04882535 
928 213 7 7 0.04876298 
213 184 4 4 0.048727565 
477 165 3 3 0.04853109 
801 251 12 12 0.048530735 
527 170 4 5 0.048518356 
166 174 6 7 0.04820713 
481 214 6 6 0.04819976 
984 195 8 6 0.04810772 
314 220 7 9 0.04810068 
364 298 9 16 0.047924675 
145 222 10 12 0.047861405 
597 164 4 4 0.04785662 
284 176 3 4 0.047698494 
269 213 7 8 0.047616024 
192 178 5 5 0.04755289 
616 164 4 4 0.047496893 
87 277 17 19 0.047495134 
916 195 6 6 0.04740303 
361 164 4 3 0.047335334 
240 172 4 3 0.047113843 
902 267 11 11 0.047071256 
356 159 3 4 0.04700601 
382 273 9 13 0.046923395 
830 244 10 9 0.046900153 
648 190 4 5 0.04682561 
635 333 20 25 0.04679922 
710 220 6 7 0.04670868 
355 138 4 5 0.04634827 
399 167 4 3 0.046280935 
775 164 5 5 0.046213277 
995 186 9 10 0.04605179 
805 188 6 7 0.046044942 
956 189 6 6 0.045991443 
958 206 8 8 0.04592566 
841 170 4 5 0.045924406 
623 171 4 4 0.045796167 
464 165 3 3 0.04575701 
496 227 8 9 0.045713495 
638 231 8 10 0.045700327 
208 197 5 6 0.045589037 
603 221 7 7 0.045484252 
272 176 3 4 0.045431923 
220 178 4 4 0.04540853 
723 220 7 7 0.045400716 
729 212 7 7 0.045354337 
922 206 7 8 0.0453212 
406 165 3 3 0.04525512 
326 219 7 9 0.045232255 
349 171 3 4 0.045229737 
279 310 12 16 0.045211326 
207 184 4 4 0.04505179 
357 214 7 8 0.045008276 
772 232 9 8 0.04495651 
501 185 5 4 0.044912472 
228 226 9 9 0.04474407 
352 237 9 10 0.044532504 
516 238 9 10 0.044326738 
231 195 5 6 0.044246577 
814 402 12 11 0.04419878 
716 212 7 7 0.044192746 
801 181 5 6 0.044017665 
925 172 8 8 0.043836553 
513 171 4 4 0.043699645 
734 249 10 11 0.04369646 
441 202 6 6 0.043626502 
716 2 7 6 0.043560494 
531 214 7 6 0.043512598 
838 193 7 8 0.04350851 
349 223 9 9 0.04340148 
946 65 9 9 0.04335599 
801 194 7 7 0.043327533 
873 294 10 14 0.04325846 
673 173 3 4 0.043187503 
826 163 5 5 0.043135926 
634 182 4 5 0.043133 
277 176 4 4 0.042887222 
380 167 3 2 0.042876642 
238 232 10 9 0.042859364 
61 333 11 15 0.042814173 
1019 183 5 6 0.042798456 
105 184 12 11 0.042782173 
354 166 4 3 0.04277957 
971 226 8 8 0.042727057 
89 180 11 10 0.04264994 
251 203 5 5 0.042548064 
33 262 12 13 0.042529143 
520 185 4 3 0.04250527 
101 167 9 9 0.042483903 
875 255 13 12 0.04246568 
521 177 4 4 0.042464115 
237 225 8 9 0.04241675 
845 177 5 4 0.042341623 
342 158 4 4 0.04230693 
364 208 5 6 0.042205866 
626 218 8 8 0.042125344 
906 190 7 7 0.04204108 
132 166 11 9 0.04191659 
891 183 7 6 0.041911792 
136 345 21 25 0.04188585 
629 171 4 4 0.041568603 
902 474 10 12 0.041505273 
261 213 6 8 0.041483738 
1004 171 8 6 0.0413772 
479 225 7 7 0.04137164 
480 257 10 11 0.041248787 
628 239 10 10 0.04117777 
939 207 7 8 0.04117537 
844 196 6 6 0.041102283 
663 172 3 4 0.041056003 
508 166 3 4 0.04102217 
348 164 4 4 0.041004375 
87 219 11 12 0.04095417 
468 190 5 5 0.04093121 
211 274 12 14 0.04092365 
821 171 4 4 0.040903986 
724 171 4 4 0.040859524 
845 188 6 6 0.04077747 
853 178 5 4 0.04075977 
251 208 6 6 0.040681805 
1020 213 6 7 0.040675215 
634 170 4 5 0.040618807 
851 301 17 20 0.040571444 
763 172 5 4 0.04049992 
637 223 8 10 0.040245015 
454 237 10 10 0.04008568 
883 200 6 7 0.040067546 
822 213 8 9 0.040008094 
494 190 5 5 0.039919768 
952 207 8 9 0.039915737 
965 169 6 8 0.039913807 
444 158 4 4 0.039822437 
244 171 4 4 0.039819844 
780 237 11 10 0.039802723 
28 257 12 14 0.039771944 
858 179 5 3 0.039668005 
736 221 7 7 0.03958939 
295 209 5 6 0.039570138 
269 207 6 6 0.039411563 
620 200 6 7 0.03931175 
940 243 9 10 0.039244745 
461 200 6 7 0.03917458 
335 157 3 4 0.03903407 
833 194 6 6 0.0390279 
603 225 7 7 0.038967777 
770 170 5 4 0.038775258 
313 225 9 9 0.038724426 
371 225 9 8 0.038680285 
815 300 20 17 0.038677063 
463 160 4 3 0.03867423 
887 231 9 10 0.038533222 
841 485 10 13 0.03839842 
327 255 13 12 0.038374268 
735 227 7 8 0.0383459 
154 170 6 6 0.0383399 
387 166 3 3 0.03831749 
212 291 12 15 0.038277462 
116 162 6 6 0.03824223 
527 185 4 4 0.038230874 
99 176 11 9 0.038138196 
192 189 5 6 0.03805176 
1009 194 8 8 0.03778783 
822 156 4 4 0.037779596 
688 173 3 3 0.037718367 
707 178 3 4 0.037697177 
394 167 3 2 0.037347637 
214 178 4 4 0.03725641 
30 340 13 16 0.03706011 
950 263 10 12 0.03704496 
966 175 6 6 0.03704079 
702 302 9 11 0.03700509 
422 360 10 11 0.036955386 
12 223 9 12 0.03676213 
241 242 10 11 0.036655724 
946 226 8 9 0.036620162 
375 166 3 3 0.03660561 
177 201 8 9 0.03657243 
928 220 7 7 0.03651263 
519 213 7 7 0.036481913 
317 159 3 3 0.03640437 
990 160 8 8 0.036384355 
720 171 3 3 0.036381487 
136 226 13 12 0.036380343 
577 166 3 4 0.036357813 
983 187 7 7 0.03629336 
318 153 4 3 0.03627227 
479 325 10 15 0.036170986 
545 232 8 9 0.03596503 
249 307 11 14 0.0357952 
619 238 8 8 0.035762116 
757 386 5 7 0.035733648 
194 271 15 13 0.035650805 
231 172 4 4 0.03558999 
115 188 8 8 0.035560045 
590 165 4 4 0.03550527 
114 238 9 11 0.035496216 
788 202 5 6 0.035465293 
193 207 5 6 0.0354287 
351 274 9 12 0.03541949 
880 268 13 12 0.035340812 
275 219 8 10 0.035241537 
782 203 5 5 0.03521398 
883 218 8 8 0.035153866 
0 351 10 21 0.035137106 
812 180 6 6 0.0350688 
230 219 6 7 0.03502968 
179 194 7 9 0.03500169 
225 208 6 6 0.034920722 
928 339 25 29 0.034913342 
721 235 10 10 0.034900293 
106 176 9 8 0.0348797 
95 206 8 9 0.03484217 
557 202 6 6 0.034699902 
682 173 3 3 0.034674987 
305 249 10 12 0.03467147 
207 177 4 5 0.034634046 
972 230 9 9 0.034573276 
598 158 4 5 0.03451789 
406 225 10 11 0.034501344 
367 167 3 2 0.03443813 
910 224 8 9 0.034391675 
836 337 10 11 0.0343729 
866 298 12 15 0.03435037 
771 493 48 46 0.034332547 
1 249 11 12 0.034327958 
158 198 8 10 0.03429873 
875 209 7 7 0.034241464 
107 225 9 9 0.03421755 
737 172 5 3 0.03416103 
203 313 18 24 0.03412217 
321 158 3 4 0.03403178 
974 189 6 7 0.034025103 
850 238 9 7 0.033953223 
486 234 8 8 0.0339076 
933 212 7 7 0.033850823 
124 253 12 13 0.033817884 
781 164 5 4 0.033774838 
438 165 3 4 0.033719845 
831 164 5 5 0.03371781 
943 227 6 8 0.033696715 
499 220 6 7 0.033676278 
807 182 5 6 0.033672977 
997 269 9 10 0.033651683 
491 236 9 9 0.03362029 
347 159 4 4 0.033557694 
477 159 4 4 0.033463158 
568 273 12 15 0.033398278 
277 165 5 4 0.03339239 
611 238 10 9 0.033284288 
708 227 6 7 0.03323983 
753 291 11 14 0.03317998 
335 177 3 4 0.033139955 
628 381 24 34 0.033137318 
288 235 10 11 0.033128947 
826 195 6 6 0.03311734 
336 152 4 3 0.033051305 
683 220 7 7 0.032995123 
395 224 7 9 0.03284268 
846 202 5 5 0.032788713 
788 398 6 6 0.032763336 
800 164 5 5 0.032748934 
898 308 22 26 0.032721188 
488 165 4 4 0.032695662 
496 297 12 16 0.03265603 
189 265 14 15 0.03261713 
735 13 10 10 0.032615628 
580 224 9 9 0.032530203 
1000 171 7 7 0.03252674 
871 348 26 20 0.03249989 
790 183 4 4 0.03246325 
611 228 7 7 0.03245043 
1002 267 13 13 0.032444164 
400 291 13 15 0.03243563 
937 258 10 10 0.032307345 
915 237 9 9 0.032288056 
119 168 7 8 0.03218214 
769 237 11 11 0.032173246 
839 162 6 7 0.032051127 
915 503 40 40 0.031949688 
696 220 7 7 0.031939007 
659 226 7 8 0.03190592 
531 209 5 6 0.031900812 
340 151 4 4 0.031877022 
263 145 3 5 0.031857673 
595 213 6 7 0.031855267 
522 172 3 3 0.0318413 
783 321 18 25 0.031838704 
200 189 4 5 0.031836472 
102 226 9 9 0.03180807 
239 237 10 10 0.03169627 
849 213 7 7 0.031688645 
191 182 5 5 0.03167306 
789 193 6 6 0.03164601 
390 232 7 9 0.031610653 
852 163 5 5 0.03160521 
154 206 9 9 0.03150811 
651 229 9 10 0.031475242 
0 210 5 12 0.031459052 
457 165 4 4 0.031456087 
1003 194 9 9 0.031439457 
201 183 4 5 0.03143613 
623 165 4 4 0.031435326 
450 218 7 8 0.031422645 
962 248 11 11 0.031404395 
1003 185 10 9 0.03137547 
958 192 8 8 0.03135422 
728 220 6 6 0.031314116 
114 172 8 9 0.031241609 
839 208 8 8 0.031236866 
894 226 9 8 0.03121307 
781 183 5 5 0.03115271 
425 159 3 3 0.031046625 
481 160 4 3 0.031020967 
558 165 4 4 0.03101961 
839 157 6 7 0.030998696 
860 237 11 9 0.030988397 
961 219 8 8 0.030932449 
976 281 14 13 0.030910315 
596 557 8 11 0.030902049 
618 244 10 10 0.030896153 
233 256 11 13 0.03081883 
973 182 5 5 0.030805634 
568 239 10 10 0.030799551 
735 212 7 6 0.030797182 
594 220 7 6 0.030777404 
926 189 6 6 0.030728811 
972 177 6 6 0.030723818 
136 163 11 9 0.030698026 
306 256 10 11 0.030669605 
592 243 9 9 0.03057876 
821 152 4 4 0.030532736 
879 225 10 10 0.030528978 
95 191 9 10 0.030512167 
941 556 26 35 0.030491153 
714 410 22 27 0.030415129 
245 153 4 3 0.030386653 
769 392 4 6 0.030359931 
804 237 8 11 0.03031869 
416 361 21 24 0.030284595 
239 157 5 4 0.030178873 
59 230 13 13 0.03015868 
166 170 6 6 0.030137606 
227 171 4 4 0.030137187 
573 159 4 4 0.030079804 
985 177 7 6 0.030077841 
713 170 4 4 0.030077497 
551 356 16 16 0.030065779 
690 231 8 9 0.03006365 
238 152 5 4 0.030055942 
821 165 4 4 0.030036988 
134 200 9 9 0.03002206 
186 189 5 6 0.030018799 
76 219 8 9 0.029950783 
773 400 5 6 0.02993863 
988 206 11 9 0.029930092 
954 184 5 6 0.029915707 
799 225 7 8 0.029909922 
916 116 7 7 0.029909402 
731 171 4 4 0.02990467 
1003 281 12 12 0.029881077 
954 193 7 7 0.029853854 
799 208 6 6 0.02976191 
676 221 8 9 0.029752212 
87 193 8 8 0.029717742 
83 161 6 7 0.02970599 
845 163 6 5 0.029695436 
882 184 6 5 0.02963554 
965 206 8 8 0.029626915 
967 182 5 6 0.029596953 
361 153 3 3 0.029549072 
330 244 10 10 0.029518964 
962 173 6 8 0.029447302 
131 191 10 10 0.029387869 
598 233 9 10 0.029375887 
724 244 8 9 0.029363452 
425 387 26 21 0.029327812 
381 159 2 3 0.029319584 
1020 208 6 7 0.02928769 
495 166 4 4 0.029246142 
746 221 7 8 0.029235112 
874 220 9 10 0.029218452 
721 278 11 15 0.029217558 
774 197 5 5 0.02914725 
194 251 11 11 0.029146088 
845 212 7 8 0.029006992 
768 182 5 5 0.028940776 
711 28 7 7 0.028836435 
843 219 8 8 0.02876593 
582 232 8 9 0.028765883 
675 229 10 12 0.028754968 
129 163 7 7 0.02873382 
151 221 10 12 0.0286516 
629 165 4 3 0.028625868 
881 232 8 9 0.028497707 
966 239 8 8 0.028469345 
857 161 7 7 0.02843253 
117 156 5 6 0.028419388 
549 227 9 9 0.028409777 
299 212 7 8 0.02837622 
656 183 3 4 0.028342193 
311 255 10 12 0.028337603 
99 210 11 12 0.028334705 
355 259 11 14 0.02821657 
616 157 4 4 0.028208347 
987 199 10 9 0.02815154 
851 391 13 12 0.028118994 
819 244 9 10 0.02807133 
657 237 9 10 0.028012361 
914 385 16 16 0.027982192 
801 261 11 10 0.027958842 
587 219 7 8 0.027922375 
865 179 4 3 0.027891729 
700 178 3 4 0.027792761 
421 230 10 9 0.027746571 
166 182 6 7 0.027651068 
120 162 6 6 0.02764889 
270 166 4 4 0.027644414 
603 165 4 4 0.027571024 
831 156 5 7 0.027561346 
902 182 7 7 0.0275122 
603 171 4 4 0.027493982 
1016 288 11 15 0.02748288 
952 219 8 8 0.027466385 
267 166 3 3 0.027363438 
629 305 16 19 0.0273331 
750 164 4 4 0.02731027 
118 318 19 21 0.027308516 
980 177 6 6 0.02728388 
455 151 5 4 0.027257886 
856 168 7 7 0.027181983 
807 164 5 5 0.027177097 
389 236 8 10 0.027154539 
24 285 19 20 0.027147312 
112 180 9 8 0.027143931 
840 275 15 15 0.027138667 
122 224 9 13 0.027105408 
793 202 6 6 0.026952477 
818 200 7 8 0.026922047 
127 167 9 8 0.026890466 
439 322 18 24 0.026863128 
804 218 8 10 0.026820835 
505 220 7 7 0.026811453 
484 243 10 11 0.026768176 
259 298 11 16 0.026691703 
522 165 3 4 0.026640892 
581 237 8 10 0.026639545 
860 307 18 23 0.026629483 
691 270 16 19 0.02662352 
845 170 5 5 0.02655091 
448 238 8 8 0.026544625 
550 208 6 7 0.02652295 
166 188 6 6 0.026474068 
502 165 3 4 0.026459536 
915 189 6 6 0.026456526 
771 334 14 19 0.026430963 
367 159 3 3 0.02641593 
117 119 4 7 0.026408812 
163 219 8 8 0.026403263 
189 423 23 33 0.02639072 
906 271 13 14 0.026376463 
173 175 7 7 0.026332635 
681 249 11 13 0.026315553 
126 199 9 8 0.026262984 
577 159 4 4 0.026153129 
114 193 8 8 0.026111204 
934 225 7 8 0.026023785 
122 143 6 7 0.02601732 
244 157 4 4 0.026012355 
935 194 15 17 0.02596136 
771 401 4 6 0.025887536 
827 151 5 6 0.025870694 
862 162 8 7 0.025867019 
1 142 5 7 0.025865257 
61 181 11 11 0.025848214 
948 302 16 17 0.02580297 
924 273 13 15 0.025785571 
387 160 3 2 0.025766999 
409 201 7 6 0.02572443 
1003 233 9 8 0.025682356 
514 165 3 4 0.02568012 
419 160 3 2 0.025632905 
664 324 11 14 0.025592377 
933 232 8 10 0.025561824 
298 218 8 8 0.025559874 
853 169 5 6 0.025545483 
794 226 7 7 0.025508834 
816 224 10 11 0.0255001 
501 292 11 16 0.025463857 
264 297 12 16 0.025456144 
959 112 8 8 0.025446765 
835 267 12 13 0.0254287 
450 254 12 13 0.025299104 
862 219 8 8 0.025254503 
136 181 10 10 0.02525163 
913 244 10 10 0.025228843 
585 160 3 4 0.025227582 
735 8 10 9 0.025188854 
119 148 7 8 0.025170445 
1003 256 12 11 0.025128944 
1009 474 21 30 0.025128203 
112 223 9 10 0.025030322 
970 213 8 8 0.025027499 
330 157 3 3 0.024983484 
460 245 11 10 0.024954898 
586 260 9 12 0.024908606 
823 219 8 8 0.02486187 
549 219 7 8 0.024859061 
812 195 7 7 0.024823427 
611 172 3 3 0.024813654 
260 145 3 4 0.02481179 
976 291 15 15 0.02480293 
218 216 8 8 0.024787439 
831 213 7 8 0.024780966 
303 494 25 23 0.024763297 
182 254 12 13 0.024759302 
844 157 5 6 0.024747405 
948 189 6 6 0.024745706 
798 237 9 11 0.024663623 
806 200 6 6 0.024639117 
201 177 4 5 0.024626538 
299 160 3 3 0.024575429 
905 469 12 14 0.02455008 
770 163 4 5 0.024548588 
946 169 6 6 0.024495661 
176 236 10 11 0.024473416 
83 409 8 8 0.024460237 
314 292 13 18 0.0244542 
158 170 7 7 0.024428777 
875 20 11 12 0.024424182 
128 176 9 10 0.024409471 
449 165 4 4 0.024407415 
780 197 5 5 0.024392717 
300 249 9 12 0.02437458 
153 241 12 14 0.024348281 
870 218 8 8 0.024338888 
985 236 10 10 0.024182409 
790 159 4 4 0.024169277 
233 166 4 3 0.024127161 
138 187 8 8 0.024090057 
644 270 11 13 0.024042293 
567 166 3 3 0.02401507 
0 243 9 12 0.023979913 
842 311 13 16 0.02386713 
368 154 2 3 0.023858655 
267 219 7 8 0.02384744 
895 161 8 7 0.02375626 
275 278 14 15 0.023753047 
824 225 8 8 0.023746038 
226 295 16 21 0.023730654 
656 178 3 4 0.023697093 
707 241 9 12 0.023688283 
188 145 5 5 0.023645937 
113 211 12 12 0.02357957 
844 226 9 8 0.023566438 
798 266 10 13 0.023549732 
413 158 3 3 0.023535248 
965 275 11 12 0.023522114 
813 152 5 4 0.023484737 
961 184 5 5 0.023479057 
11 168 7 8 0.023459855 
861 256 13 12 0.023450393 
728 15 8 7 0.023444261 
606 459 10 10 0.023433084 
329 231 10 11 0.02334419 
425 410 10 13 0.023323469 
90 162 6 7 0.023321887 
745 164 4 4 0.023300232 
1004 200 8 8 0.02326093 
1019 194 6 7 0.023252297 
134 156 8 7 0.023194065 
80 248 11 12 0.023165703 
180 190 15 19 0.023138106 
106 211 10 10 0.023128388 
825 207 6 7 0.02312069 
488 430 25 29 0.023109857 
356 268 12 15 0.023102798 
419 284 11 14 0.023090847 
116 122 5 8 0.02307178 
814 207 7 7 0.023067702 
146 181 9 8 0.023060838 
1016 242 9 10 0.023032987 
448 203 6 5 0.02296836 
634 178 4 4 0.02296663 
599 256 8 11 0.02294337 
425 153 3 3 0.0229349 
105 260 11 12 0.022879945 
256 139 4 4 0.022865511 
645 244 8 10 0.022861147 
746 261 12 13 0.02282688 
167 163 6 6 0.022805203 
927 268 12 11 0.02277461 
806 214 6 8 0.022702165 
763 4 6 7 0.022674851 
225 371 12 17 0.02265726 
152 252 11 14 0.022628658 
105 239 12 12 0.022605358 
954 169 5 7 0.022575928 
857 219 7 7 0.022533415 
146 169 7 6 0.022497602 
438 153 4 3 0.022490414 
165 225 9 9 0.02241747 
954 201 7 7 0.022415148 
19 175 7 8 0.022317924 
431 264 13 15 0.022223884 
108 219 9 10 0.022223817 
280 628 20 22 0.022194454 
857 233 8 9 0.022148065 
325 225 8 9 0.022118704 
432 154 3 2 0.022105794 
894 208 6 6 0.02207336 
731 569 27 23 0.02207167 
104 252 13 14 0.022045275 
610 165 3 4 0.022036396 
113 13 11 12 0.022032872 
819 196 7 6 0.021960419 
118 243 11 13 0.021943051 
219 137 5 6 0.021924669 
836 233 10 9 0.021918498 
185 170 6 6 0.021886127 
1009 286 11 13 0.021878973 
87 186 11 11 0.021860724 
70 175 8 8 0.021857152 
381 154 2 2 0.021841794 
801 199 6 7 0.021828042 
83 158 6 6 0.021825034 
850 220 7 7 0.02182224 
124 218 10 12 0.021820175 
918 242 11 11 0.021816805 
71 217 7 10 0.021782905 
781 188 5 6 0.021751817 
552 159 4 4 0.021729534 
889 176 7 6 0.021718184 
727 278 17 19 0.021713154 
289 226 7 8 0.02170954 
813 156 5 5 0.02170315 
139 194 8 8 0.021685291 
966 201 7 7 0.021677205 
794 159 3 4 0.021660749 
1 139 4 6 0.02159043 
1018 170 6 6 0.021561503 
998 212 10 10 0.021539193 
862 158 8 6 0.021531822 
763 401 5 5 0.021525174 
828 261 12 14 0.021514941 
776 183 4 5 0.02148739 
76 171 7 7 0.021456672 
991 175 7 8 0.02143387 
986 290 13 15 0.021423591 
947 218 7 9 0.021403544 
756 164 4 4 0.021382438 
483 319 9 12 0.021333296 
839 212 7 8 0.021323804 
206 137 5 6 0.021314938 
812 200 7 7 0.021305267 
699 568 16 15 0.021300465 
46 20 16 16 0.021201756 
102 163 7 8 0.021191867 
908 183 6 6 0.0211471 
546 144 3 4 0.021130173 
426 424 12 16 0.021108756 
233 152 4 4 0.021072494 
244 164 4 4 0.02107068 
992 176 18 18 0.021059109 
935 110 7 7 0.021048537 
438 146 4 3 0.021034755 
865 356 29 28 0.020995852 
413 226 8 9 0.020989535 
875 236 11 10 0.020946035 
378 391 25 27 0.02093641 
118 215 11 14 0.020931445 
110 52 7 12 0.02091881 
257 523 12 11 0.020865543 
367 260 12 13 0.020860935 
831 238 10 9 0.020771518 
832 232 8 8 0.020710599 
299 291 10 15 0.020700011 
27 151 6 6 0.020641878 
925 257 10 11 0.020623932 
144 205 9 10 0.020603105 
1 154 8 11 0.020584768 
842 476 9 10 0.02057137 
814 294 15 14 0.020568306 
946 175 6 6 0.020561468 
22 129 4 5 0.020552548 
879 178 4 4 0.02054045 
78 157 6 6 0.020534726 
123 138 6 7 0.020514207 
566 484 33 47 0.020480772 
953 175 5 6 0.020456985 
220 171 4 4 0.020450015 
456 159 5 4 0.02041907 
393 160 3 2 0.020388596 
320 152 4 4 0.02038672 
815 491 4 6 0.020372111 
271 284 16 17 0.02034283 
522 248 10 12 0.020341715 
44 175 10 9 0.020334234 
474 219 6 7 0.020317161 
813 310 22 22 0.020315593 
872 178 4 4 0.020314958 
412 272 12 14 0.020294704 
139 174 8 8 0.020283138 
173 170 6 6 0.02024815 
350 439 27 28 0.020215856 
923 195 16 19 0.020180427 
855 249 12 10 0.020131912 
814 164 5 5 0.0201293 
426 220 8 7 0.020063723 
785 260 13 13 0.020058217 
359 139 3 5 0.020045612 
