2_Demonstration_Demonstration_Or_Protest_2_816
96
679 202 42 55 0.9998215 
14 168 41 55 0.9997191 
142 284 46 62 0.9996644 
494 156 42 54 0.9995177 
812 80 40 48 0.9994541 
861 172 42 54 0.9994392 
574 119 43 57 0.9993318 
722 5 39 48 0.999331 
93 66 41 46 0.99930775 
356 395 48 61 0.99918395 
181 195 45 62 0.99870586 
302 149 43 53 0.99856937 
315 209 45 50 0.9983211 
792 224 39 54 0.99824715 
348 263 48 68 0.9980039 
217 255 51 75 0.99063766 
448 64 34 49 0.9887893 
687 68 32 44 0.9844922 
461 219 46 62 0.9693526 
630 171 35 53 0.96156925 
637 12 39 49 0.9495077 
438 198 27 46 0.90619665 
490 2 28 29 0.88357055 
112 -5 30 29 0.86872065 
890 0 25 35 0.84004444 
361 5 26 33 0.81946963 
157 -4 34 30 0.72334784 
986 80 49 58 0.49625725 
306 -2 43 40 0.4817525 
967 144 42 46 0.47070745 
781 286 47 56 0.4457058 
459 275 22 35 0.4368453 
198 166 28 41 0.34876105 
641 148 36 45 0.31483385 
392 1 21 24 0.21401668 
597 230 53 61 0.11808511 
709 14 12 17 0.100740485 
-1 36 23 44 0.068225764 
547 283 47 52 0.06735983 
839 31 33 45 0.06508303 
966 94 50 59 0.06181133 
281 184 22 29 0.052428685 
169 112 24 36 0.050683334 
615 122 26 31 0.04946968 
-2 67 20 33 0.04818965 
396 6 33 38 0.046438202 
265 174 32 46 0.04574625 
305 177 50 60 0.045316983 
970 54 49 52 0.043761402 
448 428 50 72 0.040153302 
505 107 34 44 0.039466817 
508 32 33 59 0.037905622 
132 153 32 49 0.036146894 
178 4 16 15 0.0357127 
381 5 26 35 0.034877386 
429 2 22 22 0.03481189 
860 61 39 51 0.034618028 
414 171 47 66 0.03255738 
417 10 25 31 0.03254397 
854 5 29 28 0.031732377 
880 95 33 47 0.031635065 
785 254 47 60 0.031046828 
0 -103 31 95 0.029824764 
163 182 34 54 0.029693402 
100 489 55 58 0.028182577 
424 0 16 14 0.028000351 
378 12 12 18 0.027796352 
778 36 33 44 0.027565835 
202 141 33 50 0.027375309 
675 57 29 41 0.027118217 
652 233 29 34 0.027089642 
12 17 27 32 0.027018964 
573 44 34 44 0.026982857 
399 445 34 60 0.026481837 
652 114 29 29 0.025766304 
441 -2 22 20 0.025556449 
606 186 50 59 0.025334975 
728 122 32 50 0.025310304 
145 165 30 51 0.024516694 
971 503 37 46 0.024410551 
845 18 30 28 0.023487724 
182 107 26 36 0.022972116 
560 365 38 62 0.022417352 
83 73 24 29 0.021921746 
713 196 33 55 0.021857748 
176 158 38 55 0.021720111 
431 11 24 32 0.021391246 
274 161 20 30 0.021357533 
169 629 47 50 0.02096243 
448 10 22 27 0.020574013 
410 24 28 36 0.020429693 
321 267 39 60 0.020270376 
807 28 33 52 0.020210935 
489 38 34 54 0.020122694 
853 42 38 46 0.020096183 
266 452 24 28 0.020057298 
