2_Demonstration_Demonstration_Or_Protest_2_162
69
442 143 47 56 0.9995584 
526 180 30 40 0.99835616 
697 118 139 174 0.99712735 
1 216 28 36 0.99666375 
251 107 132 194 0.99628484 
94 223 26 30 0.9946932 
608 154 29 39 0.9935947 
486 199 19 27 0.869506 
551 184 21 29 0.8114617 
69 242 16 22 0.6014711 
568 263 21 32 0.35824448 
151 222 26 28 0.24821392 
621 255 43 50 0.19290209 
423 -2 53 59 0.17691474 
931 198 12 18 0.12570702 
920 200 11 19 0.12311661 
959 177 8 12 0.10016626 
982 166 9 13 0.08824359 
956 212 9 13 0.0810553 
1001 154 11 16 0.0797332 
472 455 50 51 0.07578117 
658 148 30 36 0.07226675 
976 146 10 12 0.061602745 
473 1 17 16 0.061021134 
610 194 10 18 0.05837579 
429 241 32 31 0.05408909 
3 159 17 34 0.049783595 
385 197 32 36 0.047959413 
17 269 30 29 0.04443303 
580 207 10 16 0.042896636 
878 124 24 30 0.03993925 
256 149 51 64 0.037878502 
971 151 12 13 0.037731066 
359 11 33 34 0.03750078 
727 416 7 9 0.036773145 
957 190 10 15 0.036090497 
952 146 9 11 0.03449365 
865 146 13 18 0.034286905 
963 195 16 19 0.03322255 
442 176 44 49 0.032862034 
582 250 24 36 0.032689687 
926 197 10 17 0.03199669 
926 132 12 15 0.031495586 
952 191 9 13 0.03146017 
421 7 29 31 0.03098595 
495 448 27 31 0.030494539 
845 157 15 20 0.028784439 
912 144 11 13 0.028171828 
884 13 13 12 0.027846651 
593 228 29 36 0.027105823 
450 2 29 34 0.027075984 
982 154 8 10 0.02653922 
910 131 13 14 0.025883798 
885 162 12 17 0.02545772 
62 153 11 18 0.024639841 
167 576 41 61 0.023938805 
115 264 79 88 0.023044433 
918 140 11 13 0.022986298 
244 566 5 8 0.022272365 
893 150 17 27 0.022145981 
97 196 19 23 0.021962713 
131 201 11 14 0.021879 
975 156 12 14 0.021370867 
0 268 37 50 0.020932399 
-20 -171 178 174 0.02092051 
995 174 15 21 0.020639734 
456 1 11 10 0.020582514 
918 191 11 15 0.020159952 
949 151 12 14 0.020068172 
