2_Demonstration_Political_Rally_2_171
409
101 625 45 54 0.99900407 
619 664 46 88 0.9892852 
947 620 20 23 0.986388 
851 651 52 90 0.9857268 
47 710 39 56 0.9774099 
151 705 30 62 0.9593199 
126 569 15 21 0.95835537 
404 707 50 66 0.95125175 
1004 625 21 25 0.8713878 
733 725 57 62 0.8568152 
555 659 23 37 0.8490546 
451 649 24 46 0.666384 
443 566 14 17 0.4748733 
187 164 5 6 0.47120872 
193 166 4 6 0.4493552 
314 494 16 27 0.3119572 
420 663 37 49 0.27625212 
246 159 5 7 0.2537984 
762 132 4 7 0.24709553 
180 162 4 5 0.24166982 
377 509 26 35 0.22768229 
147 179 6 8 0.21489038 
291 160 4 7 0.20507242 
224 166 4 7 0.19927299 
682 144 5 8 0.19144803 
311 620 27 34 0.19021052 
200 172 4 5 0.1885506 
840 147 5 6 0.16936861 
795 141 4 6 0.16765252 
910 179 4 7 0.15933588 
955 145 5 6 0.1489791 
161 161 4 6 0.14849138 
633 161 6 7 0.1453083 
221 197 5 8 0.13446075 
781 135 4 6 0.13397087 
846 179 4 8 0.13165307 
748 135 5 6 0.13129312 
858 140 5 6 0.13054973 
886 141 4 5 0.12982255 
141 166 4 6 0.12928008 
127 199 5 8 0.1255105 
180 179 4 8 0.12244153 
398 497 23 37 0.11793202 
622 141 5 7 0.116946734 
233 161 4 6 0.11649646 
176 162 3 4 0.115418546 
837 178 5 8 0.11464281 
226 754 72 43 0.11435252 
182 165 4 5 0.11274794 
949 146 4 6 0.112282835 
892 178 5 7 0.10972593 
737 139 4 6 0.10541232 
847 143 5 5 0.103552856 
852 141 5 6 0.10338668 
193 164 4 4 0.10327679 
199 169 4 5 0.10203987 
174 165 4 6 0.09985826 
136 168 4 6 0.09827914 
171 162 4 5 0.09803601 
986 140 4 6 0.09717943 
778 134 4 6 0.09512123 
303 654 26 34 0.09468241 
891 142 3 5 0.09400129 
731 141 6 7 0.09337005 
945 178 6 9 0.09294323 
968 140 4 6 0.092591 
877 175 5 9 0.091781616 
871 140 4 6 0.09162029 
961 158 7 8 0.08940063 
758 133 5 6 0.08812347 
171 164 4 7 0.08801402 
627 141 4 6 0.085012466 
708 651 36 62 0.08465374 
954 177 5 8 0.0840264 
959 142 5 6 0.08395779 
160 164 4 7 0.08365505 
636 139 4 6 0.08259354 
687 178 6 9 0.08252633 
985 176 4 8 0.080567405 
208 652 33 28 0.0799777 
843 145 6 7 0.077906676 
149 165 3 5 0.0774129 
904 149 4 5 0.07710014 
612 179 7 10 0.076125115 
222 167 3 6 0.075983986 
962 164 5 8 0.074592404 
801 178 6 8 0.07408882 
617 145 5 7 0.07226198 
675 141 3 5 0.07205711 
237 160 4 5 0.07128182 
998 177 5 8 0.07118899 
242 176 6 8 0.0683756 
156 162 3 5 0.06738029 
131 171 5 6 0.06674196 
787 136 5 6 0.06612135 
890 165 5 8 0.06577446 
1000 143 4 5 0.06509033 
194 171 4 6 0.06507151 
196 196 6 9 0.06495381 
314 638 25 32 0.063466735 
157 165 4 6 0.06335715 
151 163 3 5 0.062151637 
855 179 3 6 0.062055208 
782 160 5 9 0.061653376 
897 143 3 5 0.060943164 
155 178 5 8 0.060462207 
263 217 7 10 0.059441023 
904 179 4 6 0.059353456 
270 701 37 53 0.058779337 
193 648 30 29 0.058522873 
963 177 4 7 0.057869166 
867 141 4 5 0.05729392 
247 157 3 4 0.056945488 
958 145 6 7 0.05638727 
769 177 4 8 0.05600077 
134 171 4 6 0.05578545 
772 133 4 6 0.05533054 
372 496 22 35 0.054770224 
747 159 6 7 0.054358173 
789 139 4 6 0.053875715 
275 177 6 8 0.053241327 
276 155 4 6 0.05249864 
994 142 4 4 0.05248035 
983 140 4 5 0.05210064 
856 155 7 8 0.051649775 
144 588 18 23 0.05152986 
995 178 4 7 0.051515028 
144 199 3 7 0.050308984 
530 651 58 96 0.05020306 
231 198 4 6 0.04982555 
891 160 5 7 0.049741164 
881 140 4 5 0.04966459 
233 165 4 6 0.04880705 
163 179 4 8 0.047757532 
997 713 17 23 0.047645636 
637 137 3 5 0.047220983 
842 145 3 3 0.047144387 
241 199 3 6 0.04673526 
351 678 54 49 0.046318665 
897 178 4 7 0.046216954 
746 179 4 8 0.04570679 
748 139 5 6 0.04566128 
980 160 4 7 0.045531806 
373 490 13 18 0.045176536 
729 179 5 7 0.04517208 
851 198 6 9 0.044818133 
179 197 4 7 0.04460351 
859 179 3 6 0.04448777 
290 195 6 9 0.044302326 
137 200 4 6 0.044039924 
987 138 3 4 0.04382774 
136 202 4 7 0.0434946 
743 139 5 6 0.043264177 
997 164 5 9 0.04298212 
1016 177 7 10 0.04293189 
749 179 4 7 0.04289061 
543 673 25 40 0.042511012 
982 177 5 8 0.042462457 
153 614 11 15 0.04223022 
737 179 4 7 0.04209507 
143 164 3 4 0.042078916 
227 163 3 5 0.041812915 
891 173 5 7 0.04180363 
1001 145 3 6 0.04130562 
623 179 4 8 0.04102614 
148 175 5 6 0.040927116 
143 172 4 6 0.04067615 
967 178 4 7 0.039939456 
898 174 4 7 0.039735388 
274 195 5 8 0.03972395 
318 706 41 54 0.039607387 
738 138 5 4 0.03949062 
667 160 7 9 0.039273877 
911 176 3 5 0.038948696 
897 147 4 5 0.038845968 
996 159 6 9 0.038725916 
156 174 4 6 0.03853208 
197 660 36 40 0.038518474 
260 155 4 5 0.038450968 
726 178 5 8 0.038446408 
163 197 4 7 0.038340237 
782 138 4 6 0.03827659 
619 145 5 6 0.038151197 
969 702 16 27 0.038010508 
851 145 5 6 0.037989493 
285 159 4 6 0.03786351 
886 139 3 3 0.037668828 
145 184 5 8 0.037621755 
271 196 5 7 0.037512336 
408 656 28 38 0.037239294 
301 633 24 31 0.037116926 
181 175 4 5 0.03697372 
285 156 3 4 0.03624165 
247 217 7 10 0.036101732 
914 177 5 8 0.0359258 
847 175 3 6 0.035909202 
207 167 4 5 0.03589048 
884 178 4 7 0.035649117 
205 172 4 7 0.035587694 
132 169 4 5 0.035541505 
887 146 4 6 0.03551993 
355 717 61 54 0.03550433 
388 668 73 79 0.035333287 
381 475 67 89 0.035238508 
777 132 3 4 0.03521853 
518 720 46 59 0.035191573 
393 496 12 19 0.035187427 
167 179 5 7 0.035084777 
48 663 26 26 0.034893986 
859 139 4 4 0.03487233 
170 724 27 40 0.034524396 
592 678 38 67 0.03445899 
175 172 4 7 0.03435763 
717 679 39 62 0.034185294 
782 178 5 8 0.034129202 
133 546 12 17 0.03408277 
237 166 4 6 0.03394741 
855 165 5 8 0.033749424 
640 136 4 5 0.033637 
836 149 4 5 0.033439163 
289 164 4 7 0.033434477 
796 138 3 4 0.033302914 
-1 -134 84 146 0.032700635 
801 143 4 5 0.03247934 
149 199 3 6 0.032472335 
166 196 4 7 0.032317013 
855 176 3 5 0.03210308 
1008 146 4 6 0.03191609 
959 198 7 9 0.03189885 
860 175 3 6 0.031704057 
439 615 39 55 0.031612393 
747 164 5 8 0.031609528 
968 146 5 6 0.03157192 
188 171 4 6 0.031360228 
771 132 4 4 0.031287484 
577 417 4 4 0.031221824 
200 163 3 3 0.030970404 
14 755 38 46 0.030938577 
975 178 3 7 0.030731585 
290 157 3 4 0.030714601 
905 175 3 5 0.030586487 
156 199 4 6 0.030525012 
847 184 4 6 0.030148892 
870 145 5 7 0.03011412 
176 197 4 6 0.030092986 
631 164 5 8 0.029951261 
266 156 3 4 0.029870052 
860 185 3 5 0.029845037 
865 178 4 6 0.029837295 
982 138 3 4 0.029792964 
872 176 5 8 0.029617531 
138 163 3 3 0.02946967 
162 172 4 7 0.029290695 
778 139 4 6 0.029266266 
529 679 19 34 0.029238649 
224 170 5 7 0.029132182 
994 138 3 4 0.029004673 
891 139 3 3 0.028691553 
905 145 2 3 0.028672032 
1009 634 22 32 0.0286688 
133 592 10 13 0.028659027 
892 146 4 6 0.028506467 
295 697 40 60 0.028250802 
872 159 4 7 0.028107388 
444 704 51 60 0.02807051 
801 145 4 7 0.028043427 
223 202 5 7 0.028030293 
1006 144 4 4 0.02801483 
680 175 4 6 0.027896764 
965 164 5 8 0.027764214 
163 183 4 7 0.027591385 
648 669 49 66 0.02755115 
730 145 6 7 0.027475456 
251 198 3 6 0.027446153 
980 164 4 7 0.027414676 
903 151 5 7 0.027390879 
357 491 7 9 0.027379856 
950 144 4 5 0.027240006 
631 138 3 4 0.027236812 
757 180 4 6 0.027192205 
725 145 5 7 0.027188309 
794 174 5 8 0.02699323 
994 146 4 6 0.026750218 
635 180 4 7 0.026696716 
249 164 5 8 0.026578283 
245 164 5 7 0.026555216 
762 138 4 6 0.02651547 
586 386 4 4 0.026505318 
967 174 5 8 0.026448926 
247 726 54 52 0.0263338 
972 642 10 13 0.026270734 
838 182 5 7 0.025874294 
353 497 19 32 0.025688468 
865 155 5 7 0.025606137 
221 162 3 5 0.025594523 
187 196 4 7 0.025513662 
998 154 5 7 0.025235247 
199 177 5 7 0.025180329 
401 506 12 20 0.025136882 
639 160 6 8 0.025117422 
188 194 4 7 0.024832616 
855 184 3 6 0.024815528 
836 144 3 3 0.024769912 
757 140 5 6 0.024764057 
775 274 88 100 0.024741884 
795 144 5 7 0.024662837 
1007 174 5 8 0.02461443 
751 132 4 4 0.024557844 
763 178 5 8 0.024460662 
782 132 4 4 0.024408722 
968 138 4 4 0.024344055 
651 161 4 7 0.024189383 
839 151 5 7 0.024161926 
758 156 4 5 0.024124824 
977 159 3 7 0.024120266 
240 157 3 4 0.024115572 
546 367 3 4 0.024109758 
910 150 3 4 0.02401986 
250 176 5 8 0.024004467 
910 153 4 5 0.023989463 
213 167 3 5 0.023949038 
641 178 4 6 0.023825318 
745 132 4 4 0.023675494 
554 366 3 3 0.023577452 
175 194 3 6 0.023462744 
708 635 31 38 0.023410441 
872 138 3 4 0.023351515 
754 201 8 11 0.023351282 
628 145 5 6 0.023154773 
648 140 5 6 0.02313046 
246 205 3 5 0.02309034 
880 139 3 3 0.02301656 
612 147 4 6 0.023010889 
175 178 4 8 0.022896655 
367 661 24 28 0.022865893 
567 367 3 3 0.022808377 
135 178 5 7 0.022698166 
168 194 4 6 0.02263928 
565 655 13 24 0.022617618 
749 156 5 6 0.022491854 
175 158 3 3 0.022422323 
985 717 20 27 0.02240635 
746 184 4 6 0.022373471 
640 140 4 6 0.022371842 
250 156 4 5 0.022368643 
354 658 14 16 0.022255983 
125 201 5 8 0.022241069 
329 650 14 18 0.022209521 
945 147 4 6 0.022208197 
145 179 5 6 0.022172572 
246 199 3 5 0.022171851 
376 486 21 27 0.022137005 
631 173 4 6 0.02212947 
190 726 75 76 0.022042407 
948 175 5 7 0.02198029 
1015 639 12 15 0.021952769 
156 184 4 7 0.02188134 
749 184 4 6 0.02179716 
220 171 5 7 0.021732304 
900 153 3 6 0.021721166 
443 539 20 24 0.021671472 
885 172 4 8 0.021649582 
227 195 3 6 0.021629658 
211 178 4 7 0.021613048 
396 653 21 34 0.021611864 
802 183 5 7 0.021566398 
271 159 4 6 0.021564526 
974 141 4 5 0.02150916 
866 138 4 4 0.021488648 
975 156 4 5 0.021444017 
578 412 4 4 0.021390026 
596 435 5 5 0.021334482 
539 379 3 4 0.021210723 
987 144 5 7 0.021168135 
232 195 3 5 0.021164838 
857 144 6 7 0.021132383 
169 173 4 7 0.02110676 
666 141 4 6 0.021035139 
577 393 4 4 0.020982502 
995 155 5 7 0.02097536 
998 182 5 8 0.020930035 
584 424 5 5 0.020845765 
576 397 5 4 0.020816518 
562 674 37 64 0.020791182 
546 379 4 4 0.020728653 
521 675 36 61 0.020687802 
878 159 4 7 0.02067317 
265 158 4 5 0.020652153 
777 177 4 8 0.020634327 
596 397 5 4 0.020605898 
358 501 9 16 0.020580482 
966 154 5 8 0.020563178 
233 217 5 7 0.020544842 
890 155 5 7 0.020542387 
309 660 46 55 0.020530645 
915 174 5 7 0.020493686 
623 138 3 4 0.020485368 
241 709 26 43 0.020434871 
144 193 3 6 0.02042572 
326 503 42 64 0.02040454 
613 694 9 15 0.0203275 
208 178 4 7 0.020237412 
269 155 4 5 0.020195974 
634 145 5 7 0.020194955 
436 673 16 21 0.020083176 
498 749 57 53 0.020073898 
974 175 4 6 0.020054849 
193 179 5 7 0.020011729 
873 165 4 7 0.020001989 
