25_Soldier_Patrol_Soldier_Patrol_25_463
200
350 175 44 61 0.9984699 
801 109 30 57 0.99325824 
783 155 29 46 0.6691967 
540 319 100 87 0.3313807 
325 195 31 31 0.19463706 
944 135 8 9 0.097908534 
410 424 46 45 0.09384424 
945 405 9 11 0.08750431 
582 252 35 41 0.082517475 
352 393 28 28 0.05461225 
606 270 9 10 0.05156337 
887 426 4 6 0.0503452 
598 267 12 14 0.0495361 
-22 -172 183 169 0.048295755 
504 356 112 99 0.048034083 
419 393 11 11 0.047247417 
193 178 7 9 0.04224262 
930 415 5 5 0.03964534 
924 418 6 6 0.039442167 
68 412 9 10 0.03800655 
604 261 10 12 0.037605908 
506 265 170 173 0.036961045 
140 343 8 11 0.035711166 
412 246 332 302 0.035186812 
171 320 11 10 0.03515163 
251 452 37 33 0.03480581 
415 398 28 29 0.034612004 
170 428 28 25 0.034360036 
324 4 7 7 0.034119375 
909 425 6 6 0.03404371 
923 407 4 4 0.03397659 
404 444 33 31 0.03268756 
919 306 12 11 0.03240898 
332 370 28 30 0.03181861 
521 403 56 55 0.031465475 
927 417 7 7 0.031352047 
580 271 26 36 0.03135147 
596 252 16 16 0.031144464 
372 374 95 91 0.031119572 
916 406 4 5 0.031093873 
350 364 28 24 0.030938732 
886 430 4 7 0.03070192 
223 185 33 44 0.030597549 
250 147 40 54 0.030391302 
417 387 8 7 0.030252155 
263 383 11 12 0.030014316 
379 545 21 24 0.029818844 
469 420 5 5 0.029805094 
904 39 25 30 0.029713806 
609 244 31 26 0.02928454 
950 425 9 11 0.028755913 
925 431 9 11 0.028656181 
611 270 9 9 0.0284507 
415 373 10 9 0.028350024 
321 3 7 6 0.028307917 
134 327 8 10 0.028276749 
903 424 6 6 0.028236134 
565 257 84 84 0.02809245 
924 402 3 4 0.027482921 
933 414 5 6 0.027455498 
929 408 4 4 0.027326975 
906 403 4 4 0.027313862 
292 359 23 29 0.027277121 
886 421 4 5 0.02719369 
514 419 4 7 0.027134085 
383 491 26 31 0.026943868 
149 649 15 14 0.026896825 
596 309 24 30 0.026855767 
917 403 3 4 0.026710846 
56 420 7 7 0.02663774 
898 421 5 5 0.026583957 
138 331 17 25 0.026484197 
460 343 34 41 0.026475407 
600 265 25 28 0.026363125 
424 419 16 18 0.02627318 
269 440 29 29 0.02624117 
591 271 15 18 0.026117023 
598 278 12 13 0.026085328 
259 346 24 25 0.026036516 
470 425 6 6 0.026005834 
651 203 77 101 0.025917865 
321 12 8 10 0.025784852 
937 426 5 6 0.02575341 
312 3 8 7 0.025703335 
395 383 28 27 0.0255971 
924 414 5 5 0.025537837 
208 363 32 24 0.025471114 
904 421 5 5 0.025379922 
70 523 95 94 0.025369024 
380 381 20 24 0.025310505 
388 521 22 25 0.025291784 
574 358 33 31 0.025291717 
259 371 23 23 0.02512803 
322 8 8 8 0.025075553 
589 291 23 34 0.024983091 
247 421 23 22 0.024864413 
10 347 105 108 0.024510372 
912 300 13 15 0.024485521 
55 425 8 10 0.024482204 
352 357 233 208 0.024458187 
908 420 5 5 0.024398433 
915 309 23 21 0.024377678 
535 78 79 96 0.024345193 
936 408 4 5 0.024280876 
423 396 14 14 0.024248468 
400 438 11 14 0.024200195 
852 -186 265 168 0.024096439 
165 317 10 11 0.024054518 
70 406 7 8 0.024024265 
959 239 28 30 0.023944205 
367 527 22 22 0.023727026 
910 413 4 5 0.023657737 
899 425 5 6 0.023517804 
756 124 19 30 0.023488581 
935 429 7 9 0.023483872 
316 342 45 50 0.023471575 
409 391 23 21 0.023377622 
435 43 41 58 0.02336495 
911 402 3 3 0.02333608 
283 442 42 45 0.023311082 
167 320 20 22 0.023282625 
916 420 5 5 0.02326953 
407 385 12 12 0.023237607 
595 313 9 14 0.0232376 
445 433 12 19 0.023218695 
398 484 28 25 0.023203494 
915 431 6 8 0.023097213 
952 407 6 6 0.023096709 
249 445 78 84 0.023033867 
900 256 51 54 0.0229267 
917 413 4 4 0.022919126 
288 10 8 7 0.022903666 
89 411 9 9 0.02287988 
397 398 31 31 0.022779187 
365 386 54 49 0.022682743 
114 422 22 24 0.022669317 
905 440 5 6 0.022655655 
606 279 11 12 0.022651559 
941 347 7 7 0.022556087 
361 364 11 12 0.022542363 
592 285 11 15 0.022479283 
393 390 12 13 0.02245768 
408 396 11 11 0.0222993 
437 416 41 47 0.022264209 
416 373 27 24 0.022261202 
898 30 22 24 0.022223972 
83 367 6 9 0.022203103 
339 367 52 46 0.02218623 
190 429 9 10 0.022000935 
146 437 11 12 0.021986078 
381 393 11 13 0.021911558 
352 367 14 14 0.021806313 
743 128 35 54 0.02175662 
178 425 7 6 0.02175023 
788 141 21 33 0.021656001 
858 23 5 5 0.021622851 
401 391 13 12 0.021591809 
509 419 4 6 0.021570107 
919 44 9 11 0.02155308 
359 4 8 6 0.021497283 
185 431 8 9 0.021471519 
162 419 23 20 0.021336682 
396 543 12 15 0.021310471 
929 401 4 5 0.02129844 
309 445 43 47 0.021285335 
285 386 22 32 0.021197254 
888 432 5 6 0.021109907 
943 410 12 14 0.021062683 
514 413 6 7 0.020978875 
290 495 78 103 0.020940052 
945 143 11 14 0.020916667 
139 335 8 12 0.020904128 
179 -189 490 263 0.020842146 
316 358 23 27 0.020829577 
422 387 10 8 0.020810971 
352 3 8 7 0.020784488 
910 431 6 7 0.020769266 
924 396 4 4 0.020759165 
428 390 14 14 0.020712677 
890 440 6 5 0.020711191 
343 3 10 8 0.02069069 
314 5 21 23 0.020688195 
51 439 8 11 0.020659627 
140 435 21 23 0.020654751 
353 478 49 55 0.02063302 
582 311 26 37 0.02063099 
930 289 7 8 0.020603277 
323 -8 27 20 0.020436853 
928 286 7 6 0.020366907 
958 137 7 7 0.020351866 
380 488 14 17 0.020315805 
184 341 6 8 0.020311242 
317 20 9 11 0.02025383 
617 276 11 11 0.020173775 
670 540 12 13 0.020170119 
393 544 21 28 0.020118821 
937 402 3 4 0.020108018 
187 347 8 11 0.020092374 
277 66 19 23 0.020069003 
919 315 12 11 0.02000866 
