25_Soldier_Patrol_Soldier_Patrol_25_324
415
531 111 108 84 0.71428806 
433 -11 112 87 0.15327446 
204 -9 133 66 0.14858344 
553 143 33 30 0.12113421 
-20 -238 503 264 0.10538659 
551 -7 386 294 0.10221834 
661 89 124 86 0.09715198 
570 139 31 30 0.096732765 
18 146 134 124 0.08836021 
422 -243 544 276 0.07973672 
595 137 27 32 0.06984072 
136 12 37 45 0.068385914 
-21 -219 191 171 0.065524645 
306 180 472 406 0.059343096 
585 142 14 18 0.05908219 
454 348 10 13 0.058458332 
551 50 195 169 0.057373956 
1019 0 4 5 0.056679066 
682 209 48 56 0.056466073 
574 121 31 30 0.05612517 
143 -63 220 142 0.055926953 
250 306 16 14 0.05539056 
861 -3 34 29 0.05260947 
782 147 117 102 0.051754314 
591 146 15 17 0.04995429 
202 320 11 12 0.049410865 
580 149 30 32 0.04911066 
567 157 12 13 0.04660853 
155 5 23 28 0.045672514 
606 148 12 15 0.044832464 
1014 2 3 3 0.044601265 
584 152 16 17 0.043956712 
1015 8 3 4 0.04391024 
794 474 5 6 0.043814722 
599 153 12 15 0.04347483 
782 447 6 6 0.043169968 
593 135 11 14 0.042903733 
859 69 30 28 0.04277125 
486 -10 28 21 0.04271599 
216 -186 518 286 0.041427743 
573 148 13 16 0.04108923 
495 -19 28 21 0.04006363 
770 3 18 12 0.039908864 
600 142 12 17 0.039719112 
682 -4 27 26 0.039611347 
77 5 29 26 0.039561693 
782 444 4 4 0.039097328 
668 28 216 155 0.038613066 
414 316 258 183 0.038551837 
770 454 5 7 0.038507618 
775 449 4 6 0.038492594 
785 472 8 8 0.038353987 
587 162 11 12 0.038149025 
563 154 31 33 0.038027335 
490 373 106 78 0.038019758 
738 0 14 10 0.03801173 
732 220 29 31 0.037961204 
-53 467 458 397 0.03749596 
818 4 34 25 0.036894646 
866 11 33 27 0.036271542 
737 15 26 22 0.036180496 
541 371 30 24 0.03608644 
-46 -121 364 475 0.035929758 
772 451 23 24 0.035474744 
490 -1 33 23 0.035393246 
619 140 460 425 0.034865484 
718 225 29 32 0.034825068 
595 159 28 31 0.034774024 
199 314 27 23 0.034717828 
584 133 15 16 0.034651134 
725 206 30 29 0.034569338 
612 132 23 37 0.034496166 
724 35 28 28 0.03448024 
773 474 26 28 0.034024384 
574 162 11 13 0.033987146 
848 7 35 30 0.03368633 
834 457 25 24 0.033289038 
852 -233 272 180 0.033042617 
193 329 30 29 0.033040565 
694 124 109 90 0.032970224 
782 4 17 13 0.03296331 
884 -11 30 25 0.032895725 
830 11 33 26 0.032834105 
709 20 29 24 0.03272729 
773 453 7 8 0.032654174 
158 21 10 16 0.03257506 
124 38 19 28 0.032532576 
77 -10 90 99 0.032495197 
1015 15 3 4 0.03226514 
744 134 25 28 0.032196496 
-48 178 395 490 0.03209896 
216 324 33 32 0.03171795 
888 201 9 12 0.031704456 
84 -67 455 241 0.031629603 
824 424 26 29 0.031620193 
787 130 29 28 0.03159308 
923 14 14 18 0.031531658 
729 33 18 16 0.031328667 
670 -6 24 26 0.031257104 
799 64 61 47 0.03125504 
793 468 5 6 0.031209279 
513 -2 33 23 0.031009004 
731 2 17 11 0.03090618 
347 53 22 27 0.030832713 
778 444 3 3 0.030795166 
721 196 11 11 0.030650707 
855 188 57 62 0.030644631 
779 454 8 9 0.030275356 
580 161 11 13 0.030198747 
900 -2 29 21 0.030197183 
803 120 29 26 0.030112028 
772 450 3 4 0.029954853 
911 355 116 118 0.029881634 
772 35 119 87 0.029741911 
527 460 440 484 0.029512454 
839 84 89 82 0.029375277 
150 32 24 33 0.029287346 
861 85 33 29 0.029116292 
758 134 24 29 0.0290463 
1014 20 4 5 0.028900309 
606 161 11 14 0.028839458 
952 66 17 32 0.028604256 
333 18 20 26 0.02859385 
19 -8 99 98 0.028526861 
66 189 24 29 0.028321253 
744 40 15 16 0.028258335 
698 185 88 83 0.028256264 
779 28 25 22 0.02804237 
785 446 6 7 0.027988328 
737 28 14 15 0.027980667 
692 236 25 34 0.027928684 
702 38 30 26 0.027717996 
884 7 31 26 0.027696012 
831 436 28 30 0.027585002 
219 0 29 25 0.027536636 
757 456 48 40 0.027533336 
131 47 21 32 0.027387302 
809 98 13 13 0.027308958 
724 29 17 14 0.027261443 
786 23 12 10 0.02724551 
102 3 44 46 0.027180502 
756 152 27 28 0.027155273 
794 151 23 32 0.027124375 
699 4 13 13 0.027020665 
840 21 30 26 0.026997311 
705 10 27 23 0.026984148 
795 83 32 30 0.026967514 
712 45 32 29 0.026884172 
84 193 22 29 0.026882634 
212 301 26 22 0.026818696 
421 64 36 48 0.026794327 
125 23 11 17 0.0267511 
535 0 10 8 0.026686056 
346 68 24 27 0.026663376 
80 191 12 16 0.026609628 
144 22 14 22 0.026560862 
787 479 7 8 0.02646986 
716 57 9 8 0.026421001 
759 118 10 11 0.026274081 
938 135 41 46 0.026226558 
860 119 51 42 0.02615042 
738 186 14 15 0.026053607 
875 196 10 11 0.02603724 
124 164 13 11 0.026002739 
205 292 57 51 0.026001917 
531 0 9 7 0.02599226 
329 48 19 27 0.02584774 
711 111 25 22 0.025823444 
599 131 11 15 0.02581223 
503 -10 31 20 0.025811173 
687 8 27 27 0.025806243 
712 189 28 26 0.02576339 
801 39 63 47 0.02573556 
889 195 9 12 0.02572069 
523 353 21 20 0.025699025 
772 110 26 26 0.025677899 
130 25 22 32 0.025658317 
763 27 26 24 0.025561972 
805 87 10 11 0.025532415 
526 399 28 27 0.025414633 
781 91 29 27 0.025414431 
200 -3 23 23 0.025322901 
882 202 10 12 0.025307529 
117 223 26 26 0.025228418 
701 194 11 13 0.025197726 
793 479 8 9 0.025153948 
903 190 7 9 0.02510792 
731 108 28 26 0.02503777 
145 44 11 17 0.025013315 
767 458 7 9 0.024892524 
869 196 10 11 0.024850488 
82 200 10 13 0.024748497 
682 27 22 26 0.024731103 
907 -18 23 24 0.024726009 
764 107 13 13 0.024691924 
878 95 31 33 0.024662785 
804 94 11 10 0.024607383 
894 187 23 34 0.024606781 
741 2 22 16 0.024604563 
797 94 11 10 0.024593864 
715 -4 23 18 0.024577841 
94 5 27 29 0.024465328 
176 2 40 49 0.024464022 
786 484 11 10 0.02444986 
786 443 6 6 0.02441415 
693 144 42 27 0.024378195 
755 436 7 6 0.024369257 
599 168 12 16 0.024335228 
105 205 12 15 0.024316149 
138 23 12 19 0.024273025 
695 18 26 28 0.024266034 
751 113 13 13 0.024254275 
107 42 19 32 0.024214134 
-2 14 33 82 0.024162631 
753 125 21 26 0.024130777 
786 21 27 20 0.024093738 
535 4 10 8 0.02404867 
852 160 29 34 0.024042552 
796 100 12 11 0.02402573 
202 313 11 10 0.023979483 
854 188 28 31 0.023971818 
915 2 14 13 0.023943909 
709 245 26 30 0.023915887 
757 393 103 93 0.023908826 
782 438 3 4 0.023874678 
652 122 67 54 0.02383641 
95 40 20 33 0.02382149 
260 -4 44 25 0.02379583 
903 197 7 11 0.023790736 
757 141 13 16 0.023755457 
85 16 25 31 0.02370506 
97 38 43 53 0.023678716 
745 11 14 11 0.023653353 
844 205 7 8 0.023636635 
765 456 4 4 0.023610393 
159 22 35 52 0.023608768 
864 198 8 9 0.023556702 
599 286 26 32 0.023534195 
873 69 43 47 0.023529286 
538 82 65 63 0.023524323 
802 104 14 14 0.023514181 
1018 7 4 6 0.023464236 
800 418 27 28 0.023393894 
896 215 8 12 0.023390725 
795 109 27 29 0.023383513 
840 467 24 24 0.023364075 
562 378 27 24 0.023328356 
808 53 24 26 0.023315921 
857 197 8 9 0.023312662 
690 48 10 13 0.023286078 
508 9 14 12 0.023271734 
770 99 14 14 0.02326689 
476 -6 77 40 0.023255657 
896 195 8 11 0.023254583 
842 195 26 30 0.02322048 
900 -39 22 20 0.023193868 
139 3 23 30 0.023161784 
203 337 491 496 0.023084382 
59 177 23 27 0.023047902 
845 152 7 9 0.023038715 
737 45 16 16 0.023005996 
777 98 15 14 0.02295751 
479 -21 27 23 0.0229572 
743 237 25 31 0.022951549 
812 428 7 8 0.02291116 
113 26 20 29 0.02282823 
535 365 24 20 0.022824034 
797 484 12 12 0.022794116 
513 4 15 10 0.022776067 
565 143 16 17 0.022736592 
524 -19 24 22 0.022700535 
119 41 11 15 0.022637004 
635 179 71 89 0.022589076 
349 425 28 18 0.022581263 
868 -28 12 12 0.02254722 
536 353 22 21 0.02253766 
726 188 13 13 0.022530084 
886 211 23 36 0.022517907 
758 150 11 13 0.02250114 
887 144 30 27 0.022488194 
762 16 26 22 0.022470983 
137 45 12 17 0.022459699 
896 207 8 12 0.022458652 
893 -28 12 12 0.022432843 
696 43 10 12 0.022422766 
127 33 10 14 0.022412054 
701 121 28 20 0.02237765 
705 -1 11 11 0.022376565 
842 167 24 33 0.022359231 
775 130 58 48 0.022333719 
770 36 25 28 0.02231642 
851 89 8 9 0.022261562 
795 448 5 6 0.022195034 
795 423 4 6 0.02216906 
824 440 10 11 0.022127049 
223 308 27 26 0.022072028 
590 378 6 6 0.022022055 
671 19 22 29 0.022002779 
781 145 29 27 0.021955082 
779 476 10 10 0.021924429 
172 239 9 13 0.021901682 
765 125 10 12 0.021864042 
539 419 10 12 0.02186165 
134 36 9 13 0.021844104 
861 -28 12 12 0.02182385 
874 -34 12 12 0.021804877 
100 23 23 29 0.021756109 
382 -91 250 171 0.0217462 
96 13 14 15 0.0217295 
777 106 13 12 0.021716539 
333 18 6 8 0.021705514 
745 39 30 28 0.021684244 
761 90 31 29 0.021625904 
815 91 13 14 0.02159464 
744 25 16 15 0.02157215 
778 438 3 4 0.021567898 
293 213 20 25 0.021516489 
771 445 4 3 0.021509 
828 35 26 31 0.021498987 
581 167 28 34 0.021483745 
899 -34 13 11 0.021454206 
1012 52 5 7 0.021451658 
858 435 6 7 0.021445634 
823 85 30 35 0.021434108 
688 41 22 27 0.02143302 
490 35 11 12 0.02142451 
528 414 24 25 0.021387232 
120 215 11 11 0.02136801 
119 62 9 12 0.0213678 
166 29 8 12 0.021357931 
213 1 12 10 0.021344759 
794 4 15 12 0.021321135 
863 102 33 36 0.021285981 
1009 9 3 3 0.021276928 
765 170 27 34 0.021272937 
605 134 13 20 0.021255376 
82 181 19 28 0.0212507 
839 16 15 12 0.0212232 
710 196 9 11 0.021200497 
886 -34 13 12 0.021168692 
757 448 21 23 0.021159751 
285 206 21 26 0.021148466 
574 23 23 28 0.021138735 
162 -15 94 100 0.021136152 
830 433 10 11 0.021128565 
547 158 29 34 0.021105923 
839 77 27 32 0.021102242 
859 429 6 6 0.021063214 
463 348 15 13 0.021037478 
839 474 6 6 0.021031972 
346 50 7 8 0.02102972 
851 95 7 10 0.021029102 
543 387 30 27 0.020997047 
897 229 7 11 0.020991005 
522 -6 10 7 0.020972326 
120 35 9 13 0.020969938 
719 6 29 19 0.0209529 
717 217 7 9 0.02094502 
767 471 9 10 0.020941537 
809 146 26 31 0.020911047 
764 464 9 9 0.020902727 
109 176 15 13 0.020867791 
838 -4 34 28 0.020858672 
729 430 107 91 0.020846844 
880 -28 12 12 0.020813044 
208 319 12 12 0.020803032 
751 -1 14 11 0.020792559 
139 34 11 16 0.020768564 
447 349 9 10 0.020757014 
539 -13 25 21 0.020708056 
823 66 28 29 0.020679886 
115 30 7 11 0.020679047 
740 97 29 27 0.020656446 
758 3 14 11 0.02065181 
788 437 5 6 0.020616379 
769 15 16 12 0.02060818 
857 44 46 39 0.020591378 
857 87 9 9 0.020559182 
500 5 32 28 0.020538846 
339 25 7 8 0.020534933 
748 434 7 8 0.020525023 
749 430 6 6 0.020524085 
785 465 9 9 0.020523518 
905 423 3 5 0.020520572 
1014 90 4 4 0.020509936 
558 148 63 76 0.020487944 
764 0 15 10 0.020469112 
738 196 14 12 0.020466838 
444 342 9 12 0.020465909 
74 201 10 12 0.020429442 
882 196 10 11 0.020427905 
574 137 12 16 0.020369444 
736 151 218 190 0.020326447 
745 164 32 33 0.020319412 
858 27 29 25 0.020318063 
127 52 10 14 0.020268323 
625 147 10 19 0.020239681 
868 187 12 14 0.020230439 
267 306 8 11 0.020222928 
207 326 15 16 0.02021917 
843 433 9 11 0.020177979 
121 55 22 31 0.020153934 
861 -34 12 11 0.020128246 
537 435 6 8 0.020122206 
727 55 12 11 0.020120056 
221 29 13 13 0.02011634 
913 31 24 27 0.020114835 
845 474 7 5 0.0201147 
874 104 12 13 0.020090932 
159 3 13 13 0.020085339 
814 -9 32 27 0.020075971 
531 377 26 23 0.02005139 
702 195 25 30 0.02002638 
592 170 11 12 0.02002128 
583 51 6 6 0.02001225 
