25_Soldier_Patrol_Soldier_Patrol_25_1046
1017
252 393 26 40 0.99019027 
860 342 37 56 0.98211634 
746 390 32 45 0.94927627 
786 388 24 33 0.21451843 
115 550 50 53 0.065487415 
265 408 12 21 0.065407895 
897 334 43 64 0.06073567 
554 588 5 5 0.060645033 
7 623 7 11 0.060008105 
660 392 27 31 0.05924884 
554 571 4 5 0.055892877 
158 526 7 10 0.05429475 
539 596 5 5 0.054097917 
213 538 12 18 0.05369961 
174 536 5 8 0.05153124 
82 476 5 8 0.05005618 
547 597 4 4 0.049819827 
405 201 6 9 0.04831322 
238 394 25 30 0.04813872 
565 478 5 6 0.047948517 
223 497 46 60 0.047060747 
554 477 5 7 0.046359062 
917 358 28 34 0.045348722 
379 386 10 15 0.04497352 
124 583 36 31 0.044783447 
545 602 4 5 0.04361989 
553 598 5 5 0.043529034 
408 878 7 7 0.042501017 
82 482 4 7 0.04222845 
544 583 5 6 0.04205529 
951 235 30 30 0.041301772 
173 541 6 8 0.040701106 
885 517 38 33 0.04033535 
82 472 5 7 0.040263657 
427 883 6 7 0.040178575 
115 595 32 28 0.040052623 
574 478 4 5 0.039784346 
554 602 4 5 0.039751753 
13 638 7 9 0.03959811 
649 668 445 572 0.039433815 
122 879 4 6 0.038943507 
427 13 4 8 0.038707465 
75 333 5 7 0.038592793 
74 484 5 7 0.038446832 
559 597 5 6 0.037917152 
461 567 52 49 0.037328206 
210 542 23 33 0.036998972 
435 82 6 11 0.036928385 
985 289 6 6 0.036830816 
565 483 7 9 0.03642917 
220 539 12 18 0.036356945 
81 492 4 6 0.036176845 
213 521 7 9 0.036109447 
542 584 4 5 0.035890978 
429 522 6 9 0.03581627 
26 177 385 519 0.03562152 
547 504 5 8 0.03538003 
440 877 7 8 0.03503614 
546 591 4 4 0.03502015 
565 503 5 7 0.035017893 
101 499 4 6 0.035002626 
938 235 27 25 0.034968175 
473 595 34 30 0.034952696 
171 587 10 16 0.034928545 
442 110 5 8 0.0348509 
133 562 7 8 0.034616083 
171 64 6 9 0.034600902 
554 585 4 5 0.034523588 
636 97 6 8 0.034484476 
846 323 36 61 0.034463193 
834 317 7 10 0.034423128 
384 381 10 14 0.03429753 
534 86 4 6 0.034099825 
997 523 5 7 0.03394281 
351 266 5 8 0.033925105 
158 532 8 12 0.0337516 
554 575 4 5 0.03372731 
931 228 7 8 0.033624414 
417 20 5 8 0.03347873 
252 544 5 6 0.033475365 
686 469 12 17 0.033459403 
508 649 3 5 0.03341963 
460 541 7 10 0.033328183 
950 400 21 27 0.033294335 
181 72 5 8 0.03321678 
108 604 5 5 0.033176467 
173 436 5 10 0.033135958 
985 293 7 9 0.03309246 
824 240 8 12 0.032993704 
81 496 5 8 0.032932226 
645 98 5 7 0.032799043 
532 80 4 5 0.032760046 
569 484 7 10 0.03274071 
850 309 11 15 0.032584168 
105 610 6 7 0.03235123 
593 404 5 8 0.032300822 
314 101 11 11 0.031993397 
776 594 25 36 0.031775128 
431 856 24 26 0.031655196 
452 878 7 7 0.031625234 
154 528 5 8 0.03153077 
557 482 7 9 0.031400234 
95 154 5 9 0.03138094 
165 529 6 9 0.031323396 
147 881 6 8 0.03132305 
376 291 5 9 0.031307798 
127 116 5 7 0.031135019 
655 202 7 8 0.03111328 
573 581 4 6 0.03110619 
558 477 5 8 0.03102135 
639 379 40 59 0.031007476 
427 255 6 9 0.030851077 
185 72 6 8 0.030793563 
534 615 4 5 0.0307063 
537 85 6 8 0.030617652 
535 585 3 4 0.030587662 
88 413 5 7 0.030563451 
143 600 11 11 0.03052169 
145 509 7 10 0.030509938 
671 383 13 16 0.03046926 
534 90 5 7 0.030392416 
526 516 4 7 0.030193146 
503 536 8 9 0.030182265 
173 626 6 8 0.03015321 
388 7 6 8 0.03010397 
500 536 6 9 0.03009418 
140 564 6 7 0.03007392 
541 592 3 4 0.030018007 
135 881 7 9 0.029956575 
508 584 3 5 0.029940521 
501 579 5 5 0.029858768 
116 604 5 5 0.029826568 
338 154 411 525 0.029747013 
76 287 5 8 0.029718857 
259 672 6 8 0.029627379 
554 472 4 5 0.029591326 
134 523 5 8 0.02956709 
596 297 206 258 0.029537622 
142 498 5 6 0.029500997 
124 882 5 7 0.02945253 
445 832 22 22 0.029440587 
557 588 4 5 0.029398317 
229 513 25 33 0.029349891 
154 533 7 11 0.029337028 
181 76 6 10 0.029311322 
272 516 5 7 0.029254908 
386 857 22 23 0.029165603 
629 91 6 7 0.029156124 
422 877 5 7 0.02911206 
544 563 5 6 0.028989723 
934 252 33 39 0.02893106 
632 98 5 7 0.028813113 
712 554 25 26 0.02873874 
766 389 26 30 0.028734624 
233 514 8 12 0.028715322 
541 602 4 5 0.028686352 
160 516 6 9 0.028686186 
565 150 5 7 0.028670194 
533 610 4 5 0.028611386 
177 535 5 8 0.02856468 
460 535 6 9 0.028551903 
242 514 9 13 0.028539738 
251 537 5 7 0.02853605 
525 522 5 8 0.02852311 
711 289 4 6 0.028478866 
222 662 27 33 0.028461277 
573 579 4 5 0.028456677 
180 64 5 8 0.028453477 
554 138 4 6 0.028379578 
414 0 7 8 0.028379124 
174 529 4 8 0.028377984 
303 734 7 5 0.028367847 
551 501 7 10 0.028325412 
143 565 25 35 0.028314115 
134 516 5 8 0.02830389 
629 405 7 11 0.028120356 
842 543 24 38 0.028118592 
152 539 9 14 0.028062431 
644 104 5 7 0.02804858 
101 483 79 110 0.028032137 
509 65 4 7 0.028017854 
565 158 5 7 0.02800555 
258 550 4 6 0.028005345 
649 190 6 8 0.027969558 
116 609 5 6 0.02792495 
652 104 5 7 0.02788977 
415 10 6 11 0.027872304 
399 850 24 24 0.027857792 
105 142 6 10 0.0278325 
982 282 6 6 0.027824845 
150 856 24 27 0.02781345 
856 210 13 13 0.027805574 
385 280 4 7 0.027795082 
545 497 5 7 0.027776675 
823 236 5 7 0.027751189 
411 877 7 7 0.027745947 
138 894 20 25 0.02772166 
-5 471 350 439 0.027696397 
495 650 3 4 0.02765168 
624 102 7 9 0.027644156 
242 522 8 11 0.027627146 
617 176 7 7 0.027620966 
829 262 5 8 0.027605051 
539 505 4 7 0.027566383 
208 557 11 19 0.027524117 
345 1 21 33 0.027519269 
5 621 5 10 0.027518803 
534 604 4 5 0.027390948 
494 577 6 6 0.027379971 
233 389 16 16 0.027316865 
865 562 8 12 0.027311094 
742 129 5 8 0.027292358 
976 276 7 7 0.027221143 
152 543 21 40 0.027219461 
76 273 5 9 0.027211018 
109 511 4 7 0.027207293 
153 524 5 8 0.027156807 
147 564 6 8 0.027144391 
439 754 138 105 0.027119776 
535 597 4 5 0.027113028 
145 599 26 32 0.027089648 
449 333 5 9 0.027041513 
503 540 8 11 0.027038194 
220 556 11 16 0.027033726 
761 1 29 29 0.027006006 
395 402 8 12 0.02699532 
923 228 8 9 0.0269811 
145 520 8 11 0.02689691 
163 850 24 26 0.026862947 
371 58 19 33 0.026860615 
109 653 5 11 0.02676735 
166 504 5 7 0.02674374 
164 593 8 12 0.02670569 
654 192 8 11 0.026692914 
663 201 7 11 0.02669171 
248 539 25 34 0.026667306 
501 650 3 4 0.026648605 
540 510 5 6 0.026608016 
146 554 8 11 0.026600353 
558 76 8 9 0.0265957 
320 69 23 26 0.026592664 
174 321 5 8 0.026536247 
140 522 7 9 0.026519503 
384 367 19 31 0.026500113 
890 499 27 24 0.026482822 
409 188 6 8 0.026482245 
559 151 4 6 0.026479525 
167 45 6 10 0.026445018 
910 491 7 7 0.026415728 
546 508 6 8 0.026400296 
841 241 6 9 0.026388707 
395 882 6 8 0.026388472 
559 585 3 5 0.026374063 
561 564 3 4 0.02637243 
76 588 4 6 0.026366815 
179 101 7 12 0.026331628 
548 551 4 5 0.0263296 
419 0 7 7 0.026304731 
167 91 5 9 0.026273007 
147 528 6 9 0.026253417 
135 409 6 9 0.026195098 
116 511 4 6 0.02616651 
159 540 7 12 0.026154283 
394 877 7 8 0.026137004 
136 510 4 8 0.026092306 
554 467 3 5 0.02607049 
408 851 6 6 0.026063325 
122 489 5 8 0.026061168 
251 523 6 8 0.026037162 
155 498 4 6 0.02603117 
538 79 5 7 0.026030714 
235 519 9 13 0.026028939 
249 552 9 11 0.026013197 
172 84 5 9 0.025992174 
74 339 5 7 0.02598677 
547 558 4 5 0.02595949 
142 592 13 12 0.02595614 
498 530 5 7 0.025953209 
834 234 6 7 0.025950376 
128 465 4 7 0.0259414 
167 201 5 9 0.025936447 
841 247 7 12 0.025930123 
174 621 5 8 0.025874259 
81 718 165 104 0.025844991 
193 403 11 14 0.025834315 
644 353 77 111 0.025831364 
627 413 20 35 0.025820341 
127 298 5 9 0.025808983 
120 603 7 7 0.025805103 
1003 516 5 8 0.025803775 
148 523 20 30 0.025799766 
931 233 7 9 0.025790809 
374 266 5 9 0.025790252 
127 111 4 8 0.02578126 
165 497 5 7 0.02578066 
632 197 5 7 0.025780287 
558 510 6 8 0.02576682 
139 539 8 13 0.025756916 
68 654 6 8 0.025730526 
949 82 23 27 0.025685476 
541 563 4 6 0.02567004 
644 117 5 8 0.025634078 
75 477 4 6 0.025618212 
557 69 8 10 0.025617914 
377 184 4 6 0.025595132 
445 856 22 25 0.02556646 
791 271 8 12 0.025550151 
251 547 5 8 0.025546657 
309 29 20 28 0.025536284 
174 548 6 11 0.025523935 
503 644 2 4 0.025523487 
247 675 20 25 0.025519343 
141 471 4 6 0.025488647 
160 510 5 7 0.025479436 
207 510 4 8 0.025400897 
554 564 3 5 0.025354737 
454 202 6 8 0.025354056 
543 494 19 25 0.025352513 
135 876 6 8 0.025334856 
663 207 8 15 0.025327649 
378 394 9 13 0.02531686 
156 593 10 13 0.025258975 
799 265 7 13 0.025221996 
434 260 5 9 0.02521105 
559 162 4 7 0.025196264 
559 577 4 5 0.025193805 
199 32 5 9 0.025171105 
123 559 9 12 0.02515617 
839 233 7 8 0.02514174 
142 228 5 8 0.025127409 
653 208 8 12 0.025102494 
630 103 6 8 0.025100568 
559 602 5 6 0.025081612 
549 67 9 11 0.02508152 
716 287 5 6 0.025079386 
154 507 18 27 0.025073085 
531 52 5 7 0.025070466 
532 99 4 6 0.025065692 
366 3 23 35 0.02506396 
723 295 6 9 0.025059437 
199 37 5 9 0.025056347 
145 545 9 14 0.02505078 
800 272 7 12 0.025046472 
729 100 4 6 0.025042485 
82 609 5 6 0.025033534 
119 149 6 9 0.025032997 
906 513 29 31 0.025019491 
684 583 5 7 0.0250187 
257 542 6 8 0.025014866 
173 444 6 9 0.025002228 
138 555 8 10 0.0249676 
979 328 5 6 0.024950067 
474 293 5 8 0.024932578 
237 532 9 13 0.024930494 
104 91 7 14 0.024926145 
966 247 29 26 0.02491808 
412 857 22 24 0.024916338 
410 378 6 9 0.024912164 
173 102 6 10 0.0249101 
197 398 6 9 0.02490674 
174 33 5 7 0.0248503 
594 492 4 6 0.024848845 
684 589 5 7 0.024840737 
171 91 5 9 0.02482606 
559 158 4 7 0.024764003 
119 464 4 7 0.024753692 
153 562 6 10 0.024739338 
184 81 6 10 0.024734277 
423 881 6 8 0.024706755 
785 272 8 12 0.024694877 
935 228 8 9 0.024683595 
554 132 4 6 0.024660664 
174 524 5 8 0.024655845 
509 656 3 5 0.024652988 
356 31 7 13 0.024651732 
70 600 4 7 0.024649084 
125 182 7 8 0.024644189 
394 299 6 9 0.024634391 
435 454 7 10 0.02462006 
436 188 4 8 0.024570314 
554 518 4 6 0.02455792 
534 504 4 7 0.024555743 
731 281 4 7 0.024546564 
400 285 6 9 0.024520364 
62 653 5 7 0.024514547 
697 404 38 54 0.024504567 
553 609 5 5 0.024455117 
415 197 5 8 0.02442965 
541 558 4 5 0.024419932 
140 510 5 8 0.024411041 
133 470 5 8 0.024392841 
558 489 8 9 0.024379695 
149 903 23 24 0.024378728 
499 548 8 10 0.024354152 
417 227 5 8 0.02434696 
138 528 7 11 0.024318093 
632 201 6 8 0.02431359 
181 139 4 6 0.024294073 
222 527 23 33 0.024290932 
396 365 5 10 0.02427683 
167 547 6 11 0.024264816 
622 97 8 10 0.024261717 
218 568 23 31 0.024251478 
358 262 5 8 0.024249095 
355 266 5 8 0.024243755 
850 372 27 32 0.02424281 
555 556 4 5 0.024218302 
571 64 7 7 0.024214538 
75 471 4 7 0.024211645 
160 582 19 28 0.024201822 
84 476 6 9 0.02419912 
420 11 7 12 0.02419241 
135 464 5 7 0.024174193 
135 484 4 9 0.024169266 
514 604 4 5 0.024161676 
125 490 5 8 0.024140252 
656 193 19 28 0.02410437 
146 570 6 8 0.02409242 
540 517 5 7 0.024065193 
508 71 5 8 0.02405838 
164 521 6 10 0.024054097 
428 858 6 6 0.024052821 
140 249 4 7 0.024052389 
579 137 6 8 0.024044782 
135 497 4 7 0.024034632 
239 530 24 32 0.024029553 
187 724 135 118 0.024026092 
127 538 27 36 0.024019672 
375 806 115 103 0.024006149 
571 157 7 9 0.024002684 
178 497 5 7 0.02395484 
784 371 11 12 0.023943255 
131 548 9 11 0.0239234 
609 94 9 11 0.023922576 
365 381 20 32 0.023907043 
557 65 7 8 0.023905853 
427 887 7 8 0.023901146 
434 857 7 7 0.023887184 
372 851 25 24 0.023886293 
388 370 7 12 0.02387549 
294 850 24 25 0.02386508 
9 632 6 10 0.023858394 
712 0 25 28 0.023840632 
38 607 7 11 0.023822838 
92 449 6 9 0.023818627 
320 850 24 25 0.02381786 
652 83 6 8 0.023800481 
199 25 5 8 0.023796456 
557 131 6 7 0.023791322 
408 25 6 10 0.023777217 
481 295 4 7 0.023770645 
33 640 7 10 0.023766074 
568 473 3 5 0.023758715 
717 579 13 14 0.02374912 
175 615 5 7 0.023748055 
324 610 5 6 0.023744535 
766 104 7 10 0.02374188 
115 497 5 7 0.023729272 
180 49 6 10 0.023726914 
501 584 4 5 0.023718765 
166 510 6 9 0.023716496 
953 258 34 34 0.023715403 
320 84 23 24 0.02369247 
134 570 6 7 0.023670368 
172 58 5 8 0.023662664 
422 543 5 7 0.023649 
482 649 3 5 0.023646312 
167 77 5 10 0.02361947 
735 403 26 34 0.023612417 
913 250 5 5 0.023610283 
990 273 7 8 0.023610136 
795 544 29 33 0.02360624 
813 240 6 9 0.023590574 
142 490 4 7 0.023575297 
301 103 8 9 0.023571007 
963 235 8 8 0.023570575 
402 858 6 6 0.023567209 
441 881 7 8 0.023566868 
624 90 7 8 0.023539444 
433 882 5 7 0.023538213 
983 242 7 8 0.023533328 
826 251 7 11 0.023531284 
743 117 5 9 0.02353025 
154 505 4 6 0.023514073 
120 510 4 7 0.023510806 
177 542 6 9 0.023507582 
571 150 6 8 0.02350693 
925 247 24 33 0.023504395 
541 466 4 5 0.023490103 
75 328 4 7 0.02345535 
707 525 30 25 0.02345224 
637 90 6 8 0.023449302 
528 596 4 5 0.023443816 
661 190 9 14 0.023430416 
269 14 95 115 0.023420654 
493 535 6 10 0.023417277 
384 275 4 8 0.023412159 
963 77 22 25 0.023410928 
506 129 5 9 0.023405036 
831 241 8 12 0.02338957 
899 482 28 27 0.023384798 
395 858 6 6 0.023375673 
374 279 6 9 0.023366502 
180 25 6 8 0.023361301 
147 241 5 7 0.023359664 
734 284 7 11 0.023352887 
621 426 17 31 0.023343712 
558 59 7 7 0.023297371 
721 282 6 7 0.023280846 
147 503 5 7 0.023276104 
295 102 9 10 0.02326246 
991 281 5 7 0.023255374 
502 655 3 5 0.023252787 
556 85 8 8 0.02325186 
159 558 8 16 0.023251735 
113 614 6 6 0.023249267 
833 229 7 7 0.023247166 
729 559 81 110 0.023236692 
174 504 4 7 0.023230253 
492 586 27 31 0.023224121 
126 551 6 8 0.023214089 
355 24 8 12 0.023194369 
923 602 25 31 0.023167877 
97 497 21 32 0.02316292 
170 96 7 11 0.023159225 
552 509 6 8 0.02315834 
547 138 4 6 0.023140386 
141 516 6 9 0.023119474 
114 123 5 8 0.023094976 
229 540 27 35 0.02308415 
102 493 4 5 0.023084005 
108 517 5 8 0.023073286 
335 845 129 107 0.023055943 
519 529 6 8 0.023054013 
105 162 6 9 0.023037909 
147 877 5 7 0.023023074 
179 36 6 9 0.022996832 
691 565 4 5 0.022991998 
140 569 6 7 0.022984887 
919 243 5 5 0.02298127 
544 516 5 7 0.022980604 
355 144 6 7 0.022979962 
178 499 19 31 0.02297486 
121 518 4 6 0.02296669 
369 857 6 6 0.022938404 
722 288 5 6 0.022920169 
352 145 4 6 0.022906989 
216 526 9 14 0.02290245 
410 881 7 8 0.022901937 
383 287 4 8 0.02288997 
166 96 7 11 0.022886967 
554 162 5 8 0.022841433 
154 293 5 8 0.02282102 
265 673 5 6 0.022818042 
421 858 6 6 0.022809448 
165 541 6 10 0.022802558 
298 663 4 4 0.022800412 
359 882 7 8 0.02278459 
535 590 3 4 0.022777786 
65 672 8 12 0.022776948 
68 660 6 8 0.022772944 
180 81 7 11 0.022771323 
554 151 4 7 0.02277042 
359 34 9 14 0.022765147 
428 320 5 8 0.022763556 
552 125 5 6 0.02276271 
295 96 10 11 0.02275374 
124 521 6 9 0.022750186 
145 533 8 12 0.02274539 
152 552 8 13 0.022727977 
105 169 5 9 0.022724938 
727 294 6 9 0.022721527 
542 610 4 5 0.022708451 
504 117 6 9 0.022707416 
559 503 6 7 0.022706645 
545 78 7 8 0.02269606 
127 124 5 7 0.02269434 
379 68 8 14 0.022690846 
408 858 6 6 0.02268612 
695 224 45 63 0.022681506 
604 463 5 7 0.02267681 
139 168 6 10 0.022673061 
328 37 9 11 0.022668751 
171 76 6 9 0.022659957 
858 496 7 11 0.022626422 
389 287 4 7 0.02262435 
478 534 7 10 0.022611745 
147 403 6 10 0.022604508 
193 504 5 7 0.022601996 
471 637 22 32 0.022601156 
149 599 10 11 0.022580871 
126 517 5 8 0.022577064 
415 163 6 7 0.022566784 
685 686 108 136 0.02254922 
886 570 27 33 0.022515865 
210 525 10 15 0.022510996 
608 82 9 9 0.022491198 
989 288 6 7 0.022485895 
570 77 7 8 0.022477223 
544 610 5 5 0.02247106 
88 78 5 8 0.02246655 
170 49 6 10 0.02246035 
141 504 4 6 0.022452924 
370 877 7 7 0.022439212 
396 64 5 11 0.022423927 
726 5 9 11 0.02241395 
132 554 8 10 0.022387559 
796 566 25 30 0.022379963 
161 495 5 9 0.022379937 
508 523 5 7 0.022376766 
206 564 23 31 0.022360075 
171 598 7 10 0.022356275 
929 225 22 25 0.022352155 
382 157 5 7 0.022339132 
441 529 5 8 0.022337852 
507 403 5 9 0.022336207 
514 608 4 6 0.022325212 
194 517 64 92 0.022315469 
539 568 4 6 0.022311047 
108 497 5 8 0.022308087 
794 13 215 148 0.022308052 
382 294 5 8 0.022302005 
505 122 6 10 0.022286188 
174 497 5 7 0.022284953 
829 223 5 7 0.022284636 
124 877 6 7 0.022280898 
536 543 4 6 0.022275228 
162 300 4 7 0.022258222 
499 609 6 7 0.022251006 
636 104 6 8 0.022232128 
664 84 5 8 0.022223536 
184 63 6 9 0.022221837 
507 588 4 7 0.022213588 
828 288 5 8 0.022213064 
554 498 6 8 0.022209205 
144 500 20 30 0.02220617 
133 528 7 10 0.02218562 
216 508 25 34 0.022184167 
495 529 5 8 0.022168495 
372 389 10 17 0.022160718 
507 610 5 5 0.022138724 
650 557 5 6 0.022127865 
421 24 6 9 0.022109402 
199 517 6 8 0.022095647 
158 183 5 8 0.022092052 
404 391 5 9 0.022083526 
169 11 6 10 0.022077901 
746 116 6 9 0.022067964 
416 865 5 5 0.022061657 
508 517 5 7 0.022053173 
987 303 22 36 0.022052737 
514 537 6 8 0.02205094 
538 523 6 7 0.022047138 
409 181 6 9 0.022045678 
382 857 6 6 0.022045432 
674 561 23 26 0.022038698 
176 533 18 30 0.022035891 
604 471 5 8 0.02202823 
310 727 6 7 0.0220241 
622 403 8 13 0.022020716 
180 5 5 8 0.022019098 
171 24 6 9 0.022018695 
657 142 6 8 0.02199601 
217 505 8 14 0.02199581 
415 47 6 7 0.021988124 
881 245 81 106 0.021978082 
696 565 5 5 0.021961315 
773 498 25 25 0.021944419 
353 10 11 17 0.021937123 
492 540 7 10 0.021928523 
970 299 7 8 0.021926718 
172 6 5 8 0.02192624 
558 51 8 8 0.021924969 
830 322 21 34 0.021920266 
180 112 5 8 0.02190223 
146 497 5 8 0.021897828 
473 881 5 7 0.021886762 
115 522 4 8 0.021877278 
630 85 7 8 0.021873381 
925 241 5 7 0.021867562 
584 475 7 9 0.021865588 
190 640 7 8 0.021860538 
684 575 5 6 0.02185642 
80 142 6 9 0.021847054 
96 607 5 7 0.021841018 
485 575 7 8 0.021822257 
160 306 5 8 0.021819742 
166 552 7 14 0.021812994 
703 162 5 8 0.021810312 
30 681 5 6 0.02180492 
229 538 11 16 0.021804115 
89 280 5 9 0.021803647 
982 276 6 6 0.021801308 
372 368 21 30 0.02179826 
395 851 6 6 0.021793 
594 497 4 7 0.021786172 
563 77 8 9 0.02176968 
100 502 4 7 0.02176148 
394 6 6 10 0.021748563 
75 490 5 7 0.021747721 
643 193 7 10 0.0217421 
40 659 6 9 0.021736026 
73 583 5 7 0.021731729 
745 521 89 92 0.021725323 
547 467 4 5 0.021710398 
625 110 6 9 0.021709792 
375 857 7 6 0.021694586 
742 123 6 8 0.021691812 
875 583 75 101 0.021689724 
534 622 5 7 0.02167958 
289 104 8 7 0.021663299 
86 481 5 9 0.021654349 
217 43 6 10 0.021651423 
115 490 5 7 0.021650242 
215 512 9 15 0.021639725 
538 98 6 8 0.021620225 
545 85 7 7 0.02161383 
527 79 4 6 0.021608558 
388 319 6 9 0.021592917 
138 274 6 9 0.021592757 
690 174 6 12 0.021591684 
495 515 5 7 0.021583967 
748 487 23 31 0.021576451 
674 396 23 30 0.021571964 
362 137 6 7 0.021564476 
73 600 5 8 0.021556348 
206 516 6 8 0.021555 
244 491 6 8 0.021549482 
166 39 7 10 0.021540703 
107 294 6 10 0.021530498 
487 425 5 8 0.021521047 
532 627 90 105 0.021517089 
519 608 5 6 0.021511197 
75 597 4 6 0.021510806 
935 281 70 104 0.021510545 
154 492 4 6 0.021508517 
374 272 6 10 0.02149895 
475 649 4 5 0.021497197 
327 607 5 7 0.02149208 
533 286 5 8 0.021488285 
405 850 62 50 0.021483408 
712 536 32 32 0.021476446 
552 537 5 7 0.021476403 
558 557 4 5 0.021476237 
136 857 24 26 0.021452902 
546 543 5 6 0.021452056 
158 877 6 7 0.021447837 
564 497 7 8 0.021435829 
747 107 6 11 0.0214345 
746 509 8 9 0.021432724 
100 150 6 9 0.021420473 
89 492 4 6 0.02141263 
635 109 7 9 0.021409638 
416 301 5 8 0.021404706 
214 510 4 8 0.021377947 
507 496 6 10 0.021375965 
527 46 5 6 0.021372544 
598 492 5 6 0.021363195 
552 542 6 7 0.021361759 
194 537 4 7 0.021353753 
535 565 3 4 0.021353567 
281 850 24 26 0.021347573 
95 116 6 10 0.02134729 
255 526 22 29 0.021347182 
159 96 6 10 0.021343954 
378 380 19 29 0.021334382 
540 459 5 6 0.021332946 
169 18 7 10 0.021332322 
814 294 6 9 0.021331199 
496 645 2 3 0.0213278 
534 282 4 7 0.021322936 
872 300 49 62 0.021313267 
480 286 5 8 0.021304982 
815 565 21 29 0.021303197 
540 53 6 6 0.021302685 
173 38 5 9 0.021298755 
540 58 5 7 0.021296099 
381 183 6 8 0.021288905 
29 632 5 9 0.021280551 
176 551 7 13 0.021269714 
914 496 26 28 0.021267164 
615 95 8 11 0.021264654 
119 607 7 8 0.021263298 
178 530 5 8 0.02124976 
546 315 3 5 0.021244874 
977 287 7 7 0.021242682 
984 235 5 7 0.02124174 
141 45 5 8 0.02123197 
486 412 6 8 0.021228446 
245 608 5 8 0.021222565 
115 518 4 7 0.021215506 
720 574 30 27 0.02120527 
166 64 6 9 0.021203721 
837 365 24 30 0.021199686 
100 603 5 6 0.021198787 
271 497 6 8 0.021194194 
174 345 6 9 0.02116848 
729 288 5 7 0.021157997 
534 510 4 7 0.021154467 
493 504 5 8 0.021132883 
258 554 6 8 0.021121584 
412 186 6 10 0.021117343 
527 39 4 6 0.021114586 
135 504 4 7 0.02111176 
82 589 5 5 0.021107927 
171 203 5 8 0.021091878 
976 521 6 8 0.02108809 
506 530 6 8 0.021084893 
541 497 4 7 0.021082612 
558 125 6 6 0.021076739 
415 851 6 5 0.021075597 
126 242 6 8 0.021062993 
384 267 5 7 0.021058913 
352 850 26 26 0.021046354 
650 194 6 9 0.021037996 
815 307 6 9 0.021024799 
380 375 10 17 0.021006597 
170 549 18 31 0.02100023 
415 858 6 6 0.020999253 
433 871 22 22 0.020995561 
851 319 10 15 0.02099516 
473 534 7 11 0.020983204 
82 583 4 6 0.020982893 
821 230 5 6 0.020981444 
408 163 5 7 0.020976169 
413 29 7 10 0.020964421 
392 129 6 9 0.02095615 
353 152 4 5 0.020935431 
952 294 22 27 0.020928703 
208 497 4 8 0.020926448 
132 540 9 12 0.020925228 
359 14 8 14 0.020915508 
231 525 10 13 0.020910716 
509 578 3 5 0.020903125 
401 190 5 7 0.020896671 
782 130 6 9 0.020890467 
465 293 6 9 0.02087723 
762 95 6 9 0.020861223 
527 512 4 6 0.020859212 
177 850 22 25 0.020859133 
520 517 5 6 0.020848796 
155 584 10 14 0.020846965 
172 358 6 11 0.020844296 
230 490 10 16 0.020827 
388 52 5 9 0.020820295 
402 851 5 6 0.020815391 
825 589 22 38 0.020808434 
777 374 14 16 0.020807987 
388 0 6 7 0.020805605 
616 137 6 8 0.020803021 
289 97 9 9 0.020788958 
158 293 4 8 0.020785978 
819 307 6 11 0.0207778 
923 219 10 12 0.020773621 
338 132 4 5 0.020772075 
388 844 6 6 0.020764638 
982 267 8 8 0.02076145 
612 328 4 5 0.02075795 
123 298 4 9 0.020755442 
499 65 5 7 0.020748984 
336 667 6 7 0.020738743 
390 313 5 9 0.020737374 
546 65 8 9 0.02073569 
821 254 5 9 0.020731086 
427 877 6 7 0.020726068 
421 456 6 9 0.02072507 
75 419 4 7 0.02072376 
789 255 19 31 0.02071855 
312 615 4 6 0.020716786 
644 110 5 8 0.020715745 
163 514 8 10 0.020714747 
53 666 9 12 0.020698708 
109 649 4 6 0.020688381 
153 570 6 8 0.020662835 
388 281 4 7 0.020662656 
512 541 7 9 0.02065844 
509 662 3 5 0.020656055 
152 857 7 7 0.020645658 
906 241 5 7 0.020644862 
332 91 24 25 0.020639049 
518 84 5 8 0.020637225 
689 583 8 8 0.020633508 
112 547 28 35 0.020631744 
986 511 4 7 0.0206216 
616 78 9 8 0.020617886 
771 709 26 33 0.02061747 
568 525 3 6 0.020616936 
778 568 27 23 0.020616522 
375 262 5 8 0.020610068 
702 212 8 12 0.02060667 
138 601 10 9 0.020592494 
147 292 5 8 0.020592306 
166 82 5 10 0.020591086 
116 150 5 8 0.020579604 
409 864 5 6 0.020578342 
159 532 19 31 0.020576725 
388 851 7 5 0.020567687 
684 565 4 5 0.020552605 
377 188 4 7 0.020550763 
179 154 6 9 0.020548401 
507 136 4 8 0.020540094 
147 399 5 9 0.02053685 
612 477 5 9 0.02052591 
172 558 7 14 0.020518137 
722 163 5 6 0.020504849 
30 675 5 6 0.02050411 
559 473 4 5 0.020500246 
419 870 20 23 0.020499632 
508 60 4 5 0.020487733 
489 650 3 4 0.020487554 
539 72 5 7 0.02048448 
619 403 37 69 0.020483647 
126 509 6 9 0.020482795 
282 726 9 8 0.020481322 
474 287 5 9 0.02047783 
864 503 75 74 0.020474121 
560 609 4 6 0.020465504 
132 162 7 12 0.020464586 
161 52 4 8 0.020464258 
467 432 4 7 0.020463737 
378 43 9 13 0.020447113 
775 786 4 6 0.020441549 
357 257 5 6 0.020437272 
508 643 2 4 0.020436777 
989 255 6 7 0.020431904 
440 857 7 7 0.020429619 
119 497 5 7 0.020425934 
361 395 32 51 0.020423148 
382 308 5 8 0.020418085 
437 449 8 12 0.020416744 
554 459 4 6 0.020416727 
540 66 5 6 0.020399962 
687 273 7 8 0.020389313 
533 496 5 8 0.020374568 
617 416 8 11 0.020370169 
752 543 8 10 0.020370003 
552 51 6 7 0.020368481 
969 64 23 25 0.020361394 
803 189 190 248 0.020358527 
307 77 9 10 0.020348543 
310 609 5 6 0.020348402 
467 881 6 7 0.02034752 
501 663 3 4 0.02034592 
743 143 5 9 0.020343697 
545 536 5 7 0.02034117 
132 418 7 11 0.02033982 
388 530 6 8 0.020339647 
394 395 7 12 0.020331403 
102 143 6 9 0.020326693 
500 568 6 9 0.020320283 
116 878 3 6 0.020319713 
383 300 4 7 0.020317633 
568 558 3 4 0.020317327 
439 82 7 11 0.020302892 
151 517 6 8 0.020299222 
106 896 20 23 0.020295197 
782 279 7 11 0.020287517 
95 110 5 9 0.02027926 
408 888 7 8 0.020278791 
651 149 5 7 0.020275524 
243 545 8 12 0.020262357 
868 231 9 13 0.020261666 
371 183 4 6 0.020252595 
34 644 7 11 0.020249827 
223 64 8 10 0.02023412 
157 895 22 24 0.020231223 
394 369 7 12 0.02023117 
127 410 5 8 0.020222766 
95 597 4 5 0.020217132 
539 615 5 6 0.020199962 
442 555 5 9 0.02019671 
815 226 19 29 0.020195398 
900 575 23 31 0.020190267 
421 851 6 6 0.020162242 
445 110 6 9 0.020160062 
227 493 26 36 0.020158285 
417 132 4 5 0.020157041 
511 85 7 10 0.020155696 
616 103 7 9 0.020152139 
179 505 5 7 0.020150961 
710 281 5 7 0.020148644 
434 510 5 9 0.020145109 
442 196 5 8 0.02014036 
422 865 5 5 0.020130191 
388 365 6 10 0.020126635 
522 556 4 6 0.02011692 
195 543 4 7 0.020112695 
294 663 3 5 0.020108975 
141 643 4 5 0.020105246 
518 489 5 10 0.020097267 
257 560 8 10 0.020090722 
910 608 26 36 0.020088784 
131 175 6 9 0.020087495 
183 58 6 9 0.020087438 
841 241 25 35 0.02008433 
736 129 6 9 0.020079527 
368 292 6 8 0.020078247 
159 189 5 8 0.020073505 
533 459 4 6 0.020073397 
382 851 6 6 0.020073153 
127 484 5 9 0.02006471 
128 470 5 8 0.02006424 
466 843 8 7 0.02006118 
374 302 5 7 0.020057471 
594 503 4 7 0.020056764 
161 64 5 10 0.020055458 
441 541 6 10 0.020055097 
172 430 6 11 0.020046158 
513 596 4 6 0.020043878 
702 277 21 29 0.020037785 
166 196 5 7 0.020031514 
74 497 5 7 0.02003046 
218 679 26 28 0.020022357 
874 491 5 6 0.020018945 
923 233 7 9 0.020017998 
477 541 7 9 0.020015303 
507 602 6 7 0.020011706 
