25_Soldier_Patrol_Soldier_Patrol_25_883
277
269 129 102 146 0.99531883 
534 59 63 78 0.98404056 
194 74 109 76 0.3120315 
159 516 22 24 0.29861635 
611 101 19 37 0.08513217 
-26 -171 192 183 0.08371718 
407 573 26 42 0.074785456 
279 434 95 82 0.069433555 
209 107 27 26 0.053948097 
254 382 93 87 0.052723877 
216 263 101 76 0.05233477 
136 60 187 148 0.05017362 
199 111 9 9 0.0484216 
671 313 35 33 0.04765245 
302 475 7 7 0.04629891 
135 570 108 95 0.045497544 
218 95 32 33 0.045352455 
646 77 89 94 0.04526696 
198 98 32 24 0.044973765 
224 24 28 26 0.0448538 
88 526 107 104 0.04425226 
526 537 28 43 0.043959957 
194 111 6 7 0.043573983 
146 106 3 6 0.042171974 
567 -43 344 334 0.042076666 
117 249 33 28 0.041677542 
130 359 78 82 0.040780462 
547 388 324 321 0.04018161 
183 132 10 11 0.039953675 
661 130 7 9 0.03854606 
576 337 17 27 0.038221017 
301 470 7 6 0.03780361 
342 416 97 99 0.03726817 
193 117 7 8 0.036889207 
142 329 52 48 0.036411658 
385 595 33 35 0.036389235 
288 603 6 8 0.03593644 
295 589 7 10 0.034782197 
194 107 22 22 0.034735203 
139 237 34 31 0.034564994 
185 115 21 23 0.034540527 
183 342 74 82 0.034093924 
223 298 32 27 0.034092747 
-4 119 38 91 0.033532117 
127 489 9 9 0.03340769 
200 106 7 6 0.03332871 
511 517 76 95 0.032910254 
278 613 48 56 0.032581627 
206 89 31 22 0.03254379 
104 239 35 29 0.032538865 
277 587 26 38 0.03233004 
608 11 190 150 0.03218606 
290 599 4 6 0.032150835 
172 330 29 33 0.032098487 
150 380 4 7 0.032004915 
198 128 8 8 0.03151314 
292 373 28 32 0.03150423 
245 25 29 26 0.03147097 
132 198 98 99 0.03139007 
282 464 5 7 0.03134794 
193 122 8 9 0.03132984 
204 105 8 7 0.030989215 
177 89 63 58 0.03068723 
653 123 6 9 0.030505806 
552 469 20 22 0.030491872 
229 38 32 24 0.030439256 
144 530 13 16 0.03043063 
185 124 8 9 0.030268593 
957 151 88 94 0.029753977 
301 525 7 8 0.029695746 
987 96 42 52 0.029372688 
289 592 5 7 0.029330784 
932 467 132 96 0.029309459 
209 103 11 9 0.029237447 
287 518 9 9 0.029176215 
379 -196 484 293 0.029037874 
166 526 24 27 0.02902807 
272 570 79 79 0.028449051 
990 12 48 66 0.028287351 
287 476 7 7 0.028160714 
582 550 26 25 0.02815685 
638 113 24 32 0.027993232 
293 391 7 11 0.027902177 
191 128 8 9 0.027778447 
497 278 101 130 0.027705247 
542 269 10 12 0.02756925 
296 488 6 8 0.027434478 
297 464 6 5 0.027213491 
297 458 32 25 0.027197467 
146 99 3 6 0.02706242 
122 489 8 9 0.027006907 
399 608 15 18 0.026981395 
373 248 80 95 0.026955534 
195 498 8 10 0.026734557 
289 597 30 41 0.026528474 
132 252 34 33 0.026509449 
267 371 56 57 0.026470838 
121 478 23 25 0.026468404 
209 72 27 22 0.026354143 
486 199 65 52 0.026308548 
288 387 25 35 0.026216622 
191 88 25 27 0.026194174 
234 92 32 33 0.026149934 
213 9 28 31 0.026136607 
299 487 8 9 0.026099715 
652 128 7 10 0.025959287 
295 470 8 7 0.025928413 
663 302 30 35 0.025876906 
301 482 7 7 0.025765324 
640 131 20 31 0.025735017 
236 35 8 7 0.02559456 
293 524 23 27 0.02558306 
295 470 26 26 0.02556998 
294 493 8 9 0.025567258 
324 444 27 29 0.025303388 
5 17 323 365 0.02530092 
294 357 28 30 0.025291564 
288 463 6 6 0.025238307 
152 308 50 43 0.02521055 
225 37 5 5 0.025168786 
181 560 28 26 0.0251001 
343 346 193 176 0.025059491 
277 456 5 7 0.025014495 
34 7 175 194 0.02490159 
104 219 68 55 0.024807503 
301 464 6 6 0.024791315 
110 488 82 80 0.024778603 
122 566 5 7 0.024742331 
98 372 77 105 0.024734497 
638 115 9 11 0.024714839 
294 384 7 10 0.024669053 
284 443 30 28 0.024663411 
293 474 9 10 0.024650821 
125 501 45 42 0.024519136 
228 583 82 88 0.02450408 
207 111 12 11 0.02444725 
148 384 6 8 0.02438081 
1014 128 9 12 0.02436585 
997 127 22 31 0.024356063 
694 311 25 26 0.024298392 
242 562 9 11 0.024212446 
1016 88 9 14 0.024209108 
313 519 8 8 0.02419653 
126 500 23 23 0.024035236 
334 647 6 8 0.02395507 
540 497 21 26 0.023914522 
372 564 49 53 0.02390017 
154 101 6 9 0.023895936 
659 134 27 32 0.023826255 
296 598 5 6 0.023810899 
309 553 21 25 0.023797423 
289 489 7 8 0.023757638 
528 489 4 5 0.023752932 
8 311 11 12 0.023744699 
529 233 89 90 0.023717472 
84 441 172 169 0.023715684 
296 603 5 9 0.023691256 
293 579 9 15 0.023690697 
258 34 31 27 0.023683986 
383 446 102 115 0.023675265 
296 640 23 32 0.023668328 
933 -2 93 80 0.023662083 
350 435 11 16 0.023639223 
901 443 55 46 0.023601828 
984 200 52 64 0.0235179 
256 165 366 334 0.023408487 
116 308 14 13 0.0234055 
180 588 31 34 0.023396268 
655 121 19 24 0.023348536 
154 434 28 37 0.02334636 
1008 78 8 12 0.023321241 
714 38 437 341 0.023304218 
995 86 9 11 0.02328228 
545 499 7 9 0.023274997 
307 520 8 8 0.023255209 
287 480 7 8 0.023221219 
217 67 10 8 0.023213753 
431 259 54 64 0.02318596 
199 508 22 26 0.02313156 
193 483 5 6 0.023078613 
0 466 35 71 0.023024369 
649 301 84 68 0.022973273 
237 313 24 24 0.022953277 
660 122 8 8 0.022925137 
265 428 60 52 0.02292065 
543 505 9 11 0.022870727 
404 599 26 40 0.022857027 
647 219 22 38 0.022840934 
288 469 6 6 0.0228089 
343 427 22 28 0.022803508 
193 105 6 6 0.022782315 
275 591 8 9 0.02274194 
198 482 5 7 0.022677943 
216 71 12 11 0.022663247 
205 489 6 7 0.02263959 
97 294 12 12 0.022592677 
338 635 6 9 0.022589434 
584 74 83 96 0.02258063 
341 441 23 30 0.022574892 
281 456 6 8 0.022569476 
366 482 8 14 0.022539703 
154 110 6 9 0.022530833 
235 26 10 10 0.022484602 
266 605 28 38 0.02236948 
146 513 8 9 0.02232198 
554 516 49 64 0.02231898 
282 475 8 8 0.022252599 
312 380 24 31 0.022252444 
633 116 7 12 0.022220708 
230 35 8 7 0.022174807 
290 392 7 8 0.022094967 
153 225 31 31 0.022075541 
346 547 5 6 0.022068072 
256 38 64 43 0.022051051 
374 616 14 19 0.022046572 
93 438 96 85 0.022030603 
145 571 7 8 0.02198798 
358 441 7 11 0.021945814 
205 482 6 8 0.021945206 
529 350 54 61 0.02190301 
526 370 24 34 0.021889428 
210 53 27 26 0.02183656 
286 478 22 25 0.021808833 
84 287 24 23 0.021665398 
347 392 20 34 0.021651585 
145 213 28 28 0.021638338 
153 572 7 9 0.021588817 
227 95 14 14 0.021529695 
292 524 9 10 0.021500686 
159 200 24 27 0.021481598 
694 63 27 27 0.021464847 
293 582 21 32 0.021442484 
153 507 8 9 0.021370996 
5 624 212 258 0.021350188 
79 -158 258 151 0.02133522 
576 80 45 54 0.02121583 
265 534 4 7 0.021198826 
663 117 28 28 0.021163365 
597 306 23 31 0.021139555 
621 110 21 35 0.021067088 
199 271 5 7 0.021017773 
175 213 101 105 0.021016948 
562 479 25 28 0.021013761 
366 424 6 9 0.020981051 
44 323 25 26 0.020964818 
1000 75 8 11 0.020945383 
334 651 25 34 0.020926319 
303 419 13 16 0.020819673 
203 494 7 8 0.020818094 
297 565 22 29 0.020722779 
489 19 103 76 0.020705638 
449 610 91 69 0.020695752 
143 487 26 29 0.020691894 
211 489 6 7 0.020686427 
372 468 7 10 0.020683711 
104 390 30 33 0.020630077 
119 230 34 28 0.02062004 
304 379 11 13 0.020512827 
241 40 10 9 0.020451853 
254 14 31 29 0.02043785 
389 550 66 81 0.020390868 
922 434 29 25 0.02037912 
373 451 5 7 0.020376762 
175 102 26 27 0.020355161 
232 10 27 32 0.02029393 
386 604 15 20 0.020252954 
193 494 8 10 0.02025273 
110 254 14 16 0.020231264 
348 552 44 51 0.020219378 
711 400 107 75 0.020178432 
333 640 7 9 0.020136002 
280 479 8 10 0.020119883 
128 482 8 8 0.020105887 
155 116 6 9 0.020043109 
148 374 6 8 0.020017777 
364 413 8 15 0.020014254 
267 438 25 30 0.02000999 
