25_Soldier_Patrol_Soldier_Patrol_25_986
283
404 102 142 201 0.9975495 
179 386 171 352 0.4816218 
351 780 205 546 0.16551274 
129 94 550 877 0.098082505 
281 1518 122 225 0.06413324 
70 1518 231 260 0.06264691 
0 1366 90 131 0.060284406 
-430 58 282 401 0.05962764 
306 558 425 899 0.05405611 
24 1887 18 20 0.048096284 
319 712 148 288 0.04768596 
573 1115 120 215 0.04720631 
975 1012 692 1118 0.04666212 
219 1118 637 971 0.046622965 
608 1326 41 72 0.043714397 
630 499 58 108 0.04241088 
240 897 218 518 0.04049933 
1007 1252 9 15 0.039639495 
596 1297 126 217 0.038570087 
441 354 52 56 0.037122823 
179 1530 102 109 0.03631564 
994 1262 9 14 0.03603248 
613 470 9 13 0.035441183 
313 1614 53 85 0.035196003 
66 1888 9 12 0.035062343 
622 523 13 26 0.03463685 
985 1263 10 13 0.034620065 
761 -194 771 1037 0.034357265 
627 176 199 240 0.03432327 
595 468 11 16 0.03367073 
619 489 13 21 0.033181712 
626 434 8 10 0.032960832 
625 459 9 11 0.032367516 
544 1341 68 110 0.03226476 
282 346 20 30 0.032253403 
591 459 40 59 0.032237355 
-11 1500 124 269 0.031894553 
234 1314 311 526 0.03172688 
514 401 147 232 0.031718947 
743 1521 154 247 0.031465873 
672 1430 10 16 0.030976161 
507 1182 121 228 0.030759776 
64 1910 15 21 0.030646777 
667 1520 138 209 0.030541392 
611 454 10 15 0.030195408 
497 444 15 22 0.030095939 
614 436 6 11 0.029754601 
695 723 63 173 0.02974472 
574 456 12 15 0.029128868 
643 454 45 61 0.029092684 
528 1254 64 121 0.028994797 
293 1626 199 240 0.028892426 
44 1890 10 13 0.028871808 
612 448 43 55 0.028620167 
611 1646 68 128 0.028581655 
1219 0 423 405 0.028430915 
431 756 615 996 0.028369628 
677 284 191 220 0.028300881 
-80 1374 603 912 0.028192703 
1008 1201 12 24 0.027846733 
594 1285 13 24 0.027805882 
125 1360 185 215 0.027777577 
936 1672 10 14 0.027550345 
615 1274 38 56 0.027362887 
270 432 193 298 0.027303 
960 1263 9 12 0.02729546 
602 495 36 61 0.02724009 
13 1628 216 281 0.027237447 
899 1686 9 11 0.027196923 
938 1709 7 10 0.027128328 
-241 302 778 1114 0.02701153 
166 1586 12 17 0.026953755 
968 1276 11 16 0.026937163 
463 1299 140 224 0.026920946 
756 1338 172 221 0.026838165 
490 449 13 23 0.026734656 
298 1555 8 10 0.026667975 
320 1660 89 159 0.026607074 
618 1440 15 23 0.026601503 
461 377 48 56 0.0265222 
281 1472 19 24 0.026448162 
922 1661 9 12 0.02640341 
455 410 10 13 0.026212003 
530 474 37 51 0.026033869 
911 1191 10 13 0.026024947 
495 434 78 131 0.025945775 
7 1799 146 220 0.025656398 
628 531 14 26 0.025598142 
684 1433 7 11 0.025574524 
45 1899 11 15 0.025522748 
280 336 16 26 0.025429098 
271 339 17 30 0.02542218 
577 485 71 112 0.025256697 
-546 -154 384 1042 0.0251972 
398 1771 96 107 0.025051497 
439 407 11 17 0.025040591 
269 1475 18 22 0.025014516 
1 648 10 24 0.025014471 
-11 1200 298 506 0.025004502 
912 1670 10 13 0.024825972 
636 459 10 13 0.024779147 
794 1639 73 120 0.024770893 
193 572 86 192 0.024753366 
575 1263 10 15 0.02473274 
457 424 8 12 0.02468297 
579 1285 32 63 0.024672886 
769 1732 197 221 0.024654103 
557 440 45 56 0.024400856 
18 657 11 24 0.02430393 
628 470 9 12 0.024280064 
57 1889 9 12 0.024257142 
161 1597 13 19 0.024235548 
354 563 12 17 0.02416583 
619 1422 18 28 0.024133606 
213 1673 10 13 0.024113536 
579 1309 18 33 0.024089007 
542 1140 8 17 0.02404686 
576 1288 67 122 0.024022568 
952 1201 71 120 0.024020977 
646 1401 41 70 0.02393885 
-419 1176 299 789 0.023904694 
559 478 12 16 0.023866279 
477 1464 68 130 0.023858525 
607 1249 18 30 0.02385031 
551 480 10 13 0.023849243 
286 1494 10 12 0.023768049 
618 1238 42 52 0.023696935 
563 971 294 503 0.023690848 
766 1422 99 111 0.023658937 
440 397 12 15 0.023633206 
957 1615 64 107 0.0236323 
54 1557 333 488 0.023601541 
570 1393 74 133 0.023571055 
577 1275 9 15 0.023521837 
860 1380 165 234 0.0234922 
517 894 152 296 0.02345249 
960 1253 8 12 0.023385657 
562 1213 12 18 0.023334268 
633 1438 48 75 0.023325205 
18 1348 182 175 0.023292575 
150 1599 11 16 0.02324534 
805 1176 165 206 0.023179242 
926 1770 9 12 0.02316387 
585 1275 10 16 0.023151256 
599 1274 12 20 0.023138922 
467 399 11 12 0.023050534 
367 562 13 19 0.02300334 
804 1352 87 115 0.023002824 
1155 1654 183 219 0.022992084 
499 405 12 17 0.022982167 
636 445 8 11 0.022945845 
452 396 13 16 0.022914516 
615 1227 9 14 0.022897685 
973 1260 11 15 0.022883005 
562 494 10 14 0.02288117 
447 1050 140 318 0.022769146 
859 502 37 42 0.022705588 
263 1526 8 13 0.022644646 
561 1081 10 20 0.022642007 
300 1461 42 66 0.022608887 
635 435 8 11 0.022597088 
906 1712 40 58 0.022577433 
363 1127 62 186 0.022541936 
484 366 40 54 0.02249003 
872 1551 11 15 0.022430774 
491 428 39 51 0.022401663 
541 443 73 124 0.022340799 
561 457 12 15 0.022339253 
684 902 129 250 0.02232784 
608 1325 17 33 0.022280607 
498 353 82 105 0.022269359 
629 517 14 25 0.022235654 
698 1434 7 11 0.022193445 
601 1249 12 19 0.022167213 
563 1241 8 12 0.022145772 
972 1253 9 13 0.022134416 
340 596 14 21 0.022116795 
72 1376 38 57 0.02211358 
623 1279 17 29 0.022111455 
510 444 13 16 0.022085711 
273 1613 11 14 0.022069575 
596 541 11 17 0.0220645 
667 1317 14 22 0.022054002 
527 445 11 14 0.022010526 
690 1687 79 111 0.02198337 
624 481 10 16 0.021957632 
597 423 37 59 0.021953948 
79 1888 10 13 0.021952074 
587 1287 12 21 0.021869725 
633 499 14 24 0.021852324 
617 962 142 293 0.021832222 
500 385 11 16 0.021819742 
-13 118 173 279 0.021811256 
609 1525 11 15 0.021732422 
529 505 9 14 0.021717632 
603 1543 132 202 0.021709625 
1010 1242 8 14 0.021699352 
200 1550 44 53 0.02165203 
686 1448 5 8 0.02165109 
600 1383 46 75 0.021646354 
560 514 16 23 0.021641733 
4 651 14 33 0.021619877 
571 1451 15 18 0.021583322 
768 1290 7 11 0.021557698 
857 1140 42 48 0.021501316 
82 1369 12 18 0.02150076 
602 1416 78 154 0.021499401 
621 501 37 65 0.021495918 
88 1877 35 51 0.021478666 
517 1289 7 12 0.021469656 
361 491 9 17 0.021407867 
173 1455 13 16 0.021407291 
517 1264 7 13 0.021393603 
588 443 11 16 0.021367228 
-121 581 389 609 0.021360768 
655 1360 135 205 0.02135139 
587 510 13 22 0.021319216 
259 703 132 230 0.021317912 
939 1699 7 10 0.021305818 
429 413 12 21 0.021233523 
194 84 183 263 0.021231016 
585 1531 61 109 0.02121476 
344 548 12 20 0.021208653 
637 1648 176 253 0.021198554 
536 458 10 14 0.021191774 
590 1177 8 18 0.021174042 
604 1281 15 26 0.02115673 
407 218 160 202 0.021137584 
553 1090 9 22 0.021122588 
244 1883 14 22 0.02107748 
94 1885 15 19 0.02105908 
504 1227 9 14 0.021022454 
58 1899 10 14 0.021008529 
538 1250 9 17 0.020998368 
385 565 9 15 0.020996401 
923 1674 8 10 0.020980004 
837 1250 12 15 0.020978138 
560 1323 42 68 0.020973135 
731 1438 44 67 0.020972736 
540 1241 8 14 0.020958012 
587 1163 10 20 0.020935996 
212 1772 174 188 0.020902576 
589 1188 9 19 0.020821622 
809 1595 150 202 0.02081826 
612 446 8 13 0.020817338 
385 748 8 11 0.02078872 
592 503 13 21 0.020780442 
946 1249 11 14 0.020758979 
267 369 16 25 0.020743381 
129 1636 10 14 0.020715976 
462 381 17 18 0.02069061 
594 1232 34 55 0.02068802 
600 1306 34 61 0.020667443 
118 1495 8 9 0.020667326 
685 605 8 11 0.020657202 
267 1546 43 52 0.020622896 
160 1585 40 61 0.02060668 
563 1250 9 14 0.02058596 
213 1458 10 14 0.020517077 
632 484 16 23 0.02050391 
246 1477 41 57 0.020500923 
953 1773 73 132 0.02047195 
576 480 11 16 0.020419136 
511 431 12 17 0.020408945 
600 447 10 13 0.020394398 
528 1201 8 16 0.020394228 
727 1407 39 53 0.020372491 
571 1211 13 21 0.020352094 
677 582 43 63 0.020344188 
283 1566 44 57 0.02034169 
285 1541 10 12 0.020329762 
588 393 131 183 0.020300455 
642 1618 56 107 0.020273717 
499 480 10 15 0.020241646 
343 612 12 19 0.020234132 
551 471 10 12 0.020225156 
547 430 16 21 0.020180013 
913 1686 8 11 0.02015819 
578 1286 9 16 0.020126298 
296 1475 18 22 0.020103997 
689 1624 82 115 0.020033935 
47 1874 10 13 0.02003316 
552 1056 10 20 0.0200074 
