25_Soldier_Patrol_Soldier_Patrol_25_174
1514
111 34 29 34 0.9947871 
294 93 21 25 0.9917521 
372 85 21 23 0.9890505 
635 199 39 48 0.9874752 
391 169 37 31 0.97983354 
207 162 24 24 0.8002472 
254 128 10 11 0.7528751 
568 244 9 11 0.52086973 
334 103 23 18 0.33450055 
340 249 24 23 0.26976585 
643 381 23 27 0.20877165 
995 229 8 10 0.18088591 
345 294 35 41 0.17377141 
447 134 15 16 0.1645875 
876 3 5 5 0.14814174 
818 14 6 6 0.12936173 
284 173 16 18 0.12647825 
555 258 11 11 0.12366735 
122 265 8 12 0.120622784 
130 248 19 23 0.11397443 
761 39 7 8 0.10982387 
1018 206 6 8 0.10682194 
601 237 8 7 0.09974284 
602 77 6 8 0.09909102 
815 97 5 7 0.0961533 
248 101 10 13 0.09596243 
820 91 5 5 0.09587408 
186 179 13 13 0.09046413 
823 88 4 5 0.09030812 
233 55 3 4 0.08830411 
814 21 4 4 0.08663598 
853 55 5 5 0.08573503 
267 194 22 28 0.084663056 
854 69 5 4 0.08040541 
1007 247 5 6 0.08003939 
987 226 5 7 0.07968625 
262 101 6 9 0.07953386 
943 188 4 4 0.07850644 
505 179 15 14 0.07790973 
73 198 9 10 0.07789071 
226 49 3 4 0.07767387 
817 99 7 6 0.077660136 
812 131 6 8 0.077229135 
955 170 5 5 0.07701928 
957 209 3 4 0.07698405 
1012 245 5 6 0.07665564 
552 268 13 14 0.076525524 
998 215 5 6 0.07427325 
818 103 7 8 0.0722593 
891 1 5 5 0.071874745 
866 48 4 4 0.07140965 
72 212 12 14 0.0708953 
815 17 6 4 0.070157446 
766 92 9 11 0.06981945 
513 150 11 16 0.06939518 
786 53 5 6 0.06892032 
848 56 4 4 0.06878585 
1018 246 5 6 0.0687631 
685 66 6 5 0.06855825 
209 223 10 12 0.068379626 
322 60 5 6 0.06805117 
556 143 6 6 0.067315206 
988 221 5 6 0.06676525 
283 165 14 15 0.06631276 
802 34 4 5 0.06612514 
545 225 6 6 0.06527865 
1007 250 5 7 0.06457998 
812 33 6 6 0.06440625 
948 196 4 4 0.06420841 
272 101 9 9 0.06292831 
553 234 4 5 0.062718526 
511 117 8 8 0.06261931 
1019 252 5 6 0.06247408 
640 4 5 4 0.06244615 
309 74 5 5 0.062184803 
679 55 4 4 0.062096357 
840 56 3 3 0.061977938 
679 96 10 10 0.060156655 
860 36 4 4 0.060109787 
861 42 4 4 0.059851337 
21 197 24 25 0.05968298 
1008 99 8 8 0.05953002 
340 71 13 11 0.059304673 
558 365 43 44 0.05886412 
994 215 5 5 0.058596224 
828 81 3 3 0.058490925 
747 82 10 15 0.05836916 
961 171 4 4 0.05832397 
961 209 3 4 0.058206934 
865 62 5 4 0.057799846 
827 22 5 5 0.05763528 
387 131 27 21 0.057515476 
238 161 8 10 0.05729451 
724 106 4 5 0.057194278 
835 49 3 4 0.05715693 
679 61 6 6 0.056665216 
540 156 5 5 0.056391887 
143 3 6 7 0.05632519 
860 49 5 4 0.056171365 
809 34 4 5 0.055920634 
948 188 3 4 0.055607297 
653 54 4 4 0.05525589 
947 175 5 4 0.055019323 
749 3 5 5 0.05465185 
275 92 6 5 0.054482296 
742 16 6 7 0.0544147 
544 121 8 8 0.054374155 
539 162 7 7 0.05430577 
948 202 5 4 0.053871762 
816 94 4 4 0.053755604 
879 42 4 4 0.05366513 
1006 213 5 6 0.053619765 
634 10 5 5 0.053475954 
828 87 5 5 0.05328162 
845 86 4 4 0.05308266 
987 50 3 4 0.05277077 
847 49 3 3 0.052561343 
865 43 4 3 0.052537967 
133 199 11 14 0.052376837 
190 93 7 7 0.052368917 
963 163 4 4 0.052334983 
176 118 14 13 0.05218183 
180 138 18 15 0.052021794 
956 189 3 4 0.0519098 
730 85 6 6 0.051738963 
941 202 5 4 0.051594928 
858 54 5 5 0.0514118 
39 167 8 8 0.051090524 
884 41 5 5 0.051041864 
546 223 4 4 0.051005635 
992 220 5 6 0.050987132 
763 84 6 8 0.050894447 
955 203 4 3 0.050782137 
233 85 6 6 0.050585907 
998 234 7 10 0.05053082 
610 334 30 27 0.0504088 
865 36 3 4 0.05040551 
550 226 4 5 0.050355893 
847 3 3 4 0.050311368 
333 59 7 7 0.050180398 
846 80 4 4 0.0497056 
943 196 4 4 0.04964483 
853 49 4 3 0.049351867 
518 223 8 8 0.04933571 
234 120 11 9 0.049263887 
735 92 6 6 0.049249917 
533 219 6 6 0.04914761 
550 241 5 5 0.048993237 
874 37 4 3 0.048882604 
522 220 7 7 0.048772935 
848 61 4 4 0.048762273 
935 202 5 5 0.048735596 
532 156 5 6 0.048587482 
234 42 3 3 0.048570365 
693 61 5 5 0.048450697 
878 37 4 3 0.048423555 
944 176 4 4 0.048407014 
877 72 5 5 0.048281528 
653 50 4 4 0.048248343 
853 35 4 4 0.048226018 
950 208 4 4 0.04820433 
506 209 13 11 0.048120353 
663 108 8 9 0.048040476 
338 60 9 7 0.047998015 
212 53 6 6 0.047860727 
818 12 6 4 0.047808237 
935 225 7 9 0.047734357 
163 164 15 17 0.04756794 
842 81 3 3 0.04736226 
831 87 5 4 0.047330927 
975 170 3 3 0.047325507 
982 177 4 4 0.04728339 
782 35 4 4 0.047237314 
995 195 5 6 0.047194794 
513 184 13 12 0.047155783 
47 212 10 13 0.04715053 
239 55 3 3 0.046973333 
802 49 3 4 0.04691889 
887 25 3 3 0.046779107 
937 190 4 4 0.04671712 
238 67 4 4 0.046567667 
559 227 4 5 0.046513062 
572 216 4 4 0.04641763 
796 36 3 4 0.046400435 
268 115 8 9 0.0463189 
87 214 14 13 0.046215463 
762 36 5 5 0.046185832 
834 81 4 4 0.046137795 
771 47 4 6 0.046105236 
218 94 4 4 0.045774683 
750 36 5 5 0.045654804 
40 210 19 23 0.045564998 
768 84 9 11 0.04551691 
764 29 4 4 0.045258284 
766 41 5 6 0.045078896 
672 96 7 7 0.04507309 
308 238 14 17 0.04491362 
368 69 4 5 0.04484813 
884 3 5 4 0.044800844 
952 156 6 6 0.044719916 
915 4 5 4 0.044711433 
44 185 10 11 0.04451527 
853 30 5 4 0.044452436 
609 236 7 8 0.044431612 
550 244 5 6 0.044417463 
802 31 4 4 0.044391558 
808 42 3 5 0.0443857 
852 23 4 3 0.044105098 
1005 227 4 6 0.04410013 
33 28 31 30 0.044041686 
969 214 4 5 0.043885026 
27 168 5 6 0.04385077 
1011 259 5 6 0.043849006 
76 195 7 7 0.043787878 
570 220 5 5 0.043749515 
1019 258 5 6 0.04370449 
679 64 8 8 0.04366003 
551 154 7 7 0.043652244 
980 188 5 5 0.04342094 
240 50 2 3 0.04337207 
649 49 4 4 0.043319397 
148 30 3 4 0.043091767 
808 48 4 5 0.043043263 
968 177 4 3 0.042966727 
809 23 4 4 0.04290784 
937 195 4 5 0.042882472 
239 43 3 3 0.042815834 
247 56 3 3 0.0427907 
866 74 4 4 0.04277779 
835 56 3 3 0.04267846 
852 60 5 4 0.04256798 
834 22 4 4 0.04247766 
167 52 4 6 0.04238958 
538 220 5 5 0.042086557 
1010 252 4 6 0.042038523 
626 362 46 45 0.041980714 
886 10 4 5 0.041921537 
544 97 5 6 0.041867413 
678 92 9 8 0.041840065 
948 185 4 4 0.041778307 
571 197 4 4 0.04176572 
750 40 5 5 0.041737664 
620 2 5 6 0.041686356 
823 82 3 4 0.041522454 
783 48 4 4 0.041436944 
550 176 8 7 0.041397594 
743 29 5 5 0.041366905 
854 16 3 4 0.04133641 
961 214 5 5 0.041290086 
976 196 4 4 0.041073278 
557 233 4 5 0.04099903 
852 95 4 4 0.04099865 
840 62 3 4 0.040997207 
956 213 5 6 0.04094193 
853 80 5 4 0.040927038 
692 65 6 6 0.040901855 
1014 116 8 8 0.04088348 
176 145 12 11 0.040851925 
890 42 4 4 0.0406356 
2 118 4 8 0.040530287 
943 184 3 4 0.040513817 
879 49 3 4 0.04049687 
233 61 3 4 0.04035312 
976 164 3 4 0.040331893 
1007 233 5 6 0.040302355 
840 50 3 3 0.040234536 
949 172 4 4 0.040155064 
955 185 4 3 0.04015028 
1006 209 4 5 0.040061202 
714 89 9 9 0.039943684 
840 74 4 4 0.039929945 
208 93 4 4 0.03983057 
40 164 7 6 0.039807133 
803 42 3 4 0.039768208 
685 62 4 5 0.03976489 
-21 -170 188 161 0.039688494 
796 49 4 4 0.039684154 
846 67 4 4 0.039648134 
590 232 6 6 0.039612137 
225 74 4 4 0.039609227 
848 76 4 4 0.03958652 
825 89 8 7 0.039585125 
717 105 5 4 0.03946744 
272 164 12 12 0.039440744 
234 67 4 4 0.03941947 
695 104 6 7 0.03937885 
12 130 5 6 0.039280683 
31 169 7 6 0.03919986 
803 54 4 5 0.03916662 
969 290 12 7 0.03916232 
1010 200 6 6 0.039149422 
51 28 6 7 0.039103385 
356 72 7 7 0.03909672 
899 37 3 4 0.039081797 
976 177 3 3 0.039075024 
293 34 8 9 0.03905989 
15 126 4 5 0.039020233 
753 89 8 11 0.039014354 
337 64 11 9 0.038960695 
839 97 6 5 0.038925502 
32 163 5 5 0.038888562 
370 68 5 5 0.038850043 
782 44 4 4 0.03883849 
583 237 8 9 0.03877504 
704 40 5 5 0.038766 
699 74 5 6 0.038714346 
1006 188 5 5 0.038695406 
898 42 4 4 0.038682982 
906 9 4 4 0.038654923 
645 16 6 5 0.038650546 
334 85 7 7 0.038599346 
424 66 11 8 0.038591728 
820 22 5 4 0.038412914 
853 72 6 5 0.03840416 
690 9 6 6 0.03820006 
252 410 11 10 0.038147897 
526 233 7 6 0.03804849 
211 48 5 5 0.038042195 
540 228 5 4 0.03803175 
635 4 4 4 0.03802293 
652 63 8 9 0.03801296 
0 134 5 9 0.037982754 
245 68 3 4 0.03792888 
239 63 3 4 0.0378201 
501 173 14 12 0.03780102 
539 152 5 5 0.037779767 
169 50 2 4 0.037742753 
853 3 4 4 0.037723854 
200 148 28 28 0.037689548 
278 116 9 9 0.037651185 
683 77 10 10 0.037604682 
337 66 24 22 0.037533563 
316 61 4 4 0.037518423 
532 174 8 9 0.037518404 
220 123 6 7 0.037511114 
794 98 6 7 0.037471987 
300 60 6 8 0.03744233 
791 36 3 4 0.03743564 
533 215 6 6 0.037415795 
876 7 6 5 0.0374143 
826 104 8 7 0.037412792 
542 168 6 6 0.03737635 
759 142 7 9 0.03737416 
251 80 4 4 0.037360493 
250 75 5 4 0.037352256 
825 99 8 7 0.037348002 
576 221 5 4 0.037338823 
836 93 6 6 0.037282705 
737 2 4 4 0.037280124 
610 227 5 5 0.03723275 
1003 113 23 22 0.03722892 
225 165 12 13 0.037212294 
954 220 5 6 0.03716904 
788 49 4 4 0.0371672 
949 157 5 5 0.037157014 
757 35 5 5 0.037093855 
859 16 4 3 0.037083693 
763 91 8 9 0.037070174 
246 62 3 3 0.037005633 
705 37 5 4 0.036976263 
919 37 4 4 0.036945924 
846 17 3 4 0.036890376 
813 124 5 6 0.0368887 
148 16 4 6 0.03683429 
367 71 5 6 0.036812134 
339 54 7 6 0.03680466 
272 55 4 4 0.036790434 
1010 233 6 7 0.036774468 
694 56 3 4 0.03675637 
1012 241 5 5 0.036690257 
889 11 5 4 0.03667452 
667 91 6 6 0.036642693 
974 214 4 4 0.0366064 
816 88 3 4 0.036597174 
12 173 6 7 0.03659592 
826 17 4 4 0.03656798 
685 2 5 5 0.036455702 
858 31 4 3 0.036422156 
670 93 7 6 0.036390707 
942 214 6 7 0.03637533 
774 47 5 6 0.03635896 
819 135 8 7 0.036306653 
642 10 4 4 0.036294118 
544 103 6 6 0.03623041 
629 36 6 6 0.036198758 
993 225 6 7 0.036175426 
685 104 7 7 0.036162917 
179 123 22 20 0.03605733 
521 56 4 4 0.03604818 
525 65 5 5 0.03603243 
853 43 4 3 0.036024306 
687 82 10 10 0.03598964 
905 17 4 3 0.035927854 
270 93 5 6 0.03589695 
532 163 6 6 0.035871737 
571 233 5 5 0.035871454 
853 100 4 4 0.035832316 
719 3 4 4 0.035807498 
827 76 4 4 0.035743725 
298 73 3 5 0.035650805 
974 222 5 5 0.03564856 
650 55 3 3 0.035586562 
981 226 4 5 0.0355488 
68 193 8 8 0.035526525 
986 53 5 4 0.035496995 
866 9 4 4 0.03549012 
231 74 4 4 0.03547035 
963 176 4 4 0.03546962 
52 168 6 7 0.035448153 
659 96 8 9 0.03542548 
1003 102 11 11 0.035408366 
442 102 8 7 0.03540054 
551 150 6 5 0.035343766 
867 5 3 4 0.035339095 
550 120 6 6 0.03529889 
761 96 9 9 0.035280988 
269 62 4 5 0.035115622 
696 98 6 8 0.0351075 
971 237 6 7 0.035031054 
543 174 9 8 0.03502471 
732 3 3 4 0.03498204 
814 30 4 5 0.034977943 
841 4 3 3 0.03495876 
36 27 10 10 0.034924556 
27 164 5 5 0.034855366 
157 47 3 5 0.034841713 
808 29 4 5 0.034830116 
660 93 6 6 0.03482201 
834 18 4 4 0.034798402 
8 51 8 11 0.03479309 
796 41 3 4 0.034751497 
229 222 15 24 0.034734145 
857 72 5 5 0.034723897 
30 173 8 8 0.034681045 
808 53 4 6 0.034615934 
696 66 5 6 0.03460579 
75 265 8 13 0.03458378 
962 183 4 3 0.034563217 
995 53 6 7 0.03454878 
933 222 7 7 0.03450993 
968 172 3 3 0.034506604 
819 132 6 6 0.034457847 
165 135 8 9 0.034456123 
515 43 4 4 0.034424644 
699 3 6 5 0.034396663 
332 76 22 20 0.03437844 
122 286 12 16 0.034335755 
592 58 8 9 0.03433297 
221 41 3 4 0.034323633 
691 99 8 9 0.03428898 
233 50 3 3 0.03426921 
705 15 5 4 0.03425213 
14 34 5 6 0.03423148 
950 4 5 4 0.034160305 
230 142 7 7 0.034159094 
547 240 5 6 0.03415421 
565 227 4 5 0.03414612 
758 40 6 6 0.034114033 
566 196 4 4 0.034109663 
988 215 4 4 0.034034975 
795 61 4 5 0.03400876 
820 42 5 4 0.033986602 
774 73 6 7 0.033935495 
633 358 21 23 0.033917718 
288 85 4 6 0.033916846 
221 74 4 4 0.033914376 
8 130 5 7 0.03391255 
700 47 5 5 0.03385999 
935 170 4 4 0.03383278 
866 18 3 3 0.033819117 
332 71 9 8 0.033691704 
903 3 5 4 0.033689678 
956 175 4 4 0.033658285 
226 62 4 4 0.033623245 
790 42 3 4 0.033608582 
813 42 5 4 0.03359941 
807 16 4 4 0.03357236 
556 245 6 6 0.033470664 
760 104 8 8 0.033470392 
870 48 5 4 0.033465825 
252 86 5 6 0.033396136 
555 252 10 11 0.033376794 
820 48 4 5 0.033368334 
833 91 7 6 0.033353608 
835 66 4 4 0.03325321 
1007 239 4 6 0.033241995 
841 11 3 3 0.033213515 
969 209 4 4 0.033192605 
264 208 16 19 0.03319218 
593 97 7 8 0.03318087 
570 227 5 4 0.033174213 
213 93 5 5 0.03314749 
532 61 5 5 0.033135604 
796 31 3 4 0.033113632 
744 3 5 5 0.03311085 
809 130 6 8 0.033102304 
858 5 4 3 0.03302582 
333 79 9 8 0.033019327 
551 222 4 4 0.032995235 
674 54 5 4 0.032978114 
240 162 11 13 0.03296378 
872 23 4 4 0.03295688 
14 113 3 4 0.03294744 
835 63 3 3 0.032931685 
252 62 3 4 0.03291587 
593 2 7 6 0.032913487 
532 150 5 7 0.032901347 
891 24 3 4 0.03288398 
994 210 4 3 0.032877292 
886 27 4 4 0.032824725 
521 132 10 12 0.032824587 
309 62 4 5 0.032803863 
863 53 5 5 0.03277273 
886 38 3 3 0.03276539 
519 43 4 4 0.032713294 
858 10 4 5 0.032706365 
811 52 6 6 0.03268139 
65 188 8 8 0.032679413 
46 55 13 12 0.032648414 
510 48 3 4 0.032640494 
245 86 5 5 0.03246764 
512 47 5 5 0.032463294 
707 130 5 7 0.03245726 
789 60 4 6 0.03245184 
231 118 9 8 0.032371063 
329 59 5 6 0.032341365 
974 190 5 4 0.032335825 
229 148 8 8 0.032214787 
565 204 4 3 0.032160826 
731 107 6 5 0.03211699 
22 34 10 12 0.03210554 
955 196 4 4 0.03210471 
738 21 5 5 0.032081142 
238 74 4 4 0.032042947 
205 61 5 6 0.031996377 
687 111 5 5 0.031978488 
936 209 4 4 0.031965878 
188 123 11 12 0.031953353 
537 118 5 7 0.031925358 
257 62 4 4 0.031891376 
545 149 5 5 0.031865004 
264 49 4 4 0.03184483 
757 30 4 4 0.03184049 
22 176 5 7 0.03183739 
968 182 4 4 0.0318178 
840 87 5 4 0.031744234 
422 70 10 8 0.0317399 
545 234 5 4 0.0317313 
860 23 4 4 0.031721447 
988 177 3 3 0.03170911 
917 40 4 4 0.03170826 
386 89 11 13 0.031669572 
878 70 4 4 0.03164148 
214 105 4 5 0.031613745 
840 67 4 4 0.031580362 
815 11 5 4 0.03156827 
873 43 4 3 0.031553425 
238 142 10 10 0.031529784 
321 65 6 6 0.031513274 
997 157 9 10 0.031478077 
699 61 4 5 0.031477585 
277 88 4 4 0.03141966 
59 159 28 27 0.031368908 
646 22 5 4 0.031367656 
563 207 5 4 0.03130074 
658 54 5 4 0.03126222 
849 137 12 10 0.031261243 
763 83 17 22 0.031257395 
178 177 13 14 0.031242166 
266 62 4 5 0.031189688 
878 23 4 4 0.031155374 
41 184 20 22 0.031152045 
768 65 6 7 0.031070119 
201 250 16 15 0.031067306 
230 111 7 6 0.031010242 
0 20 5 9 0.03100348 
333 56 6 5 0.03097619 
539 232 5 5 0.030935753 
6 124 5 6 0.030904977 
661 50 4 4 0.03090306 
572 202 4 4 0.030862331 
854 11 4 4 0.03085734 
847 30 4 4 0.030844864 
21 27 6 6 0.030841898 
247 50 2 3 0.030809334 
527 166 6 9 0.030778805 
336 82 11 10 0.030710744 
979 222 4 5 0.030702155 
941 208 5 4 0.030639553 
224 81 5 4 0.030623043 
969 164 3 3 0.030613504 
253 172 11 11 0.030603461 
960 2 7 6 0.030571371 
864 225 7 6 0.0305086 
842 17 3 4 0.030480554 
445 104 8 6 0.030480362 
499 69 5 5 0.030445792 
16 100 4 4 0.030392539 
676 75 12 11 0.030386891 
582 227 5 5 0.030375704 
982 48 4 4 0.030373167 
930 196 4 4 0.0303668 
921 232 6 7 0.03036211 
872 9 4 4 0.030352866 
538 122 7 8 0.030348448 
564 62 7 6 0.03032786 
297 65 5 7 0.030324284 
404 109 13 12 0.030318893 
939 229 7 8 0.030289022 
3 104 4 6 0.030287566 
34 200 14 19 0.030234845 
270 256 17 24 0.030227978 
613 86 6 6 0.030222077 
711 3 5 5 0.030215811 
859 82 4 3 0.030203868 
282 103 6 7 0.030185992 
698 111 4 6 0.030146422 
295 60 7 8 0.030133715 
1020 240 4 6 0.030107945 
847 44 3 3 0.03000969 
452 110 10 8 0.030002043 
150 43 3 4 0.029989544 
860 101 4 3 0.02992879 
944 171 3 4 0.029853808 
848 35 4 4 0.029848019 
207 55 4 5 0.029820623 
285 86 4 5 0.029812418 
8 170 5 6 0.02981139 
802 143 4 6 0.02977583 
986 190 4 4 0.029758552 
162 48 3 4 0.029731316 
1011 213 6 6 0.029697787 
643 15 5 5 0.029684024 
527 62 4 4 0.029680245 
300 54 7 6 0.029655797 
897 48 4 4 0.02965509 
743 95 8 9 0.029638238 
443 116 14 11 0.029633999 
763 4 4 4 0.0296198 
867 23 3 3 0.029562764 
986 195 5 5 0.029542746 
768 77 9 10 0.02953811 
923 3 5 4 0.029530885 
980 196 4 4 0.029455427 
773 78 7 9 0.029452756 
255 86 5 6 0.029427584 
258 50 3 3 0.029420596 
668 16 5 4 0.02940035 
717 15 5 7 0.029395161 
5 66 7 8 0.029379671 
923 220 4 5 0.029374229 
737 87 23 23 0.029371748 
245 93 4 7 0.029349227 
219 61 5 5 0.029347058 
562 247 11 12 0.029319314 
895 1 6 5 0.029316764 
912 24 3 4 0.029316673 
226 68 4 4 0.029305136 
244 98 6 8 0.029302927 
677 111 6 6 0.029298754 
284 244 14 19 0.029295983 
558 240 5 5 0.029275527 
331 63 10 9 0.029271476 
808 11 5 4 0.029256132 
578 203 3 4 0.02925346 
225 52 4 5 0.029238934 
661 323 12 14 0.029233636 
738 0 4 3 0.029231539 
768 36 4 5 0.029220574 
221 49 3 5 0.029208098 
1000 209 5 4 0.029204927 
911 0 4 2 0.029183608 
513 211 10 9 0.029168123 
904 0 4 3 0.029164182 
808 122 5 8 0.029157497 
724 3 4 4 0.029098436 
953 252 7 7 0.029082483 
915 232 6 7 0.029073361 
672 50 5 4 0.029073073 
558 222 4 4 0.029036667 
271 97 6 8 0.029030845 
732 97 6 6 0.029025273 
353 67 7 6 0.029010534 
988 209 3 3 0.029004121 
521 48 3 4 0.029000845 
169 42 3 3 0.028984932 
189 117 9 10 0.028958 
0 195 5 7 0.02893411 
917 0 4 2 0.028911645 
220 81 4 4 0.0288973 
819 35 5 5 0.028880067 
758 603 26 25 0.028876053 
225 86 5 4 0.028828088 
981 183 4 4 0.028802015 
859 61 4 4 0.028797 
809 95 3 4 0.028777558 
829 56 3 3 0.028763333 
840 22 4 4 0.028761946 
6 45 8 10 0.028755207 
778 36 3 4 0.02874779 
542 157 6 6 0.028744496 
829 4 4 4 0.028725125 
987 203 4 3 0.028725013 
749 15 6 5 0.028715137 
776 24 4 4 0.02871222 
777 43 4 4 0.02870333 
314 68 4 4 0.02864577 
670 60 8 7 0.028626274 
432 112 25 22 0.028625557 
717 99 5 5 0.028595533 
905 41 3 4 0.028590653 
612 349 21 27 0.028566929 
553 302 27 27 0.028549999 
720 72 10 10 0.028516669 
838 105 6 5 0.028513702 
233 81 4 5 0.028508518 
914 9 6 5 0.028493011 
405 79 7 6 0.028492898 
660 15 4 5 0.02846083 
282 93 5 5 0.028448066 
725 50 4 4 0.028429164 
319 74 6 6 0.028365968 
227 44 2 3 0.028361853 
941 217 7 8 0.028348748 
953 3 5 4 0.02833781 
962 203 3 4 0.02832093 
660 2 6 5 0.028313885 
446 111 11 8 0.028296407 
379 62 4 5 0.028289774 
742 33 5 5 0.028289126 
704 23 5 4 0.028277494 
561 207 4 4 0.028274197 
342 59 10 7 0.028257849 
732 0 4 3 0.028246406 
220 68 4 4 0.028244557 
993 183 4 5 0.02820236 
530 208 6 5 0.02817635 
546 144 5 6 0.028166441 
1014 147 10 11 0.028165327 
741 20 6 6 0.028164241 
13 29 5 5 0.028144298 
918 220 4 4 0.02809008 
754 79 7 9 0.028076727 
678 101 9 10 0.028049102 
271 87 3 5 0.028045598 
949 243 6 8 0.02803525 
840 36 4 4 0.028028512 
351 60 7 6 0.028008461 
828 48 3 4 0.027993068 
750 143 6 7 0.027988866 
683 73 8 7 0.02797296 
651 365 24 25 0.02797069 
25 174 7 9 0.027945383 
31 55 9 7 0.027927093 
572 137 5 6 0.027923416 
28 186 21 25 0.027917976 
558 168 6 5 0.02789979 
572 209 4 3 0.027841125 
645 10 5 5 0.027826589 
757 23 4 5 0.027819598 
545 95 5 4 0.027812572 
11 40 6 7 0.027799599 
711 85 9 10 0.0277965 
51 37 8 9 0.02773979 
714 105 4 5 0.027729083 
937 183 4 4 0.027686978 
274 177 31 36 0.027668111 
668 49 5 4 0.027660618 
431 91 10 7 0.027636763 
438 155 10 11 0.027624741 
668 55 5 4 0.02762092 
206 65 6 6 0.027595561 
866 101 4 3 0.027592272 
547 244 5 6 0.02759072 
1005 258 5 6 0.027561964 
578 208 3 3 0.027531894 
769 29 5 4 0.027517872 
226 95 4 4 0.027490066 
30 46 30 24 0.027467385 
167 122 6 7 0.027464852 
763 24 5 4 0.027463334 
373 62 4 4 0.02745956 
56 67 9 11 0.027448151 
560 203 4 3 0.027435489 
615 80 4 5 0.027434604 
206 89 5 3 0.027422037 
301 65 5 6 0.027421225 
1003 48 6 7 0.027418038 
207 107 4 4 0.027404647 
52 164 5 6 0.027402883 
691 15 5 4 0.027401397 
163 54 3 5 0.02739248 
911 233 6 6 0.027391538 
813 48 5 5 0.027377892 
866 66 5 5 0.027377347 
628 86 5 5 0.027354477 
677 117 5 6 0.02734701 
853 86 4 5 0.02734562 
610 91 5 6 0.027337337 
928 239 6 6 0.027331995 
846 100 4 5 0.027331047 
578 227 5 5 0.027283918 
231 92 6 6 0.027242245 
771 53 4 6 0.027237877 
531 120 7 11 0.02723524 
1 155 4 6 0.027229855 
73 205 11 12 0.027221713 
389 491 31 26 0.027211525 
775 28 4 4 0.0271827 
872 69 5 4 0.027182044 
756 2 5 5 0.027128125 
558 118 4 4 0.02710581 
435 155 8 8 0.02708934 
774 97 6 8 0.027084554 
728 80 8 7 0.027082631 
664 96 9 8 0.027053699 
269 81 4 5 0.027030274 
6 33 6 8 0.027027529 
962 159 4 4 0.027025009 
743 108 8 8 0.027014885 
235 91 6 7 0.027005276 
930 245 6 7 0.027001606 
1 163 4 6 0.026971705 
739 16 5 7 0.026967274 
724 109 5 6 0.026958996 
703 3 5 5 0.026950741 
888 245 9 7 0.026934113 
846 10 3 4 0.026922472 
919 202 4 5 0.026909182 
591 228 4 4 0.026819559 
246 182 19 28 0.026814016 
981 214 4 4 0.02679759 
911 40 5 5 0.026790004 
962 220 5 5 0.026753148 
566 233 4 4 0.026747935 
841 29 3 4 0.026747847 
928 214 5 5 0.026727607 
712 48 4 4 0.026719091 
21 24 4 5 0.02671583 
575 239 7 7 0.02671039 
145 29 3 4 0.026701089 
44 28 9 8 0.026685424 
265 93 4 6 0.026652843 
879 31 3 3 0.026621044 
245 179 13 16 0.026620498 
828 43 4 4 0.026607858 
5 20 7 9 0.026600955 
642 78 8 7 0.026578369 
540 103 5 6 0.026573267 
-1 305 33 46 0.026570592 
700 37 5 4 0.0265523 
415 149 9 9 0.026550323 
220 88 4 4 0.026549794 
879 55 4 4 0.026521433 
538 113 5 5 0.026502768 
218 53 5 5 0.026502553 
796 55 4 4 0.026483182 
567 222 3 4 0.026458172 
266 81 4 5 0.02642303 
577 139 5 5 0.02642104 
1003 51 7 8 0.026395923 
738 28 5 5 0.026392262 
537 216 5 5 0.026304364 
736 111 6 6 0.02626297 
726 72 9 8 0.026251314 
525 214 8 7 0.026233342 
576 216 4 4 0.026229858 
651 60 8 8 0.026225578 
687 117 5 5 0.026222143 
890 48 5 4 0.026213786 
329 49 4 4 0.026205944 
1018 211 6 8 0.026191903 
346 55 6 5 0.026170805 
703 47 5 5 0.026155053 
512 113 6 5 0.026137484 
834 43 3 4 0.02612366 
319 92 8 8 0.026113888 
187 399 27 27 0.02610451 
730 132 5 5 0.02608737 
730 125 5 5 0.026080282 
330 55 24 20 0.026075091 
214 100 5 4 0.026059736 
782 29 4 5 0.026058003 
998 96 22 22 0.026037721 
1006 172 8 10 0.026027128 
555 156 6 5 0.025963653 
585 373 27 31 0.025961107 
510 121 8 8 0.025946954 
929 224 8 8 0.025926925 
551 105 6 6 0.025925355 
355 76 9 10 0.025911596 
825 108 9 8 0.025904281 
1018 3 5 6 0.025879985 
834 75 4 4 0.025866048 
329 65 7 7 0.025865715 
209 67 5 5 0.025852615 
518 3 5 4 0.025841977 
241 130 8 7 0.02584178 
226 138 5 5 0.0258319 
967 238 6 7 0.025816938 
936 213 6 5 0.025800584 
402 179 20 17 0.025799016 
52 173 7 8 0.025780734 
775 53 5 6 0.025772085 
912 28 3 5 0.02576851 
211 61 5 5 0.025736116 
915 16 5 4 0.02572247 
611 68 4 4 0.025718886 
924 28 3 4 0.025669731 
692 23 6 5 0.025644157 
975 209 3 4 0.025637079 
887 54 7 6 0.025613485 
252 90 6 8 0.025589267 
803 60 4 5 0.025574034 
827 11 4 3 0.025568834 
975 182 4 4 0.025564125 
568 117 6 5 0.025550496 
565 239 6 7 0.025537957 
227 143 5 5 0.025522366 
748 9 6 5 0.02551831 
717 76 10 9 0.0255082 
706 29 4 5 0.025498254 
815 4 4 4 0.025497248 
9 164 4 5 0.025492072 
575 233 6 6 0.025477406 
724 101 4 4 0.025452685 
74 30 4 6 0.025433393 
544 111 6 6 0.025432821 
321 87 6 6 0.02542611 
692 3 6 5 0.025418714 
96 13 5 7 0.025400052 
420 83 27 20 0.0253807 
313 73 5 6 0.025362706 
870 225 7 7 0.025318448 
235 136 8 7 0.025314894 
440 92 6 6 0.02529795 
982 203 3 4 0.025297504 
30 178 9 9 0.025276532 
847 0 3 3 0.025241353 
826 35 5 5 0.025240725 
523 184 10 10 0.025231078 
342 136 22 33 0.025230695 
239 101 4 4 0.025224667 
917 29 3 4 0.025212934 
241 135 8 8 0.025202237 
287 182 33 42 0.025196062 
783 23 4 5 0.025169766 
514 73 7 7 0.025142506 
289 81 3 5 0.025139714 
594 233 6 5 0.025115216 
7 57 7 9 0.025101246 
342 67 11 8 0.02507675 
808 98 4 4 0.025070557 
807 134 7 9 0.025057286 
0 66 6 9 0.02504809 
77 181 6 8 0.025034957 
541 172 20 20 0.025027977 
719 0 4 3 0.025026623 
393 258 15 15 0.025024626 
286 81 3 4 0.024991617 
948 219 5 6 0.024985071 
999 201 5 5 0.024959266 
666 370 15 18 0.024946496 
554 175 7 7 0.024937812 
186 250 8 10 0.024928443 
44 19 7 8 0.024927903 
971 234 6 7 0.024918111 
549 162 7 6 0.024915665 
700 42 5 5 0.024891285 
706 60 4 5 0.024887554 
930 189 4 4 0.024881965 
801 149 5 7 0.024873156 
763 9 5 5 0.024853433 
901 54 6 5 0.024834216 
981 53 5 5 0.024831336 
513 55 4 4 0.024827633 
725 131 4 5 0.024815254 
176 50 2 4 0.024813928 
64 180 9 7 0.024811344 
502 49 3 3 0.024804499 
591 363 14 14 0.02480232 
789 29 4 4 0.02479076 
56 28 5 6 0.02477458 
49 33 9 8 0.024768947 
981 170 4 4 0.024760908 
454 107 7 6 0.024755893 
963 189 4 4 0.02472745 
86 244 11 12 0.024723731 
320 79 5 5 0.02472285 
14 118 4 5 0.024718173 
679 50 4 3 0.02471553 
25 28 7 7 0.024701573 
982 208 4 4 0.024696445 
266 86 4 5 0.024689142 
954 164 4 3 0.02465067 
923 25 4 4 0.024636785 
820 28 5 5 0.024629276 
27 3 4 4 0.024595505 
1006 219 4 5 0.024594693 
671 16 5 4 0.02455738 
666 88 6 5 0.024544958 
706 67 4 5 0.02452643 
612 236 8 8 0.024523834 
1 175 5 7 0.024514021 
911 4 5 4 0.024513457 
348 76 12 11 0.024510097 
39 20 8 7 0.024508396 
898 30 2 3 0.02450045 
931 202 4 5 0.024498513 
304 181 20 24 0.024494253 
623 328 38 35 0.024473267 
328 72 6 7 0.024446843 
126 147 13 13 0.024420924 
928 221 6 6 0.02439502 
6 105 4 5 0.02439409 
739 43 4 4 0.024391504 
511 200 10 9 0.024373876 
730 109 6 6 0.024349812 
946 215 5 5 0.02430711 
899 24 3 4 0.024296492 
904 24 3 4 0.024281932 
79 211 11 13 0.024262113 
265 66 5 5 0.02426124 
801 157 4 7 0.024260696 
750 0 5 3 0.024246437 
277 160 12 14 0.024246411 
655 17 4 4 0.024242874 
902 48 5 5 0.024241805 
687 10 5 5 0.024220703 
722 92 6 6 0.024210151 
509 43 4 4 0.024208156 
596 221 4 4 0.024207326 
174 152 14 13 0.024204835 
764 81 5 6 0.024198681 
52 23 5 6 0.024195978 
891 37 4 4 0.02419019 
621 189 6 7 0.024185091 
526 155 6 8 0.024171904 
7 3 4 5 0.024161192 
923 215 4 4 0.024157112 
148 153 14 16 0.024142716 
603 227 5 4 0.024130423 
206 111 5 5 0.024125868 
302 73 4 5 0.0241096 
485 37 6 5 0.024088247 
253 114 9 12 0.02407138 
747 29 5 5 0.024070984 
538 129 7 8 0.02406159 
16 4 3 4 0.024056038 
916 23 4 5 0.02405346 
1001 184 4 4 0.0240534 
207 98 5 4 0.024045434 
502 144 10 13 0.024044992 
617 67 4 5 0.024030965 
909 219 6 6 0.024022333 
179 136 12 10 0.024010692 
13 22 5 6 0.023997191 
189 244 10 12 0.023950439 
744 8 6 6 0.023948165 
32 73 7 6 0.023947207 
897 53 5 6 0.023934059 
551 110 6 6 0.02392969 
920 256 8 7 0.023924325 
393 550 25 17 0.023918618 
719 50 3 3 0.023905639 
1005 138 7 6 0.023902638 
552 98 4 5 0.023899488 
1001 259 5 5 0.02388328 
1016 110 8 8 0.023875345 
251 68 4 3 0.023871114 
1014 219 5 6 0.023869444 
744 90 9 9 0.023840643 
255 97 8 10 0.023831934 
499 141 19 25 0.023819724 
1003 143 8 6 0.023814933 
1019 203 5 6 0.023813387 
712 35 4 4 0.023808999 
840 0 4 3 0.023807243 
659 10 5 5 0.023800401 
904 38 3 4 0.023792801 
192 86 5 5 0.02377589 
874 30 3 3 0.023774065 
433 104 9 7 0.023770373 
79 188 6 6 0.023749435 
1008 108 10 10 0.023707516 
1008 119 10 10 0.0236789 
1001 188 4 5 0.023667237 
794 86 5 7 0.023659015 
680 16 6 5 0.023628974 
712 30 4 5 0.023628004 
513 66 5 5 0.023622615 
226 217 13 17 0.023622015 
757 96 6 8 0.023619922 
829 68 3 4 0.023619918 
736 96 7 7 0.02357569 
909 48 6 6 0.02356168 
31 64 9 8 0.023555445 
38 173 7 8 0.023546617 
0 218 5 12 0.023540298 
529 127 8 10 0.023537075 
144 42 4 6 0.02352032 
357 68 6 5 0.02352031 
691 118 5 5 0.023513757 
756 105 7 7 0.023510266 
847 22 4 4 0.023479167 
106 14 4 6 0.023475826 
492 27 6 6 0.023432042 
729 22 6 5 0.023415748 
1005 181 6 7 0.023402357 
741 70 8 9 0.023383856 
206 80 5 5 0.023345264 
668 23 4 5 0.023339773 
559 165 5 5 0.023331197 
247 162 11 10 0.02331747 
23 9 3 5 0.023304425 
329 112 16 15 0.023304317 
114 230 9 11 0.02329967 
39 70 12 10 0.02329711 
917 208 5 6 0.02328929 
706 73 5 5 0.023285499 
45 501 440 349 0.02327875 
40 157 5 5 0.023277095 
801 66 5 6 0.02327475 
230 158 19 23 0.023256874 
572 131 5 5 0.023234138 
516 118 6 6 0.02322776 
841 42 3 4 0.023208981 
725 21 5 6 0.023197476 
273 50 3 3 0.023192694 
570 100 6 5 0.02318227 
1017 271 6 7 0.023181047 
252 55 4 4 0.023178741 
397 66 5 6 0.02317308 
769 16 5 4 0.023171661 
917 214 5 5 0.023166986 
610 87 5 6 0.023142435 
246 73 4 4 0.023134967 
296 54 19 22 0.023132918 
814 118 7 8 0.023130257 
731 119 6 6 0.023125665 
565 169 5 4 0.023123749 
737 131 5 5 0.023110537 
1000 145 6 5 0.023106327 
222 293 24 23 0.023104876 
258 54 4 3 0.023096804 
1018 53 6 7 0.023084877 
334 86 22 22 0.023080865 
49 44 9 9 0.02307722 
814 133 23 22 0.023075791 
226 116 22 18 0.023040945 
564 46 6 6 0.023039553 
739 602 26 26 0.023024928 
290 75 3 4 0.022997582 
801 138 4 6 0.022997268 
803 22 3 4 0.022994272 
237 80 5 6 0.02298524 
424 62 7 5 0.02298387 
820 4 4 3 0.022983506 
725 0 4 3 0.02297745 
564 139 5 4 0.022973288 
872 18 4 3 0.022973103 
724 663 70 33 0.022944262 
493 38 5 4 0.02292205 
272 73 3 5 0.022901563 
834 3 3 4 0.02289648 
733 56 4 4 0.02289576 
302 85 21 27 0.022894086 
236 113 7 6 0.022890192 
1006 93 6 6 0.022885773 
606 325 23 26 0.022880085 
712 43 4 4 0.02282547 
227 99 4 4 0.022811204 
771 23 4 5 0.02280839 
224 112 5 5 0.02279631 
585 203 3 3 0.022794165 
520 112 5 5 0.022792809 
38 75 9 8 0.022788722 
743 47 5 5 0.022783311 
972 274 9 9 0.022769514 
566 249 12 16 0.02275921 
666 28 5 5 0.022753472 
602 75 5 6 0.022737939 
297 273 10 11 0.022728743 
551 170 6 6 0.022709671 
684 56 5 4 0.022705777 
975 201 4 5 0.022680871 
366 60 5 5 0.022678336 
58 23 4 5 0.022672586 
429 88 9 7 0.022666918 
349 84 23 25 0.022662552 
769 60 5 6 0.022642594 
564 41 6 6 0.022608317 
21 125 4 5 0.022607205 
221 112 4 4 0.022596724 
499 55 5 4 0.02258138 
923 239 6 6 0.02256937 
307 78 6 7 0.022553412 
1 91 4 6 0.022552961 
847 93 4 5 0.022541547 
1010 188 6 7 0.022532351 
646 41 5 5 0.02253011 
549 135 8 7 0.02251554 
872 73 4 4 0.02250414 
604 168 4 5 0.022492902 
540 100 5 6 0.022491727 
604 130 5 5 0.022476638 
673 23 5 5 0.02245632 
531 90 8 8 0.02245439 
840 125 7 6 0.022450292 
506 2 5 4 0.022439538 
1006 195 5 5 0.022437556 
254 50 3 3 0.022422008 
379 67 4 5 0.02241848 
48 203 12 17 0.022416689 
769 3 5 4 0.02241217 
823 75 3 4 0.022396857 
236 128 9 9 0.022387886 
681 11 4 4 0.022383299 
641 74 7 6 0.022379925 
673 90 21 17 0.022353882 
775 2 5 5 0.022348288 
245 157 20 19 0.022340085 
925 14 5 5 0.02233449 
568 61 8 7 0.022326041 
829 98 8 7 0.022310225 
645 138 6 6 0.02228922 
707 11 4 4 0.022285452 
749 22 5 5 0.022266246 
698 17 5 4 0.022265024 
794 91 5 7 0.022261148 
738 49 4 4 0.022254404 
234 38 3 3 0.022250904 
540 208 4 4 0.022241997 
973 224 5 7 0.022229154 
265 55 3 4 0.022227822 
653 98 7 7 0.022216106 
555 180 7 7 0.022213224 
892 73 6 4 0.02219132 
726 55 3 4 0.022186287 
732 49 4 3 0.022174418 
679 21 5 5 0.022172548 
890 16 4 4 0.022151096 
628 81 5 5 0.022113405 
713 99 5 6 0.022106202 
735 87 7 6 0.02210126 
87 205 12 12 0.0220944 
486 40 6 5 0.022093797 
290 61 4 4 0.022090673 
647 29 5 4 0.022087017 
999 58 8 7 0.022081522 
508 66 5 5 0.022077676 
1017 8 6 6 0.02207624 
322 57 4 4 0.022069851 
654 23 5 4 0.02205914 
313 96 9 14 0.022054983 
238 157 6 8 0.022039864 
523 263 8 8 0.022039488 
997 143 22 19 0.02203397 
586 197 3 3 0.022033878 
886 16 4 4 0.022032218 
660 24 4 4 0.022013513 
682 3 4 4 0.022009553 
826 28 5 5 0.022004535 
435 296 25 31 0.021994118 
770 10 4 4 0.021994082 
746 105 8 8 0.02196432 
428 164 9 11 0.021963876 
699 119 5 6 0.021956604 
28 14 5 7 0.021942135 
725 60 5 5 0.02194031 
761 66 5 7 0.021939453 
654 29 4 4 0.021933367 
803 17 4 5 0.02192993 
648 94 4 4 0.021915598 
741 43 5 4 0.021914994 
33 23 7 5 0.021907285 
643 62 4 3 0.021891518 
524 171 9 10 0.021886008 
276 73 4 5 0.021884335 
391 250 8 9 0.021884069 
12 171 5 5 0.021880481 
937 4 4 4 0.021874532 
54 57 9 11 0.02186155 
704 124 6 6 0.021841925 
613 92 6 6 0.021836882 
654 110 24 23 0.02183334 
874 0 3 2 0.021831011 
1003 147 8 8 0.021829577 
208 47 4 4 0.021822166 
614 212 27 26 0.021814888 
556 105 5 5 0.021812527 
462 254 28 28 0.02180319 
807 117 6 8 0.021802418 
942 4 4 4 0.021792267 
633 40 6 5 0.021789549 
55 33 7 7 0.021787858 
290 182 15 16 0.021784283 
938 177 3 4 0.021773772 
975 159 3 3 0.021756787 
207 72 5 6 0.021735689 
763 15 5 5 0.02173233 
756 72 6 8 0.021719925 
232 100 4 5 0.021716673 
692 125 6 6 0.021703048 
149 242 10 13 0.021688929 
614 225 9 8 0.021676613 
245 81 4 4 0.02167583 
783 59 5 6 0.021665968 
695 128 8 10 0.021646485 
879 18 3 3 0.021629857 
835 36 3 4 0.021614522 
911 37 4 4 0.021595541 
725 85 23 21 0.021584094 
742 580 6 5 0.021583103 
584 158 5 5 0.02158127 
776 16 4 4 0.021560097 
845 133 5 4 0.02155953 
872 82 4 3 0.021557175 
884 72 5 5 0.02155369 
556 271 18 16 0.021539278 
461 241 26 23 0.021521006 
1016 59 6 8 0.021520007 
915 195 5 5 0.021509126 
533 66 5 5 0.02150213 
14 106 4 4 0.021497723 
532 105 5 5 0.021492576 
679 42 4 4 0.021489799 
704 117 5 7 0.02147258 
46 157 4 5 0.021461677 
557 138 5 4 0.0214447 
898 0 4 3 0.021393334 
621 94 4 5 0.02138955 
684 14 6 6 0.02138884 
691 28 6 5 0.021376623 
866 106 4 4 0.021354448 
801 97 4 7 0.021353068 
898 17 4 3 0.021351963 
129 16 4 5 0.021347295 
137 22 3 5 0.021344218 
704 112 5 6 0.021340197 
32 158 5 5 0.021334413 
29 74 5 5 0.021315921 
2 169 3 6 0.021307155 
988 45 20 24 0.021302558 
786 22 5 7 0.02128771 
200 112 6 6 0.021268975 
665 3 5 5 0.021268414 
0 2 5 7 0.021235857 
915 47 5 5 0.021225834 
309 68 4 4 0.021211585 
780 79 5 9 0.021190152 
288 55 4 5 0.021187922 
545 136 7 7 0.021183878 
546 216 4 4 0.02118378 
212 88 4 3 0.021177787 
149 22 3 4 0.02117627 
319 95 8 11 0.02116766 
963 196 3 4 0.021140317 
835 11 3 4 0.021140216 
699 29 5 4 0.021139115 
283 100 5 6 0.021123447 
231 106 4 5 0.021109505 
357 90 9 11 0.02109791 
965 254 7 6 0.02109692 
652 73 8 7 0.021095715 
794 74 5 6 0.02106977 
671 111 7 7 0.021068553 
692 110 5 6 0.021055551 
387 68 3 5 0.021048402 
522 538 24 25 0.021048201 
513 63 4 4 0.021046864 
220 119 5 6 0.021006433 
198 93 5 5 0.02100117 
642 106 3 4 0.020987207 
604 163 4 5 0.020986244 
653 145 7 6 0.020969253 
28 59 7 7 0.020953894 
829 62 3 3 0.020928318 
819 53 5 5 0.02091716 
558 94 5 4 0.0209143 
327 87 5 5 0.020906975 
29 9 4 6 0.02090629 
251 176 14 16 0.020901447 
315 78 5 6 0.020889156 
704 105 6 6 0.02088647 
886 49 4 3 0.020884493 
911 215 5 5 0.020879459 
602 370 23 29 0.020870095 
206 43 4 5 0.020864276 
774 102 7 9 0.020861706 
754 15 6 5 0.020855878 
988 169 4 5 0.020852247 
524 236 9 8 0.020845454 
969 160 3 3 0.020840261 
156 44 3 4 0.020817442 
789 99 5 7 0.020808162 
969 202 4 4 0.02080705 
285 76 2 3 0.02080348 
352 55 6 5 0.02080228 
982 44 3 3 0.020793002 
735 173 30 31 0.020792961 
526 47 5 4 0.020781988 
703 98 7 7 0.020761076 
412 71 28 20 0.020757822 
637 338 42 42 0.020748854 
635 15 5 4 0.020737603 
808 87 4 4 0.020729546 
910 17 3 3 0.020706305 
802 94 4 5 0.020700423 
612 369 12 16 0.020697739 
967 220 4 5 0.020688422 
797 157 5 8 0.020686015 
795 148 5 8 0.020681273 
515 206 8 8 0.02068123 
698 122 6 7 0.020681124 
559 197 3 4 0.020678325 
75 33 3 6 0.020670159 
687 125 5 5 0.020665156 
270 66 4 5 0.020655924 
789 65 5 7 0.020654775 
694 47 4 4 0.020632068 
55 187 9 8 0.020629326 
866 81 4 4 0.02062097 
885 0 4 3 0.02061563 
994 188 4 5 0.020610018 
428 79 9 6 0.020604683 
922 226 6 6 0.020603325 
584 222 4 4 0.020593902 
131 208 12 14 0.020592667 
13 158 5 5 0.020590998 
653 664 29 20 0.020586295 
230 138 6 6 0.020576725 
290 68 4 5 0.020573225 
246 171 12 14 0.020566216 
418 152 10 11 0.020562198 
509 55 4 4 0.02055567 
207 116 6 7 0.020555323 
1013 273 5 5 0.020554343 
192 81 5 5 0.020553878 
931 207 4 5 0.02053316 
196 123 7 9 0.020532953 
999 265 5 5 0.020531634 
585 97 5 6 0.020530464 
718 111 5 5 0.020530248 
927 232 7 8 0.020518763 
925 11 5 4 0.02050948 
993 98 40 46 0.020505331 
162 45 3 3 0.020468857 
7 275 12 13 0.020462563 
321 50 5 4 0.020462336 
690 72 6 6 0.020447746 
628 21 6 5 0.020445025 
596 237 8 8 0.020438956 
206 244 22 25 0.02043558 
652 372 12 13 0.020429026 
646 35 6 6 0.020416958 
447 100 6 5 0.020414727 
500 61 4 4 0.020407435 
273 110 9 9 0.02038259 
188 28 4 5 0.020382512 
563 142 7 5 0.020380963 
146 7 6 7 0.020378845 
820 123 5 6 0.020377051 
765 72 17 23 0.02036926 
59 179 21 22 0.020364719 
596 164 4 5 0.020362131 
455 99 6 5 0.020361423 
853 0 4 3 0.020358156 
257 80 4 4 0.020351434 
944 164 4 4 0.020344932 
805 60 5 6 0.020344585 
414 80 8 6 0.020341288 
871 55 4 4 0.020334288 
552 95 4 4 0.02032935 
28 80 4 5 0.020327974 
734 105 7 7 0.020315457 
709 134 7 8 0.020298036 
1016 105 8 8 0.020296533 
55 224 9 11 0.020285863 
525 110 5 6 0.020274743 
0 150 5 8 0.020251133 
288 91 5 7 0.020243743 
813 59 5 6 0.020232875 
219 99 4 4 0.020226663 
34 78 5 6 0.020211035 
439 141 12 13 0.020210097 
577 143 5 5 0.02020761 
945 46 9 7 0.020203892 
741 66 8 8 0.020202368 
116 277 5 7 0.020201027 
654 110 8 6 0.020187002 
594 168 6 5 0.020184705 
507 74 6 5 0.020180736 
634 48 5 5 0.020177772 
340 50 5 4 0.020160196 
157 17 3 4 0.020149037 
335 49 5 5 0.020144334 
21 245 7 8 0.020140158 
578 198 3 3 0.020138716 
49 182 9 9 0.020134449 
737 125 6 6 0.020122262 
532 143 7 7 0.02010446 
588 157 5 5 0.020100042 
211 137 7 6 0.020091949 
258 74 4 5 0.020070376 
699 371 23 34 0.020068778 
1018 98 7 7 0.020065436 
741 77 11 12 0.020064201 
719 137 5 7 0.020063668 
8 94 3 4 0.020045156 
794 141 6 8 0.020029431 
42 52 11 10 0.020025855 
765 642 10 8 0.02001708 
157 23 3 3 0.020007854 
