25_Soldier_Patrol_Soldier_Patrol_25_873
624
488 133 43 44 0.9991742 
748 109 24 26 0.99789053 
411 141 34 37 0.98421544 
104 206 15 16 0.9593719 
233 191 19 22 0.9535929 
330 182 14 14 0.8363438 
64 212 12 16 0.836307 
142 215 15 20 0.51645195 
568 143 35 31 0.31994835 
46 228 11 12 0.29341888 
465 379 19 22 0.27928728 
587 48 19 36 0.1829856 
677 83 13 22 0.13970265 
450 205 33 28 0.11993737 
412 375 29 25 0.11087458 
1007 72 13 15 0.10287923 
513 438 75 107 0.093670644 
220 199 11 15 0.088924445 
77 224 12 15 0.078440584 
74 213 10 14 0.0762871 
54 226 10 15 0.075442456 
460 303 20 24 0.07160274 
393 284 14 14 0.06818597 
212 295 21 19 0.06221257 
581 245 25 28 0.060941692 
780 105 14 13 0.06024455 
43 223 9 11 0.05945336 
377 280 26 23 0.059376962 
154 248 34 45 0.059080653 
417 351 17 12 0.05903264 
381 355 10 12 0.056627177 
262 359 29 35 0.056038424 
407 227 30 32 0.05574365 
408 202 22 18 0.05330395 
463 350 10 11 0.05317722 
401 350 9 10 0.051879764 
138 320 19 22 0.05179397 
372 256 27 21 0.05147894 
190 240 19 27 0.04743964 
564 24 26 22 0.047237426 
337 111 9 12 0.04682479 
476 86 21 24 0.046511084 
85 238 13 15 0.04645875 
502 440 12 15 0.046067506 
998 72 36 48 0.046008423 
412 328 15 12 0.04568155 
82 234 10 13 0.044752397 
401 344 8 8 0.04474851 
446 328 12 15 0.0438565 
558 51 12 16 0.043815155 
228 178 8 9 0.04302162 
675 98 18 30 0.042992383 
352 175 10 12 0.04286639 
340 193 21 21 0.04233269 
702 113 20 24 0.04222071 
590 257 24 23 0.04154881 
143 224 20 26 0.041502014 
680 118 21 30 0.04089306 
197 233 11 14 0.040883955 
61 223 10 15 0.040849734 
409 361 32 24 0.040676046 
424 389 11 10 0.04064138 
743 39 109 99 0.040213533 
362 159 9 11 0.04008666 
3 230 11 17 0.039975706 
728 2 42 47 0.039418977 
42 253 11 13 0.039392833 
384 346 7 8 0.03859396 
134 220 9 12 0.03856386 
484 346 11 13 0.038398262 
548 354 28 29 0.038229227 
-10 -236 486 265 0.03821855 
824 201 12 12 0.038064905 
781 64 5 6 0.037983116 
395 362 8 8 0.03789448 
461 441 10 13 0.03775007 
345 176 9 9 0.037589774 
45 247 9 10 0.03726628 
795 101 27 25 0.037034087 
1009 57 20 26 0.036976792 
427 119 9 14 0.036779407 
198 218 20 26 0.036540627 
155 264 7 12 0.036417406 
217 272 10 10 0.03636786 
881 -4 64 42 0.036234923 
548 145 20 24 0.036212392 
807 156 21 26 0.035830874 
592 55 33 50 0.035642568 
43 217 7 9 0.035396744 
365 283 20 27 0.035299186 
442 219 29 25 0.03523549 
146 280 10 14 0.035101514 
127 267 7 8 0.03504283 
390 348 21 22 0.035001572 
450 352 14 16 0.03495091 
773 70 7 8 0.034823295 
146 265 8 11 0.03470072 
592 511 11 14 0.034204204 
798 64 4 5 0.034000568 
315 126 14 17 0.033868175 
301 129 14 21 0.033770148 
407 327 12 10 0.033635184 
825 227 27 34 0.033569388 
190 267 10 14 0.033531494 
540 47 12 17 0.03349012 
605 133 14 20 0.03327821 
477 359 10 12 0.0332232 
463 93 12 20 0.03317876 
315 212 14 17 0.033157542 
230 172 6 7 0.03311287 
571 281 23 31 0.032911394 
169 192 24 24 0.03261179 
391 173 23 29 0.03258044 
368 294 10 14 0.032537363 
117 203 22 23 0.03246836 
126 227 9 11 0.032393888 
777 64 5 6 0.03239195 
602 206 378 291 0.032361604 
485 303 11 12 0.032356437 
396 357 9 10 0.032346755 
843 122 12 15 0.031965245 
598 11 17 17 0.03193354 
519 248 55 56 0.031630803 
384 313 6 7 0.031519126 
130 210 19 23 0.031458043 
671 88 10 19 0.03145058 
794 284 27 38 0.031449303 
333 108 8 10 0.03143352 
434 332 8 9 0.03143068 
376 345 19 23 0.031355307 
387 355 11 12 0.031311046 
236 363 8 9 0.031265292 
344 200 23 30 0.0312607 
593 523 10 11 0.031158207 
331 164 7 9 0.03107731 
483 -240 538 288 0.03106718 
148 257 19 26 0.03105489 
77 203 6 9 0.03087614 
423 250 47 44 0.030799424 
94 191 9 12 0.030791868 
139 263 9 12 0.030551912 
476 289 42 43 0.030548284 
767 64 7 8 0.030534778 
142 302 13 14 0.030511715 
783 59 4 5 0.030464426 
405 348 24 22 0.030408446 
78 197 6 9 0.03036005 
413 310 15 11 0.030277304 
288 167 18 27 0.030239252 
962 184 22 27 0.030066986 
606 526 11 13 0.030062677 
870 -9 30 24 0.029920818 
80 213 9 13 0.029882256 
999 210 12 12 0.029873991 
768 68 7 9 0.02980353 
125 194 13 15 0.029799731 
543 453 11 14 0.029755633 
976 125 41 40 0.029737683 
124 219 13 14 0.029737025 
238 369 11 13 0.029686673 
402 340 8 7 0.0296179 
12 233 7 13 0.029409032 
212 261 7 8 0.029330835 
468 172 18 27 0.029294694 
1000 0 25 27 0.029276758 
249 319 11 11 0.029268155 
564 0 23 19 0.029264586 
540 291 29 30 0.02924236 
378 311 7 8 0.029210284 
329 170 11 12 0.029168744 
151 267 23 31 0.029110482 
130 215 10 12 0.029087862 
770 79 10 14 0.028983925 
258 284 26 22 0.028974194 
555 367 26 33 0.028850544 
401 318 8 7 0.028838025 
126 274 9 9 0.028798051 
325 244 13 13 0.02879286 
144 231 35 45 0.02877865 
90 210 7 11 0.028698916 
768 57 7 8 0.02869302 
558 300 24 31 0.028636405 
966 249 26 27 0.02859892 
21 205 15 17 0.028452467 
527 415 23 26 0.028422102 
395 313 9 8 0.028247982 
345 126 9 12 0.028237332 
3 528 43 45 0.028148383 
-71 198 404 426 0.028106382 
39 230 8 9 0.028038759 
193 253 9 13 0.02796876 
216 268 8 10 0.027936447 
623 514 11 11 0.027894946 
200 237 12 17 0.02788113 
395 344 9 8 0.027728286 
127 262 7 8 0.027651906 
551 275 26 31 0.02760212 
388 349 11 11 0.027582688 
255 153 10 14 0.027469933 
502 310 12 14 0.027442561 
205 220 9 13 0.027404899 
389 159 8 11 0.02737315 
49 299 9 10 0.027351042 
132 277 20 25 0.027232397 
402 326 9 8 0.027176611 
817 137 26 32 0.027143314 
113 280 7 8 0.027113656 
407 356 12 11 0.027102143 
541 95 11 17 0.02706885 
579 430 31 34 0.026958039 
326 164 9 11 0.026952492 
497 63 9 13 0.026946155 
400 314 8 7 0.026921323 
456 349 19 21 0.026869131 
342 190 12 13 0.026832437 
563 10 27 21 0.026821107 
231 98 7 13 0.026791953 
238 173 4 5 0.026698222 
1013 78 12 13 0.026662948 
491 60 10 15 0.026616273 
514 269 13 15 0.026562832 
775 58 6 7 0.026552746 
385 320 5 6 0.026534112 
146 274 9 12 0.026532508 
356 201 24 31 0.026480211 
772 82 54 54 0.026434422 
602 88 20 35 0.026384491 
527 358 46 42 0.026365705 
406 350 10 10 0.026326107 
101 280 7 11 0.02631179 
522 311 12 14 0.026264908 
466 274 83 81 0.02625027 
981 217 11 10 0.026206022 
237 147 5 7 0.026181241 
420 53 25 29 0.026072538 
260 340 31 27 0.02606831 
761 56 7 9 0.026067613 
355 179 11 13 0.026061079 
971 261 24 28 0.026054133 
151 331 11 14 0.025982859 
791 92 23 23 0.025906902 
709 185 23 27 0.025879355 
483 314 13 14 0.02584469 
341 166 20 22 0.025815655 
498 391 28 26 0.025805362 
952 501 60 48 0.025779104 
432 370 10 10 0.025767872 
164 303 27 25 0.02576215 
236 180 6 7 0.025756083 
763 52 6 7 0.025731592 
417 343 16 13 0.025717726 
433 393 11 11 0.025620015 
98 199 28 36 0.025589498 
153 272 8 14 0.02554008 
341 182 12 12 0.025533155 
790 101 13 12 0.02543482 
241 182 30 43 0.025385866 
453 5 9 13 0.02536275 
463 63 21 26 0.02533153 
245 146 5 8 0.025305353 
258 144 11 15 0.025302194 
999 207 25 25 0.02529809 
816 92 11 10 0.025265347 
797 71 4 5 0.025210848 
789 58 5 5 0.025200289 
946 -5 23 24 0.025197634 
128 234 7 11 0.025187723 
370 155 9 13 0.02516761 
67 216 17 24 0.025137361 
158 260 9 13 0.025058478 
155 228 22 24 0.02497492 
573 16 28 26 0.024973312 
436 321 7 7 0.024958283 
324 166 20 23 0.024924973 
802 70 4 6 0.024922706 
473 93 9 14 0.02490758 
510 442 9 13 0.024878897 
134 258 19 23 0.02487031 
473 303 21 24 0.024855912 
267 196 23 27 0.024833575 
510 62 28 36 0.024826832 
205 173 12 14 0.024823843 
-27 -225 202 180 0.024817253 
815 168 10 12 0.024797352 
282 326 7 7 0.024792213 
324 120 9 13 0.024789536 
546 488 12 14 0.02474965 
209 292 14 14 0.024677161 
806 154 6 8 0.024657043 
539 116 14 19 0.024645146 
524 272 29 26 0.024634736 
428 278 30 29 0.024630127 
389 342 11 10 0.024625996 
232 312 24 25 0.024539724 
18 196 12 15 0.024497617 
547 479 9 12 0.024486784 
34 258 12 15 0.02448561 
512 16 21 25 0.024475385 
120 175 12 14 0.024447916 
403 333 10 8 0.024424214 
210 214 10 14 0.024360387 
496 294 12 14 0.024359372 
135 261 8 10 0.024323514 
0 434 33 51 0.024263004 
169 256 15 17 0.024244243 
379 320 6 7 0.024228277 
397 318 8 7 0.02418484 
197 279 10 11 0.024167776 
363 169 45 50 0.024161145 
245 140 6 8 0.02414281 
504 77 37 55 0.02412543 
993 211 9 8 0.02411138 
229 260 8 8 0.024081687 
313 108 8 8 0.02407501 
578 409 30 30 0.0240437 
228 176 20 28 0.024026781 
238 359 7 7 0.024021588 
421 42 9 10 0.02400488 
226 560 31 26 0.023999006 
242 254 9 11 0.023998134 
364 192 25 28 0.023997739 
812 99 25 27 0.02399727 
174 319 23 22 0.023991104 
424 371 16 13 0.023948807 
379 359 20 23 0.023915837 
544 44 18 25 0.023903312 
231 350 23 25 0.02380793 
527 308 15 18 0.023793994 
343 105 9 11 0.023736024 
382 283 13 11 0.023720339 
780 360 7 7 0.023693785 
165 161 25 28 0.023689535 
431 356 11 10 0.023688693 
349 283 20 25 0.023683125 
503 342 22 24 0.023677206 
297 139 11 16 0.023637896 
384 326 6 7 0.02357536 
974 344 67 49 0.02357367 
517 47 9 13 0.023570195 
436 235 30 25 0.023543412 
396 327 7 6 0.02353707 
571 298 25 31 0.023485685 
1002 84 12 13 0.023479234 
801 64 5 6 0.023470199 
138 230 13 18 0.023467967 
377 361 10 15 0.023457902 
369 185 13 14 0.02345625 
779 121 22 23 0.023453373 
337 171 9 9 0.023408368 
508 297 10 13 0.023370935 
16 234 8 13 0.023342935 
305 82 9 9 0.023325283 
889 -11 32 26 0.023317697 
391 314 7 6 0.023309868 
383 339 8 8 0.023302516 
532 513 30 34 0.023296937 
295 132 8 11 0.023284603 
133 227 8 12 0.023231644 
834 -5 112 89 0.023208877 
494 295 20 25 0.023189265 
334 252 22 24 0.023174495 
415 326 23 20 0.023169724 
436 325 6 7 0.02314782 
870 176 9 10 0.023138344 
779 345 7 7 0.023112692 
238 367 44 48 0.023098903 
212 267 8 9 0.023094868 
351 165 8 8 0.023074824 
42 240 11 11 0.02306451 
552 563 27 23 0.023042528 
783 273 28 27 0.023038901 
391 320 6 6 0.02303677 
358 311 9 9 0.023033094 
165 227 11 13 0.023000505 
85 226 11 13 0.022977619 
423 51 7 8 0.022967814 
473 361 9 10 0.02293504 
129 282 13 16 0.022920731 
441 77 35 52 0.022893481 
384 333 22 21 0.022857452 
134 236 8 12 0.022831403 
338 102 9 10 0.02282617 
407 344 9 8 0.022817845 
808 70 4 7 0.022813955 
578 1 22 19 0.022809874 
365 290 8 12 0.022806508 
489 298 11 11 0.022797382 
417 389 10 10 0.022795008 
180 325 10 9 0.022788284 
745 42 23 26 0.02278586 
145 290 11 14 0.022753399 
766 336 25 24 0.022724016 
620 531 10 11 0.02270118 
390 187 29 30 0.022694523 
796 59 5 6 0.02269424 
599 170 102 86 0.022616673 
71 203 7 11 0.022596972 
120 370 24 27 0.022587411 
538 401 20 29 0.022581821 
370 240 31 26 0.022566725 
175 225 10 16 0.022530481 
526 57 20 31 0.022521231 
528 349 13 14 0.02250766 
312 113 9 9 0.022503175 
785 354 25 23 0.022493748 
440 325 9 8 0.02248861 
243 166 7 8 0.022479901 
704 2 23 27 0.022479035 
1008 215 12 13 0.022464676 
680 94 12 18 0.022450823 
118 255 19 25 0.02244706 
123 203 66 91 0.022401828 
805 93 12 10 0.022367444 
445 316 12 12 0.02234946 
377 329 8 10 0.02234872 
520 256 13 16 0.022346022 
225 303 13 14 0.022326978 
370 162 8 11 0.022296757 
176 317 11 11 0.022294156 
377 338 6 8 0.022256345 
313 102 8 8 0.022253739 
268 108 7 9 0.02224637 
505 371 25 27 0.022239102 
766 105 20 23 0.022238977 
274 221 8 9 0.02223328 
542 39 11 16 0.022216145 
930 -6 22 26 0.02220612 
765 84 12 16 0.022190813 
2 456 50 58 0.022190105 
585 301 11 13 0.022181585 
788 73 19 24 0.022180257 
421 386 25 23 0.022158591 
474 440 8 10 0.022153627 
953 189 45 43 0.022152515 
548 58 10 14 0.022125544 
444 406 10 15 0.022117414 
328 215 11 12 0.022115728 
117 273 22 26 0.022112299 
999 103 29 32 0.02209431 
59 215 9 12 0.022084514 
853 -11 27 23 0.02203837 
807 64 5 6 0.022019507 
362 303 10 12 0.021995155 
811 104 47 42 0.021988241 
244 172 6 7 0.021983672 
221 214 11 16 0.02195278 
577 128 43 39 0.0219496 
988 172 48 54 0.021932025 
398 290 10 11 0.021921769 
371 60 24 28 0.02190605 
540 411 11 14 0.021900464 
514 357 22 25 0.021878246 
3 242 10 18 0.021874685 
497 310 23 25 0.02186314 
300 82 9 9 0.021862665 
785 108 47 48 0.021845946 
440 371 7 8 0.0218351 
788 51 5 7 0.021827195 
497 280 44 45 0.021804288 
829 162 11 13 0.021791957 
130 233 20 29 0.021785175 
790 114 105 93 0.02177532 
775 199 9 12 0.0217428 
547 417 10 14 0.021740885 
110 276 5 6 0.021726493 
598 550 14 14 0.021719221 
754 197 9 12 0.021701055 
575 209 24 29 0.02169502 
124 227 18 26 0.021690391 
331 172 40 42 0.021683192 
837 133 24 31 0.021676559 
366 172 6 7 0.021647418 
496 302 11 14 0.02164282 
168 226 20 27 0.021640517 
788 349 7 9 0.0216364 
331 113 16 22 0.021604989 
642 114 37 48 0.021597713 
220 312 23 26 0.02159745 
184 240 8 12 0.02158425 
283 163 35 46 0.021582503 
625 504 9 9 0.021575753 
511 48 23 29 0.021561598 
424 332 11 9 0.021559518 
37 234 10 10 0.021557504 
807 82 22 22 0.021526007 
317 120 11 13 0.021515142 
336 102 18 21 0.021504864 
229 339 10 13 0.021480964 
37 219 19 23 0.021449609 
301 158 7 9 0.021439651 
155 207 12 15 0.021398932 
971 221 12 10 0.021377426 
398 242 47 47 0.021377066 
50 313 9 9 0.021373833 
548 35 9 12 0.021372534 
164 336 9 11 0.021335877 
369 288 7 10 0.02131076 
116 270 5 6 0.021279845 
583 8 25 25 0.021278234 
112 194 10 15 0.021273497 
378 291 15 18 0.02127209 
456 66 16 18 0.021246772 
39 210 7 9 0.021246098 
321 208 24 26 0.021246092 
630 516 9 10 0.021234166 
800 76 5 7 0.02123158 
758 -6 22 26 0.021214232 
808 59 5 7 0.021212716 
374 153 11 15 0.021206662 
325 106 8 11 0.021204915 
825 93 10 11 0.021201061 
950 200 10 14 0.021173222 
404 117 6 8 0.021133522 
797 76 5 7 0.021133235 
691 107 21 27 0.021131141 
602 299 8 10 0.021125158 
876 160 7 8 0.021124637 
316 406 28 22 0.021121692 
286 320 8 8 0.02108563 
828 131 10 14 0.02108157 
768 52 7 8 0.02105913 
354 199 13 14 0.02103341 
774 217 23 26 0.02102322 
559 516 10 14 0.021006845 
609 0 25 23 0.020996708 
140 273 8 10 0.020976037 
967 140 5 7 0.020961005 
294 235 29 28 0.020955464 
238 157 19 26 0.020945687 
499 327 23 25 0.020922069 
176 252 22 27 0.020921785 
299 87 10 9 0.020919878 
206 212 20 25 0.020900602 
286 326 8 8 0.020885982 
300 102 8 8 0.020885913 
319 106 8 10 0.02085909 
194 271 12 13 0.020853706 
969 144 21 27 0.020852873 
433 484 22 20 0.02082312 
215 256 7 9 0.020812033 
19 189 11 11 0.020806367 
568 302 10 16 0.020762237 
791 144 11 12 0.020756712 
523 47 10 14 0.020752987 
486 308 13 14 0.020752793 
977 146 9 11 0.020740654 
304 170 21 28 0.020732233 
355 154 19 21 0.020729754 
535 47 20 31 0.020726977 
160 275 29 32 0.020714516 
780 127 10 12 0.020710096 
560 296 11 17 0.020687567 
451 18 19 30 0.020684252 
551 516 22 29 0.020665668 
507 432 22 27 0.020663338 
428 43 9 9 0.02065827 
378 288 9 10 0.020654278 
478 68 22 29 0.020653319 
387 362 10 12 0.020651542 
350 119 8 11 0.020631548 
183 233 9 13 0.020630037 
398 331 21 21 0.020627938 
158 254 9 12 0.0206066 
509 400 27 24 0.020597996 
104 290 9 14 0.020594854 
376 165 8 10 0.020594789 
81 207 32 43 0.020588862 
424 215 37 40 0.02056672 
556 535 24 30 0.020552022 
291 157 11 14 0.020526111 
403 56 21 28 0.020521164 
781 69 6 7 0.02051131 
484 28 78 97 0.020504773 
956 234 58 45 0.020475352 
458 243 28 25 0.020468926 
805 146 8 8 0.020443594 
98 274 6 7 0.02043784 
455 73 21 28 0.02043627 
356 249 9 10 0.02043405 
232 168 6 7 0.020421948 
518 376 24 27 0.020410778 
467 30 21 27 0.020407772 
312 176 10 15 0.020399781 
249 146 6 8 0.020398675 
474 65 12 16 0.0203916 
281 195 9 14 0.020367175 
575 285 10 13 0.020362442 
599 -14 24 20 0.020359192 
555 -6 23 18 0.02035842 
806 49 7 10 0.020355565 
75 280 8 10 0.02034342 
619 22 9 14 0.020311475 
939 216 8 9 0.02030833 
548 427 8 11 0.020295436 
561 511 8 11 0.02029099 
236 349 9 9 0.020286178 
780 193 7 8 0.020279318 
873 -22 25 23 0.020272214 
302 320 6 8 0.020269247 
1002 190 26 26 0.020227734 
535 42 11 16 0.020223979 
593 -1 28 22 0.020212237 
768 0 5 7 0.020209221 
124 263 6 7 0.020201353 
783 199 20 25 0.020193893 
131 275 10 11 0.020193126 
783 137 11 12 0.020188775 
268 113 7 9 0.020179799 
98 270 5 6 0.020177959 
762 62 19 24 0.020131618 
591 33 58 96 0.020130072 
336 211 26 31 0.02012303 
124 274 6 8 0.020119958 
450 268 14 16 0.020106303 
387 150 8 11 0.020101672 
563 369 41 50 0.020079687 
271 332 12 11 0.02006559 
323 151 10 12 0.020058041 
989 177 8 11 0.020056637 
586 9 13 12 0.020051591 
371 172 8 10 0.020045022 
984 109 8 8 0.020040805 
578 382 47 50 0.020031037 
946 208 8 11 0.020030463 
