25_Soldier_Patrol_Soldier_Patrol_25_173
988
281 120 111 107 0.98305064 
313 152 117 139 0.5631496 
515 139 13 11 0.21579133 
631 153 20 28 0.20193139 
59 219 116 95 0.19049825 
-20 -170 188 168 0.14118561 
512 150 15 16 0.13451636 
137 260 222 192 0.12223255 
360 225 67 60 0.11910765 
516 207 30 21 0.10592959 
580 190 19 28 0.10582874 
556 163 15 15 0.10281584 
550 234 23 41 0.098914884 
237 315 98 108 0.09418121 
639 259 458 395 0.09189218 
487 247 53 46 0.089506075 
602 196 24 27 0.08708284 
366 43 12 14 0.08695969 
510 215 25 22 0.08657663 
567 150 20 20 0.0834552 
472 147 11 17 0.07862756 
69 288 88 100 0.078557745 
561 158 11 11 0.077481255 
542 323 10 10 0.076224744 
580 150 10 12 0.07460583 
866 206 11 9 0.07221443 
618 162 38 48 0.07072285 
452 215 55 53 0.07012161 
434 144 21 29 0.0691376 
484 225 101 84 0.06779537 
256 383 6 9 0.06739414 
258 269 200 191 0.06454898 
429 184 15 15 0.06383318 
575 185 40 44 0.061825898 
670 187 11 13 0.06095469 
559 226 22 35 0.05967717 
486 207 23 25 0.05935505 
45 442 77 102 0.058931436 
455 141 22 29 0.057426598 
635 186 17 26 0.05729899 
404 176 96 93 0.056471813 
644 190 8 12 0.05640437 
595 156 9 12 0.056355763 
222 55 209 194 0.055770636 
502 242 27 33 0.055393353 
511 143 14 14 0.05483024 
529 260 32 33 0.053564675 
799 202 11 12 0.053342097 
467 143 10 14 0.052736282 
567 307 8 9 0.052630626 
517 280 27 27 0.0521407 
495 210 9 10 0.052016962 
501 217 55 44 0.051887665 
596 143 23 21 0.05106888 
481 265 87 88 0.050455038 
509 158 19 21 0.050049223 
662 187 12 13 0.049714506 
155 109 335 293 0.04909037 
452 138 11 15 0.048090335 
567 217 24 32 0.047812033 
268 355 30 33 0.04766223 
258 384 21 26 0.04749563 
79 340 26 41 0.047323313 
234 298 26 21 0.04697192 
515 436 95 89 0.04687159 
718 234 24 24 0.046777833 
602 292 30 29 0.046653435 
276 317 47 59 0.046640374 
4 630 171 236 0.0459574 
377 581 95 98 0.04577796 
439 145 10 13 0.045697786 
632 288 31 30 0.04562077 
605 190 42 46 0.04557955 
391 65 25 29 0.045477465 
528 211 31 26 0.0452202 
250 124 27 28 0.04506227 
811 203 11 13 0.04497663 
539 330 50 39 0.04496275 
432 191 40 45 0.044787824 
521 307 21 30 0.044715993 
297 315 25 28 0.04470923 
189 468 27 21 0.044476077 
596 478 7 12 0.04418896 
453 218 26 29 0.04403755 
301 323 80 103 0.044031493 
849 -187 276 165 0.043877944 
519 205 18 13 0.043467693 
402 133 77 81 0.043294653 
637 175 11 15 0.042933915 
436 147 7 9 0.042910744 
547 321 10 9 0.042652283 
555 181 87 83 0.042382363 
331 408 9 15 0.042288445 
840 206 5 5 0.041942123 
283 351 30 33 0.04173057 
141 310 101 118 0.041635815 
699 246 4 5 0.041539393 
679 198 36 46 0.041514326 
420 157 39 43 0.041497666 
667 216 22 29 0.0414694 
520 196 29 20 0.041460797 
700 250 4 5 0.04130912 
334 367 22 32 0.040815473 
460 240 51 58 0.040744625 
539 317 22 21 0.04054153 
231 128 95 83 0.03994784 
846 210 6 7 0.039900187 
475 215 24 30 0.03988272 
456 143 12 16 0.039797887 
-85 432 373 457 0.039724007 
559 209 13 11 0.03968866 
548 197 47 42 0.03961536 
853 206 11 8 0.03944236 
210 491 496 452 0.03916966 
431 115 9 12 0.03915785 
89 241 30 28 0.03914855 
520 154 12 17 0.03911883 
183 460 12 10 0.03910434 
179 333 21 30 0.039101675 
517 226 28 25 0.03872073 
700 199 20 28 0.038709566 
174 462 29 25 0.038536083 
672 183 20 19 0.038249448 
267 263 55 45 0.03824166 
158 448 52 49 0.03814752 
602 213 25 30 0.038033627 
818 205 8 9 0.037987337 
396 407 105 93 0.03787888 
268 128 8 8 0.037846673 
397 43 15 15 0.037821148 
457 234 23 22 0.037670884 
454 194 10 12 0.037637554 
219 136 57 54 0.037584342 
523 244 26 34 0.037563775 
462 207 26 31 0.037553634 
263 383 5 6 0.037325725 
270 396 23 25 0.03728601 
548 304 22 23 0.037224423 
500 272 36 29 0.03720662 
544 155 22 19 0.03708582 
494 314 20 36 0.037049323 
455 621 6 7 0.036811985 
467 239 22 24 0.036760937 
642 165 10 16 0.036756177 
434 179 24 23 0.036636196 
511 625 9 11 0.036404856 
172 370 8 12 0.036300037 
490 388 99 101 0.036170468 
513 238 17 16 0.035802986 
615 454 6 9 0.035636496 
550 163 11 10 0.035601147 
604 151 23 26 0.03554949 
342 335 45 55 0.03553583 
293 416 26 34 0.035502918 
544 272 28 29 0.035440248 
628 198 21 30 0.0354119 
461 638 8 9 0.03538992 
213 105 21 32 0.035339184 
470 242 10 12 0.03523201 
144 410 112 85 0.035210617 
-3 613 38 65 0.0351543 
269 382 6 8 0.035127934 
539 152 13 10 0.034738433 
649 155 10 17 0.034714263 
261 371 21 27 0.034693576 
589 299 7 10 0.03468963 
610 180 25 31 0.034662962 
439 170 10 11 0.03450657 
287 334 24 32 0.034492385 
118 211 27 20 0.03447107 
560 220 11 16 0.034405675 
405 549 122 93 0.034305222 
478 234 9 12 0.034267016 
532 305 25 25 0.03421154 
470 277 4 6 0.03417843 
423 154 23 26 0.03413606 
813 193 7 7 0.034000166 
455 268 21 33 0.03399105 
277 371 32 30 0.03392382 
464 151 19 28 0.033908024 
698 237 5 7 0.033889595 
557 314 6 7 0.033826094 
504 156 11 14 0.033728797 
84 320 29 27 0.0337267 
473 269 6 10 0.03361865 
813 196 8 9 0.0335828 
519 276 17 17 0.03354201 
299 344 22 30 0.0335246 
529 164 8 10 0.03352084 
28 615 4 6 0.03351382 
542 218 26 34 0.03351005 
751 215 24 24 0.033452027 
491 235 25 29 0.03341963 
476 266 50 51 0.03330555 
206 101 45 54 0.03325011 
439 162 23 25 0.033218693 
644 191 35 48 0.033180103 
484 221 12 15 0.03315808 
534 317 11 14 0.03305652 
683 222 24 32 0.03298502 
100 372 22 43 0.03296236 
482 148 13 15 0.03296218 
785 197 7 7 0.03291721 
532 300 55 46 0.032886967 
247 378 20 30 0.032751206 
641 192 19 27 0.032538682 
530 176 22 25 0.032400098 
581 538 52 69 0.032352667 
557 319 7 7 0.032345854 
551 302 7 7 0.03233101 
399 346 28 24 0.032272827 
447 172 9 9 0.03224439 
34 615 5 6 0.032186896 
-13 292 440 307 0.032184936 
555 209 24 24 0.032181446 
436 142 7 8 0.032167282 
531 209 17 12 0.032060254 
462 635 7 7 0.032053918 
532 203 17 10 0.032021526 
47 410 24 45 0.031997595 
968 166 27 19 0.031978495 
276 128 5 5 0.031960804 
591 150 19 21 0.03187087 
543 166 9 8 0.03171458 
415 184 178 160 0.031514294 
485 241 9 11 0.031426746 
205 318 41 58 0.031415354 
461 628 6 5 0.03137298 
229 363 55 60 0.0313494 
501 194 27 19 0.031229425 
428 145 8 9 0.031217653 
213 376 6 10 0.031124435 
698 254 7 9 0.031102585 
466 634 7 8 0.03107831 
544 302 8 8 0.031035654 
525 220 17 15 0.030963274 
590 295 6 7 0.030785676 
168 325 45 50 0.03076616 
87 438 97 102 0.030735571 
539 191 24 21 0.030704219 
796 203 8 9 0.030683914 
566 285 25 25 0.030660251 
563 302 7 7 0.030655008 
543 172 7 7 0.030591218 
625 184 13 18 0.030584127 
451 200 12 15 0.03056471 
574 306 10 10 0.030563973 
707 207 47 49 0.030548736 
848 229 12 14 0.030528555 
510 218 12 10 0.030487932 
617 449 4 6 0.03048711 
476 249 26 33 0.030428194 
443 211 22 29 0.030398175 
693 245 5 6 0.030391717 
530 320 23 31 0.030363536 
586 303 11 15 0.030358763 
706 571 116 111 0.030308515 
550 317 25 25 0.030291853 
478 267 10 13 0.03015237 
525 626 21 23 0.030100962 
470 570 24 25 0.030067647 
503 226 22 25 0.030018035 
144 211 28 23 0.029943457 
650 196 8 11 0.029928185 
797 200 19 23 0.029872233 
173 342 9 16 0.029823149 
387 188 43 43 0.029818755 
598 206 14 17 0.029808708 
551 312 8 9 0.02979021 
554 203 12 12 0.029722838 
204 192 7 10 0.029718857 
190 329 21 29 0.029694172 
587 157 9 12 0.029647524 
451 208 12 16 0.029599838 
113 326 10 9 0.029563274 
493 206 8 8 0.029522168 
204 643 23 24 0.029475464 
713 249 5 7 0.029471962 
331 434 29 32 0.029446015 
424 607 6 8 0.029419959 
536 323 13 16 0.029396193 
270 124 6 6 0.029394273 
160 280 24 28 0.029391637 
535 204 30 21 0.029348655 
125 320 21 28 0.029337816 
437 182 12 12 0.029337544 
698 203 104 82 0.029330082 
561 155 42 45 0.02931127 
473 631 9 9 0.029270066 
676 220 11 16 0.029180912 
569 625 9 9 0.029157365 
727 239 11 10 0.029146511 
40 586 49 51 0.029142724 
498 157 9 12 0.02912473 
336 30 24 23 0.029117558 
374 34 24 20 0.029108435 
454 627 6 7 0.029085647 
166 342 20 31 0.02906468 
329 391 19 31 0.02905159 
428 150 10 13 0.029036619 
645 177 8 10 0.029028468 
431 169 13 13 0.02901855 
470 551 25 28 0.028999617 
579 574 22 35 0.028917119 
490 217 12 16 0.028915502 
203 275 32 31 0.02891197 
409 181 38 39 0.028881904 
801 180 21 22 0.028878676 
731 200 28 19 0.028856738 
563 639 7 8 0.028788744 
457 196 25 28 0.02876208 
344 367 10 19 0.02869721 
575 625 7 10 0.028670412 
582 523 7 10 0.028660832 
704 230 6 8 0.028656852 
435 150 9 13 0.028654115 
539 228 14 15 0.02864155 
525 268 17 19 0.028609736 
54 -164 273 141 0.0285982 
557 190 15 18 0.02858208 
620 209 20 29 0.028567849 
276 125 4 5 0.02843357 
714 245 4 5 0.02841183 
540 174 6 5 0.028382428 
468 263 23 31 0.028372273 
473 639 8 9 0.02836577 
37 615 7 7 0.028292127 
709 220 8 11 0.028207237 
842 215 9 9 0.028205315 
263 390 7 9 0.028195674 
583 214 28 28 0.02817065 
408 135 7 8 0.028147627 
230 249 7 8 0.028144874 
551 196 24 23 0.02814182 
511 209 11 9 0.028133472 
500 390 28 30 0.028102802 
104 359 19 32 0.028000602 
436 223 23 24 0.027972313 
699 181 22 24 0.027943913 
249 120 7 6 0.027921086 
428 192 12 14 0.027897993 
335 127 341 315 0.027896928 
587 518 7 9 0.027884392 
230 256 7 7 0.027880806 
832 206 6 6 0.02787503 
847 195 26 18 0.027841704 
486 211 8 8 0.027831849 
352 145 27 33 0.027781717 
422 134 22 27 0.027777513 
715 209 7 10 0.02777488 
384 39 22 20 0.027716551 
454 173 7 8 0.027676057 
502 166 22 25 0.02767163 
409 80 7 10 0.0276604 
849 208 11 10 0.027626282 
178 359 20 30 0.027591923 
566 344 31 28 0.027528549 
563 632 8 9 0.027516482 
251 118 5 4 0.027459012 
831 213 9 11 0.027446153 
837 215 8 10 0.02741182 
189 330 103 113 0.027388746 
216 362 7 13 0.027353678 
563 312 8 9 0.027335066 
465 188 48 46 0.027323985 
705 250 4 6 0.027307846 
201 339 12 17 0.027307758 
694 256 5 7 0.027289322 
754 185 107 100 0.027285965 
924 665 13 11 0.027207889 
289 581 94 95 0.027201312 
600 483 7 12 0.027199801 
285 19 25 18 0.027182773 
569 319 7 7 0.027173 
416 220 46 48 0.027167594 
495 184 25 22 0.02714741 
579 519 5 7 0.027114814 
157 205 26 24 0.027087318 
423 602 6 8 0.027084757 
555 215 12 12 0.027076531 
535 232 27 34 0.027016327 
516 309 8 14 0.027014427 
140 338 8 11 0.026995307 
301 376 96 107 0.026978528 
283 398 7 6 0.026926268 
631 177 11 15 0.026874911 
443 132 21 25 0.026871163 
601 473 6 10 0.02686231 
346 461 26 29 0.026851742 
257 380 5 7 0.026846668 
555 626 21 22 0.026840359 
766 197 11 8 0.0268355 
356 332 26 29 0.026820093 
281 286 31 30 0.026818743 
185 376 7 12 0.026814515 
486 193 22 23 0.026811037 
581 516 6 9 0.0267966 
400 80 10 11 0.026765145 
686 243 6 7 0.026693977 
445 185 22 25 0.02667467 
697 220 7 11 0.026589407 
578 160 13 15 0.026585868 
606 206 13 15 0.02657819 
489 196 48 38 0.026568864 
661 194 21 26 0.026537737 
621 269 16 17 0.026534712 
693 205 7 10 0.02652991 
564 607 7 9 0.026522312 
759 197 11 8 0.026515657 
260 111 25 29 0.026510993 
495 149 19 25 0.026507283 
415 602 6 8 0.026495831 
569 613 7 9 0.0264407 
169 326 21 32 0.026423005 
208 355 16 31 0.02639972 
746 198 25 20 0.026398417 
541 293 11 11 0.026395578 
420 633 9 9 0.026357593 
469 270 5 8 0.026349975 
382 42 12 13 0.026346985 
416 607 6 8 0.026338791 
485 215 10 11 0.026331393 
567 219 12 17 0.02632249 
225 254 26 27 0.02631123 
527 291 12 13 0.026281377 
274 379 10 12 0.026265226 
419 196 11 13 0.026259044 
13 608 45 59 0.026258653 
568 606 7 11 0.026253296 
632 209 10 14 0.026247293 
259 132 14 13 0.026217062 
460 164 8 11 0.026190506 
448 385 458 452 0.026181052 
555 224 12 21 0.026141388 
799 213 9 12 0.026111301 
963 -136 102 120 0.02610925 
542 313 8 8 0.026072692 
494 260 8 12 0.026067283 
425 451 98 89 0.026060686 
411 601 5 8 0.026052045 
628 214 8 12 0.02602065 
285 393 24 21 0.026018277 
461 539 6 5 0.026017815 
496 288 44 49 0.026012095 
428 161 11 13 0.025991993 
176 335 11 16 0.025984269 
448 621 6 7 0.025982156 
753 197 11 8 0.025966503 
620 453 6 9 0.025957419 
588 304 198 247 0.025950383 
786 195 6 5 0.025938937 
554 306 8 9 0.025920032 
667 202 7 10 0.025913123 
583 511 5 9 0.025881909 
487 267 8 11 0.025869505 
673 250 4 6 0.025865907 
602 467 6 8 0.025858307 
580 305 9 11 0.025835235 
421 150 10 14 0.02580997 
576 632 7 8 0.025781559 
375 67 45 56 0.025777973 
538 164 21 22 0.025733061 
772 197 11 8 0.025728548 
602 490 7 12 0.025717547 
615 263 16 18 0.025657687 
564 601 7 9 0.0256263 
821 200 22 22 0.025623128 
731 242 13 10 0.025589874 
479 279 8 10 0.025582181 
590 157 48 52 0.025503354 
435 607 6 8 0.025489626 
452 163 10 13 0.025480993 
560 478 52 57 0.025455996 
464 250 23 30 0.025450382 
824 205 9 8 0.025450343 
845 207 6 5 0.02544296 
493 199 7 7 0.025416026 
558 171 14 15 0.025412194 
456 545 6 7 0.02540913 
664 193 78 92 0.0254058 
493 265 9 15 0.025401501 
586 509 7 11 0.025400288 
581 287 22 26 0.025391422 
706 238 5 5 0.025361143 
477 243 8 9 0.025358025 
567 612 19 25 0.025345845 
473 620 7 6 0.025325242 
264 377 6 7 0.02529524 
531 173 6 7 0.025261298 
578 512 5 7 0.025255734 
176 437 22 23 0.0252244 
668 244 4 6 0.025202919 
736 235 29 18 0.02519874 
468 279 5 8 0.02519261 
444 149 40 46 0.025129287 
873 205 10 7 0.02511302 
568 625 22 26 0.025109606 
590 470 16 28 0.025075702 
702 212 11 15 0.025072504 
15 607 6 10 0.025018035 
473 298 16 26 0.024991369 
564 627 7 8 0.024958966 
241 381 9 14 0.024957122 
278 375 13 16 0.024949534 
550 557 45 72 0.024905987 
398 199 26 18 0.024903346 
435 614 6 7 0.024901576 
355 387 22 33 0.024866436 
728 225 27 21 0.02484964 
652 189 8 11 0.024837518 
452 182 9 10 0.024836423 
491 242 10 11 0.024830516 
563 318 7 7 0.024806723 
694 250 5 6 0.024797479 
574 342 43 52 0.024796704 
504 221 13 14 0.024785941 
565 317 24 25 0.024762722 
150 293 25 31 0.024752963 
592 341 20 34 0.024738241 
298 385 22 22 0.02470402 
584 487 81 108 0.024699988 
172 354 9 14 0.024600957 
206 128 6 10 0.024598029 
427 178 12 12 0.02459772 
525 239 15 16 0.024580393 
226 373 5 8 0.024551947 
569 620 8 9 0.02454993 
422 611 8 10 0.024501042 
521 170 9 11 0.024492903 
472 182 95 67 0.024466215 
503 216 10 10 0.024462136 
335 451 29 29 0.024401218 
243 140 28 29 0.024371244 
340 307 29 34 0.024370223 
561 305 20 21 0.024364192 
47 -190 507 256 0.024348931 
576 175 22 28 0.02434643 
477 225 12 15 0.024344472 
554 183 14 16 0.024298223 
955 175 30 22 0.02429575 
578 144 20 20 0.024275267 
409 158 24 27 0.024273658 
427 206 25 30 0.024251407 
539 165 7 8 0.024239222 
236 53 61 37 0.024233667 
716 216 7 9 0.024225257 
618 457 8 13 0.024206074 
399 613 5 9 0.024185073 
624 153 12 17 0.02417932 
301 37 17 11 0.024173383 
348 -189 511 261 0.024167996 
171 388 23 36 0.024160579 
19 615 5 7 0.024152363 
453 634 6 7 0.024150003 
693 236 5 8 0.024136625 
577 563 6 9 0.024124198 
576 617 19 25 0.024120431 
600 507 28 30 0.024098827 
155 300 7 9 0.02406837 
177 356 7 11 0.024045635 
465 477 12 11 0.024024265 
181 315 12 12 0.024013737 
576 320 7 7 0.024013724 
-35 444 201 237 0.023997247 
856 352 24 24 0.023997225 
431 121 11 15 0.023994913 
174 313 24 27 0.02398922 
485 253 9 13 0.023981722 
535 111 12 13 0.023953434 
556 152 9 8 0.023940425 
373 128 5 6 0.02392977 
454 177 7 9 0.023928693 
716 205 6 8 0.023910401 
529 300 10 12 0.023904324 
280 32 29 16 0.023893856 
528 156 10 13 0.023891391 
477 627 9 9 0.023875058 
711 231 5 7 0.023869194 
803 199 10 11 0.02386328 
119 197 23 22 0.023863154 
838 212 6 7 0.023855196 
484 303 25 37 0.02383964 
459 210 9 12 0.023836777 
112 344 19 33 0.023835784 
781 194 8 6 0.023825103 
119 293 31 36 0.023818081 
596 398 72 113 0.023796383 
547 221 13 14 0.02374229 
361 549 48 59 0.023740266 
538 178 7 7 0.023682991 
741 192 23 17 0.023669634 
557 640 6 7 0.023635097 
-2 573 45 71 0.023633467 
216 120 10 16 0.023626426 
435 569 6 8 0.023622181 
487 279 8 12 0.023616454 
411 606 5 9 0.023583248 
546 327 13 14 0.023574475 
534 310 10 12 0.023565916 
471 258 10 13 0.023561087 
191 347 10 15 0.023554448 
477 251 10 14 0.023549818 
416 613 6 8 0.023542896 
504 204 11 9 0.023542399 
548 159 11 9 0.023537626 
477 258 12 15 0.023526829 
862 255 23 25 0.023514878 
575 503 18 27 0.023491604 
392 601 4 8 0.02347857 
298 364 24 30 0.023456587 
443 621 5 7 0.023448693 
305 34 28 21 0.023434745 
397 314 22 25 0.023419924 
134 345 8 12 0.023418484 
536 354 24 31 0.023409741 
844 186 21 20 0.023398552 
830 193 22 22 0.023392336 
615 153 23 29 0.023380395 
863 203 22 16 0.023363594 
144 330 11 13 0.023347476 
589 298 20 30 0.023345562 
471 278 7 10 0.023334427 
706 246 4 4 0.023329617 
434 130 9 12 0.023320958 
287 377 10 11 0.023318663 
832 333 126 118 0.02331236 
532 196 16 11 0.02330687 
427 560 24 28 0.023303816 
453 612 7 10 0.023282094 
616 202 11 14 0.023255493 
410 613 6 8 0.023185069 
102 230 34 19 0.023177484 
805 214 10 12 0.023163065 
549 294 10 9 0.023161668 
79 237 24 24 0.023146963 
697 229 6 8 0.023144444 
588 490 22 31 0.023129849 
34 609 5 7 0.023101196 
389 52 24 27 0.023062605 
589 440 7 9 0.023051023 
447 179 7 7 0.023034733 
450 628 5 6 0.023034293 
-7 5 347 393 0.023025472 
405 72 11 13 0.022999197 
514 166 20 24 0.022996195 
315 348 45 54 0.022982916 
648 184 18 22 0.022971192 
814 187 5 5 0.022967733 
207 248 31 29 0.022964833 
203 360 46 59 0.022957671 
348 319 15 17 0.022951337 
668 248 6 8 0.022941895 
678 237 22 29 0.022933831 
416 174 26 23 0.022912342 
181 377 51 65 0.022910165 
352 367 24 32 0.022906272 
503 210 10 9 0.02290325 
408 564 247 219 0.02289137 
660 203 6 9 0.02286178 
489 148 11 10 0.022858366 
427 612 7 9 0.022850377 
233 360 4 7 0.022847435 
691 240 21 27 0.022846302 
486 260 9 12 0.02284096 
173 362 8 12 0.0228391 
234 482 122 115 0.022827823 
786 204 8 9 0.022809764 
585 631 23 29 0.022795519 
447 574 8 10 0.02278501 
184 335 11 16 0.022784729 
146 337 8 12 0.022780167 
595 348 9 16 0.022777649 
520 198 15 10 0.022774784 
415 633 8 8 0.022754284 
625 169 12 16 0.022751814 
581 631 8 10 0.022739949 
545 203 13 11 0.022735763 
242 269 7 6 0.022732828 
404 165 5 9 0.022730492 
330 472 51 57 0.022705821 
355 428 13 18 0.022705294 
456 540 5 5 0.022697456 
601 554 9 11 0.022696758 
531 226 16 15 0.022675756 
580 324 9 11 0.02266873 
656 174 36 39 0.022661041 
136 321 22 28 0.022660777 
96 241 18 13 0.022646977 
591 176 23 26 0.022640573 
192 317 9 12 0.022639643 
25 609 24 26 0.022614755 
534 278 12 13 0.022614196 
189 328 12 17 0.022579685 
160 294 7 10 0.022572951 
320 313 21 31 0.022537261 
618 175 75 95 0.022532545 
590 198 13 19 0.022524944 
85 277 33 32 0.022483243 
599 178 10 12 0.022475751 
799 193 48 45 0.022463407 
450 490 13 12 0.02244983 
196 384 19 34 0.022419065 
467 537 9 8 0.022415528 
236 256 7 7 0.022407742 
458 154 10 15 0.022389056 
982 169 59 48 0.022388251 
459 172 7 9 0.022367071 
651 202 8 11 0.022363013 
178 375 7 12 0.022354838 
759 193 25 17 0.022328699 
237 250 6 7 0.022322506 
113 326 24 31 0.022321893 
372 42 14 14 0.022315808 
866 220 13 13 0.02229986 
535 94 451 359 0.02228258 
470 224 12 17 0.022282422 
627 465 8 12 0.022278788 
522 354 24 32 0.022262676 
513 423 47 53 0.022248365 
535 302 9 10 0.022228247 
282 315 28 33 0.022192182 
222 369 19 31 0.022189224 
735 231 9 7 0.022182455 
546 210 13 10 0.02217378 
636 210 19 29 0.022170661 
381 105 25 28 0.02216781 
514 316 91 72 0.022160785 
449 633 6 7 0.022157403 
455 576 7 9 0.022157285 
358 28 20 21 0.022135505 
153 338 7 10 0.022119677 
792 209 11 13 0.022111244 
553 284 25 27 0.022107698 
480 620 8 7 0.022088489 
473 543 8 7 0.02207951 
713 239 4 5 0.02206545 
819 187 5 5 0.022060351 
55 383 38 52 0.022045944 
736 225 9 7 0.022043364 
651 174 22 24 0.022041854 
830 232 12 16 0.022039756 
839 201 22 19 0.022035308 
542 154 37 37 0.022033257 
220 268 28 27 0.02202218 
442 614 6 8 0.022019679 
506 169 9 11 0.02201518 
596 466 6 9 0.02200566 
422 317 26 32 0.02199927 
203 370 20 33 0.02197923 
760 193 9 7 0.021971656 
178 369 8 12 0.021947773 
367 400 22 27 0.021930913 
23 118 200 199 0.021880347 
479 544 8 6 0.021871887 
598 132 21 22 0.02185952 
468 162 8 13 0.021856345 
477 645 8 9 0.021850716 
349 360 9 16 0.021844564 
697 206 6 9 0.021843977 
546 215 13 12 0.021841638 
244 128 7 7 0.021838663 
377 55 24 28 0.021838633 
7 -31 89 148 0.021818118 
245 121 6 6 0.021798762 
568 136 20 20 0.02179355 
951 579 106 110 0.021788409 
402 331 24 24 0.021788001 
472 551 8 7 0.021775177 
567 194 11 14 0.021761052 
496 196 11 9 0.021746265 
202 129 3 5 0.021735257 
312 304 46 49 0.021733593 
26 609 5 6 0.021723056 
603 169 23 26 0.021702847 
458 200 9 12 0.021702042 
688 185 11 10 0.021691129 
717 223 6 9 0.02168478 
588 289 8 8 0.021681644 
578 168 13 15 0.021654945 
472 212 9 9 0.021652473 
686 250 5 7 0.021650555 
125 202 12 12 0.021648569 
265 308 26 27 0.02164182 
403 607 6 8 0.021633612 
366 46 22 26 0.021619761 
334 155 29 37 0.02159568 
426 41 14 12 0.02156583 
575 193 11 17 0.021556877 
564 621 7 6 0.021556837 
729 225 9 7 0.021508323 
624 235 10 11 0.021483658 
186 192 86 95 0.02147314 
175 274 5 7 0.02147179 
547 244 14 20 0.021471698 
285 356 14 18 0.021470672 
762 219 7 5 0.021462122 
752 580 466 350 0.021457698 
122 561 126 87 0.021453833 
169 477 28 27 0.021451019 
473 205 7 7 0.02144938 
226 384 22 33 0.021438988 
421 627 9 9 0.021435525 
259 344 26 31 0.021433732 
619 213 10 14 0.021433026 
447 582 8 9 0.021394117 
612 460 11 15 0.021371955 
569 302 8 7 0.021359617 
87 266 76 62 0.021358937 
114 338 8 10 0.021357404 
461 622 6 7 0.021343024 
581 625 8 11 0.021334471 
435 621 6 8 0.021321287 
493 193 6 6 0.02131601 
276 397 7 8 0.021315485 
343 383 22 36 0.021313166 
414 222 24 30 0.021309456 
99 315 32 29 0.02130874 
677 163 21 23 0.021292558 
597 272 29 30 0.021289427 
185 336 44 58 0.021286795 
334 403 21 29 0.02128088 
398 420 48 50 0.021254037 
536 343 10 15 0.021242723 
772 196 46 44 0.021234846 
591 579 26 29 0.021224389 
256 25 25 21 0.021221245 
253 152 12 12 0.021215778 
252 278 103 86 0.021182587 
150 316 29 29 0.021180894 
191 306 7 8 0.021179661 
37 378 74 107 0.021172091 
684 208 8 13 0.021168977 
576 325 8 9 0.02116562 
357 330 12 12 0.021164127 
419 29 23 23 0.021148197 
37 620 10 11 0.021141598 
854 228 11 11 0.021107215 
576 620 7 9 0.021097954 
593 626 11 13 0.02109758 
628 459 6 11 0.021090213 
619 463 10 15 0.021079516 
252 111 4 4 0.021071965 
623 312 32 31 0.02102341 
643 205 10 16 0.021022737 
489 533 14 11 0.021014238 
662 244 19 30 0.021013867 
754 179 23 20 0.0209937 
590 434 6 9 0.020974955 
458 490 12 11 0.02097106 
565 614 6 8 0.020962553 
171 594 9 9 0.020952156 
163 460 5 7 0.020939296 
615 275 16 17 0.02093342 
552 324 11 11 0.02092973 
577 587 7 10 0.02092163 
794 200 7 6 0.020912414 
478 212 8 8 0.02090802 
471 249 10 15 0.020902146 
119 326 11 10 0.020897543 
454 639 7 8 0.020891495 
511 631 9 11 0.020885099 
414 164 10 12 0.020858325 
593 458 8 12 0.020854168 
964 152 10 9 0.020853344 
600 366 9 14 0.020838715 
14 612 6 10 0.020830944 
420 537 62 53 0.020818453 
792 189 24 22 0.02080455 
399 601 4 7 0.02077954 
554 613 8 8 0.020770691 
466 647 7 6 0.020767411 
574 529 7 10 0.02076694 
497 316 10 17 0.020765426 
201 189 23 29 0.020755451 
481 287 26 32 0.0207465 
503 233 12 14 0.02072121 
404 171 6 8 0.020696877 
541 190 12 12 0.020680666 
691 268 6 8 0.020671519 
258 122 5 5 0.020670798 
325 636 53 46 0.020669615 
444 555 24 31 0.020668149 
707 236 19 25 0.020659609 
692 263 5 7 0.020649552 
898 193 26 21 0.02064193 
502 326 19 33 0.020625763 
413 145 10 13 0.020618388 
717 243 7 9 0.020613533 
857 186 20 19 0.020607792 
548 111 11 13 0.020606134 
599 561 10 11 0.020604841 
856 185 9 8 0.020586172 
398 608 5 7 0.020584706 
107 203 23 22 0.020577388 
428 621 8 8 0.020573897 
734 237 11 8 0.020571059 
725 218 7 6 0.020570712 
964 145 11 10 0.020555971 
182 320 12 15 0.02054469 
356 464 11 12 0.020543879 
97 332 24 32 0.02053426 
274 114 24 25 0.020523595 
219 376 5 9 0.020520914 
442 633 6 9 0.020517888 
-6 -186 61 152 0.020515205 
569 235 26 29 0.020508153 
468 628 7 6 0.020499567 
284 432 24 28 0.020475049 
551 143 22 19 0.020466788 
235 568 105 94 0.020455189 
269 376 7 10 0.020453727 
390 607 5 9 0.020442788 
132 333 19 30 0.020430574 
309 353 21 29 0.020401906 
516 112 11 13 0.020375773 
591 478 6 10 0.020374473 
373 125 5 4 0.020364957 
114 331 8 9 0.020364843 
575 301 8 7 0.020363772 
583 601 22 26 0.020361908 
475 215 12 12 0.020354478 
412 501 46 41 0.020348992 
177 347 9 14 0.02034796 
91 226 24 20 0.020347225 
583 529 7 11 0.020342607 
726 191 25 18 0.020341584 
577 523 6 10 0.020336675 
485 247 9 11 0.020334726 
546 255 16 21 0.020299 
205 134 8 15 0.020284586 
420 639 9 8 0.020282438 
552 582 22 29 0.020276891 
575 183 9 13 0.020276519 
568 600 8 11 0.020265354 
680 250 4 6 0.020262793 
624 202 9 13 0.02025944 
545 197 13 11 0.020258471 
536 155 11 12 0.020257762 
441 461 9 8 0.02025531 
557 633 7 8 0.020254893 
167 363 18 25 0.02024881 
817 192 7 8 0.020247245 
597 277 15 15 0.020241998 
151 353 18 31 0.020238932 
466 202 9 10 0.02023723 
46 614 6 8 0.02023473 
603 345 24 37 0.020234669 
668 237 6 9 0.020233802 
612 163 11 14 0.020226724 
504 140 32 32 0.02022276 
665 195 9 11 0.02022244 
325 376 23 28 0.020211922 
428 639 9 8 0.020211061 
626 210 7 10 0.020209556 
146 472 27 43 0.020205902 
587 508 25 30 0.020196559 
28 621 5 6 0.020192875 
698 261 7 11 0.020191427 
179 491 29 22 0.020181825 
710 253 7 9 0.02017197 
201 378 5 9 0.020163277 
155 346 5 8 0.020160722 
555 294 9 9 0.020150304 
113 202 11 12 0.02014615 
256 117 4 4 0.020144256 
368 25 21 20 0.020138737 
104 288 15 15 0.020138068 
385 601 5 8 0.02013693 
537 626 9 10 0.02012283 
608 269 17 17 0.02011432 
260 393 87 95 0.020097366 
497 234 10 12 0.02009268 
235 239 23 32 0.020089874 
230 347 7 12 0.020084921 
574 208 11 13 0.020083942 
342 406 10 17 0.020072624 
80 249 29 35 0.020069668 
403 60 21 27 0.020067587 
428 626 9 9 0.020065585 
472 421 24 25 0.020062538 
246 251 26 29 0.020050308 
212 84 6 9 0.020028055 
602 460 6 9 0.02001654 
563 597 20 27 0.020014334 
466 210 10 11 0.020006489 
767 193 8 6 0.020004287 
235 263 8 7 0.020002633 
543 176 8 9 0.020001702 
